시군구,번지,본번,부번,단지명,전용면적(㎡),계약년월,계약일,거래금액(만원),층,건축년도,도로명,해제사유발생일,거래유형,중개사소재지
강원도 강릉시 견소동,202,202,0,송정한신,84.945,202110,6,"28,000",14,1997,경강로2539번길 8,,-,-
강원도 강릉시 견소동,202,202,0,송정한신,43.38,202110,7,"12,800",9,1997,경강로2539번길 8,,-,-
강원도 강릉시 견소동,202,202,0,송정한신,84.945,202110,12,"25,100",12,1997,경강로2539번길 8,,-,-
강원도 강릉시 견소동,202,202,0,송정한신,84.945,202110,14,"25,500",10,1997,경강로2539번길 8,,-,-
강원도 강릉시 견소동,202,202,0,송정한신,43.38,202110,26,"13,970",2,1997,경강로2539번길 8,,-,-
강원도 강릉시 견소동,289,289,0,송정해변신도브래뉴아파트,59.99,202110,7,"24,800",15,2005,경강로2539번길 22,,-,-
강원도 강릉시 견소동,289,289,0,송정해변신도브래뉴아파트,59.99,202110,20,"23,600",11,2005,경강로2539번길 22,,-,-
강원도 강릉시 견소동,289,289,0,송정해변신도브래뉴아파트,84.99,202110,22,"34,400",11,2005,경강로2539번길 22,,-,-
강원도 강릉시 견소동,289,289,0,송정해변신도브래뉴아파트,59.99,202110,25,"22,500",2,2005,경강로2539번길 23,,-,-
강원도 강릉시 교동,1984,1984,0,강릉교동풍림아이원아파트,84.9964,202110,30,"40,900",13,2017,화부산로40번길 29,,-,-
강원도 강릉시 교동,1750,1750,0,교동1주공,84.84,202110,8,"27,500",1,1999,가작로 78,,-,-
강원도 강릉시 교동,1750,1750,0,교동1주공,49.85,202110,12,"18,150",2,1999,가작로 78,,-,-
강원도 강릉시 교동,1767,1767,0,교동2현대,84.97,202110,14,"35,800",7,1999,교동광장로 138-15,,-,-
강원도 강릉시 교동,1767,1767,0,교동2현대,99.98,202110,19,"41,000",2,1999,교동광장로 138-15,,-,-
강원도 강릉시 교동,1767,1767,0,교동2현대,84.97,202110,29,"34,200",1,1999,교동광장로 138-15,,-,-
강원도 강릉시 교동,1766,1766,0,교동3주공,59.84,202110,2,"26,500",15,2002,교동광장로 138-12,,-,-
강원도 강릉시 교동,1766,1766,0,교동3주공,59.74,202110,7,"27,400",7,2002,교동광장로 138-12,20211014,-,-
강원도 강릉시 교동,1766,1766,0,교동3주공,59.74,202110,7,"27,400",7,2002,교동광장로 138-12,,-,-
강원도 강릉시 교동,1766,1766,0,교동3주공,59.74,202110,8,"25,500",4,2002,교동광장로 138-12,,-,-
강원도 강릉시 교동,1766,1766,0,교동3주공,59.84,202110,11,"23,200",1,2002,교동광장로 138-12,,-,-
강원도 강릉시 교동,1766,1766,0,교동3주공,59.74,202110,18,"25,000",6,2002,교동광장로 138-12,,-,-
강원도 강릉시 교동,1766,1766,0,교동3주공,59.74,202110,21,"26,000",13,2002,교동광장로 138-12,,-,-
강원도 강릉시 교동,1766,1766,0,교동3주공,59.86,202110,28,"29,000",13,2002,교동광장로 138-12,,-,-
강원도 강릉시 교동,18-16,18,16,교동대림,59.84,202110,30,"16,000",1,1997,수리골길17번길 21,,-,-
강원도 강릉시 교동,Nov-37,37,11,교동임대,51.66,202110,27,"9,800",5,1987,명륜로 109-4,,-,-
강원도 강릉시 교동,332-2,332,2,대인맨션,84.72,202110,1,"16,500",1,1991,화부산로141번길 45,,-,-
강원도 강릉시 교동,1773,1773,0,부영1,49.92,202110,1,"16,800",12,1999,정원로 53-4,,-,-
강원도 강릉시 교동,1773,1773,0,부영1,59.58,202110,18,"19,000",10,1999,정원로 53-4,,-,-
강원도 강릉시 교동,1773,1773,0,부영1,49.92,202110,21,"16,700",14,1999,정원로 53-4,,-,-
강원도 강릉시 교동,1780,1780,0,부영3차,84.93,202110,12,"28,000",1,2001,하슬라로 124,,-,-
강원도 강릉시 교동,1759,1759,0,현대하이빌,122.74,202110,14,"48,000",6,1999,원대로128번길 14,,-,-
강원도 강릉시 교동,1759,1759,0,현대하이빌,122.74,202110,20,"49,500",8,1999,원대로128번길 14,,-,-
강원도 강릉시 남문동,183-2,183,2,삼익그린맨션,84.08,202110,6,"17,000",11,1992,홍제로 7-17,,-,-
강원도 강릉시 내곡동,616,616,0,강부2,41.18,202110,7,"6,200",3,1988,관대길 63,,-,-
강원도 강릉시 내곡동,616,616,0,강부2,41.18,202110,14,"5,000",5,1988,관대길 63,,-,-
강원도 강릉시 내곡동,616,616,0,강부2,24.795,202110,19,"4,000",3,1988,관대길 63,,-,-
강원도 강릉시 내곡동,Jan-75,75,1,관동2,49.94,202110,31,"7,500",5,1992,남산초교길12번길 11,,-,-
강원도 강릉시 내곡동,127,127,0,남산삼익,58.74,202110,12,"10,900",1,1993,남부로125번길 37,,-,-
강원도 강릉시 내곡동,127,127,0,남산삼익,58.74,202110,17,"10,000",8,1993,남부로125번길 37,,-,-
강원도 강릉시 내곡동,127,127,0,남산삼익,84.48,202110,18,"17,300",1,1993,남부로125번길 37,,-,-
강원도 강릉시 내곡동,127,127,0,남산삼익,58.74,202110,24,"10,600",2,1993,남부로125번길 37,,-,-
강원도 강릉시 내곡동,469,469,0,내곡동현대,84.99,202110,24,"24,700",4,1998,범일로 645,,-,-
강원도 강릉시 내곡동,469,469,0,내곡동현대,84.99,202110,28,"24,800",6,1998,범일로 645,,-,-
강원도 강릉시 내곡동,Apr-75,75,4,내곡시영,46.68,202110,1,"7,000",3,1990,남산초교길 22,,-,-
강원도 강릉시 내곡동,623,623,0,내곡주공,39.69,202110,8,"9,400",5,1989,관대길16번길 6,,-,-
강원도 강릉시 내곡동,623,623,0,내곡주공,39.3,202110,15,"8,800",1,1989,관대길16번길 6,,-,-
강원도 강릉시 내곡동,476,476,0,내곡한라,59.97,202110,16,"15,770",2,1997,강변로 114,,-,-
강원도 강릉시 내곡동,476,476,0,내곡한라,84.95,202110,27,"26,000",14,1997,강변로 114,,-,-
강원도 강릉시 노암동,618-1,618,1,고합,32.04,202110,26,"5,850",9,1996,남부로125번길 23,,-,-
강원도 강릉시 노암동,618-1,618,1,고합,32.04,202110,28,"5,000",5,1996,남부로125번길 23,,-,-
강원도 강릉시 노암동,835,835,0,노암2주공,49.22,202110,1,"10,000",3,1984,노가니남길 25,,-,-
강원도 강릉시 노암동,605,605,0,노암3한라,74.64,202110,4,"19,000",11,2000,남부로125번길 7,,-,-
강원도 강릉시 노암동,605,605,0,노암3한라,74.64,202110,5,"15,500",5,2000,남부로125번길 7,,-,-
강원도 강릉시 노암동,605,605,0,노암3한라,59.994,202110,29,"15,000",10,2000,남부로125번길 7,,-,-
강원도 강릉시 노암동,610,610,0,노암남산현대,84.99,202110,10,"15,855",9,1998,남부로125번길 11,,-,-
강원도 강릉시 노암동,390,390,0,노암한라,59.976,202110,16,"11,500",3,1994,노암길42번길 28,,-,-
강원도 강릉시 노암동,397,397,0,서일,31.08,202110,20,"4,500",3,1988,노암길42번길 20,,-,-
강원도 강릉시 노암동,711,711,0,신화,84.954,202110,19,"21,000",3,1998,강변로 270,,-,-
강원도 강릉시 노암동,844,844,0,양우내안애,59.6927,202110,15,"22,800",9,2009,강변로 328-8,,-,-
강원도 강릉시 노암동,679-1,679,1,영진3,59.67,202110,3,"8,000",1,1996,임영로26번길 10,,-,-
강원도 강릉시 노암동,366,366,0,영진노암2차,49.525,202110,18,"6,900",3,1994,남부로163번길 20,,-,-
강원도 강릉시 노암동,385,385,0,한라2,59.989,202110,20,"12,300",1,1995,남부로191번길 21,,-,-
강원도 강릉시 노암동,282-1,282,1,한일,62.28,202110,19,"4,250",3,1978,연화봉길33번길 6-15,,-,-
강원도 강릉시 노암동,245-5,245,5,현대,84.945,202110,4,"16,300",2,1992,율곡로 2733,,-,-
강원도 강릉시 송정동,1065,1065,0,강릉송정신원아침도시,75.9722,202110,28,"47,000",12,2020,경강로 2498,,-,-
강원도 강릉시 송정동,1063,1063,0,강릉송정한신더휴,84.9955,202110,6,"46,700",13,2019,경강로 2448,,-,-
강원도 강릉시 송정동,1063,1063,0,강릉송정한신더휴,84.961,202110,27,"52,000",19,2019,경강로 2448,,-,-
강원도 강릉시 송정동,1061,1061,0,경포대신도브래뉴로얄카운티,124.837,202110,13,"45,000",2,2007,해안로 93-8,,-,-
강원도 강릉시 송정동,940-3,940,3,고려2,84.97,202110,26,"20,500",9,1991,남강초교2길 43,,-,-
강원도 강릉시 송정동,Oct-39,39,10,삼익비치맨션,84.544,202110,1,"24,700",7,1992,해안로 107,,-,-
강원도 강릉시 송정동,1064,1064,0,송정아이파크,84.93,202110,2,"53,500",2,2019,경강로 2511,,-,-
강원도 강릉시 송정동,1064,1064,0,송정아이파크,117.69,202110,5,"76,500",15,2019,경강로 2511,,-,-
강원도 강릉시 송정동,08월 14일,14,8,해변소라,49.68,202110,1,"6,300",2,1988,팔송길18번길 17,,-,-
강원도 강릉시 연곡면 영진리,305-2,305,2,삼우그린,30.24,202110,5,"4,500",3,1999,연주로 132,,-,-
강원도 강릉시 연곡면 영진리,305-2,305,2,삼우그린,30.24,202110,8,"5,000",3,1999,연주로 132,,-,-
강원도 강릉시 연곡면 영진리,305-2,305,2,삼우그린,30.24,202110,11,"5,900",14,1999,연주로 132,,-,-
강원도 강릉시 연곡면 영진리,305-2,305,2,삼우그린,43.2,202110,26,"7,300",13,1999,연주로 132,,-,-
강원도 강릉시 연곡면 영진리,305-2,305,2,삼우그린,30.24,202110,26,"5,700",3,1999,연주로 132,,-,-
강원도 강릉시 연곡면 영진리,11,11,0,영진부영1,59.987,202110,23,"15,700",3,2005,영진3길 38,,-,-
강원도 강릉시 연곡면 영진리,12,12,0,영진부영2,59.987,202110,5,"25,000",15,2005,영진3길 43,,-,-
강원도 강릉시 연곡면 영진리,12,12,0,영진부영2,59.987,202110,13,"15,300",8,2005,영진3길 43,,-,-
강원도 강릉시 연곡면 영진리,12,12,0,영진부영2,59.987,202110,27,"17,600",4,2005,영진3길 43,,-,-
강원도 강릉시 연곡면 영진리,380,380,0,영진부영3,84.9157,202110,13,"19,500",1,2008,영진3길 15,,-,-
강원도 강릉시 연곡면 영진리,381,381,0,영진코아루비치테라스,36.3455,202110,3,"16,900",4,2019,홍질목길 12,,-,-
강원도 강릉시 연곡면 영진리,381,381,0,영진코아루비치테라스,43.5566,202110,8,"19,800",8,2019,홍질목길 12,,-,-
강원도 강릉시 연곡면 영진리,381,381,0,영진코아루비치테라스,29.9674,202110,14,"15,000",15,2019,홍질목길 12,,-,-
강원도 강릉시 연곡면 영진리,381,381,0,영진코아루비치테라스,29.9674,202110,15,"14,500",14,2019,홍질목길 12,,-,-
강원도 강릉시 유천동,778,778,0,엘에이치선수촌8단지,74.88,202110,1,"47,000",24,2018,선수촌로 113,,-,-
강원도 강릉시 유천동,778,778,0,엘에이치선수촌8단지,84.77,202110,1,"51,000",12,2018,선수촌로 113,,-,-
강원도 강릉시 유천동,778,778,0,엘에이치선수촌8단지,74.88,202110,6,"45,600",7,2018,선수촌로 113,,-,-
강원도 강릉시 유천동,778,778,0,엘에이치선수촌8단지,74.88,202110,10,"46,300",22,2018,선수촌로 113,,-,-
강원도 강릉시 유천동,778,778,0,엘에이치선수촌8단지,84.77,202110,12,"54,000",17,2018,선수촌로 113,,-,-
강원도 강릉시 유천동,778,778,0,엘에이치선수촌8단지,84.77,202110,15,"54,800",18,2018,선수촌로 113,,-,-
강원도 강릉시 유천동,778,778,0,엘에이치선수촌8단지,84.77,202110,15,"54,800",18,2018,선수촌로 113,,-,-
강원도 강릉시 유천동,778,778,0,엘에이치선수촌8단지,74.88,202110,18,"44,000",3,2018,선수촌로 113,,-,-
강원도 강릉시 유천동,778,778,0,엘에이치선수촌8단지,84.77,202110,23,"55,500",14,2018,선수촌로 113,,-,-
강원도 강릉시 유천동,778,778,0,엘에이치선수촌8단지,74.88,202110,23,"48,000",21,2018,선수촌로 113,,-,-
강원도 강릉시 유천동,778,778,0,엘에이치선수촌8단지,84.77,202110,26,"53,700",3,2018,선수촌로 113,,-,-
강원도 강릉시 유천동,778,778,0,엘에이치선수촌8단지,84.77,202110,27,"53,700",6,2018,선수촌로 113,,-,-
강원도 강릉시 유천동,778,778,0,엘에이치선수촌8단지,74.88,202110,27,"48,500",17,2018,선수촌로 113,,-,-
강원도 강릉시 유천동,778,778,0,엘에이치선수촌8단지,74.88,202110,28,"47,000",10,2018,선수촌로 113,,-,-
강원도 강릉시 입암동,711,711,0,강릉더샵,84.94,202110,13,"34,500",6,2014,입암로29번길 11,,-,-
강원도 강릉시 입암동,711,711,0,강릉더샵,84.94,202110,21,"35,250",11,2014,입암로29번길 11,,-,-
강원도 강릉시 입암동,711,711,0,강릉더샵,84.94,202110,28,"36,800",7,2014,입암로29번길 11,,-,-
강원도 강릉시 입암동,321,321,0,강릉입암동금호어울림,84.77,202110,3,"31,000",5,2007,성덕로 328-15,,-,-
강원도 강릉시 입암동,543-3,543,3,에버그린,59.85,202110,15,"12,600",8,2000,강변로440번길 30,,-,-
강원도 강릉시 입암동,560,560,0,우진,82.58,202110,29,"11,500",3,1991,월대산로 13-6,,-,-
강원도 강릉시 입암동,May-90,90,5,은하,39.85,202110,12,"4,570",1,2001,월대산로 47,,-,-
강원도 강릉시 입암동,May-90,90,5,은하,39.85,202110,25,"6,000",2,2001,월대산로 47,,-,-
강원도 강릉시 입암동,210,210,0,이안강릉타운,122.72,202110,4,"34,500",1,2006,성덕로 316-22,,-,-
강원도 강릉시 입암동,210,210,0,이안강릉타운,84.7,202110,14,"29,850",4,2006,성덕로 316-22,,-,-
강원도 강릉시 입암동,210,210,0,이안강릉타운,84.7,202110,15,"28,000",8,2006,성덕로 316-22,,-,-
강원도 강릉시 입암동,210,210,0,이안강릉타운,84.7,202110,15,"29,000",3,2006,성덕로 316-22,,-,-
강원도 강릉시 입암동,210,210,0,이안강릉타운,84.7,202110,25,"28,000",3,2006,성덕로 316-22,,-,-
강원도 강릉시 입암동,641,641,0,입암1주공,39.72,202110,22,"14,950",4,1986,강변로 364,,-,-
강원도 강릉시 입암동,49,49,0,입암2주공,39.69,202110,18,"5,000",2,1990,강변로 508,20211018,-,-
강원도 강릉시 입암동,49,49,0,입암2주공,46.68,202110,22,"13,500",1,1990,강변로 508,,-,-
강원도 강릉시 입암동,685,685,0,입암5주공,49.97,202110,6,"11,500",9,1996,성덕포남로 89-17,,-,-
강원도 강릉시 입암동,685,685,0,입암5주공,49.97,202110,6,"9,500",1,1996,성덕포남로 89-17,,-,-
강원도 강릉시 입암동,685,685,0,입암5주공,49.97,202110,7,"11,500",5,1996,성덕포남로 89-17,,-,-
강원도 강릉시 입암동,685,685,0,입암5주공,39.99,202110,21,"8,700",11,1996,성덕포남로 89-17,20211025,-,-
강원도 강릉시 입암동,685,685,0,입암5주공,39.99,202110,21,"8,700",11,1996,성덕포남로 89-17,,-,-
강원도 강릉시 입암동,685,685,0,입암5주공,39.99,202110,26,"8,000",13,1996,성덕포남로 89-17,,-,-
강원도 강릉시 입암동,685,685,0,입암5주공,49.97,202110,27,"10,700",2,1996,성덕포남로 89-17,,-,-
강원도 강릉시 입암동,709-1,709,1,입암6주공,59.99,202110,1,"15,000",15,1998,성덕포남로 39,,-,-
강원도 강릉시 입암동,709-1,709,1,입암6주공,59.99,202110,1,"15,000",10,1998,성덕포남로 39,,-,-
강원도 강릉시 입암동,709-1,709,1,입암6주공,49.62,202110,3,"13,000",7,1998,성덕포남로 39,,-,-
강원도 강릉시 입암동,709-1,709,1,입암6주공,49.62,202110,6,"12,000",12,1998,성덕포남로 39,,-,-
강원도 강릉시 입암동,709-1,709,1,입암6주공,59.99,202110,7,"15,000",6,1998,성덕포남로 39,,-,-
강원도 강릉시 입암동,709-1,709,1,입암6주공,49.62,202110,8,"12,200",4,1998,성덕포남로 39,,-,-
강원도 강릉시 입암동,709-1,709,1,입암6주공,59.99,202110,9,"15,500",12,1998,성덕포남로 39,,-,-
강원도 강릉시 입암동,709-1,709,1,입암6주공,49.62,202110,13,"13,300",10,1998,성덕포남로 39,,-,-
강원도 강릉시 입암동,709-1,709,1,입암6주공,49.62,202110,13,"13,200",7,1998,성덕포남로 39,,-,-
강원도 강릉시 입암동,709-1,709,1,입암6주공,49.62,202110,13,"13,000",6,1998,성덕포남로 39,,-,-
강원도 강릉시 입암동,709-1,709,1,입암6주공,49.62,202110,13,"13,000",3,1998,성덕포남로 39,,-,-
강원도 강릉시 입암동,709-1,709,1,입암6주공,49.62,202110,13,"12,500",15,1998,성덕포남로 39,,-,-
강원도 강릉시 입암동,709-1,709,1,입암6주공,49.62,202110,14,"12,000",6,1998,성덕포남로 39,,-,-
강원도 강릉시 입암동,709-1,709,1,입암6주공,59.99,202110,16,"15,500",7,1998,성덕포남로 39,,-,-
강원도 강릉시 입암동,709-1,709,1,입암6주공,49.62,202110,19,"12,600",14,1998,성덕포남로 39,,-,-
강원도 강릉시 입암동,709-1,709,1,입암6주공,49.62,202110,21,"13,300",11,1998,성덕포남로 39,,-,-
강원도 강릉시 입암동,709-1,709,1,입암6주공,49.62,202110,21,"13,100",12,1998,성덕포남로 39,,-,-
강원도 강릉시 입암동,709-1,709,1,입암6주공,49.62,202110,21,"13,000",14,1998,성덕포남로 39,,-,-
강원도 강릉시 입암동,709-1,709,1,입암6주공,49.62,202110,21,"13,500",9,1998,성덕포남로 39,,-,-
강원도 강릉시 입암동,709-1,709,1,입암6주공,49.62,202110,21,"13,100",12,1998,성덕포남로 39,,-,-
강원도 강릉시 입암동,709-1,709,1,입암6주공,59.99,202110,22,"13,800",7,1998,성덕포남로 39,,-,-
강원도 강릉시 입암동,709-1,709,1,입암6주공,49.62,202110,23,"13,100",4,1998,성덕포남로 39,,-,-
강원도 강릉시 입암동,709-1,709,1,입암6주공,49.62,202110,23,"13,500",8,1998,성덕포남로 39,,-,-
강원도 강릉시 입암동,709-1,709,1,입암6주공,49.62,202110,26,"14,000",11,1998,성덕포남로 39,,-,-
강원도 강릉시 입암동,709-1,709,1,입암6주공,49.62,202110,26,"13,500",13,1998,성덕포남로 39,,-,-
강원도 강릉시 입암동,709-1,709,1,입암6주공,49.62,202110,27,"13,300",14,1998,성덕포남로 39,,-,-
강원도 강릉시 입암동,709-1,709,1,입암6주공,49.62,202110,27,"13,300",13,1998,성덕포남로 39,,-,-
강원도 강릉시 입암동,709-1,709,1,입암6주공,49.62,202110,27,"13,500",14,1998,성덕포남로 39,,-,-
강원도 강릉시 입암동,709-1,709,1,입암6주공,59.99,202110,28,"12,500",12,1998,성덕포남로 39,,-,-
강원도 강릉시 입암동,440,440,0,입암현대,59.956,202110,1,"17,800",9,1998,용지로 19,20211012,-,-
강원도 강릉시 입암동,440,440,0,입암현대,59.956,202110,1,"17,800",9,1998,용지로 19,,-,-
강원도 강릉시 입암동,440,440,0,입암현대,59.956,202110,10,"16,500",1,1998,용지로 19,,-,-
강원도 강릉시 입암동,440,440,0,입암현대,59.956,202110,15,"19,000",10,1998,용지로 19,,-,-
강원도 강릉시 입암동,440,440,0,입암현대,84.904,202110,18,"28,400",7,1998,용지로 19,,-,-
강원도 강릉시 입암동,440,440,0,입암현대,84.904,202110,21,"25,800",1,1998,용지로 19,,-,-
강원도 강릉시 입암동,440,440,0,입암현대,59.956,202110,25,"16,000",1,1998,용지로 19,,-,-
강원도 강릉시 입암동,440,440,0,입암현대,84.904,202110,25,"26,000",11,1998,용지로 19,,-,-
강원도 강릉시 입암동,506-5,506,5,태평양임대,39.348,202110,4,"6,200",3,1998,강변로410번길 31-5,,-,-
강원도 강릉시 입암동,506-5,506,5,태평양임대,39.348,202110,5,"7,500",3,1998,강변로410번길 31-5,,-,-
강원도 강릉시 입암동,506-5,506,5,태평양임대,34.722,202110,7,"5,000",3,1998,강변로410번길 31-5,,-,-
강원도 강릉시 입암동,506-5,506,5,태평양임대,34.722,202110,9,"5,500",8,1998,강변로410번길 31-5,,-,-
강원도 강릉시 입암동,506-5,506,5,태평양임대,39.348,202110,13,"7,700",14,1998,강변로410번길 31-5,,-,-
강원도 강릉시 입암동,506-5,506,5,태평양임대,34.722,202110,15,"5,600",13,1998,강변로410번길 31-5,,-,-
강원도 강릉시 입암동,506-5,506,5,태평양임대,39.348,202110,16,"7,000",11,1998,강변로410번길 31-5,,-,-
강원도 강릉시 입암동,506-5,506,5,태평양임대,34.722,202110,16,"5,500",9,1998,강변로410번길 31-5,,-,-
강원도 강릉시 입암동,506-5,506,5,태평양임대,39.348,202110,18,"6,500",12,1998,강변로410번길 31-5,,-,-
강원도 강릉시 입암동,506-5,506,5,태평양임대,34.722,202110,19,"5,500",9,1998,강변로410번길 31-5,,-,-
강원도 강릉시 입암동,506-5,506,5,태평양임대,34.722,202110,19,"5,500",9,1998,강변로410번길 31-5,20211102,-,-
강원도 강릉시 입암동,506-5,506,5,태평양임대,34.722,202110,20,"5,300",8,1998,강변로410번길 31-5,,-,-
강원도 강릉시 입암동,506-5,506,5,태평양임대,34.722,202110,22,"5,300",5,1998,강변로410번길 31-5,,-,-
강원도 강릉시 입암동,506-5,506,5,태평양임대,39.348,202110,23,"6,500",13,1998,강변로410번길 31-5,,-,-
강원도 강릉시 입암동,506-5,506,5,태평양임대,39.348,202110,24,"6,000",10,1998,강변로410번길 31-5,,-,-
강원도 강릉시 입암동,506-5,506,5,태평양임대,39.348,202110,26,"7,000",4,1998,강변로410번길 31-5,,-,-
강원도 강릉시 입암동,506-5,506,5,태평양임대,34.722,202110,30,"5,500",10,1998,강변로410번길 31-5,,-,-
강원도 강릉시 주문진읍 교항리,1256,1256,0,교항2주공,49.85,202110,2,"11,000",12,2000,연주로 241-7,,-,-
강원도 강릉시 주문진읍 교항리,1256,1256,0,교항2주공,49.85,202110,6,"9,250",2,2000,연주로 241-7,,-,-
강원도 강릉시 주문진읍 교항리,1256,1256,0,교항2주공,39.51,202110,27,"8,900",9,2000,연주로 241-7,,-,-
강원도 강릉시 주문진읍 교항리,06월 18일,18,6,동방타워맨션,59.975,202110,29,"9,000",8,1994,매맥이아랫길 24,,-,-
강원도 강릉시 주문진읍 교항리,1262,1262,0,센텀파크디오션(2단지),59.7842,202110,29,"15,000",10,2015,매맥이윗길 15,,-,-
강원도 강릉시 주문진읍 교항리,Jan-44,44,1,소훈,66.6,202110,5,"6,300",5,1991,매맥이길 14-3,,-,-
강원도 강릉시 주문진읍 교항리,Jan-44,44,1,소훈,84.68,202110,11,"8,500",2,1991,매맥이길 14-3,,-,-
강원도 강릉시 주문진읍 교항리,398-10,398,10,신생빌라,83.2,202110,4,"6,000",1,1990,신리대동길 31-4,,-,-
강원도 강릉시 주문진읍 교항리,398-10,398,10,신생빌라,83.2,202110,6,"6,300",5,1990,신리대동길 31-4,,-,-
강원도 강릉시 주문진읍 교항리,1166-1,1166,1,우신그린피아임대,49.86,202110,1,"6,400",9,1999,보리골길 26,,-,-
강원도 강릉시 주문진읍 교항리,1166-1,1166,1,우신그린피아임대,49.86,202110,6,"6,500",12,1999,보리골길 26,,-,-
강원도 강릉시 주문진읍 교항리,1166-1,1166,1,우신그린피아임대,59.98,202110,21,"9,000",2,1999,보리골길 26,,-,-
강원도 강릉시 주문진읍 교항리,387-6,387,6,주공,36.2,202110,1,"7,500",5,1982,신리천로 72,,-,-
강원도 강릉시 주문진읍 교항리,387-6,387,6,주공,39.38,202110,29,"8,000",3,1982,신리천로 72,,-,-
강원도 강릉시 주문진읍 주문리,329-19,329,19,강릉주문진풍림아이원하버뷰,74.67,202110,29,"30,500",16,2019,항구로 40,,-,-
강원도 강릉시 주문진읍 주문리,1056-9,1056,9,우성,49.26,202110,14,"4,500",3,1994,민등산길 16-16,,-,-
강원도 강릉시 주문진읍 주문리,842,842,0,우일해변,81.6525,202110,11,"14,300",8,1991,소돌안길 32-6,,-,-
강원도 강릉시 주문진읍 주문리,61,61,0,주문진라일플로리스4차,23.662,202110,5,"10,500",11,2017,오리나루2길 25,,-,-
강원도 강릉시 주문진읍 주문리,61,61,0,주문진라일플로리스4차,23.662,202110,14,"10,500",10,2017,오리나루2길 25,,-,-
강원도 강릉시 주문진읍 주문리,61,61,0,주문진라일플로리스4차,23.662,202110,23,"10,500",10,2017,오리나루2길 25,,-,-
강원도 강릉시 주문진읍 주문리,1586,1586,0,주문진삼부르네상스,75.271,202110,3,"27,770",19,2021,철둑길 45-1,,-,-
강원도 강릉시 주문진읍 주문리,1586,1586,0,주문진삼부르네상스,75.271,202110,25,"25,230",17,2021,철둑길 45-1,,-,-
강원도 강릉시 주문진읍 주문리,1585,1585,0,케이티레파트더블루힐,84.974,202110,11,"12,500",4,2007,주문북로 147-32,,-,-
강원도 강릉시 주문진읍 주문리,311-1,311,1,현대프라자,68.58,202110,29,"16,300",8,1995,주문로 144,,-,-
강원도 강릉시 지변동,334,334,0,덕원임대,52.176,202110,27,"8,600",11,1998,죽헌길85번길 25,,-,-
강원도 강릉시 초당동,143,143,0,우성,84.77,202110,17,"22,000",5,1997,연당길 67-15,,-,-
강원도 강릉시 초당동,155,155,0,유화3,45.68,202110,19,"10,500",9,1996,연당길 82,,-,-
강원도 강릉시 초당동,155,155,0,유화3,45.68,202110,23,"10,000",4,1996,연당길 82,,-,-
강원도 강릉시 초당동,155,155,0,유화3,45.68,202110,23,"10,600",6,1996,연당길 82,,-,-
강원도 강릉시 초당동,135-1,135,1,이화해변아파트(B~D동),35.7,202110,29,"7,300",4,1988,초당원길 21,,-,-
강원도 강릉시 초당동,554,554,0,초당동청마루,84.9,202110,20,"27,100",2,2007,연당길 61,,-,-
강원도 강릉시 초당동,182-2,182,2,초당유화1,49.815,202110,3,"11,500",5,1993,연당길 94-3,,-,-
강원도 강릉시 초당동,128,128,0,현대,124.28,202110,14,"35,000",7,1995,초당원길 26-2,,-,-
강원도 강릉시 초당동,128,128,0,현대,84.475,202110,18,"22,500",6,1995,초당원길 26-2,,-,-
강원도 강릉시 포남동,1183-4,1183,4,강릉7(1183-4),81.28,202110,1,"16,000",1,1990,경강로2301번길 22,,-,-
강원도 강릉시 포남동,1183-4,1183,4,강릉7(1183-4),81.28,202110,4,"19,700",7,1990,경강로2301번길 22,,-,-
강원도 강릉시 포남동,1005-249,1005,249,강부1,55.41,202110,30,"8,500",4,1987,경강로2256번길 8,,-,-
강원도 강릉시 포남동,1063,1063,0,동덕.영진광업소사원주택,36.33,202110,25,"4,700",2,1989,보래미하길65번길 24,,-,-
강원도 강릉시 포남동,1226,1226,0,동명맨션,81.555,202110,1,"10,500",2,1990,산양길 20,,-,-
강원도 강릉시 포남동,1064,1064,0,삼호임대,49.95,202110,5,"10,500",4,1988,강릉대로457번길 38,,-,-
강원도 강릉시 포남동,1293-1,1293,1,일송,59.135,202110,9,"14,450",15,1995,하평3길 37,,-,-
강원도 강릉시 포남동,1293-1,1293,1,일송,58.87,202110,28,"17,000",7,1995,하평3길 37,,-,-
강원도 강릉시 포남동,1293-1,1293,1,일송,59.135,202110,29,"17,200",14,1995,하평3길 37,,-,-
강원도 강릉시 포남동,436-1,436,1,정아새솔,59.84,202110,1,"10,300",3,1993,강릉대로469번길 22,,-,-
강원도 강릉시 포남동,436-1,436,1,정아새솔,84.73,202110,18,"14,900",4,1993,강릉대로469번길 22,,-,-
강원도 강릉시 포남동,1293-2,1293,2,청송,84.42,202110,15,"23,300",11,1994,하평길 41,,-,-
강원도 강릉시 포남동,1065,1065,0,포남1주공,42.55,202110,3,"17,000",4,1981,보래미상길 65,,-,-
강원도 강릉시 포남동,1065,1065,0,포남1주공,42.54,202110,5,"18,000",3,1981,보래미상길 65,,-,-
강원도 강릉시 포남동,1065,1065,0,포남1주공,41.98,202110,8,"16,500",1,1981,보래미상길 65,,-,-
강원도 강릉시 포남동,1065,1065,0,포남1주공,42.55,202110,20,"17,200",2,1981,보래미상길 65,,-,-
강원도 강릉시 포남동,1065,1065,0,포남1주공,42.54,202110,29,"16,000",5,1981,보래미상길 65,,-,-
강원도 강릉시 포남동,1200,1200,0,포남2주공,39.3,202110,13,"13,250",1,1989,산양큰길 37,,-,-
강원도 강릉시 포남동,1107-7,1107,7,포남대림,127.78,202110,15,"20,000",6,1992,강릉대로359번길 12-7,,-,-
강원도 강릉시 홍제동,1007,1007,0,강릉홍제힐스테이트,84.961,202110,5,"34,000",8,2007,토성로 39,,-,-
강원도 강릉시 홍제동,1007,1007,0,강릉홍제힐스테이트,84.409,202110,6,"37,500",11,2007,토성로 39,,-,-
강원도 강릉시 홍제동,989,989,0,삼우,59.68,202110,12,"13,000",4,1989,하슬라로30번길 7,,-,-
강원도 강릉시 홍제동,1044,1044,0,엘에이치미디어촌6단지,59.98,202110,19,"36,000",6,2018,선수촌로 10,,-,-
강원도 강릉시 홍제동,1044,1044,0,엘에이치미디어촌6단지,59.98,202110,27,"37,000",10,2018,선수촌로 10,,-,-
강원도 강릉시 홍제동,1044,1044,0,엘에이치미디어촌6단지,59.78,202110,28,"33,000",1,2018,선수촌로 10,,-,-
강원도 강릉시 홍제동,1044,1044,0,엘에이치미디어촌6단지,59.98,202110,28,"35,500",3,2018,선수촌로 10,,-,-
강원도 강릉시 홍제동,1037,1037,0,우미린아파트,78.4089,202110,1,"42,000",7,2016,선수촌로 55,,-,-
강원도 강릉시 홍제동,1037,1037,0,우미린아파트,84.9843,202110,1,"50,000",11,2016,선수촌로 55,,-,-
강원도 강릉시 홍제동,1037,1037,0,우미린아파트,84.9871,202110,18,"50,000",10,2016,선수촌로 55,,-,-
강원도 강릉시 홍제동,158,158,0,홍제푸르지오,84.9,202110,6,"31,000",9,2005,홍제로71번길 1,,-,-
강원도 강릉시 홍제동,1055,1055,0,홍제한신휴플러스,84.59,202110,3,"37,000",9,2015,토성로 56,,-,-
강원도 강릉시 홍제동,1055,1055,0,홍제한신휴플러스,84.97,202110,28,"41,000",18,2015,토성로 56,,-,-
강원도 강릉시 회산동,608,608,0,강릉서희스타힐스리버파크,84.8956,202110,18,"36,500",16,2017,회산로 344,,-,-
강원도 강릉시 회산동,608,608,0,강릉서희스타힐스리버파크,59.928,202110,23,"27,800",18,2017,회산로 344,,-,-
강원도 강릉시 회산동,610,610,0,강릉회산한신더휴,84.8863,202110,2,"38,000",4,2019,회산로 313,,-,-
강원도 강릉시 회산동,610,610,0,강릉회산한신더휴,84.8863,202110,5,"41,800",13,2019,회산로 313,,-,-
강원도 강릉시 회산동,610,610,0,강릉회산한신더휴,84.9955,202110,5,"38,300",3,2019,회산로 313,,-,-
강원도 강릉시 회산동,610,610,0,강릉회산한신더휴,84.8863,202110,17,"41,100",8,2019,회산로 313,,-,-
강원도 강릉시 회산동,610,610,0,강릉회산한신더휴,84.961,202110,24,"39,200",13,2019,회산로 313,,-,-
강원도 강릉시 회산동,610,610,0,강릉회산한신더휴,84.961,202110,26,"39,200",13,2019,회산로 313,20211027,-,-
강원도 강릉시 회산동,610,610,0,강릉회산한신더휴,84.961,202110,29,"42,000",20,2019,회산로 313,,-,-
강원도 강릉시 회산동,130,130,0,힐스테이트강릉,74.9974,202110,4,"34,400",7,2018,회산로383번길 37,,-,-
강원도 강릉시 회산동,130,130,0,힐스테이트강릉,59.9893,202110,9,"30,500",11,2018,회산로383번길 37,,-,-
강원도 강릉시 회산동,130,130,0,힐스테이트강릉,74.9974,202110,19,"34,000",20,2018,회산로383번길 37,,-,-
강원도 강릉시 회산동,130,130,0,힐스테이트강릉,74.9974,202110,23,"33,900",5,2018,회산로383번길 37,,-,-
강원도 고성군 간성읍 상리,483-1,483,1,간성대명,59.4,202110,16,"7,800",9,1998,수성로 126-5,,-,-
강원도 고성군 간성읍 상리,501,501,0,동해2,51,202110,24,"6,300",3,1990,수성로 90,,-,-
강원도 고성군 간성읍 신안리,111,111,0,고성삼익레스타운,59.68,202110,2,"11,000",8,1998,남천마루2길 6,,-,-
강원도 고성군 간성읍 신안리,111,111,0,고성삼익레스타운,59.68,202110,5,"11,400",8,1998,남천마루2길 6,,-,-
강원도 고성군 간성읍 신안리,111,111,0,고성삼익레스타운,59.68,202110,11,"12,000",7,1998,남천마루2길 6,,-,-
강원도 고성군 간성읍 신안리,111,111,0,고성삼익레스타운,84.92,202110,16,"13,800",10,1998,남천마루2길 6,,-,-
강원도 고성군 간성읍 신안리,183,183,0,동해1,47.35,202110,21,"5,300",1,1989,간성로39번길 23,,-,-
강원도 고성군 거진읍 송포리,165,165,0,거진오션상떼빌,70.64,202110,13,"24,000",4,2006,해오름해변길 70,,-,-
강원도 고성군 거진읍 송포리,165,165,0,거진오션상떼빌,70.64,202110,18,"24,000",5,2006,해오름해변길 70,,-,-
강원도 고성군 거진읍 송포리,165,165,0,거진오션상떼빌,70.64,202110,22,"19,000",4,2006,해오름해변길 70,,-,-
강원도 고성군 거진읍 송포리,165,165,0,거진오션상떼빌,70.64,202110,30,"26,000",12,2006,해오름해변길 70,,-,-
강원도 고성군 거진읍 송포리,165,165,0,거진오션상떼빌,84.73,202110,30,"33,000",6,2006,해오름해변길 70,,-,-
강원도 고성군 토성면 봉포리,384,384,0,고성봉포코아루오션비치,75.9201,202110,19,"24,680",5,2021,학사촌길 91-1,,-,-
강원도 고성군 토성면 봉포리,381,381,0,봉포스위트엠오션파크,80.4353,202110,1,"23,800",12,2020,광포1길 7,,-,-
강원도 고성군 토성면 봉포리,381,381,0,봉포스위트엠오션파크,80.4353,202110,9,"21,500",3,2020,광포1길 7,,-,-
강원도 고성군 토성면 봉포리,381,381,0,봉포스위트엠오션파크,80.4353,202110,23,"25,400",17,2020,광포1길 7,,-,-
강원도 고성군 토성면 청간리,217,217,0,유진클래시움,37.65,202110,2,"15,000",6,2006,아야진해변길 1,,-,-
강원도 고성군 토성면 청간리,217,217,0,유진클래시움,49.8,202110,10,"23,000",11,2006,아야진해변길 1,,-,-
강원도 고성군 토성면 청간리,217,217,0,유진클래시움,59.52,202110,15,"18,000",12,2006,아야진해변길 1,,-,-
강원도 고성군 토성면 청간리,217,217,0,유진클래시움,49.8,202110,16,"21,000",9,2006,아야진해변길 1,,-,-
강원도 고성군 토성면 청간리,217,217,0,유진클래시움,49.8,202110,19,"26,000",13,2006,아야진해변길 1,,-,-
강원도 고성군 토성면 청간리,217,217,0,유진클래시움,59.52,202110,25,"17,000",5,2006,아야진해변길 1,,-,-
강원도 고성군 토성면 청간리,217,217,0,유진클래시움,49.8,202110,28,"20,500",7,2006,아야진해변길 1,,-,-
강원도 동해시 구미동,521,521,0,현진,52.06,202110,12,"5,500",15,1995,구미4길 1,,-,-
강원도 동해시 동회동,442,442,0,"대동1,2차",59.3575,202110,8,"8,000",5,1995,청운1길 29,,-,-
강원도 동해시 동회동,442,442,0,"대동1,2차",73.4675,202110,8,"10,700",14,1995,청운1길 29,,-,-
강원도 동해시 동회동,442,442,0,"대동1,2차",59.3575,202110,15,"8,300",14,1995,청운1길 29,,-,-
강원도 동해시 동회동,442,442,0,"대동1,2차",73.4675,202110,17,"9,700",11,1995,청운1길 29,,-,-
강원도 동해시 동회동,442,442,0,"대동1,2차",45,202110,19,"5,900",13,1995,청운1길 29,,-,-
강원도 동해시 동회동,442,442,0,"대동1,2차",84.5525,202110,20,"11,500",18,1995,청운1길 29,,-,-
강원도 동해시 동회동,442,442,0,대동3차,59.3575,202110,2,"8,400",12,1996,청운1길 29,,-,-
강원도 동해시 동회동,442,442,0,대동3차,73.4675,202110,4,"13,900",7,1996,청운1길 29,,-,-
강원도 동해시 동회동,442,442,0,대동3차,45,202110,5,"5,400",15,1996,청운1길 29,,-,-
강원도 동해시 동회동,442,442,0,대동3차,59.3575,202110,20,"8,000",11,1996,청운1길 29,,-,-
강원도 동해시 동회동,457,457,0,북삼2차웰메이드타운,84.9607,202110,1,"30,200",4,2019,효자로 636-2,,-,-
강원도 동해시 동회동,457,457,0,북삼2차웰메이드타운,111.7756,202110,5,"36,000",19,2019,효자로 636-2,,-,-
강원도 동해시 동회동,457,457,0,북삼2차웰메이드타운,84.9607,202110,9,"31,500",6,2019,효자로 636-2,,-,-
강원도 동해시 동회동,442,442,0,북삼코아루,84.98,202110,25,"21,000",5,2007,청운1길 29,,-,-
강원도 동해시 동회동,451,451,0,북삼하우스디아파트,84.9625,202110,1,"29,500",20,2018,효자남길 33-20,,-,-
강원도 동해시 동회동,451,451,0,북삼하우스디아파트,74.7297,202110,4,"26,300",6,2018,효자남길 33-20,,-,-
강원도 동해시 동회동,451,451,0,북삼하우스디아파트,74.7297,202110,14,"26,500",24,2018,효자남길 33-20,,-,-
강원도 동해시 동회동,442,442,0,현대4차,73.4675,202110,13,"11,500",13,1998,청운1길 29,,-,-
강원도 동해시 동회동,442,442,0,현대4차,73.4675,202110,13,"11,300",5,1998,청운1길 29,,-,-
강원도 동해시 동회동,442,442,0,현대4차,45,202110,22,"6,250",9,1998,청운1길 29,,-,-
강원도 동해시 동회동,442,442,0,현대4차,59.3575,202110,23,"8,500",2,1998,청운1길 29,,-,-
강원도 동해시 동회동,442,442,0,현대5차,134.783,202110,9,"20,800",12,1999,청운1길 29,,-,-
강원도 동해시 동회동,442,442,0,현대5차,77.7562,202110,11,"14,100",19,1999,청운1길 29,,-,-
강원도 동해시 묵호진동,1-83,1,83,삼본임대,40.965,202110,18,"6,000",4,1996,해맞이길 231,,-,-
강원도 동해시 발한동,599-5,599,5,경민2차,79.15,202110,5,"6,500",2,1991,수원지2길 6-9,,-,-
강원도 동해시 발한동,597-36,597,36,대원,22.23,202110,19,800,3,1990,수원지2길 2,,-,-
강원도 동해시 발한동,219-5,219,5,동해프라자,64.2,202110,6,"6,500",11,1988,발한로 176,,-,-
강원도 동해시 발한동,334-1,334,1,삼성,84.99,202110,23,"11,700",2,1996,해안로 605,,-,-
강원도 동해시 발한동,599,599,0,삼우,37.08,202110,28,"2,300",5,1988,수원지2길 12-3,,-,-
강원도 동해시 발한동,125-2,125,2,성남,51.75,202110,27,"4,700",3,1986,붉은언덕길 6,,-,-
강원도 동해시 발한동,599-1,599,1,우석1차,32.28,202110,9,"2,700",5,1985,수원지2길 15,,-,-
강원도 동해시 발한동,599-1,599,1,우석1차,32.28,202110,14,"2,800",3,1985,수원지2길 19,20211015,-,-
강원도 동해시 발한동,599-1,599,1,우석1차,32.28,202110,14,"2,750",3,1985,수원지2길 19,,-,-
강원도 동해시 발한동,599-31,599,31,유성,24.84,202110,22,"1,600",5,1989,수원지2길 24,,-,-
강원도 동해시 발한동,801,801,0,현대비에스앤씨현대썬앤빌동해파크힐,59.8993,202110,16,"18,500",14,2018,지리골길 31,,-,-
강원도 동해시 발한동,801,801,0,현대비에스앤씨현대썬앤빌동해파크힐,59.8993,202110,25,"16,500",1,2018,지리골길 31,,-,-
강원도 동해시 발한동,801,801,0,현대비에스앤씨현대썬앤빌동해파크힐,59.8993,202110,26,"17,800",6,2018,지리골길 31,,-,-
강원도 동해시 부곡동,Jan-73,73,1,동해,57.43,202110,14,"3,350",4,1981,가마골길 42-10,,-,-
강원도 동해시 부곡동,112,112,0,삼정(다라),53.1,202110,23,"3,000",2,1986,부곡3길 22,,-,-
강원도 동해시 부곡동,Feb-31,31,2,삼화미성,49.89,202110,27,"5,600",1,1991,부곡4길 10,,-,-
강원도 동해시 부곡동,80,80,0,선샤인파크,77.1,202110,17,"13,400",15,2005,임항로 10,,-,-
강원도 동해시 부곡동,80,80,0,선샤인파크,77.1,202110,26,"12,000",8,2005,임항로 10,,-,-
강원도 동해시 부곡동,105-1,105,1,승우4차,84.96,202110,10,"14,800",3,1995,임항로 36,20211012,-,-
강원도 동해시 부곡동,599-32,599,32,우석2차,31.76,202110,26,"1,800",5,1987,수원지2길 17-8,,-,-
강원도 동해시 부곡동,599-32,599,32,우석2차,41.25,202110,30,"3,000",5,1987,수원지2길 17-8,,-,-
강원도 동해시 부곡동,111-1,111,1,유존,35.045,202110,28,"3,850",7,1995,부곡2길 26,,-,-
강원도 동해시 부곡동,5-82,5,82,일정골든타워,30.273,202110,6,"3,300",6,1996,해안로 449,,-,-
강원도 동해시 부곡동,5-82,5,82,일정골든타워,30.273,202110,22,"2,900",4,1996,해안로 449,,-,-
강원도 동해시 북평동,327,327,0,e편한세상동해,78.64,202110,2,"28,000",17,2020,단봉길 39,,-,-
강원도 동해시 북평동,327,327,0,e편한세상동해,84.98,202110,22,"30,800",7,2020,단봉길 39,,-,-
강원도 동해시 북평동,151-5,151,5,북평주공2차,39.3,202110,2,"4,000",2,1989,전천로 270,,-,-
강원도 동해시 송정동,849-83,849,83,덕산,99.99,202110,12,"13,000",10,2009,송정중앙로 68,,-,-
강원도 동해시 쇄운동,1100,1100,0,아름다운아침,39.08,202110,5,"5,500",3,2012,효자로 572-1,,-,-
강원도 동해시 쇄운동,1100,1100,0,아름다운아침,39.08,202110,11,"5,600",6,2012,효자로 572-1,,-,-
강원도 동해시 쇄운동,1100,1100,0,아름다운아침,39.08,202110,12,"6,000",11,2012,효자로 572-1,,-,-
강원도 동해시 쇄운동,1100,1100,0,아름다운아침,60,202110,14,"7,700",15,2012,효자로 572-1,,-,-
강원도 동해시 쇄운동,1100,1100,0,아름다운아침,60,202110,15,"7,500",1,2012,효자로 572-1,,-,-
강원도 동해시 쇄운동,1100,1100,0,아름다운아침,39.08,202110,19,"6,000",14,2012,효자로 572-1,,-,-
강원도 동해시 쇄운동,1100,1100,0,아름다운아침,60,202110,20,"8,400",1,2012,효자로 572-1,,-,-
강원도 동해시 쇄운동,1100,1100,0,아름다운아침,60,202110,20,"8,400",1,2012,효자로 572-1,20211029,-,-
강원도 동해시 쇄운동,1100,1100,0,아름다운아침,49.95,202110,21,"6,500",14,2012,효자로 572-1,,-,-
강원도 동해시 쇄운동,452,452,0,유존양지빌라,59.99,202110,15,"5,000",2,1993,새골길 5,,-,-
강원도 동해시 쇄운동,348,348,0,한림,49.57,202110,18,"1,400",5,1988,언당길 16,,-,-
강원도 동해시 어달동,1-83,1,83,삼본임대,40.965,202110,21,"6,000",2,1996,해맞이길 231,,-,-
강원도 동해시 어달동,1-83,1,83,삼본임대,40.965,202110,29,"8,200",4,1996,해맞이길 231,,-,-
강원도 동해시 용정동,260-2,260,2,범주성지,84.67,202110,2,"8,000",5,1996,초원2길 5,,-,-
강원도 동해시 용정동,260-2,260,2,범주성지,46.29,202110,12,"10,500",5,1996,초원2길 5,,-,-
강원도 동해시 용정동,250-1,250,1,승우,59.96,202110,16,"6,000",5,1993,봉오동길 22,,-,-
강원도 동해시 용정동,250-1,250,1,승우,59.96,202110,17,"4,000",5,1993,봉오동길 22,,-,-
강원도 동해시 이도동,302-6,302,6,강변,59.955,202110,18,"6,900",9,1996,전천로 175-24,,-,-
강원도 동해시 이도동,753,753,0,동해이도코아루더스카이,84.9416,202110,1,"26,300",5,2019,동해대로 4833,,-,-
강원도 동해시 이도동,753,753,0,동해이도코아루더스카이,84.9464,202110,7,"25,800",2,2019,동해대로 4833,,-,-
강원도 동해시 이도동,155,155,0,이도1주공,49.62,202110,2,"5,700",8,1999,이원길 180-2,,-,-
강원도 동해시 이도동,155,155,0,이도1주공,49.62,202110,3,"6,200",15,1999,이원길 180-2,,-,-
강원도 동해시 이도동,155,155,0,이도1주공,49.62,202110,5,"6,300",10,1999,이원길 180-2,,-,-
강원도 동해시 이도동,155,155,0,이도1주공,49.62,202110,8,"6,400",4,1999,이원길 180-2,,-,-
강원도 동해시 이도동,155,155,0,이도1주공,49.62,202110,15,"5,800",1,1999,이원길 180-2,,-,-
강원도 동해시 이도동,155,155,0,이도1주공,49.62,202110,25,"6,000",5,1999,이원길 180-2,,-,-
강원도 동해시 이도동,154,154,0,이도2주공,59.39,202110,22,"8,700",15,1999,이원길 180-2,,-,-
강원도 동해시 이도동,154,154,0,이도2주공,59.39,202110,24,"8,000",11,1999,이원길 180-2,,-,-
강원도 동해시 이도동,154,154,0,이도2주공,59.39,202110,25,"8,100",4,1999,이원길 180-2,,-,-
강원도 동해시 이도동,172,172,0,현대,59.97,202110,12,"7,700",15,1996,이원길 180,,-,-
강원도 동해시 이로동,433-31,433,31,동해규수방,45.94,202110,15,"3,000",2,2007,월평로 49,,-,-
강원도 동해시 이로동,433-31,433,31,동해규수방,54.42,202110,15,"3,000",5,2007,월평로 49,,-,-
강원도 동해시 이로동,433-31,433,31,동해규수방,41.94,202110,27,"2,700",4,2007,월평로 49,,-,-
강원도 동해시 천곡동,1077-2,1077,2,동아,77.58,202110,7,"10,950",8,1992,천곡로 56-3,,-,-
강원도 동해시 천곡동,1077-2,1077,2,동아,84.97,202110,7,"13,050",8,1992,천곡로 56-3,,-,-
강원도 동해시 천곡동,1077-2,1077,2,동아,77.58,202110,7,"9,700",2,1992,천곡로 56-3,,-,-
강원도 동해시 천곡동,1077-2,1077,2,동아,77.58,202110,8,"11,000",15,1992,천곡로 56-3,,-,-
강원도 동해시 천곡동,1102,1102,0,동해금호어울림,84.908,202110,1,"19,500",13,2007,평릉길 14,,-,-
강원도 동해시 천곡동,Feb-91,91,2,롯데,84.81,202110,23,"12,000",6,1996,감추7길 22-11,,-,-
강원도 동해시 천곡동,1060-2,1060,2,센트로빌,79.7485,202110,9,"18,200",9,2003,한섬로 73,,-,-
강원도 동해시 천곡동,1004-12,1004,12,시영1차,59.85,202110,11,"4,800",5,1991,동굴로 40,,-,-
강원도 동해시 천곡동,802-1,802,1,유공타워,59.256,202110,2,"9,600",11,1996,천곡1길 3,,-,-
강원도 동해시 천곡동,802-1,802,1,유공타워,59.256,202110,8,"8,800",11,1996,천곡1길 3,,-,-
강원도 동해시 천곡동,802-1,802,1,유공타워,59.256,202110,16,"8,700",4,1996,천곡1길 3,,-,-
강원도 동해시 천곡동,1060-1,1060,1,천곡주공2차,59.3,202110,13,"11,000",2,1984,한섬로 87,,-,-
강원도 동해시 천곡동,306,306,0,천곡주공3차,59.3,202110,11,"6,000",5,1985,동굴로 61-19,,-,-
강원도 동해시 천곡동,306,306,0,천곡주공3차,49.22,202110,27,"8,500",5,1985,동굴로 61-19,20211104,-,-
강원도 동해시 천곡동,415,415,0,천곡주공4차,39.69,202110,1,"5,500",5,1989,샘실1길 5,,-,-
강원도 동해시 천곡동,415,415,0,천곡주공4차,39.99,202110,4,"5,200",4,1989,샘실1길 5,,-,-
강원도 동해시 천곡동,415,415,0,천곡주공4차,39.99,202110,15,"4,980",1,1989,샘실1길 5,,-,-
강원도 동해시 천곡동,415,415,0,천곡주공4차,46.98,202110,15,"7,200",3,1989,샘실1길 5,,-,-
강원도 동해시 천곡동,415,415,0,천곡주공4차,46.68,202110,18,"6,600",1,1989,샘실1길 5,,-,-
강원도 동해시 천곡동,791,791,0,한양1차,120.31,202110,2,"15,000",3,1990,천곡로 7,,-,-
강원도 동해시 천곡동,791,791,0,한양1차,84.985,202110,7,"11,900",11,1990,천곡로 7,,-,-
강원도 동해시 천곡동,794,794,0,한양2차,72.71,202110,27,"9,700",13,1991,천곡로 15,,-,-
강원도 동해시 천곡동,794,794,0,한양2차,84.855,202110,30,"12,500",6,1991,천곡로 15,,-,-
강원도 동해시 천곡동,794,794,0,한양3차,49.81,202110,2,"6,900",15,1992,천곡로 15,,-,-
강원도 동해시 천곡동,794,794,0,한양3차,84.855,202110,16,"12,500",7,1992,천곡로 15,,-,-
강원도 동해시 천곡동,1103,1103,0,한양수자인,71.757,202110,6,"18,900",10,2016,평릉1길 37-1,,-,-
강원도 동해시 천곡동,1103,1103,0,한양수자인,70.435,202110,7,"19,500",4,2016,평릉1길 37-1,,-,-
강원도 동해시 천곡동,380-2,380,2,현대1차,84.945,202110,5,"10,500",4,1992,한섬로 8,,-,-
강원도 동해시 천곡동,380-2,380,2,현대1차,71.355,202110,24,"9,000",12,1992,한섬로 8,,-,-
강원도 동해시 평릉동,449,449,0,동해하나리움,59.9514,202110,1,"16,000",8,2010,평원로 115,,-,-
강원도 동해시 평릉동,449,449,0,동해하나리움,59.9844,202110,8,"14,000",5,2010,평원로 115,,-,-
강원도 동해시 평릉동,449,449,0,동해하나리움,59.9844,202110,20,"16,550",8,2010,평원로 115,,-,-
강원도 동해시 평릉동,449,449,0,동해하나리움,59.9844,202110,23,"16,700",8,2010,평원로 115,,-,-
강원도 동해시 평릉동,450,450,0,엘리시아,84.8964,202110,11,"26,300",12,2010,평원로 107,,-,-
강원도 동해시 평릉동,456,456,0,코아루디오션,84.9788,202110,9,"27,700",7,2014,평원로 100,,-,-
강원도 동해시 평릉동,456,456,0,코아루디오션,84.9788,202110,18,"29,000",4,2014,평원로 100,,-,-
강원도 동해시 평릉동,456,456,0,코아루디오션,84.9788,202110,29,"27,500",12,2014,평원로 100,,-,-
강원도 동해시 효가동,480,480,0,동아더프라임1단지,84.9854,202110,12,"19,000",6,2013,양지길 20-2,,-,-
강원도 동해시 효가동,481,481,0,동아더프라임2단지,59.9798,202110,2,"19,600",18,2013,양지길 20-1,,-,-
강원도 동해시 효가동,481,481,0,동아더프라임2단지,84.9027,202110,14,"20,800",15,2013,양지길 20-1,,-,-
강원도 동해시 효가동,248,248,0,명보2차,59.64,202110,5,"5,500",2,1994,효가로 10-2,,-,-
강원도 동해시 효가동,248,248,0,명보2차,59.64,202110,26,"6,500",5,1994,효가로 10-2,,-,-
강원도 삼척시 건지동,176,176,0,코아루플러스,75.309,202110,8,"18,200",7,2015,엑스포로 173,,-,-
강원도 삼척시 교동,793,793,0,e편한세상삼척교동,59.8769,202110,6,"18,050",17,2018,하실길 72,,-,-
강원도 삼척시 교동,793,793,0,e편한세상삼척교동,59.8769,202110,18,"18,700",14,2018,하실길 72,,-,-
강원도 삼척시 교동,793,793,0,e편한세상삼척교동,59.8769,202110,20,"19,000",11,2018,하실길 72,,-,-
강원도 삼척시 교동,793,793,0,e편한세상삼척교동,84.6585,202110,27,"27,900",22,2018,하실길 72,,-,-
강원도 삼척시 교동,130-2,130,2,강부2,49.815,202110,9,"4,300",15,1993,동해대로 4122-27,,-,-
강원도 삼척시 교동,788,788,0,교동지웰,72.3141,202110,8,"20,400",13,2018,동해대로 4183,,-,-
강원도 삼척시 교동,788,788,0,교동지웰,84.9811,202110,15,"24,200",15,2018,동해대로 4183,,-,-
강원도 삼척시 교동,757,757,0,교동청솔2차,59.85,202110,1,"8,800",11,2003,정상로 81,,-,-
강원도 삼척시 교동,757,757,0,교동청솔2차,59.85,202110,4,"8,400",15,2003,정상로 81,,-,-
강원도 삼척시 교동,757,757,0,교동청솔2차,59.85,202110,5,"8,200",1,2003,정상로 81,,-,-
강원도 삼척시 교동,757,757,0,교동청솔2차,59.85,202110,14,"8,400",2,2003,정상로 81,,-,-
강원도 삼척시 교동,757,757,0,교동청솔2차,59.85,202110,19,"9,000",12,2003,정상로 81,,-,-
강원도 삼척시 교동,733-1,733,1,교동코아루,60,202110,18,"9,400",13,2005,교동로 133,,-,-
강원도 삼척시 교동,733-1,733,1,교동코아루,60,202110,29,"9,500",7,2005,교동로 133,,-,-
강원도 삼척시 교동,501-5,501,5,동부,59.83,202110,6,"8,700",6,1996,동해대로 4273,,-,-
강원도 삼척시 교동,501-5,501,5,동부,84.915,202110,19,"11,000",14,1996,동해대로 4273,,-,-
강원도 삼척시 교동,745-1,745,1,신동아,59.895,202110,15,"10,000",7,1998,정상로 90,,-,-
강원도 삼척시 교동,781,781,0,코아루타워,84.92,202110,5,"27,500",17,2014,교동로 97,,-,-
강원도 삼척시 교동,781,781,0,코아루타워,84.41,202110,14,"26,800",22,2014,교동로 97,,-,-
강원도 삼척시 교동,781,781,0,코아루타워,59.82,202110,18,"17,100",16,2014,교동로 97,,-,-
강원도 삼척시 교동,781,781,0,코아루타워,59.82,202110,26,"17,500",13,2014,교동로 97,,-,-
강원도 삼척시 남양동,05월 06일,5,6,강부맨션,64.25,202110,7,"8,200",11,1991,봉황로 91-36,,-,-
강원도 삼척시 남양동,338,338,0,동화3차,84.9,202110,12,"14,800",9,1994,남양길 14-17,,-,-
강원도 삼척시 남양동,337-3,337,3,백조맨션1차,84.76,202110,20,"10,000",5,1987,남양길 13-68,,-,-
강원도 삼척시 남양동,347-10,347,10,한흥2,33.66,202110,15,"4,000",3,1986,남양안길 63-14,,-,-
강원도 삼척시 당저동,162-1,162,1,명보2차,58.95,202110,14,"4,800",5,1991,성당길 35,,-,-
강원도 삼척시 도계읍 도계리,325-1,325,1,한림,37.62,202110,12,800,4,1989,도계대한길 93,,-,-
강원도 삼척시 마달동,Apr-53,53,4,누가,27.18,202110,22,"1,700",6,1995,마달1길 75,,-,-
강원도 삼척시 사직동,319-1,319,1,원조임대,59.886,202110,23,"5,700",7,1997,사직로4길 40-11,,-,-
강원도 삼척시 성북동,Jan-67,67,1,명보1,59.85,202110,17,"3,000",1,1991,오십천로 333,,-,-
강원도 삼척시 원당동,173,173,0,삼척원당장기임대,46.98,202110,6,"4,500",1,1992,원당로2길 20,,-,-
강원도 삼척시 원당동,173,173,0,삼척원당장기임대,46.98,202110,13,"4,100",2,1992,원당로2길 20,,-,-
강원도 삼척시 원당동,117,117,0,한양,73.26,202110,7,"7,300",3,1991,오십천로 295-7,,-,-
강원도 삼척시 원덕읍 호산리,221-3,221,3,삼진,84.99,202110,13,"9,500",2,2002,호산2길 114-8,,-,-
강원도 삼척시 정상동,356-2,356,2,강부3차,58.71,202110,5,"5,930",9,1995,동해대로 4122-20,,-,-
강원도 삼척시 정상동,356-2,356,2,강부3차,27.36,202110,18,"3,100",15,1995,동해대로 4122-20,,-,-
강원도 삼척시 정상동,356-2,356,2,강부3차,27.36,202110,30,"3,000",13,1995,동해대로 4122-20,,-,-
강원도 삼척시 정상동,356-2,356,2,강부3차,27.36,202110,30,"3,100",13,1995,동해대로 4122-20,,-,-
강원도 삼척시 정상동,475,475,0,경림한아름,84.686,202110,15,"16,500",14,2003,정상로 23,,-,-
강원도 삼척시 정상동,475,475,0,경림한아름,59.877,202110,21,"10,500",10,2003,정상로 23,,-,-
강원도 삼척시 정상동,328,328,0,삼도청솔,59.88,202110,22,"5,900",4,1995,척주로 118,,-,-
강원도 삼척시 정상동,457-3,457,3,석미,39.87,202110,5,"5,300",2,1998,청석로 78,,-,-
강원도 삼척시 정상동,457-3,457,3,석미,56.97,202110,14,"6,700",14,1998,청석로 78,,-,-
강원도 삼척시 정상동,457-3,457,3,석미,56.97,202110,14,"6,500",14,1998,청석로 78,,-,-
강원도 삼척시 정상동,457-3,457,3,석미,56.97,202110,16,"7,200",7,1998,청석로 78,,-,-
강원도 삼척시 정상동,457-3,457,3,석미,56.97,202110,18,"7,800",15,1998,청석로 78,,-,-
강원도 삼척시 정상동,457-3,457,3,석미,56.97,202110,25,"6,850",13,1998,청석로 78,,-,-
강원도 삼척시 정상동,316-3,316,3,유성,59.43,202110,5,"6,000",7,1999,동해대로 4044-13,,-,-
강원도 삼척시 정상동,316-3,316,3,유성,59.43,202110,8,"5,530",2,1999,동해대로 4044-13,,-,-
강원도 삼척시 정상동,316-3,316,3,유성,39.48,202110,23,"4,300",8,1999,동해대로 4044-13,,-,-
강원도 삼척시 정상동,454,454,0,정상주공,32.43,202110,4,"2,700",5,1988,척주로 128,,-,-
강원도 삼척시 정상동,454,454,0,정상주공,47.01,202110,13,"4,850",5,1988,척주로 128,,-,-
강원도 삼척시 정상동,457-1,457,1,청솔1차,59.85,202110,5,"8,650",11,2002,청석로 64,,-,-
강원도 삼척시 정상동,457-1,457,1,청솔1차,59.85,202110,12,"8,400",11,2002,청석로 64,,-,-
강원도 삼척시 정상동,457-1,457,1,청솔1차,59.85,202110,19,"9,000",10,2002,청석로 64,,-,-
강원도 삼척시 정상동,473,473,0,현진에버빌,64.564,202110,9,"16,000",8,2005,정상로 35,,-,-
강원도 삼척시 정상동,473,473,0,현진에버빌,64.564,202110,22,"14,900",1,2005,정상로 35,,-,-
강원도 속초시 교동,1029,1029,0,남광하우스토리,114.6085,202110,2,"37,000",10,2011,동해대로 4284,,-,-
강원도 속초시 교동,1029,1029,0,남광하우스토리,84.998,202110,2,"27,500",12,2011,동해대로 4284,,-,-
강원도 속초시 교동,1029,1029,0,남광하우스토리,84.998,202110,3,"28,900",7,2011,동해대로 4284,,-,-
강원도 속초시 교동,1029,1029,0,남광하우스토리,59.5144,202110,22,"20,300",10,2011,동해대로 4284,,-,-
강원도 속초시 교동,1029,1029,0,남광하우스토리,59.5144,202110,26,"20,750",6,2011,동해대로 4284,,-,-
강원도 속초시 교동,783,783,0,대명늘푸른,39.8354,202110,1,"8,900",8,2000,미시령로3337번길 10,,-,-
강원도 속초시 교동,783,783,0,대명늘푸른,59.9584,202110,6,"13,500",5,2000,미시령로3337번길 7,,-,-
강원도 속초시 교동,783,783,0,대명늘푸른,39.8354,202110,8,"9,500",15,2000,미시령로3337번길 10,,-,-
강원도 속초시 교동,783,783,0,대명늘푸른,59.9584,202110,8,"13,900",7,2000,미시령로3337번길 7,,-,-
강원도 속초시 교동,783,783,0,대명늘푸른,84.6036,202110,15,"18,000",10,2000,미시령로3337번길 7,,-,-
강원도 속초시 교동,783,783,0,대명늘푸른,59.9584,202110,18,"16,500",5,2000,미시령로3337번길 7,,-,-
강원도 속초시 교동,783,783,0,대명늘푸른,59.9584,202110,19,"13,300",9,2000,미시령로3337번길 7,,-,-
강원도 속초시 교동,783,783,0,대명늘푸른,59.9584,202110,19,"12,957",3,2000,미시령로3337번길 7,,-,-
강원도 속초시 교동,783,783,0,대명늘푸른,59.9584,202110,20,"14,500",3,2000,미시령로3337번길 7,,-,-
강원도 속초시 교동,783,783,0,대명늘푸른,84.6036,202110,21,"19,200",15,2000,미시령로3337번길 7,,-,-
강원도 속초시 교동,783,783,0,대명늘푸른,59.9584,202110,21,"11,300",1,2000,미시령로3337번길 7,,-,-
강원도 속초시 교동,783,783,0,대명늘푸른,59.9584,202110,26,"13,500",4,2000,미시령로3337번길 7,,-,-
강원도 속초시 교동,783,783,0,대명늘푸른,59.9584,202110,30,"13,200",4,2000,미시령로3337번길 7,,-,-
강원도 속초시 교동,783,783,0,대명늘푸른,59.9584,202110,30,"14,300",5,2000,미시령로3337번길 7,,-,-
강원도 속초시 교동,781-1,781,1,동부,84.96,202110,3,"14,700",2,1997,미시령로3359번길 15,,-,-
강원도 속초시 교동,781-1,781,1,동부,84.96,202110,5,"17,100",6,1997,미시령로3359번길 15,,-,-
강원도 속초시 교동,781-1,781,1,동부,60,202110,9,"15,000",16,1997,미시령로3359번길 15,,-,-
강원도 속초시 교동,781-1,781,1,동부,60,202110,9,"15,000",16,1997,미시령로3359번길 15,,-,-
강원도 속초시 교동,781-1,781,1,동부,60,202110,12,"15,000",10,1997,미시령로3359번길 15,,-,-
강원도 속초시 교동,781-1,781,1,동부,84.96,202110,31,"18,200",6,1997,미시령로3359번길 15,,-,-
강원도 속초시 교동,800-14,800,14,럭키,64.365,202110,8,"16,000",5,1986,만리공원길 6,,-,-
강원도 속초시 교동,767-224,767,224,럭키설악1,84.93,202110,5,"16,000",3,1991,만천4길 1,,-,-
강원도 속초시 교동,767-224,767,224,럭키설악1,84.93,202110,28,"14,800",1,1991,만천4길 1,,-,-
강원도 속초시 교동,767-224,767,224,럭키설악1,84.93,202110,31,"16,850",12,1991,만천4길 1,,-,-
강원도 속초시 교동,620-13,620,13,럭키설악2,84.991,202110,1,"17,000",6,1992,미시령로 3409,,-,-
강원도 속초시 교동,620-13,620,13,럭키설악2,110.262,202110,7,"21,000",11,1992,미시령로 3409,,-,-
강원도 속초시 교동,620-13,620,13,럭키설악2,128.62,202110,28,"21,800",6,1992,미시령로 3409,,-,-
강원도 속초시 교동,620-13,620,13,럭키설악2,84.991,202110,31,"16,000",2,1992,미시령로 3409,,-,-
강원도 속초시 교동,800-68,800,68,로얄2,49.74,202110,7,"8,600",4,1987,만리공원길 16,,-,-
강원도 속초시 교동,800-68,800,68,로얄2,49.74,202110,21,"8,700",2,1987,만리공원길 16,,-,-
강원도 속초시 교동,767-36,767,36,로얄골든,59.85,202110,21,"6,500",5,1989,만천4길 27,,-,-
강원도 속초시 교동,767-36,767,36,로얄골든,58.86,202110,29,"6,000",5,1989,만천4길 27,,-,-
강원도 속초시 교동,904-6,904,6,로얄나하나(904-6),59.97,202110,2,"9,750",4,1993,만천1길 43,20211103,-,-
강원도 속초시 교동,904-6,904,6,로얄나하나(904-6),59.97,202110,2,"9,750",4,1993,만천1길 43,,-,-
강원도 속초시 교동,904-6,904,6,로얄나하나(904-6),59.97,202110,9,"9,500",7,1993,만천1길 43,,-,-
강원도 속초시 교동,1027,1027,0,명지미래힐,118.0531,202110,15,"30,700",9,2006,미시령로3337번길 20,,-,-
강원도 속초시 교동,924,924,0,삼호,39.906,202110,7,"7,000",1,1995,밤골3길 27,,-,-
강원도 속초시 교동,924,924,0,삼호,43.26,202110,13,"8,000",1,1995,밤골3길 27,,-,-
강원도 속초시 교동,924,924,0,삼호,39.906,202110,19,"7,500",1,1995,밤골3길 27,,-,-
강원도 속초시 교동,923,923,0,삼환,54.58,202110,1,"11,000",2,1994,밤골3길 39,,-,-
강원도 속초시 교동,923,923,0,삼환,96.42,202110,6,"19,400",8,1994,밤골3길 39,,-,-
강원도 속초시 교동,923,923,0,삼환,54.58,202110,8,"11,400",5,1994,밤골3길 39,,-,-
강원도 속초시 교동,984,984,0,석미모닝파크,73.1,202110,18,"23,000",8,2005,수복로 12,,-,-
강원도 속초시 교동,984,984,0,석미모닝파크,73.1,202110,27,"16,800",12,2005,수복로 12,,-,-
강원도 속초시 교동,619-33,619,33,설악현대,84.907,202110,1,"17,500",10,1992,미시령로3389번길 10,20211104,-,-
강원도 속초시 교동,619-33,619,33,설악현대,73.305,202110,15,"15,000",11,1992,미시령로3389번길 10,,-,-
강원도 속초시 교동,619-33,619,33,설악현대,84.907,202110,20,"17,800",2,1992,미시령로3389번길 10,,-,-
강원도 속초시 교동,619-33,619,33,설악현대,71.137,202110,20,"15,900",13,1992,미시령로3389번길 10,,-,-
강원도 속초시 교동,658-42,658,42,속초교동블루핀,15.07,202110,2,"6,000",8,2019,교동로1길 17,,-,-
강원도 속초시 교동,627-135,627,135,속초대명1(대명타워),59.78,202110,12,"7,750",1,1991,교동로7길 36,,-,-
강원도 속초시 교동,627-306,627,306,속초대명3,59.93,202110,8,"10,700",13,1994,교동로7길 26,,-,-
강원도 속초시 교동,1033,1033,0,속초미소지움더뷰,74.3839,202110,12,"26,890",2,2021,중앙로17번길 11-1,,-,-
강원도 속초시 교동,1033,1033,0,속초미소지움더뷰,84.831,202110,12,"31,270",6,2021,중앙로17번길 11-1,,-,-
강원도 속초시 교동,1033,1033,0,속초미소지움더뷰,84.831,202110,12,"31,270",5,2021,중앙로17번길 11-1,,-,-
강원도 속초시 교동,1033,1033,0,속초미소지움더뷰,84.831,202110,12,"31,270",7,2021,중앙로17번길 11-1,,-,-
강원도 속초시 교동,1033,1033,0,속초미소지움더뷰,74.3839,202110,12,"27,740",5,2021,중앙로17번길 11-1,,-,-
강원도 속초시 교동,1033,1033,0,속초미소지움더뷰,84.831,202110,14,"30,310",2,2021,중앙로17번길 11-1,,-,-
강원도 속초시 교동,1033,1033,0,속초미소지움더뷰,84.831,202110,14,"31,270",5,2021,중앙로17번길 11-1,,-,-
강원도 속초시 교동,1033,1033,0,속초미소지움더뷰,74.3839,202110,14,"26,890",2,2021,중앙로17번길 11-1,,-,-
강원도 속초시 교동,1033,1033,0,속초미소지움더뷰,84.831,202110,14,"31,270",6,2021,중앙로17번길 11-1,,-,-
강원도 속초시 교동,1033,1033,0,속초미소지움더뷰,84.831,202110,14,"30,630",3,2021,중앙로17번길 11-1,,-,-
강원도 속초시 교동,1033,1033,0,속초미소지움더뷰,74.3839,202110,15,"27,450",4,2021,중앙로17번길 11-1,,-,-
강원도 속초시 교동,1033,1033,0,속초미소지움더뷰,74.3839,202110,19,"27,170",3,2021,중앙로17번길 11-1,,-,-
강원도 속초시 교동,1033,1033,0,속초미소지움더뷰,74.3839,202110,19,"27,450",4,2021,중앙로17번길 11-1,,-,-
강원도 속초시 교동,1033,1033,0,속초미소지움더뷰,84.831,202110,19,"30,950",4,2021,중앙로17번길 11-1,,-,-
강원도 속초시 교동,1033,1033,0,속초미소지움더뷰,84.831,202110,20,"30,310",2,2021,중앙로17번길 11-1,,-,-
강원도 속초시 교동,1033,1033,0,속초미소지움더뷰,74.3839,202110,21,"26,890",2,2021,중앙로17번길 11-1,,-,-
강원도 속초시 교동,1033,1033,0,속초미소지움더뷰,74.3839,202110,21,"27,170",3,2021,중앙로17번길 11-1,,-,-
강원도 속초시 교동,1033,1033,0,속초미소지움더뷰,74.3839,202110,21,"27,170",3,2021,중앙로17번길 11-1,,-,-
강원도 속초시 교동,898,898,0,주공2,39.69,202110,4,"16,000",3,1990,번영로43번길 52,,-,-
강원도 속초시 교동,898,898,0,주공2,47.31,202110,4,"17,800",1,1990,번영로43번길 52,,-,-
강원도 속초시 교동,898,898,0,주공2,39.6,202110,11,"15,200",5,1990,번영로43번길 52,,-,-
강원도 속초시 교동,898,898,0,주공2,46.98,202110,22,"18,200",1,1990,번영로43번길 52,,-,-
강원도 속초시 교동,898,898,0,주공2,46.98,202110,23,"18,100",2,1990,번영로43번길 52,,-,-
강원도 속초시 교동,898,898,0,주공2,46.68,202110,30,"17,000",5,1990,번영로43번길 52,,-,-
강원도 속초시 교동,961-1,961,1,주공3,51.66,202110,10,"12,600",4,1993,먹거리길 17,,-,-
강원도 속초시 교동,961-1,961,1,주공3,51.66,202110,10,"12,800",13,1993,먹거리길 17,,-,-
강원도 속초시 교동,961-1,961,1,주공3,51.66,202110,20,"13,300",14,1993,먹거리길 17,,-,-
강원도 속초시 교동,767-257,767,257,프레지던트인텔빌라,114.08,202110,2,"16,500",3,1996,만천4길 19-1,,-,-
강원도 속초시 교동,767-257,767,257,프레지던트인텔빌라,108.92,202110,19,"16,800",6,1996,만천4길 19-1,,-,-
강원도 속초시 교동,618-10,618,10,현대1,84.99,202110,9,"17,700",5,1991,미시령로3359번길 9,,-,-
강원도 속초시 교동,618-10,618,10,현대1,75.24,202110,18,"14,900",12,1991,미시령로3359번길 9,,-,-
강원도 속초시 교동,618-10,618,10,현대1,121.98,202110,19,"24,500",12,1991,미시령로3359번길 9,,-,-
강원도 속초시 교동,618-10,618,10,현대1,75.24,202110,22,"18,000",15,1991,미시령로3359번길 9,,-,-
강원도 속초시 교동,781-6,781,6,현대2,84.96,202110,12,"14,000",1,1992,미시령로3359번길 4,,-,-
강원도 속초시 교동,781-6,781,6,현대2,73.32,202110,19,"13,800",1,1992,미시령로3359번길 4,,-,-
강원도 속초시 교동,782,782,0,현대3,59.852,202110,24,"17,000",14,1998,미시령로3359번길 5,,-,-
강원도 속초시 교동,620,620,0,협성,28.07,202110,11,"4,500",2,1997,미시령로3359번길 42,20211022,-,-
강원도 속초시 교동,620,620,0,협성,28.07,202110,20,"4,000",1,1997,미시령로3359번길 42,,-,-
강원도 속초시 교동,620,620,0,협성,28.07,202110,20,"4,000",1,1997,미시령로3359번길 42,,-,-
강원도 속초시 금호동,630,630,0,생모리츠,65.9236,202110,25,"25,500",8,2011,수복로 174,,-,-
강원도 속초시 금호동,627,627,0,속초e-편한세상,84.975,202110,5,"25,700",7,2006,미시령로 3439,,-,-
강원도 속초시 금호동,627,627,0,속초e-편한세상,120.724,202110,16,"39,700",4,2006,미시령로 3439,,-,-
강원도 속초시 금호동,627,627,0,속초e-편한세상,84.975,202110,28,"36,000",15,2006,미시령로 3439,20211103,-,-
강원도 속초시 금호동,627,627,0,속초e-편한세상,84.975,202110,28,"36,000",15,2006,미시령로 3439,,-,-
강원도 속초시 금호동,625,625,0,속초대명2,59.895,202110,15,"9,800",3,1992,번영로67번길 25,,-,-
강원도 속초시 금호동,625,625,0,속초대명2,59.895,202110,25,"9,800",1,1992,번영로67번길 25,,-,-
강원도 속초시 동명동,596,596,0,e편한세상영랑호,74.6496,202110,4,"42,800",11,2017,번영로129번길 22,,-,-
강원도 속초시 동명동,596,596,0,e편한세상영랑호,84.9451,202110,6,"49,700",24,2017,번영로129번길 22,,-,-
강원도 속초시 동명동,596,596,0,e편한세상영랑호,84.9451,202110,12,"53,500",23,2017,번영로129번길 22,,-,-
강원도 속초시 동명동,512,512,0,대명영랑호,59.93,202110,15,"14,200",11,1997,영랑호반길 103,,-,-
강원도 속초시 동명동,514,514,0,설악타워맨션,73.2,202110,14,"10,000",2,1989,번영로129번길 6,,-,-
강원도 속초시 영랑동,160-1,160,1,송하,39.93,202110,9,"6,500",5,1988,영랑로3길 22,,-,-
강원도 속초시 영랑동,160-1,160,1,송하,39.93,202110,23,"6,500",4,1988,영랑로3길 22,,-,-
강원도 속초시 조양동,1571,1571,0,ES아뜨리움,59.8768,202110,7,"25,500",6,2017,조양로 40,,-,-
강원도 속초시 조양동,1571,1571,0,ES아뜨리움,79.4635,202110,20,"32,000",17,2017,조양로 40,,-,-
강원도 속초시 조양동,579,579,0,대명타워,59.93,202110,13,"14,400",8,1996,청대로232번길 15-19,,-,-
강원도 속초시 조양동,579,579,0,대명타워,59.93,202110,18,"14,500",8,1996,청대로232번길 15-19,,-,-
강원도 속초시 조양동,1292-1,1292,1,동명,39.45,202110,2,"12,000",2,1989,동해대로 3933-6,,-,-
강원도 속초시 조양동,1292-1,1292,1,동명,48.36,202110,2,"14,700",3,1989,동해대로 3933-6,,-,-
강원도 속초시 조양동,1292-1,1292,1,동명,48.36,202110,4,"14,500",3,1989,동해대로 3933-6,,-,-
강원도 속초시 조양동,1292-1,1292,1,동명,48.36,202110,11,"15,400",2,1989,동해대로 3933-6,,-,-
강원도 속초시 조양동,1292-1,1292,1,동명,48.36,202110,14,"13,450",5,1989,동해대로 3933-6,,-,-
강원도 속초시 조양동,1292-1,1292,1,동명,48.36,202110,23,"14,300",1,1989,동해대로 3933-6,,-,-
강원도 속초시 조양동,1540,1540,0,부영1(동광),84.76,202110,13,"24,000",8,1998,조양로142번길 12,,-,-
강원도 속초시 조양동,1540,1540,0,부영1(동광),84.76,202110,28,"24,000",10,1998,조양로142번길 12,,-,-
강원도 속초시 조양동,1540-1,1540,1,부영2,49.92,202110,13,"14,000",15,1998,조양로142번길 6,,-,-
강원도 속초시 조양동,1540-1,1540,1,부영2,49.92,202110,17,"13,200",3,1998,조양로142번길 6,,-,-
강원도 속초시 조양동,1499,1499,0,부영3,166.535,202110,1,"24,000",7,1996,소평로 162,,-,-
강원도 속초시 조양동,1499,1499,0,부영3,133.835,202110,2,"33,000",1,1996,소평로 162,,-,-
강원도 속초시 조양동,1499,1499,0,부영3,59.905,202110,2,"18,700",5,1996,소평로 162,,-,-
강원도 속초시 조양동,1499,1499,0,부영3,59.905,202110,3,"20,000",12,1996,소평로 162,,-,-
강원도 속초시 조양동,1499,1499,0,부영3,166.535,202110,7,"35,000",15,1996,소평로 162,,-,-
강원도 속초시 조양동,1499,1499,0,부영3,59.905,202110,9,"19,800",4,1996,소평로 162,,-,-
강원도 속초시 조양동,1499,1499,0,부영3,59.905,202110,12,"20,000",7,1996,소평로 162,,-,-
강원도 속초시 조양동,1499,1499,0,부영3,84.88,202110,13,"24,000",4,1996,소평로 162,,-,-
강원도 속초시 조양동,1499,1499,0,부영3,59.905,202110,22,"19,000",4,1996,소평로 162,,-,-
강원도 속초시 조양동,1499,1499,0,부영3,59.905,202110,28,"20,000",12,1996,소평로 162,,-,-
강원도 속초시 조양동,1499,1499,0,부영3,59.905,202110,29,"18,200",9,1996,소평로 162,,-,-
강원도 속초시 조양동,1499,1499,0,부영3,59.905,202110,29,"20,900",10,1996,소평로 162,,-,-
강원도 속초시 조양동,1499,1499,0,부영3,59.905,202110,29,"19,700",11,1996,소평로 162,,-,-
강원도 속초시 조양동,1501,1501,0,부영5,50,202110,1,"15,600",12,1995,청대로204번길 40,,-,-
강원도 속초시 조양동,1501,1501,0,부영5,50,202110,9,"13,000",7,1995,청대로204번길 40,,-,-
강원도 속초시 조양동,1501,1501,0,부영5,50,202110,9,"14,900",5,1995,청대로204번길 40,,-,-
강원도 속초시 조양동,1501,1501,0,부영5,60,202110,9,"16,300",3,1995,청대로204번길 40,,-,-
강원도 속초시 조양동,1501,1501,0,부영5,50,202110,16,"15,000",8,1995,청대로204번길 40,,-,-
강원도 속초시 조양동,1501,1501,0,부영5,40,202110,24,"9,300",2,1995,청대로204번길 40,,-,-
강원도 속초시 조양동,1501,1501,0,부영5,40,202110,24,"9,300",2,1995,청대로204번길 40,,-,-
강원도 속초시 조양동,1501,1501,0,부영5,50,202110,29,"15,300",12,1995,청대로204번길 40,,-,-
강원도 속초시 조양동,1502,1502,0,부영6,50,202110,21,"13,000",5,1995,조양로 163,,-,-
강원도 속초시 조양동,1505,1505,0,부영9,50,202110,8,"12,000",2,1995,조양로142번길 13,,-,-
강원도 속초시 조양동,1505,1505,0,부영9,40,202110,14,"10,000",5,1995,조양로142번길 13,,-,-
강원도 속초시 조양동,1505,1505,0,부영9,50,202110,25,"13,000",6,1995,조양로142번길 13,,-,-
강원도 속초시 조양동,1561,1561,0,삼성쉐르빌,84.9909,202110,13,"28,700",11,2006,청대로 207,,-,-
강원도 속초시 조양동,1294-23,1294,23,성호,49.65,202110,2,"11,800",20,2001,청대로 22-7,,-,-
강원도 속초시 조양동,1294-23,1294,23,성호,49.65,202110,7,"12,400",7,2001,청대로 22-7,,-,-
강원도 속초시 조양동,1294-23,1294,23,성호,59.76,202110,7,"15,400",10,2001,청대로 8,,-,-
강원도 속초시 조양동,1294-23,1294,23,성호,59.76,202110,9,"15,500",9,2001,청대로 8,,-,-
강원도 속초시 조양동,1294-23,1294,23,성호,59.76,202110,9,"15,500",9,2001,청대로 8,,-,-
강원도 속초시 조양동,1294-23,1294,23,성호,59.76,202110,12,"16,400",16,2001,청대로 22-7,,-,-
강원도 속초시 조양동,1294-23,1294,23,성호,59.76,202110,12,"15,000",14,2001,청대로 22-7,,-,-
강원도 속초시 조양동,1294-23,1294,23,성호,49.65,202110,14,"12,000",14,2001,청대로 22-7,,-,-
강원도 속초시 조양동,1294-23,1294,23,성호,49.65,202110,14,"13,000",9,2001,청대로 8,,-,-
강원도 속초시 조양동,1294-23,1294,23,성호,59.76,202110,14,"14,500",17,2001,청대로 22-7,,-,-
강원도 속초시 조양동,1294-23,1294,23,성호,59.76,202110,20,"14,550",11,2001,청대로 22-7,,-,-
강원도 속초시 조양동,1294-23,1294,23,성호,59.76,202110,27,"16,900",17,2001,청대로 22-7,,-,-
강원도 속초시 조양동,1572,1572,0,속초KCC스위첸,59.9027,202110,2,"34,800",12,2019,청대로 40,,-,-
강원도 속초시 조양동,1572,1572,0,속초KCC스위첸,74.5213,202110,2,"40,000",20,2019,청대로 40,,-,-
강원도 속초시 조양동,1572,1572,0,속초KCC스위첸,84.9762,202110,2,"46,000",22,2019,청대로 40,,-,-
강원도 속초시 조양동,1572,1572,0,속초KCC스위첸,74.5213,202110,15,"34,800",1,2019,청대로 40,,-,-
강원도 속초시 조양동,1572,1572,0,속초KCC스위첸,74.5213,202110,17,"28,000",1,2019,청대로 40,,-,-
강원도 속초시 조양동,1572,1572,0,속초KCC스위첸,84.9762,202110,20,"40,000",5,2019,청대로 40,,-,-
강원도 속초시 조양동,1572,1572,0,속초KCC스위첸,84.9762,202110,23,"47,000",22,2019,청대로 40,,-,-
강원도 속초시 조양동,1459,1459,0,속초서희스타힐스더베이,84.91,202110,30,"35,000",14,2020,동해대로 3958,,-,-
강원도 속초시 조양동,1586,1586,0,속초자이,62.4685,202110,11,"39,000",14,2020,조양로 181,,-,-
강원도 속초시 조양동,1586,1586,0,속초자이,82.8182,202110,25,"44,000",4,2020,조양로 181,,-,-
강원도 속초시 조양동,1569,1569,0,속초조양양우내안애아파트,59.7891,202110,2,"24,600",11,2015,온정로1길 30,,-,-
강원도 속초시 조양동,1569,1569,0,속초조양양우내안애아파트,59.7891,202110,4,"25,000",8,2015,온정로1길 30,,-,-
강원도 속초시 조양동,1569,1569,0,속초조양양우내안애아파트,59.9588,202110,11,"24,000",2,2015,온정로1길 30,,-,-
강원도 속초시 조양동,1569,1569,0,속초조양양우내안애아파트,59.7891,202110,13,"24,000",2,2015,온정로1길 30,,-,-
강원도 속초시 조양동,1569,1569,0,속초조양양우내안애아파트,68.1836,202110,13,"27,000",8,2015,온정로1길 30,,-,-
강원도 속초시 조양동,1569,1569,0,속초조양양우내안애아파트,68.1836,202110,27,"27,800",9,2015,온정로1길 30,,-,-
강원도 속초시 조양동,1563,1563,0,속초조양코아루,120.09,202110,8,"35,400",10,2006,청대마을길 20,,-,-
강원도 속초시 조양동,1563,1563,0,속초조양코아루,84.98,202110,9,"24,500",2,2006,청대마을길 20,,-,-
강원도 속초시 조양동,1563,1563,0,속초조양코아루,84.98,202110,13,"24,000",8,2006,청대마을길 20,,-,-
강원도 속초시 조양동,1411-146,1411,146,속초조양코아루아리스타,21.4649,202110,20,"10,220",27,2021,동해대로 4008,,-,-
강원도 속초시 조양동,1217-1,1217,1,조양1주공,59.99,202110,16,"16,500",11,1998,온정로 6,,-,-
강원도 속초시 조양동,1217-1,1217,1,조양1주공,59.99,202110,30,"16,000",2,1998,온정로 6,,-,-
강원도 속초시 조양동,1215-1,1215,1,조양주공2,49.62,202110,11,"12,500",4,1998,온정로 24,,-,-
강원도 속초시 조양동,1215-1,1215,1,조양주공2,49.62,202110,16,"13,000",11,1998,온정로 24,,-,-
강원도 속초시 조양동,1215-1,1215,1,조양주공2,49.62,202110,17,"13,000",3,1998,온정로 24,,-,-
강원도 속초시 조양동,1215-1,1215,1,조양주공2,39.74,202110,18,"11,500",2,1998,온정로 24,,-,-
강원도 속초시 조양동,1215-1,1215,1,조양주공2,49.62,202110,18,"12,800",7,1998,온정로 24,,-,-
강원도 속초시 조양동,1377-10,1377,10,진덕설악,59.99,202110,4,"13,300",12,1990,조양로22번길 4,,-,-
강원도 속초시 조양동,1463-4,1463,4,한신,51.45,202110,23,"28,500",1,1990,해오름로 149,,-,-
강원도 속초시 조양동,1582,1582,0,효성해링턴플레이스,84.99,202110,13,"40,000",19,2019,청대로 210,,-,-
강원도 속초시 조양동,1582,1582,0,효성해링턴플레이스,59.98,202110,28,"33,000",19,2019,청대로 210,,-,-
강원도 속초시 청호동,1356,1356,0,속초청호아이파크,59.98,202110,1,"32,500",6,2018,청호로 22,,-,-
강원도 속초시 청호동,1356,1356,0,속초청호아이파크,84.82,202110,7,"43,300",4,2018,청호로 22,,-,-
강원도 양구군 양구읍 상리,510,510,0,경림,37.755,202110,18,"6,200",12,1998,양록길23번길 11,,-,-
강원도 양구군 양구읍 정림리,177,177,0,양구보배,53.91,202110,22,"7,500",1,1992,박수근로 322,,-,-
강원도 양구군 양구읍 정림리,436,436,0,양구석미모닝파크,77.12,202110,5,"17,000",7,2010,박수근로313번길 17,,-,-
강원도 양양군 강현면 강선리,987,987,0,양양우미린디오션,84.98,202110,11,"28,800",4,2019,물치천로 70-1,,-,-
강원도 양양군 손양면 하왕도리,303,303,0,삼호,39.6,202110,4,"5,350",1,1998,손중로 211-8,,-,-
강원도 양양군 양양읍 거마리,01월 31일,31,1,설악실크벨리,25.45,202110,3,"2,650",5,1998,거마천로 300,,-,-
강원도 양양군 양양읍 거마리,01월 31일,31,1,설악실크벨리,25.45,202110,3,"2,550",4,1998,거마천로 300,,-,-
강원도 양양군 양양읍 거마리,01월 31일,31,1,설악실크벨리,25.45,202110,5,"3,200",4,1998,거마천로 300,,-,-
강원도 양양군 양양읍 거마리,01월 31일,31,1,설악실크벨리,25.45,202110,13,"2,900",7,1998,거마천로 300,,-,-
강원도 양양군 양양읍 거마리,01월 31일,31,1,설악실크벨리,25.45,202110,13,"3,500",8,1998,거마천로 300,,-,-
강원도 양양군 양양읍 거마리,01월 31일,31,1,설악실크벨리,25.45,202110,14,"3,200",7,1998,거마천로 300,,-,-
강원도 양양군 양양읍 거마리,01월 31일,31,1,설악실크벨리,25.45,202110,23,"2,900",11,1998,거마천로 300,,-,-
강원도 양양군 양양읍 구교리,67,67,0,태산2차,53.01,202110,1,"10,000",8,1997,북문길 22-18,,-,-
강원도 양양군 양양읍 내곡리,61,61,0,하이펠리스,84.6,202110,27,"12,350",11,2007,내곡길 18,,-,-
강원도 양양군 양양읍 서문리,414,414,0,양양서문주공,51.85,202110,1,"10,700",5,2005,양양로 154-9,,-,-
강원도 양양군 양양읍 서문리,414,414,0,양양서문주공,51.85,202110,8,"11,500",11,2005,양양로 154-9,,-,-
강원도 양양군 양양읍 서문리,414,414,0,양양서문주공,51.85,202110,11,"10,550",6,2005,양양로 154-9,,-,-
강원도 양양군 양양읍 서문리,414,414,0,양양서문주공,59.57,202110,18,"13,500",15,2005,양양로 154-9,,-,-
강원도 양양군 양양읍 서문리,414,414,0,양양서문주공,51.85,202110,27,"11,000",6,2005,양양로 154-9,,-,-
강원도 양양군 양양읍 성내리,72,72,0,정아2,59.88,202110,7,"8,800",9,1995,북문길 39,,-,-
강원도 양양군 양양읍 송암리,455,455,0,일심샹스빌2단지,84.9984,202110,11,"14,800",2,2007,청곡길 53-1,,-,-
강원도 양양군 양양읍 월리,449-1,449,1,명지푸르미,31.5408,202110,2,"5,300",11,2002,남대천로 99-14,,-,-
강원도 양양군 양양읍 월리,449-1,449,1,명지푸르미,31.5408,202110,12,"5,100",5,2002,남대천로 99-14,,-,-
강원도 양양군 양양읍 월리,449-1,449,1,명지푸르미,31.5408,202110,14,"5,100",10,2002,남대천로 99-14,,-,-
강원도 양양군 양양읍 월리,449-1,449,1,명지푸르미,31.5408,202110,15,"5,100",10,2002,남대천로 99-14,,-,-
강원도 양양군 양양읍 월리,449-1,449,1,명지푸르미,31.5408,202110,15,"5,100",4,2002,남대천로 99-14,,-,-
강원도 양양군 양양읍 월리,449-1,449,1,명지푸르미,31.5408,202110,25,"5,100",12,2002,남대천로 99-14,,-,-
강원도 양양군 양양읍 월리,449-1,449,1,명지푸르미,31.5408,202110,29,"5,100",4,2002,남대천로 99-14,,-,-
강원도 양양군 현남면 광진리,141,141,0,대목바다마을,38.88,202110,1,"9,800",7,1998,동해대로 611-7,,-,-
강원도 양양군 현남면 광진리,141,141,0,대목바다마을,38.88,202110,5,"7,800",5,1998,동해대로 611-7,,-,-
강원도 양양군 현남면 광진리,141,141,0,대목바다마을,38.88,202110,8,"8,100",5,1998,동해대로 611-7,,-,-
강원도 양양군 현남면 광진리,141,141,0,대목바다마을,38.88,202110,18,"8,500",9,1998,동해대로 611-7,,-,-
강원도 양양군 현남면 광진리,141,141,0,대목바다마을,38.88,202110,25,"8,200",4,1998,동해대로 611-7,,-,-
강원도 양양군 현남면 광진리,141,141,0,대목바다마을,38.88,202110,25,"8,100",5,1998,동해대로 611-7,,-,-
강원도 양양군 현남면 남애리,37,37,0,우정주택남애리치빌,84.672,202110,6,"17,000",4,2000,남애안길 28,,-,-
강원도 양양군 현북면 기사문리,145,145,0,TM힐,30.2226,202110,31,"11,300",14,2003,동해대로 1269-17,,-,-
강원도 양양군 현북면 중광정리,176-1,176,1,심미,58.837,202110,9,"18,000",6,2001,동해대로 1611-7,,-,-
강원도 양양군 현북면 중광정리,176-1,176,1,심미,48.3066,202110,15,"14,900",7,2001,동해대로 1611-7,,-,-
강원도 영월군 영월읍 덕포리,505-11,505,11,금용,59.82,202110,15,"6,500",11,1994,중리1길 108,,-,-
강원도 영월군 영월읍 방절리,482-1,482,1,신아,39.9,202110,19,"3,550",9,1997,청령포로 213,,-,-
강원도 영월군 영월읍 영흥리,1049-16,1049,16,삼호,44.67,202110,4,"3,500",3,1990,단종로 88,,-,-
강원도 영월군 영월읍 영흥리,1049-16,1049,16,삼호,44.67,202110,11,"3,000",3,1990,단종로 88,,-,-
강원도 영월군 영월읍 하송리,363,363,0,드림채,74.4739,202110,20,"15,800",13,2012,하송로 146-10,,-,-
강원도 영월군 영월읍 하송리,53,53,0,레스트힐,84.54,202110,15,"22,000",6,2013,제방안길 64,,-,-
강원도 영월군 영월읍 하송리,53,53,0,레스트힐,59.73,202110,16,"16,000",12,2013,제방안길 64,,-,-
강원도 영월군 영월읍 하송리,11월 01일,11,1,영월맨션,52.95,202110,9,"3,100",4,1986,하송안길 89,,-,-
강원도 영월군 영월읍 하송리,403,403,0,주공3,49.96,202110,1,"7,300",3,1998,하송로 123-4,,-,-
강원도 영월군 영월읍 하송리,403,403,0,주공3,49.96,202110,13,"7,450",9,1998,하송로 123-4,,-,-
강원도 영월군 영월읍 하송리,403,403,0,주공3,49.96,202110,20,"8,300",11,1998,하송로 123-4,,-,-
강원도 영월군 영월읍 하송리,403,403,0,주공3,49.96,202110,20,"7,200",5,1998,하송로 123-4,,-,-
강원도 영월군 영월읍 하송리,403,403,0,주공3,49.96,202110,22,"7,000",8,1998,하송로 123-4,,-,-
강원도 영월군 영월읍 하송리,394,394,0,주공4,59.8,202110,2,"11,000",1,1999,하송로 123-7,,-,-
강원도 영월군 영월읍 하송리,394,394,0,주공4,49.96,202110,4,"8,500",5,1999,하송로 123-7,,-,-
강원도 영월군 영월읍 하송리,394,394,0,주공4,49.96,202110,6,"9,000",11,1999,하송로 123-7,,-,-
강원도 영월군 영월읍 하송리,394,394,0,주공4,59.8,202110,13,"12,000",5,1999,하송로 123-7,,-,-
강원도 영월군 영월읍 하송리,394,394,0,주공4,59.8,202110,17,"10,300",11,1999,하송로 123-7,,-,-
강원도 영월군 영월읍 하송리,394,394,0,주공4,59.8,202110,17,"11,500",11,1999,하송로 123-7,,-,-
강원도 영월군 영월읍 하송리,394,394,0,주공4,49.96,202110,28,"6,500",2,1999,하송로 123-7,,-,-
강원도 영월군 영월읍 하송리,189-2,189,2,하송주공1차,38.57,202110,9,"5,000",1,1983,중앙로 4,,-,-
강원도 원주시 개운동,441,441,0,개운한신휴플러스1차,84.77,202110,4,"26,700",6,2006,서원대로 389,,-,-
강원도 원주시 개운동,441,441,0,개운한신휴플러스1차,84.77,202110,8,"25,000",16,2006,서원대로 389,,-,-
강원도 원주시 개운동,441,441,0,개운한신휴플러스1차,84.98,202110,9,"27,500",16,2006,서원대로 389,,-,-
강원도 원주시 개운동,441,441,0,개운한신휴플러스1차,59.905,202110,18,"17,500",20,2006,서원대로 389,,-,-
강원도 원주시 개운동,441,441,0,개운한신휴플러스1차,84.98,202110,29,"28,500",12,2006,서원대로 389,,-,-
강원도 원주시 개운동,441,441,0,개운한신휴플러스1차,84.98,202110,29,"27,900",10,2006,서원대로 389,,-,-
강원도 원주시 개운동,322,322,0,개운현대,84.914,202110,15,"17,000",8,1998,남원로606번길 2,,-,-
강원도 원주시 개운동,322,322,0,개운현대,84.974,202110,16,"14,000",2,1998,남원로606번길 2,,-,-
강원도 원주시 개운동,322,322,0,개운현대,84.974,202110,20,"13,000",14,1998,남원로606번길 2,,-,-
강원도 원주시 개운동,322,322,0,개운현대,35.1,202110,22,"5,900",6,1998,남원로606번길 2,,-,-
강원도 원주시 개운동,118-26,118,26,덕산,84.047,202110,7,"12,500",6,1992,치악로 1777,,-,-
강원도 원주시 개운동,118-26,118,26,덕산,59.58,202110,25,"10,200",8,1992,치악로 1777,,-,-
강원도 원주시 개운동,546-3,546,3,서초,46.915,202110,13,"6,000",4,1999,개운4길 75,,-,-
강원도 원주시 개운동,546-3,546,3,서초,46.915,202110,27,"5,900",13,1999,개운4길 75,,-,-
강원도 원주시 개운동,203-70,203,70,세경,47.07,202110,13,"7,000",2,1988,강변로 353,,-,-
강원도 원주시 개운동,203-70,203,70,세경,47.07,202110,25,"8,000",4,1988,강변로 353,,-,-
강원도 원주시 개운동,581-1,581,1,원주개운휴먼시아1단지,84.56,202110,4,"24,200",10,2010,개운로 30,,-,-
강원도 원주시 개운동,01월 28일,28,1,원주힐스테이트,157.7796,202110,19,"34,500",6,2006,행구로 54,,-,-
강원도 원주시 개운동,01월 28일,28,1,원주힐스테이트,136.1835,202110,30,"32,000",19,2006,행구로 54,,-,-
강원도 원주시 개운동,328-1,328,1,원흥3단지,59.9,202110,1,"7,500",15,1993,치악로1735번길 56,,-,-
강원도 원주시 개운동,328-1,328,1,원흥3단지,84.261,202110,2,"11,500",9,1993,치악로1735번길 56,,-,-
강원도 원주시 개운동,328-1,328,1,원흥3단지,84.261,202110,5,"12,000",11,1993,치악로1735번길 56,,-,-
강원도 원주시 개운동,328-1,328,1,원흥3단지,84.261,202110,5,"12,000",8,1993,치악로1735번길 56,,-,-
강원도 원주시 개운동,328-1,328,1,원흥3단지,84.261,202110,12,"10,500",13,1993,치악로1735번길 56,,-,-
강원도 원주시 개운동,328-1,328,1,원흥3단지,96.21,202110,12,"11,800",3,1993,치악로1735번길 56,,-,-
강원도 원주시 개운동,328-1,328,1,원흥3단지,96.21,202110,13,"14,000",4,1993,치악로1735번길 56,,-,-
강원도 원주시 개운동,328-1,328,1,원흥3단지,59.9,202110,18,"9,000",8,1993,치악로1735번길 56,,-,-
강원도 원주시 개운동,328-1,328,1,원흥3단지,59.9,202110,30,"9,900",9,1993,치악로1735번길 56,,-,-
강원도 원주시 개운동,433-9,433,9,원흥아파트1단지,70.504,202110,6,"8,500",6,1990,송림길 3,,-,-
강원도 원주시 개운동,433-9,433,9,원흥아파트1단지,64.624,202110,20,"6,500",4,1990,송림길 17,,-,-
강원도 원주시 개운동,433-9,433,9,원흥아파트1단지,70.504,202110,21,"7,800",3,1990,송림길 3,,-,-
강원도 원주시 개운동,433-9,433,9,원흥아파트1단지,70.504,202110,29,"7,700",6,1990,송림길 3,,-,-
강원도 원주시 관설동,1774-3,1774,3,청솔5차,59.85,202110,1,"13,500",14,2001,시청로 524,,-,-
강원도 원주시 관설동,1774-3,1774,3,청솔5차,59.85,202110,2,"12,000",14,2001,시청로 524,20211026,-,-
강원도 원주시 관설동,1774-3,1774,3,청솔5차,59.85,202110,2,"11,300",14,2001,시청로 524,,-,-
강원도 원주시 관설동,1774-3,1774,3,청솔5차,59.85,202110,2,"12,000",14,2001,시청로 524,,-,-
강원도 원주시 관설동,1774-3,1774,3,청솔5차,59.85,202110,5,"12,500",12,2001,시청로 524,,-,-
강원도 원주시 관설동,1774-3,1774,3,청솔5차,59.85,202110,6,"13,500",9,2001,시청로 524,,-,-
강원도 원주시 관설동,1774-3,1774,3,청솔5차,59.85,202110,14,"13,200",8,2001,시청로 524,,-,-
강원도 원주시 관설동,1774-3,1774,3,청솔5차,59.85,202110,15,"12,800",14,2001,시청로 524,,-,-
강원도 원주시 관설동,1774-3,1774,3,청솔5차,59.85,202110,22,"13,800",10,2001,시청로 524,,-,-
강원도 원주시 관설동,1774-3,1774,3,청솔5차,59.85,202110,23,"13,000",7,2001,시청로 524,,-,-
강원도 원주시 관설동,1713-1,1713,1,청솔6차,59.85,202110,1,"12,500",11,2002,단관초교길 9,,-,-
강원도 원주시 관설동,1713-1,1713,1,청솔6차,59.85,202110,1,"12,000",8,2002,단관초교길 9,,-,-
강원도 원주시 관설동,1713-1,1713,1,청솔6차,59.85,202110,2,"13,500",13,2002,단관초교길 9,,-,-
강원도 원주시 관설동,1713-1,1713,1,청솔6차,59.85,202110,8,"13,200",7,2002,단관초교길 9,,-,-
강원도 원주시 관설동,1713-1,1713,1,청솔6차,59.85,202110,14,"13,000",10,2002,단관초교길 9,,-,-
강원도 원주시 관설동,1713-2,1713,2,청솔8차,59.85,202110,1,"13,300",5,2002,나비허리길 188,,-,-
강원도 원주시 관설동,1713-2,1713,2,청솔8차,59.85,202110,1,"13,500",13,2002,나비허리길 188,,-,-
강원도 원주시 관설동,1713-2,1713,2,청솔8차,59.85,202110,1,"13,500",13,2002,나비허리길 188,20211008,-,-
강원도 원주시 관설동,1713-2,1713,2,청솔8차,59.85,202110,2,"13,400",15,2002,나비허리길 188,,-,-
강원도 원주시 관설동,1713-2,1713,2,청솔8차,59.85,202110,2,"12,800",14,2002,나비허리길 188,,-,-
강원도 원주시 관설동,1713-2,1713,2,청솔8차,59.85,202110,2,"13,000",7,2002,나비허리길 188,,-,-
강원도 원주시 관설동,1713-2,1713,2,청솔8차,59.85,202110,2,"11,000",1,2002,나비허리길 188,,-,-
강원도 원주시 관설동,1713-2,1713,2,청솔8차,59.85,202110,2,"10,000",1,2002,나비허리길 188,,-,-
강원도 원주시 관설동,1713-2,1713,2,청솔8차,59.85,202110,6,"13,400",15,2002,나비허리길 188,,-,-
강원도 원주시 관설동,1713-2,1713,2,청솔8차,59.85,202110,12,"13,200",8,2002,나비허리길 188,,-,-
강원도 원주시 관설동,1713-2,1713,2,청솔8차,59.85,202110,13,"13,300",8,2002,나비허리길 188,,-,-
강원도 원주시 관설동,1713-2,1713,2,청솔8차,59.85,202110,13,"13,600",8,2002,나비허리길 188,,-,-
강원도 원주시 관설동,1713-2,1713,2,청솔8차,59.85,202110,14,"11,000",2,2002,나비허리길 188,,-,-
강원도 원주시 관설동,1713-2,1713,2,청솔8차,59.85,202110,15,"12,500",15,2002,나비허리길 188,,-,-
강원도 원주시 관설동,1713-2,1713,2,청솔8차,59.85,202110,15,"12,800",15,2002,나비허리길 188,,-,-
강원도 원주시 관설동,1713-2,1713,2,청솔8차,59.85,202110,16,"11,500",1,2002,나비허리길 188,,-,-
강원도 원주시 관설동,1713-2,1713,2,청솔8차,59.85,202110,16,"12,900",12,2002,나비허리길 188,,-,-
강원도 원주시 관설동,1713-2,1713,2,청솔8차,59.85,202110,16,"11,500",1,2002,나비허리길 188,20211025,-,-
강원도 원주시 관설동,1713-2,1713,2,청솔8차,59.85,202110,20,"12,300",15,2002,나비허리길 188,,-,-
강원도 원주시 관설동,1713-2,1713,2,청솔8차,59.85,202110,21,"13,000",14,2002,나비허리길 188,,-,-
강원도 원주시 관설동,1713-2,1713,2,청솔8차,59.85,202110,22,"13,300",8,2002,나비허리길 188,,-,-
강원도 원주시 관설동,1713-2,1713,2,청솔8차,59.85,202110,22,"12,500",11,2002,나비허리길 188,,-,-
강원도 원주시 관설동,1713-2,1713,2,청솔8차,59.85,202110,22,"13,000",6,2002,나비허리길 188,,-,-
강원도 원주시 관설동,1713-2,1713,2,청솔8차,59.85,202110,22,"10,300",1,2002,나비허리길 188,,-,-
강원도 원주시 관설동,1713-2,1713,2,청솔8차,59.85,202110,23,"13,000",13,2002,나비허리길 188,,-,-
강원도 원주시 관설동,1713-2,1713,2,청솔8차,59.85,202110,29,"13,600",12,2002,나비허리길 188,,-,-
강원도 원주시 관설동,1713-2,1713,2,청솔8차,59.85,202110,29,"11,400",2,2002,나비허리길 188,,-,-
강원도 원주시 관설동,1774-4,1774,4,코아루,84.96,202110,9,"20,500",2,2005,시청로 496,,-,-
강원도 원주시 관설동,1774-2,1774,2,현진에버빌4차,84.976,202110,15,"22,000",9,2004,시청로 494,,-,-
강원도 원주시 관설동,1774-2,1774,2,현진에버빌4차,84.976,202110,15,"18,500",2,2004,시청로 494,,-,-
강원도 원주시 관설동,1774-2,1774,2,현진에버빌4차,72.721,202110,19,"19,000",7,2004,시청로 494,,-,-
강원도 원주시 관설동,1774-2,1774,2,현진에버빌4차,84.976,202110,23,"21,400",8,2004,시청로 494,,-,-
강원도 원주시 단계동,807,807,0,단계롯데,84.91,202110,15,"15,200",9,1993,백간길 53,,-,-
강원도 원주시 단계동,807,807,0,단계롯데,84.91,202110,16,"15,000",1,1993,백간길 53,,-,-
강원도 원주시 단계동,808,808,0,단계삼익,84.75,202110,11,"21,000",6,1993,봉화로 74,,-,-
강원도 원주시 단계동,808,808,0,단계삼익,84.75,202110,16,"17,000",4,1993,봉화로 74,,-,-
강원도 원주시 단계동,806,806,0,단계은행,49.8,202110,5,"9,000",5,1994,원문로 175,,-,-
강원도 원주시 단계동,806,806,0,단계은행,49.8,202110,29,"9,500",7,1994,원문로 175,,-,-
강원도 원주시 단계동,806,806,0,단계은행,49.8,202110,30,"9,500",11,1994,원문로 175,,-,-
강원도 원주시 단계동,1166,1166,0,단계이안1단지,130.47,202110,7,"33,000",12,2007,모란1길 51,,-,-
강원도 원주시 단계동,1166,1166,0,단계이안1단지,84.93,202110,17,"23,000",7,2007,모란1길 51,,-,-
강원도 원주시 단계동,1165,1165,0,단계이안2단지,84.93,202110,2,"21,400",3,2007,모란1길 52,,-,-
강원도 원주시 단계동,1165,1165,0,단계이안2단지,84.93,202110,13,"23,900",13,2007,모란1길 52,,-,-
강원도 원주시 단계동,1165,1165,0,단계이안2단지,100.52,202110,15,"21,000",6,2007,모란1길 52,,-,-
강원도 원주시 단계동,1165,1165,0,단계이안2단지,84.93,202110,19,"22,000",15,2007,모란1길 52,,-,-
강원도 원주시 단계동,1165,1165,0,단계이안2단지,84.93,202110,26,"22,900",13,2007,모란1길 52,,-,-
강원도 원주시 단계동,792,792,0,단계주공,54.12,202110,2,"25,000",5,1984,서원대로 205,,-,-
강원도 원주시 단계동,792,792,0,단계주공,54.77,202110,4,"26,000",4,1984,서원대로 205,,-,-
강원도 원주시 단계동,792,792,0,단계주공,54.77,202110,4,"25,000",4,1984,서원대로 205,,-,-
강원도 원주시 단계동,792,792,0,단계주공,54.12,202110,5,"20,000",3,1984,서원대로 205,,-,-
강원도 원주시 단계동,792,792,0,단계주공,65.99,202110,7,"30,000",1,1984,서원대로 205,,-,-
강원도 원주시 단계동,792,792,0,단계주공,54.12,202110,8,"26,300",1,1984,서원대로 205,,-,-
강원도 원주시 단계동,792,792,0,단계주공,65.2,202110,12,"30,000",5,1984,서원대로 205,,-,-
강원도 원주시 단계동,792,792,0,단계주공,54.12,202110,15,"26,000",4,1984,서원대로 205,,-,-
강원도 원주시 단계동,792,792,0,단계주공,54.12,202110,16,"26,800",2,1984,서원대로 205,,-,-
강원도 원주시 단계동,792,792,0,단계주공,65.99,202110,23,"30,500",5,1984,서원대로 205,,-,-
강원도 원주시 단계동,792,792,0,단계주공,54.12,202110,27,"26,000",1,1984,서원대로 205,,-,-
강원도 원주시 단계동,111-47,111,47,동보렉스4,49.58,202110,2,"7,700",15,1991,원문로 160,,-,-
강원도 원주시 단계동,111-47,111,47,동보렉스4,59.355,202110,5,"9,500",6,1991,원문로 160,,-,-
강원도 원주시 단계동,111-47,111,47,동보렉스4,73,202110,6,"10,000",2,1991,원문로 160,,-,-
강원도 원주시 단계동,111-47,111,47,동보렉스4,59.355,202110,18,"8,400",12,1991,원문로 160,,-,-
강원도 원주시 단계동,111-47,111,47,동보렉스4,49.58,202110,27,"7,000",9,1991,원문로 160,,-,-
강원도 원주시 단계동,111-47,111,47,동보렉스4,49.58,202110,30,"6,500",7,1991,원문로 160,,-,-
강원도 원주시 단계동,808-1,808,1,라이프타운,134.76,202110,4,"19,700",4,1993,백간길 72,,-,-
강원도 원주시 단계동,808-1,808,1,라이프타운,134.76,202110,14,"21,500",7,1993,백간길 72,,-,-
강원도 원주시 단계동,809,809,0,벽산,95.27,202110,6,"18,500",2,1993,백간길 80,,-,-
강원도 원주시 단계동,1095-1,1095,1,봉화산e-편한세상,84.98,202110,18,"29,800",8,2006,봉화로 67,,-,-
강원도 원주시 단계동,1095-1,1095,1,봉화산e-편한세상,116.55,202110,23,"36,000",13,2006,봉화로 67,,-,-
강원도 원주시 단계동,1095-1,1095,1,봉화산e-편한세상,84.98,202110,25,"28,000",3,2006,봉화로 67,,-,-
강원도 원주시 단계동,1095-1,1095,1,봉화산e-편한세상,84.98,202110,30,"31,000",5,2006,봉화로 67,,-,-
강원도 원주시 단계동,1215,1215,0,봉화산벨라시티,59.9031,202110,18,"27,000",12,2016,백간길 17,,-,-
강원도 원주시 단계동,1215,1215,0,봉화산벨라시티,59.9847,202110,25,"27,000",19,2016,백간길 17,,-,-
강원도 원주시 단계동,1215,1215,0,봉화산벨라시티,84.9883,202110,30,"33,000",19,2016,백간길 17,,-,-
강원도 원주시 단계동,807-1,807,1,세경3차,59.76,202110,1,"8,700",8,1996,백간길 63,,-,-
강원도 원주시 단계동,807-1,807,1,세경3차,59.76,202110,3,"10,300",7,1996,백간길 63,,-,-
강원도 원주시 단계동,807-1,807,1,세경3차,59.76,202110,3,"7,780",8,1996,백간길 63,,-,-
강원도 원주시 단계동,807-1,807,1,세경3차,59.76,202110,4,"8,700",4,1996,백간길 63,,-,-
강원도 원주시 단계동,807-1,807,1,세경3차,59.76,202110,5,"8,700",14,1996,백간길 63,,-,-
강원도 원주시 단계동,807-1,807,1,세경3차,59.76,202110,5,"7,800",9,1996,백간길 63,,-,-
강원도 원주시 단계동,807-1,807,1,세경3차,59.76,202110,7,"7,800",9,1996,백간길 63,,-,-
강원도 원주시 단계동,807-1,807,1,세경3차,59.76,202110,11,"12,800",9,1996,백간길 63,,-,-
강원도 원주시 단계동,807-1,807,1,세경3차,59.76,202110,12,"12,400",8,1996,백간길 63,,-,-
강원도 원주시 단계동,807-1,807,1,세경3차,59.76,202110,13,"9,200",2,1996,백간길 63,,-,-
강원도 원주시 단계동,807-1,807,1,세경3차,59.76,202110,13,"12,000",3,1996,백간길 63,,-,-
강원도 원주시 단계동,807-1,807,1,세경3차,59.76,202110,18,"8,700",14,1996,백간길 63,,-,-
강원도 원주시 단계동,807-1,807,1,세경3차,59.76,202110,20,"12,500",15,1996,백간길 63,,-,-
강원도 원주시 단계동,807-1,807,1,세경3차,59.76,202110,22,"12,200",14,1996,백간길 63,,-,-
강원도 원주시 단계동,807-1,807,1,세경3차,59.76,202110,22,"8,700",12,1996,백간길 63,,-,-
강원도 원주시 단계동,807-1,807,1,세경3차,59.76,202110,22,"8,700",3,1996,백간길 63,,-,-
강원도 원주시 단계동,807-1,807,1,세경3차,59.76,202110,23,"12,800",10,1996,백간길 63,,-,-
강원도 원주시 단계동,807-1,807,1,세경3차,59.76,202110,27,"8,700",14,1996,백간길 63,,-,-
강원도 원주시 단계동,807-1,807,1,세경3차,59.76,202110,28,"12,900",4,1996,백간길 63,,-,-
강원도 원주시 단계동,807-1,807,1,세경3차,59.76,202110,28,"13,000",11,1996,백간길 63,,-,-
강원도 원주시 단계동,807-1,807,1,세경3차,59.76,202110,30,"13,000",8,1996,백간길 63,,-,-
강원도 원주시 단계동,1218,1218,0,원주봉화산벨라시티2차아파트,59.9841,202110,2,"27,500",18,2018,백간길 17-1,,-,-
강원도 원주시 단계동,1218,1218,0,원주봉화산벨라시티2차아파트,84.9911,202110,2,"34,300",2,2018,백간길 17-1,,-,-
강원도 원주시 단계동,1218,1218,0,원주봉화산벨라시티2차아파트,59.9168,202110,2,"30,500",18,2018,백간길 17-1,,-,-
강원도 원주시 단계동,1218,1218,0,원주봉화산벨라시티2차아파트,59.9933,202110,2,"28,000",4,2018,백간길 17-1,,-,-
강원도 원주시 단계동,1218,1218,0,원주봉화산벨라시티2차아파트,59.9933,202110,4,"29,600",28,2018,백간길 17-1,,-,-
강원도 원주시 단계동,1218,1218,0,원주봉화산벨라시티2차아파트,84.9911,202110,8,"39,800",22,2018,백간길 17-1,,-,-
강원도 원주시 단계동,1218,1218,0,원주봉화산벨라시티2차아파트,74.901,202110,12,"33,000",14,2018,백간길 17-1,,-,-
강원도 원주시 단계동,1184,1184,0,원주봉화산푸르지오,84.8617,202110,1,"32,200",1,2017,봉화서부로 11,,-,-
강원도 원주시 단계동,1184,1184,0,원주봉화산푸르지오,72.8686,202110,5,"36,500",25,2017,봉화서부로 11,,-,-
강원도 원주시 단계동,1184,1184,0,원주봉화산푸르지오,72.8686,202110,6,"28,000",10,2017,봉화서부로 11,,-,-
강원도 원주시 단계동,1184,1184,0,원주봉화산푸르지오,72.8686,202110,7,"37,000",28,2017,봉화서부로 11,,-,-
강원도 원주시 단계동,1184,1184,0,원주봉화산푸르지오,84.8617,202110,7,"39,850",12,2017,봉화서부로 11,,-,-
강원도 원주시 단계동,1184,1184,0,원주봉화산푸르지오,72.8686,202110,9,"37,500",27,2017,봉화서부로 11,,-,-
강원도 원주시 단계동,1184,1184,0,원주봉화산푸르지오,84.752,202110,23,"43,000",27,2017,봉화서부로 11,,-,-
강원도 원주시 단계동,1184,1184,0,원주봉화산푸르지오,72.8686,202110,23,"28,700",1,2017,봉화서부로 11,,-,-
강원도 원주시 단계동,1184,1184,0,원주봉화산푸르지오,60.8496,202110,31,"29,500",22,2017,봉화서부로 11,,-,-
강원도 원주시 단계동,1084-2,1084,2,장미,59.67,202110,26,"13,300",11,1995,백간길 81,,-,-
강원도 원주시 단계동,1084-2,1084,2,장미,59.67,202110,27,"13,000",4,1995,백간길 81,,-,-
강원도 원주시 단계동,880,880,0,코오롱,59.73,202110,1,"15,000",8,1994,로아노크로 15,,-,-
강원도 원주시 단계동,880,880,0,코오롱,84.59,202110,9,"17,200",4,1994,로아노크로 15,,-,-
강원도 원주시 단계동,880,880,0,코오롱,84.59,202110,19,"19,700",10,1994,로아노크로 15,,-,-
강원도 원주시 단계동,880,880,0,코오롱,84.59,202110,29,"19,500",12,1994,로아노크로 15,,-,-
강원도 원주시 단계동,806-1,806,1,현진,84.74,202110,5,"12,000",1,1993,봉화로 122,,-,-
강원도 원주시 단계동,806-1,806,1,현진,64.12,202110,8,"11,600",9,1993,봉화로 122,,-,-
강원도 원주시 단계동,806-1,806,1,현진,64.12,202110,16,"15,500",7,1993,봉화로 122,,-,-
강원도 원주시 단계동,806-1,806,1,현진,84.74,202110,22,"16,300",12,1993,봉화로 122,,-,-
강원도 원주시 단구동,1461,1461,0,개운2차한신휴플러스,84.98,202110,3,"26,000",13,2006,서원대로 427,,-,-
강원도 원주시 단구동,1461,1461,0,개운2차한신휴플러스,127.865,202110,5,"29,750",6,2006,서원대로 427,,-,-
강원도 원주시 단구동,1461,1461,0,개운2차한신휴플러스,59.808,202110,8,"19,500",2,2006,서원대로 427,,-,-
강원도 원주시 단구동,1461,1461,0,개운2차한신휴플러스,84.98,202110,8,"25,000",15,2006,서원대로 427,,-,-
강원도 원주시 단구동,1461,1461,0,개운2차한신휴플러스,59.808,202110,15,"20,000",14,2006,서원대로 427,,-,-
강원도 원주시 단구동,1461,1461,0,개운2차한신휴플러스,127.865,202110,15,"28,300",5,2006,서원대로 427,,-,-
강원도 원주시 단구동,1461,1461,0,개운2차한신휴플러스,59.808,202110,21,"21,500",16,2006,서원대로 427,,-,-
강원도 원주시 단구동,1589-1,1589,1,구곡2현대,77.82,202110,2,"16,000",13,1998,늘품로 16,,-,-
강원도 원주시 단구동,1451,1451,0,단구동한신더휴,74.9321,202110,2,"30,900",15,2017,단구로 250,,-,-
강원도 원주시 단구동,1451,1451,0,단구동한신더휴,74.9321,202110,2,"30,900",4,2017,단구로 250,,-,-
강원도 원주시 단구동,1451,1451,0,단구동한신더휴,84.9035,202110,13,"35,500",3,2017,단구로 250,,-,-
강원도 원주시 단구동,1451,1451,0,단구동한신더휴,84.6989,202110,16,"36,800",18,2017,단구로 250,,-,-
강원도 원주시 단구동,1451,1451,0,단구동한신더휴,84.6989,202110,31,"37,300",9,2017,단구로 250,,-,-
강원도 원주시 단구동,1517-1,1517,1,대림,59.903,202110,7,"16,400",14,1997,남원로 524,,-,-
강원도 원주시 단구동,1517-1,1517,1,대림,59.903,202110,16,"16,350",12,1997,남원로 524,,-,-
강원도 원주시 단구동,1467,1467,0,대흥,57.48,202110,5,"7,700",11,1994,단구초교길 11,,-,-
강원도 원주시 단구동,1467,1467,0,대흥,57.48,202110,9,"7,900",9,1994,단구초교길 11,,-,-
강원도 원주시 단구동,1467,1467,0,대흥,84.98,202110,28,"12,000",14,1994,단구초교길 11,,-,-
강원도 원주시 단구동,1510-1,1510,1,동보노빌리티타워,83.54,202110,10,"16,500",6,2006,서원대로 380,,-,-
강원도 원주시 단구동,1026-26,1026,26,동보노빌리티타워골드,119.93,202110,13,"30,000",23,2009,서원대로 434,,-,-
강원도 원주시 단구동,1026-26,1026,26,동보노빌리티타워골드,94.38,202110,14,"25,000",20,2009,서원대로 434,,-,-
강원도 원주시 단구동,186-13,186,13,동주,58.93825,202110,23,"5,800",1,1980,치악로 1652,,-,-
강원도 원주시 단구동,1520,1520,0,두산,134.97,202110,10,"22,900",8,1997,남원로 496,,-,-
강원도 원주시 단구동,186-11,186,11,선아,76.145,202110,14,"8,000",2,1980,치악로 1650,,-,-
강원도 원주시 단구동,1589-4,1589,4,성일,59.55,202110,2,"13,400",11,1998,단구로 418,,-,-
강원도 원주시 단구동,1589-4,1589,4,성일,59.55,202110,5,"14,000",7,1998,단구로 418,20211013,-,-
강원도 원주시 단구동,1589-4,1589,4,성일,55.585,202110,7,"10,500",1,1998,단구로 418,,-,-
강원도 원주시 단구동,1589-4,1589,4,성일,38.685,202110,7,"8,000",4,1998,단구로 418,,-,-
강원도 원주시 단구동,1589-4,1589,4,성일,55.585,202110,11,"9,400",2,1998,단구로 418,,-,-
강원도 원주시 단구동,1589-4,1589,4,성일,59.55,202110,13,"14,000",7,1998,단구로 418,,-,-
강원도 원주시 단구동,1589-4,1589,4,성일,59.55,202110,16,"13,400",7,1998,단구로 418,,-,-
강원도 원주시 단구동,1589-4,1589,4,성일,59.55,202110,19,"11,700",1,1998,단구로 418,,-,-
강원도 원주시 단구동,1588-3,1588,3,세경5차임대,59.95,202110,14,"9,300",9,2001,단구로 412,,-,-
강원도 원주시 단구동,1588-3,1588,3,세경5차임대,59.95,202110,14,"9,300",9,2001,단구로 412,,-,-
강원도 원주시 단구동,1588-3,1588,3,세경5차임대,59.95,202110,14,"9,300",10,2001,단구로 412,,-,-
강원도 원주시 단구동,1588-3,1588,3,세경5차임대,59.95,202110,14,"9,500",8,2001,단구로 412,,-,-
강원도 원주시 단구동,1588-3,1588,3,세경5차임대,59.95,202110,14,"9,300",8,2001,단구로 412,,-,-
강원도 원주시 단구동,1588-3,1588,3,세경5차임대,59.95,202110,14,"9,300",8,2001,단구로 412,,-,-
강원도 원주시 단구동,1588-3,1588,3,세경5차임대,59.95,202110,14,"9,300",8,2001,단구로 412,,-,-
강원도 원주시 단구동,1588-3,1588,3,세경5차임대,59.95,202110,14,"9,300",6,2001,단구로 412,,-,-
강원도 원주시 단구동,1588-3,1588,3,세경5차임대,59.95,202110,14,"8,300",6,2001,단구로 412,,-,-
강원도 원주시 단구동,1588-3,1588,3,세경5차임대,59.95,202110,14,"9,300",5,2001,단구로 412,,-,-
강원도 원주시 단구동,1588-3,1588,3,세경5차임대,59.95,202110,14,"9,300",4,2001,단구로 412,,-,-
강원도 원주시 단구동,1588-3,1588,3,세경5차임대,59.95,202110,14,"9,300",13,2001,단구로 412,,-,-
강원도 원주시 단구동,1588-3,1588,3,세경5차임대,59.95,202110,14,"9,300",10,2001,단구로 412,,-,-
강원도 원주시 단구동,1588-3,1588,3,세경5차임대,59.95,202110,14,"9,300",13,2001,단구로 412,,-,-
강원도 원주시 단구동,1588-3,1588,3,세경5차임대,59.95,202110,18,"9,300",11,2001,단구로 412,,-,-
강원도 원주시 단구동,1588-3,1588,3,세경5차임대,59.95,202110,18,"9,300",13,2001,단구로 412,,-,-
강원도 원주시 단구동,1588-3,1588,3,세경5차임대,59.95,202110,18,"9,300",13,2001,단구로 412,,-,-
강원도 원주시 단구동,1588-3,1588,3,세경5차임대,59.95,202110,19,"9,500",9,2001,단구로 412,,-,-
강원도 원주시 단구동,1588-3,1588,3,세경5차임대,59.95,202110,19,"9,500",8,2001,단구로 412,,-,-
강원도 원주시 단구동,1588-3,1588,3,세경5차임대,59.95,202110,19,"9,500",8,2001,단구로 412,,-,-
강원도 원주시 단구동,1588-3,1588,3,세경5차임대,59.95,202110,21,"9,300",13,2001,단구로 412,,-,-
강원도 원주시 단구동,1588-3,1588,3,세경5차임대,59.95,202110,21,"9,300",11,2001,단구로 412,,-,-
강원도 원주시 단구동,1588-3,1588,3,세경5차임대,59.95,202110,21,"9,300",11,2001,단구로 412,,-,-
강원도 원주시 단구동,1588-3,1588,3,세경5차임대,59.95,202110,21,"9,300",10,2001,단구로 412,,-,-
강원도 원주시 단구동,1588-3,1588,3,세경5차임대,59.95,202110,21,"9,300",5,2001,단구로 412,,-,-
강원도 원주시 단구동,1588-3,1588,3,세경5차임대,59.95,202110,21,"9,300",14,2001,단구로 412,,-,-
강원도 원주시 단구동,1588-3,1588,3,세경5차임대,59.95,202110,21,"9,300",9,2001,단구로 412,,-,-
강원도 원주시 단구동,1588-3,1588,3,세경5차임대,59.95,202110,21,"9,300",7,2001,단구로 412,,-,-
강원도 원주시 단구동,1588-3,1588,3,세경5차임대,59.95,202110,21,"9,300",8,2001,단구로 412,,-,-
강원도 원주시 단구동,1588-3,1588,3,세경5차임대,59.95,202110,21,"9,300",9,2001,단구로 412,,-,-
강원도 원주시 단구동,1588-3,1588,3,세경5차임대,59.95,202110,21,"9,300",12,2001,단구로 412,,-,-
강원도 원주시 단구동,1588-3,1588,3,세경5차임대,59.95,202110,21,"9,300",12,2001,단구로 412,,-,-
강원도 원주시 단구동,1588-3,1588,3,세경5차임대,59.95,202110,21,"9,300",12,2001,단구로 412,,-,-
강원도 원주시 단구동,1588-3,1588,3,세경5차임대,59.95,202110,21,"9,300",14,2001,단구로 412,,-,-
강원도 원주시 단구동,1589-3,1589,3,세경웰러스,84.7396,202110,2,"18,500",8,2005,단구로 424,,-,-
강원도 원주시 단구동,1589-3,1589,3,세경웰러스,84.7396,202110,5,"18,700",8,2005,단구로 424,,-,-
강원도 원주시 단구동,1589-3,1589,3,세경웰러스,84.7396,202110,7,"18,400",9,2005,단구로 424,,-,-
강원도 원주시 단구동,1589-3,1589,3,세경웰러스,84.7396,202110,7,"19,900",8,2005,단구로 424,,-,-
강원도 원주시 단구동,1589-3,1589,3,세경웰러스,84.7396,202110,8,"19,500",6,2005,단구로 424,,-,-
강원도 원주시 단구동,1589-3,1589,3,세경웰러스,84.7396,202110,8,"18,700",4,2005,단구로 424,,-,-
강원도 원주시 단구동,1589-3,1589,3,세경웰러스,84.7396,202110,9,"18,000",9,2005,단구로 424,,-,-
강원도 원주시 단구동,1589-3,1589,3,세경웰러스,84.7396,202110,11,"21,000",14,2005,단구로 424,,-,-
강원도 원주시 단구동,1589-3,1589,3,세경웰러스,84.7396,202110,12,"19,000",4,2005,단구로 424,,-,-
강원도 원주시 단구동,1589-3,1589,3,세경웰러스,84.7396,202110,14,"18,800",7,2005,단구로 424,,-,-
강원도 원주시 단구동,1589-3,1589,3,세경웰러스,84.7396,202110,24,"18,500",2,2005,단구로 424,,-,-
강원도 원주시 단구동,1589-3,1589,3,세경웰러스,84.7396,202110,29,"18,700",6,2005,단구로 424,,-,-
강원도 원주시 단구동,1589-3,1589,3,세경웰러스,84.7396,202110,30,"17,900",1,2005,단구로 424,,-,-
강원도 원주시 단구동,1604-1,1604,1,신성미소지움,84.974,202110,13,"21,500",9,2006,나비허리길 57,,-,-
강원도 원주시 단구동,1604-1,1604,1,신성미소지움,84.656,202110,23,"22,600",13,2006,나비허리길 57,,-,-
강원도 원주시 단구동,1721,1721,0,원주단구내안애카운티에듀파크1단지,84.9317,202110,6,"37,000",14,2020,오성마을길 63-1,,-,-
강원도 원주시 단구동,1721,1721,0,원주단구내안애카운티에듀파크1단지,84.9317,202110,7,"34,800",20,2020,오성마을길 63-1,,-,-
강원도 원주시 단구동,1721,1721,0,원주단구내안애카운티에듀파크1단지,84.9317,202110,8,"28,900",7,2020,오성마을길 63-1,,-,-
강원도 원주시 단구동,1721,1721,0,원주단구내안애카운티에듀파크1단지,84.9317,202110,25,"36,900",10,2020,오성마을길 63-1,,-,-
강원도 원주시 단구동,186-2,186,2,원흥4,59.82,202110,8,"9,500",10,1995,치악로 1634,,-,-
강원도 원주시 단구동,186-2,186,2,원흥4,59.82,202110,11,"8,500",8,1995,치악로 1634,,-,-
강원도 원주시 단구동,186-2,186,2,원흥4,59.82,202110,11,"9,500",10,1995,치악로 1634,,-,-
강원도 원주시 단구동,186-2,186,2,원흥4,59.82,202110,26,"9,100",9,1995,치악로 1634,,-,-
강원도 원주시 단구동,186-2,186,2,원흥4,84.72,202110,29,"13,500",4,1995,치악로 1634,,-,-
강원도 원주시 단구동,1478-4,1478,4,유승,84.4687,202110,2,"20,800",4,2003,강변로 119,,-,-
강원도 원주시 단구동,1478-4,1478,4,유승,84.4687,202110,18,"22,000",6,2003,강변로 119,,-,-
강원도 원주시 단구동,1478-4,1478,4,유승,84.4687,202110,18,"20,500",18,2003,강변로 119,,-,-
강원도 원주시 단구동,1478-4,1478,4,유승,84.4687,202110,29,"20,000",5,2003,강변로 119,,-,-
강원도 원주시 단구동,1702,1702,0,중앙하이츠아파트,84.9829,202110,2,"22,500",3,2008,단관공원길 111,,-,-
강원도 원주시 단구동,1702,1702,0,중앙하이츠아파트,84.9829,202110,2,"23,900",9,2008,단관공원길 111,,-,-
강원도 원주시 단구동,1702,1702,0,중앙하이츠아파트,84.9156,202110,5,"25,000",3,2008,단관공원길 111,,-,-
강원도 원주시 단구동,1702,1702,0,중앙하이츠아파트,84.9748,202110,10,"23,000",9,2008,단관공원길 111,,-,-
강원도 원주시 단구동,1702,1702,0,중앙하이츠아파트,133.8208,202110,12,"26,900",1,2008,단관공원길 111,,-,-
강원도 원주시 단구동,1702,1702,0,중앙하이츠아파트,84.9829,202110,14,"25,200",10,2008,단관공원길 111,,-,-
강원도 원주시 단구동,1702,1702,0,중앙하이츠아파트,84.9829,202110,23,"21,000",2,2008,단관공원길 111,,-,-
강원도 원주시 단구동,1589-2,1589,2,청솔1차(1589-2),58.65,202110,1,"11,000",2,2000,늘품로 6,,-,-
강원도 원주시 단구동,1589-2,1589,2,청솔1차(1589-2),58.65,202110,5,"10,000",14,2000,늘품로 6,,-,-
강원도 원주시 단구동,1589-2,1589,2,청솔1차(1589-2),58.65,202110,6,"11,200",12,2000,늘품로 6,,-,-
강원도 원주시 단구동,1589-2,1589,2,청솔1차(1589-2),58.65,202110,9,"11,500",10,2000,늘품로 6,,-,-
강원도 원주시 단구동,1588-4,1588,4,청솔2차,58.65,202110,2,"10,800",6,2000,단구로 408,,-,-
강원도 원주시 단구동,1588-4,1588,4,청솔2차,58.65,202110,5,"12,500",14,2000,단구로 408,,-,-
강원도 원주시 단구동,1588-4,1588,4,청솔2차,58.65,202110,9,"11,100",13,2000,단구로 408,,-,-
강원도 원주시 단구동,1588-4,1588,4,청솔2차,58.65,202110,11,"10,000",2,2000,단구로 408,,-,-
강원도 원주시 단구동,1588-4,1588,4,청솔2차,58.65,202110,12,"11,000",5,2000,단구로 408,,-,-
강원도 원주시 단구동,1588-4,1588,4,청솔2차,58.65,202110,13,"12,200",14,2000,단구로 408,,-,-
강원도 원주시 단구동,1588-4,1588,4,청솔2차,58.65,202110,14,"13,500",10,2000,단구로 408,,-,-
강원도 원주시 단구동,1588-4,1588,4,청솔2차,58.65,202110,14,"9,300",1,2000,단구로 408,,-,-
강원도 원주시 단구동,1588-4,1588,4,청솔2차,58.65,202110,20,"12,500",13,2000,단구로 408,,-,-
강원도 원주시 단구동,1588-4,1588,4,청솔2차,58.65,202110,21,"10,950",13,2000,단구로 408,,-,-
강원도 원주시 단구동,1679,1679,0,청솔3차,58.65,202110,4,"11,700",14,2000,단구로 406,,-,-
강원도 원주시 단구동,1679,1679,0,청솔3차,58.65,202110,5,"12,400",5,2000,단구로 406,,-,-
강원도 원주시 단구동,1679,1679,0,청솔3차,58.65,202110,7,"11,800",8,2000,단구로 406,,-,-
강원도 원주시 단구동,1679,1679,0,청솔3차,58.65,202110,9,"10,950",13,2000,단구로 406,,-,-
강원도 원주시 단구동,1679,1679,0,청솔3차,58.65,202110,16,"12,500",9,2000,단구로 406,,-,-
강원도 원주시 단구동,1679,1679,0,청솔3차,58.65,202110,20,"12,500",10,2000,단구로 406,,-,-
강원도 원주시 단구동,1684-1,1684,1,청솔4차,58.65,202110,2,"11,400",13,2001,단구로 416,,-,-
강원도 원주시 단구동,1684-1,1684,1,청솔4차,58.65,202110,7,"12,700",4,2001,단구로 416,,-,-
강원도 원주시 단구동,1684-1,1684,1,청솔4차,58.65,202110,8,"12,000",9,2001,단구로 416,,-,-
강원도 원주시 단구동,1684-1,1684,1,청솔4차,58.65,202110,9,"12,800",2,2001,단구로 416,,-,-
강원도 원주시 단구동,1684-1,1684,1,청솔4차,58.65,202110,9,"11,000",3,2001,단구로 416,,-,-
강원도 원주시 단구동,1684-1,1684,1,청솔4차,58.65,202110,9,"12,300",5,2001,단구로 416,,-,-
강원도 원주시 단구동,1684-1,1684,1,청솔4차,58.65,202110,15,"11,400",13,2001,단구로 416,,-,-
강원도 원주시 단구동,1684-1,1684,1,청솔4차,58.65,202110,18,"11,300",2,2001,단구로 416,,-,-
강원도 원주시 단구동,1684-1,1684,1,청솔4차,58.65,202110,21,"13,300",14,2001,단구로 416,,-,-
강원도 원주시 단구동,1684-1,1684,1,청솔4차,58.65,202110,30,"12,700",7,2001,단구로 416,,-,-
강원도 원주시 단구동,1684-1,1684,1,청솔4차,58.65,202110,30,"12,900",10,2001,단구로 416,,-,-
강원도 원주시 단구동,1517-3,1517,3,청솔7차,59.85,202110,2,"12,800",11,2002,남원로 494,,-,-
강원도 원주시 단구동,1517-3,1517,3,청솔7차,59.85,202110,4,"12,500",1,2002,남원로 494,,-,-
강원도 원주시 단구동,1517-3,1517,3,청솔7차,59.85,202110,4,"10,500",3,2002,남원로 494,,-,-
강원도 원주시 단구동,1517-3,1517,3,청솔7차,59.85,202110,16,"13,000",8,2002,남원로 494,,-,-
강원도 원주시 단구동,1517-3,1517,3,청솔7차,59.85,202110,19,"10,500",4,2002,남원로 494,,-,-
강원도 원주시 단구동,1517-3,1517,3,청솔7차,59.85,202110,23,"11,000",1,2002,남원로 494,,-,-
강원도 원주시 단구동,1517-3,1517,3,청솔7차,59.85,202110,24,"12,500",11,2002,남원로 494,,-,-
강원도 원주시 단구동,1517-3,1517,3,청솔7차,59.85,202110,24,"13,500",4,2002,남원로 494,,-,-
강원도 원주시 단구동,1517-3,1517,3,청솔7차,59.85,202110,27,"10,500",15,2002,남원로 494,,-,-
강원도 원주시 단구동,1517-3,1517,3,청솔7차,59.85,202110,28,"11,000",1,2002,남원로 494,,-,-
강원도 원주시 단구동,1517-2,1517,2,한일,59.91,202110,2,"16,000",15,1997,남원로 526,,-,-
강원도 원주시 단구동,1517-2,1517,2,한일,59.91,202110,5,"13,000",1,1997,남원로 526,,-,-
강원도 원주시 단구동,1517-2,1517,2,한일,59.91,202110,6,"16,500",8,1997,남원로 526,,-,-
강원도 원주시 단구동,1517-2,1517,2,한일,59.91,202110,8,"16,900",6,1997,남원로 526,,-,-
강원도 원주시 단구동,1517-2,1517,2,한일,59.91,202110,8,"17,300",5,1997,남원로 526,,-,-
강원도 원주시 단구동,1517-2,1517,2,한일,59.91,202110,8,"15,000",4,1997,남원로 526,,-,-
강원도 원주시 단구동,1517-2,1517,2,한일,59.91,202110,9,"16,000",10,1997,남원로 526,,-,-
강원도 원주시 단구동,1517-2,1517,2,한일,59.91,202110,23,"17,200",8,1997,남원로 526,,-,-
강원도 원주시 단구동,587-1,587,1,해청,84.6,202110,20,"12,400",13,1991,늘품로 120,,-,-
강원도 원주시 단구동,587-1,587,1,해청,71.163,202110,28,"10,100",9,1991,늘품로 120,,-,-
강원도 원주시 단구동,1517-4,1517,4,현대1,59.84,202110,7,"15,500",3,1997,남원로 492,,-,-
강원도 원주시 단구동,1517-4,1517,4,현대1,59.84,202110,7,"16,000",8,1997,남원로 492,,-,-
강원도 원주시 단구동,1517-4,1517,4,현대1,59.84,202110,12,"13,000",1,1997,남원로 492,,-,-
강원도 원주시 단구동,1517-4,1517,4,현대1,59.84,202110,16,"14,700",1,1997,남원로 492,,-,-
강원도 원주시 단구동,1517-4,1517,4,현대1,59.84,202110,18,"15,500",3,1997,남원로 492,,-,-
강원도 원주시 단구동,1517-4,1517,4,현대1,59.84,202110,20,"16,000",10,1997,남원로 492,,-,-
강원도 원주시 단구동,1517-4,1517,4,현대1,59.84,202110,23,"17,500",8,1997,남원로 492,,-,-
강원도 원주시 단구동,1612,1612,0,현진에버빌,74.76,202110,1,"19,000",9,2001,나비허리길 22,,-,-
강원도 원주시 단구동,1612,1612,0,현진에버빌,74.76,202110,30,"19,000",4,2001,나비허리길 22,,-,-
강원도 원주시 단구동,1588-1,1588,1,현진에버빌2,59.761,202110,1,"15,000",2,2002,늘품로 38,,-,-
강원도 원주시 단구동,1588-1,1588,1,현진에버빌2,59.699,202110,2,"17,000",2,2002,늘품로 38,,-,-
강원도 원주시 단구동,1588-1,1588,1,현진에버빌2,59.761,202110,2,"17,300",10,2002,늘품로 38,,-,-
강원도 원주시 단구동,1682-1,1682,1,현진에버빌5차,84.977,202110,4,"29,300",14,2006,단구로 413,,-,-
강원도 원주시 단구동,1682-1,1682,1,현진에버빌5차,84.977,202110,4,"26,800",14,2006,단구로 413,,-,-
강원도 원주시 단구동,1682-1,1682,1,현진에버빌5차,84.977,202110,17,"25,800",1,2006,단구로 413,,-,-
강원도 원주시 단구동,1682-3,1682,3,현진에버빌6차,95.371,202110,3,"32,700",9,2006,단구로 411,,-,-
강원도 원주시 단구동,1682-3,1682,3,현진에버빌6차,84.977,202110,5,"27,700",5,2006,단구로 411,,-,-
강원도 원주시 단구동,1682-3,1682,3,현진에버빌6차,84.977,202110,5,"25,300",1,2006,단구로 411,,-,-
강원도 원주시 단구동,1682-3,1682,3,현진에버빌6차,84.977,202110,6,"29,800",8,2006,단구로 411,,-,-
강원도 원주시 단구동,1682-3,1682,3,현진에버빌6차,84.977,202110,23,"25,500",4,2006,단구로 411,,-,-
강원도 원주시 명륜동,847-1,847,1,구곡청구1단지,101.6,202110,28,"19,800",3,1997,남원로469번길 81,,-,-
강원도 원주시 명륜동,847-3,847,3,구곡청구2단지,75.285,202110,18,"16,000",5,1997,남원로 441,,-,-
강원도 원주시 명륜동,847-3,847,3,구곡청구2단지,84.79,202110,25,"18,000",13,1997,남원로 441,,-,-
강원도 원주시 명륜동,847-3,847,3,구곡청구2단지,84.79,202110,27,"18,000",8,1997,남원로 441,,-,-
강원도 원주시 명륜동,376,376,0,단구1단지,39.63,202110,26,"13,800",4,1988,남원로527번길 61,,-,-
강원도 원주시 명륜동,480,480,0,단구2단지,46.68,202110,18,"15,000",1,1990,남원로527번길 23,,-,-
강원도 원주시 명륜동,480,480,0,단구2단지,46.68,202110,25,"14,600",4,1990,남원로527번길 23,,-,-
강원도 원주시 명륜동,124,124,0,대성현대,84.915,202110,5,"12,900",3,1991,향교길 53,,-,-
강원도 원주시 명륜동,124,124,0,대성현대,54.09,202110,9,"9,800",4,1991,향교길 53,,-,-
강원도 원주시 명륜동,124,124,0,대성현대,75.42,202110,16,"13,500",10,1991,향교길 53,,-,-
강원도 원주시 명륜동,124,124,0,대성현대,75.45,202110,18,"12,000",12,1991,향교길 53,,-,-
강원도 원주시 명륜동,124,124,0,대성현대,75.42,202110,29,"12,000",6,1991,향교길 53,,-,-
강원도 원주시 명륜동,124,124,0,대성현대,84.915,202110,30,"12,800",11,1991,향교길 53,,-,-
강원도 원주시 명륜동,847-5,847,5,동보노빌리티1,84.784,202110,1,"22,700",5,2001,시청로 255,,-,-
강원도 원주시 명륜동,847-5,847,5,동보노빌리티1,84.784,202110,2,"18,000",7,2001,시청로 255,,-,-
강원도 원주시 명륜동,847-5,847,5,동보노빌리티1,84.784,202110,11,"24,000",13,2001,시청로 255,,-,-
강원도 원주시 명륜동,847-5,847,5,동보노빌리티1,84.784,202110,29,"22,500",7,2001,시청로 255,,-,-
강원도 원주시 명륜동,847-4,847,4,동보노빌리티2,118.747,202110,1,"27,000",4,2002,시청로 267,,-,-
강원도 원주시 명륜동,847-4,847,4,동보노빌리티2,118.747,202110,13,"27,500",3,2002,시청로 267,,-,-
강원도 원주시 명륜동,847-4,847,4,동보노빌리티2,118.747,202110,15,"26,000",4,2002,시청로 267,,-,-
강원도 원주시 명륜동,848-1,848,1,동보렉스9차,145.76,202110,5,"26,400",6,1999,남원로469번길 82,,-,-
강원도 원주시 명륜동,848-1,848,1,동보렉스9차,115.28,202110,15,"24,800",5,1999,남원로469번길 82,,-,-
강원도 원주시 명륜동,147-1,147,1,동성,84.88,202110,2,"10,700",6,1992,무실로55번길 65,,-,-
강원도 원주시 명륜동,147-1,147,1,동성,84.87,202110,10,"15,000",7,1992,무실로55번길 65,,-,-
강원도 원주시 명륜동,147-1,147,1,동성,59.24,202110,23,"9,300",8,1992,무실로55번길 65,,-,-
강원도 원주시 명륜동,205-151,205,151,동현맨션,71.46,202110,11,"8,500",3,1989,남산로48번길 50,,-,-
강원도 원주시 명륜동,205-151,205,151,동현맨션,84.65,202110,20,"11,000",1,1989,남산로48번길 50,,-,-
강원도 원주시 명륜동,205-151,205,151,동현맨션,71.46,202110,21,"8,200",2,1989,남산로48번길 50,,-,-
강원도 원주시 명륜동,802,802,0,성원,75.06,202110,1,"16,700",15,2000,무실로 155,,-,-
강원도 원주시 명륜동,802,802,0,성원,59.99,202110,2,"14,500",10,2000,무실로 155,,-,-
강원도 원주시 명륜동,802,802,0,성원,114.93,202110,5,"22,300",8,2000,무실로 155,,-,-
강원도 원주시 명륜동,802,802,0,성원,84.93,202110,7,"18,000",6,2000,무실로 155,,-,-
강원도 원주시 명륜동,802,802,0,성원,84.93,202110,14,"20,800",21,2000,무실로 155,,-,-
강원도 원주시 명륜동,802,802,0,성원,84.93,202110,15,"18,000",15,2000,무실로 155,,-,-
강원도 원주시 명륜동,802,802,0,성원,114.93,202110,20,"23,500",20,2000,무실로 155,,-,-
강원도 원주시 명륜동,802,802,0,성원,59.99,202110,26,"15,000",22,2000,무실로 155,,-,-
강원도 원주시 명륜동,802,802,0,성원,84.93,202110,29,"17,000",22,2000,무실로 155,,-,-
강원도 원주시 명륜동,Jan-90,90,1,세경1,56.42,202110,1,"10,200",4,1985,남원로 661,,-,-
강원도 원주시 명륜동,Jan-90,90,1,세경1,56.42,202110,1,"10,100",1,1985,남원로 661,,-,-
강원도 원주시 명륜동,Jan-90,90,1,세경1,56.42,202110,5,"10,600",3,1985,남원로 661,,-,-
강원도 원주시 명륜동,Jan-90,90,1,세경1,56.42,202110,10,"12,000",4,1985,남원로 661,,-,-
강원도 원주시 명륜동,Jan-90,90,1,세경1,56.42,202110,12,"14,000",4,1985,남원로 661,,-,-
강원도 원주시 명륜동,Jan-90,90,1,세경1,56.42,202110,19,"12,000",1,1985,남원로 661,,-,-
강원도 원주시 명륜동,774,774,0,영진3,84.51,202110,1,"14,800",12,1994,서원대로 306,,-,-
강원도 원주시 명륜동,774,774,0,영진3,84.51,202110,6,"15,500",10,1994,서원대로 306,,-,-
강원도 원주시 명륜동,547,547,0,원주삼성,76.735,202110,9,"12,950",15,1990,예술관길 15,,-,-
강원도 원주시 명륜동,547,547,0,원주삼성,84.88,202110,22,"15,100",15,1990,예술관길 15,,-,-
강원도 원주시 명륜동,26,26,0,치악맨숀,86.601,202110,1,"7,100",5,1983,치악로 1803,,-,-
강원도 원주시 명륜동,765,765,0,한솔솔파크,84.942,202110,4,"27,000",7,2006,한지공원길 102,,-,-
강원도 원주시 명륜동,765,765,0,한솔솔파크,84.917,202110,9,"30,000",4,2006,한지공원길 102,,-,-
강원도 원주시 명륜동,765,765,0,한솔솔파크,84.942,202110,11,"26,900",3,2006,한지공원길 102,,-,-
강원도 원주시 명륜동,710,710,0,행운,49.94,202110,1,"8,500",1,1992,예술관길 32,,-,-
강원도 원주시 명륜동,710,710,0,행운,38.64,202110,7,"5,000",8,1992,예술관길 32,,-,-
강원도 원주시 명륜동,710,710,0,행운,49.94,202110,8,"9,800",14,1992,예술관길 32,,-,-
강원도 원주시 명륜동,710,710,0,행운,41.3,202110,9,"7,200",11,1992,예술관길 32,,-,-
강원도 원주시 명륜동,710,710,0,행운,49.94,202110,12,"9,700",14,1992,예술관길 32,,-,-
강원도 원주시 명륜동,205-37,205,37,현대1,84.97,202110,12,"16,500",10,1990,남산로 30,,-,-
강원도 원주시 명륜동,205-37,205,37,현대1,84.97,202110,18,"13,500",3,1990,남산로 30,,-,-
강원도 원주시 명륜동,764,764,0,현대2차,84.945,202110,4,"16,900",15,1990,서원대로 308,,-,-
강원도 원주시 명륜동,764,764,0,현대2차,71.175,202110,9,"14,400",7,1990,서원대로 308,,-,-
강원도 원주시 명륜동,764,764,0,현대2차,84.945,202110,10,"18,300",14,1990,서원대로 308,,-,-
강원도 원주시 명륜동,764,764,0,현대2차,84.945,202110,30,"16,350",15,1990,서원대로 308,,-,-
강원도 원주시 명륜동,847-2,847,2,현진에버빌3차,85.107,202110,16,"26,000",5,2004,남원로 443,,-,-
강원도 원주시 명륜동,847-2,847,2,현진에버빌3차,85.107,202110,31,"19,000",1,2004,남원로 443,,-,-
강원도 원주시 무실동,1651,1651,0,뜨란채,84.94,202110,9,"31,500",13,2006,시청로 90,,-,-
강원도 원주시 무실동,1714,1714,0,무실e-편한세상,124.1326,202110,9,"52,000",10,2009,만대로 89,,-,-
강원도 원주시 무실동,1714,1714,0,무실e-편한세상,152.9101,202110,23,"59,000",11,2009,만대로 89,,-,-
강원도 원주시 무실동,1868-6,1868,6,무실우미린,75.3028,202110,17,"40,000",12,2014,무실로 455,,-,-
강원도 원주시 무실동,1645,1645,0,무실주공3단지,36.04,202110,4,"13,000",19,2003,시청로 92,,-,-
강원도 원주시 무실동,1645,1645,0,무실주공3단지,59.92,202110,6,"21,000",12,2003,시청로 92,,-,-
강원도 원주시 무실동,1645,1645,0,무실주공3단지,36.04,202110,9,"11,900",14,2003,시청로 92,,-,-
강원도 원주시 무실동,1645,1645,0,무실주공3단지,59.92,202110,9,"22,000",2,2003,시청로 92,,-,-
강원도 원주시 무실동,1645,1645,0,무실주공3단지,59.92,202110,12,"21,000",4,2003,시청로 92,,-,-
강원도 원주시 무실동,1645,1645,0,무실주공3단지,59.92,202110,14,"22,000",6,2003,시청로 92,,-,-
강원도 원주시 무실동,1645,1645,0,무실주공3단지,59.92,202110,16,"20,000",2,2003,시청로 92,,-,-
강원도 원주시 무실동,1645,1645,0,무실주공3단지,59.92,202110,16,"21,800",8,2003,시청로 92,,-,-
강원도 원주시 무실동,1645,1645,0,무실주공3단지,59.92,202110,18,"22,300",2,2003,시청로 92,,-,-
강원도 원주시 무실동,1645,1645,0,무실주공3단지,59.92,202110,19,"22,900",9,2003,시청로 92,,-,-
강원도 원주시 무실동,1645,1645,0,무실주공3단지,59.83,202110,21,"22,000",8,2003,시청로 92,,-,-
강원도 원주시 무실동,1645,1645,0,무실주공3단지,59.83,202110,23,"22,000",4,2003,시청로 92,20211026,-,-
강원도 원주시 무실동,1645,1645,0,무실주공3단지,59.83,202110,23,"22,000",4,2003,시청로 92,,-,-
강원도 원주시 무실동,1645,1645,0,무실주공3단지,59.83,202110,24,"22,000",15,2003,시청로 92,,-,-
강원도 원주시 무실동,1645,1645,0,무실주공3단지,59.83,202110,25,"23,300",5,2003,시청로 92,,-,-
강원도 원주시 무실동,1645,1645,0,무실주공3단지,59.92,202110,28,"21,900",12,2003,시청로 92,,-,-
강원도 원주시 무실동,1645,1645,0,무실주공3단지,59.92,202110,28,"21,000",1,2003,시청로 92,,-,-
강원도 원주시 무실동,1644,1644,0,무실주공4단지,75.72,202110,6,"23,500",1,2001,시청로 88,,-,-
강원도 원주시 무실동,1644,1644,0,무실주공4단지,84.52,202110,8,"24,900",7,2001,시청로 88,,-,-
강원도 원주시 무실동,1644,1644,0,무실주공4단지,84.52,202110,8,"24,500",13,2001,시청로 88,,-,-
강원도 원주시 무실동,1640,1640,0,요진보네르카운티,86.69,202110,5,"26,000",4,2004,시청로 64,,-,-
강원도 원주시 무실동,1640,1640,0,요진보네르카운티,117.13,202110,6,"36,000",3,2004,시청로 64,,-,-
강원도 원주시 무실동,1640,1640,0,요진보네르카운티,86.69,202110,13,"29,700",1,2004,시청로 64,,-,-
강원도 원주시 무실동,1640,1640,0,요진보네르카운티,117.17,202110,25,"37,000",17,2004,시청로 64,,-,-
강원도 원주시 무실동,1715-1,1715,1,원주무실6단지휴먼시아,84.81,202110,2,"35,500",16,2010,만대로 119,,-,-
강원도 원주시 무실동,1715-1,1715,1,원주무실6단지휴먼시아,84.81,202110,9,"36,700",11,2010,만대로 119,,-,-
강원도 원주시 무실동,1715-1,1715,1,원주무실6단지휴먼시아,84.81,202110,12,"34,000",3,2010,만대로 119,,-,-
강원도 원주시 무실동,1715-1,1715,1,원주무실6단지휴먼시아,84.81,202110,15,"34,000",4,2010,만대로 119,,-,-
강원도 원주시 무실동,1715-1,1715,1,원주무실6단지휴먼시아,84.81,202110,27,"36,000",13,2010,만대로 119,,-,-
강원도 원주시 무실동,1861-1,1861,1,원주시무실세영리첼1차,84.9453,202110,9,"47,800",12,2014,무실로 382,,-,-
강원도 원주시 무실동,1868-1,1868,1,원주시무실세영리첼2차,84.9616,202110,2,"42,500",8,2015,무실로 415,,-,-
강원도 원주시 무실동,1868-1,1868,1,원주시무실세영리첼2차,84.9616,202110,3,"40,500",1,2015,무실로 415,,-,-
강원도 원주시 무실동,1868-1,1868,1,원주시무실세영리첼2차,84.9616,202110,5,"41,000",3,2015,무실로 415,,-,-
강원도 원주시 무실동,1868-1,1868,1,원주시무실세영리첼2차,84.9839,202110,19,"53,000",19,2015,무실로 415,,-,-
강원도 원주시 문막읍 건등리,1741-1,1741,1,극동스타클래스,84.868,202110,4,"17,400",2,2008,건등로 67,,-,-
강원도 원주시 문막읍 건등리,1741-1,1741,1,극동스타클래스,101.613,202110,5,"20,300",8,2008,건등로 67,,-,-
강원도 원주시 문막읍 건등리,1741-1,1741,1,극동스타클래스,84.947,202110,11,"18,700",6,2008,건등로 67,,-,-
강원도 원주시 문막읍 건등리,193-2,193,2,덕원,59.812,202110,6,"6,000",9,1994,원문로 1627,,-,-
강원도 원주시 문막읍 건등리,193-2,193,2,덕원,59.812,202110,12,"6,800",4,1994,원문로 1627,,-,-
강원도 원주시 문막읍 건등리,193-2,193,2,덕원,59.812,202110,13,"5,800",4,1994,원문로 1627,,-,-
강원도 원주시 문막읍 건등리,1697-1,1697,1,삼익,59.5,202110,27,"7,000",13,1997,건등로 27,,-,-
강원도 원주시 문막읍 건등리,1743,1743,0,서원주코아루아너스,131.553,202110,1,"29,500",14,2018,원문로 1700,,-,-
강원도 원주시 문막읍 건등리,1743,1743,0,서원주코아루아너스,131.553,202110,1,"26,430",1,2018,원문로 1700,,-,-
강원도 원주시 문막읍 건등리,1743,1743,0,서원주코아루아너스,131.553,202110,1,"28,530",13,2018,원문로 1700,,-,-
강원도 원주시 문막읍 건등리,1743,1743,0,서원주코아루아너스,84.625,202110,2,"22,100",6,2018,원문로 1700,,-,-
강원도 원주시 문막읍 건등리,1743,1743,0,서원주코아루아너스,131.553,202110,2,"28,430",6,2018,원문로 1700,,-,-
강원도 원주시 문막읍 건등리,1743,1743,0,서원주코아루아너스,84.625,202110,3,"22,230",10,2018,원문로 1700,,-,-
강원도 원주시 문막읍 건등리,1743,1743,0,서원주코아루아너스,131.553,202110,4,"28,530",11,2018,원문로 1700,,-,-
강원도 원주시 문막읍 건등리,1743,1743,0,서원주코아루아너스,131.553,202110,5,"28,430",6,2018,원문로 1700,,-,-
강원도 원주시 문막읍 건등리,1743,1743,0,서원주코아루아너스,131.553,202110,5,"28,430",5,2018,원문로 1700,,-,-
강원도 원주시 문막읍 건등리,1743,1743,0,서원주코아루아너스,131.553,202110,5,"28,430",7,2018,원문로 1700,,-,-
강원도 원주시 문막읍 건등리,1743,1743,0,서원주코아루아너스,131.553,202110,5,"32,700",15,2018,원문로 1700,,-,-
강원도 원주시 문막읍 건등리,1743,1743,0,서원주코아루아너스,131.553,202110,5,"28,530",10,2018,원문로 1700,,-,-
강원도 원주시 문막읍 건등리,1743,1743,0,서원주코아루아너스,131.553,202110,5,"28,530",9,2018,원문로 1700,,-,-
강원도 원주시 문막읍 건등리,1743,1743,0,서원주코아루아너스,131.553,202110,5,"28,430",8,2018,원문로 1700,,-,-
강원도 원주시 문막읍 건등리,1743,1743,0,서원주코아루아너스,131.553,202110,5,"28,530",10,2018,원문로 1700,,-,-
강원도 원주시 문막읍 건등리,1743,1743,0,서원주코아루아너스,131.553,202110,6,"28,430",6,2018,원문로 1700,,-,-
강원도 원주시 문막읍 건등리,1743,1743,0,서원주코아루아너스,131.553,202110,8,"28,430",8,2018,원문로 1700,,-,-
강원도 원주시 문막읍 건등리,1743,1743,0,서원주코아루아너스,131.553,202110,8,"28,430",5,2018,원문로 1700,,-,-
강원도 원주시 문막읍 건등리,1743,1743,0,서원주코아루아너스,131.553,202110,11,"28,430",8,2018,원문로 1700,,-,-
강원도 원주시 문막읍 건등리,1743,1743,0,서원주코아루아너스,131.553,202110,13,"28,530",11,2018,원문로 1700,,-,-
강원도 원주시 문막읍 건등리,1743,1743,0,서원주코아루아너스,131.553,202110,13,"26,430",1,2018,원문로 1700,,-,-
강원도 원주시 문막읍 건등리,1743,1743,0,서원주코아루아너스,131.553,202110,13,"28,430",5,2018,원문로 1700,,-,-
강원도 원주시 문막읍 건등리,1743,1743,0,서원주코아루아너스,84.797,202110,13,"24,500",12,2018,원문로 1700,,-,-
강원도 원주시 문막읍 건등리,1743,1743,0,서원주코아루아너스,131.553,202110,13,"28,430",7,2018,원문로 1700,,-,-
강원도 원주시 문막읍 건등리,1743,1743,0,서원주코아루아너스,131.553,202110,14,"28,430",8,2018,원문로 1700,,-,-
강원도 원주시 문막읍 건등리,1743,1743,0,서원주코아루아너스,131.553,202110,14,"28,430",6,2018,원문로 1700,,-,-
강원도 원주시 문막읍 건등리,1743,1743,0,서원주코아루아너스,131.553,202110,14,"28,530",15,2018,원문로 1700,,-,-
강원도 원주시 문막읍 건등리,1743,1743,0,서원주코아루아너스,131.553,202110,14,"28,430",5,2018,원문로 1700,,-,-
강원도 원주시 문막읍 건등리,1743,1743,0,서원주코아루아너스,131.553,202110,15,"28,430",8,2018,원문로 1700,,-,-
강원도 원주시 문막읍 건등리,1743,1743,0,서원주코아루아너스,131.553,202110,16,"28,530",9,2018,원문로 1700,,-,-
강원도 원주시 문막읍 건등리,1743,1743,0,서원주코아루아너스,84.625,202110,16,"23,000",6,2018,원문로 1700,,-,-
강원도 원주시 문막읍 건등리,1743,1743,0,서원주코아루아너스,84.625,202110,17,"23,500",9,2018,원문로 1700,,-,-
강원도 원주시 문막읍 건등리,1743,1743,0,서원주코아루아너스,116.666,202110,18,"24,220",1,2018,원문로 1700,,-,-
강원도 원주시 문막읍 건등리,1743,1743,0,서원주코아루아너스,84.625,202110,23,"24,800",8,2018,원문로 1700,,-,-
강원도 원주시 문막읍 건등리,1743,1743,0,서원주코아루아너스,116.666,202110,27,"28,000",11,2018,원문로 1700,,-,-
강원도 원주시 문막읍 건등리,1697-2,1697,2,신한,59.946,202110,6,"10,000",15,1997,건등로 41,,-,-
강원도 원주시 문막읍 건등리,1697-2,1697,2,신한,59.946,202110,9,"9,500",14,1997,건등로 41,,-,-
강원도 원주시 문막읍 건등리,1697-2,1697,2,신한,59.946,202110,29,"9,800",16,1997,건등로 41,,-,-
강원도 원주시 문막읍 동화리,1264-3,1264,3,동보렉스6차,59.7,202110,18,"6,500",2,1993,원문로 1578,,-,-
강원도 원주시 문막읍 동화리,1543,1543,0,문막현진,59.58,202110,8,"7,900",7,1997,왕건로 77,,-,-
강원도 원주시 문막읍 동화리,1690,1690,0,원주문막신원아침도시,84.784,202110,5,"17,700",7,2008,왕건로 20,,-,-
강원도 원주시 문막읍 동화리,1690,1690,0,원주문막신원아침도시,84.931,202110,7,"17,200",15,2008,왕건로 20,,-,-
강원도 원주시 문막읍 동화리,1690,1690,0,원주문막신원아침도시,84.931,202110,15,"18,000",12,2008,왕건로 20,,-,-
강원도 원주시 문막읍 동화리,1690,1690,0,원주문막신원아침도시,84.931,202110,18,"18,100",8,2008,왕건로 20,,-,-
강원도 원주시 문막읍 포진리,85,85,0,그린아파트,54.99,202110,9,"4,150",2,1995,삼괴정길 6,,-,-
강원도 원주시 반곡동,Jul-64,1964,7,반곡모아엘가,84.8201,202110,8,"41,500",6,2017,세계로 111,,-,-
강원도 원주시 반곡동,Jul-64,1964,7,반곡모아엘가,84.9294,202110,14,"45,000",11,2017,세계로 111,,-,-
강원도 원주시 반곡동,1802,1802,0,반곡벽산2차아파트,102.591,202110,1,"29,000",14,2008,반곡길 45,,-,-
강원도 원주시 반곡동,1802,1802,0,반곡벽산2차아파트,84.967,202110,9,"25,000",14,2008,반곡길 45,,-,-
강원도 원주시 반곡동,1802,1802,0,반곡벽산2차아파트,84.967,202110,12,"23,300",14,2008,반곡길 45,,-,-
강원도 원주시 반곡동,1802,1802,0,반곡벽산2차아파트,102.591,202110,29,"26,700",7,2008,반곡길 45,,-,-
강원도 원주시 반곡동,1800,1800,0,반곡벽산블루밍1차,84.967,202110,2,"25,500",10,2007,반곡길 48,,-,-
강원도 원주시 반곡동,1800,1800,0,반곡벽산블루밍1차,84.967,202110,11,"26,600",7,2007,반곡길 48,,-,-
강원도 원주시 반곡동,1800,1800,0,반곡벽산블루밍1차,84.936,202110,22,"26,200",15,2007,반곡길 48,,-,-
강원도 원주시 반곡동,1816-3,1816,3,반곡퍼스트힐,84.97,202110,4,"31,700",11,2014,혁신로 400,,-,-
강원도 원주시 반곡동,1816-3,1816,3,반곡퍼스트힐,84.96,202110,8,"32,000",9,2014,혁신로 400,,-,-
강원도 원주시 반곡동,1816-3,1816,3,반곡퍼스트힐,84.97,202110,11,"31,000",14,2014,혁신로 400,,-,-
강원도 원주시 반곡동,1816-3,1816,3,반곡퍼스트힐,84.97,202110,11,"29,500",15,2014,혁신로 400,,-,-
강원도 원주시 반곡동,1816-3,1816,3,반곡퍼스트힐,74.93,202110,22,"24,000",3,2014,혁신로 400,,-,-
강원도 원주시 반곡동,Mar-93,1993,3,엘에이치센트럴파크,84.98,202110,2,"34,100",13,2019,혁신로 224,,-,-
강원도 원주시 반곡동,Mar-93,1993,3,엘에이치센트럴파크,74.97,202110,2,"30,500",9,2019,혁신로 224,,-,-
강원도 원주시 반곡동,Mar-93,1993,3,엘에이치센트럴파크,84.86,202110,15,"27,300",9,2019,혁신로 224,,-,-
강원도 원주시 반곡동,Mar-93,1993,3,엘에이치센트럴파크,84.98,202110,21,"27,183",2,2019,혁신로 224,,-,-
강원도 원주시 반곡동,1805,1805,0,원주반곡아이파크,117.4263,202110,1,"34,000",2,2008,늘품로 199,,-,-
강원도 원주시 반곡동,1805,1805,0,원주반곡아이파크,135.449,202110,1,"41,000",13,2008,늘품로 199,,-,-
강원도 원주시 반곡동,1805,1805,0,원주반곡아이파크,158.4784,202110,1,"47,000",4,2008,늘품로 199,,-,-
강원도 원주시 반곡동,1805,1805,0,원주반곡아이파크,101.6685,202110,2,"28,000",1,2008,늘품로 199,,-,-
강원도 원주시 반곡동,1805,1805,0,원주반곡아이파크,84.9818,202110,2,"27,700",5,2008,늘품로 199,,-,-
강원도 원주시 반곡동,1805,1805,0,원주반곡아이파크,101.6685,202110,2,"37,500",13,2008,늘품로 199,,-,-
강원도 원주시 반곡동,1805,1805,0,원주반곡아이파크,84.8681,202110,3,"27,000",4,2008,늘품로 199,,-,-
강원도 원주시 반곡동,1805,1805,0,원주반곡아이파크,84.9595,202110,5,"31,000",11,2008,늘품로 199,,-,-
강원도 원주시 반곡동,1805,1805,0,원주반곡아이파크,117.4263,202110,6,"35,000",10,2008,늘품로 199,,-,-
강원도 원주시 반곡동,1805,1805,0,원주반곡아이파크,84.9818,202110,6,"27,500",6,2008,늘품로 199,,-,-
강원도 원주시 반곡동,1805,1805,0,원주반곡아이파크,135.449,202110,6,"38,900",2,2008,늘품로 199,,-,-
강원도 원주시 반곡동,1805,1805,0,원주반곡아이파크,84.9818,202110,7,"26,000",4,2008,늘품로 199,,-,-
강원도 원주시 반곡동,1805,1805,0,원주반곡아이파크,84.9818,202110,9,"29,000",4,2008,늘품로 199,,-,-
강원도 원주시 반곡동,1805,1805,0,원주반곡아이파크,84.9818,202110,18,"31,000",9,2008,늘품로 199,,-,-
강원도 원주시 반곡동,1805,1805,0,원주반곡아이파크,84.9595,202110,20,"26,000",4,2008,늘품로 199,,-,-
강원도 원주시 반곡동,1805,1805,0,원주반곡아이파크,84.9818,202110,24,"30,000",11,2008,늘품로 199,,-,-
강원도 원주시 반곡동,1805,1805,0,원주반곡아이파크,135.449,202110,28,"40,300",6,2008,늘품로 199,,-,-
강원도 원주시 반곡동,1805,1805,0,원주반곡아이파크,135.449,202110,29,"41,800",4,2008,늘품로 199,,-,-
강원도 원주시 반곡동,1805,1805,0,원주반곡아이파크,117.4263,202110,30,"36,200",5,2008,늘품로 199,,-,-
강원도 원주시 반곡동,2069,2069,0,이편한세상반곡,59.8407,202110,7,"24,000",6,2018,오리현길 62,,-,-
강원도 원주시 반곡동,2069,2069,0,이편한세상반곡,84.9473,202110,8,"37,500",4,2018,오리현길 62,,-,-
강원도 원주시 반곡동,2069,2069,0,이편한세상반곡,59.8407,202110,11,"25,700",12,2018,오리현길 62,,-,-
강원도 원주시 반곡동,2069,2069,0,이편한세상반곡,84.9792,202110,11,"35,100",9,2018,오리현길 62,,-,-
강원도 원주시 반곡동,May-47,2047,5,중흥에스-클래스프라디움,84.9875,202110,3,"44,700",19,2016,배울로 24,,-,-
강원도 원주시 반곡동,May-47,2047,5,중흥에스-클래스프라디움,84.9875,202110,6,"49,800",10,2016,배울로 24,,-,-
강원도 원주시 반곡동,May-47,2047,5,중흥에스-클래스프라디움,84.9907,202110,6,"49,500",18,2016,배울로 24,,-,-
강원도 원주시 반곡동,May-47,2047,5,중흥에스-클래스프라디움,84.9907,202110,13,"49,800",12,2016,배울로 24,,-,-
강원도 원주시 반곡동,May-47,2047,5,중흥에스-클래스프라디움,84.9937,202110,29,"49,000",16,2016,배울로 24,,-,-
강원도 원주시 반곡동,1812-1,1812,1,중흥에스클래스,115.8623,202110,6,"70,500",15,2019,혁신로 405,,-,-
강원도 원주시 반곡동,Apr-42,2042,4,푸른숨 휴브레스,84.93,202110,1,"37,700",18,2013,혁신로 92,,-,-
강원도 원주시 반곡동,Apr-42,2042,4,푸른숨 휴브레스,84.92,202110,1,"34,450",6,2013,혁신로 92,,-,-
강원도 원주시 반곡동,Apr-42,2042,4,푸른숨 휴브레스,84.93,202110,1,"35,000",13,2013,혁신로 92,,-,-
강원도 원주시 반곡동,Apr-42,2042,4,푸른숨 휴브레스,84.93,202110,4,"33,000",1,2013,혁신로 92,,-,-
강원도 원주시 반곡동,Apr-42,2042,4,푸른숨 휴브레스,74.94,202110,4,"29,000",14,2013,혁신로 92,,-,-
강원도 원주시 반곡동,Apr-42,2042,4,푸른숨 휴브레스,74.94,202110,5,"31,500",13,2013,혁신로 92,,-,-
강원도 원주시 반곡동,Apr-42,2042,4,푸른숨 휴브레스,84.92,202110,9,"39,000",15,2013,혁신로 92,,-,-
강원도 원주시 반곡동,Apr-42,2042,4,푸른숨 휴브레스,84.93,202110,14,"31,000",2,2013,혁신로 92,,-,-
강원도 원주시 반곡동,Apr-42,2042,4,푸른숨 휴브레스,84.92,202110,23,"37,000",7,2013,혁신로 92,,-,-
강원도 원주시 반곡동,Apr-42,2042,4,푸른숨 휴브레스,84.92,202110,23,"33,000",4,2013,혁신로 92,,-,-
강원도 원주시 반곡동,Apr-42,2042,4,푸른숨 휴브레스,84.92,202110,25,"39,700",17,2013,혁신로 92,,-,-
강원도 원주시 반곡동,Apr-42,2042,4,푸른숨 휴브레스,84.92,202110,25,"37,500",13,2013,혁신로 92,,-,-
강원도 원주시 반곡동,1894-2,1894,2,힐데스하임5단지,84.9671,202110,8,"47,500",6,2015,혁신로 91,,-,-
강원도 원주시 반곡동,1894-2,1894,2,힐데스하임5단지,84.9593,202110,27,"45,000",2,2015,혁신로 91,,-,-
강원도 원주시 봉산동,1201-2,1201,2,동신,99.6,202110,6,"18,000",4,1998,행구로 102,,-,-
강원도 원주시 봉산동,1201-2,1201,2,동신,84.48,202110,7,"16,000",3,1998,행구로 102,,-,-
강원도 원주시 봉산동,1201-2,1201,2,동신,84.48,202110,7,"16,800",6,1998,행구로 102,,-,-
강원도 원주시 봉산동,1201-2,1201,2,동신,99.6,202110,11,"18,500",10,1998,행구로 102,,-,-
강원도 원주시 봉산동,1201,1201,0,삼익,59.99,202110,4,"13,300",11,1995,행구로 84,,-,-
강원도 원주시 봉산동,1201,1201,0,삼익,59.99,202110,5,"15,500",12,1995,행구로 84,,-,-
강원도 원주시 봉산동,1201,1201,0,삼익,59.99,202110,8,"12,200",3,1995,행구로 84,,-,-
강원도 원주시 봉산동,1201,1201,0,삼익,59.99,202110,8,"12,200",3,1995,행구로 84,20211009,-,-
강원도 원주시 봉산동,1201,1201,0,삼익,59.99,202110,15,"14,450",14,1995,행구로 84,,-,-
강원도 원주시 봉산동,1201,1201,0,삼익,59.99,202110,16,"15,250",10,1995,행구로 84,,-,-
강원도 원주시 봉산동,1203-1,1203,1,아포리배말타운,114.3839,202110,2,"26,000",15,2004,치악로 1883,,-,-
강원도 원주시 봉산동,1182,1182,0,현대,59.951,202110,2,"7,500",3,1993,봉산로 82,,-,-
강원도 원주시 봉산동,1182,1182,0,현대,59.951,202110,9,"7,800",10,1993,봉산로 82,,-,-
강원도 원주시 소초면 장양리,1293-37,1293,37,백운,55.07,202110,13,"4,000",2,1994,장막1길 62,,-,-
강원도 원주시 소초면 장양리,1293-37,1293,37,백운,59.79,202110,18,"4,850",2,1994,장막1길 62,,-,-
강원도 원주시 소초면 장양리,1293-37,1293,37,백운,59.79,202110,27,"3,500",4,1994,장막1길 62,,-,-
강원도 원주시 소초면 장양리,816,816,0,영진1차,84.76,202110,16,"8,500",7,1992,장막2길 12,,-,-
강원도 원주시 소초면 장양리,816,816,0,영진1차,52.8,202110,17,"4,250",6,1992,장막2길 12,,-,-
강원도 원주시 소초면 장양리,816,816,0,영진1차,52.8,202110,29,"3,800",3,1992,장막2길 12,,-,-
강원도 원주시 소초면 장양리,816-2,816,2,영진4차,49.8,202110,25,"3,500",12,2006,장막2길 10,,-,-
강원도 원주시 우산동,157,157,0,덕원,57.84,202110,19,"8,900",6,1992,원문로100번길 90,,-,-
강원도 원주시 우산동,157,157,0,덕원,57.84,202110,30,"8,000",5,1992,원문로100번길 90,,-,-
강원도 원주시 우산동,333-9,333,9,동보렉스1,69.59,202110,1,"5,900",5,1988,진광길 24,,-,-
강원도 원주시 우산동,333-9,333,9,동보렉스1,43.955,202110,4,"3,900",5,1988,진광길 24,,-,-
강원도 원주시 우산동,333-9,333,9,동보렉스1,55.335,202110,28,"6,000",5,1988,진광길 24,,-,-
강원도 원주시 우산동,333-48,333,48,동보렉스2,69.59,202110,4,"7,000",4,1989,우산공단길 25,,-,-
강원도 원주시 우산동,333-48,333,48,동보렉스2,69.59,202110,20,"6,000",2,1989,우산공단길 25,,-,-
강원도 원주시 우산동,333-48,333,48,동보렉스2,69.59,202110,20,"5,850",5,1989,우산공단길 25,,-,-
강원도 원주시 우산동,130-1,130,1,삼호,72.36,202110,12,"9,000",3,1990,북원로2425번길 41,,-,-
강원도 원주시 우산동,821,821,0,원주신일유토빌,84.79,202110,6,"21,000",18,2012,우산공단길 23,,-,-
강원도 원주시 우산동,821,821,0,원주신일유토빌,84.79,202110,9,"21,500",12,2012,우산공단길 23,,-,-
강원도 원주시 우산동,821,821,0,원주신일유토빌,59.727,202110,11,"16,000",13,2012,우산공단길 23,,-,-
강원도 원주시 우산동,821,821,0,원주신일유토빌,59.727,202110,14,"16,500",12,2012,우산공단길 23,,-,-
강원도 원주시 우산동,821,821,0,원주신일유토빌,84.79,202110,14,"19,400",3,2012,우산공단길 23,,-,-
강원도 원주시 우산동,821,821,0,원주신일유토빌,84.79,202110,15,"21,500",4,2012,우산공단길 23,,-,-
강원도 원주시 우산동,821,821,0,원주신일유토빌,84.79,202110,15,"20,300",3,2012,우산공단길 23,,-,-
강원도 원주시 우산동,821,821,0,원주신일유토빌,59.727,202110,16,"17,700",15,2012,우산공단길 23,,-,-
강원도 원주시 우산동,821,821,0,원주신일유토빌,84.79,202110,21,"21,000",7,2012,우산공단길 23,,-,-
강원도 원주시 우산동,821,821,0,원주신일유토빌,84.79,202110,28,"23,000",16,2012,우산공단길 23,,-,-
강원도 원주시 우산동,818,818,0,한라비발디,84.996,202110,1,"21,000",4,2009,모란1길 86,,-,-
강원도 원주시 우산동,818,818,0,한라비발디,84.989,202110,5,"24,800",13,2009,모란1길 86,,-,-
강원도 원주시 우산동,818,818,0,한라비발디,129.124,202110,5,"32,000",6,2009,모란1길 86,,-,-
강원도 원주시 우산동,818,818,0,한라비발디,129.124,202110,6,"33,700",12,2009,모란1길 86,,-,-
강원도 원주시 우산동,818,818,0,한라비발디,84.973,202110,11,"25,500",6,2009,모란1길 86,,-,-
강원도 원주시 우산동,818,818,0,한라비발디,84.989,202110,11,"23,700",9,2009,모란1길 86,,-,-
강원도 원주시 우산동,818,818,0,한라비발디,84.996,202110,16,"23,800",10,2009,모란1길 86,,-,-
강원도 원주시 우산동,818,818,0,한라비발디,156.001,202110,28,"38,000",9,2009,모란1길 86,,-,-
강원도 원주시 우산동,823,823,0,한라비발디2차,84.52,202110,2,"29,700",16,2014,봉화로 231,,-,-
강원도 원주시 우산동,823,823,0,한라비발디2차,84.52,202110,2,"26,400",6,2014,봉화로 231,,-,-
강원도 원주시 우산동,823,823,0,한라비발디2차,84.22,202110,5,"28,000",17,2014,봉화로 231,,-,-
강원도 원주시 우산동,823,823,0,한라비발디2차,84.31,202110,9,"25,100",3,2014,봉화로 231,,-,-
강원도 원주시 우산동,823,823,0,한라비발디2차,84.22,202110,9,"27,600",5,2014,봉화로 231,,-,-
강원도 원주시 우산동,823,823,0,한라비발디2차,84.52,202110,9,"29,700",10,2014,봉화로 231,,-,-
강원도 원주시 우산동,823,823,0,한라비발디2차,84.52,202110,13,"31,000",18,2014,봉화로 231,,-,-
강원도 원주시 우산동,823,823,0,한라비발디2차,84.31,202110,23,"29,900",6,2014,봉화로 231,,-,-
강원도 원주시 원동,295,295,0,원동주공1,39.72,202110,4,"17,900",3,1987,무실로 121,,-,-
강원도 원주시 원동,295,295,0,원동주공1,39.72,202110,5,"16,500",3,1987,무실로 121,,-,-
강원도 원주시 원동,295,295,0,원동주공1,39.72,202110,9,"17,000",2,1987,무실로 121,,-,-
강원도 원주시 원동,295,295,0,원동주공1,39.72,202110,26,"10,500",2,1987,무실로 121,,-,-
강원도 원주시 원동,295,295,0,원동주공2,59.12,202110,1,"25,000",3,1989,무실로 121,,-,-
강원도 원주시 원동,113-1,113,1,원동진로,72.86,202110,4,"12,500",9,1999,남산로48번길 26,,-,-
강원도 원주시 원동,113-1,113,1,원동진로,72.86,202110,6,"14,450",12,1999,남산로48번길 26,,-,-
강원도 원주시 원동,113-1,113,1,원동진로,72.86,202110,12,"14,000",9,1999,남산로48번길 26,,-,-
강원도 원주시 원동,274-4,274,4,원동현진,84.93,202110,4,"11,500",3,1996,무실로47번길 34,,-,-
강원도 원주시 원동,274-4,274,4,원동현진,74.43,202110,16,"11,700",10,1996,무실로47번길 34,,-,-
강원도 원주시 원동,273-1,273,1,한주,52.8,202110,12,"9,100",7,1995,무실로 91,,-,-
강원도 원주시 원동,273-1,273,1,한주,52.8,202110,23,"7,500",1,1995,무실로 91,,-,-
강원도 원주시 일산동,365,365,0,두진하트리움시티,84.9007,202110,3,"35,000",19,2019,천사로 189,,-,-
강원도 원주시 일산동,365,365,0,두진하트리움시티,84.9259,202110,10,"35,500",21,2019,천사로 189,,-,-
강원도 원주시 일산동,272-3,272,3,신진빌리지,72.21,202110,6,"10,200",3,1989,천사로 130,,-,-
강원도 원주시 일산동,272-3,272,3,신진빌리지,109.91,202110,12,"12,900",1,1989,천사로 130,,-,-
강원도 원주시 일산동,333-3,333,3,우보삼성,42.96,202110,5,"7,000",4,1993,남산로 103,,-,-
강원도 원주시 일산동,333-3,333,3,우보삼성,42.96,202110,5,"6,700",5,1993,남산로 103,,-,-
강원도 원주시 일산동,333-3,333,3,우보삼성,42.96,202110,11,"7,900",13,1993,남산로 103,,-,-
강원도 원주시 일산동,333-3,333,3,우보삼성,42.96,202110,12,"6,600",3,1993,남산로 103,,-,-
강원도 원주시 일산동,333-3,333,3,우보삼성,84.53,202110,19,"13,750",6,1993,남산로 103,,-,-
강원도 원주시 일산동,333-3,333,3,우보삼성,42.96,202110,25,"7,500",12,1993,남산로 103,,-,-
강원도 원주시 일산동,333-3,333,3,우보삼성,90.181,202110,27,"12,300",9,1993,남산로 103,,-,-
강원도 원주시 일산동,333-3,333,3,우보삼성,84.53,202110,27,"13,200",4,1993,남산로 103,,-,-
강원도 원주시 일산동,355-1,355,1,원흥2,71.015,202110,2,"11,700",8,1992,무실로 130,,-,-
강원도 원주시 일산동,355-1,355,1,원흥2,81.635,202110,14,"11,450",3,1992,무실로 130,,-,-
강원도 원주시 일산동,247-162,247,162,일산국제,59.91,202110,2,"10,000",10,2001,남산로 141,,-,-
강원도 원주시 일산동,247-162,247,162,일산국제,84.9,202110,9,"11,500",2,2001,남산로 141,,-,-
강원도 원주시 일산동,247-162,247,162,일산국제,59.91,202110,11,"10,600",15,2001,남산로 141,,-,-
강원도 원주시 일산동,247-162,247,162,일산국제,84.9,202110,12,"12,000",4,2001,남산로 141,,-,-
강원도 원주시 일산동,247-162,247,162,일산국제,84.9,202110,13,"11,500",1,2001,남산로 141,,-,-
강원도 원주시 일산동,247-162,247,162,일산국제,59.91,202110,13,"9,000",6,2001,남산로 141,,-,-
강원도 원주시 일산동,247-162,247,162,일산국제,59.91,202110,20,"8,800",18,2001,남산로 141,,-,-
강원도 원주시 일산동,247-162,247,162,일산국제,84.9,202110,23,"11,800",6,2001,남산로 141,,-,-
강원도 원주시 지정면 가곡리,1453,1453,0,EG-the1아파트,84.9822,202110,5,"36,000",11,2019,신지정로 325,,-,-
강원도 원주시 지정면 가곡리,1453,1453,0,EG-the1아파트,84.9822,202110,8,"34,500",2,2019,신지정로 325,,-,-
강원도 원주시 지정면 가곡리,1453,1453,0,EG-the1아파트,59.9473,202110,9,"25,000",15,2019,신지정로 325,,-,-
강원도 원주시 지정면 가곡리,1453,1453,0,EG-the1아파트,84.9822,202110,10,"34,600",4,2019,신지정로 325,,-,-
강원도 원주시 지정면 가곡리,1453,1453,0,EG-the1아파트,84.9822,202110,12,"37,000",11,2019,신지정로 325,,-,-
강원도 원주시 지정면 가곡리,1453,1453,0,EG-the1아파트,59.9473,202110,12,"23,500",16,2019,신지정로 325,,-,-
강원도 원주시 지정면 가곡리,1453,1453,0,EG-the1아파트,59.9473,202110,12,"23,300",17,2019,신지정로 325,,-,-
강원도 원주시 지정면 가곡리,1453,1453,0,EG-the1아파트,59.9473,202110,13,"25,000",6,2019,신지정로 325,,-,-
강원도 원주시 지정면 가곡리,1453,1453,0,EG-the1아파트,84.9822,202110,14,"35,000",5,2019,신지정로 325,,-,-
강원도 원주시 지정면 가곡리,1453,1453,0,EG-the1아파트,59.9473,202110,15,"22,500",2,2019,신지정로 325,,-,-
강원도 원주시 지정면 가곡리,1453,1453,0,EG-the1아파트,59.9473,202110,16,"25,000",20,2019,신지정로 325,,-,-
강원도 원주시 지정면 가곡리,1453,1453,0,EG-the1아파트,84.9822,202110,19,"32,600",6,2019,신지정로 325,,-,-
강원도 원주시 지정면 가곡리,1453,1453,0,EG-the1아파트,59.9473,202110,23,"27,200",11,2019,신지정로 325,,-,-
강원도 원주시 지정면 가곡리,1453,1453,0,EG-the1아파트,84.9822,202110,23,"35,000",3,2019,신지정로 325,,-,-
강원도 원주시 지정면 가곡리,1453,1453,0,EG-the1아파트,84.9822,202110,30,"36,500",12,2019,신지정로 325,,-,-
강원도 원주시 지정면 가곡리,1453,1453,0,EG-the1아파트,113.999,202110,31,"56,700",7,2019,신지정로 325,,-,-
강원도 원주시 지정면 가곡리,1525,1525,0,원주기업도시8단지호반베르디움,84.9622,202110,2,"39,000",3,2018,가곡로 120,,-,-
강원도 원주시 지정면 가곡리,1525,1525,0,원주기업도시8단지호반베르디움,84.9901,202110,18,"38,000",13,2018,가곡로 120,,-,-
강원도 원주시 지정면 가곡리,1525,1525,0,원주기업도시8단지호반베르디움,84.9622,202110,19,"38,700",5,2018,가곡로 120,,-,-
강원도 원주시 지정면 가곡리,1525,1525,0,원주기업도시8단지호반베르디움,84.9901,202110,23,"36,000",11,2018,가곡로 120,,-,-
강원도 원주시 지정면 가곡리,1525,1525,0,원주기업도시8단지호반베르디움,84.9901,202110,24,"34,700",1,2018,가곡로 120,,-,-
강원도 원주시 지정면 가곡리,1493,1493,0,원주기업도시라온프라이빗,84.7002,202110,2,"39,800",15,2018,가곡로 132,,-,-
강원도 원주시 지정면 가곡리,1493,1493,0,원주기업도시라온프라이빗,84.7303,202110,4,"38,700",3,2018,가곡로 132,,-,-
강원도 원주시 지정면 가곡리,1493,1493,0,원주기업도시라온프라이빗,59.7836,202110,6,"27,000",28,2018,가곡로 132,,-,-
강원도 원주시 지정면 가곡리,1493,1493,0,원주기업도시라온프라이빗,84.7002,202110,7,"37,000",11,2018,가곡로 132,,-,-
강원도 원주시 지정면 가곡리,1493,1493,0,원주기업도시라온프라이빗,84.7303,202110,9,"39,500",26,2018,가곡로 132,,-,-
강원도 원주시 지정면 가곡리,1493,1493,0,원주기업도시라온프라이빗,84.7303,202110,15,"37,900",22,2018,가곡로 132,,-,-
강원도 원주시 지정면 가곡리,1493,1493,0,원주기업도시라온프라이빗,84.7002,202110,15,"43,000",28,2018,가곡로 132,,-,-
강원도 원주시 지정면 가곡리,1493,1493,0,원주기업도시라온프라이빗,59.7836,202110,15,"27,700",5,2018,가곡로 132,,-,-
강원도 원주시 지정면 가곡리,1493,1493,0,원주기업도시라온프라이빗,84.6962,202110,16,"37,800",25,2018,가곡로 132,,-,-
강원도 원주시 지정면 가곡리,1493,1493,0,원주기업도시라온프라이빗,84.6962,202110,22,"37,700",2,2018,가곡로 132,,-,-
강원도 원주시 지정면 가곡리,1493,1493,0,원주기업도시라온프라이빗,59.7836,202110,22,"27,800",11,2018,가곡로 132,,-,-
강원도 원주시 지정면 가곡리,1493,1493,0,원주기업도시라온프라이빗,59.7836,202110,23,"26,500",4,2018,가곡로 132,,-,-
강원도 원주시 지정면 가곡리,1493,1493,0,원주기업도시라온프라이빗,84.7303,202110,31,"40,000",10,2018,가곡로 132,,-,-
강원도 원주시 지정면 가곡리,1476,1476,0,원주기업도시유보라아이비파크1단지(1-2블록),59.9833,202110,6,"24,000",5,2019,조엄로 393,,-,-
강원도 원주시 지정면 가곡리,1476,1476,0,원주기업도시유보라아이비파크1단지(1-2블록),84.9698,202110,16,"40,000",29,2019,조엄로 393,,-,-
강원도 원주시 지정면 가곡리,1476,1476,0,원주기업도시유보라아이비파크1단지(1-2블록),59.9887,202110,20,"26,000",8,2019,조엄로 393,,-,-
강원도 원주시 지정면 가곡리,1470-1,1470,1,원주기업도시유보라아이비파크2단지(2-2블록),59.9833,202110,4,"27,500",19,2019,조엄로 397,,-,-
강원도 원주시 지정면 가곡리,1470-1,1470,1,원주기업도시유보라아이비파크2단지(2-2블록),84.9698,202110,10,"35,000",6,2019,조엄로 397,,-,-
강원도 원주시 지정면 가곡리,1470-1,1470,1,원주기업도시유보라아이비파크2단지(2-2블록),84.9863,202110,12,"36,400",7,2019,조엄로 397,,-,-
강원도 원주시 지정면 가곡리,1470-1,1470,1,원주기업도시유보라아이비파크2단지(2-2블록),84.9863,202110,13,"39,300",27,2019,조엄로 397,,-,-
강원도 원주시 지정면 가곡리,1470-1,1470,1,원주기업도시유보라아이비파크2단지(2-2블록),84.9912,202110,24,"40,000",14,2019,조엄로 397,,-,-
강원도 원주시 지정면 가곡리,1512,1512,0,원주롯데캐슬골드파크1차(5단지),111.4451,202110,22,"64,300",1,2019,신지정로 250,,-,-
강원도 원주시 지정면 가곡리,1501,1501,0,원주롯데캐슬골드파크2차(6단지),59.9862,202110,2,"33,500",15,2019,신지정로 300,,-,-
강원도 원주시 지정면 가곡리,1501,1501,0,원주롯데캐슬골드파크2차(6단지),84.9861,202110,18,"45,000",1,2019,신지정로 300,,-,-
강원도 원주시 지정면 가곡리,1537,1537,0,원주롯데캐슬더퍼스트1차,84.9663,202110,1,"45,000",26,2018,가곡로 50,,-,-
강원도 원주시 지정면 가곡리,1537,1537,0,원주롯데캐슬더퍼스트1차,59.9996,202110,3,"27,900",14,2018,가곡로 50,,-,-
강원도 원주시 지정면 가곡리,1537,1537,0,원주롯데캐슬더퍼스트1차,59.9996,202110,9,"28,200",14,2018,가곡로 50,,-,-
강원도 원주시 지정면 가곡리,1537,1537,0,원주롯데캐슬더퍼스트1차,59.9479,202110,11,"27,000",6,2018,가곡로 50,,-,-
강원도 원주시 지정면 가곡리,1537,1537,0,원주롯데캐슬더퍼스트1차,59.9996,202110,12,"26,000",22,2018,가곡로 50,20211018,-,-
강원도 원주시 지정면 가곡리,1537,1537,0,원주롯데캐슬더퍼스트1차,59.9996,202110,16,"27,000",11,2018,가곡로 50,,-,-
강원도 원주시 지정면 가곡리,1537,1537,0,원주롯데캐슬더퍼스트1차,59.9996,202110,17,"33,000",9,2018,가곡로 50,,-,-
강원도 원주시 지정면 가곡리,1537,1537,0,원주롯데캐슬더퍼스트1차,59.9996,202110,17,"29,300",27,2018,가곡로 50,,-,-
강원도 원주시 지정면 가곡리,1537,1537,0,원주롯데캐슬더퍼스트1차,59.9479,202110,23,"32,200",11,2018,가곡로 50,,-,-
강원도 원주시 지정면 가곡리,1537,1537,0,원주롯데캐슬더퍼스트1차,59.9479,202110,27,"27,900",12,2018,가곡로 50,,-,-
강원도 원주시 지정면 가곡리,1537,1537,0,원주롯데캐슬더퍼스트1차,84.9663,202110,29,"44,000",22,2018,가곡로 50,,-,-
강원도 원주시 지정면 가곡리,1537,1537,0,원주롯데캐슬더퍼스트1차,84.9663,202110,30,"37,000",3,2018,가곡로 50,,-,-
강원도 원주시 지정면 가곡리,1537,1537,0,원주롯데캐슬더퍼스트1차,59.9996,202110,30,"28,000",15,2018,가곡로 50,,-,-
강원도 원주시 지정면 가곡리,1534,1534,0,원주롯데캐슬더퍼스트2차,84.9663,202110,2,"38,200",11,2018,가곡로 70,,-,-
강원도 원주시 지정면 가곡리,1534,1534,0,원주롯데캐슬더퍼스트2차,59.9996,202110,2,"27,700",3,2018,가곡로 70,,-,-
강원도 원주시 지정면 가곡리,1534,1534,0,원주롯데캐슬더퍼스트2차,59.9996,202110,2,"29,000",5,2018,가곡로 70,,-,-
강원도 원주시 지정면 가곡리,1534,1534,0,원주롯데캐슬더퍼스트2차,59.9996,202110,5,"27,000",3,2018,가곡로 70,,-,-
강원도 원주시 지정면 가곡리,1534,1534,0,원주롯데캐슬더퍼스트2차,59.9996,202110,7,"31,000",15,2018,가곡로 70,,-,-
강원도 원주시 지정면 가곡리,1534,1534,0,원주롯데캐슬더퍼스트2차,84.9663,202110,8,"44,800",24,2018,가곡로 70,,-,-
강원도 원주시 지정면 가곡리,1534,1534,0,원주롯데캐슬더퍼스트2차,84.9663,202110,9,"49,800",16,2018,가곡로 70,,-,-
강원도 원주시 지정면 가곡리,1534,1534,0,원주롯데캐슬더퍼스트2차,59.9996,202110,14,"29,400",25,2018,가곡로 70,,-,-
강원도 원주시 지정면 가곡리,1534,1534,0,원주롯데캐슬더퍼스트2차,59.9996,202110,14,"29,400",16,2018,가곡로 70,,-,-
강원도 원주시 지정면 가곡리,1534,1534,0,원주롯데캐슬더퍼스트2차,59.9996,202110,15,"28,000",15,2018,가곡로 70,,-,-
강원도 원주시 지정면 가곡리,1534,1534,0,원주롯데캐슬더퍼스트2차,59.9996,202110,16,"28,500",28,2018,가곡로 70,,-,-
강원도 원주시 지정면 가곡리,1534,1534,0,원주롯데캐슬더퍼스트2차,59.9996,202110,18,"32,300",17,2018,가곡로 70,,-,-
강원도 원주시 지정면 가곡리,1534,1534,0,원주롯데캐슬더퍼스트2차,59.9996,202110,20,"27,500",1,2018,가곡로 70,,-,-
강원도 원주시 지정면 가곡리,1534,1534,0,원주롯데캐슬더퍼스트2차,59.9996,202110,21,"32,500",12,2018,가곡로 70,,-,-
강원도 원주시 지정면 가곡리,1534,1534,0,원주롯데캐슬더퍼스트2차,59.9996,202110,27,"27,300",19,2018,가곡로 70,,-,-
강원도 원주시 지정면 가곡리,1534,1534,0,원주롯데캐슬더퍼스트2차,59.9479,202110,27,"33,700",11,2018,가곡로 70,,-,-
강원도 원주시 지정면 가곡리,1468,1468,0,이지더원더그레이스아파트,84.9709,202110,16,"39,900",10,2020,신지정로 255,,-,-
강원도 원주시 지정면 가곡리,1468,1468,0,이지더원더그레이스아파트,84.9709,202110,18,"39,800",24,2020,신지정로 255,,-,-
강원도 원주시 지정면 가곡리,1464,1464,0,호반베르디움더리버,59.9991,202110,9,"28,000",27,2019,신지정로 265,,-,-
강원도 원주시 지정면 가곡리,1464,1464,0,호반베르디움더리버,59.9991,202110,9,"28,000",19,2019,신지정로 265,,-,-
강원도 원주시 지정면 가곡리,1464,1464,0,호반베르디움더리버,84.9035,202110,9,"40,000",19,2019,신지정로 265,,-,-
강원도 원주시 지정면 가곡리,1464,1464,0,호반베르디움더리버,95.7086,202110,11,"42,300",12,2019,신지정로 265,,-,-
강원도 원주시 지정면 가곡리,1464,1464,0,호반베르디움더리버,84.9035,202110,12,"38,500",25,2019,신지정로 265,,-,-
강원도 원주시 지정면 가곡리,1464,1464,0,호반베르디움더리버,84.9035,202110,16,"42,800",14,2019,신지정로 265,,-,-
강원도 원주시 지정면 가곡리,1464,1464,0,호반베르디움더리버,59.9991,202110,16,"28,900",9,2019,신지정로 265,,-,-
강원도 원주시 지정면 가곡리,1464,1464,0,호반베르디움더리버,95.7086,202110,19,"44,000",13,2019,신지정로 265,,-,-
강원도 원주시 지정면 가곡리,1464,1464,0,호반베르디움더리버,95.7086,202110,23,"41,000",10,2019,신지정로 265,,-,-
강원도 원주시 지정면 가곡리,1464,1464,0,호반베르디움더리버,84.9035,202110,23,"42,000",28,2019,신지정로 265,,-,-
강원도 원주시 지정면 가곡리,1464,1464,0,호반베르디움더리버,59.9991,202110,23,"28,800",10,2019,신지정로 265,,-,-
강원도 원주시 지정면 가곡리,1464,1464,0,호반베르디움더리버,59.9991,202110,23,"25,800",3,2019,신지정로 265,,-,-
강원도 원주시 지정면 가곡리,1461,1461,0,호반베르디움더힐,59.9991,202110,1,"29,000",8,2019,신지정로 295,,-,-
강원도 원주시 지정면 가곡리,1461,1461,0,호반베르디움더힐,84.9035,202110,2,"36,500",6,2019,신지정로 295,,-,-
강원도 원주시 지정면 가곡리,1461,1461,0,호반베르디움더힐,84.9035,202110,3,"37,500",20,2019,신지정로 295,,-,-
강원도 원주시 지정면 가곡리,1461,1461,0,호반베르디움더힐,59.9991,202110,8,"27,500",14,2019,신지정로 295,,-,-
강원도 원주시 지정면 가곡리,1461,1461,0,호반베르디움더힐,84.9035,202110,9,"37,000",8,2019,신지정로 295,,-,-
강원도 원주시 지정면 가곡리,1461,1461,0,호반베르디움더힐,84.9035,202110,10,"37,950",8,2019,신지정로 295,,-,-
강원도 원주시 지정면 가곡리,1461,1461,0,호반베르디움더힐,84.9035,202110,12,"37,000",7,2019,신지정로 295,,-,-
강원도 원주시 지정면 가곡리,1461,1461,0,호반베르디움더힐,59.9991,202110,13,"27,000",20,2019,신지정로 295,,-,-
강원도 원주시 지정면 가곡리,1461,1461,0,호반베르디움더힐,84.9035,202110,17,"39,500",21,2019,신지정로 295,,-,-
강원도 원주시 지정면 가곡리,1461,1461,0,호반베르디움더힐,84.9035,202110,23,"38,800",23,2019,신지정로 295,,-,-
강원도 원주시 태장동,2731,2731,0,e편한세상원주태장,74.9949,202110,2,"28,000",15,2018,현충로232번길 42,,-,-
강원도 원주시 태장동,2731,2731,0,e편한세상원주태장,59.9956,202110,9,"21,000",19,2018,현충로232번길 42,,-,-
강원도 원주시 태장동,2731,2731,0,e편한세상원주태장,59.9956,202110,11,"21,200",7,2018,현충로232번길 42,,-,-
강원도 원주시 태장동,2731,2731,0,e편한세상원주태장,59.9956,202110,11,"20,000",14,2018,현충로232번길 42,,-,-
강원도 원주시 태장동,2731,2731,0,e편한세상원주태장,59.9956,202110,13,"21,400",2,2018,현충로232번길 42,,-,-
강원도 원주시 태장동,2731,2731,0,e편한세상원주태장,59.9956,202110,20,"22,000",7,2018,현충로232번길 42,,-,-
강원도 원주시 태장동,2731,2731,0,e편한세상원주태장,59.9574,202110,26,"21,750",7,2018,현충로232번길 42,,-,-
강원도 원주시 태장동,580,580,0,금광포란재1단지,59.9835,202110,2,"12,800",5,2006,포란재로 36,,-,-
강원도 원주시 태장동,580,580,0,금광포란재1단지,84.961,202110,4,"15,000",2,2006,포란재로 36,,-,-
강원도 원주시 태장동,580,580,0,금광포란재1단지,84.961,202110,6,"19,800",18,2006,포란재로 36,,-,-
강원도 원주시 태장동,580,580,0,금광포란재1단지,59.9835,202110,8,"13,900",13,2006,포란재로 36,,-,-
강원도 원주시 태장동,580,580,0,금광포란재1단지,59.9835,202110,9,"13,000",4,2006,포란재로 36,,-,-
강원도 원주시 태장동,580,580,0,금광포란재1단지,84.961,202110,12,"17,400",10,2006,포란재로 36,,-,-
강원도 원주시 태장동,580,580,0,금광포란재1단지,84.961,202110,16,"17,400",2,2006,포란재로 36,,-,-
강원도 원주시 태장동,580,580,0,금광포란재1단지,59.9835,202110,19,"16,000",15,2006,포란재로 36,,-,-
강원도 원주시 태장동,580,580,0,금광포란재1단지,59.9835,202110,25,"13,600",13,2006,포란재로 36,,-,-
강원도 원주시 태장동,1720-48,1720,48,뉴스테이아파트,60,202110,20,"4,500",3,2014,태장공단길 54-14,,-,-
강원도 원주시 태장동,1040-8,1040,8,대흥2,84.99,202110,15,"11,000",4,1995,흥양로 30,,-,-
강원도 원주시 태장동,546,546,0,두진백로,28.14,202110,5,"3,500",8,1999,흥양로 64,,-,-
강원도 원주시 태장동,546,546,0,두진백로,28.14,202110,20,"3,400",6,1999,흥양로 64,,-,-
강원도 원주시 태장동,546,546,0,두진백로,28.14,202110,25,"3,500",13,1999,흥양로 64,,-,-
강원도 원주시 태장동,2252,2252,0,백운2차,42.93,202110,5,"4,500",4,1996,적동1길 31,,-,-
강원도 원주시 태장동,1836,1836,0,백운3차,40.83,202110,5,"5,000",9,2000,태장공단길 10,,-,-
강원도 원주시 태장동,1836,1836,0,백운3차,40.83,202110,8,"5,950",7,2000,태장공단길 10,,-,-
강원도 원주시 태장동,1836,1836,0,백운3차,49.29,202110,15,"5,800",4,2000,태장공단길 10,,-,-
강원도 원주시 태장동,1379-23,1379,23,북원상가,56.79,202110,4,"6,000",4,1993,북원상가길 13,,-,-
강원도 원주시 태장동,971,971,0,상록아파트,59.04,202110,8,"6,000",2,1992,현충로 234,,-,-
강원도 원주시 태장동,971,971,0,상록아파트,53.82,202110,10,"4,700",4,1992,현충로 234,,-,-
강원도 원주시 태장동,971,971,0,상록아파트,59.04,202110,11,"4,850",4,1992,현충로 234,,-,-
강원도 원주시 태장동,971,971,0,상록아파트,56.34,202110,18,"6,350",5,1992,현충로 234,,-,-
강원도 원주시 태장동,971,971,0,상록아파트,56.34,202110,25,"5,050",5,1992,현충로 234,,-,-
강원도 원주시 태장동,971,971,0,상록아파트,45.99,202110,26,"4,500",3,1992,현충로 234,,-,-
강원도 원주시 태장동,128-9,128,9,성호2차샤인힐즈,59.73,202110,8,"11,500",7,2004,현충로58번길 71,,-,-
강원도 원주시 태장동,128-9,128,9,성호2차샤인힐즈,75.408,202110,8,"15,700",3,2004,현충로58번길 71,,-,-
강원도 원주시 태장동,128-9,128,9,성호2차샤인힐즈,84.647,202110,10,"18,500",11,2004,현충로58번길 71,,-,-
강원도 원주시 태장동,128-9,128,9,성호2차샤인힐즈,59.73,202110,20,"14,500",11,2004,현충로58번길 71,,-,-
강원도 원주시 태장동,891-1,891,1,영진2,59.94,202110,6,"5,000",15,1993,현충로 155,,-,-
강원도 원주시 태장동,891-1,891,1,영진2,59.94,202110,23,"7,300",2,1993,현충로 155,,-,-
강원도 원주시 태장동,891-1,891,1,영진2,59.94,202110,23,"7,500",15,1993,현충로 155,,-,-
강원도 원주시 태장동,891-1,891,1,영진2,84.76,202110,25,"10,000",10,1993,현충로 155,,-,-
강원도 원주시 태장동,891-1,891,1,영진2,84.76,202110,31,"9,200",17,1993,현충로 155,,-,-
강원도 원주시 태장동,2717,2717,0,요진보네르카운티2차,84.98,202110,31,"19,000",4,2007,현충로 295,,-,-
강원도 원주시 태장동,2210,2210,0,우성1,84.97,202110,7,"9,500",11,1990,적동1길 7,,-,-
강원도 원주시 태장동,2210,2210,0,우성1,127.11,202110,13,"15,000",13,1990,적동1길 7,,-,-
강원도 원주시 태장동,2210,2210,0,우성1,127.11,202110,25,"16,000",9,1990,적동1길 7,,-,-
강원도 원주시 태장동,2210,2210,0,우성1,127.11,202110,25,"7,000",12,1990,적동1길 7,,-,-
강원도 원주시 태장동,2793,2793,0,이안원주태장,59.96,202110,6,"20,500",4,2019,흥양로51번길 40,,-,-
강원도 원주시 태장동,2793,2793,0,이안원주태장,59.96,202110,6,"22,000",3,2019,흥양로51번길 40,,-,-
강원도 원주시 태장동,2793,2793,0,이안원주태장,75.88,202110,8,"27,700",3,2019,흥양로51번길 40,,-,-
강원도 원주시 태장동,2793,2793,0,이안원주태장,59.96,202110,9,"20,000",9,2019,흥양로51번길 40,,-,-
강원도 원주시 태장동,2793,2793,0,이안원주태장,59.96,202110,14,"21,800",22,2019,흥양로51번길 40,,-,-
강원도 원주시 태장동,2793,2793,0,이안원주태장,75.88,202110,14,"27,000",5,2019,흥양로51번길 40,,-,-
강원도 원주시 태장동,2793,2793,0,이안원주태장,59.96,202110,18,"20,500",1,2019,흥양로51번길 40,,-,-
강원도 원주시 태장동,2793,2793,0,이안원주태장,75.88,202110,19,"27,400",14,2019,흥양로51번길 40,,-,-
강원도 원주시 태장동,2793,2793,0,이안원주태장,59.92,202110,24,"22,300",8,2019,흥양로51번길 40,,-,-
강원도 원주시 태장동,2793,2793,0,이안원주태장,84.94,202110,30,"28,000",20,2019,흥양로51번길 40,,-,-
강원도 원주시 태장동,2793,2793,0,이안원주태장,84.98,202110,31,"32,000",12,2019,흥양로51번길 40,,-,-
강원도 원주시 태장동,548,548,0,정암,41.31,202110,22,"3,500",5,1988,흥양로 98,,-,-
강원도 원주시 태장동,1037-2,1037,2,진우,76.68,202110,2,"7,500",1,1990,현충로 280,,-,-
강원도 원주시 태장동,1037-2,1037,2,진우,63,202110,5,"4,600",5,1990,현충로 280,,-,-
강원도 원주시 태장동,1037-2,1037,2,진우,63,202110,10,"6,700",5,1990,현충로 280,,-,-
강원도 원주시 태장동,1037-2,1037,2,진우,63,202110,13,"6,800",3,1990,현충로 280,,-,-
강원도 원주시 태장동,1037-2,1037,2,진우,63,202110,14,"6,500",3,1990,현충로 280,,-,-
강원도 원주시 태장동,1037-2,1037,2,진우,63,202110,26,"6,800",5,1990,현충로 280,,-,-
강원도 원주시 태장동,1266-6,1266,6,태봉우성2,73.29,202110,13,"11,200",9,1992,현충로 304,,-,-
강원도 원주시 태장동,1266-6,1266,6,태봉우성2,84.72,202110,25,"11,000",1,1992,현충로 304,,-,-
강원도 원주시 태장동,128-1,128,1,태장동보렉스(7차),71.46,202110,1,"10,800",7,1995,치악로 2035,,-,-
강원도 원주시 태장동,128-1,128,1,태장동보렉스(7차),59.97,202110,28,"8,300",6,1995,치악로 2035,,-,-
강원도 원주시 태장동,128-1,128,1,태장동보렉스(8차),74.25,202110,8,"12,500",6,1997,치악로 2033,,-,-
강원도 원주시 태장동,128-1,128,1,태장동보렉스(8차),59.88,202110,12,"9,500",8,1997,치악로 2033,,-,-
강원도 원주시 태장동,129,129,0,태장동성호아파트,49.995,202110,4,"8,500",5,1998,치악로 2047,,-,-
강원도 원주시 태장동,129,129,0,태장동성호아파트,49.995,202110,9,"6,500",4,1998,치악로 2047,,-,-
강원도 원주시 태장동,129,129,0,태장동성호아파트,59.815,202110,16,"8,900",5,1998,치악로 2047,,-,-
강원도 원주시 태장동,129,129,0,태장동성호아파트,49.995,202110,18,"7,100",14,1998,치악로 2047,,-,-
강원도 원주시 태장동,129,129,0,태장동성호아파트,49.995,202110,22,"7,000",5,1998,치악로 2047,,-,-
강원도 원주시 태장동,129,129,0,태장동성호아파트,59.94,202110,23,"9,300",7,1998,치악로 2047,,-,-
강원도 원주시 태장동,2708,2708,0,태장주공2,39.44,202110,16,"6,100",5,1997,흥양로51번길 18,,-,-
강원도 원주시 태장동,2708,2708,0,태장주공2,59.67,202110,19,"10,200",6,1997,흥양로51번길 18,,-,-
강원도 원주시 태장동,2708,2708,0,태장주공2,59.67,202110,26,"11,500",15,1997,흥양로51번길 18,,-,-
강원도 원주시 태장동,2708,2708,0,태장주공3,39.44,202110,16,"7,100",15,1997,흥양로51번길 16,,-,-
강원도 원주시 태장동,2708,2708,0,태장주공3,49.61,202110,18,"7,400",1,1997,흥양로51번길 16,,-,-
강원도 원주시 태장동,2708,2708,0,태장주공3,49.61,202110,18,"9,000",10,1997,흥양로51번길 16,,-,-
강원도 원주시 태장동,2708,2708,0,태장주공3,39.44,202110,19,"6,700",5,1997,흥양로51번길 16,,-,-
강원도 원주시 태장동,2708,2708,0,태장주공3,49.61,202110,22,"8,000",4,1997,흥양로51번길 16,,-,-
강원도 원주시 태장동,2708,2708,0,태장주공3,49.61,202110,26,"7,900",13,1997,흥양로51번길 16,,-,-
강원도 원주시 태장동,682,682,0,현대,59.445,202110,2,"9,000",3,1995,현충로58번길 29,,-,-
강원도 원주시 태장동,682,682,0,현대,59.445,202110,8,"9,600",4,1995,현충로58번길 29,,-,-
강원도 원주시 태장동,682,682,0,현대,59.445,202110,19,"11,500",6,1995,현충로58번길 29,,-,-
강원도 원주시 태장동,682,682,0,현대,59.445,202110,23,"10,350",4,1995,현충로58번길 29,,-,-
강원도 원주시 태장동,682,682,0,현대,59.445,202110,24,"9,500",14,1995,현충로58번길 29,,-,-
강원도 원주시 태장동,2716,2716,0,흥화브라운빌,84.9728,202110,4,"17,300",15,2006,현충로58번길 21,,-,-
강원도 원주시 태장동,2716,2716,0,흥화브라운빌,84.9728,202110,8,"17,500",13,2006,현충로58번길 21,,-,-
강원도 원주시 판부면 서곡리,592,592,0,거장2차아파트,39.06,202110,1,"9,800",15,2002,남원로 223,,-,-
강원도 원주시 판부면 서곡리,592,592,0,거장2차아파트,39.06,202110,1,"10,300",3,2002,남원로 223,,-,-
강원도 원주시 판부면 서곡리,592,592,0,거장2차아파트,27.36,202110,4,"7,400",12,2002,남원로 223,,-,-
강원도 원주시 판부면 서곡리,592,592,0,거장2차아파트,39.06,202110,8,"10,500",4,2002,남원로 223,,-,-
강원도 원주시 판부면 서곡리,592,592,0,거장2차아파트,39.06,202110,8,"10,800",5,2002,남원로 223,,-,-
강원도 원주시 판부면 서곡리,592,592,0,거장2차아파트,27.36,202110,11,"7,000",5,2002,남원로 223,,-,-
강원도 원주시 판부면 서곡리,592,592,0,거장2차아파트,27.36,202110,12,"6,900",10,2002,남원로 223,,-,-
강원도 원주시 판부면 서곡리,592,592,0,거장2차아파트,27.36,202110,23,"6,900",15,2002,남원로 223,,-,-
강원도 원주시 판부면 서곡리,2048,2048,0,남원주코아루미소지움,79.9775,202110,3,"28,500",15,2018,남원로 390,,-,-
강원도 원주시 판부면 서곡리,2048,2048,0,남원주코아루미소지움,79.9775,202110,8,"26,000",2,2018,남원로 390,,-,-
강원도 원주시 판부면 서곡리,2048,2048,0,남원주코아루미소지움,59.8288,202110,10,"26,900",7,2018,남원로 390,,-,-
강원도 원주시 판부면 서곡리,2048,2048,0,남원주코아루미소지움,79.9775,202110,17,"31,000",12,2018,남원로 390,,-,-
강원도 원주시 판부면 서곡리,2048,2048,0,남원주코아루미소지움,79.9775,202110,24,"30,500",9,2018,남원로 390,,-,-
강원도 원주시 판부면 서곡리,2048,2048,0,남원주코아루미소지움,59.8288,202110,25,"24,700",15,2018,남원로 390,,-,-
강원도 원주시 판부면 서곡리,446,446,0,원주더샵아파트,157.316,202110,13,"51,000",9,2006,시청로 264,,-,-
강원도 원주시 학성동,1032-6,1032,6,삼천리1,73.78,202110,5,"9,900",9,1991,학성길 46,,-,-
강원도 원주시 학성동,1032-6,1032,6,삼천리1,73.78,202110,7,"10,000",6,1991,학성길 46,,-,-
강원도 원주시 학성동,1032-6,1032,6,삼천리1,73.78,202110,13,"10,000",8,1991,학성길 46,,-,-
강원도 원주시 학성동,1032-9,1032,9,삼천리2,56.05,202110,12,"9,000",6,1993,학성길 54,,-,-
강원도 원주시 학성동,1032-9,1032,9,삼천리2,56.05,202110,24,"10,500",6,1993,학성길 54,,-,-
강원도 원주시 학성동,1031,1031,0,삼천리3,59.99,202110,2,"9,000",9,1997,학성길 38,,-,-
강원도 원주시 학성동,1031,1031,0,삼천리3,84.66,202110,13,"12,500",4,1997,학성길 38,,-,-
강원도 원주시 학성동,1031,1031,0,삼천리3,84.66,202110,20,"15,600",17,1997,학성길 38,,-,-
강원도 원주시 학성동,1056-1,1056,1,영진로얄맨션,75.74,202110,13,"8,850",3,1991,남산로218번길 42,,-,-
강원도 원주시 학성동,1056-1,1056,1,영진로얄맨션,75.74,202110,16,"10,000",3,1991,남산로218번길 42,,-,-
강원도 원주시 학성동,1050,1050,0,영진로얄타운,59.4,202110,6,"9,200",10,1994,남산로218번길 34,,-,-
강원도 원주시 학성동,1050,1050,0,영진로얄타운,82.2,202110,7,"13,500",17,1994,남산로218번길 34,,-,-
강원도 원주시 학성동,1050,1050,0,영진로얄타운,114.9,202110,11,"12,000",8,1994,남산로218번길 34,,-,-
강원도 원주시 행구동,1850,1850,0,건영,59.79,202110,1,"11,400",13,1996,행구로 287,,-,-
강원도 원주시 행구동,1850,1850,0,건영,59.79,202110,1,"11,400",13,1996,행구로 287,20211005,-,-
강원도 원주시 행구동,1850,1850,0,건영,59.79,202110,2,"12,700",11,1996,행구로 287,,-,-
강원도 원주시 행구동,1850,1850,0,건영,84.5,202110,6,"15,000",6,1996,행구로 287,,-,-
강원도 원주시 행구동,1850,1850,0,건영,84.5,202110,12,"13,800",3,1996,행구로 287,,-,-
강원도 원주시 행구동,1850,1850,0,건영,59.79,202110,19,"10,000",2,1996,행구로 287,,-,-
강원도 원주시 행구동,1850,1850,0,건영,84.5,202110,19,"11,700",1,1996,행구로 287,,-,-
강원도 원주시 행구동,1850,1850,0,건영,84.5,202110,21,"14,500",11,1996,행구로 287,,-,-
강원도 원주시 행구동,1815-1,1815,1,행구금강아미움아파트,84.9,202110,8,"25,000",6,2007,행구로 140,,-,-
강원도 원주시 행구동,1815-1,1815,1,행구금강아미움아파트,84.9,202110,26,"23,000",13,2007,행구로 140,,-,-
강원도 원주시 행구동,1658-4,1658,4,현대,84.97,202110,2,"14,500",10,1997,행구로 216,,-,-
강원도 원주시 행구동,1658-4,1658,4,현대,59.54,202110,8,"12,500",13,1997,행구로 216,,-,-
강원도 원주시 행구동,1658-4,1658,4,현대,59.54,202110,15,"12,500",3,1997,행구로 216,,-,-
강원도 원주시 행구동,1658-4,1658,4,현대,84.97,202110,16,"15,500",10,1997,행구로 216,,-,-
강원도 원주시 행구동,1658-4,1658,4,현대,59.54,202110,16,"13,000",10,1997,행구로 216,,-,-
강원도 원주시 행구동,1658-4,1658,4,현대,84.97,202110,26,"14,500",1,1997,행구로 216,,-,-
강원도 원주시 행구동,1851,1851,0,효성백년가약,128.701,202110,4,"30,000",14,2009,번재길 32,,-,-
강원도 원주시 행구동,1851,1851,0,효성백년가약,84.935,202110,4,"25,500",6,2009,번재길 32,,-,-
강원도 원주시 행구동,1851,1851,0,효성백년가약,128.701,202110,5,"29,100",3,2009,번재길 32,,-,-
강원도 원주시 행구동,1851,1851,0,효성백년가약,84.935,202110,9,"24,500",6,2009,번재길 32,,-,-
강원도 원주시 행구동,1851,1851,0,효성백년가약,128.701,202110,9,"30,800",6,2009,번재길 32,,-,-
강원도 원주시 행구동,1851,1851,0,효성백년가약,128.701,202110,18,"30,000",13,2009,번재길 32,,-,-
강원도 원주시 행구동,1851,1851,0,효성백년가약,108.23,202110,19,"25,900",4,2009,번재길 32,,-,-
강원도 원주시 행구동,1851,1851,0,효성백년가약,84.935,202110,29,"23,800",5,2009,번재길 32,,-,-
강원도 원주시 흥업면 매지리,1934,1934,0,청솔,25.92,202110,25,"4,300",11,2000,세동길 51,,-,-
강원도 원주시 흥업면 매지리,1928,1928,0,현대,51.545,202110,2,"8,300",10,1995,세동길 13,,-,-
강원도 원주시 흥업면 매지리,1928,1928,0,현대,51.545,202110,5,"8,200",9,1995,세동길 13,,-,-
강원도 원주시 흥업면 매지리,1928,1928,0,현대,34.38,202110,17,"6,300",4,1995,세동길 13,,-,-
강원도 원주시 흥업면 매지리,1928,1928,0,현대,34.38,202110,17,"6,550",9,1995,세동길 13,,-,-
강원도 원주시 흥업면 매지리,1928,1928,0,현대,51.545,202110,20,"7,800",3,1995,세동길 13,,-,-
강원도 원주시 흥업면 사제리,337,337,0,거장,32.67,202110,5,"2,900",6,1999,사제로 483,,-,-
강원도 원주시 흥업면 사제리,337,337,0,거장,32.67,202110,5,"2,500",3,1999,사제로 483,,-,-
강원도 원주시 흥업면 사제리,337,337,0,거장,32.67,202110,29,"2,750",9,1999,사제로 483,,-,-
강원도 원주시 흥업면 흥업리,1827,1827,0,남원주두산위브,84.9419,202110,7,"16,000",7,2009,북원로 1600,,-,-
강원도 원주시 흥업면 흥업리,1827,1827,0,남원주두산위브,84.8613,202110,11,"23,000",9,2009,북원로 1600,,-,-
강원도 원주시 흥업면 흥업리,1827,1827,0,남원주두산위브,84.8613,202110,14,"22,200",2,2009,북원로 1600,,-,-
강원도 원주시 흥업면 흥업리,1827,1827,0,남원주두산위브,127.4556,202110,16,"27,700",3,2009,북원로 1600,,-,-
강원도 원주시 흥업면 흥업리,1827,1827,0,남원주두산위브,84.8613,202110,17,"24,000",8,2009,북원로 1600,,-,-
강원도 원주시 흥업면 흥업리,1827,1827,0,남원주두산위브,84.7464,202110,18,"22,500",4,2009,북원로 1600,,-,-
강원도 원주시 흥업면 흥업리,1827,1827,0,남원주두산위브,117.7803,202110,23,"28,000",2,2009,북원로 1600,,-,-
강원도 원주시 흥업면 흥업리,1827,1827,0,남원주두산위브,84.8613,202110,27,"23,000",3,2009,북원로 1600,,-,-
강원도 원주시 흥업면 흥업리,1827,1827,0,남원주두산위브,84.8613,202110,29,"25,000",13,2009,북원로 1600,,-,-
강원도 원주시 흥업면 흥업리,1827,1827,0,남원주두산위브,84.8613,202110,30,"21,000",4,2009,북원로 1600,,-,-
강원도 원주시 흥업면 흥업리,86,86,0,흥업경동아파트,39.698,202110,3,"6,300",3,2000,울업1길 33,20211021,-,-
강원도 원주시 흥업면 흥업리,86,86,0,흥업경동아파트,39.698,202110,5,"5,600",9,2000,울업1길 33,,-,-
강원도 원주시 흥업면 흥업리,86,86,0,흥업경동아파트,39.698,202110,6,"5,400",1,2000,울업1길 33,,-,-
강원도 원주시 흥업면 흥업리,86,86,0,흥업경동아파트,32.438,202110,12,"4,350",10,2000,울업1길 33,,-,-
강원도 원주시 흥업면 흥업리,86,86,0,흥업경동아파트,32.438,202110,12,"4,450",5,2000,울업1길 33,,-,-
강원도 인제군 북면 원통리,664,664,0,꿈의궁전아파트,38.85,202110,6,"5,400",4,2002,원통로211번길 13,,-,-
강원도 인제군 북면 원통리,664,664,0,꿈의궁전아파트,38.85,202110,13,"5,400",10,2002,원통로211번길 13,,-,-
강원도 인제군 인제읍 남북리,833,833,0,인제라온프라이빗,84.96,202110,4,"29,150",15,2020,인제로112번길 22,,-,-
강원도 인제군 인제읍 합강리,370,370,0,인제양우내안애,84.7512,202110,8,"22,000",12,2020,인제로 258,,-,-
강원도 정선군 고한읍 고한리,440,440,0,파인앤유 아파트,59.7544,202110,24,"14,500",6,2018,고한7길 20,,-,-
강원도 정선군 남면 무릉리,530,530,0,멀미주공,39.6,202110,4,"2,500",5,1992,멀미길 33,,-,-
강원도 정선군 남면 무릉리,530,530,0,멀미주공,39.99,202110,29,"3,600",2,1992,멀미길 33,,-,-
강원도 정선군 남면 무릉리,590-1,590,1,묵산주공,39.72,202110,14,"2,300",2,1986,지장천로 76,,-,-
강원도 정선군 사북읍 사북리,435-1,435,1,도사곡주공1,52.37,202110,18,"3,000",3,1984,도사곡길 21,,-,-
강원도 정선군 사북읍 사북리,435-5,435,5,도사곡주공2,39.3,202110,12,"2,500",5,1991,도사곡길 21,,-,-
강원도 정선군 사북읍 사북리,435-5,435,5,도사곡주공2,39.69,202110,13,"3,200",5,1991,도사곡길 21,,-,-
강원도 정선군 사북읍 사북리,294-3,294,3,사북선명2차,59.93,202110,1,"9,500",9,2003,파랑새길 10,,-,-
강원도 정선군 사북읍 사북리,294-3,294,3,사북선명2차,59.93,202110,12,"10,800",3,2003,파랑새길 10,,-,-
강원도 정선군 사북읍 사북리,294-3,294,3,사북선명2차,59.93,202110,25,"12,500",11,2003,파랑새길 10,,-,-
강원도 정선군 사북읍 사북리,229-3,229,3,영동,48.79,202110,7,"1,300",5,1989,북일안길 51,,-,-
강원도 정선군 신동읍 조동리,144,144,0,함백아파트,40.32,202110,1,"2,200",2,1984,새골길 70,,-,-
강원도 정선군 신동읍 조동리,144,144,0,함백아파트,40.45,202110,8,"1,750",5,1984,새골길 70,,-,-
강원도 정선군 신동읍 조동리,144,144,0,함백아파트,40.45,202110,12,"1,700",3,1984,새골길 70,,-,-
강원도 정선군 신동읍 조동리,144,144,0,함백아파트,40.45,202110,18,"1,500",4,1984,새골길 70,,-,-
강원도 정선군 신동읍 조동리,144,144,0,함백아파트,40.45,202110,25,"1,500",2,1984,새골길 70,,-,-
강원도 정선군 정선읍 북실리,746-6,746,6,미소빌,59.66,202110,12,"12,100",8,1997,정선로 1245-6,,-,-
강원도 정선군 정선읍 북실리,772-2,772,2,북실주공,39.3,202110,14,"6,100",1,1990,정선로 1182,,-,-
강원도 정선군 정선읍 북실리,702-1,702,1,우성더프리모101동,83.7936,202110,18,"27,900",3,2021,북실안길 11-1,,-,-
강원도 정선군 정선읍 북실리,702-1,702,1,우성더프리모101동,83.7936,202110,18,"30,900",11,2021,북실안길 11-1,,-,-
강원도 정선군 정선읍 북실리,702-1,702,1,우성더프리모101동,84.5523,202110,18,"27,900",3,2021,북실안길 11-1,,-,-
강원도 정선군 정선읍 북실리,702-1,702,1,우성더프리모101동,84.5523,202110,18,"27,900",4,2021,북실안길 11-1,,-,-
강원도 정선군 정선읍 북실리,702-1,702,1,우성더프리모101동,84.5523,202110,18,"28,900",6,2021,북실안길 11-1,,-,-
강원도 정선군 정선읍 북실리,702-1,702,1,우성더프리모101동,83.4253,202110,18,"28,200",6,2021,북실안길 11-1,,-,-
강원도 정선군 정선읍 북실리,702-1,702,1,우성더프리모101동,83.7936,202110,18,"28,900",7,2021,북실안길 11-1,,-,-
강원도 정선군 정선읍 북실리,702-1,702,1,우성더프리모101동,84.5523,202110,18,"28,900",7,2021,북실안길 11-1,,-,-
강원도 정선군 정선읍 북실리,702-1,702,1,우성더프리모101동,83.4253,202110,18,"28,200",7,2021,북실안길 11-1,,-,-
강원도 정선군 정선읍 북실리,702-1,702,1,우성더프리모101동,83.7936,202110,18,"28,900",8,2021,북실안길 11-1,,-,-
강원도 정선군 정선읍 북실리,702-1,702,1,우성더프리모101동,84.5523,202110,18,"28,900",8,2021,북실안길 11-1,,-,-
강원도 정선군 정선읍 북실리,702-1,702,1,우성더프리모101동,83.7936,202110,18,"28,900",6,2021,북실안길 11-1,,-,-
강원도 정선군 정선읍 북실리,702-1,702,1,우성더프리모101동,84.5523,202110,18,"27,900",5,2021,북실안길 11-1,,-,-
강원도 정선군 정선읍 북실리,702-1,702,1,우성더프리모101동,83.4253,202110,18,"28,200",9,2021,북실안길 11-1,,-,-
강원도 정선군 정선읍 북실리,702-1,702,1,우성더프리모101동,83.7936,202110,18,"27,900",5,2021,북실안길 11-1,,-,-
강원도 정선군 정선읍 북실리,702-1,702,1,우성더프리모101동,83.7936,202110,18,"28,900",10,2021,북실안길 11-1,,-,-
강원도 정선군 정선읍 북실리,702-1,702,1,우성더프리모101동,83.7936,202110,18,"27,900",4,2021,북실안길 11-1,,-,-
강원도 정선군 정선읍 북실리,702-1,702,1,우성더프리모101동,83.7936,202110,18,"28,900",9,2021,북실안길 11-1,,-,-
강원도 정선군 정선읍 북실리,702-1,702,1,우성더프리모101동,84.5523,202110,18,"28,900",9,2021,북실안길 11-1,,-,-
강원도 정선군 정선읍 북실리,702-1,702,1,우성더프리모101동,84.5523,202110,18,"28,900",10,2021,북실안길 11-1,,-,-
강원도 정선군 정선읍 북실리,702-1,702,1,우성더프리모101동,83.4253,202110,18,"27,200",3,2021,북실안길 11-1,,-,-
강원도 정선군 정선읍 북실리,745-1,745,1,현대,84.93,202110,4,"21,000",14,1998,정선로 1245-11,,-,-
강원도 철원군 갈말읍 군탄리,1028-97,1028,97,유명,59.85,202110,3,"8,300",13,1998,군탄로8번길 16,,-,-
강원도 철원군 갈말읍 지포리,58-20,58,20,무진(A동),84.06,202110,26,"8,500",5,1992,명성로157번길 17,,-,-
강원도 철원군 동송읍 오덕리,963-1,963,1,세륭,51.66,202110,2,"2,100",5,1992,오덕로30번길 13-13,,-,-
강원도 철원군 동송읍 오덕리,963-1,963,1,세륭,46.62,202110,22,"2,000",5,1992,오덕로30번길 13-13,,-,-
강원도 철원군 동송읍 이평리,1554,1554,0,금강아미움,84.972,202110,1,"23,000",5,2008,금학로201번길 9,,-,-
강원도 철원군 동송읍 이평리,1554,1554,0,금강아미움,84.972,202110,15,"27,500",12,2008,금학로201번길 9,,-,-
강원도 철원군 동송읍 이평리,1554,1554,0,금강아미움,59.784,202110,15,"20,300",12,2008,금학로201번길 9,,-,-
강원도 철원군 동송읍 이평리,588-3,588,3,한국개나리,59.91,202110,4,"7,430",4,1995,금학로136번길 18,,-,-
강원도 철원군 동송읍 이평리,588-3,588,3,한국개나리,84.87,202110,8,"13,700",11,1995,금학로136번길 18,,-,-
강원도 철원군 동송읍 이평리,588-3,588,3,한국개나리,59.91,202110,16,"7,500",1,1995,금학로136번길 18,,-,-
강원도 춘천시 근화동,279-8,279,8,신성미소지움,59.92,202110,2,"24,000",8,2007,근화길15번길 26,,-,-
강원도 춘천시 근화동,279-8,279,8,신성미소지움,59.92,202110,2,"20,800",4,2007,근화길15번길 26,,-,-
강원도 춘천시 근화동,279-8,279,8,신성미소지움,84.97,202110,9,"35,000",14,2007,근화길15번길 26,,-,-
강원도 춘천시 근화동,279-8,279,8,신성미소지움,59.92,202110,13,"20,000",1,2007,근화길15번길 26,,-,-
강원도 춘천시 근화동,279-8,279,8,신성미소지움,111.72,202110,19,"46,200",15,2007,근화길15번길 26,,-,-
강원도 춘천시 근화동,279-8,279,8,신성미소지움,84.97,202110,23,"28,750",15,2007,근화길15번길 26,,-,-
강원도 춘천시 근화동,279-8,279,8,신성미소지움,59.92,202110,23,"20,900",4,2007,근화길15번길 26,,-,-
강원도 춘천시 근화동,279-8,279,8,신성미소지움,59.92,202110,23,"20,500",4,2007,근화길15번길 26,,-,-
강원도 춘천시 남산면 창촌리,Feb-34,34,2,근로자임대,37.7,202110,20,"2,800",1,1990,창말길 54-14,,-,-
강원도 춘천시 동내면 거두리,939-1,939,1,부영1차,84.9763,202110,13,"20,500",12,2003,춘천순환로94번길 12,,-,-
강원도 춘천시 동내면 거두리,939-1,939,1,부영1차,84.9763,202110,14,"22,000",6,2003,춘천순환로94번길 12,,-,-
강원도 춘천시 동내면 거두리,939-1,939,1,부영1차,84.9763,202110,19,"21,400",8,2003,춘천순환로94번길 12,,-,-
강원도 춘천시 동내면 거두리,939-3,939,3,부영2차,84.9763,202110,16,"21,500",3,2003,춘천순환로94번길 12,,-,-
강원도 춘천시 동내면 거두리,939-2,939,2,부영3차,59.8404,202110,9,"18,500",12,2003,춘천순환로94번길 12,,-,-
강원도 춘천시 동내면 거두리,939-2,939,2,부영3차,59.8404,202110,22,"17,900",13,2003,춘천순환로94번길 12,,-,-
강원도 춘천시 동내면 거두리,936,936,0,초록지붕,84.4255,202110,6,"20,600",5,2006,거두택지길 7,,-,-
강원도 춘천시 동내면 거두리,936,936,0,초록지붕,84.4255,202110,17,"20,900",9,2006,거두택지길 7,,-,-
강원도 춘천시 동내면 거두리,936,936,0,초록지붕,84.4255,202110,25,"20,500",4,2006,거두택지길 7,,-,-
강원도 춘천시 동내면 거두리,1038,1038,0,현대성우오스타,84.95,202110,2,"29,000",7,2009,춘천순환로 93,,-,-
강원도 춘천시 동내면 거두리,1065,1065,0,호반베르디움,84.8387,202110,20,"27,650",1,2009,외솔길19번길 80-7,,-,-
강원도 춘천시 동내면 거두리,1065,1065,0,호반베르디움,84.8387,202110,22,"28,700",2,2009,외솔길19번길 80-7,,-,-
강원도 춘천시 동내면 거두리,1065,1065,0,호반베르디움,84.8387,202110,23,"30,500",11,2009,외솔길19번길 80-7,,-,-
강원도 춘천시 동내면 신촌리,401,401,0,산수빌,59.9516,202110,13,"13,800",14,2005,향군길 23,,-,-
강원도 춘천시 동내면 신촌리,401,401,0,산수빌,59.9516,202110,25,"13,000",3,2005,향군길 23,,-,-
강원도 춘천시 동면 만천리,973,973,0,대동다숲,134.622,202110,22,"26,000",10,2008,후석로326번길 63,,-,-
강원도 춘천시 동면 만천리,973,973,0,대동다숲,84.6937,202110,23,"20,000",5,2008,후석로326번길 63,,-,-
강원도 춘천시 동면 만천리,984,984,0,춘천KCC스위첸,84.972,202110,10,"24,000",10,2009,만천로 69,,-,-
강원도 춘천시 동면 만천리,984,984,0,춘천KCC스위첸,119.72,202110,16,"27,000",4,2009,만천로 69,,-,-
강원도 춘천시 동면 만천리,971,971,0,한일유앤아이,84.9925,202110,1,"20,700",6,2006,만천로 107,,-,-
강원도 춘천시 동면 만천리,971,971,0,한일유앤아이,84.9925,202110,1,"20,700",6,2006,만천로 107,20211012,-,-
강원도 춘천시 동면 만천리,971,971,0,한일유앤아이,84.9925,202110,5,"21,500",8,2006,만천로 107,,-,-
강원도 춘천시 동면 만천리,971,971,0,한일유앤아이,84.9925,202110,16,"21,500",9,2006,만천로 107,,-,-
강원도 춘천시 동면 만천리,971,971,0,한일유앤아이,96.6879,202110,23,"24,300",4,2006,만천로 107,,-,-
강원도 춘천시 동면 만천리,971,971,0,한일유앤아이,166.5906,202110,27,"30,000",4,2006,만천로 107,,-,-
강원도 춘천시 동면 장학리,981,981,0,두산위브,84.968,202110,1,"24,000",8,2008,삭주로 231,,-,-
강원도 춘천시 동면 장학리,981,981,0,두산위브,84.968,202110,3,"23,800",12,2008,삭주로 231,,-,-
강원도 춘천시 동면 장학리,981,981,0,두산위브,84.988,202110,3,"23,800",2,2008,삭주로 231,,-,-
강원도 춘천시 동면 장학리,981,981,0,두산위브,117.018,202110,8,"32,000",7,2008,삭주로 231,,-,-
강원도 춘천시 동면 장학리,981,981,0,두산위브,84.991,202110,9,"23,900",6,2008,삭주로 231,,-,-
강원도 춘천시 동면 장학리,981,981,0,두산위브,84.988,202110,10,"26,000",11,2008,삭주로 231,,-,-
강원도 춘천시 동면 장학리,981,981,0,두산위브,84.988,202110,12,"26,900",11,2008,삭주로 231,,-,-
강원도 춘천시 동면 장학리,981,981,0,두산위브,84.988,202110,13,"25,500",12,2008,삭주로 231,,-,-
강원도 춘천시 동면 장학리,981,981,0,두산위브,84.968,202110,15,"23,500",14,2008,삭주로 231,,-,-
강원도 춘천시 동면 장학리,981,981,0,두산위브,84.968,202110,16,"24,100",5,2008,삭주로 231,,-,-
강원도 춘천시 동면 장학리,981,981,0,두산위브,84.988,202110,20,"26,900",15,2008,삭주로 231,,-,-
강원도 춘천시 동면 장학리,988,988,0,장학엘에이치해온채,84.89,202110,2,"26,800",8,2014,소양강로 102,,-,-
강원도 춘천시 동면 장학리,988,988,0,장학엘에이치해온채,84.89,202110,8,"28,000",12,2014,소양강로 102,,-,-
강원도 춘천시 동면 장학리,988,988,0,장학엘에이치해온채,84.89,202110,18,"26,500",4,2014,소양강로 102,,-,-
강원도 춘천시 동면 장학리,988,988,0,장학엘에이치해온채,84.89,202110,21,"27,750",13,2014,소양강로 102,,-,-
강원도 춘천시 동면 장학리,993,993,0,춘천장학사랑으로부영,143.1284,202110,29,"38,000",6,2015,소양강로 104,,-,-
강원도 춘천시 동면 장학리,985,985,0,춘천장학아이파크,84.9428,202110,8,"29,500",9,2012,만천로 242,,-,-
강원도 춘천시 사농동,809,809,0,롯데캐슬1단지,129.87,202110,16,"31,000",5,2008,마장길 58,,-,-
강원도 춘천시 사농동,809,809,0,롯데캐슬1단지,84.97,202110,30,"22,800",8,2008,마장길 58,,-,-
강원도 춘천시 사농동,810,810,0,롯데캐슬2단지,84.97,202110,1,"21,500",2,2008,마장길 60,,-,-
강원도 춘천시 사농동,810,810,0,롯데캐슬2단지,84.99,202110,2,"25,200",11,2008,마장길 60,,-,-
강원도 춘천시 사농동,810,810,0,롯데캐슬2단지,84.99,202110,2,"25,200",10,2008,마장길 60,20211008,-,-
강원도 춘천시 사농동,810,810,0,롯데캐슬2단지,84.99,202110,7,"21,500",7,2008,마장길 60,,-,-
강원도 춘천시 사농동,810,810,0,롯데캐슬2단지,84.99,202110,12,"21,600",15,2008,마장길 60,,-,-
강원도 춘천시 사농동,810,810,0,롯데캐슬2단지,84.97,202110,16,"21,200",9,2008,마장길 60,,-,-
강원도 춘천시 사농동,810,810,0,롯데캐슬2단지,84.99,202110,21,"21,200",1,2008,마장길 60,,-,-
강원도 춘천시 사농동,810,810,0,롯데캐슬2단지,84.97,202110,21,"24,700",8,2008,마장길 60,,-,-
강원도 춘천시 사농동,820,820,0,춘천뉴시티코아루,84.9808,202110,13,"25,200",9,2013,영서로 2922,,-,-
강원도 춘천시 사농동,820,820,0,춘천뉴시티코아루,84.9808,202110,15,"22,900",2,2013,영서로 2922,,-,-
강원도 춘천시 사농동,820,820,0,춘천뉴시티코아루,84.9808,202110,18,"24,300",4,2013,영서로 2922,,-,-
강원도 춘천시 사농동,820,820,0,춘천뉴시티코아루,84.9808,202110,22,"25,500",6,2013,영서로 2922,,-,-
강원도 춘천시 사농동,820,820,0,춘천뉴시티코아루,84.9808,202110,25,"26,600",7,2013,영서로 2922,,-,-
강원도 춘천시 사농동,158,158,0,현대,80.934,202110,2,"17,500",11,2002,영서로 2920,,-,-
강원도 춘천시 사농동,158,158,0,현대,59.84,202110,5,"13,800",8,2002,영서로 2920,,-,-
강원도 춘천시 사농동,158,158,0,현대,96.219,202110,5,"20,700",8,2002,영서로 2920,,-,-
강원도 춘천시 사농동,158,158,0,현대,96.219,202110,8,"18,500",3,2002,영서로 2920,,-,-
강원도 춘천시 사농동,158,158,0,현대,59.84,202110,9,"15,700",11,2002,영서로 2920,,-,-
강원도 춘천시 사농동,158,158,0,현대,80.934,202110,11,"16,000",6,2002,영서로 2920,,-,-
강원도 춘천시 사농동,158,158,0,현대,80.934,202110,13,"17,000",7,2002,영서로 2920,,-,-
강원도 춘천시 사농동,158,158,0,현대,59.84,202110,13,"15,400",6,2002,영서로 2920,,-,-
강원도 춘천시 사농동,158,158,0,현대,80.934,202110,28,"13,000",10,2002,영서로 2920,,-,-
강원도 춘천시 석사동,722-2,722,2,그랜드,74.82,202110,4,"16,300",1,1998,우석로101번길 20,,-,-
강원도 춘천시 석사동,722-2,722,2,그랜드,74.82,202110,29,"16,800",1,1998,우석로101번길 20,,-,-
강원도 춘천시 석사동,727-4,727,4,두산,59.97,202110,4,"16,000",10,1997,후석로186번길 25,,-,-
강원도 춘천시 석사동,727-4,727,4,두산,59.97,202110,15,"17,000",4,1997,후석로186번길 25,,-,-
강원도 춘천시 석사동,727-4,727,4,두산,59.97,202110,15,"17,000",16,1997,후석로186번길 25,,-,-
강원도 춘천시 석사동,727-4,727,4,두산,59.97,202110,22,"17,300",10,1997,후석로186번길 25,,-,-
강원도 춘천시 석사동,727-4,727,4,두산,59.97,202110,23,"15,200",13,1997,후석로186번길 25,,-,-
강원도 춘천시 석사동,682,682,0,봄내,49.86,202110,12,"6,800",5,1991,석사길 10,,-,-
강원도 춘천시 석사동,283-15,283,15,삼익1,84.73,202110,19,"15,300",5,1990,춘천순환로 42,,-,-
강원도 춘천시 석사동,114-5,114,5,삼익2,84.36,202110,11,"18,300",9,1991,공지로 69-9,,-,-
강원도 춘천시 석사동,114-5,114,5,삼익2,84.36,202110,11,"16,000",2,1991,공지로 69-9,,-,-
강원도 춘천시 석사동,114-5,114,5,삼익2,84.36,202110,22,"14,500",2,1991,공지로 69-9,,-,-
강원도 춘천시 석사동,115-10,115,10,석사극동,73.47,202110,4,"13,800",9,1992,공지로 43,,-,-
강원도 춘천시 석사동,115-10,115,10,석사극동,84.96,202110,4,"14,300",14,1992,공지로 43,,-,-
강원도 춘천시 석사동,694-1,694,1,석사근로복지,46.99,202110,25,"11,000",5,1991,효석로67번길 23,,-,-
강원도 춘천시 석사동,694-1,694,1,석사근로복지,46.99,202110,29,"12,000",2,1991,효석로67번길 23,,-,-
강원도 춘천시 석사동,721-2,721,2,석사대우,99.54,202110,6,"26,800",14,1998,우석로101번길 86,20211026,-,-
강원도 춘천시 석사동,721-2,721,2,석사대우,99.54,202110,6,"26,800",14,1998,우석로101번길 86,,-,-
강원도 춘천시 석사동,721-2,721,2,석사대우,99.54,202110,9,"27,500",13,1998,우석로101번길 86,,-,-
강원도 춘천시 석사동,727-2,727,2,석사부영,49.92,202110,1,"11,000",1,1998,우석로101번길 83,20211001,-,-
강원도 춘천시 석사동,727-2,727,2,석사부영,59.76,202110,1,"11,000",1,1998,우석로101번길 83,,-,-
강원도 춘천시 석사동,727-2,727,2,석사부영,59.76,202110,1,"11,000",1,1998,우석로101번길 83,,-,-
강원도 춘천시 석사동,727-2,727,2,석사부영,59.76,202110,7,"12,850",9,1998,우석로101번길 83,,-,-
강원도 춘천시 석사동,727-2,727,2,석사부영,59.76,202110,8,"12,900",12,1998,우석로101번길 83,,-,-
강원도 춘천시 석사동,727-2,727,2,석사부영,49.92,202110,13,"11,000",9,1998,우석로101번길 83,,-,-
강원도 춘천시 석사동,727-2,727,2,석사부영,49.92,202110,25,"10,700",7,1998,우석로101번길 83,,-,-
강원도 춘천시 석사동,971,971,0,신도브래뉴,84.9618,202110,2,"29,700",10,2007,공지로 69-10,,-,-
강원도 춘천시 석사동,971,971,0,신도브래뉴,84.9618,202110,12,"30,700",6,2007,공지로 69-10,,-,-
강원도 춘천시 석사동,971,971,0,신도브래뉴,128.1497,202110,20,"40,900",8,2007,공지로 69-10,,-,-
강원도 춘천시 석사동,727-5,727,5,진흥,59.15,202110,5,"16,000",7,1997,후석로186번길 9,,-,-
강원도 춘천시 석사동,727-5,727,5,진흥,59.15,202110,9,"13,250",2,1997,후석로186번길 9,,-,-
강원도 춘천시 석사동,727-5,727,5,진흥,59.15,202110,22,"15,400",9,1997,후석로186번길 9,,-,-
강원도 춘천시 석사동,727-5,727,5,진흥,59.15,202110,26,"16,000",10,1997,후석로186번길 9,,-,-
강원도 춘천시 석사동,727-5,727,5,진흥,59.15,202110,30,"16,000",7,1997,후석로186번길 9,,-,-
강원도 춘천시 석사동,727-6,727,6,청구,59.965,202110,9,"13,700",12,1997,서부대성로 332,,-,-
강원도 춘천시 석사동,727-6,727,6,청구,59.965,202110,16,"15,300",4,1997,서부대성로 332,,-,-
강원도 춘천시 석사동,820,820,0,퇴계3주공,84.79,202110,2,"21,900",15,1999,퇴계로 220-19,,-,-
강원도 춘천시 석사동,820,820,0,퇴계3주공,84.79,202110,11,"21,000",5,1999,퇴계로 220-19,,-,-
강원도 춘천시 석사동,820,820,0,퇴계3주공,84.79,202110,15,"22,500",9,1999,퇴계로 220-19,,-,-
강원도 춘천시 석사동,820,820,0,퇴계3주공,84.9,202110,20,"21,300",5,1999,퇴계로 220-19,,-,-
강원도 춘천시 석사동,820,820,0,퇴계3주공,84.9,202110,26,"21,700",12,1999,퇴계로 220-19,,-,-
강원도 춘천시 석사동,822,822,0,퇴계주공4,59.99,202110,2,"18,000",18,1998,퇴계로 242,,-,-
강원도 춘천시 석사동,822,822,0,퇴계주공4,59.99,202110,2,"16,500",3,1998,퇴계로 242,,-,-
강원도 춘천시 석사동,822,822,0,퇴계주공4,59.99,202110,5,"17,670",3,1998,퇴계로 242,,-,-
강원도 춘천시 석사동,822,822,0,퇴계주공4,59.99,202110,9,"15,600",1,1998,퇴계로 242,,-,-
강원도 춘천시 석사동,822,822,0,퇴계주공4,59.99,202110,13,"17,500",7,1998,퇴계로 242,,-,-
강원도 춘천시 석사동,822,822,0,퇴계주공4,59.99,202110,16,"17,900",12,1998,퇴계로 242,,-,-
강원도 춘천시 석사동,822,822,0,퇴계주공4,49.29,202110,16,"14,300",10,1998,퇴계로 242,,-,-
강원도 춘천시 석사동,822,822,0,퇴계주공4,59.99,202110,23,"17,700",10,1998,퇴계로 242,,-,-
강원도 춘천시 석사동,822,822,0,퇴계주공4,59.99,202110,29,"17,500",5,1998,퇴계로 242,,-,-
강원도 춘천시 석사동,813,813,0,현대,99.921,202110,1,"24,800",7,1998,퇴계로 220-20,,-,-
강원도 춘천시 석사동,813,813,0,현대,182.848,202110,2,"44,500",9,1998,퇴계로 220-20,,-,-
강원도 춘천시 석사동,813,813,0,현대,134.99,202110,12,"31,000",10,1998,퇴계로 220-20,,-,-
강원도 춘천시 석사동,813,813,0,현대,99.921,202110,14,"24,800",11,1998,퇴계로 220-20,,-,-
강원도 춘천시 석사동,813,813,0,현대,134.99,202110,23,"33,500",13,1998,퇴계로 220-20,,-,-
강원도 춘천시 석사동,813,813,0,현대,99.931,202110,27,"24,000",2,1998,퇴계로 220-20,,-,-
강원도 춘천시 석사동,813,813,0,현대,99.921,202110,31,"25,400",8,1998,퇴계로 220-20,,-,-
강원도 춘천시 석사동,893,893,0,현진에버빌1차,84.921,202110,5,"31,600",9,2004,지석로 97,,-,-
강원도 춘천시 석사동,893,893,0,현진에버빌1차,84.921,202110,7,"31,600",9,2004,지석로 97,20211007,-,-
강원도 춘천시 석사동,893,893,0,현진에버빌1차,84.921,202110,8,"30,000",3,2004,지석로 97,,-,-
강원도 춘천시 석사동,893,893,0,현진에버빌1차,84.999,202110,19,"36,000",9,2004,지석로 97,,-,-
강원도 춘천시 석사동,893,893,0,현진에버빌1차,84.921,202110,21,"33,000",7,2004,지석로 97,,-,-
강원도 춘천시 석사동,893,893,0,현진에버빌1차,114.126,202110,23,"39,100",10,2004,지석로 97,,-,-
강원도 춘천시 석사동,893,893,0,현진에버빌1차,84.999,202110,23,"35,800",5,2004,지석로 97,,-,-
강원도 춘천시 석사동,893,893,0,현진에버빌1차,84.921,202110,24,"33,500",7,2004,지석로 97,,-,-
강원도 춘천시 석사동,893,893,0,현진에버빌1차,84.921,202110,28,"31,000",15,2004,지석로 97,,-,-
강원도 춘천시 석사동,893,893,0,현진에버빌1차,114.126,202110,28,"35,000",7,2004,지석로 97,,-,-
강원도 춘천시 석사동,873,873,0,현진에버빌2차,91.36,202110,2,"38,000",6,2005,지석로 67,,-,-
강원도 춘천시 석사동,873,873,0,현진에버빌2차,91.36,202110,7,"40,000",5,2005,지석로 67,,-,-
강원도 춘천시 석사동,873,873,0,현진에버빌2차,84.96,202110,16,"36,500",13,2005,지석로 67,,-,-
강원도 춘천시 석사동,873,873,0,현진에버빌2차,91.36,202110,25,"38,500",10,2005,지석로 67,,-,-
강원도 춘천시 석사동,866,866,0,휴먼타운,84.89,202110,2,"24,000",12,2002,지석로 29,,-,-
강원도 춘천시 석사동,866,866,0,휴먼타운,84.89,202110,2,"25,000",11,2002,지석로 29,,-,-
강원도 춘천시 석사동,866,866,0,휴먼타운,84.89,202110,8,"21,000",1,2002,지석로 29,,-,-
강원도 춘천시 석사동,866,866,0,휴먼타운,84.89,202110,10,"24,300",6,2002,지석로 29,,-,-
강원도 춘천시 석사동,866,866,0,휴먼타운,84.89,202110,12,"24,400",5,2002,지석로 29,,-,-
강원도 춘천시 석사동,866,866,0,휴먼타운,84.89,202110,13,"22,700",2,2002,지석로 29,,-,-
강원도 춘천시 석사동,866,866,0,휴먼타운,84.89,202110,16,"22,000",3,2002,지석로 29,,-,-
강원도 춘천시 석사동,866,866,0,휴먼타운,84.89,202110,21,"24,000",10,2002,지석로 29,,-,-
강원도 춘천시 석사동,866,866,0,휴먼타운,84.89,202110,22,"24,000",4,2002,지석로 29,,-,-
강원도 춘천시 석사동,866,866,0,휴먼타운,84.89,202110,26,"25,000",13,2002,지석로 29,,-,-
강원도 춘천시 석사동,866,866,0,휴먼타운,84.89,202110,30,"24,000",6,2002,지석로 29,,-,-
강원도 춘천시 소양로2가,183,183,0,e편한세상춘천,84.966,202110,1,"37,500",16,2014,서부대성로 33,,-,-
강원도 춘천시 소양로2가,183,183,0,e편한세상춘천,84.966,202110,11,"39,300",10,2014,서부대성로 33,,-,-
강원도 춘천시 소양로2가,183,183,0,e편한세상춘천,104.796,202110,17,"45,000",5,2014,서부대성로 33,,-,-
강원도 춘천시 소양로2가,183,183,0,e편한세상춘천,84.966,202110,23,"39,000",12,2014,서부대성로 33,,-,-
강원도 춘천시 소양로2가,172-1,172,1,서부시장신동아,84.73,202110,12,"13,000",6,1992,서부대성로 12,,-,-
강원도 춘천시 소양로2가,172-1,172,1,서부시장신동아,84.73,202110,18,"14,300",4,1992,서부대성로 12,,-,-
강원도 춘천시 소양로2가,1,1,0,소양로현대,64.92,202110,5,"14,800",14,1998,모수물길 60,,-,-
강원도 춘천시 소양로2가,1,1,0,소양로현대,84.95,202110,5,"19,350",6,1998,모수물길 60,,-,-
강원도 춘천시 소양로2가,1,1,0,소양로현대,59.96,202110,11,"15,900",12,1998,모수물길 60,,-,-
강원도 춘천시 소양로2가,1,1,0,소양로현대,59.96,202110,14,"15,500",4,1998,모수물길 60,,-,-
강원도 춘천시 소양로2가,1,1,0,소양로현대,59.96,202110,14,"16,000",14,1998,모수물길 60,,-,-
강원도 춘천시 소양로2가,1,1,0,소양로현대,59.96,202110,22,"13,800",5,1998,모수물길 60,,-,-
강원도 춘천시 신북읍 천전리,1352,1352,0,소양강양우내안애,47.6264,202110,15,"10,000",13,2012,신샘밭로 733,,-,-
강원도 춘천시 신북읍 천전리,1351,1351,0,춘천해강,59.96,202110,13,"8,300",16,1997,상천2길 52,,-,-
강원도 춘천시 신북읍 천전리,1351,1351,0,춘천해강,59.96,202110,14,"7,800",2,1997,상천2길 52,,-,-
강원도 춘천시 신북읍 천전리,1351,1351,0,춘천해강,59.96,202110,16,"9,100",10,1997,상천2길 52,,-,-
강원도 춘천시 신북읍 천전리,1351,1351,0,춘천해강,37.35,202110,29,"5,800",4,1997,상천2길 52,,-,-
강원도 춘천시 온의동,571,571,0,금호3,84.97,202110,4,"16,300",2,1994,영서로 2319,,-,-
강원도 춘천시 온의동,571,571,0,금호3,59.86,202110,12,"13,900",5,1994,영서로 2319,,-,-
강원도 춘천시 온의동,510,510,0,럭키,84.97,202110,12,"17,900",2,1993,영서로 2317,,-,-
강원도 춘천시 온의동,510,510,0,럭키,84.97,202110,16,"17,500",2,1993,영서로 2317,,-,-
강원도 춘천시 온의동,510,510,0,럭키,84.97,202110,16,"17,500",2,1993,영서로 2317,,-,-
강원도 춘천시 온의동,510,510,0,럭키,84.97,202110,28,"18,500",14,1993,영서로 2317,,-,-
강원도 춘천시 온의동,573,573,0,마젤란,84.401,202110,14,"26,000",2,2007,영서로 2329,,-,-
강원도 춘천시 온의동,573,573,0,마젤란,84.401,202110,15,"28,000",4,2007,영서로 2329,,-,-
강원도 춘천시 온의동,573,573,0,마젤란,84.401,202110,22,"28,000",14,2007,영서로 2329,,-,-
강원도 춘천시 온의동,509,509,0,보배,84.74,202110,2,"16,800",6,1992,스포츠타운길 529-15,,-,-
강원도 춘천시 온의동,509,509,0,보배,84.74,202110,6,"17,300",5,1992,스포츠타운길 529-15,,-,-
강원도 춘천시 온의동,509,509,0,보배,84.74,202110,23,"15,000",5,1992,스포츠타운길 529-15,,-,-
강원도 춘천시 온의동,Oct-65,65,10,온의금호1차,72.24,202110,2,"16,900",2,1990,스포츠타운길 535,,-,-
강원도 춘천시 온의동,Oct-65,65,10,온의금호1차,72.24,202110,20,"15,000",1,1990,스포츠타운길 535,,-,-
강원도 춘천시 온의동,Oct-65,65,10,온의금호1차,72.24,202110,28,"19,500",13,1990,스포츠타운길 535,,-,-
강원도 춘천시 온의동,590,590,0,온의롯데캐슬스카이클래스,84.796,202110,1,"54,000",16,2015,방송길 70,,-,-
강원도 춘천시 온의동,590,590,0,온의롯데캐슬스카이클래스,84.796,202110,4,"52,000",13,2015,방송길 70,,-,-
강원도 춘천시 온의동,590,590,0,온의롯데캐슬스카이클래스,84.796,202110,9,"54,000",12,2015,방송길 70,,-,-
강원도 춘천시 온의동,590,590,0,온의롯데캐슬스카이클래스,84.796,202110,10,"59,900",21,2015,방송길 70,,-,-
강원도 춘천시 온의동,590,590,0,온의롯데캐슬스카이클래스,99.629,202110,18,"69,500",35,2015,방송길 70,,-,-
강원도 춘천시 온의동,산44-1,44,1,춘천센트럴파크푸르지오,84.9855,202110,8,"58,000",14,2021,스포츠타운길 501,,-,-
강원도 춘천시 온의동,572,572,0,한주,59.91,202110,9,"13,000",7,1995,스포츠타운길 528-12,,-,-
강원도 춘천시 온의동,572,572,0,한주,84.765,202110,28,"16,350",10,1995,스포츠타운길 528-12,,-,-
강원도 춘천시 요선동,200,200,0,춘천요선동한신휴플러스,84.6937,202110,4,"27,000",12,2007,서부대성로 34,,-,-
강원도 춘천시 요선동,200,200,0,춘천요선동한신휴플러스,84.8615,202110,7,"27,200",13,2007,서부대성로 34,,-,-
강원도 춘천시 요선동,200,200,0,춘천요선동한신휴플러스,129.2653,202110,9,"39,000",3,2007,서부대성로 34,,-,-
강원도 춘천시 요선동,200,200,0,춘천요선동한신휴플러스,84.8615,202110,14,"23,500",2,2007,서부대성로 34,,-,-
강원도 춘천시 요선동,200,200,0,춘천요선동한신휴플러스,84.6386,202110,16,"28,500",6,2007,서부대성로 34,,-,-
강원도 춘천시 우두동,1082,1082,0,강변코아루,84.87,202110,6,"22,000",7,2007,새청말길 26,,-,-
강원도 춘천시 우두동,1082,1082,0,강변코아루,84.87,202110,7,"21,000",3,2007,새청말길 26,,-,-
강원도 춘천시 우두동,1082,1082,0,강변코아루,84.87,202110,8,"22,500",8,2007,새청말길 26,,-,-
강원도 춘천시 우두동,1082,1082,0,강변코아루,146.026,202110,8,"35,500",2,2007,새청말길 26,,-,-
강원도 춘천시 우두동,1082,1082,0,강변코아루,84.87,202110,9,"24,500",8,2007,새청말길 26,,-,-
강원도 춘천시 우두동,1082,1082,0,강변코아루,84.87,202110,15,"23,800",6,2007,새청말길 26,,-,-
강원도 춘천시 우두동,1082,1082,0,강변코아루,84.87,202110,16,"21,800",2,2007,새청말길 26,,-,-
강원도 춘천시 우두동,1082,1082,0,강변코아루,84.87,202110,17,"23,000",5,2007,새청말길 26,,-,-
강원도 춘천시 우두동,1082,1082,0,강변코아루,84.87,202110,21,"21,800",4,2007,새청말길 26,,-,-
강원도 춘천시 우두동,1082,1082,0,강변코아루,84.87,202110,23,"22,700",7,2007,새청말길 26,,-,-
강원도 춘천시 우두동,1068-1,1068,1,동부,59.964,202110,2,"14,450",11,1994,충열로 32,,-,-
강원도 춘천시 우두동,1068-1,1068,1,동부,84.961,202110,7,"16,300",14,1994,충열로 32,,-,-
강원도 춘천시 우두동,1068-1,1068,1,동부,59.964,202110,7,"12,500",1,1994,충열로 32,,-,-
강원도 춘천시 우두동,1068-1,1068,1,동부,59.964,202110,7,"19,000",11,1994,충열로 32,,-,-
강원도 춘천시 우두동,1068-1,1068,1,동부,59.964,202110,9,"15,000",12,1994,충열로 32,,-,-
강원도 춘천시 우두동,1068-1,1068,1,동부,84.961,202110,9,"16,000",14,1994,충열로 32,,-,-
강원도 춘천시 우두동,1068-1,1068,1,동부,59.964,202110,9,"12,700",10,1994,충열로 32,,-,-
강원도 춘천시 우두동,1068-1,1068,1,동부,84.961,202110,18,"17,500",8,1994,충열로 32,,-,-
강원도 춘천시 우두동,1080,1080,0,롯데인벤스,122.13,202110,1,"27,500",7,2006,충열로 29,20211016,-,-
강원도 춘천시 우두동,1080,1080,0,롯데인벤스,84.93,202110,2,"21,000",2,2006,충열로 29,,-,-
강원도 춘천시 우두동,1080,1080,0,롯데인벤스,73.8,202110,6,"20,000",10,2006,충열로 29,,-,-
강원도 춘천시 우두동,1080,1080,0,롯데인벤스,73.8,202110,8,"19,500",15,2006,충열로 29,,-,-
강원도 춘천시 우두동,1080,1080,0,롯데인벤스,73.8,202110,15,"20,500",9,2006,충열로 29,,-,-
강원도 춘천시 우두동,1080,1080,0,롯데인벤스,122.13,202110,16,"27,500",7,2006,충열로 29,,-,-
강원도 춘천시 우두동,1080,1080,0,롯데인벤스,122.13,202110,16,"27,300",12,2006,충열로 29,,-,-
강원도 춘천시 우두동,1068,1068,0,삼성,101.91,202110,1,"17,000",8,1994,충열로 30,,-,-
강원도 춘천시 조양동,34,34,0,미도파,84.84,202110,1,"15,000",7,1996,금강로 68-9,,-,-
강원도 춘천시 죽림동,189,189,0,브라운街,59.96,202110,4,"16,200",13,2005,중앙로67번길 18,,-,-
강원도 춘천시 칠전동,529-1,529,1,대우,60,202110,5,"12,700",6,1999,옛경춘로 492,,-,-
강원도 춘천시 칠전동,529-1,529,1,대우,59.88,202110,14,"13,400",11,1999,옛경춘로 492,,-,-
강원도 춘천시 칠전동,529-1,529,1,대우,60,202110,15,"13,500",12,1999,옛경춘로 492,,-,-
강원도 춘천시 칠전동,529-1,529,1,대우,59.89,202110,20,"14,400",7,1999,옛경춘로 492,,-,-
강원도 춘천시 칠전동,529-1,529,1,대우,60,202110,27,"12,800",4,1999,옛경춘로 492,,-,-
강원도 춘천시 칠전동,529-2,529,2,춘천칠전사랑으로부영,59.9381,202110,5,"16,000",1,2012,칠전서길 45,,-,-
강원도 춘천시 칠전동,585-1,585,1,칠전2대우,84.9508,202110,1,"20,800",7,2002,칠전서길 15-2,,-,-
강원도 춘천시 칠전동,585-1,585,1,칠전2대우,84.9508,202110,1,"20,300",9,2002,칠전서길 15-2,,-,-
강원도 춘천시 칠전동,585-1,585,1,칠전2대우,84.9583,202110,22,"19,300",10,2002,칠전서길 15-2,,-,-
강원도 춘천시 칠전동,585-1,585,1,칠전2대우,71.7847,202110,24,"15,000",2,2002,칠전서길 15-2,,-,-
강원도 춘천시 칠전동,585-1,585,1,칠전2대우,71.7847,202110,29,"15,300",3,2002,칠전서길 15-2,,-,-
강원도 춘천시 퇴계동,916-3,916,3,그린타운삼익코오롱,99.99,202110,1,"20,000",13,1994,춘주로 174,,-,-
강원도 춘천시 퇴계동,916-3,916,3,그린타운삼익코오롱,132.3,202110,3,"23,500",10,1994,춘주로 174,,-,-
강원도 춘천시 퇴계동,916-3,916,3,그린타운삼익코오롱,99.99,202110,5,"20,800",13,1994,춘주로 174,,-,-
강원도 춘천시 퇴계동,916-3,916,3,그린타운삼익코오롱,99.99,202110,5,"20,250",7,1994,춘주로 174,,-,-
강원도 춘천시 퇴계동,916-3,916,3,그린타운삼익코오롱,99.99,202110,9,"19,000",11,1994,춘주로 174,,-,-
강원도 춘천시 퇴계동,916-3,916,3,그린타운삼익코오롱,99.99,202110,11,"20,800",14,1994,춘주로 174,,-,-
강원도 춘천시 퇴계동,916-3,916,3,그린타운삼익코오롱,99.99,202110,14,"20,700",11,1994,춘주로 174,,-,-
강원도 춘천시 퇴계동,916-3,916,3,그린타운삼익코오롱,99.99,202110,15,"18,800",1,1994,춘주로 174,,-,-
강원도 춘천시 퇴계동,916-3,916,3,그린타운삼익코오롱,132.3,202110,25,"23,300",11,1994,춘주로 174,,-,-
강원도 춘천시 퇴계동,945,945,0,금호2차,59.82,202110,31,"14,300",9,1993,안마산로 214,,-,-
강원도 춘천시 퇴계동,1031,1031,0,뜨란채,84.94,202110,1,"30,000",15,2006,승지골길16번길 47,,-,-
강원도 춘천시 퇴계동,1031,1031,0,뜨란채,84.94,202110,7,"27,000",15,2006,승지골길16번길 47,,-,-
강원도 춘천시 퇴계동,1031,1031,0,뜨란채,84.94,202110,9,"28,400",13,2006,승지골길16번길 47,,-,-
강원도 춘천시 퇴계동,1031,1031,0,뜨란채,84.94,202110,15,"23,800",1,2006,승지골길16번길 47,,-,-
강원도 춘천시 퇴계동,1031,1031,0,뜨란채,84.94,202110,22,"28,500",14,2006,승지골길16번길 47,,-,-
강원도 춘천시 퇴계동,1031,1031,0,뜨란채,84.94,202110,25,"25,300",1,2006,승지골길16번길 47,,-,-
강원도 춘천시 퇴계동,1031,1031,0,뜨란채,84.94,202110,31,"26,000",2,2006,승지골길16번길 47,,-,-
강원도 춘천시 퇴계동,1040,1040,0,쌍용스윗닷홈,162.849,202110,16,"48,000",15,2005,춘주로 176-22,,-,-
강원도 춘천시 퇴계동,1041,1041,0,유승한내들,84.9561,202110,2,"27,900",4,2006,퇴계로 108,,-,-
강원도 춘천시 퇴계동,1041,1041,0,유승한내들,84.9561,202110,8,"29,500",13,2006,퇴계로 108,,-,-
강원도 춘천시 퇴계동,1240,1240,0,이편한세상춘천한숲시티,59.8597,202110,1,"42,000",10,2019,안마산로 133,,-,-
강원도 춘천시 퇴계동,1240,1240,0,이편한세상춘천한숲시티,84.8462,202110,3,"62,500",25,2019,안마산로 133,,-,-
강원도 춘천시 퇴계동,1240,1240,0,이편한세상춘천한숲시티,74.6822,202110,9,"49,200",35,2019,안마산로 133,,-,-
강원도 춘천시 퇴계동,1240,1240,0,이편한세상춘천한숲시티,59.8597,202110,12,"39,000",9,2019,안마산로 133,,-,-
강원도 춘천시 퇴계동,1240,1240,0,이편한세상춘천한숲시티,59.8597,202110,15,"41,000",8,2019,안마산로 133,,-,-
강원도 춘천시 퇴계동,1240,1240,0,이편한세상춘천한숲시티,100.7683,202110,16,"72,500",15,2019,안마산로 133,,-,-
강원도 춘천시 퇴계동,1240,1240,0,이편한세상춘천한숲시티,84.8265,202110,23,"57,000",4,2019,안마산로 133,,-,-
강원도 춘천시 퇴계동,1139,1139,0,일성2,59.803,202110,7,"17,500",5,1996,우묵길78번길 25,,-,-
강원도 춘천시 퇴계동,1139,1139,0,일성2,72.533,202110,26,"18,300",9,1996,우묵길78번길 25,,-,-
강원도 춘천시 퇴계동,1133,1133,0,중앙하이츠빌3단지,84.9859,202110,4,"32,000",10,2008,지석로 10,,-,-
강원도 춘천시 퇴계동,1133,1133,0,중앙하이츠빌3단지,106.9299,202110,4,"39,000",10,2008,지석로 10,,-,-
강원도 춘천시 퇴계동,1235,1235,0,춘천퇴계 세영리첼아파트,72.794,202110,6,"26,000",8,2018,김유정로 1866,,-,-
강원도 춘천시 퇴계동,1235,1235,0,춘천퇴계 세영리첼아파트,72.794,202110,7,"28,000",16,2018,김유정로 1866,,-,-
강원도 춘천시 퇴계동,1235,1235,0,춘천퇴계 세영리첼아파트,72.794,202110,8,"27,300",5,2018,김유정로 1866,,-,-
강원도 춘천시 퇴계동,1235,1235,0,춘천퇴계 세영리첼아파트,72.794,202110,8,"27,500",8,2018,김유정로 1866,,-,-
강원도 춘천시 퇴계동,1235,1235,0,춘천퇴계 세영리첼아파트,72.794,202110,8,"27,500",10,2018,김유정로 1866,,-,-
강원도 춘천시 퇴계동,1235,1235,0,춘천퇴계 세영리첼아파트,72.794,202110,9,"29,500",15,2018,김유정로 1866,,-,-
강원도 춘천시 퇴계동,1235,1235,0,춘천퇴계 세영리첼아파트,72.794,202110,9,"26,500",2,2018,김유정로 1866,,-,-
강원도 춘천시 퇴계동,1235,1235,0,춘천퇴계 세영리첼아파트,72.794,202110,14,"27,800",9,2018,김유정로 1866,,-,-
강원도 춘천시 퇴계동,1235,1235,0,춘천퇴계 세영리첼아파트,72.794,202110,15,"28,200",10,2018,김유정로 1866,,-,-
강원도 춘천시 퇴계동,1235,1235,0,춘천퇴계 세영리첼아파트,72.794,202110,23,"29,000",20,2018,김유정로 1866,,-,-
강원도 춘천시 퇴계동,983,983,0,퇴계2주공,59.99,202110,1,"15,700",1,1999,퇴계로 168,,-,-
강원도 춘천시 퇴계동,983,983,0,퇴계2주공,59.99,202110,2,"18,500",8,1999,퇴계로 168,,-,-
강원도 춘천시 퇴계동,983,983,0,퇴계2주공,59.99,202110,4,"18,000",6,1999,퇴계로 168,,-,-
강원도 춘천시 퇴계동,983,983,0,퇴계2주공,59.99,202110,7,"18,300",12,1999,퇴계로 168,,-,-
강원도 춘천시 퇴계동,983,983,0,퇴계2주공,49.62,202110,7,"15,100",12,1999,퇴계로 168,,-,-
강원도 춘천시 퇴계동,983,983,0,퇴계2주공,49.62,202110,7,"15,100",12,1999,퇴계로 168,20211102,-,-
강원도 춘천시 퇴계동,983,983,0,퇴계2주공,49.62,202110,8,"12,400",1,1999,퇴계로 168,,-,-
강원도 춘천시 퇴계동,983,983,0,퇴계2주공,59.99,202110,12,"17,800",10,1999,퇴계로 168,,-,-
강원도 춘천시 퇴계동,983,983,0,퇴계2주공,49.62,202110,12,"16,500",13,1999,퇴계로 168,,-,-
강원도 춘천시 퇴계동,983,983,0,퇴계2주공,59.99,202110,15,"19,000",15,1999,퇴계로 168,,-,-
강원도 춘천시 퇴계동,983,983,0,퇴계2주공,59.99,202110,15,"18,800",15,1999,퇴계로 168,,-,-
강원도 춘천시 퇴계동,983,983,0,퇴계2주공,49.62,202110,22,"15,000",3,1999,퇴계로 168,,-,-
강원도 춘천시 퇴계동,983,983,0,퇴계2주공,49.62,202110,27,"12,920",2,1999,퇴계로 168,,-,-
강원도 춘천시 퇴계동,430,430,0,퇴계우성,101.91,202110,5,"23,500",15,1999,국사봉길 7,,-,-
강원도 춘천시 퇴계동,430,430,0,퇴계우성,84.933,202110,8,"22,000",18,1999,국사봉길 7,,-,-
강원도 춘천시 퇴계동,1052,1052,0,퇴계이안,84.9877,202110,1,"32,000",9,2007,영서로 2169,,-,-
강원도 춘천시 퇴계동,1052,1052,0,퇴계이안,112.4741,202110,12,"39,500",5,2007,영서로 2169,,-,-
강원도 춘천시 퇴계동,1052,1052,0,퇴계이안,191.895,202110,12,"60,000",15,2007,영서로 2169,,-,-
강원도 춘천시 퇴계동,967,967,0,퇴계주공1차,49.71,202110,5,"15,000",2,2000,퇴계로 167,,-,-
강원도 춘천시 퇴계동,967,967,0,퇴계주공1차,49.71,202110,5,"15,550",14,2000,퇴계로 167,,-,-
강원도 춘천시 퇴계동,967,967,0,퇴계주공1차,49.71,202110,9,"15,500",8,2000,퇴계로 167,,-,-
강원도 춘천시 퇴계동,967,967,0,퇴계주공1차,49.71,202110,23,"12,000",15,2000,퇴계로 167,,-,-
강원도 춘천시 퇴계동,1015,1015,0,퇴계주공6차,59.83,202110,5,"19,600",4,2002,지석로 64,,-,-
강원도 춘천시 퇴계동,1015,1015,0,퇴계주공6차,59.83,202110,5,"16,900",1,2002,지석로 64,,-,-
강원도 춘천시 퇴계동,1015,1015,0,퇴계주공6차,59.92,202110,11,"19,000",4,2002,지석로 64,,-,-
강원도 춘천시 퇴계동,1015,1015,0,퇴계주공6차,59.83,202110,14,"18,900",9,2002,지석로 64,,-,-
강원도 춘천시 퇴계동,1015,1015,0,퇴계주공6차,59.92,202110,21,"20,000",6,2002,지석로 64,,-,-
강원도 춘천시 퇴계동,1015,1015,0,퇴계주공6차,59.92,202110,21,"20,200",15,2002,지석로 64,,-,-
강원도 춘천시 퇴계동,1015,1015,0,퇴계주공6차,59.83,202110,22,"18,900",10,2002,지석로 64,,-,-
강원도 춘천시 퇴계동,1015,1015,0,퇴계주공6차,59.83,202110,23,"19,000",2,2002,지석로 64,,-,-
강원도 춘천시 퇴계동,1015,1015,0,퇴계주공6차,59.83,202110,28,"20,600",15,2002,지석로 64,,-,-
강원도 춘천시 퇴계동,944,944,0,한주,84.6,202110,9,"16,800",12,1993,안마산로 217,,-,-
강원도 춘천시 퇴계동,944,944,0,한주,84.6,202110,21,"16,050",15,1993,안마산로 217,,-,-
강원도 춘천시 퇴계동,917,917,0,"한진,한성",84.86,202110,4,"18,600",12,1995,행촌로 11,,-,-
강원도 춘천시 퇴계동,917,917,0,"한진,한성",84.83,202110,6,"18,500",12,1995,행촌로 11,,-,-
강원도 춘천시 퇴계동,917,917,0,"한진,한성",84.86,202110,8,"18,700",9,1995,행촌로 11,,-,-
강원도 춘천시 퇴계동,917,917,0,"한진,한성",84.83,202110,12,"18,500",5,1995,행촌로 11,,-,-
강원도 춘천시 퇴계동,917,917,0,"한진,한성",84.83,202110,14,"17,700",3,1995,행촌로 11,,-,-
강원도 춘천시 퇴계동,917,917,0,"한진,한성",84.86,202110,21,"16,000",4,1995,행촌로 11,,-,-
강원도 춘천시 퇴계동,917,917,0,"한진,한성",84.86,202110,25,"17,300",2,1995,행촌로 11,,-,-
강원도 춘천시 퇴계동,917,917,0,"한진,한성",59.54,202110,27,"16,400",5,1995,행촌로 11,,-,-
강원도 춘천시 퇴계동,916-2,916,2,현대,59.94,202110,9,"16,400",14,1994,춘주로 162,,-,-
강원도 춘천시 퇴계동,916-2,916,2,현대,84.99,202110,16,"18,400",10,1994,춘주로 162,,-,-
강원도 춘천시 퇴계동,916,916,0,현대2,59.76,202110,4,"16,500",8,1994,행촌로 14,,-,-
강원도 춘천시 퇴계동,916,916,0,현대2,59.76,202110,6,"16,500",9,1994,행촌로 14,,-,-
강원도 춘천시 퇴계동,916,916,0,현대2,59.76,202110,12,"13,850",1,1994,행촌로 14,,-,-
강원도 춘천시 퇴계동,916,916,0,현대2,59.76,202110,13,"16,000",13,1994,행촌로 14,,-,-
강원도 춘천시 퇴계동,916,916,0,현대2,59.76,202110,18,"13,000",14,1994,행촌로 14,,-,-
강원도 춘천시 퇴계동,916,916,0,현대2,43.2,202110,18,"9,900",15,1994,행촌로 14,,-,-
강원도 춘천시 퇴계동,916,916,0,현대2,59.76,202110,18,"16,900",5,1994,행촌로 14,,-,-
강원도 춘천시 퇴계동,916,916,0,현대2,59.76,202110,19,"16,000",13,1994,행촌로 14,,-,-
강원도 춘천시 퇴계동,916,916,0,현대2,43.2,202110,20,"10,500",8,1994,행촌로 14,,-,-
강원도 춘천시 퇴계동,916,916,0,현대2,59.7,202110,20,"14,750",1,1994,행촌로 14,,-,-
강원도 춘천시 퇴계동,916-1,916,1,현진,59.949,202110,16,"15,700",12,1994,춘주로 150,,-,-
강원도 춘천시 퇴계동,1097,1097,0,휴먼시아남춘천1단지,101.99,202110,6,"38,900",14,2011,남춘천새길 11,,-,-
강원도 춘천시 퇴계동,1097,1097,0,휴먼시아남춘천1단지,121.96,202110,16,"43,000",7,2011,남춘천새길 11,,-,-
강원도 춘천시 퇴계동,1097,1097,0,휴먼시아남춘천1단지,121.96,202110,21,"35,000",11,2011,남춘천새길 11,,-,-
강원도 춘천시 퇴계동,1097,1097,0,휴먼시아남춘천1단지,121.95,202110,21,"47,000",14,2011,남춘천새길 11,,-,-
강원도 춘천시 퇴계동,1131,1131,0,휴먼시아남춘천2단지,84.97,202110,2,"26,600",3,2010,퇴계로 128,,-,-
강원도 춘천시 퇴계동,1131,1131,0,휴먼시아남춘천2단지,84.97,202110,26,"32,000",7,2010,퇴계로 128,,-,-
강원도 춘천시 효자동,701,701,0,내안愛양우,84.984,202110,1,"23,000",4,2005,공지로317번길 11,,-,-
강원도 춘천시 효자동,701,701,0,내안愛양우,84.984,202110,15,"23,000",8,2005,공지로317번길 11,,-,-
강원도 춘천시 효자동,821,821,0,동보,28.38,202110,7,"5,000",2,1999,공지로200번길 13,,-,-
강원도 춘천시 효자동,821,821,0,동보,37.2,202110,9,"6,550",9,1999,공지로200번길 13,,-,-
강원도 춘천시 효자동,821,821,0,동보,28.38,202110,11,"4,650",1,1999,공지로200번길 13,,-,-
강원도 춘천시 효자동,821,821,0,동보,28.38,202110,16,"4,700",1,1999,공지로200번길 13,,-,-
강원도 춘천시 효자동,821,821,0,동보,37.2,202110,26,"6,600",10,1999,공지로200번길 13,,-,-
강원도 춘천시 효자동,821,821,0,동보,28.38,202110,26,"4,500",6,1999,공지로200번길 13,,-,-
강원도 춘천시 효자동,821,821,0,동보,28.38,202110,27,"4,800",1,1999,공지로200번길 13,,-,-
강원도 춘천시 효자동,821,821,0,동보,28.38,202110,27,"5,000",2,1999,공지로200번길 13,,-,-
강원도 춘천시 효자동,821,821,0,동보,37.2,202110,28,"6,100",9,1999,공지로200번길 13,,-,-
강원도 춘천시 효자동,821,821,0,동보,28.38,202110,31,"5,000",5,1999,공지로200번길 13,,-,-
강원도 춘천시 효자동,820,820,0,신아,32.16,202110,4,"6,700",8,1997,백령로75번길 7,,-,-
강원도 춘천시 효자동,819,819,0,일성,59.96,202110,9,"12,450",7,1995,두하길 22,,-,-
강원도 춘천시 효자동,822,822,0,현진에버빌3차,124.804,202110,1,"44,000",2,2014,춘천로 120,,-,-
강원도 춘천시 효자동,822,822,0,현진에버빌3차,84.954,202110,4,"34,000",5,2014,춘천로 120,,-,-
강원도 춘천시 효자동,822,822,0,현진에버빌3차,104.151,202110,4,"38,450",2,2014,춘천로 120,,-,-
강원도 춘천시 효자동,822,822,0,현진에버빌3차,84.954,202110,11,"35,000",7,2014,춘천로 120,,-,-
강원도 춘천시 효자동,822,822,0,현진에버빌3차,84.954,202110,20,"37,800",14,2014,춘천로 120,,-,-
강원도 춘천시 효자동,823,823,0,효자코아루웰라움,67.3647,202110,2,"23,800",14,2019,공지로218번길 26,,-,-
강원도 춘천시 효자동,823,823,0,효자코아루웰라움,67.3647,202110,3,"23,800",14,2019,공지로218번길 26,20211013,-,-
강원도 춘천시 효자동,823,823,0,효자코아루웰라움,66.9094,202110,6,"23,700",12,2019,공지로218번길 26,,-,-
강원도 춘천시 효자동,823,823,0,효자코아루웰라움,66.9094,202110,6,"23,000",5,2019,공지로218번길 26,,-,-
강원도 춘천시 효자동,823,823,0,효자코아루웰라움,67.3647,202110,14,"23,500",9,2019,공지로218번길 26,,-,-
강원도 춘천시 효자동,823,823,0,효자코아루웰라움,84.9592,202110,23,"30,000",5,2019,공지로218번길 26,,-,-
강원도 춘천시 후평동,93-53,93,53,개나리,59.94,202110,7,"8,100",2,1988,수풍골길13번길 27,,-,-
강원도 춘천시 후평동,93-53,93,53,개나리,59.94,202110,18,"5,000",1,1988,수풍골길13번길 27,,-,-
강원도 춘천시 후평동,595,595,0,극동,59.856,202110,1,"13,300",6,1997,후석로 459,,-,-
강원도 춘천시 후평동,595,595,0,극동,59.856,202110,1,"13,300",6,1997,후석로 459,,-,-
강원도 춘천시 후평동,595,595,0,극동,59.856,202110,2,"12,250",16,1997,후석로 459,,-,-
강원도 춘천시 후평동,867,867,0,대우,76.37,202110,16,"13,900",4,1991,후만로126번길 31,,-,-
강원도 춘천시 후평동,867,867,0,대우,84.694,202110,22,"15,500",1,1991,후만로126번길 31,,-,-
강원도 춘천시 후평동,867,867,0,대우,84.694,202110,22,"16,000",3,1991,후만로126번길 31,,-,-
강원도 춘천시 후평동,575-4,575,4,동산,69.93,202110,4,"10,000",10,1990,후석로441번길 7,,-,-
강원도 춘천시 후평동,575-4,575,4,동산,84.93,202110,25,"14,000",1,1990,후석로441번길 7,,-,-
강원도 춘천시 후평동,893,893,0,동아,135,202110,2,"22,300",12,1995,서부대성로 327,,-,-
강원도 춘천시 후평동,542-3,542,3,봉의,41.571,202110,5,"5,600",3,1975,후석로441번길 40,,-,-
강원도 춘천시 후평동,899,899,0,석사2,58.14,202110,2,"12,100",2,1994,후석로228번길 24,,-,-
강원도 춘천시 후평동,899,899,0,석사2,58.14,202110,4,"9,500",13,1994,후석로228번길 24,,-,-
강원도 춘천시 후평동,899,899,0,석사2,37.67,202110,6,"8,000",12,1994,후석로228번길 24,,-,-
강원도 춘천시 후평동,899,899,0,석사2,51.66,202110,7,"12,500",14,1994,후석로228번길 24,,-,-
강원도 춘천시 후평동,899,899,0,석사2,51.66,202110,12,"12,600",6,1994,후석로228번길 24,,-,-
강원도 춘천시 후평동,899,899,0,석사2,58.14,202110,13,"11,500",15,1994,후석로228번길 24,,-,-
강원도 춘천시 후평동,899,899,0,석사2,58.14,202110,13,"13,000",10,1994,후석로228번길 24,,-,-
강원도 춘천시 후평동,899,899,0,석사2,58.14,202110,14,"13,500",10,1994,후석로228번길 24,,-,-
강원도 춘천시 후평동,899,899,0,석사2,58.14,202110,15,"10,100",2,1994,후석로228번길 24,,-,-
강원도 춘천시 후평동,899,899,0,석사2,58.14,202110,15,"12,900",5,1994,후석로228번길 24,,-,-
강원도 춘천시 후평동,899,899,0,석사2,58.14,202110,19,"11,300",4,1994,후석로228번길 24,,-,-
강원도 춘천시 후평동,899,899,0,석사2,58.14,202110,20,"12,700",2,1994,후석로228번길 24,,-,-
강원도 춘천시 후평동,899,899,0,석사2,51.66,202110,20,"11,900",13,1994,후석로228번길 24,,-,-
강원도 춘천시 후평동,899,899,0,석사2,58.14,202110,23,"11,900",6,1994,후석로228번길 24,,-,-
강원도 춘천시 후평동,899,899,0,석사2,58.14,202110,23,"10,500",1,1994,후석로228번길 24,,-,-
강원도 춘천시 후평동,899,899,0,석사2,58.14,202110,27,"12,300",12,1994,후석로228번길 24,,-,-
강원도 춘천시 후평동,899,899,0,석사2,58.14,202110,29,"12,500",13,1994,후석로228번길 24,,-,-
강원도 춘천시 후평동,899,899,0,석사2,51.66,202110,30,"10,800",7,1994,후석로228번길 24,,-,-
강원도 춘천시 후평동,Dec-67,67,12,세경1,51.62,202110,2,"8,100",4,1984,백령로 198,,-,-
강원도 춘천시 후평동,Dec-67,67,12,세경1,51.62,202110,11,"8,300",3,1984,백령로 202,,-,-
강원도 춘천시 후평동,Dec-67,67,12,세경1,51.62,202110,11,"8,600",2,1984,백령로 202,,-,-
강원도 춘천시 후평동,Dec-67,67,12,세경1,51.62,202110,16,"9,200",3,1984,백령로 202,,-,-
강원도 춘천시 후평동,Jan-81,81,1,세경2,55.26,202110,13,"10,500",3,1986,후석로326번길 36-7,,-,-
강원도 춘천시 후평동,Jan-81,81,1,세경2,55.26,202110,16,"10,000",4,1986,후석로326번길 36-7,,-,-
강원도 춘천시 후평동,845-1,845,1,세경3차,49.68,202110,1,"8,200",6,1991,삭주로 125,,-,-
강원도 춘천시 후평동,845-1,845,1,세경3차,49.68,202110,2,"6,900",10,1991,삭주로 125,,-,-
강원도 춘천시 후평동,845-1,845,1,세경3차,49.68,202110,2,"7,850",12,1991,삭주로 125,,-,-
강원도 춘천시 후평동,845-1,845,1,세경3차,49.68,202110,7,"8,100",13,1991,삭주로 125,,-,-
강원도 춘천시 후평동,845-1,845,1,세경3차,49.68,202110,9,"8,100",15,1991,삭주로 125,,-,-
강원도 춘천시 후평동,845-1,845,1,세경3차,49.68,202110,9,"8,000",13,1991,삭주로 125,,-,-
강원도 춘천시 후평동,845-1,845,1,세경3차,49.68,202110,11,"8,350",6,1991,삭주로 125,,-,-
강원도 춘천시 후평동,845-1,845,1,세경3차,49.68,202110,13,"8,000",12,1991,삭주로 125,,-,-
강원도 춘천시 후평동,845-1,845,1,세경3차,49.68,202110,13,"6,450",7,1991,삭주로 125,,-,-
강원도 춘천시 후평동,845-1,845,1,세경3차,49.68,202110,18,"8,300",12,1991,삭주로 125,,-,-
강원도 춘천시 후평동,845-1,845,1,세경3차,49.68,202110,20,"7,900",6,1991,삭주로 125,,-,-
강원도 춘천시 후평동,845-1,845,1,세경3차,49.68,202110,22,"9,100",11,1991,삭주로 125,,-,-
강원도 춘천시 후평동,845-1,845,1,세경3차,49.68,202110,26,"8,000",7,1991,삭주로 125,,-,-
강원도 춘천시 후평동,845-1,845,1,세경3차,49.68,202110,26,"8,000",7,1991,삭주로 125,20211026,-,-
강원도 춘천시 후평동,845-1,845,1,세경3차,49.68,202110,28,"7,400",3,1991,삭주로 125,,-,-
강원도 춘천시 후평동,885-1,885,1,세경4차,50.4,202110,10,"8,300",1,1994,세실로 173,,-,-
강원도 춘천시 후평동,885-1,885,1,세경4차,50.4,202110,14,"8,500",2,1994,세실로 173,,-,-
강원도 춘천시 후평동,885-1,885,1,세경4차,52.92,202110,15,"9,000",4,1994,세실로 173,,-,-
강원도 춘천시 후평동,529-4,529,4,에리트,63.396,202110,7,"9,950",5,1981,삭주로 89-7,,-,-
강원도 춘천시 후평동,529-4,529,4,에리트,63.396,202110,22,"9,950",2,1981,삭주로 89-7,,-,-
강원도 춘천시 후평동,808-1,808,1,주공4,59.3,202110,2,"17,200",4,1985,후만로98번길 9,,-,-
강원도 춘천시 후평동,808-1,808,1,주공4,49.22,202110,20,"15,000",5,1985,후만로98번길 9,,-,-
강원도 춘천시 후평동,481,481,0,주공5,39.3,202110,11,"14,000",5,1989,후만로 15,,-,-
강원도 춘천시 후평동,481,481,0,주공6,59.12,202110,1,"11,000",3,1989,후만로 37,,-,-
강원도 춘천시 후평동,481,481,0,주공6,51.02,202110,13,"15,000",1,1989,후만로 37,,-,-
강원도 춘천시 후평동,477,477,0,주공7,39.3,202110,3,"11,900",5,1989,후만로 56,,-,-
강원도 춘천시 후평동,477,477,0,주공7,39.69,202110,25,"11,000",2,1989,후만로 56,,-,-
강원도 춘천시 후평동,477,477,0,주공7,39.3,202110,30,"12,000",1,1989,후만로 56,20211104,-,-
강원도 춘천시 후평동,885,885,0,청실,62.64,202110,20,"9,500",5,1991,세실로 187,,-,-
강원도 춘천시 후평동,885,885,0,청실,62.64,202110,29,"8,500",4,1991,세실로 187,,-,-
강원도 춘천시 후평동,903,903,0,초록지붕6차,84.919,202110,1,"15,000",4,2004,세실로 261,,-,-
강원도 춘천시 후평동,903,903,0,초록지붕6차,84.919,202110,2,"19,000",12,2004,세실로 261,,-,-
강원도 춘천시 후평동,903,903,0,초록지붕6차,84.919,202110,26,"17,600",12,2004,세실로 261,,-,-
강원도 춘천시 후평동,903,903,0,초록지붕6차,84.919,202110,29,"16,700",11,2004,세실로 261,,-,-
강원도 춘천시 후평동,904,904,0,춘천더샵,59.9286,202110,12,"22,000",19,2008,후석로 325,,-,-
강원도 춘천시 후평동,904,904,0,춘천더샵,145.5773,202110,13,"40,000",7,2008,후석로 325,,-,-
강원도 춘천시 후평동,904,904,0,춘천더샵,145.5773,202110,14,"44,800",22,2008,후석로 325,,-,-
강원도 춘천시 후평동,904,904,0,춘천더샵,84.9129,202110,16,"28,000",4,2008,후석로 325,,-,-
강원도 춘천시 후평동,904,904,0,춘천더샵,127.2412,202110,18,"40,800",7,2008,후석로 325,,-,-
강원도 춘천시 후평동,904,904,0,춘천더샵,145.5773,202110,25,"43,500",17,2008,후석로 325,,-,-
강원도 춘천시 후평동,904,904,0,춘천더샵,127.2412,202110,28,"40,500",8,2008,후석로 325,,-,-
강원도 춘천시 후평동,904,904,0,춘천더샵,84.9129,202110,28,"28,500",7,2008,후석로 325,,-,-
강원도 춘천시 후평동,904,904,0,춘천더샵,84.9904,202110,29,"31,700",14,2008,후석로 325,,-,-
강원도 춘천시 후평동,904,904,0,춘천더샵,67.025,202110,29,"25,500",15,2008,후석로 325,,-,-
강원도 춘천시 후평동,910,910,0,춘천일성트루엘더퍼스트,84.995,202110,1,"41,900",19,2018,백령로 215,,-,-
강원도 춘천시 후평동,910,910,0,춘천일성트루엘더퍼스트,68.989,202110,2,"31,000",3,2018,백령로 215,,-,-
강원도 춘천시 후평동,910,910,0,춘천일성트루엘더퍼스트,84.989,202110,2,"41,750",15,2018,백령로 215,,-,-
강원도 춘천시 후평동,910,910,0,춘천일성트루엘더퍼스트,84.955,202110,2,"39,500",10,2018,백령로 215,,-,-
강원도 춘천시 후평동,910,910,0,춘천일성트루엘더퍼스트,84.989,202110,9,"39,500",17,2018,백령로 215,,-,-
강원도 춘천시 후평동,910,910,0,춘천일성트루엘더퍼스트,68.946,202110,16,"34,500",13,2018,백령로 215,,-,-
강원도 춘천시 후평동,910,910,0,춘천일성트루엘더퍼스트,59.958,202110,18,"29,900",6,2018,백령로 215,,-,-
강원도 춘천시 후평동,910,910,0,춘천일성트루엘더퍼스트,59.958,202110,19,"29,700",5,2018,백령로 215,,-,-
강원도 춘천시 후평동,910,910,0,춘천일성트루엘더퍼스트,84.989,202110,21,"41,300",15,2018,백령로 215,,-,-
강원도 춘천시 후평동,910,910,0,춘천일성트루엘더퍼스트,84.989,202110,29,"41,800",12,2018,백령로 215,,-,-
강원도 춘천시 후평동,910,910,0,춘천일성트루엘더퍼스트,84.989,202110,30,"41,500",6,2018,백령로 215,,-,-
강원도 춘천시 후평동,912,912,0,춘천후평우미린뉴시티,84.995,202110,1,"45,500",26,2021,보안길 36,,-,-
강원도 춘천시 후평동,912,912,0,춘천후평우미린뉴시티,77.752,202110,9,"39,000",14,2021,보안길 36,,-,-
강원도 춘천시 후평동,912,912,0,춘천후평우미린뉴시티,68.618,202110,11,"35,300",6,2021,보안길 36,,-,-
강원도 춘천시 후평동,912,912,0,춘천후평우미린뉴시티,84.995,202110,13,"46,800",21,2021,보안길 36,,-,-
강원도 춘천시 후평동,912,912,0,춘천후평우미린뉴시티,77.752,202110,17,"42,300",22,2021,보안길 36,,-,-
강원도 춘천시 후평동,912,912,0,춘천후평우미린뉴시티,84.995,202110,17,"45,000",29,2021,보안길 36,,-,-
강원도 춘천시 후평동,912,912,0,춘천후평우미린뉴시티,77.752,202110,18,"40,500",25,2021,보안길 36,,-,-
강원도 춘천시 후평동,912,912,0,춘천후평우미린뉴시티,77.752,202110,19,"39,700",27,2021,보안길 36,,-,-
강원도 춘천시 후평동,912,912,0,춘천후평우미린뉴시티,77.752,202110,20,"40,000",30,2021,보안길 36,,-,-
강원도 춘천시 후평동,912,912,0,춘천후평우미린뉴시티,59.888,202110,21,"29,400",3,2021,보안길 36,,-,-
강원도 춘천시 후평동,912,912,0,춘천후평우미린뉴시티,84.994,202110,22,"46,000",11,2021,보안길 36,,-,-
강원도 춘천시 후평동,912,912,0,춘천후평우미린뉴시티,84.995,202110,23,"45,000",4,2021,보안길 36,,-,-
강원도 춘천시 후평동,912,912,0,춘천후평우미린뉴시티,84.995,202110,23,"46,700",13,2021,보안길 36,,-,-
강원도 춘천시 후평동,912,912,0,춘천후평우미린뉴시티,68.618,202110,24,"36,500",21,2021,보안길 36,,-,-
강원도 춘천시 후평동,864,864,0,한신,84.97,202110,2,"13,800",11,1991,부평길 7,,-,-
강원도 춘천시 후평동,864,864,0,한신,73.02,202110,6,"11,700",4,1991,부평길 7,,-,-
강원도 춘천시 후평동,864,864,0,한신,73.02,202110,9,"11,900",6,1991,부평길 7,,-,-
강원도 춘천시 후평동,864,864,0,한신,84.97,202110,13,"12,800",3,1991,부평길 7,,-,-
강원도 춘천시 후평동,864,864,0,한신,84.97,202110,14,"16,500",12,1991,부평길 7,,-,-
강원도 춘천시 후평동,864,864,0,한신,84.97,202110,15,"14,700",11,1991,부평길 7,,-,-
강원도 춘천시 후평동,864,864,0,한신,73.02,202110,16,"10,800",2,1991,부평길 7,,-,-
강원도 춘천시 후평동,864,864,0,한신,84.97,202110,16,"13,800",4,1991,부평길 7,,-,-
강원도 춘천시 후평동,864,864,0,한신,84.97,202110,18,"12,900",3,1991,부평길 7,,-,-
강원도 춘천시 후평동,864,864,0,한신,73.02,202110,19,"12,900",15,1991,부평길 7,,-,-
강원도 춘천시 후평동,864,864,0,한신,84.97,202110,23,"15,300",13,1991,부평길 7,,-,-
강원도 춘천시 후평동,864,864,0,한신,84.97,202110,27,"13,000",2,1991,부평길 7,,-,-
강원도 춘천시 후평동,845,845,0,현대1차,71.55,202110,1,"14,520",15,1988,삭주로 113,,-,-
강원도 춘천시 후평동,845,845,0,현대1차,84.81,202110,6,"15,400",8,1988,삭주로 113,,-,-
강원도 춘천시 후평동,87,87,0,현대3,71.137,202110,15,"13,800",4,1990,후석로326번길 31,,-,-
강원도 춘천시 후평동,87,87,0,현대3,84.98,202110,18,"15,000",9,1990,후석로326번길 31,,-,-
강원도 춘천시 후평동,87,87,0,현대3,84.98,202110,25,"17,500",9,1990,후석로326번길 31,,-,-
강원도 춘천시 후평동,901,901,0,현대4,84.955,202110,1,"16,000",15,1995,후석로326번길 44,,-,-
강원도 춘천시 후평동,901,901,0,현대4,59.97,202110,20,"12,800",2,1995,후석로326번길 44,,-,-
강원도 춘천시 후평동,901,901,0,현대4,84.955,202110,22,"15,000",6,1995,후석로326번길 44,,-,-
강원도 춘천시 후평동,427,427,0,후평현대2차,84.842,202110,12,"16,700",1,1990,후석로326번길 13,,-,-
강원도 춘천시 후평동,427,427,0,후평현대2차,71.636,202110,15,"14,300",8,1990,후석로326번길 13,,-,-
강원도 춘천시 후평동,902,902,0,후평현대5차,59.89,202110,11,"9,800",14,1996,후만로24번길 13,,-,-
강원도 춘천시 후평동,902,902,0,후평현대5차,59.89,202110,17,"11,300",4,1996,후만로24번길 13,,-,-
강원도 춘천시 후평동,902,902,0,후평현대5차,59.89,202110,17,"12,000",3,1996,후만로24번길 13,,-,-
강원도 춘천시 후평동,902,902,0,후평현대5차,59.89,202110,18,"13,600",13,1996,후만로24번길 13,,-,-
강원도 춘천시 후평동,902,902,0,후평현대5차,59.89,202110,22,"12,000",10,1996,후만로24번길 13,,-,-
강원도 춘천시 후평동,902,902,0,후평현대5차,59.89,202110,23,"12,500",3,1996,후만로24번길 13,,-,-
강원도 춘천시 후평동,902,902,0,후평현대5차,59.89,202110,30,"10,000",11,1996,후만로24번길 13,,-,-
강원도 태백시 동점동,74,74,0,동점,39.72,202110,1,"1,000",1,1986,동태백로 130,,-,-
강원도 태백시 동점동,74,74,0,동점,39.72,202110,5,"1,050",1,1986,동태백로 130,,-,-
강원도 태백시 동점동,74,74,0,동점,39.72,202110,6,"1,100",4,1986,동태백로 130,,-,-
강원도 태백시 동점동,74,74,0,동점,39.72,202110,12,"1,270",1,1986,동태백로 130,,-,-
강원도 태백시 동점동,74,74,0,동점,39.72,202110,22,"1,800",1,1986,동태백로 130,,-,-
강원도 태백시 철암동,435-169,435,169,철암장미,58.137,202110,5,"3,300",4,2000,삼방길 35,,-,-
강원도 태백시 철암동,435-169,435,169,철암장미,58.137,202110,6,"3,700",5,2000,삼방길 35,,-,-
강원도 태백시 화전동,328,328,0,브라이튼,84.8239,202110,22,"14,500",6,2006,수아밭길 196,,-,-
강원도 태백시 화전동,Jan-48,48,1,태백팔마,59.554,202110,12,"8,250",6,2001,수아밭길 182,,-,-
강원도 태백시 황지동,846,846,0,대산2차하이츠빌,59.8326,202110,6,"14,600",5,2014,번영로 289,,-,-
강원도 태백시 황지동,846,846,0,대산2차하이츠빌,84.891,202110,15,"20,150",7,2014,번영로 289,,-,-
강원도 태백시 황지동,24,24,0,대산하이츠빌,59.7954,202110,9,"12,000",4,2002,풀미당골길 35,,-,-
강원도 태백시 황지동,200-13,200,13,유진2차아트빌,59.6904,202110,18,"11,700",2,2002,번영로 154,,-,-
강원도 태백시 황지동,678,678,0,이원예채,84.86,202110,1,"18,200",5,2007,대학길 81,,-,-
강원도 태백시 황지동,229-16,229,16,주공,38.57,202110,1,"3,500",4,1983,감천로 7,,-,-
강원도 태백시 황지동,Aug-87,87,8,주공2,47.1,202110,8,"5,500",4,1985,황지로 29,,-,-
강원도 태백시 황지동,Aug-87,87,8,주공2,39.72,202110,13,"3,150",5,1985,황지로 29,,-,-
강원도 태백시 황지동,Aug-87,87,8,주공2,39.72,202110,21,"3,500",4,1985,황지로 29,,-,-
강원도 태백시 황지동,844,844,0,중앙하이츠,59.877,202110,2,"14,550",4,2011,대학길 80,,-,-
강원도 태백시 황지동,844,844,0,중앙하이츠,70.48,202110,15,"17,700",5,2011,대학길 80,,-,-
강원도 태백시 황지동,844,844,0,중앙하이츠,59.877,202110,19,"14,000",1,2011,대학길 80,,-,-
강원도 태백시 황지동,136-1,136,1,청록,44.91,202110,20,"2,500",3,1991,태백산로 5138,,-,-
강원도 태백시 황지동,674,674,0,태백3주공,51.57,202110,4,"10,000",12,2004,고원로 279,,-,-
강원도 태백시 황지동,662,662,0,태백황지청솔,38.365,202110,5,"4,600",2,2001,청솔길 8,,-,-
강원도 태백시 황지동,662,662,0,태백황지청솔,38.365,202110,5,"4,800",5,2001,청솔길 8,,-,-
강원도 태백시 황지동,662,662,0,태백황지청솔,38.365,202110,6,"4,550",9,2001,청솔길 8,,-,-
강원도 태백시 황지동,662,662,0,태백황지청솔,38.365,202110,6,"4,550",12,2001,청솔길 8,,-,-
강원도 태백시 황지동,662,662,0,태백황지청솔,38.365,202110,7,"4,500",9,2001,청솔길 8,,-,-
강원도 태백시 황지동,662,662,0,태백황지청솔,38.365,202110,7,"5,100",9,2001,청솔길 8,,-,-
강원도 태백시 황지동,662,662,0,태백황지청솔,38.365,202110,12,"4,450",1,2001,청솔길 8,,-,-
강원도 태백시 황지동,662,662,0,태백황지청솔,38.365,202110,13,"4,800",4,2001,청솔길 8,,-,-
강원도 태백시 황지동,662,662,0,태백황지청솔,38.365,202110,14,"5,100",5,2001,청솔길 8,,-,-
강원도 태백시 황지동,662,662,0,태백황지청솔,38.365,202110,14,"5,100",12,2001,청솔길 8,,-,-
강원도 태백시 황지동,662,662,0,태백황지청솔,38.365,202110,16,"4,800",4,2001,청솔길 35,,-,-
강원도 태백시 황지동,662,662,0,태백황지청솔,38.365,202110,16,"4,850",5,2001,청솔길 8,,-,-
강원도 태백시 황지동,662,662,0,태백황지청솔,38.365,202110,16,"4,850",10,2001,청솔길 35,,-,-
강원도 태백시 황지동,662,662,0,태백황지청솔,38.365,202110,19,"4,900",10,2001,청솔길 8,,-,-
강원도 태백시 황지동,662,662,0,태백황지청솔,38.365,202110,21,"4,600",5,2001,청솔길 35,,-,-
강원도 태백시 황지동,662,662,0,태백황지청솔,38.365,202110,21,"5,100",13,2001,청솔길 8,,-,-
강원도 평창군 대관령면 수하리,500,500,0,동계올림픽선수촌아파트,59.972,202110,18,"31,500",10,2018,올림픽로 389,,-,-
강원도 평창군 대관령면 용산리,161,161,0,용평빌리지,84.289,202110,5,"18,000",8,2002,솔봉로 463-6,,-,-
강원도 평창군 대관령면 차항리,06월 02일,6,2,유덕휴먼빌리지,39.8533,202110,8,"4,470",9,2001,차항길 114-4,,-,-
강원도 평창군 대관령면 차항리,06월 02일,6,2,유덕휴먼빌리지,59.7625,202110,11,"4,500",1,2001,차항길 114-4,,-,-
강원도 평창군 대관령면 차항리,06월 02일,6,2,유덕휴먼빌리지,39.8533,202110,12,"4,200",9,2001,차항길 114-4,,-,-
강원도 평창군 대관령면 차항리,06월 02일,6,2,유덕휴먼빌리지,59.7625,202110,14,"5,700",9,2001,차항길 114-4,,-,-
강원도 평창군 대관령면 차항리,06월 02일,6,2,유덕휴먼빌리지,39.8533,202110,16,"4,000",8,2001,차항길 114-4,,-,-
강원도 평창군 대관령면 차항리,06월 02일,6,2,유덕휴먼빌리지,59.7625,202110,19,"5,000",1,2001,차항길 114-4,,-,-
강원도 평창군 대관령면 차항리,06월 02일,6,2,유덕휴먼빌리지,59.7625,202110,25,"6,000",9,2001,차항길 114-4,,-,-
강원도 평창군 대관령면 횡계리,366-8,366,8,강산횡계,81.47,202110,26,"9,000",8,1994,대관령로 46-4,,-,-
강원도 평창군 대관령면 횡계리,276-39,276,39,뉴월드빌라신관,50.26,202110,11,"4,750",2,1988,송천길 12-1,,-,-
강원도 평창군 대관령면 횡계리,276-39,276,39,뉴월드빌라신관,50.26,202110,11,"4,850",2,1988,송천길 12-1,,-,-
강원도 평창군 대관령면 횡계리,264-9,264,9,동보,26.795,202110,2,"2,500",6,1998,대관령마루길 50-24,,-,-
강원도 평창군 대관령면 횡계리,264-9,264,9,동보,32.615,202110,5,"3,500",3,1998,대관령마루길 50-24,,-,-
강원도 평창군 대관령면 횡계리,264-9,264,9,동보,48.635,202110,8,"5,400",10,1998,대관령마루길 50-24,,-,-
강원도 평창군 대관령면 횡계리,264-9,264,9,동보,26.795,202110,16,"2,550",6,1998,대관령마루길 50-24,,-,-
강원도 평창군 대관령면 횡계리,264-9,264,9,동보,26.795,202110,16,"2,350",1,1998,대관령마루길 50-24,,-,-
강원도 평창군 대관령면 횡계리,264-9,264,9,동보,26.795,202110,18,"2,450",4,1998,대관령마루길 50-24,,-,-
강원도 평창군 대관령면 횡계리,264-9,264,9,동보,26.795,202110,20,"2,650",2,1998,대관령마루길 50-24,,-,-
강원도 평창군 대관령면 횡계리,264-9,264,9,동보,26.795,202110,20,"2,600",13,1998,대관령마루길 50-24,,-,-
강원도 평창군 대관령면 횡계리,264-9,264,9,동보,26.795,202110,20,"2,700",5,1998,대관령마루길 50-24,,-,-
강원도 평창군 대관령면 횡계리,264-9,264,9,동보,26.795,202110,23,"2,600",5,1998,대관령마루길 50-24,,-,-
강원도 평창군 대관령면 횡계리,264-9,264,9,동보,26.795,202110,23,"2,350",2,1998,대관령마루길 50-24,,-,-
강원도 평창군 대관령면 횡계리,264-9,264,9,동보,26.795,202110,25,"1,950",3,1998,대관령마루길 50-24,,-,-
강원도 평창군 대관령면 횡계리,264-9,264,9,동보,26.795,202110,26,"2,700",11,1998,대관령마루길 50-24,,-,-
강원도 평창군 대관령면 횡계리,264-9,264,9,동보,32.615,202110,29,"3,600",4,1998,대관령마루길 50-24,,-,-
강원도 평창군 대관령면 횡계리,376-34,376,34,쉐모아,84.27,202110,12,"13,000",1,2006,올림픽로 26-11,,-,-
강원도 평창군 대관령면 횡계리,283,283,0,알펜로제,59.9626,202110,4,"17,000",3,2007,대관령로 187,,-,-
강원도 평창군 대관령면 횡계리,283,283,0,알펜로제,84.9803,202110,18,"27,700",11,2007,대관령로 187,,-,-
강원도 평창군 대관령면 횡계리,283,283,0,알펜로제,84.9803,202110,18,"27,700",11,2007,대관령로 187,20211102,-,-
강원도 평창군 대관령면 횡계리,283,283,0,알펜로제,54.8571,202110,27,"11,600",5,2007,대관령로 187,,-,-
강원도 평창군 대관령면 횡계리,283,283,0,알펜로제,54.8571,202110,28,"14,700",7,2007,대관령로 187,,-,-
강원도 평창군 대관령면 횡계리,304-6,304,6,힐탑,55.77,202110,4,"6,400",11,1994,종지목길 7,,-,-
강원도 평창군 대관령면 횡계리,304-6,304,6,힐탑,45.33,202110,12,"4,750",3,1994,종지목길 7,,-,-
강원도 평창군 대관령면 횡계리,304-6,304,6,힐탑,55.77,202110,20,"6,500",14,1994,종지목길 7,20211025,-,-
강원도 평창군 대관령면 횡계리,304-6,304,6,힐탑,55.77,202110,20,"6,500",14,1994,종지목길 7,,-,-
강원도 평창군 대관령면 횡계리,304-6,304,6,힐탑,59.7,202110,28,"6,300",1,1994,종지목길 7,,-,-
강원도 평창군 대관령면 횡계리,304-6,304,6,힐탑,84.66,202110,29,"13,500",14,1994,종지목길 7,,-,-
강원도 평창군 봉평면 무이리,691-45,691,45,장웅파인힐,47.19,202110,10,"9,500",4,2004,태기로 101-33,,-,-
강원도 평창군 봉평면 무이리,691-45,691,45,장웅파인힐,35.51,202110,11,"6,700",11,2004,태기로 101-33,,-,-
강원도 평창군 봉평면 무이리,691-45,691,45,장웅파인힐,35.51,202110,18,"7,000",5,2004,태기로 101-33,,-,-
강원도 평창군 봉평면 창동리,306-7,306,7,봉평빅하우스,71.7032,202110,27,"15,000",7,2013,방축동길 25,,-,-
강원도 평창군 진부면 송정리,2537,2537,0,석미,54.72,202110,6,"8,500",15,1995,송정택지1길 35,,-,-
강원도 평창군 진부면 송정리,2537,2537,0,석미,54.72,202110,9,"6,950",2,1995,송정택지1길 35,,-,-
강원도 평창군 진부면 송정리,2537,2537,0,석미,54.72,202110,11,"8,000",6,1995,송정택지1길 35,,-,-
강원도 평창군 진부면 송정리,2537,2537,0,석미,54.72,202110,27,"7,800",13,1995,송정택지1길 35,,-,-
강원도 평창군 진부면 송정리,2538,2538,0,성원,38.365,202110,5,"4,300",2,1998,송정택지1길 37,,-,-
강원도 평창군 진부면 송정리,2538,2538,0,성원,38.365,202110,11,"5,250",11,1998,송정택지1길 37,,-,-
강원도 평창군 진부면 송정리,2538,2538,0,성원,38.365,202110,14,"5,000",10,1998,송정택지1길 37,,-,-
강원도 평창군 진부면 송정리,2538,2538,0,성원,38.365,202110,30,"5,350",8,1998,송정택지1길 37,,-,-
강원도 평창군 진부면 하진부리,147-21,147,21,문화,78.91,202110,28,"16,500",3,2002,참솔길 21,,-,-
강원도 평창군 진부면 하진부리,166-3,166,3,시대,39.45,202110,11,"5,300",4,1993,청송로 74,,-,-
강원도 평창군 평창읍 중리,250,250,0,대원주택,41.07,202110,19,"3,800",5,1989,노성로 213-4,,-,-
강원도 홍천군 홍천읍 갈마곡리,73,73,0,신성미소지음,84.8467,202110,1,"29,300",14,2007,갈마로8길 15,,-,-
강원도 홍천군 홍천읍 갈마곡리,73,73,0,신성미소지음,84.8467,202110,12,"28,500",10,2007,갈마로8길 15,,-,-
강원도 홍천군 홍천읍 갈마곡리,200,200,0,주공1차,49.71,202110,6,"10,200",5,2001,갈마로 14,,-,-
강원도 홍천군 홍천읍 갈마곡리,200,200,0,주공1차,49.71,202110,9,"10,500",6,2001,갈마로 14,,-,-
강원도 홍천군 홍천읍 갈마곡리,200,200,0,주공1차,59.41,202110,12,"15,000",15,2001,갈마로 14,,-,-
강원도 홍천군 홍천읍 갈마곡리,200,200,0,주공1차,39.6,202110,24,"7,500",3,2001,갈마로 14,,-,-
강원도 홍천군 홍천읍 갈마곡리,222,222,0,주공2차,51.57,202110,5,"13,600",8,2004,갈마로 26,,-,-
강원도 홍천군 홍천읍 갈마곡리,222,222,0,주공2차,51.57,202110,7,"13,900",9,2004,갈마로 26,,-,-
강원도 홍천군 홍천읍 갈마곡리,222,222,0,주공2차,59.97,202110,16,"18,500",5,2004,갈마로 26,,-,-
강원도 홍천군 홍천읍 갈마곡리,549,549,0,홍천오드카운티,59.9781,202110,5,"22,000",8,2016,갈마로11길 33,,-,-
강원도 홍천군 홍천읍 갈마곡리,549,549,0,홍천오드카운티,59.9747,202110,6,"25,000",15,2016,갈마로11길 33,,-,-
강원도 홍천군 홍천읍 갈마곡리,549,549,0,홍천오드카운티,59.9747,202110,19,"23,500",17,2016,갈마로11길 33,,-,-
강원도 홍천군 홍천읍 갈마곡리,549,549,0,홍천오드카운티,59.9781,202110,21,"23,000",8,2016,갈마로11길 33,,-,-
강원도 홍천군 홍천읍 갈마곡리,549,549,0,홍천오드카운티,84.9915,202110,27,"34,400",11,2016,갈마로11길 33,,-,-
강원도 홍천군 홍천읍 연봉리,496,496,0,세영더-조은,59.9781,202110,4,"18,700",9,2007,남산마을길 13,,-,-
강원도 홍천군 홍천읍 연봉리,497,497,0,연봉아이파크,84.8117,202110,11,"37,500",15,2006,남산마을길 13-1,,-,-
강원도 홍천군 홍천읍 연봉리,194-3,194,3,햇살1차,72.52,202110,5,"15,700",7,2013,연봉로2길 7-6,,-,-
강원도 홍천군 홍천읍 연봉리,468,468,0,현대,59.445,202110,9,"13,800",2,1996,연봉중앙로 18,,-,-
강원도 홍천군 홍천읍 연봉리,468,468,0,현대,59.445,202110,9,"13,800",2,1996,연봉중앙로 18,20211104,-,-
강원도 홍천군 홍천읍 연봉리,468,468,0,현대,84.398,202110,11,"21,800",10,1996,연봉중앙로 18,,-,-
강원도 홍천군 홍천읍 연봉리,468,468,0,현대,84.398,202110,15,"20,500",6,1996,연봉중앙로 18,,-,-
강원도 홍천군 홍천읍 희망리,424,424,0,신아1차,39.99,202110,15,"5,500",2,1998,마지기로 110,,-,-
강원도 홍천군 홍천읍 희망리,424,424,0,신아1차,39.99,202110,16,"5,700",4,1998,마지기로 110,,-,-
강원도 홍천군 홍천읍 희망리,424,424,0,신아1차,39.99,202110,23,"5,900",7,1998,마지기로 110,,-,-
강원도 홍천군 홍천읍 희망리,311-5,311,5,엔젤,32.3,202110,29,"5,950",4,2005,희망로 17,,-,-
강원도 화천군 사내면 사창리,746,746,0,로얄,59.98,202110,15,"6,500",4,1993,사내로7길 67,,-,-
강원도 화천군 하남면 위라리,599,599,0,대양고운채2차,59.88,202110,1,"20,200",7,2015,춘화로 3306,,-,-
강원도 화천군 하남면 위라리,599,599,0,대양고운채2차,59.88,202110,4,"20,200",5,2015,춘화로 3306,,-,-
강원도 화천군 하남면 위라리,599,599,0,대양고운채2차,59.88,202110,7,"20,000",9,2015,춘화로 3306,,-,-
강원도 화천군 하남면 위라리,599,599,0,대양고운채2차,59.88,202110,14,"18,000",5,2015,춘화로 3306,,-,-
강원도 화천군 화천읍 상리,Feb-46,46,2,동산,47.13,202110,8,"8,400",2,1988,상승로 105,,-,-
강원도 화천군 화천읍 신읍리,1788,1788,0,화천건영아모리움,51.9871,202110,16,"14,350",15,2017,옹기점길 17-3,,-,-
강원도 횡성군 둔내면 둔방내리,589,589,0,경림,37.32,202110,6,"4,450",11,1999,경강로둔방5길 12,,-,-
강원도 횡성군 둔내면 둔방내리,589,589,0,경림,58.189,202110,8,"6,950",14,1999,경강로둔방5길 8,,-,-
강원도 횡성군 둔내면 둔방내리,589,589,0,경림,58.189,202110,12,"8,500",13,1999,경강로둔방5길 8,,-,-
강원도 횡성군 둔내면 둔방내리,589,589,0,경림,37.32,202110,16,"4,350",3,1999,경강로둔방5길 12,,-,-
강원도 횡성군 둔내면 자포곡리,386-1,386,1,동산,59.08,202110,26,"4,800",5,1993,둔내로47번길 38,,-,-
강원도 횡성군 횡성읍 교항리,67,67,0,횡성코아루센트럴퍼스트,84.8869,202110,14,"28,600",3,2018,앞들서1로 62,,-,-
강원도 횡성군 횡성읍 교항리,67,67,0,횡성코아루센트럴퍼스트,84.8869,202110,14,"28,600",3,2018,앞들서1로 62,20211028,-,-
강원도 횡성군 횡성읍 교항리,67,67,0,횡성코아루센트럴퍼스트,59.6695,202110,28,"20,200",20,2018,앞들서1로 62,,-,-
강원도 횡성군 횡성읍 북천리,115-87,115,87,태우,84.84,202110,15,"9,300",1,1992,북천서로11번길 33,,-,-
강원도 횡성군 횡성읍 북천리,115-87,115,87,태우,84.84,202110,18,"11,500",9,1992,북천서로11번길 33,,-,-
강원도 횡성군 횡성읍 북천리,115-87,115,87,태우,74.47,202110,31,"7,800",2,1992,북천서로11번길 33,,-,-
강원도 횡성군 횡성읍 읍하리,500,500,0,금광포란채,59.98,202110,14,"9,200",2,2001,읍하로25번길 17,,-,-
강원도 횡성군 횡성읍 읍하리,500,500,0,금광포란채,84.69,202110,18,"14,000",5,2001,읍하로25번길 17,,-,-
강원도 횡성군 횡성읍 읍하리,500,500,0,금광포란채,70.59,202110,18,"11,000",1,2001,읍하로25번길 17,,-,-
강원도 횡성군 횡성읍 읍하리,518,518,0,대동황토방,84.96,202110,13,"16,500",4,1998,삼일로 50,,-,-
강원도 횡성군 횡성읍 읍하리,380-6,380,6,섬강,58.86,202110,7,"5,600",5,1992,섬강로 8,,-,-
강원도 횡성군 횡성읍 읍하리,395-2,395,2,횡성원흥(2차),52.95,202110,4,"7,700",6,1995,문화체육로 10,,-,-
강원도 횡성군 횡성읍 읍하리,395-2,395,2,횡성원흥(2차),52.95,202110,18,"7,200",12,1995,문화체육로 10,,-,-
강원도 횡성군 횡성읍 읍하리,395-2,395,2,횡성원흥(2차),52.95,202110,30,"5,800",10,1995,문화체육로 10,,-,-
강원도 횡성군 횡성읍 입석리,161-1,161,1,서도2차,39.97,202110,2,"4,800",7,1998,입석로 34,,-,-
강원도 횡성군 횡성읍 입석리,161-1,161,1,서도2차,39.97,202110,27,"4,500",3,1998,입석로 34,,-,-
경기도 가평군 가평읍 대곡리,230-18,230,18,삼성웰타운아파트,80.827,202110,23,"24,000",7,2019,굴다리길 7-1,,-,-
경기도 가평군 가평읍 대곡리,402-1,402,1,썬힐,84.16,202110,9,"23,200",14,2008,문화로 63,,-,-
경기도 가평군 가평읍 대곡리,402-1,402,1,썬힐,84.16,202110,12,"22,250",4,2008,문화로 63,,-,-
경기도 가평군 가평읍 대곡리,402-1,402,1,썬힐,64.85,202110,13,"18,000",7,2008,문화로 63,,-,-
경기도 가평군 가평읍 대곡리,402-1,402,1,썬힐,84.16,202110,18,"22,700",5,2008,문화로 63,,-,-
경기도 가평군 가평읍 대곡리,402-1,402,1,썬힐,64.85,202110,25,"19,000",11,2008,문화로 63,,-,-
경기도 가평군 가평읍 대곡리,360,360,0,우림필유1단지,84.9,202110,5,"27,000",5,2006,문화로 112,,-,-
경기도 가평군 가평읍 대곡리,360,360,0,우림필유1단지,84.9,202110,9,"27,500",7,2006,문화로 112,,-,-
경기도 가평군 가평읍 대곡리,360,360,0,우림필유1단지,59.959,202110,15,"21,500",14,2006,문화로 112,,-,-
경기도 가평군 가평읍 대곡리,360,360,0,우림필유1단지,59.959,202110,15,"21,500",14,2006,문화로 112,20211103,-,-
경기도 가평군 가평읍 대곡리,360,360,0,우림필유1단지,84.9,202110,23,"27,300",14,2006,문화로 112,,-,-
경기도 가평군 가평읍 대곡리,360,360,0,우림필유1단지,102.23,202110,25,"31,500",1,2006,문화로 112,,-,-
경기도 가평군 가평읍 읍내리,292-7,292,7,에덴,64.08,202110,19,"6,500",1,1991,70,,-,-
경기도 가평군 가평읍 읍내리,771-1,771,1,에이원파란채,115.803,202110,7,"26,700",9,2007,가화로 223,,-,-
경기도 가평군 가평읍 읍내리,592-1,592,1,에코,72.864,202110,13,"15,500",3,2014,중촌로 15-51,,-,-
경기도 가평군 설악면 선촌리,663,663,0,북한강코아루,59.98,202110,13,"22,300",8,2014,자잠로 86,,-,-
경기도 가평군 설악면 선촌리,663,663,0,북한강코아루,59.98,202110,13,"22,300",8,2014,자잠로 86,20211029,-,-
경기도 가평군 청평면 청평리,306,306,0,경남아너스빌,84.8896,202110,1,"23,000",1,2008,골안길 7-28,,-,-
경기도 가평군 청평면 청평리,306,306,0,경남아너스빌,84.8896,202110,9,"29,000",10,2008,골안길 7-28,,-,-
경기도 가평군 청평면 청평리,626-8,626,8,로얄,84.86,202110,22,"14,400",2,2007,구청평로 56,,-,-
경기도 가평군 청평면 청평리,657-1,657,1,이안지안스청평,70.33,202110,4,"25,600",13,2018,구청평로 20,,-,-
경기도 가평군 청평면 청평리,657-1,657,1,이안지안스청평,70.33,202110,6,"22,800",4,2018,구청평로 20,,-,-
경기도 가평군 청평면 청평리,470-37,470,37,청구,84.84,202110,4,"19,250",8,1998,경춘로 807-18,,-,-
경기도 가평군 청평면 청평리,470-37,470,37,청구,84.84,202110,4,"19,250",8,1998,경춘로 807-18,,-,-
경기도 가평군 청평면 청평리,470-37,470,37,청구,84.84,202110,23,"20,000",11,1998,경춘로 807-18,,-,-
경기도 가평군 청평면 청평리,837,837,0,청평삼성쉐르빌,84.3,202110,20,"28,000",9,2012,강변나루로 54,,-,-
경기도 고양덕양구 고양동,454,454,0,고양동우방유쉘아파트,84.93,202110,7,"33,200",23,2007,읍내로 25,,-,-
경기도 고양덕양구 고양동,414-1,414,1,윤창,84.96,202110,2,"24,500",9,1997,동헌로 398-17,,-,-
경기도 고양덕양구 고양동,1121,1121,0,푸른마을10단지,106.4462,202110,20,"53,000",15,2009,푸른마을로120번길 34,,-,-
경기도 고양덕양구 고양동,735,735,0,푸른마을1단지,84.921,202110,2,"45,800",21,2008,푸른마을로 14,,-,-
경기도 고양덕양구 고양동,730,730,0,푸른마을5단지,84.8265,202110,12,"42,000",3,2007,푸른마을로 56,,-,-
경기도 고양덕양구 고양동,724,724,0,푸른마을6단지,59.9768,202110,1,"29,500",5,2007,푸른마을로 55,,-,-
경기도 고양덕양구 고양동,240-6,240,6,현대1,84.36,202110,13,"34,500",17,1997,읍내로 28,,-,-
경기도 고양덕양구 고양동,240-6,240,6,현대1,59.36,202110,18,"26,000",4,1997,읍내로 28,,-,-
경기도 고양덕양구 고양동,240-6,240,6,현대1,84.36,202110,19,"34,600",8,1997,읍내로 28,,-,-
경기도 고양덕양구 관산동,1015,1015,0,더퍼스트프라임,59.894,202110,15,"33,900",16,2014,통일로 760,,-,-
경기도 고양덕양구 관산동,178-57,178,57,새서울,42.84,202110,13,"15,500",5,1983,통일로754번길 16,,-,-
경기도 고양덕양구 관산동,178-57,178,57,새서울,45.72,202110,13,"16,000",1,1983,통일로754번길 16,,-,-
경기도 고양덕양구 관산동,178-57,178,57,새서울,56.7,202110,17,"23,400",5,1983,통일로754번길 16,,-,-
경기도 고양덕양구 관산동,126,126,0,유승(126),59.94,202110,14,"23,000",23,2000,통일로742번길 63,20211028,-,-
경기도 고양덕양구 관산동,126,126,0,유승(126),59.94,202110,14,"23,000",23,2000,통일로742번길 63,,-,-
경기도 고양덕양구 관산동,126,126,0,유승(126),59.94,202110,22,"31,500",9,2000,통일로742번길 63,,-,-
경기도 고양덕양구 관산동,134,134,0,윤창,46.71,202110,16,"13,800",1,1989,통일로742번길 52,,-,-
경기도 고양덕양구 관산동,996,996,0,주공그린빌,59.92,202110,15,"35,000",13,2003,통일로802번길 69,,-,-
경기도 고양덕양구 관산동,996,996,0,주공그린빌,59.92,202110,16,"34,400",4,2003,통일로802번길 69,,-,-
경기도 고양덕양구 관산동,996,996,0,주공그린빌,59.92,202110,20,"33,000",2,2003,통일로802번길 69,,-,-
경기도 고양덕양구 관산동,338-4,338,4,중앙,57.87,202110,20,"19,000",1,1992,통일로780번길 33,,-,-
경기도 고양덕양구 도내동,1107,1107,0,고양원흥동일스위트,84.9832,202110,5,"115,000",16,2018,도래울1로 80,,-,-
경기도 고양덕양구 도내동,1107,1107,0,고양원흥동일스위트,84.9956,202110,11,"109,000",11,2018,도래울1로 80,,-,-
경기도 고양덕양구 도내동,1107,1107,0,고양원흥동일스위트,84.9832,202110,11,"105,000",6,2018,도래울1로 80,,-,-
경기도 고양덕양구 도내동,1107,1107,0,고양원흥동일스위트,84.9832,202110,15,"106,500",9,2018,도래울1로 80,,-,-
경기도 고양덕양구 도내동,1107,1107,0,고양원흥동일스위트,84.9832,202110,26,"103,000",9,2018,도래울1로 80,,-,-
경기도 고양덕양구 도내동,983,983,0,도래울센트럴더포레,84.98,202110,1,"80,300",8,2014,도래울로 85,,-,-
경기도 고양덕양구 도내동,983,983,0,도래울센트럴더포레,84.98,202110,4,"80,000",17,2014,도래울로 85,,-,-
경기도 고양덕양구 도내동,983,983,0,도래울센트럴더포레,84.94,202110,8,"81,000",19,2014,도래울로 85,,-,-
경기도 고양덕양구 도내동,983,983,0,도래울센트럴더포레,84.98,202110,16,"82,000",16,2014,도래울로 85,,-,-
경기도 고양덕양구 도내동,1010,1010,0,엘에이치원흥도래울마을3단지(임대),84.99,202110,2,"76,000",5,2015,도래울로 86,,-,-
경기도 고양덕양구 도내동,1010,1010,0,엘에이치원흥도래울마을3단지(임대),84.99,202110,4,"65,000",11,2015,도래울로 86,,-,-
경기도 고양덕양구 도내동,1010,1010,0,엘에이치원흥도래울마을3단지(임대),84.99,202110,5,"78,500",11,2015,도래울로 86,,-,-
경기도 고양덕양구 도내동,1011,1011,0,엘에이치원흥도래울마을4단지,59.74,202110,2,"69,400",10,2013,도래울3로 33,,-,-
경기도 고양덕양구 도내동,1011,1011,0,엘에이치원흥도래울마을4단지,59.98,202110,2,"69,500",13,2013,도래울3로 33,,-,-
경기도 고양덕양구 도내동,1011,1011,0,엘에이치원흥도래울마을4단지,59.98,202110,2,"69,500",13,2013,도래울3로 33,20211013,-,-
경기도 고양덕양구 도내동,1006,1006,0,원흥호반베르디움더퍼스트5단지,69.6752,202110,18,"90,000",18,2017,도래울로 17,,-,-
경기도 고양덕양구 동산동,344,344,0,A21블럭동산마을21단지호반베르디움,84.9905,202110,3,"87,000",17,2012,동산2로 18,,-,-
경기도 고양덕양구 동산동,365,365,0,동산마을22단지호반베르디움,84.954,202110,4,"70,000",5,2012,세솔로 25,,-,-
경기도 고양덕양구 삼송동,311,311,0,삼송2차아이파크,74.988,202110,15,"85,000",1,2015,세솔로 73,,-,-
경기도 고양덕양구 삼송동,331,331,0,삼송스타클래스,84.98,202110,9,"92,500",12,2014,덕수천1로 59,,-,-
경기도 고양덕양구 성사동,860,860,0,삼성래미안,132.5,202110,11,"91,000",8,2009,호국로 860,,-,-
경기도 고양덕양구 성사동,494-5,494,5,삼화(494-5),42.48,202110,27,"25,000",1,1988,마상로 164,,-,-
경기도 고양덕양구 성사동,730,730,0,신원당(대명),58.68,202110,14,"44,000",7,1993,고양대로1384번길 60,,-,-
경기도 고양덕양구 성사동,727,727,0,신원당(동신1),101.73,202110,15,"65,000",10,1992,호국로 754,,-,-
경기도 고양덕양구 성사동,726,726,0,신원당(삼보),114.33,202110,21,"64,500",12,1992,호국로742번길 53,,-,-
경기도 고양덕양구 성사동,731,731,0,신원당(태영),54.91,202110,9,"37,500",3,1993,호국로742번길 38,,-,-
경기도 고양덕양구 신원동,595,595,0,고양삼송동일스위트파크뷰7(1차),66.0346,202110,5,"73,000",8,2017,신원2로 50,,-,-
경기도 고양덕양구 신원동,661,661,0,삼송10단지동일스위트2차,66.0932,202110,15,"71,000",18,2018,신원1로 70,,-,-
경기도 고양덕양구 신원동,661,661,0,삼송10단지동일스위트2차,66.0932,202110,23,"71,000",21,2018,신원1로 70,,-,-
경기도 고양덕양구 신원동,653,653,0,삼송힐스테이트,74.13,202110,2,"80,000",6,2013,신원로 35,,-,-
경기도 고양덕양구 신원동,113,113,0,신원마을고양삼송아이파크,100.34,202110,8,"86,000",3,2012,신원3로 20,,-,-
경기도 고양덕양구 신원동,113,113,0,신원마을고양삼송아이파크,100.1,202110,17,"87,500",3,2012,신원3로 20,,-,-
경기도 고양덕양구 원흥동,635,635,0,삼송2차원흥역동원로얄듀크비스타,84.9867,202110,11,"76,000",5,2020,권율대로 690,,-,-
경기도 고양덕양구 원흥동,619,619,0,삼송3차아이파크,84.9842,202110,20,"91,000",18,2019,원흥1로 46-12,,-,-
경기도 고양덕양구 원흥동,619,619,0,삼송3차아이파크,84.9842,202110,21,"104,000",23,2019,원흥1로 46-12,,-,-
경기도 고양덕양구 원흥동,630,630,0,삼송원흥역센트럴푸르지오,91.8586,202110,23,"116,000",19,2018,원흥5로 25,,-,-
경기도 고양덕양구 주교동,585-22,585,22,거보플러스(A),41.69,202110,12,"12,300",2,2002,원당로59번길 4-7,,-,-
경기도 고양덕양구 주교동,585-22,585,22,거보플러스(A),35.41,202110,28,"16,000",3,2002,원당로59번길 4-7,,-,-
경기도 고양덕양구 주교동,575-9,575,9,영신(575-9),39.24,202110,21,"14,400",5,1987,마상로 103,,-,-
경기도 고양덕양구 주교동,1633,1633,0,우인아크리움빌,84.5555,202110,13,"50,000",7,2005,마상로57번길 114,,-,-
경기도 고양덕양구 주교동,570,570,0,임창(570),62.895,202110,20,"24,500",5,1987,마상로113번길 37,,-,-
경기도 고양덕양구 토당동,352,352,0,능곡현대홈타운1,84.5579,202110,3,"63,500",1,2002,능곡로 30-12,,-,-
경기도 고양덕양구 토당동,53-44,53,44,능곡현대홈타운2,84.45,202110,3,"68,250",23,2002,능곡로13번길 16,,-,-
경기도 고양덕양구 토당동,347-7,347,7,한강능곡역성원상떼빌2차,84.99,202110,10,"58,500",13,2011,능곡로 11,,-,-
경기도 고양덕양구 행신동,621,621,0,SK뷰1차,84.91,202110,4,"73,500",13,2005,충장로103번길 23,,-,-
경기도 고양덕양구 행신동,702,702,0,무원마을(두산),84.93,202110,16,"69,500",9,1994,소원로 47,,-,-
경기도 고양덕양구 행신동,692,692,0,무원마을(라이프),84.99,202110,2,"59,000",4,1994,무원로 63,,-,-
경기도 고양덕양구 행신동,692,692,0,무원마을(라이프),84.99,202110,11,"57,000",4,1994,무원로 63,,-,-
경기도 고양덕양구 행신동,767,767,0,무원마을5단지,134.07,202110,14,"75,000",13,1995,용현로 10,,-,-
경기도 고양덕양구 행신동,699,699,0,무원마을7단지,84.99,202110,2,"33,000",1,1994,소원로 41,,-,-
경기도 고양덕양구 행신동,973,973,0,샘터마을(동신),101.8,202110,2,"59,800",2,1997,화신로 76,,-,-
경기도 고양덕양구 행신동,983,983,0,샘터마을2,59.56,202110,16,"50,000",13,1996,충장로 118-30,,-,-
경기도 고양덕양구 행신동,983,983,0,샘터마을2,39.99,202110,18,"30,050",15,1996,충장로 118-30,,-,-
경기도 고양덕양구 행신동,983,983,0,샘터마을2,39.99,202110,19,"29,000",15,1996,충장로 118-30,,-,-
경기도 고양덕양구 행신동,1088,1088,0,서정마을5단지,84.81,202110,7,"87,000",10,2008,충경로 156,,-,-
경기도 고양덕양구 행신동,1090,1090,0,서정마을7단지파크하임휴먼시아,120.78,202110,7,"98,000",8,2009,소원로181번길 20,,-,-
경기도 고양덕양구 행신동,1090,1090,0,서정마을7단지파크하임휴먼시아,120.78,202110,11,"96,000",2,2009,소원로181번길 20,,-,-
경기도 고양덕양구 행신동,1090,1090,0,서정마을7단지파크하임휴먼시아,120.78,202110,12,"104,000",3,2009,소원로181번길 20,,-,-
경기도 고양덕양구 행신동,1090,1090,0,서정마을7단지파크하임휴먼시아,130.88,202110,19,"90,000",1,2009,소원로181번길 20,,-,-
경기도 고양덕양구 행신동,1090,1090,0,서정마을7단지파크하임휴먼시아,133.02,202110,20,"119,990",12,2009,소원로181번길 20,,-,-
경기도 고양덕양구 행신동,1090,1090,0,서정마을7단지파크하임휴먼시아,130.88,202110,23,"108,000",11,2009,소원로181번길 20,,-,-
경기도 고양덕양구 행신동,783,783,0,소만마을(대명)7,59.04,202110,2,"46,800",4,1995,화신로 36,,-,-
경기도 고양덕양구 행신동,791,791,0,소만마을(동성),59.4,202110,2,"50,000",6,1994,충경로 135,,-,-
경기도 고양덕양구 행신동,785,785,0,소만마을(성원)6,59.34,202110,2,"45,500",1,1995,소만로 19,,-,-
경기도 고양덕양구 행신동,785,785,0,소만마을(성원)6,49.77,202110,2,"45,000",13,1995,소만로 19,,-,-
경기도 고양덕양구 행신동,785,785,0,소만마을(성원)6,59.34,202110,4,"48,000",2,1995,소원로 157,,-,-
경기도 고양덕양구 행신동,785,785,0,소만마을(성원)6,49.77,202110,11,"41,300",2,1995,소만로 19,,-,-
경기도 고양덕양구 행신동,785,785,0,소만마을(성원)6,49.77,202110,11,"37,500",4,1995,소원로 157,,-,-
경기도 고양덕양구 행신동,785,785,0,소만마을(성원)6,59.34,202110,18,"54,000",5,1995,소원로 157,,-,-
경기도 고양덕양구 행신동,798,798,0,소만마을(신안)2,84.75,202110,7,"59,500",2,1996,충경로 142,,-,-
경기도 고양덕양구 행신동,796,796,0,소만마을1단지,45.48,202110,29,"34,700",3,1995,충경로 149,,-,-
경기도 고양덕양구 행신동,799,799,0,소만마을3단지(늘푸른아파트),39.96,202110,24,"27,000",1,1996,충경로 138,,-,-
경기도 고양덕양구 행신동,793,793,0,소만마을9단지,43.76,202110,9,"38,500",12,1995,소만로 48,,-,-
경기도 고양덕양구 행신동,793,793,0,소만마을9단지,43.76,202110,27,"37,300",3,1995,소만로 48,,-,-
경기도 고양덕양구 행신동,633-67,633,67,윤창아파트총괄동,84.96,202110,16,"51,000",14,1996,충장로103번길 49,,-,-
경기도 고양덕양구 행신동,958,958,0,일신건영아파트(햇빛마을),99.78,202110,4,"73,000",9,1997,화신로 106,,-,-
경기도 고양덕양구 행신동,958,958,0,햇빛마을,164.97,202110,11,"89,500",8,1997,화신로 106,,-,-
경기도 고양덕양구 행신동,903,903,0,햇빛마을19,84.98,202110,6,"59,900",7,1998,성신로 99,,-,-
경기도 고양덕양구 행신동,903,903,0,햇빛마을19,84.94,202110,6,"54,000",14,1998,성신로 99,,-,-
경기도 고양덕양구 행신동,903,903,0,햇빛마을19,84.98,202110,7,"59,000",4,1998,성신로 99,,-,-
경기도 고양덕양구 행신동,903,903,0,햇빛마을19,84.98,202110,27,"59,000",20,1998,성신로 99,,-,-
경기도 고양덕양구 행신동,905,905,0,햇빛마을21단지,134.64,202110,18,"79,000",10,1997,화신로 170,,-,-
경기도 고양덕양구 행신동,934,934,0,햇빛마을주공20,49.96,202110,1,"39,700",10,1997,충장로152번길 39,,-,-
경기도 고양덕양구 행신동,934,934,0,햇빛마을주공20,59.97,202110,5,"42,700",20,1997,충장로152번길 39,,-,-
경기도 고양덕양구 행신동,934,934,0,햇빛마을주공20,59.97,202110,7,"45,000",5,1997,충장로152번길 39,,-,-
경기도 고양덕양구 행신동,934,934,0,햇빛마을주공20,59.97,202110,20,"43,000",15,1997,충장로152번길 39,,-,-
경기도 고양덕양구 행신동,895,895,0,햇빛주공(18-1),65.97,202110,3,"54,800",9,1998,성신로 77,,-,-
경기도 고양덕양구 행신동,895,895,0,햇빛주공(18-1),65.97,202110,4,"53,200",18,1998,성신로 77,,-,-
경기도 고양덕양구 행신동,895,895,0,햇빛주공(18-1),84.9,202110,9,"63,300",15,1998,성신로 77,,-,-
경기도 고양덕양구 행신동,938,938,0,햇빛주공(18-2),84.79,202110,2,"68,700",7,1998,중앙로558번길 57,,-,-
경기도 고양덕양구 행신동,938,938,0,햇빛주공(18-2),84.79,202110,6,"66,500",3,1998,중앙로558번길 57,,-,-
경기도 고양덕양구 행신동,938,938,0,햇빛주공(18-2),65.97,202110,6,"58,500",13,1998,중앙로558번길 57,,-,-
경기도 고양덕양구 행신동,938,938,0,햇빛주공(18-2),65.97,202110,11,"55,500",10,1998,중앙로558번길 57,,-,-
경기도 고양덕양구 행신동,946,946,0,햇빛주공22,49.97,202110,12,"38,000",14,1996,충장로152번길 40,,-,-
경기도 고양덕양구 행신동,946,946,0,햇빛주공22,59.98,202110,13,"43,500",2,1996,충장로152번길 40,,-,-
경기도 고양덕양구 행신동,946,946,0,햇빛주공22,39.99,202110,25,"28,000",7,1996,충장로152번길 40,,-,-
경기도 고양덕양구 행신동,946,946,0,햇빛주공22,49.97,202110,25,"39,900",8,1996,충장로152번길 40,,-,-
경기도 고양덕양구 행신동,953,953,0,햇빛주공23,59.97,202110,6,"48,800",5,1996,화신로 105,,-,-
경기도 고양덕양구 행신동,953,953,0,햇빛주공23,59.93,202110,22,"42,500",1,1996,화신로 105,,-,-
경기도 고양덕양구 행신동,953,953,0,햇빛주공23,59.97,202110,25,"46,500",4,1996,화신로 105,,-,-
경기도 고양덕양구 행신동,953,953,0,햇빛주공23,49.96,202110,28,"38,000",7,1996,화신로 105,,-,-
경기도 고양덕양구 향동동,570,570,0,DMC리슈빌더포레스트,84.9887,202110,5,"104,000",19,2019,향기로 30,,-,-
경기도 고양덕양구 향동동,557,557,0,DMC호반베르디움더포레3단지,70.9637,202110,1,"93,000",17,2019,향기로 25,,-,-
경기도 고양덕양구 향동동,557,557,0,DMC호반베르디움더포레3단지,70.9637,202110,4,"93,400",19,2019,향기로 25,,-,-
경기도 고양덕양구 화정동,851,851,0,달빛(라이프)2,49.95,202110,1,"36,000",15,1996,화중로 222,,-,-
경기도 고양덕양구 화정동,851,851,0,달빛(라이프)2,49.95,202110,2,"37,500",13,1996,화중로 222,,-,-
경기도 고양덕양구 화정동,851,851,0,달빛(라이프)2,49.95,202110,16,"31,500",3,1996,화중로 222,,-,-
경기도 고양덕양구 화정동,851,851,0,달빛(라이프)2,49.95,202110,21,"35,300",7,1996,화중로 222,,-,-
경기도 고양덕양구 화정동,858,858,0,달빛마을(동부),72.27,202110,2,"49,300",10,1995,화중로 219,,-,-
경기도 고양덕양구 화정동,858,858,0,달빛마을(동부),84.9,202110,19,"60,000",5,1995,화중로 219,,-,-
경기도 고양덕양구 화정동,851,851,0,달빛마을(부영)2,50,202110,5,"34,700",18,1996,화중로 222,,-,-
경기도 고양덕양구 화정동,851,851,0,달빛마을(부영)2,50,202110,7,"35,000",14,1996,화중로 222,,-,-
경기도 고양덕양구 화정동,851,851,0,달빛마을(부영)2,50,202110,7,"32,000",2,1996,화중로 222,,-,-
경기도 고양덕양구 화정동,851,851,0,달빛마을(부영)2,50,202110,7,"35,000",4,1996,화중로 222,,-,-
경기도 고양덕양구 화정동,851,851,0,달빛마을(부영)2,59.65,202110,8,"45,900",16,1996,화중로 222,,-,-
경기도 고양덕양구 화정동,851,851,0,달빛마을(부영)2,50,202110,16,"36,000",7,1996,화중로 222,,-,-
경기도 고양덕양구 화정동,851,851,0,달빛마을(부영)2,50,202110,22,"35,500",6,1996,화중로 222,,-,-
경기도 고양덕양구 화정동,951,951,0,별빛마을(건영)10,84.96,202110,9,"74,000",14,1996,화신로 291,,-,-
경기도 고양덕양구 화정동,951,951,0,별빛마을(건영)10,76.86,202110,9,"67,000",5,1996,화신로 291,,-,-
경기도 고양덕양구 화정동,951,951,0,별빛마을(건영)10,76.86,202110,11,"65,500",9,1996,화신로 291,,-,-
경기도 고양덕양구 화정동,951,951,0,별빛마을(건영)10,76.86,202110,15,"67,900",5,1996,화신로 291,,-,-
경기도 고양덕양구 화정동,952,952,0,별빛마을(부영)8(좋은집),50,202110,4,"45,000",9,1995,화신로 298,,-,-
경기도 고양덕양구 화정동,952,952,0,별빛마을(부영)8(좋은집),50,202110,24,"40,000",2,1995,화신로 298,,-,-
경기도 고양덕양구 화정동,953,953,0,별빛마을7단지,84.95,202110,19,"85,500",9,1995,화신로 340,,-,-
경기도 고양덕양구 화정동,948,948,0,별빛마을9단지(901동에서906동),84.93,202110,5,"68,000",4,1995,화신로 311,,-,-
경기도 고양덕양구 화정동,948,948,0,별빛마을9단지(913동에서918동),84.93,202110,14,"72,000",11,1995,화신로 311,,-,-
경기도 고양덕양구 화정동,1127,1127,0,옥빛마을(주공)15,59.97,202110,6,"50,500",2,1997,화신로 233,,-,-
경기도 고양덕양구 화정동,1127,1127,0,옥빛마을(주공)15,59.97,202110,20,"49,700",3,1997,화신로 233,,-,-
경기도 고양덕양구 화정동,1141,1141,0,옥빛마을(주공)16(그린나래),59.97,202110,10,"49,000",20,1996,백양로 15,,-,-
경기도 고양덕양구 화정동,1141,1141,0,옥빛마을(주공)16(그린나래),59.97,202110,16,"44,500",1,1996,백양로 15,,-,-
경기도 고양덕양구 화정동,1135,1135,0,옥빛마을(주공)17(에듀뷰),84.79,202110,1,"67,700",19,1997,백양로 8,,-,-
경기도 고양덕양구 화정동,1135,1135,0,옥빛마을(주공)17(에듀뷰),84.79,202110,3,"69,700",13,1997,백양로 8,,-,-
경기도 고양덕양구 화정동,1135,1135,0,옥빛마을(주공)17(에듀뷰),84.79,202110,16,"69,000",16,1997,백양로 8,,-,-
경기도 고양덕양구 화정동,998,998,0,옥빛마을(풍산),56.88,202110,23,"41,000",16,1996,화신로 233,,-,-
경기도 고양덕양구 화정동,988,988,0,옥빛마을12단지,59.195,202110,15,"61,000",10,1995,백양로 84,,-,-
경기도 고양덕양구 화정동,1004,1004,0,옥빛마을14단지,50,202110,1,"47,200",12,1995,백양로 27,,-,-
경기도 고양덕양구 화정동,1004,1004,0,옥빛마을14단지,60,202110,2,"50,000",15,1995,백양로 27,,-,-
경기도 고양덕양구 화정동,1004,1004,0,옥빛마을14단지,60,202110,4,"59,800",17,1995,백양로 27,,-,-
경기도 고양덕양구 화정동,1004,1004,0,옥빛마을14단지,50,202110,17,"43,900",14,1995,백양로 27,,-,-
경기도 고양덕양구 화정동,870,870,0,은빛(미도파)5,99.93,202110,8,"66,300",2,1995,화중로 164,,-,-
경기도 고양덕양구 화정동,870,870,0,은빛마을(신성)5,99.93,202110,2,"67,900",6,1995,화중로 164,,-,-
경기도 고양덕양구 화정동,961,961,0,은빛마을11단지,60,202110,16,"59,000",5,1996,백양로 126,,-,-
경기도 고양덕양구 화정동,961,961,0,은빛마을11단지,50,202110,28,"45,000",7,1996,백양로 126,,-,-
경기도 고양덕양구 화정동,870,870,0,은빛삼익주택(5),134.83,202110,2,"67,500",1,1995,화중로 164,,-,-
경기도 고양일산동구 마두동,757,757,0,강촌마을(동아),84.87,202110,2,"65,000",4,1992,강송로 196,,-,-
경기도 고양일산동구 마두동,757,757,0,강촌마을(동아),84.96,202110,12,"80,000",12,1992,강송로 196,,-,-
경기도 고양일산동구 마두동,757,757,0,강촌마을(동아),84.87,202110,28,"74,800",9,1992,강송로 196,,-,-
경기도 고양일산동구 마두동,789,789,0,강촌마을(라이프),84.93,202110,13,"69,500",1,1992,강석로 110,,-,-
경기도 고양일산동구 마두동,787,787,0,강촌마을(미도파),134.67,202110,6,"94,500",13,1993,강송로 153,,-,-
경기도 고양일산동구 마두동,794,794,0,강촌마을(우방),134.99,202110,4,"98,000",11,1993,강송로 195,,-,-
경기도 고양일산동구 마두동,787,787,0,강촌마을(진흥),101.88,202110,7,"80,000",11,1992,강송로 153,,-,-
경기도 고양일산동구 마두동,783,783,0,강촌마을(한신),134.803,202110,4,"91,000",5,1993,강송로 156,,-,-
경기도 고양일산동구 마두동,806,806,0,"강촌마을,상가(주상복합)",35.1,202110,8,"25,500",17,1998,중앙로 1130,,-,-
경기도 고양일산동구 마두동,739,739,0,백마마을(극동),101.91,202110,2,"81,000",9,1992,일산로 205,,-,-
경기도 고양일산동구 마두동,739,739,0,백마마을(극동),132.8,202110,4,"100,000",2,1992,일산로 205,,-,-
경기도 고양일산동구 마두동,739,739,0,백마마을(극동),132.8,202110,4,"100,000",10,1992,일산로 205,,-,-
경기도 고양일산동구 마두동,732,732,0,백마마을(금호),41.85,202110,11,"32,000",11,1995,일산로 206,,-,-
경기도 고양일산동구 마두동,732,732,0,백마마을(금호),41.85,202110,31,"29,500",11,1995,일산로 206,,-,-
경기도 고양일산동구 마두동,719,719,0,백마마을(벽산),101.88,202110,5,"78,000",15,1994,일산로 242,,-,-
경기도 고양일산동구 마두동,717,717,0,백마마을(쌍용),50.16,202110,7,"43,000",2,1994,경의로 333,,-,-
경기도 고양일산동구 마두동,717,717,0,백마마을(쌍용),70.43,202110,14,"64,000",12,1994,경의로 333,,-,-
경기도 고양일산동구 마두동,732,732,0,백마마을(한양),84.945,202110,5,"73,000",5,1995,일산로 206,,-,-
경기도 고양일산동구 마두동,732,732,0,백마마을(한양),41.13,202110,24,"29,300",9,1995,일산로 206,,-,-
경기도 고양일산동구 백석동,1186,1186,0,백송마을(대림),58.74,202110,2,"49,800",8,1993,백석로 119,,-,-
경기도 고양일산동구 백석동,1186,1186,0,백송마을(대림),48.91,202110,9,"26,500",6,1993,백석로 119,,-,-
경기도 고양일산동구 백석동,1186,1186,0,백송마을(대림),58.74,202110,9,"45,500",10,1993,백석로 119,,-,-
경기도 고양일산동구 백석동,1186,1186,0,백송마을(대림),58.74,202110,9,"45,500",2,1993,백석로 119,,-,-
경기도 고양일산동구 백석동,1186,1186,0,백송마을(대림),58.74,202110,22,"50,300",5,1993,백석로 119,,-,-
경기도 고양일산동구 백석동,1135,1135,0,백송마을(대우),58.626,202110,15,"36,200",8,1994,강촌로 192,,-,-
경기도 고양일산동구 백석동,1135,1135,0,백송마을(벽산),84.768,202110,6,"61,000",15,1994,강촌로 192,,-,-
경기도 고양일산동구 백석동,1135,1135,0,백송마을(벽산),58.626,202110,14,"38,000",5,1994,강촌로 192,,-,-
경기도 고양일산동구 백석동,1187,1187,0,백송마을(삼부),84.99,202110,7,"60,000",5,1993,강촌로 146,,-,-
경기도 고양일산동구 백석동,1187,1187,0,백송마을(삼부),84.99,202110,16,"56,750",4,1993,강촌로 146,,-,-
경기도 고양일산동구 백석동,1190,1190,0,백송마을(삼호),59.99,202110,2,"44,500",3,1992,강촌로 114,,-,-
경기도 고양일산동구 백석동,1190,1190,0,백송마을(삼호),84.69,202110,12,"54,200",5,1992,강촌로 114,,-,-
경기도 고양일산동구 백석동,1190,1190,0,백송마을(삼호),84.69,202110,19,"59,800",4,1992,강촌로 114,,-,-
경기도 고양일산동구 백석동,1183,1183,0,백송마을(우성),52.92,202110,5,"39,400",7,1992,백석로 109,,-,-
경기도 고양일산동구 백석동,1183,1183,0,백송마을(우성),52.92,202110,16,"39,300",9,1992,백석로 109,,-,-
경기도 고양일산동구 백석동,1136,1136,0,백송마을(임광),59.34,202110,20,"36,500",13,1994,백석로 175,,-,-
경기도 고양일산동구 백석동,1190,1190,0,백송마을(풍림),59.88,202110,10,"48,000",8,1992,강촌로 114,,-,-
경기도 고양일산동구 백석동,1190,1190,0,백송마을(풍림),84.83,202110,16,"63,300",13,1992,강촌로 114,,-,-
경기도 고양일산동구 백석동,1190,1190,0,백송마을(풍림),84.83,202110,16,"57,700",1,1992,강촌로 114,,-,-
경기도 고양일산동구 백석동,1183,1183,0,백송마을(한신),39.935,202110,16,"29,000",4,1992,백석로 109,,-,-
경기도 고양일산동구 백석동,1237,1237,0,일산요진와이시티,84.49,202110,4,"120,000",31,2016,강송로 33,,-,-
경기도 고양일산동구 백석동,1237,1237,0,일산요진와이시티,84.31,202110,7,"125,000",44,2016,강송로 33,,-,-
경기도 고양일산동구 백석동,1237,1237,0,일산요진와이시티,59.89,202110,7,"86,000",21,2016,강송로 33,,-,-
경기도 고양일산동구 백석동,1237,1237,0,일산요진와이시티,59.89,202110,8,"78,500",14,2016,강송로 33,,-,-
경기도 고양일산동구 백석동,1237,1237,0,일산요진와이시티,84.49,202110,8,"110,000",41,2016,강송로 33,,-,-
경기도 고양일산동구 백석동,1237,1237,0,일산요진와이시티,59.92,202110,9,"89,000",15,2016,강송로 33,,-,-
경기도 고양일산동구 백석동,1237,1237,0,일산요진와이시티,103.82,202110,13,"139,000",55,2016,강송로 33,,-,-
경기도 고양일산동구 백석동,1237,1237,0,일산요진와이시티,84.49,202110,22,"124,500",42,2016,강송로 33,,-,-
경기도 고양일산동구 백석동,1349,1349,0,흰돌마을(한진),84.69,202110,1,"30,000",1,1994,백석로 26,,-,-
경기도 고양일산동구 백석동,1349,1349,0,흰돌마을(한진),84.69,202110,6,"73,000",13,1994,백석로 26,,-,-
경기도 고양일산동구 사리현동,466-1,466,1,현대그린,38.52,202110,11,"7,900",4,1989,성현로 508,,-,-
경기도 고양일산동구 사리현동,466-1,466,1,현대그린,38.52,202110,13,"7,800",4,1989,성현로 508,,-,-
경기도 고양일산동구 식사동,1474,1474,0,SKVIEW,121.5279,202110,15,"65,000",4,2003,은행마을로 100,,-,-
경기도 고양일산동구 식사동,1510,1510,0,위시티블루밍3단지,145.4,202110,3,"89,500",17,2010,위시티4로 79,,-,-
경기도 고양일산동구 식사동,1510,1510,0,위시티블루밍3단지,122.83,202110,15,"83,000",5,2010,위시티4로 79,,-,-
경기도 고양일산동구 식사동,1510,1510,0,위시티블루밍3단지,145.4,202110,16,"87,000",17,2010,위시티4로 79,,-,-
경기도 고양일산동구 식사동,1510,1510,0,위시티블루밍3단지,122.83,202110,25,"86,500",13,2010,위시티4로 79,,-,-
경기도 고양일산동구 식사동,1510,1510,0,위시티블루밍3단지,101.94,202110,25,"75,000",21,2010,위시티4로 79,,-,-
경기도 고양일산동구 식사동,1565,1565,0,위시티블루밍5단지,101.9,202110,12,"82,000",7,2010,위시티1로 7,,-,-
경기도 고양일산동구 식사동,1487,1487,0,위시티일산자이1단지,137.1394,202110,18,"83,000",14,2010,위시티4로 80,,-,-
경기도 고양일산동구 식사동,1487,1487,0,위시티일산자이1단지,84.7861,202110,31,"73,500",11,2010,위시티4로 80,,-,-
경기도 고양일산동구 식사동,1498,1498,0,위시티일산자이2단지,130.0652,202110,2,"88,500",6,2010,위시티4로 46,,-,-
경기도 고양일산동구 식사동,1498,1498,0,위시티일산자이2단지,123.2561,202110,15,"90,500",25,2010,위시티4로 46,,-,-
경기도 고양일산동구 식사동,1498,1498,0,위시티일산자이2단지,162.7081,202110,20,"107,500",16,2010,위시티4로 46,,-,-
경기도 고양일산동구 식사동,1498,1498,0,위시티일산자이2단지,162.7081,202110,21,"109,700",13,2010,위시티4로 46,,-,-
경기도 고양일산동구 식사동,1498,1498,0,위시티일산자이2단지,115.6564,202110,23,"86,500",12,2010,위시티4로 46,,-,-
경기도 고양일산동구 식사동,1504,1504,0,위시티일산자이4단지,162.7081,202110,11,"136,500",25,2010,위시티4로 45,,-,-
경기도 고양일산동구 식사동,1504,1504,0,위시티일산자이4단지,134.7996,202110,21,"96,000",13,2010,위시티4로 45,,-,-
경기도 고양일산동구 식사동,1529,1529,0,위시티일산자이주상복합,142.49,202110,4,"88,000",12,2010,위시티2로11번길 45,,-,-
경기도 고양일산동구 식사동,910,910,0,은행마을2(동문),84.3316,202110,1,"50,900",10,2002,은행마을로 62,,-,-
경기도 고양일산동구 식사동,910,910,0,은행마을2(동문),84.3316,202110,14,"42,800",1,2002,은행마을로 62,,-,-
경기도 고양일산동구 식사동,910,910,0,은행마을2(동문),128.5756,202110,15,"59,000",14,2002,은행마을로 62,,-,-
경기도 고양일산동구 장항동,1753,1753,0,킨텍스원시티1블럭,84.5043,202110,16,"170,000",44,2019,태극로 8,,-,-
경기도 고양일산동구 장항동,902,902,0,호수마을(대우),84.962,202110,13,"53,000",18,1996,중앙로 1129,,-,-
경기도 고양일산동구 장항동,877,877,0,호수마을(유원),132.33,202110,4,"82,000",1,1994,노루목로 80,,-,-
경기도 고양일산동구 장항동,883,883,0,호수마을(청구),67.735,202110,7,"65,000",11,1994,노루목로 99,,-,-
경기도 고양일산동구 장항동,883,883,0,호수마을(청구),67.735,202110,10,"64,700",12,1994,노루목로 99,,-,-
경기도 고양일산동구 장항동,883,883,0,호수마을(청구),67.735,202110,13,"58,000",1,1994,노루목로 99,,-,-
경기도 고양일산동구 장항동,881,881,0,호수마을(현대),70.14,202110,9,"62,700",5,1994,노루목로 100,,-,-
경기도 고양일산동구 장항동,881,881,0,호수마을(현대),59.925,202110,27,"53,000",9,1994,노루목로 100,,-,-
경기도 고양일산동구 장항동,1784,1784,0,힐스테이트킨텍스레이크뷰,84.2511,202110,9,"125,000",22,2019,연리지로 50,,-,-
경기도 고양일산동구 장항동,1784,1784,0,힐스테이트킨텍스레이크뷰,104.3478,202110,18,"170,000",12,2019,연리지로 50,,-,-
경기도 고양일산동구 중산동,1656,1656,0,산들마을1(대림),147.1973,202110,2,"59,400",11,2004,중산로 160-10,,-,-
경기도 고양일산동구 중산동,1656,1656,0,산들마을1(대림),115.2217,202110,9,"51,000",1,2004,중산로 160-10,,-,-
경기도 고양일산동구 중산동,1651,1651,0,산들마을2(대림),84.94,202110,1,"52,000",15,2002,고봉로278번길 17,,-,-
경기도 고양일산동구 중산동,1651,1651,0,산들마을2(대림),134.926,202110,14,"64,500",21,2002,고봉로278번길 17,,-,-
경기도 고양일산동구 중산동,1841,1841,0,일산센트럴아이파크,84.9854,202110,2,"81,250",14,2018,중산로 70,,-,-
경기도 고양일산동구 중산동,1841,1841,0,일산센트럴아이파크,59.9703,202110,8,"65,000",2,2018,중산로 70,,-,-
경기도 고양일산동구 중산동,1841,1841,0,일산센트럴아이파크,98.1939,202110,10,"87,000",16,2018,중산로 70,,-,-
경기도 고양일산동구 중산동,1841,1841,0,일산센트럴아이파크,98.1939,202110,10,"89,600",19,2018,중산로 70,,-,-
경기도 고양일산동구 중산동,1841,1841,0,일산센트럴아이파크,84.9854,202110,11,"84,500",24,2018,중산로 70,,-,-
경기도 고양일산동구 중산동,1841,1841,0,일산센트럴아이파크,84.9742,202110,12,"80,000",12,2018,중산로 70,,-,-
경기도 고양일산동구 중산동,1841,1841,0,일산센트럴아이파크,84.9854,202110,15,"84,700",14,2018,중산로 70,,-,-
경기도 고양일산동구 중산동,1841,1841,0,일산센트럴아이파크,98.1939,202110,30,"85,000",19,2018,중산로 70,,-,-
경기도 고양일산동구 중산동,1575-4,1575,4,중산마을11(현대),84.36,202110,6,"47,150",12,1995,탄중로 385,,-,-
경기도 고양일산동구 중산동,1575-4,1575,4,중산마을11(현대),84.36,202110,11,"46,500",5,1995,탄중로 385,,-,-
경기도 고양일산동구 중산동,1575-4,1575,4,중산마을11(현대),84.36,202110,14,"47,000",5,1995,탄중로 385,,-,-
경기도 고양일산동구 중산동,1575-4,1575,4,중산마을11(현대),74.52,202110,18,"38,500",6,1995,탄중로 385,,-,-
경기도 고양일산동구 중산동,1555,1555,0,중산마을1단지(두산),59.97,202110,8,"31,000",11,1995,고봉로 424,,-,-
경기도 고양일산동구 중산동,1555,1555,0,중산마을1단지(두산),59.97,202110,9,"32,000",6,1995,고봉로 424,,-,-
경기도 고양일산동구 중산동,1555,1555,0,중산마을1단지(두산),59.97,202110,11,"32,000",6,1995,고봉로 424,,-,-
경기도 고양일산동구 중산동,1555,1555,0,중산마을1단지(두산),37.35,202110,11,"21,500",12,1995,고봉로 424,,-,-
경기도 고양일산동구 중산동,1555,1555,0,중산마을1단지(두산),59.97,202110,15,"31,000",2,1995,고봉로 424,,-,-
경기도 고양일산동구 중산동,1556,1556,0,중산마을2(코오롱),49.77,202110,1,"23,000",11,1995,고봉로 422,,-,-
경기도 고양일산동구 중산동,1556,1556,0,중산마을2(코오롱),49.98,202110,4,"25,000",6,1995,고봉로 422,,-,-
경기도 고양일산동구 중산동,1556,1556,0,중산마을2(코오롱),49.77,202110,5,"29,900",11,1995,고봉로 422,,-,-
경기도 고양일산동구 중산동,1556,1556,0,중산마을2(코오롱),49.98,202110,8,"29,500",7,1995,고봉로 422,,-,-
경기도 고양일산동구 중산동,1556,1556,0,중산마을2(코오롱),59.93,202110,23,"29,500",1,1995,고봉로 422,,-,-
경기도 고양일산동구 중산동,1554-2,1554,2,중산마을3단지(일신),59.845,202110,13,"33,000",4,1995,중산로 260,,-,-
경기도 고양일산동구 중산동,1554-2,1554,2,중산마을3단지(일신),59.84,202110,26,"33,000",9,1995,중산로 260,,-,-
경기도 고양일산동구 중산동,1574,1574,0,중산마을8(대우),134.97,202110,5,"53,500",11,1995,탄중로 398,,-,-
경기도 고양일산동구 중산동,1574,1574,0,중산마을8(삼성),134.97,202110,1,"53,250",12,1995,탄중로 398,,-,-
경기도 고양일산동구 중산동,1566-2,1566,2,중산마을9(두산/한성),134.06,202110,6,"50,000",5,1996,탄중로 416,,-,-
경기도 고양일산동구 중산동,1566-2,1566,2,중산마을9(두산/한성),134.06,202110,18,"50,000",2,1996,탄중로 416,,-,-
경기도 고양일산동구 중산동,1566-2,1566,2,중산마을9(두산/한성),134.06,202110,28,"42,000",1,1996,탄중로 416,,-,-
경기도 고양일산동구 중산동,1700,1700,0,하늘마을2단지,84.65,202110,2,"50,000",8,2007,하늘마을로 94,,-,-
경기도 고양일산동구 중산동,1700,1700,0,하늘마을2단지,84.72,202110,8,"51,400",8,2007,하늘마을로 94,,-,-
경기도 고양일산동구 중산동,1800,1800,0,하늘마을5단지,84.67,202110,5,"63,000",18,2007,하늘마을1로 25,,-,-
경기도 고양일산동구 중산동,1800,1800,0,하늘마을5단지,75.94,202110,11,"52,500",12,2007,하늘마을1로 25,,-,-
경기도 고양일산동구 중산동,1717,1717,0,하늘마을6단지휴먼시아,135.58,202110,7,"75,000",10,2010,하늘마을로 76,,-,-
경기도 고양일산동구 중산동,1717,1717,0,하늘마을6단지휴먼시아,135.5,202110,11,"72,000",11,2010,하늘마을로 76,,-,-
경기도 고양일산동구 풍동,417-2,417,2,백마역중앙하이츠빌,84.6872,202110,8,"51,000",10,2001,고일로 171,,-,-
경기도 고양일산동구 풍동,551-1,551,1,성원타운3,84.98,202110,12,"46,000",11,2000,고풍로 72-11,,-,-
경기도 고양일산동구 풍동,1286,1286,0,숲속마을2단지,84.88,202110,2,"63,000",17,2006,숲속마을1로 55,,-,-
경기도 고양일산동구 풍동,1286,1286,0,숲속마을2단지,84.88,202110,2,"63,700",16,2006,숲속마을1로 55,,-,-
경기도 고양일산동구 풍동,1283,1283,0,숲속마을3단지(뜨란채),84.71,202110,1,"58,900",16,2006,숲속마을로 65,,-,-
경기도 고양일산동구 풍동,1267,1267,0,숲속마을5단지(I-PARK),101.34,202110,4,"72,500",16,2006,숲속마을1로 87,,-,-
경기도 고양일산동구 풍동,174,174,0,은행마을1(동문),72.6283,202110,1,"45,700",15,2002,은행마을로 16,,-,-
경기도 고양일산동구 풍동,174,174,0,은행마을1(동문),84.4459,202110,20,"42,000",5,2002,은행마을로 16,,-,-
경기도 고양일산동구 풍동,1222,1222,0,일산풍동5차성원상떼빌,59.78,202110,1,"40,700",11,2003,고풍로 72-41,,-,-
경기도 고양일산서구 가좌동,1090,1090,0,가좌마을1단지양우,84.6399,202110,8,"42,500",10,2005,가좌4로 29,,-,-
경기도 고양일산서구 가좌동,1090,1090,0,가좌마을1단지양우,84.6399,202110,22,"40,500",3,2005,가좌4로 29,,-,-
경기도 고양일산서구 가좌동,1089,1089,0,가좌마을2단지대우,84.8972,202110,5,"41,300",16,2005,가좌3로 45,,-,-
경기도 고양일산서구 가좌동,1089,1089,0,가좌마을2단지대우,138.5773,202110,5,"56,000",3,2005,가좌3로 45,,-,-
경기도 고양일산서구 가좌동,1089,1089,0,가좌마을2단지대우,84.8566,202110,6,"42,200",11,2005,가좌3로 45,,-,-
경기도 고양일산서구 가좌동,1089,1089,0,가좌마을2단지대우,84.8566,202110,6,"44,000",18,2005,가좌3로 45,,-,-
경기도 고양일산서구 가좌동,1089,1089,0,가좌마을2단지대우,84.8566,202110,9,"41,500",12,2005,가좌3로 45,,-,-
경기도 고양일산서구 가좌동,1089,1089,0,가좌마을2단지대우,84.8566,202110,10,"41,800",3,2005,가좌3로 45,,-,-
경기도 고양일산서구 가좌동,1089,1089,0,가좌마을2단지대우,84.8566,202110,10,"43,000",20,2005,가좌3로 45,,-,-
경기도 고양일산서구 가좌동,1089,1089,0,가좌마을2단지대우,84.8566,202110,11,"45,000",18,2005,가좌3로 45,,-,-
경기도 고양일산서구 가좌동,1089,1089,0,가좌마을2단지대우,84.8566,202110,13,"41,500",3,2005,가좌3로 45,,-,-
경기도 고양일산서구 가좌동,1089,1089,0,가좌마을2단지대우,84.8566,202110,15,"42,000",10,2005,가좌3로 45,,-,-
경기도 고양일산서구 가좌동,1089,1089,0,가좌마을2단지대우,73.8599,202110,29,"37,200",9,2005,가좌3로 45,,-,-
경기도 고양일산서구 가좌동,1087,1087,0,가좌마을5단지벽산,59.906,202110,1,"32,000",4,2005,가좌1로 10,,-,-
경기도 고양일산서구 가좌동,1087,1087,0,가좌마을5단지벽산,84.997,202110,4,"37,500",8,2005,가좌1로 10,,-,-
경기도 고양일산서구 가좌동,1087,1087,0,가좌마을5단지벽산,59.906,202110,7,"35,000",17,2005,가좌1로 10,,-,-
경기도 고양일산서구 가좌동,1087,1087,0,가좌마을5단지벽산,84.997,202110,11,"45,000",11,2005,가좌1로 10,,-,-
경기도 고양일산서구 가좌동,1086,1086,0,가좌마을6단지벽산,101.982,202110,2,"57,000",14,2005,가좌2로 22,,-,-
경기도 고양일산서구 가좌동,1086,1086,0,가좌마을6단지벽산,84.997,202110,3,"44,500",17,2005,가좌2로 22,,-,-
경기도 고양일산서구 가좌동,1086,1086,0,가좌마을6단지벽산,101.982,202110,3,"46,000",12,2005,가좌2로 22,,-,-
경기도 고양일산서구 가좌동,1105,1105,0,가좌마을7단지꿈에그린,59.997,202110,5,"41,500",4,2010,송포로 207,,-,-
경기도 고양일산서구 가좌동,1105,1105,0,가좌마을7단지꿈에그린,59.997,202110,6,"41,000",1,2010,송포로 207,,-,-
경기도 고양일산서구 가좌동,1105,1105,0,가좌마을7단지꿈에그린,101.9924,202110,14,"59,000",4,2010,송포로 207,,-,-
경기도 고양일산서구 가좌동,1105,1105,0,가좌마을7단지꿈에그린,134.9985,202110,20,"75,000",13,2010,송포로 207,,-,-
경기도 고양일산서구 가좌동,1088,1088,0,청원벽산블루밍3단지,117.68,202110,2,"53,000",6,2002,가좌2로 53,,-,-
경기도 고양일산서구 가좌동,1088,1088,0,청원벽산블루밍3단지,117.68,202110,2,"50,500",9,2002,가좌2로 53,,-,-
경기도 고양일산서구 가좌동,1088,1088,0,청원벽산블루밍3단지,74.58,202110,11,"39,200",14,2002,가좌2로 53,,-,-
경기도 고양일산서구 가좌동,1088,1088,0,청원벽산블루밍3단지,84.92,202110,14,"42,800",1,2002,가좌2로 53,,-,-
경기도 고양일산서구 대화동,2573,2573,0,대화마을동문(3단지),84.454,202110,11,"56,000",17,2002,대화1로 51,,-,-
경기도 고양일산서구 대화동,2212,2212,0,성저마을(동익1단지),59.05,202110,1,"50,000",5,1995,대산로 249,,-,-
경기도 고양일산서구 대화동,2212,2212,0,성저마을(동익1단지),59.05,202110,1,"52,000",10,1995,대산로 249,,-,-
경기도 고양일산서구 대화동,2212,2212,0,성저마을(동익1단지),84.88,202110,8,"64,800",4,1995,대산로 249,,-,-
경기도 고양일산서구 대화동,2215,2215,0,성저마을(풍림),83.7,202110,4,"65,000",15,1996,강성로 270,,-,-
경기도 고양일산서구 대화동,2215,2215,0,성저마을(풍림),45.36,202110,9,"40,000",15,1996,강성로 270,,-,-
경기도 고양일산서구 대화동,2209,2209,0,세경,49.68,202110,12,"37,000",11,2000,강성로 256,,-,-
경기도 고양일산서구 대화동,2579,2579,0,양우파크타운,84.2266,202110,2,"57,000",7,2003,대화1로 70,,-,-
경기도 고양일산서구 대화동,2579,2579,0,양우파크타운,84.2266,202110,2,"62,000",13,2003,대화1로 70,,-,-
경기도 고양일산서구 대화동,2579,2579,0,양우파크타운,59.8482,202110,12,"47,000",15,2003,대화1로 70,,-,-
경기도 고양일산서구 대화동,2579,2579,0,양우파크타운,84.2266,202110,16,"59,800",13,2003,대화1로 70,,-,-
경기도 고양일산서구 대화동,2236,2236,0,장성마을(대명2),61.56,202110,29,"56,000",11,1995,일산로 790,,-,-
경기도 고양일산서구 대화동,2580,2580,0,킨텍스아이파크,84.8713,202110,20,"48,000",6,2003,고양대로255번길 46,,-,-
경기도 고양일산서구 대화동,2570,2570,0,휴먼빌(6단지),84.2865,202110,2,"51,000",5,2003,대화2로 121,,-,-
경기도 고양일산서구 대화동,2570,2570,0,휴먼빌(6단지),84.2865,202110,16,"50,000",1,2003,대화2로 121,,-,-
경기도 고양일산서구 덕이동,1037,1037,0,동문2,72.1281,202110,29,"30,500",4,2002,덕산로 282,,-,-
경기도 고양일산서구 덕이동,676-1,676,1,동문굿모닝힐3,84.2747,202110,19,"25,000",4,2003,장자길118번길 27,,-,-
경기도 고양일산서구 덕이동,676-1,676,1,동문굿모닝힐3,84.2747,202110,23,"38,000",13,2003,장자길118번길 27,,-,-
경기도 고양일산서구 덕이동,277-10,277,10,철산,43.29,202110,1,"20,000",4,1989,경의로 867,,-,-
경기도 고양일산서구 덕이동,277-10,277,10,철산,36.21,202110,4,"16,500",5,1989,경의로 867,,-,-
경기도 고양일산서구 덕이동,277-10,277,10,철산,36.21,202110,12,"17,500",2,1989,경의로 867,,-,-
경기도 고양일산서구 덕이동,277-10,277,10,철산,36.21,202110,16,"17,500",3,1989,경의로 867,,-,-
경기도 고양일산서구 덕이동,277-10,277,10,철산,36.21,202110,24,"18,800",3,1989,경의로 867,,-,-
경기도 고양일산서구 덕이동,1521,1521,0,태영,84.79,202110,13,"43,000",7,2003,탄중로101번길 36,,-,-
경기도 고양일산서구 덕이동,1540,1540,0,하이파크시티일산아이파크5단지,124.8758,202110,2,"73,500",17,2011,하이파크3로 62,,-,-
경기도 고양일산서구 덕이동,1540,1540,0,하이파크시티일산아이파크5단지,84.9691,202110,13,"68,300",19,2011,하이파크3로 62,,-,-
경기도 고양일산서구 덕이동,1529,1529,0,하이파크시티일산파밀리에2단지,146.51,202110,25,"71,000",4,2011,하이파크3로 111,,-,-
경기도 고양일산서구 덕이동,1534,1534,0,하이파크시티일산파밀리에3단지,129.79,202110,5,"72,000",8,2011,하이파크2로59번길 7,,-,-
경기도 고양일산서구 덕이동,1534,1534,0,하이파크시티일산파밀리에3단지,129.79,202110,8,"76,000",5,2011,하이파크2로59번길 7,,-,-
경기도 고양일산서구 덕이동,1535,1535,0,하이파크시티일산파밀리에4단지,129.79,202110,2,"76,500",19,2011,하이파크3로 61,,-,-
경기도 고양일산서구 덕이동,1535,1535,0,하이파크시티일산파밀리에4단지,101.93,202110,2,"74,500",13,2011,하이파크3로 61,,-,-
경기도 고양일산서구 덕이동,1535,1535,0,하이파크시티일산파밀리에4단지,121.45,202110,7,"73,500",22,2011,하이파크3로 61,,-,-
경기도 고양일산서구 덕이동,1535,1535,0,하이파크시티일산파밀리에4단지,121.45,202110,8,"76,700",12,2011,하이파크3로 61,,-,-
경기도 고양일산서구 덕이동,1535,1535,0,하이파크시티일산파밀리에4단지,101.93,202110,14,"74,500",25,2011,하이파크3로 61,,-,-
경기도 고양일산서구 덕이동,1535,1535,0,하이파크시티일산파밀리에4단지,101.93,202110,22,"69,000",13,2011,하이파크3로 61,,-,-
경기도 고양일산서구 일산동,1998,1998,0,미주8,84.42,202110,5,"27,000",2,1991,산현로92번길 42,,-,-
경기도 고양일산서구 일산동,1654,1654,0,산들마을3단지,116.707,202110,7,"63,000",10,2003,고양대로 724-17,,-,-
경기도 고양일산서구 일산동,1670,1670,0,산들마을5단지,84.8617,202110,5,"55,300",11,2004,일중로 30,,-,-
경기도 고양일산서구 일산동,587-1,587,1,삼남,54.99,202110,6,"20,200",5,1986,일중로 107,,-,-
경기도 고양일산서구 일산동,2125,2125,0,신원1,84.961,202110,25,"37,200",2,2002,일현로 8,,-,-
경기도 고양일산서구 일산동,2041,2041,0,에이스10차,84.87,202110,4,"38,000",9,1996,탄중로 518,,-,-
경기도 고양일산서구 일산동,2041,2041,0,에이스10차,120.93,202110,4,"48,000",9,1996,탄중로 518,,-,-
경기도 고양일산서구 일산동,2019,2019,0,에이스11차,84.87,202110,21,"34,000",15,1996,탄중로 523,,-,-
경기도 고양일산서구 일산동,645,645,0,일산1차현대홈타운,84.9736,202110,2,"51,500",21,2001,고양대로 685,,-,-
경기도 고양일산서구 일산동,651-1,651,1,일산2차현대홈타운,55.74,202110,16,"44,400",22,2002,고양대로 706-12,,-,-
경기도 고양일산서구 일산동,600,600,0,일산3차현대홈타운,80.243,202110,27,"49,750",15,2002,일청로 45,,-,-
경기도 고양일산서구 일산동,960-6,960,6,일산동문(2),58.988,202110,5,"38,800",15,1997,고양대로 620,,-,-
경기도 고양일산서구 일산동,955-2,955,2,일산동양(955-2),59.938,202110,6,"45,000",17,2004,고양대로 633,,-,-
경기도 고양일산서구 일산동,955-2,955,2,일산동양(955-2),84.972,202110,21,"58,800",3,2004,고양대로 633,,-,-
경기도 고양일산서구 일산동,576-20,576,20,일산메가씨티,29.925,202110,27,"8,300",3,2003,원일로 117,,-,-
경기도 고양일산서구 일산동,1876,1876,0,일산삼성,59.958,202110,26,"29,000",16,2000,고봉로 351-17,,-,-
경기도 고양일산서구 일산동,583-66,583,66,일산에이스(9차),84.83,202110,26,"34,000",11,1994,고봉로329번길 5,,-,-
경기도 고양일산서구 일산동,1687,1687,0,일신건영2차,84.9279,202110,4,"48,500",6,2007,원일로21번길 21,,-,-
경기도 고양일산서구 일산동,1655,1655,0,일신휴먼빌(1655),70.983,202110,7,"42,900",14,2003,원일로21번길 22,,-,-
경기도 고양일산서구 일산동,1655,1655,0,일신휴먼빌(1655),84.988,202110,26,"49,000",9,2003,원일로21번길 22,,-,-
경기도 고양일산서구 일산동,1997,1997,0,주은1,59.58,202110,6,"29,900",8,1999,산현로92번길 20,,-,-
경기도 고양일산서구 일산동,1997,1997,0,주은1,79.54,202110,8,"33,000",13,1999,산현로92번길 20,,-,-
경기도 고양일산서구 일산동,954,954,0,태영(954),84.89,202110,5,"61,300",7,2002,고양대로 622,,-,-
경기도 고양일산서구 일산동,Jan-45,1945,1,푸르지오,51.09,202110,1,"33,000",12,2013,일청로 75,,-,-
경기도 고양일산서구 일산동,Jan-45,1945,1,푸르지오,84.78,202110,12,"54,000",3,2013,일청로 75,,-,-
경기도 고양일산서구 일산동,Jan-45,1945,1,푸르지오,103.69,202110,13,"65,000",4,2013,일청로 75,,-,-
경기도 고양일산서구 일산동,1077,1077,0,후곡마을(건영15),70.98,202110,30,"65,000",9,1994,강선로 169,,-,-
경기도 고양일산서구 일산동,1066,1066,0,후곡마을(금호),41.85,202110,8,"29,500",10,1995,후곡로 36,,-,-
경기도 고양일산서구 일산동,1040,1040,0,후곡마을(대우),70.444,202110,9,"50,000",10,1995,킨텍스로 456,,-,-
경기도 고양일산서구 일산동,1040,1040,0,후곡마을(대우),59.374,202110,23,"40,000",12,1995,킨텍스로 456,,-,-
경기도 고양일산서구 일산동,1040,1040,0,후곡마을(대우),70.444,202110,24,"51,750",4,1995,킨텍스로 456,,-,-
경기도 고양일산서구 일산동,1046,1046,0,후곡마을(대창),71.08,202110,20,"56,600",7,1995,후곡로 55,,-,-
경기도 고양일산서구 일산동,1055,1055,0,후곡마을(동성),69.39,202110,2,"57,300",16,1994,킨텍스로 410,,-,-
경기도 고양일산서구 일산동,1055,1055,0,후곡마을(동성),59.4,202110,2,"42,000",1,1994,킨텍스로 410,20211008,-,-
경기도 고양일산서구 일산동,1055,1055,0,후곡마을(동성),59.4,202110,2,"42,000",1,1994,킨텍스로 410,,-,-
경기도 고양일산서구 일산동,1057,1057,0,후곡마을(동신),134.88,202110,1,"89,300",15,1994,후곡로 9,,-,-
경기도 고양일산서구 일산동,1086,1086,0,후곡마을(동아16),84.786,202110,28,"51,000",2,1995,강선로 141,,-,-
경기도 고양일산서구 일산동,1058,1058,0,후곡마을(롯데),70.714,202110,2,"63,000",2,1994,후곡로 10,,-,-
경기도 고양일산서구 일산동,1040,1040,0,후곡마을(벽산),84.962,202110,19,"53,500",1,1995,킨텍스로 456,,-,-
경기도 고양일산서구 일산동,1103,1103,0,후곡마을(주공),68.13,202110,2,"50,500",10,1995,강선로 188,,-,-
경기도 고양일산서구 일산동,1103,1103,0,후곡마을(주공),68.13,202110,6,"48,300",4,1995,강선로 188,,-,-
경기도 고양일산서구 일산동,1103,1103,0,후곡마을(주공),68.13,202110,8,"50,000",1,1995,경의로 605,,-,-
경기도 고양일산서구 일산동,1103,1103,0,후곡마을(주공),68.13,202110,15,"52,000",10,1995,경의로 605,,-,-
경기도 고양일산서구 일산동,1103,1103,0,후곡마을(주공),68.13,202110,15,"52,000",10,1995,경의로 605,20211105,-,-
경기도 고양일산서구 일산동,1086,1086,0,후곡마을(코오롱),48.84,202110,4,"34,000",1,1995,강선로 141,,-,-
경기도 고양일산서구 일산동,1086,1086,0,후곡마을(코오롱),48.84,202110,7,"40,000",12,1995,강선로 141,,-,-
경기도 고양일산서구 일산동,1093,1093,0,후곡마을(태영13),57.76,202110,14,"39,000",9,1994,일산로 488,,-,-
경기도 고양일산서구 일산동,1090,1090,0,후곡마을(현대18),84.81,202110,1,"67,600",8,1994,일산로 487,,-,-
경기도 고양일산서구 일산동,1090,1090,0,후곡마을(현대18),59.925,202110,1,"39,200",4,1994,일산로 487,,-,-
경기도 고양일산서구 일산동,1090,1090,0,후곡마을(현대18),72.36,202110,4,"54,000",9,1994,일산로 487,,-,-
경기도 고양일산서구 일산동,1090,1090,0,후곡마을(현대18),72.36,202110,16,"53,000",14,1994,일산로 487,,-,-
경기도 고양일산서구 일산동,1069,1069,0,후곡마을(현대3),101.86,202110,4,"84,000",5,1994,후곡로 60,,-,-
경기도 고양일산서구 일산동,1069,1069,0,후곡마을(현대3),133.425,202110,9,"95,000",3,1994,후곡로 60,,-,-
경기도 고양일산서구 주엽동,38,38,0,강선마을(경남),164.88,202110,19,"88,000",14,1994,강선로 116,,-,-
경기도 고양일산서구 주엽동,50,50,0,강선마을(금호),101.67,202110,2,"85,000",1,1994,대산로 99,,-,-
경기도 고양일산서구 주엽동,36,36,0,강선마을(대우),131.46,202110,12,"85,000",2,1994,대산로 106,,-,-
경기도 고양일산서구 주엽동,86,86,0,강선마을(동문),64.995,202110,4,"57,000",13,1993,주화로 7,,-,-
경기도 고양일산서구 주엽동,86,86,0,강선마을(동문),64.995,202110,5,"47,000",1,1993,주화로 7,,-,-
경기도 고양일산서구 주엽동,90,90,0,강선마을(동성),47.49,202110,1,"37,400",1,1994,호수로 710,,-,-
경기도 고양일산서구 주엽동,46,46,0,강선마을(동신),73.98,202110,9,"52,800",7,1993,대산로 53,,-,-
경기도 고양일산서구 주엽동,63,63,0,강선마을(럭키),60,202110,5,"54,500",3,1993,강선로 70,,-,-
경기도 고양일산서구 주엽동,63,63,0,강선마을(럭키),60,202110,5,"54,500",3,1993,강선로 70,20211104,-,-
경기도 고양일산서구 주엽동,63,63,0,강선마을(럭키),60,202110,31,"47,400",1,1993,강선로 70,,-,-
경기도 고양일산서구 주엽동,84,84,0,강선마을(보성),59.88,202110,9,"52,700",15,1993,강선로 30,,-,-
경기도 고양일산서구 주엽동,84,84,0,강선마을(보성),84.62,202110,21,"72,800",3,1993,강선로 30,,-,-
경기도 고양일산서구 주엽동,84,84,0,강선마을(보성),59.88,202110,24,"46,500",1,1993,강선로 30,,-,-
경기도 고양일산서구 주엽동,98,98,0,강선마을(우성),125.32,202110,17,"120,000",12,1994,강선로 9,,-,-
경기도 고양일산서구 주엽동,43,43,0,강선마을(한신),69.127,202110,2,"49,500",6,1994,대산로 56,,-,-
경기도 고양일산서구 주엽동,43,43,0,강선마을(한신),84.96,202110,3,"61,000",10,1994,대산로 56,,-,-
경기도 고양일산서구 주엽동,43,43,0,강선마을(한신),84.96,202110,15,"61,500",15,1994,대산로 56,,-,-
경기도 고양일산서구 주엽동,50,50,0,강선마을(한양),165.085,202110,7,"117,500",13,1995,대산로 99,,-,-
경기도 고양일산서구 주엽동,60,60,0,강선마을(화성),69.9,202110,1,"51,000",13,1993,강성로 62,,-,-
경기도 고양일산서구 주엽동,60,60,0,강선마을(화성),69.9,202110,2,"52,500",4,1993,강성로 62,,-,-
경기도 고양일산서구 주엽동,81,81,0,강선마을뉴서울,40.32,202110,2,"26,500",13,1995,중앙로 1371,20211025,-,-
경기도 고양일산서구 주엽동,81,81,0,강선마을뉴서울,40.32,202110,2,"26,500",13,1995,중앙로 1371,,-,-
경기도 고양일산서구 주엽동,81,81,0,강선마을뉴서울,40.32,202110,5,"29,300",23,1995,중앙로 1371,,-,-
경기도 고양일산서구 주엽동,83,83,0,강선마을두진,44.32,202110,3,"29,000",20,1994,중앙로 1391,,-,-
경기도 고양일산서구 주엽동,83,83,0,강선마을두진,44.32,202110,23,"23,800",21,1994,중앙로 1391,,-,-
경기도 고양일산서구 주엽동,83,83,0,강선마을두진,44.32,202110,29,"21,700",22,1994,중앙로 1391,,-,-
경기도 고양일산서구 주엽동,75,75,0,강선마을한양,41.265,202110,2,"28,000",13,1998,중앙로 1376,,-,-
경기도 고양일산서구 주엽동,75,75,0,강선마을한양,41.265,202110,4,"30,000",18,1998,중앙로 1376,,-,-
경기도 고양일산서구 주엽동,8,8,0,문촌마을(기산쌍용),70.16,202110,23,"46,500",14,1994,대산로 183,,-,-
경기도 고양일산서구 주엽동,117,117,0,문촌마을(뉴삼익),67.3875,202110,1,"78,800",6,1994,주엽로 122,,-,-
경기도 고양일산서구 주엽동,136,136,0,문촌마을(대우),74.46,202110,6,"49,400",7,1995,중앙로 1471,,-,-
경기도 고양일산서구 주엽동,128,128,0,문촌마을(대원),130.44,202110,4,"70,000",1,1995,주엽로 101,,-,-
경기도 고양일산서구 주엽동,29,29,0,문촌마을(삼익),100.84,202110,10,"81,000",5,1994,대산로 141,,-,-
경기도 고양일산서구 주엽동,1,1,0,문촌마을(우성)1,84.91,202110,16,"67,500",11,1994,대산로 184,,-,-
경기도 고양일산서구 주엽동,14,14,0,문촌마을(주공)7,42.75,202110,1,"37,000",14,1995,킨텍스로 340,,-,-
경기도 고양일산서구 주엽동,14,14,0,문촌마을(주공)7,49.69,202110,20,"45,000",14,1995,킨텍스로 340,,-,-
경기도 고양일산서구 주엽동,14,14,0,문촌마을(주공)7,49.69,202110,28,"41,000",12,1995,킨텍스로 340,,-,-
경기도 고양일산서구 주엽동,23,23,0,문촌마을(주공)9,42.75,202110,6,"40,000",9,1995,주엽로 156,,-,-
경기도 고양일산서구 주엽동,23,23,0,문촌마을(주공)9,49.69,202110,16,"50,000",5,1995,주엽로 156,,-,-
경기도 고양일산서구 탄현동,1640,1640,0,일산두산위브더제니스,95.5,202110,4,"80,000",50,2013,일현로 97-11,,-,-
경기도 고양일산서구 탄현동,1640,1640,0,일산두산위브더제니스,120.482,202110,6,"84,500",36,2013,일현로 97-11,,-,-
경기도 고양일산서구 탄현동,1640,1640,0,일산두산위브더제니스,120.482,202110,7,"93,500",39,2013,일현로 97-11,,-,-
경기도 고양일산서구 탄현동,1640,1640,0,일산두산위브더제니스,95.5,202110,9,"81,000",47,2013,일현로 97-11,,-,-
경기도 고양일산서구 탄현동,1640,1640,0,일산두산위브더제니스,120.482,202110,9,"84,800",47,2013,일현로 97-11,,-,-
경기도 고양일산서구 탄현동,1640,1640,0,일산두산위브더제니스,170.721,202110,11,"130,000",25,2013,일현로 97-11,,-,-
경기도 고양일산서구 탄현동,1640,1640,0,일산두산위브더제니스,120.482,202110,11,"92,000",39,2013,일현로 97-11,,-,-
경기도 고양일산서구 탄현동,1640,1640,0,일산두산위브더제니스,145.829,202110,11,"105,000",36,2013,일현로 97-11,,-,-
경기도 고양일산서구 탄현동,1640,1640,0,일산두산위브더제니스,120.782,202110,11,"86,000",36,2013,일현로 97-11,,-,-
경기도 고양일산서구 탄현동,1640,1640,0,일산두산위브더제니스,59.907,202110,14,"64,400",12,2013,일현로 97-11,,-,-
경기도 고양일산서구 탄현동,1640,1640,0,일산두산위브더제니스,94.444,202110,18,"70,000",21,2013,일현로 97-11,,-,-
경기도 고양일산서구 탄현동,1640,1640,0,일산두산위브더제니스,120.782,202110,19,"92,000",37,2013,일현로 97-11,,-,-
경기도 고양일산서구 탄현동,1640,1640,0,일산두산위브더제니스,95.5,202110,20,"80,000",46,2013,일현로 97-11,,-,-
경기도 고양일산서구 탄현동,1640,1640,0,일산두산위브더제니스,59.907,202110,25,"40,000",51,2013,일현로 97-11,,-,-
경기도 고양일산서구 탄현동,1640,1640,0,일산두산위브더제니스,120.482,202110,26,"81,000",20,2013,일현로 97-11,,-,-
경기도 고양일산서구 탄현동,1640,1640,0,일산두산위브더제니스,145.829,202110,28,"92,000",25,2013,일현로 97-11,,-,-
경기도 고양일산서구 탄현동,1650,1650,0,일산에듀포레푸르지오,84.8717,202110,14,"62,000",15,2018,탄현로 136,,-,-
경기도 고양일산서구 탄현동,1650,1650,0,일산에듀포레푸르지오,84.6702,202110,16,"59,700",3,2018,탄현로 136,,-,-
경기도 고양일산서구 탄현동,1650,1650,0,일산에듀포레푸르지오,84.6702,202110,21,"61,000",6,2018,탄현로 136,,-,-
경기도 고양일산서구 탄현동,1650,1650,0,일산에듀포레푸르지오,59.8354,202110,30,"51,000",22,2018,탄현로 136,,-,-
경기도 고양일산서구 탄현동,1634,1634,0,일산임광진흥아파트,124.06,202110,2,"58,800",6,2009,탄현로 133,,-,-
경기도 고양일산서구 탄현동,1634,1634,0,일산임광진흥아파트,124.06,202110,8,"59,000",7,2009,탄현로 133,,-,-
경기도 고양일산서구 탄현동,1634,1634,0,일산임광진흥아파트,59.68,202110,17,"43,000",5,2009,탄현로 133,,-,-
경기도 고양일산서구 탄현동,121,121,0,"큰마을대림,현대아파트",117.87,202110,1,"50,000",1,2001,일현로 140,,-,-
경기도 고양일산서구 탄현동,121,121,0,"큰마을대림,현대아파트",59.82,202110,1,"31,500",4,2001,일현로 140,,-,-
경기도 고양일산서구 탄현동,121,121,0,"큰마을대림,현대아파트",84.73,202110,2,"47,000",6,2001,일현로 140,,-,-
경기도 고양일산서구 탄현동,121,121,0,"큰마을대림,현대아파트",84.73,202110,2,"45,500",11,2001,일현로 140,,-,-
경기도 고양일산서구 탄현동,121,121,0,"큰마을대림,현대아파트",59.82,202110,4,"37,000",10,2001,일현로 140,,-,-
경기도 고양일산서구 탄현동,121,121,0,"큰마을대림,현대아파트",59.82,202110,9,"36,800",11,2001,일현로 140,,-,-
경기도 고양일산서구 탄현동,121,121,0,"큰마을대림,현대아파트",59.94,202110,14,"36,000",5,2001,일현로 140,,-,-
경기도 고양일산서구 탄현동,121,121,0,"큰마을대림,현대아파트",84.73,202110,23,"50,000",9,2001,일현로 140,,-,-
경기도 고양일산서구 탄현동,121,121,0,"큰마을대림,현대아파트",84.73,202110,26,"45,000",19,2001,일현로 140,,-,-
경기도 고양일산서구 탄현동,1481,1481,0,탄현마을(건영4),68.61,202110,9,"28,700",6,1994,홀트로 57,,-,-
경기도 고양일산서구 탄현동,1481,1481,0,탄현마을(건영4),53.83,202110,16,"24,300",6,1994,홀트로 57,,-,-
경기도 고양일산서구 탄현동,1481,1481,0,탄현마을(건영4),53.83,202110,16,"29,900",15,1994,홀트로 57,,-,-
경기도 고양일산서구 탄현동,1481,1481,0,탄현마을(건영4),53.83,202110,22,"28,900",15,1994,홀트로 57,,-,-
경기도 고양일산서구 탄현동,1477,1477,0,탄현마을(건영5),84.5,202110,1,"38,700",1,1995,현중로 61,,-,-
경기도 고양일산서구 탄현동,1477,1477,0,탄현마을(건영5),84.5,202110,7,"45,000",11,1995,현중로 61,,-,-
경기도 고양일산서구 탄현동,1477,1477,0,탄현마을(건영5),68.61,202110,9,"31,000",3,1995,현중로 61,,-,-
경기도 고양일산서구 탄현동,1477,1477,0,탄현마을(건영5),68.61,202110,14,"35,900",17,1995,현중로 61,,-,-
경기도 고양일산서구 탄현동,1477,1477,0,탄현마을(건영5),68.61,202110,20,"33,000",15,1995,현중로 61,,-,-
경기도 고양일산서구 탄현동,1470,1470,0,탄현마을(동문),70.47,202110,1,"32,000",4,1995,탄현로 93,,-,-
경기도 고양일산서구 탄현동,1470,1470,0,탄현마을(동문),84.54,202110,11,"38,000",4,1995,탄현로 93,,-,-
경기도 고양일산서구 탄현동,1484,1484,0,탄현마을(부영3),46.58,202110,5,"22,000",11,1995,홀트로 11,,-,-
경기도 고양일산서구 탄현동,1484,1484,0,탄현마을(부영3),46.58,202110,23,"23,000",1,1995,홀트로 11,,-,-
경기도 고양일산서구 탄현동,1480,1480,0,탄현마을(부영7),59.86,202110,2,"28,850",10,1995,탄현로 64,,-,-
경기도 고양일산서구 탄현동,1480,1480,0,탄현마을(부영7),50.28,202110,6,"20,000",13,1995,탄현로 64,,-,-
경기도 고양일산서구 탄현동,1480,1480,0,탄현마을(부영7),50.28,202110,9,"23,700",5,1995,탄현로 64,,-,-
경기도 고양일산서구 탄현동,1480,1480,0,탄현마을(부영7),50.28,202110,16,"26,000",13,1995,탄현로 64,,-,-
경기도 고양일산서구 탄현동,1480,1480,0,탄현마을(부영7),50.28,202110,16,"22,500",12,1995,탄현로 64,,-,-
경기도 고양일산서구 탄현동,1480,1480,0,탄현마을(부영7),50.28,202110,16,"24,500",8,1995,탄현로 64,,-,-
경기도 고양일산서구 탄현동,1480,1480,0,탄현마을(부영7),50.28,202110,16,"21,700",1,1995,탄현로 64,,-,-
경기도 고양일산서구 탄현동,1480,1480,0,탄현마을(부영7),50.28,202110,22,"23,000",5,1995,탄현로 64,,-,-
경기도 고양일산서구 탄현동,1480,1480,0,탄현마을(부영7),50.28,202110,27,"24,000",4,1995,탄현로 64,,-,-
경기도 고양일산서구 탄현동,1487,1487,0,탄현마을(삼익),59.97,202110,2,"32,000",9,1994,현중로 33,,-,-
경기도 고양일산서구 탄현동,1487,1487,0,탄현마을(삼익),59.97,202110,8,"29,000",4,1994,현중로 33,,-,-
경기도 고양일산서구 탄현동,1487,1487,0,탄현마을(삼익),59.97,202110,11,"30,900",9,1994,현중로 33,,-,-
경기도 고양일산서구 탄현동,1487,1487,0,탄현마을(삼익),59.97,202110,12,"27,000",3,1994,현중로 33,,-,-
경기도 고양일산서구 탄현동,1473,1473,0,탄현마을(일신),53.12,202110,12,"21,500",7,1994,탄현로 80,,-,-
경기도 고양일산서구 탄현동,1473,1473,0,탄현마을(일신),59.835,202110,18,"33,000",5,1994,탄현로 80,,-,-
경기도 고양일산서구 탄현동,1479,1479,0,탄현마을(한신),84.24,202110,7,"41,000",15,1994,현중로 64,,-,-
경기도 고양일산서구 탄현동,1479,1479,0,탄현마을(한신),84.24,202110,13,"45,800",8,1994,현중로 64,,-,-
경기도 고양일산서구 탄현동,1479,1479,0,탄현마을(한신),84.24,202110,19,"45,000",16,1994,현중로 64,,-,-
경기도 고양일산서구 탄현동,1479,1479,0,탄현마을(한신),68.04,202110,28,"33,500",16,1994,현중로 64,,-,-
경기도 고양일산서구 탄현동,1479,1479,0,탄현마을(한신),68.04,202110,30,"37,700",9,1994,현중로 64,,-,-
경기도 고양일산서구 탄현동,1479,1479,0,탄현마을(현대),68.04,202110,10,"32,750",5,1994,현중로 64,,-,-
경기도 고양일산서구 탄현동,1578,1578,0,탄현마을동신,84.981,202110,2,"49,500",9,2000,산현로17번길 38,,-,-
경기도 고양일산서구 탄현동,1578,1578,0,탄현마을동신,70.558,202110,11,"42,500",21,2000,산현로17번길 38,,-,-
경기도 고양일산서구 탄현동,1578,1578,0,탄현마을동신,70.558,202110,14,"37,800",22,2000,산현로17번길 38,,-,-
경기도 고양일산서구 탄현동,1578,1578,0,탄현마을동신,84.981,202110,16,"55,000",6,2000,산현로17번길 38,,-,-
경기도 고양일산서구 탄현동,1578,1578,0,탄현마을동신,70.558,202110,20,"41,500",19,2000,산현로17번길 38,,-,-
경기도 고양일산서구 탄현동,1584,1584,0,탄현마을삼환,119.053,202110,1,"58,000",14,2000,현중로 13,,-,-
경기도 고양일산서구 탄현동,1584,1584,0,탄현마을삼환,119.053,202110,2,"58,000",23,2000,현중로 13,,-,-
경기도 고양일산서구 탄현동,1584,1584,0,탄현마을삼환,95.308,202110,6,"45,000",1,2000,현중로 13,,-,-
경기도 고양일산서구 탄현동,1579,1579,0,탄현마을서광,84.96,202110,2,"44,500",2,2000,산현로17번길 12,,-,-
경기도 고양일산서구 탄현동,1579,1579,0,탄현마을서광,75.84,202110,14,"43,000",8,2000,산현로17번길 12,,-,-
경기도 고양일산서구 탄현동,1579,1579,0,탄현마을서광,75.84,202110,16,"44,000",8,2000,산현로17번길 12,,-,-
경기도 고양일산서구 탄현동,1582,1582,0,탄현마을주은,84.951,202110,2,"44,700",10,2000,산현로 45,,-,-
경기도 고양일산서구 탄현동,1582,1582,0,탄현마을주은,84.951,202110,7,"42,000",17,2000,산현로 45,,-,-
경기도 고양일산서구 탄현동,1585,1585,0,탄현마을풍림,59.859,202110,2,"35,400",12,2000,현중로 10,,-,-
경기도 고양일산서구 탄현동,1585,1585,0,탄현마을풍림,59.859,202110,2,"37,000",17,2000,현중로 10,,-,-
경기도 고양일산서구 탄현동,1585,1585,0,탄현마을풍림,59.859,202110,4,"34,000",9,2000,현중로 10,,-,-
경기도 고양일산서구 탄현동,1585,1585,0,탄현마을풍림,59.859,202110,7,"38,000",22,2000,현중로 10,,-,-
경기도 고양일산서구 탄현동,1585,1585,0,탄현마을풍림,59.859,202110,7,"37,500",14,2000,현중로 10,,-,-
경기도 고양일산서구 탄현동,1583,1583,0,탄현마을효성,99.76,202110,4,"50,800",7,2000,현중로 5,,-,-
경기도 고양일산서구 탄현동,1583,1583,0,탄현마을효성,99.76,202110,19,"45,700",1,2000,현중로 5,,-,-
경기도 과천시 별양동,3,3,0,래미안센트럴스위트,118.88,202110,9,"245,000",18,2018,별양로 163,,-,-
경기도 과천시 별양동,6,6,0,주공5,124.03,202110,5,"250,000",6,1983,별양로 111,,-,-
경기도 과천시 부림동,41,41,0,주공8,73.02,202110,11,"165,000",7,1983,별양로 180,,-,-
경기도 과천시 중앙동,101,101,0,과천푸르지오써밋,59.934,202110,1,"170,000",9,2020,관문로 106,,-,-
경기도 과천시 중앙동,101,101,0,과천푸르지오써밋,59.934,202110,2,"172,000",7,2020,관문로 106,,-,-
경기도 과천시 중앙동,65,65,0,주공10,124.45,202110,27,"280,000",3,1984,관문로 166,,-,-
경기도 광명시 광명동,200-6,200,6,광명한진타운,84.95,202110,2,"88,000",5,1997,광명로 877,,-,-
경기도 광명시 광명동,785,785,0,광명해모로이연,84.99,202110,9,"99,000",14,2011,목감로 58,,-,-
경기도 광명시 광명동,783,783,0,광명휴먼림,68.551,202110,9,"44,500",2,2008,새터로 1-18,,-,-
경기도 광명시 소하동,1288,1288,0,광명소하휴먼시아2단지,119.79,202110,2,"120,000",13,2010,소하로 38,,-,-
경기도 광명시 소하동,1294,1294,0,광명소하휴먼시아5단지,59.63,202110,1,"79,900",5,2009,소하로 9,,-,-
경기도 광명시 소하동,1294,1294,0,광명소하휴먼시아5단지,84.87,202110,9,"87,500",1,2009,소하로 9,,-,-
경기도 광명시 소하동,1294,1294,0,광명소하휴먼시아5단지,84.83,202110,16,"95,000",10,2009,소하로 9,,-,-
경기도 광명시 소하동,1348,1348,0,광명소하휴먼시아7단지,119.75,202110,1,"104,300",3,2010,소하로 162,,-,-
경기도 광명시 소하동,1363,1363,0,광명신촌휴먼시아1단지,84.47,202110,11,"96,500",12,2010,신촌로 49,,-,-
경기도 광명시 소하동,1387,1387,0,광명역세권휴먼시아4단지,74.98,202110,12,"89,900",9,2010,성채로 37,,-,-
경기도 광명시 소하동,1387,1387,0,광명역세권휴먼시아4단지,74.91,202110,13,"88,500",3,2010,성채로 37,,-,-
경기도 광명시 소하동,1389,1389,0,광명역세권휴먼시아5단지,119.47,202110,7,"114,300",14,2011,서원로 13,,-,-
경기도 광명시 소하동,1273,1273,0,금호어울림,59.97,202110,10,"67,000",4,2006,하안로 154,,-,-
경기도 광명시 소하동,1238,1238,0,기아파크빌,13.93,202110,29,"8,500",7,2012,기아로 46,,-,-
경기도 광명시 일직동,519,519,0,광명역푸르지오,84.9493,202110,10,"147,000",26,2017,양달로 7,,-,-
경기도 광명시 철산동,631,631,0,광명푸르지오,84.7645,202110,4,"101,500",17,2007,도덕공원로 59,,-,-
경기도 광명시 철산동,Jan-55,55,1,광복현대아파트,84.67,202110,16,"76,000",8,1998,사성로103번길 14,,-,-
경기도 광명시 철산동,625,625,0,도덕파크타운1단지,84.98,202110,5,"86,000",8,2002,가림일로 79,,-,-
경기도 광명시 철산동,625,625,0,도덕파크타운2단지,39.65,202110,18,"56,400",15,2001,가림일로 101,,-,-
경기도 광명시 철산동,628,628,0,브라운스톤,84.858,202110,6,"93,000",15,2006,도덕공원로 49,,-,-
경기도 광명시 철산동,630,630,0,브라운스톤2차,59.757,202110,4,"84,000",3,2007,도덕공원로 35,,-,-
경기도 광명시 철산동,630,630,0,브라운스톤2차,84.613,202110,6,"87,900",19,2007,도덕공원로 35,,-,-
경기도 광명시 철산동,245,245,0,쌍마한신,84.93,202110,4,"95,000",11,1992,철산로 13-12,,-,-
경기도 광명시 철산동,449,449,0,주공12,53.46,202110,2,"88,000",14,1986,디지털로 63,,-,-
경기도 광명시 철산동,241,241,0,주공13,73.09,202110,7,"103,000",13,1986,철산로 57,,-,-
경기도 광명시 철산동,634,634,0,철산래미안자이,84.66,202110,1,"129,000",18,2009,디지털로 56,,-,-
경기도 광명시 철산동,634,634,0,철산래미안자이,84.44,202110,1,"135,000",15,2009,디지털로 56,,-,-
경기도 광명시 철산동,634,634,0,철산래미안자이,84.35,202110,18,"118,000",3,2009,디지털로 56,,-,-
경기도 광명시 철산동,367,367,0,철산한신,89.455,202110,1,"97,500",7,1992,디지털로 64,,-,-
경기도 광명시 하안동,863,863,0,광명 두산위브 트레지움,84.9962,202110,4,"116,000",8,2009,광덕산로 26,,-,-
경기도 광명시 하안동,864,864,0,이편한세상센트레빌,84.98,202110,2,"115,000",20,2010,오리로 801,,-,-
경기도 광명시 하안동,864,864,0,이편한세상센트레빌,123.639,202110,6,"129,500",15,2010,오리로 801,,-,-
경기도 광명시 하안동,682,682,0,주공1,36.34,202110,1,"52,700",3,1989,안현로 15,,-,-
경기도 광명시 하안동,682,682,0,주공1,49.94,202110,12,"66,300",15,1989,안현로 15,,-,-
경기도 광명시 하안동,30,30,0,주공10,45.77,202110,6,"59,800",7,1990,하안로 320,,-,-
경기도 광명시 하안동,27,27,0,주공11,36.16,202110,12,"59,450",10,1990,하안로 318,,-,-
경기도 광명시 하안동,27,27,0,주공11,36.16,202110,16,"59,000",4,1990,하안로 318,,-,-
경기도 광명시 하안동,110,110,0,주공12,84.79,202110,5,"105,500",15,1990,하안로 284,,-,-
경기도 광명시 하안동,110,110,0,주공12,44.89,202110,7,"64,800",15,1990,하안로 284,,-,-
경기도 광명시 하안동,650,650,0,주공3,36.16,202110,8,"52,000",6,1989,안현로 34,,-,-
경기도 광명시 하안동,296,296,0,주공6,49.94,202110,5,"75,000",14,1990,금당로 11,,-,-
경기도 광명시 하안동,296,296,0,주공6,36.16,202110,18,"59,000",13,1990,금당로 11,,-,-
경기도 광명시 하안동,13,13,0,주공9,59.39,202110,6,"71,700",4,1990,하안로 364,,-,-
경기도 광주시 경안동,157-2,157,2,푸르지오,59.9211,202110,7,"39,500",6,2002,문화로101번길 9,,-,-
경기도 광주시 경안동,157-2,157,2,푸르지오,84.9356,202110,12,"51,500",5,2002,문화로101번길 9,,-,-
경기도 광주시 곤지암읍 곤지암리,593,593,0,삼주노블리제,84.4872,202110,21,"38,900",5,2005,곤지암로11번길 11-10,,-,-
경기도 광주시 곤지암읍 곤지암리,459,459,0,쌍용1,59.89,202110,2,"27,500",3,1998,곤지암로 120,,-,-
경기도 광주시 곤지암읍 곤지암리,457,457,0,쌍용2,84.804,202110,5,"38,000",5,2000,곤지암로 108,,-,-
경기도 광주시 곤지암읍 곤지암리,457,457,0,쌍용2,59.894,202110,18,"29,800",3,2000,곤지암로 108,,-,-
경기도 광주시 곤지암읍 곤지암리,337-12,337,12,엘지,58.86,202110,13,"27,800",8,1997,경충대로 555-5,,-,-
경기도 광주시 곤지암읍 삼리,125-1,125,1,곤지암킴스빌리지,50.55,202110,2,"21,500",4,2001,평촌길 20,,-,-
경기도 광주시 곤지암읍 삼리,125-1,125,1,곤지암킴스빌리지,50.55,202110,2,"21,000",6,2001,평촌길 20,,-,-
경기도 광주시 곤지암읍 삼리,125-1,125,1,곤지암킴스빌리지,50.55,202110,6,"21,500",10,2001,평촌길 20,,-,-
경기도 광주시 곤지암읍 삼리,125-1,125,1,곤지암킴스빌리지,50.55,202110,6,"22,000",13,2001,평촌길 20,,-,-
경기도 광주시 곤지암읍 삼리,125-1,125,1,곤지암킴스빌리지,35.63,202110,13,"11,500",8,2001,평촌길 20,,-,-
경기도 광주시 도척면 진우리,1002,1002,0,광주근형심포니,84.99,202110,10,"24,500",9,2005,도척로 404-6,,-,-
경기도 광주시 도척면 진우리,1002,1002,0,광주근형심포니,84.99,202110,20,"24,900",9,2005,도척로 404-6,,-,-
경기도 광주시 목현동,21,21,0,신일드림빌,84.801,202110,6,"41,300",14,2002,이배재로 179-13,,-,-
경기도 광주시 송정동,573,573,0,금강펜테리움1단지,84.9584,202110,13,"42,000",12,2010,경안천로 159,,-,-
경기도 광주시 송정동,573,573,0,금강펜테리움1단지,130.2492,202110,21,"57,000",10,2010,경안천로 159,,-,-
경기도 광주시 송정동,574,574,0,금강펜테리움2단지,84.9584,202110,22,"41,000",15,2010,경안천로 145,,-,-
경기도 광주시 송정동,367-7,367,7,대주파크빌,84.99,202110,2,"29,500",2,2005,중앙로335번길 42,,-,-
경기도 광주시 송정동,575,575,0,우림필유,84.7629,202110,7,"41,500",12,2010,경안천로 91,,-,-
경기도 광주시 쌍령동,503,503,0,광주센트럴푸르지오,74.8616,202110,2,"56,900",13,2018,경충대로1461번길 43,,-,-
경기도 광주시 쌍령동,502,502,0,광주역대광로제비앙,64.762,202110,4,"41,800",2,2017,경충대로 1430,,-,-
경기도 광주시 쌍령동,502,502,0,광주역대광로제비앙,64.762,202110,5,"48,900",24,2017,경충대로 1430,,-,-
경기도 광주시 쌍령동,337,337,0,동성1,134.76,202110,8,"40,000",2,2001,경충대로1422번길 25,,-,-
경기도 광주시 쌍령동,501,501,0,서희스타힐스,84.98,202110,2,"44,800",8,2013,경충대로 1498,,-,-
경기도 광주시 쌍령동,501,501,0,서희스타힐스,84.99,202110,4,"45,000",11,2013,경충대로 1498,,-,-
경기도 광주시 쌍령동,360-1,360,1,현대모닝사이드2,84.9014,202110,1,"35,000",2,2003,경충대로1422번길 42,,-,-
경기도 광주시 쌍령동,360-1,360,1,현대모닝사이드2,84.9014,202110,11,"38,000",7,2003,경충대로1422번길 42,,-,-
경기도 광주시 쌍령동,360-1,360,1,현대모닝사이드2,84.9014,202110,25,"38,000",2,2003,경충대로1422번길 42,,-,-
경기도 광주시 역동,243,243,0,이편한세상광주역1단지,59.7449,202110,5,"62,000",6,2016,순암로36번길 88,,-,-
경기도 광주시 역동,245,245,0,이편한세상광주역3단지,84.7072,202110,6,"75,000",1,2016,순암로36번길 87,,-,-
경기도 광주시 역동,247,247,0,이편한세상광주역5단지,84.9099,202110,2,"79,000",3,2016,순암로36번길 41,,-,-
경기도 광주시 오포읍 능평리,141-2,141,2,오포베르빌,84.9959,202110,5,"40,000",1,2001,능평로 193,,-,-
경기도 광주시 오포읍 매산리,586-11,586,11,오포대성,122.9,202110,8,"35,000",13,2000,회안대로 90,,-,-
경기도 광주시 오포읍 매산리,586-11,586,11,오포대성,122.9,202110,20,"33,000",1,2000,회안대로 90,,-,-
경기도 광주시 오포읍 문형리,600,600,0,오포문형양우내안애아파트,84.9694,202110,11,"49,000",11,2018,수렁개들길32번길 50,,-,-
경기도 광주시 오포읍 문형리,600,600,0,오포문형양우내안애아파트,84.9961,202110,12,"41,600",5,2018,수렁개들길32번길 50,,-,-
경기도 광주시 오포읍 문형리,600,600,0,오포문형양우내안애아파트,84.9961,202110,17,"49,000",14,2018,수렁개들길32번길 50,,-,-
경기도 광주시 오포읍 문형리,600,600,0,오포문형양우내안애아파트,84.9694,202110,18,"49,000",2,2018,수렁개들길32번길 50,,-,-
경기도 광주시 오포읍 문형리,600,600,0,오포문형양우내안애아파트,84.884,202110,18,"50,000",23,2018,수렁개들길32번길 50,,-,-
경기도 광주시 오포읍 문형리,140-1,140,1,오포우림퓨전빌,84.217,202110,15,"31,500",3,2002,봉골길 82,,-,-
경기도 광주시 오포읍 신현리,1241,1241,0,e편한세상테라스오포2단지,116.865,202110,18,"73,500",17,2018,문형산길 131,,-,-
경기도 광주시 오포읍 신현리,1242,1242,0,e편한세상테라스오포3단지,84.836,202110,2,"59,800",4,2018,문형산길 138,,-,-
경기도 광주시 오포읍 신현리,681-3,681,3,현대모닝사이드1-A,161.773,202110,1,"75,000",11,2002,신현로 65-24,,-,-
경기도 광주시 오포읍 신현리,681-3,681,3,현대모닝사이드1-A,161.773,202110,14,"75,000",13,2002,신현로 65-24,,-,-
경기도 광주시 오포읍 신현리,681-4,681,4,현대모닝사이드1-B,84.779,202110,4,"63,000",2,2002,신현로 65-14,,-,-
경기도 광주시 오포읍 양벌리,산63-8,63,8,광주역우방아이유쉘1단지,84.6101,202110,9,"67,000",2,2018,청석로 70,,-,-
경기도 광주시 오포읍 양벌리,산63-8,63,8,광주역우방아이유쉘1단지,59.7747,202110,19,"59,300",10,2018,청석로 70,,-,-
경기도 광주시 오포읍 양벌리,산48,48,0,광주역우방아이유쉘2단지,84.6101,202110,2,"72,300",9,2018,청석로 74,,-,-
경기도 광주시 오포읍 양벌리,산48,48,0,광주역우방아이유쉘2단지,59.7747,202110,21,"58,000",17,2018,청석로 74,,-,-
경기도 광주시 오포읍 양벌리,940-5,940,5,대주(2차),84.9989,202110,8,"35,000",5,2002,양벌로 375,,-,-
경기도 광주시 오포읍 양벌리,355-1,355,1,대주파크빌1차A블럭,84.99,202110,11,"38,000",12,2003,마루들길 276,,-,-
경기도 광주시 오포읍 양벌리,355-1,355,1,대주파크빌1차A블럭,84.99,202110,17,"34,000",13,2003,마루들길 276,,-,-
경기도 광주시 오포읍 양벌리,359,359,0,양벌리우림,84.934,202110,4,"33,300",11,2000,마루들길 248,,-,-
경기도 광주시 오포읍 양벌리,359,359,0,양벌리우림,84.934,202110,12,"36,000",1,2000,마루들길 248,,-,-
경기도 광주시 오포읍 양벌리,616,616,0,양촌현대,84.822,202110,22,"39,400",4,2000,양촌길 134,,-,-
경기도 광주시 장지동,756,756,0,벽산블루밍1단지,168.85,202110,12,"63,000",12,2011,회안대로 621-21,,-,-
경기도 광주시 장지동,756,756,0,벽산블루밍1단지,168.85,202110,13,"81,000",15,2011,회안대로 621-21,,-,-
경기도 광주시 장지동,757,757,0,벽산블루밍2단지,122.24,202110,4,"65,000",3,2011,회안대로 621-15,,-,-
경기도 광주시 장지동,757,757,0,벽산블루밍2단지,122.24,202110,4,"65,000",3,2011,회안대로 621-15,,-,-
경기도 광주시 장지동,757,757,0,벽산블루밍2단지,122.24,202110,13,"50,000",12,2011,회안대로 621-15,,-,-
경기도 광주시 장지동,692-61,692,61,현대,99.956,202110,13,"52,000",10,2000,고불로 33,,-,-
경기도 광주시 초월읍 대쌍령리,124-4,124,4,신일드림빌,84.801,202110,4,"32,000",14,2002,무들로 59-63,,-,-
경기도 광주시 초월읍 대쌍령리,124-4,124,4,신일드림빌,84.801,202110,23,"28,200",2,2002,무들로 59-63,,-,-
경기도 광주시 초월읍 대쌍령리,124-4,124,4,신일드림빌,84.801,202110,26,"29,300",1,2002,무들로 59-63,,-,-
경기도 광주시 초월읍 대쌍령리,Jan-61,61,1,우림푸른마을,84.98,202110,1,"36,000",8,1999,무들로 28,,-,-
경기도 광주시 초월읍 대쌍령리,Jan-61,61,1,우림푸른마을,59.98,202110,3,"29,900",10,1999,무들로 28,,-,-
경기도 광주시 초월읍 대쌍령리,Jan-61,61,1,우림푸른마을,84.98,202110,8,"38,500",12,1999,무들로 28,,-,-
경기도 광주시 초월읍 도평리,205,205,0,도평리1차우림퓨전빌,84.573,202110,16,"31,800",2,2002,현산로 99,,-,-
경기도 광주시 초월읍 도평리,205,205,0,도평리1차우림퓨전빌,84.573,202110,17,"33,000",14,2002,현산로 99,,-,-
경기도 광주시 초월읍 도평리,154,154,0,도평신일,84.88,202110,2,"34,000",10,2000,현산로 86,,-,-
경기도 광주시 초월읍 산이리,433,433,0,벽산블루밍,84.944,202110,1,"50,000",11,2004,경충대로 921,,-,-
경기도 광주시 초월읍 산이리,01월 18일,18,1,코아루햇빛마을,143.05,202110,21,"22,000",2,2000,독고개길 14-24,,-,-
경기도 광주시 초월읍 쌍동리,392,392,0,광주초월동광모닝스카이,84.9995,202110,7,"48,000",4,2005,경충대로1127번길 15,,-,-
경기도 광주시 초월읍 쌍동리,393,393,0,초월e-편한세상1,84.911,202110,19,"47,500",1,2007,경충대로1127번길 55,,-,-
경기도 광주시 초월읍 쌍동리,393,393,0,초월e-편한세상1,84.911,202110,23,"54,000",12,2007,경충대로1127번길 55,,-,-
경기도 광주시 초월읍 쌍동리,389,389,0,초월롯데낙천대2,84.93,202110,16,"61,800",12,2004,경충대로 1067,,-,-
경기도 광주시 초월읍 지월리,546,546,0,광주1차세광엔리치빌,84.928,202110,14,"31,000",19,2002,경안천로 293,,-,-
경기도 광주시 탄벌동,701-1,701,1,동보,59.84,202110,4,"35,000",18,1996,벌원길 82,,-,-
경기도 광주시 탄벌동,762,762,0,우림루미아트,59.954,202110,9,"27,500",7,2005,탄벌길 60,,-,-
경기도 광주시 탄벌동,40,40,0,현대,176.217,202110,9,"69,500",20,2000,벌원길 63,,-,-
경기도 광주시 탄벌동,40,40,0,현대,99.801,202110,11,"45,000",1,2000,벌원길 63,,-,-
경기도 광주시 탄벌동,40,40,0,현대,176.217,202110,16,"72,500",12,2000,벌원길 63,,-,-
경기도 광주시 태전동,691,691,0,e-편한세상,84.988,202110,2,"55,000",5,2006,벼루개길42번길 20,,-,-
경기도 광주시 태전동,735,735,0,광주태전아이파크,84.9692,202110,1,"69,900",3,2017,태봉로 110,,-,-
경기도 광주시 태전동,735,735,0,광주태전아이파크,84.9774,202110,8,"74,000",13,2017,태봉로 110,,-,-
경기도 광주시 태전동,193,193,0,성원3,101.88,202110,2,"52,000",12,2000,태봉로 77,,-,-
경기도 광주시 태전동,193,193,0,성원3,84.99,202110,4,"45,000",8,2000,태봉로 77,,-,-
경기도 광주시 태전동,228-1,228,1,성원5,109.052,202110,2,"53,000",5,2002,태봉로 62,,-,-
경기도 광주시 태전동,228-1,228,1,성원5,84.958,202110,12,"45,000",1,2002,태봉로 62,,-,-
경기도 광주시 태전동,228-1,228,1,성원5,109.052,202110,18,"53,500",8,2002,태봉로 62,,-,-
경기도 광주시 태전동,690,690,0,쌍용스윗닷홈1,59.793,202110,5,"37,000",13,2004,회안대로 350-25,,-,-
경기도 광주시 태전동,690,690,0,쌍용스윗닷홈1,84.746,202110,14,"46,000",6,2004,회안대로 350-25,,-,-
경기도 광주시 태전동,687,687,0,쌍용스윗닷홈3,84.746,202110,23,"45,000",7,2004,회안대로 350-23,,-,-
경기도 광주시 태전동,687,687,0,쌍용스윗닷홈3,84.746,202110,24,"46,000",4,2004,회안대로 350-23,,-,-
경기도 광주시 태전동,687,687,0,쌍용스윗닷홈3,59.793,202110,31,"36,500",7,2004,회안대로 350-23,,-,-
경기도 광주시 태전동,695,695,0,이편한세상태전2차(101~106동),84.9918,202110,9,"68,000",18,2017,태전동로 12,,-,-
경기도 광주시 태전동,697,697,0,이편한세상태전2차(301~306동),59.996,202110,11,"59,700",10,2017,태전동로 11,,-,-
경기도 광주시 태전동,697,697,0,이편한세상태전2차(301~306동),74.4991,202110,23,"61,000",18,2017,태전동로 11,,-,-
경기도 광주시 태전동,726,726,0,태전7지구C-13BL태전파크자이,60.5801,202110,5,"62,000",11,2019,벼루개길42번길 35-1,,-,-
경기도 광주시 태전동,728,728,0,태전7지구C-14BL태전파크자이,59.8502,202110,8,"59,500",12,2019,벼루개길42번길 36-1,,-,-
경기도 광주시 태전동,728,728,0,태전7지구C-14BL태전파크자이,59.9967,202110,27,"59,000",9,2019,벼루개길42번길 36-1,,-,-
경기도 광주시 태전동,692,692,0,태전동우림필유,101.946,202110,21,"64,500",14,2010,태봉로 86,,-,-
경기도 광주시 태전동,699,699,0,"힐스테이트태전(C5,1507~1514동)",64.7008,202110,2,"63,500",3,2017,태전동로 50,,-,-
경기도 광주시 태전동,699,699,0,"힐스테이트태전(C5,1507~1514동)",84.9401,202110,4,"76,000",5,2017,태전동로 50,,-,-
경기도 광주시 태전동,722,722,0,힐스테이트태전2차에듀포레C10BL,84.93,202110,5,"78,500",6,2019,벼루개길42번길 24-1,,-,-
경기도 광주시 태전동,732,732,0,힐스테이트태전2차에듀포레C11BL,72.88,202110,6,"70,000",16,2019,태봉로 163-1,,-,-
경기도 광주시 태전동,702,702,0,힐스테이트태전6지구(1601동~1608동),59.943,202110,9,"59,200",7,2017,태성로 107,,-,-
경기도 구리시 갈매동,631,631,0,갈매6단지,84.96,202110,4,"85,000",14,2018,갈매중앙로 25,,-,-
경기도 구리시 갈매동,631,631,0,갈매6단지,74.95,202110,6,"73,800",7,2018,갈매중앙로 25,,-,-
경기도 구리시 갈매동,631,631,0,갈매6단지,84.96,202110,8,"83,500",12,2018,갈매중앙로 25,,-,-
경기도 구리시 갈매동,631,631,0,갈매6단지,74.95,202110,17,"74,300",9,2018,갈매중앙로 25,,-,-
경기도 구리시 갈매동,596,596,0,갈매역아이파크,84.9441,202110,8,"95,000",17,2018,경춘북로 252,,-,-
경기도 구리시 갈매동,596,596,0,갈매역아이파크,84.9441,202110,11,"94,300",22,2018,경춘북로 252,,-,-
경기도 구리시 갈매동,596,596,0,갈매역아이파크,84.9485,202110,16,"99,500",21,2018,경춘북로 252,,-,-
경기도 구리시 갈매동,626,626,0,갈매와이시티,74.97,202110,4,"73,500",3,2017,갈매중앙로 45,,-,-
경기도 구리시 갈매동,626,626,0,갈매와이시티,74.97,202110,23,"79,000",12,2017,갈매중앙로 45,,-,-
경기도 구리시 갈매동,651,651,0,구리갈매스타힐스,74.98,202110,5,"73,000",2,2017,산마루로 46,,-,-
경기도 구리시 갈매동,646,646,0,이룸넘버원리치안,14.98,202110,18,"10,500",7,2017,갈매중앙로 70,,-,-
경기도 구리시 갈매동,590,590,0,한라비발디,84.58,202110,1,"79,000",10,2016,갈매중앙로 131,,-,-
경기도 구리시 갈매동,590,590,0,한라비발디,84.58,202110,10,"80,000",14,2016,갈매중앙로 131,,-,-
경기도 구리시 갈매동,590,590,0,한라비발디,84.58,202110,15,"81,500",4,2016,갈매중앙로 131,,-,-
경기도 구리시 갈매동,590,590,0,한라비발디,74.92,202110,21,"78,000",7,2016,갈매중앙로 131,,-,-
경기도 구리시 교문동,828,828,0,교문동금호어울림,84.962,202110,4,"65,000",1,2009,아차산로487번길 10,,-,-
경기도 구리시 교문동,808,808,0,덕현,84.57,202110,4,"89,500",11,1993,장자대로37번길 55,,-,-
경기도 구리시 교문동,808,808,0,덕현,62.1,202110,5,"67,000",15,1993,장자대로37번길 55,,-,-
경기도 구리시 교문동,808,808,0,덕현,84.57,202110,9,"89,500",17,1993,장자대로37번길 55,,-,-
경기도 구리시 교문동,01월 08일,1,8,동방,84.54,202110,7,"63,000",21,1998,체육관로 124,,-,-
경기도 구리시 교문동,01월 08일,1,8,동방,59.97,202110,11,"57,000",19,1998,체육관로 124,,-,-
경기도 구리시 교문동,820,820,0,장자마을금호1-1,54.978,202110,22,"80,000",9,2001,장자대로 38,,-,-
경기도 구리시 교문동,197-16,197,16,한인,65.73,202110,16,"27,200",5,1991,아차산로500번길 26-4,,-,-
경기도 구리시 수택동,626-50,626,50,광덕,59.67,202110,3,"48,000",6,2001,원수택로32번길 93,,-,-
경기도 구리시 수택동,611-3,611,3,다성2차,54.15,202110,23,"43,500",1,2003,원수택로32번길 57,,-,-
경기도 구리시 수택동,469-1,469,1,무학율촌마을,59.5444,202110,11,"63,500",4,2007,원수택로64번길 10,,-,-
경기도 구리시 수택동,542,542,0,수택동금호어울림,84.941,202110,20,"48,000",11,2006,경춘로276번길 66,,-,-
경기도 구리시 수택동,441-12,441,12,신래(441-12),78.98,202110,7,"45,000",1,1992,원수택로12번길 17,,-,-
경기도 구리시 수택동,684-6,684,6,우림,59.88,202110,4,"51,500",2,1999,이문안로155번길 21,20211025,-,-
경기도 구리시 수택동,684-6,684,6,우림,59.88,202110,4,"51,500",2,1999,이문안로155번길 21,,-,-
경기도 구리시 인창동,713,713,0,더샵그린포레1단지,84.928,202110,3,"76,000",11,2015,인창2로 13,,-,-
경기도 구리시 인창동,453,453,0,성원,84.99,202110,2,"77,000",3,2000,동구릉로129번길 24,,-,-
경기도 구리시 인창동,640-1,640,1,아름마을엘지,84.95,202110,8,"72,000",14,1999,동구릉로53번길 67,,-,-
경기도 구리시 인창동,640-1,640,1,아름마을엘지,121.74,202110,9,"75,500",16,1999,동구릉로53번길 67,,-,-
경기도 구리시 인창동,491-1,491,1,아름마을인창래미안,84.9506,202110,2,"70,000",8,2000,동구릉로85번길 63,,-,-
경기도 구리시 인창동,491-1,491,1,아름마을인창래미안,84.9506,202110,11,"78,700",17,2000,동구릉로85번길 76,,-,-
경기도 구리시 인창동,487-32,487,32,아름마을일신,134.86,202110,8,"94,900",6,1999,동구릉로 93,,-,-
경기도 구리시 인창동,691,691,0,원일가대라곡,84.56,202110,9,"87,000",6,2005,동구릉로148번길 15,,-,-
경기도 구리시 인창동,666-1,666,1,주공4-1,37.67,202110,20,"52,000",3,1996,건원대로76번길 134,,-,-
경기도 구리시 토평동,960,960,0,삼성,116.824,202110,15,"100,000",14,2001,장자대로111번길 12,,-,-
경기도 구리시 토평동,959,959,0,상록,84.404,202110,13,"75,000",9,2002,장자대로111번길 56,,-,-
경기도 구리시 토평동,1008,1008,0,에스케이신일,84.7406,202110,4,"80,000",10,2001,검배로 142,,-,-
경기도 구리시 토평동,1009,1009,0,우남,59.6514,202110,6,"60,000",12,2000,검배로 154,,-,-
경기도 구리시 토평동,1009,1009,0,우남,59.6514,202110,8,"59,500",7,2000,검배로 154,,-,-
경기도 구리시 토평동,961,961,0,한일,59.784,202110,7,"90,000",11,2001,장자대로111번길 11,,-,-
경기도 군포시 금정동,704,704,0,금정동쌍용,84.83,202110,7,"74,000",7,2002,금정로42번길 17,,-,-
경기도 군포시 금정동,704,704,0,금정동쌍용,59.98,202110,16,"63,400",8,2002,금정로42번길 17,,-,-
경기도 군포시 금정동,756-6,756,6,금호(101동),76.16,202110,1,"40,000",3,2004,당산로125번길 29-15,,-,-
경기도 군포시 금정동,735,735,0,더트렌디,68.19,202110,14,"59,400",8,2021,당산로 158,,-,-
경기도 군포시 금정동,871-7,871,7,삼익소월,101.94,202110,6,"78,000",4,1993,오금로 34,,-,-
경기도 군포시 금정동,871-7,871,7,삼익소월,149.58,202110,12,"87,500",2,1993,오금로 34,,-,-
경기도 군포시 금정동,871-7,871,7,삼익소월,101.94,202110,14,"84,000",7,1993,오금로 34,,-,-
경기도 군포시 금정동,711,711,0,신안A동,49.5,202110,2,"22,900",4,1988,번영로587번길 27,,-,-
경기도 군포시 금정동,876,876,0,율곡,51.66,202110,2,"59,000",18,1994,오금로 43,,-,-
경기도 군포시 금정동,849,849,0,주공(1단지),41.85,202110,18,"43,000",10,1992,산본로 296,,-,-
경기도 군포시 금정동,849,849,0,주공(1단지),41.85,202110,30,"44,200",11,1992,산본로 296,,-,-
경기도 군포시 금정동,872,872,0,충무주공(872),44.06,202110,5,"47,750",13,1992,산본로 299,,-,-
경기도 군포시 금정동,872,872,0,충무주공(872),44.06,202110,13,"38,000",7,1992,산본로 299,,-,-
경기도 군포시 금정동,872,872,0,충무주공(872),35.28,202110,15,"34,500",4,1992,산본로 299,,-,-
경기도 군포시 금정동,873-2,873,2,충무주공(873-2),51.59,202110,5,"55,000",7,1993,산본로 299,,-,-
경기도 군포시 금정동,875,875,0,퇴계주공(351~359동),42.75,202110,11,"43,000",4,1993,광정로 25-20,,-,-
경기도 군포시 금정동,875,875,0,퇴계주공(351~359동),41.85,202110,16,"42,500",8,1993,광정로 25-20,,-,-
경기도 군포시 금정동,875,875,0,퇴계주공(360~368동),39.87,202110,2,"39,700",2,1995,광정로 25-20,,-,-
경기도 군포시 금정동,875,875,0,퇴계주공(360~368동),37.67,202110,2,"40,000",9,1995,광정로 25-20,,-,-
경기도 군포시 금정동,875,875,0,퇴계주공(360~368동),39.87,202110,9,"40,000",2,1995,광정로 25-20,,-,-
경기도 군포시 당동,963,963,0,군포당동동도센트리움아파트,53.832,202110,5,"40,000",8,2019,용호1로46번길 11,,-,-
경기도 군포시 당동,963,963,0,군포당동동도센트리움아파트,53.832,202110,16,"49,000",6,2019,용호1로46번길 11,,-,-
경기도 군포시 당동,766-28,766,28,금광럭키,84.76,202110,5,"45,000",6,2003,당산로19번안길 22,,-,-
경기도 군포시 당동,900,900,0,동아(900),75.54,202110,9,"49,500",1,1993,군포로490번길 22,,-,-
경기도 군포시 당동,1020,1020,0,삼성마을시티프라디움(3단지),84.93,202110,5,"75,800",11,2014,삼성로59번길 16,,-,-
경기도 군포시 당동,836-9,836,9,신원(836-9),28.08,202110,21,"14,500",3,1987,당산로 77,,-,-
경기도 군포시 당동,873,873,0,쌍용(873),99.825,202110,21,"77,500",23,1998,용호2로 51,,-,-
경기도 군포시 당동,746-13,746,13,우진아트리움,57.25,202110,1,"27,200",2,2018,산본로198번길 6,,-,-
경기도 군포시 당동,874,874,0,주공2단지(874),49.59,202110,5,"46,000",19,1997,용호2로 11,,-,-
경기도 군포시 당동,874,874,0,주공2단지(874),49.59,202110,12,"45,700",14,1997,용호2로 11,,-,-
경기도 군포시 당동,874,874,0,주공2단지(874),59.99,202110,21,"55,500",5,1997,용호2로 11,,-,-
경기도 군포시 당동,874,874,0,주공2단지(874),49.59,202110,30,"44,000",7,1997,용호2로 11,,-,-
경기도 군포시 당동,886,886,0,주공3(886),59.8,202110,7,"49,000",5,1997,용호2로54번길 11,,-,-
경기도 군포시 당동,886,886,0,주공3(886),59.8,202110,16,"51,500",7,1997,용호2로54번길 11,,-,-
경기도 군포시 당정동,990-5,990,5,거성,119.61,202110,15,"44,000",3,2007,이당로 103,,-,-
경기도 군포시 당정동,998-2,998,2,당정동동도센트리움,30.564,202110,1,"21,000",14,2014,고산로185번길 36,,-,-
경기도 군포시 당정동,998-2,998,2,당정동동도센트리움,30.027,202110,4,"21,000",3,2014,고산로185번길 36,,-,-
경기도 군포시 당정동,998-2,998,2,당정동동도센트리움,30.579,202110,22,"21,500",4,2014,고산로185번길 36,,-,-
경기도 군포시 당정동,998-2,998,2,당정동동도센트리움,30.689,202110,26,"21,600",14,2014,고산로185번길 36,,-,-
경기도 군포시 당정동,986-5,986,5,오르난자연애,79.61,202110,5,"30,200",4,2004,한세로78번길 31,,-,-
경기도 군포시 도마교동,471,471,0,금강펜테리움센트럴파크3차,76.9657,202110,13,"53,000",9,2019,송부로96번길 13,,-,-
경기도 군포시 도마교동,471-1,471,1,엘에이치송정마을,59.51,202110,11,"42,000",11,2019,송부로96번길 29,,-,-
경기도 군포시 부곡동,1199,1199,0,삼성마을2단지,59.98,202110,19,"61,500",2,2013,번영로200번길 71,,-,-
경기도 군포시 부곡동,1204,1204,0,삼성마을6단지,51.73,202110,5,"52,300",15,2014,삼성로 41,,-,-
경기도 군포시 산본동,1155-7,1155,7,가야3주공,42.75,202110,1,"32,000",20,1993,번영로 353,,-,-
경기도 군포시 산본동,1155-7,1155,7,가야3주공,42.75,202110,2,"31,000",18,1993,번영로 353,,-,-
경기도 군포시 산본동,1155,1155,0,가야주공,42.75,202110,15,"42,500",9,1993,번영로 403,,-,-
경기도 군포시 산본동,1066,1066,0,개나리주공13,59.98,202110,2,"55,500",5,1995,고산로677번길 34,,-,-
경기도 군포시 산본동,1152-2,1152,2,덕유,58.14,202110,1,"49,800",1,1996,수리산로 71,,-,-
경기도 군포시 산본동,1059,1059,0,동백(우성),101.52,202110,2,"74,500",18,1993,고산로677번길 12,,-,-
경기도 군포시 산본동,1059,1059,0,동백(우성),101.52,202110,9,"74,000",13,1993,고산로677번길 12,,-,-
경기도 군포시 산본동,1240,1240,0,래미안하이어스,112.24,202110,11,"137,000",19,2010,금산로 91,,-,-
경기도 군포시 산본동,1055,1055,0,매화,49.69,202110,11,"49,500",4,1995,곡란로 26,,-,-
경기도 군포시 산본동,1145-14,1145,14,삼익가든을지,118.77,202110,2,"88,000",21,1994,산본천로 12,,-,-
경기도 군포시 산본동,1151-9,1151,9,설악,43.56,202110,16,"37,000",7,1995,수리산로 102,,-,-
경기도 군포시 산본동,1151-9,1151,9,설악2,49.89,202110,2,"46,700",24,1996,수리산로 102,,-,-
경기도 군포시 산본동,1151-9,1151,9,설악2,49.89,202110,9,"44,000",2,1996,수리산로 102,,-,-
경기도 군포시 산본동,1151-9,1151,9,설악2,49.89,202110,9,"44,300",15,1996,수리산로 102,,-,-
경기도 군포시 산본동,1151-9,1151,9,설악2,49.89,202110,9,"44,000",2,1996,수리산로 102,20211012,-,-
경기도 군포시 산본동,1151-9,1151,9,설악2,36.96,202110,11,"27,500",11,1996,수리산로 102,,-,-
경기도 군포시 산본동,1151-9,1151,9,설악2,49.89,202110,14,"44,500",23,1996,수리산로 102,,-,-
경기도 군포시 산본동,1030-1,1030,1,세경싸이버빌(102),84.13,202110,11,"85,000",5,2001,군포로719번길 62,,-,-
경기도 군포시 산본동,1146,1146,0,솔거대림,127.02,202110,6,"80,000",1,1993,광정로 119,,-,-
경기도 군포시 산본동,1065-4,1065,4,신안모란,66.16,202110,6,"60,000",2,1994,고산로643번길 10,,-,-
경기도 군포시 산본동,1146-11,1146,11,우륵,58.46,202110,3,"59,000",11,1994,산본천로 33,,-,-
경기도 군포시 산본동,1146-11,1146,11,우륵,58.46,202110,15,"55,000",6,1994,산본천로 33,,-,-
경기도 군포시 산본동,1146-11,1146,11,우륵,58.46,202110,19,"60,000",8,1994,산본천로 33,,-,-
경기도 군포시 산본동,1091-1,1091,1,"우방,한국공영목련",84.97,202110,6,"69,800",6,1994,고산로643번길 9,,-,-
경기도 군포시 산본동,1091-1,1091,1,"우방,한국공영목련",84.97,202110,6,"64,000",1,1994,고산로643번길 9,,-,-
경기도 군포시 산본동,1052,1052,0,주공11,58.01,202110,1,"45,000",4,1991,산본천로 119-9,,-,-
경기도 군포시 산본동,1052,1052,0,주공11,38.64,202110,4,"36,750",10,1991,산본천로 119-9,,-,-
경기도 군포시 산본동,1052,1052,0,주공11,36.16,202110,4,"39,000",3,1991,산본천로 119-9,,-,-
경기도 군포시 산본동,1052,1052,0,주공11,36.16,202110,7,"40,000",7,1991,산본천로 119-9,,-,-
경기도 군포시 산본동,1052,1052,0,주공11,58.01,202110,8,"65,000",11,1991,산본천로 119-9,,-,-
경기도 군포시 산본동,1052,1052,0,주공11,58.01,202110,14,"61,000",4,1991,산본천로 119-9,,-,-
경기도 군포시 산본동,1148-4,1148,4,주공9단지금강,42.75,202110,7,"32,000",8,1994,고산로517번길 20,,-,-
경기도 군포시 산본동,1121,1121,0,주몽마을(대림),59.817,202110,14,"78,500",5,2002,고산로 596-15,,-,-
경기도 군포시 산본동,1156-15,1156,15,한라주공4-2,59.98,202110,11,"50,000",9,1997,번영로 328,,-,-
경기도 군포시 산본동,1151-5,1151,5,한양수리,96.359,202110,13,"76,800",13,1994,수리산로 40,,-,-
경기도 군포시 산본동,1151-5,1151,5,한양수리,128.114,202110,26,"83,300",2,1994,수리산로 40,,-,-
경기도 군포시 산본동,1145-14,1145,14,한일을지,101.67,202110,2,"77,200",5,1993,산본천로 12,,-,-
경기도 김포시 감정동,631,631,0,김포센트럴헤센1단지,59.9941,202110,23,"28,000",6,2020,감정로 87,,-,-
경기도 김포시 감정동,696,696,0,김포한강신안실크밸리3차,84.8026,202110,12,"51,500",3,2012,중봉로 1-1,,-,-
경기도 김포시 감정동,696,696,0,김포한강신안실크밸리3차,84.8026,202110,16,"69,000",15,2012,중봉로 1-1,,-,-
경기도 김포시 감정동,696,696,0,김포한강신안실크밸리3차,84.8026,202110,19,"52,800",8,2012,중봉로 1-1,,-,-
경기도 김포시 감정동,659,659,0,삼환,118.14,202110,20,"47,000",8,1995,봉화로181번길 30,,-,-
경기도 김포시 감정동,674,674,0,신화,84.75,202110,2,"32,800",1,1995,봉화로167번길 35-18,,-,-
경기도 김포시 감정동,674,674,0,신화,84.75,202110,5,"37,800",10,1995,봉화로167번길 35-18,,-,-
경기도 김포시 감정동,674,674,0,신화,84.75,202110,6,"37,700",5,1995,봉화로167번길 35-18,,-,-
경기도 김포시 감정동,517-1,517,1,쌍용,59.8,202110,4,"28,400",1,1998,중봉로58번길 46,20211026,-,-
경기도 김포시 감정동,517-1,517,1,쌍용,59.8,202110,4,"28,400",1,1998,중봉로58번길 46,,-,-
경기도 김포시 감정동,685,685,0,푸른마을(신안),68.931,202110,1,"27,500",1,2001,감정로 64,,-,-
경기도 김포시 감정동,685,685,0,푸른마을(신안),59.794,202110,1,"27,500",7,2001,감정로 64,,-,-
경기도 김포시 감정동,685,685,0,푸른마을(신안),84.886,202110,4,"34,800",1,2001,감정로 64,,-,-
경기도 김포시 감정동,685,685,0,푸른마을(신안),59.794,202110,4,"30,900",5,2001,감정로38번길 16,,-,-
경기도 김포시 감정동,685,685,0,푸른마을(신안),59.794,202110,5,"27,000",3,2001,감정로 64,,-,-
경기도 김포시 감정동,685,685,0,푸른마을(신안),181.545,202110,5,"51,000",15,2001,감정로 64,,-,-
경기도 김포시 감정동,685,685,0,푸른마을(신안),84.886,202110,14,"36,600",7,2001,감정로 64,,-,-
경기도 김포시 감정동,685,685,0,푸른마을(신안),84.886,202110,15,"38,250",3,2001,감정로38번길 16,,-,-
경기도 김포시 감정동,685,685,0,푸른마을(신안),68.931,202110,16,"29,800",15,2001,감정로 64,,-,-
경기도 김포시 감정동,685,685,0,푸른마을(신안),68.931,202110,18,"32,900",11,2001,감정로38번길 16,,-,-
경기도 김포시 감정동,685,685,0,푸른마을(신안),68.931,202110,21,"30,000",11,2001,감정로 64,,-,-
경기도 김포시 감정동,685,685,0,푸른마을(신안),84.886,202110,21,"37,500",9,2001,감정로 64,,-,-
경기도 김포시 감정동,685,685,0,푸른마을(신안),59.794,202110,25,"31,100",5,2001,감정로 64,,-,-
경기도 김포시 감정동,685,685,0,푸른마을(신안),181.545,202110,26,"45,000",5,2001,감정로 64,,-,-
경기도 김포시 감정동,662,662,0,효성,99.908,202110,12,"37,000",3,1996,봉화로181번길 31-15,,-,-
경기도 김포시 감정동,521-1,521,1,희영(무지개),84.94,202110,20,"31,000",10,1997,중봉로58번길 20,,-,-
경기도 김포시 걸포동,1558,1558,0,오스타파라곤1단지,136.32,202110,7,"82,000",10,2010,걸포1로 11,,-,-
경기도 김포시 걸포동,1558,1558,0,오스타파라곤1단지,84.99,202110,16,"66,000",3,2010,걸포1로 11,,-,-
경기도 김포시 걸포동,1558,1558,0,오스타파라곤1단지,84.99,202110,16,"69,800",11,2010,걸포1로 11,,-,-
경기도 김포시 걸포동,1558,1558,0,오스타파라곤1단지,136.32,202110,18,"90,000",17,2010,걸포1로 11,,-,-
경기도 김포시 걸포동,1558,1558,0,오스타파라곤1단지,136.32,202110,19,"87,500",15,2010,걸포1로 11,,-,-
경기도 김포시 걸포동,1558,1558,0,오스타파라곤1단지,99.32,202110,24,"73,000",6,2010,걸포1로 11,,-,-
경기도 김포시 걸포동,1561,1561,0,오스타파라곤2단지,136.32,202110,8,"83,500",17,2010,걸포1로 10,,-,-
경기도 김포시 걸포동,1561,1561,0,오스타파라곤2단지,119.72,202110,9,"81,000",11,2010,걸포1로 10,,-,-
경기도 김포시 걸포동,1561,1561,0,오스타파라곤2단지,119.72,202110,10,"79,500",7,2010,걸포1로 10,,-,-
경기도 김포시 걸포동,1561,1561,0,오스타파라곤2단지,119.72,202110,23,"80,000",1,2010,걸포1로 10,,-,-
경기도 김포시 걸포동,1555,1555,0,오스타파라곤3단지,110.53,202110,2,"71,700",1,2010,걸포1로 39,,-,-
경기도 김포시 걸포동,BL-A-2,000A,2,한강메트로자이3단지,99.8476,202110,11,"128,000",15,2020,걸포2로 60,,-,-
경기도 김포시 걸포동,BL-2-1,2,1,한강파크뷰우방아이유쉘,84.9763,202110,1,"77,000",20,2019,걸포1로 40,,-,-
경기도 김포시 걸포동,BL-2-1,2,1,한강파크뷰우방아이유쉘,84.8922,202110,2,"75,000",7,2019,걸포1로 40,,-,-
경기도 김포시 고촌읍 신곡리,1110,1110,0,강변마을 동부센트레빌,84.9394,202110,2,"68,500",11,2006,신곡로3번길 34-38,,-,-
경기도 김포시 고촌읍 신곡리,1110,1110,0,강변마을 동부센트레빌,84.9904,202110,2,"69,700",13,2006,신곡로3번길 34-38,,-,-
경기도 김포시 고촌읍 신곡리,1280,1280,0,강변마을 월드메르디앙아파트,116.092,202110,7,"75,000",14,2010,신곡로 48,,-,-
경기도 김포시 고촌읍 신곡리,1102,1102,0,강변마을 청도솔리움,59.97,202110,11,"56,700",11,2006,신곡로 33,,-,-
경기도 김포시 고촌읍 신곡리,1291,1291,0,고촌행정타운 한양수자인,84.9896,202110,2,"82,000",10,2017,은행영사정로23번길 23,,-,-
경기도 김포시 고촌읍 신곡리,1291,1291,0,고촌행정타운 한양수자인,64.9693,202110,2,"67,000",14,2017,은행영사정로23번길 23,,-,-
경기도 김포시 고촌읍 신곡리,1291,1291,0,고촌행정타운 한양수자인,64.9693,202110,4,"67,000",4,2017,은행영사정로23번길 23,,-,-
경기도 김포시 고촌읍 신곡리,1291,1291,0,고촌행정타운 한양수자인,64.9693,202110,9,"70,000",4,2017,은행영사정로23번길 23,,-,-
경기도 김포시 고촌읍 신곡리,1291,1291,0,고촌행정타운 한양수자인,76.946,202110,16,"75,000",3,2017,은행영사정로23번길 23,,-,-
경기도 김포시 고촌읍 신곡리,1291,1291,0,고촌행정타운 한양수자인,84.9896,202110,25,"78,300",2,2017,은행영사정로23번길 23,,-,-
경기도 김포시 고촌읍 신곡리,539-1,539,1,길훈,82.105,202110,9,"46,300",4,1991,장차로 25,,-,-
경기도 김포시 고촌읍 신곡리,1284,1284,0,김포고촌우방아이유쉘,84.848,202110,5,"68,000",13,2014,고송로 7,,-,-
경기도 김포시 고촌읍 신곡리,1284,1284,0,김포고촌우방아이유쉘,84.848,202110,8,"74,000",7,2014,고송로 7,,-,-
경기도 김포시 고촌읍 신곡리,532-78,532,78,김포뉴시티,17.82,202110,5,"9,850",9,2016,김포대로 340,,-,-
경기도 김포시 고촌읍 신곡리,1269,1269,0,수기마을힐스테이트1단지,127.71,202110,3,"89,500",6,2008,수기로 67-54,,-,-
경기도 김포시 고촌읍 신곡리,1269,1269,0,수기마을힐스테이트1단지,84.98,202110,11,"76,000",6,2008,수기로 67-54,,-,-
경기도 김포시 고촌읍 신곡리,1269,1269,0,수기마을힐스테이트1단지,84.85,202110,13,"73,000",12,2008,수기로 67-54,,-,-
경기도 김포시 고촌읍 신곡리,1256,1256,0,수기마을힐스테이트2단지,101.97,202110,2,"86,300",14,2008,수기로 67-53,,-,-
경기도 김포시 고촌읍 신곡리,1256,1256,0,수기마을힐스테이트2단지,101.97,202110,4,"80,000",2,2008,수기로 67-53,,-,-
경기도 김포시 고촌읍 신곡리,1256,1256,0,수기마을힐스테이트2단지,127.87,202110,11,"91,500",5,2008,수기로 67-53,,-,-
경기도 김포시 고촌읍 신곡리,1256,1256,0,수기마을힐스테이트2단지,133.35,202110,14,"92,500",9,2008,수기로 67-53,,-,-
경기도 김포시 고촌읍 신곡리,1058,1058,0,오룡마을한화,84.993,202110,20,"58,000",10,2002,수기로 8,,-,-
경기도 김포시 고촌읍 향산리,BL-A1-1,00A1,1,힐스테이트 리버시티 1단지,76.9904,202110,16,"68,000",1,2020,상미로 38,,-,-
경기도 김포시 구래동,Apr-88,6888,4,구래역화성파크드림,84.8,202110,2,"52,000",20,2015,김포한강8로 365,,-,-
경기도 김포시 구래동,Apr-88,6888,4,구래역화성파크드림,84.8,202110,15,"52,800",24,2015,김포한강8로 365,,-,-
경기도 김포시 구래동,Apr-88,6888,4,구래역화성파크드림,84.8,202110,16,"51,500",3,2015,김포한강8로 365,,-,-
경기도 김포시 구래동,Apr-88,6888,4,구래역화성파크드림,84.78,202110,16,"53,800",23,2015,김포한강8로 365,,-,-
경기도 김포시 구래동,6874-20,6874,20,김포한강아이파크,84.9592,202110,8,"63,000",21,2018,김포한강4로420번길 100,,-,-
경기도 김포시 구래동,6874-20,6874,20,김포한강아이파크,84.9592,202110,9,"55,500",17,2018,김포한강4로420번길 100,,-,-
경기도 김포시 구래동,6874-20,6874,20,김포한강아이파크,84.9592,202110,9,"60,500",20,2018,김포한강4로420번길 100,,-,-
경기도 김포시 구래동,6874-20,6874,20,김포한강아이파크,84.9592,202110,16,"61,800",11,2018,김포한강4로420번길 100,,-,-
경기도 김포시 구래동,6874-20,6874,20,김포한강아이파크,75.6597,202110,23,"53,700",6,2018,김포한강4로420번길 100,,-,-
경기도 김포시 구래동,6874-20,6874,20,김포한강아이파크,84.9592,202110,23,"60,400",16,2018,김포한강4로420번길 100,,-,-
경기도 김포시 구래동,6874-20,6874,20,김포한강아이파크,75.6597,202110,30,"53,700",19,2018,김포한강4로420번길 100,,-,-
경기도 김포시 구래동,Feb-88,6888,2,나비마을리슈빌,84.959,202110,9,"53,000",18,2012,김포한강8로 377,,-,-
경기도 김포시 구래동,Feb-88,6888,2,나비마을리슈빌,84.959,202110,20,"51,500",4,2012,김포한강8로 377,,-,-
경기도 김포시 구래동,Aug-73,6873,8,한가람마을(우미린),105.8231,202110,2,"60,800",17,2011,김포한강5로 417,,-,-
경기도 김포시 구래동,Aug-73,6873,8,한가람마을(우미린),130.0122,202110,2,"64,700",17,2011,김포한강5로 417,,-,-
경기도 김포시 구래동,Aug-73,6873,8,한가람마을(우미린),130.0122,202110,13,"63,500",14,2011,김포한강5로 417,,-,-
경기도 김포시 구래동,Aug-73,6873,8,한가람마을(우미린),128.9366,202110,16,"60,000",16,2011,김포한강5로 417,,-,-
경기도 김포시 구래동,Aug-73,6873,8,한가람마을(우미린),128.9366,202110,19,"62,000",15,2011,김포한강5로 417,,-,-
경기도 김포시 구래동,Feb-95,6895,2,한강신도시3차푸르지오,59.539,202110,8,"46,500",14,2017,김포한강8로 409,,-,-
경기도 김포시 구래동,Feb-95,6895,2,한강신도시3차푸르지오,59.495,202110,9,"46,000",17,2017,김포한강8로 409,,-,-
경기도 김포시 구래동,Feb-95,6895,2,한강신도시3차푸르지오,59.5167,202110,9,"46,900",6,2017,김포한강8로 409,,-,-
경기도 김포시 구래동,Feb-95,6895,2,한강신도시3차푸르지오,59.495,202110,10,"44,000",3,2017,김포한강8로 409,,-,-
경기도 김포시 구래동,Feb-95,6895,2,한강신도시3차푸르지오,59.495,202110,11,"44,750",3,2017,김포한강8로 409,,-,-
경기도 김포시 구래동,Feb-95,6895,2,한강신도시3차푸르지오,59.539,202110,16,"45,000",2,2017,김포한강8로 409,,-,-
경기도 김포시 구래동,Feb-95,6895,2,한강신도시3차푸르지오,59.539,202110,21,"48,200",22,2017,김포한강8로 409,,-,-
경기도 김포시 구래동,Jun-88,6888,6,한강신도시모아엘가2차,59.97,202110,13,"46,900",12,2017,김포한강9로12번길 50,,-,-
경기도 김포시 구래동,Jun-88,6888,6,한강신도시모아엘가2차,59.97,202110,16,"43,300",5,2017,김포한강9로12번길 50,,-,-
경기도 김포시 구래동,Jun-88,6888,6,한강신도시모아엘가2차,59.74,202110,22,"44,600",15,2017,김포한강9로12번길 50,,-,-
경기도 김포시 구래동,Jun-88,6888,6,한강신도시모아엘가2차,59.97,202110,26,"43,000",1,2017,김포한강9로12번길 50,,-,-
경기도 김포시 구래동,Jun-88,6888,6,한강신도시모아엘가2차,59.95,202110,27,"41,000",7,2017,김포한강9로12번길 50,,-,-
경기도 김포시 구래동,Jun-86,6886,6,한강신도시반도유보라4차,78.2815,202110,13,"64,000",14,2018,김포한강4로 487,,-,-
경기도 김포시 구래동,Jun-86,6886,6,한강신도시반도유보라4차,78.9889,202110,26,"70,000",25,2018,김포한강4로 487,,-,-
경기도 김포시 구래동,6873-19,6873,19,한강신도시반도유보라5차,104.3203,202110,2,"66,000",3,2018,김포한강9로 116,,-,-
경기도 김포시 구래동,6873-19,6873,19,한강신도시반도유보라5차,104.3203,202110,23,"71,000",16,2018,김포한강9로 116,,-,-
경기도 김포시 구래동,Mar-87,6887,3,호반베르디움더레이크3차,84.8559,202110,23,"59,800",7,2018,솔터로 23,,-,-
경기도 김포시 구래동,6874-17,6874,17,호수마을e편한세상,84.6499,202110,9,"54,900",14,2013,김포한강5로 385,,-,-
경기도 김포시 구래동,6874-17,6874,17,호수마을e편한세상,84.9759,202110,14,"55,500",6,2013,김포한강5로 385,,-,-
경기도 김포시 구래동,6874-17,6874,17,호수마을e편한세상,84.6499,202110,22,"53,500",13,2013,김포한강5로 385,,-,-
경기도 김포시 구래동,6874-17,6874,17,호수마을e편한세상,84.6507,202110,29,"52,500",11,2013,김포한강5로 385,,-,-
경기도 김포시 마산동,672-3,672,3,e편한세상한강신도시2차,84.9791,202110,4,"57,000",21,2018,김포한강8로 173-59,,-,-
경기도 김포시 마산동,672-3,672,3,e편한세상한강신도시2차,84.9791,202110,5,"59,600",8,2018,김포한강8로 173-59,,-,-
경기도 김포시 마산동,672-3,672,3,e편한세상한강신도시2차,84.9704,202110,8,"58,800",25,2018,김포한강8로 173-59,,-,-
경기도 김포시 마산동,672-3,672,3,e편한세상한강신도시2차,74.2092,202110,9,"56,800",4,2018,김포한강8로 173-59,,-,-
경기도 김포시 마산동,672-3,672,3,e편한세상한강신도시2차,74.2092,202110,16,"56,000",23,2018,김포한강8로 173-59,,-,-
경기도 김포시 마산동,672-3,672,3,e편한세상한강신도시2차,84.9704,202110,17,"58,700",17,2018,김포한강8로 173-59,,-,-
경기도 김포시 마산동,672-3,672,3,e편한세상한강신도시2차,84.9791,202110,17,"62,000",4,2018,김포한강8로 173-59,,-,-
경기도 김포시 마산동,672-3,672,3,e편한세상한강신도시2차,84.9791,202110,18,"60,500",16,2018,김포한강8로 173-59,,-,-
경기도 김포시 마산동,639-8,639,8,은여울마을경남아너스빌,84.66,202110,4,"51,500",20,2013,김포한강8로 173-58,,-,-
경기도 김포시 마산동,639-8,639,8,은여울마을경남아너스빌,74.65,202110,5,"47,800",12,2013,김포한강8로 173-58,,-,-
경기도 김포시 마산동,639-8,639,8,은여울마을경남아너스빌,74.65,202110,8,"47,000",10,2013,김포한강8로 173-58,,-,-
경기도 김포시 마산동,639-8,639,8,은여울마을경남아너스빌,84.76,202110,10,"52,000",9,2013,김포한강8로 173-58,,-,-
경기도 김포시 마산동,639-8,639,8,은여울마을경남아너스빌,74.65,202110,12,"47,900",5,2013,김포한강8로 173-58,,-,-
경기도 김포시 마산동,639-8,639,8,은여울마을경남아너스빌,74.65,202110,13,"49,200",18,2013,김포한강8로 173-58,,-,-
경기도 김포시 마산동,639-8,639,8,은여울마을경남아너스빌,74.82,202110,16,"47,800",10,2013,김포한강8로 173-58,,-,-
경기도 김포시 마산동,636-1,636,1,한강 힐스테이트,84.954,202110,1,"50,000",10,2013,김포한강7로22번길 22,,-,-
경기도 김포시 마산동,636-1,636,1,한강 힐스테이트,84.9238,202110,4,"49,500",8,2013,김포한강7로22번길 22,,-,-
경기도 김포시 마산동,636-1,636,1,한강 힐스테이트,84.9744,202110,16,"50,800",20,2013,김포한강7로22번길 22,,-,-
경기도 김포시 마산동,636-1,636,1,한강 힐스테이트,84.937,202110,16,"50,000",16,2013,김포한강7로22번길 22,,-,-
경기도 김포시 마산동,636-1,636,1,한강 힐스테이트,84.9794,202110,17,"48,500",10,2013,김포한강7로22번길 22,,-,-
경기도 김포시 마산동,638-4,638,4,한강동일스위트TheParkView1단지,84.9584,202110,3,"56,000",15,2020,김포한강8로 173-1,,-,-
경기도 김포시 마산동,616-3,616,3,한강신도시레이크에일린의뜰,73.4149,202110,6,"43,000",17,2017,김포한강8로 281,,-,-
경기도 김포시 마산동,616-3,616,3,한강신도시레이크에일린의뜰,73.4149,202110,20,"50,000",5,2017,김포한강8로 281,,-,-
경기도 김포시 마산동,616-3,616,3,한강신도시레이크에일린의뜰,84.8915,202110,23,"54,500",11,2017,김포한강8로 281,,-,-
경기도 김포시 마산동,640-5,640,5,한강신도시반도유보라3차,84.9855,202110,16,"59,500",4,2017,김포한강8로 173-28,,-,-
경기도 김포시 북변동,688,688,0,대우,52.44,202110,2,"29,800",9,1995,봉화로182번길 33,,-,-
경기도 김포시 북변동,688,688,0,대우,52.44,202110,2,"31,000",9,1995,봉화로182번길 33,,-,-
경기도 김포시 북변동,688,688,0,대우,52.44,202110,6,"31,000",13,1995,봉화로182번길 33,,-,-
경기도 김포시 북변동,688,688,0,대우,52.44,202110,6,"34,700",9,1995,봉화로182번길 33,,-,-
경기도 김포시 북변동,690,690,0,산호,59.46,202110,6,"35,000",7,1995,북변1로16번길 34,,-,-
경기도 김포시 북변동,690,690,0,산호,59.61,202110,7,"36,000",7,1995,북변1로16번길 34,,-,-
경기도 김포시 북변동,690,690,0,산호,59.935,202110,7,"35,400",7,1995,북변1로16번길 34,,-,-
경기도 김포시 북변동,690,690,0,산호,59.61,202110,9,"35,500",13,1995,북변1로16번길 34,,-,-
경기도 김포시 북변동,690,690,0,산호,59.935,202110,15,"36,000",10,1995,북변1로16번길 34,,-,-
경기도 김포시 북변동,690,690,0,산호,59.935,202110,16,"34,450",9,1995,북변1로16번길 34,,-,-
경기도 김포시 북변동,806,806,0,풍년마을(삼성),149.22,202110,6,"53,500",1,2000,김포대로926번길 46,,-,-
경기도 김포시 북변동,815,815,0,풍년마을(한라),59.99,202110,2,"40,000",11,1998,사우중로73번길 11,,-,-
경기도 김포시 사우동,238-5,238,5,김포,43.29,202110,8,"15,500",2,1986,사우중로3번길 35,,-,-
경기도 김포시 사우동,238-5,238,5,김포,38.61,202110,23,"15,500",3,1986,사우중로3번길 35,,-,-
경기도 김포시 사우동,1481,1481,0,김포사우아이파크,84.92,202110,8,"73,500",14,2018,사우로 51,,-,-
경기도 김포시 사우동,1224,1224,0,농장마을(신안),84.44,202110,2,"35,000",8,1998,봉화로 59-17,,-,-
경기도 김포시 사우동,1224,1224,0,농장마을(신안),84.44,202110,15,"37,500",8,1998,봉화로 59-17,,-,-
경기도 김포시 사우동,1474,1474,0,풍년마을(건영),84.39,202110,23,"41,000",17,2001,풍년로 53,,-,-
경기도 김포시 사우동,1475,1475,0,풍년마을(대우),111.906,202110,10,"51,500",4,2002,사우중로74번길 66,,-,-
경기도 김포시 사우동,856,856,0,풍년마을(삼보),84.452,202110,4,"43,500",20,1998,풍년로 9,,-,-
경기도 김포시 사우동,911,911,0,풍년마을(현대),59.933,202110,11,"36,700",2,1998,사우로 12,,-,-
경기도 김포시 사우동,857,857,0,풍년마을(흥화),59.94,202110,23,"39,700",15,1998,풍년로 19,,-,-
경기도 김포시 사우동,857,857,0,풍년마을(흥화),59.94,202110,26,"38,000",13,1998,풍년로 19,,-,-
경기도 김포시 양촌읍 양곡리,1551,1551,0,김포한강삼정그린코아더베스트,78.2398,202110,1,"38,500",1,2020,양곡1로68번길 59,,-,-
경기도 김포시 양촌읍 양곡리,1551,1551,0,김포한강삼정그린코아더베스트,59.8257,202110,4,"31,000",12,2020,양곡1로68번길 59,,-,-
경기도 김포시 양촌읍 양곡리,1551,1551,0,김포한강삼정그린코아더베스트,52.2574,202110,9,"29,600",14,2020,양곡1로68번길 59,,-,-
경기도 김포시 양촌읍 양곡리,1238,1238,0,양곡 더숲,84.87,202110,1,"32,000",4,2010,양곡3로 155,,-,-
경기도 김포시 양촌읍 양곡리,1238,1238,0,양곡 더숲,84.87,202110,21,"34,300",9,2010,양곡3로 155,,-,-
경기도 김포시 양촌읍 양곡리,865-1,865,1,희영(곡촌마을),59.81,202110,2,"22,300",6,1999,양곡2로80번길 34,,-,-
경기도 김포시 양촌읍 학운리,3019,3019,0,자연앤데시앙(금빛마을),84.813,202110,9,"30,300",10,2010,황금로89번길 25,,-,-
경기도 김포시 양촌읍 학운리,3019,3019,0,자연앤데시앙(금빛마을),84.607,202110,15,"35,000",8,2010,황금로89번길 25,,-,-
경기도 김포시 양촌읍 학운리,3019,3019,0,자연앤데시앙(금빛마을),84.813,202110,20,"30,500",12,2010,황금로89번길 25,,-,-
경기도 김포시 운양동,1300-3,1300,3,김포한강신도시반도유보라2차,59.1119,202110,1,"55,800",19,2013,김포한강11로 276,,-,-
경기도 김포시 운양동,1300-3,1300,3,김포한강신도시반도유보라2차,59.1119,202110,6,"55,900",5,2013,김포한강11로 276,,-,-
경기도 김포시 운양동,1300-3,1300,3,김포한강신도시반도유보라2차,59.3317,202110,9,"56,000",3,2013,김포한강11로 276,,-,-
경기도 김포시 운양동,1300-3,1300,3,김포한강신도시반도유보라2차,59.4267,202110,12,"57,000",12,2013,김포한강11로 276,,-,-
경기도 김포시 운양동,1300-3,1300,3,김포한강신도시반도유보라2차,59.4267,202110,13,"59,500",26,2013,김포한강11로 276,,-,-
경기도 김포시 운양동,1300-3,1300,3,김포한강신도시반도유보라2차,59.4267,202110,14,"56,800",16,2013,김포한강11로 276,,-,-
경기도 김포시 운양동,1300-3,1300,3,김포한강신도시반도유보라2차,59.4267,202110,21,"55,000",21,2013,김포한강11로 276,,-,-
경기도 김포시 운양동,1300-3,1300,3,김포한강신도시반도유보라2차,59.1119,202110,23,"57,500",5,2013,김포한강11로 276,,-,-
경기도 김포시 운양동,1300-3,1300,3,김포한강신도시반도유보라2차,59.1119,202110,25,"62,000",19,2013,김포한강11로 276,,-,-
경기도 김포시 운양동,1304-1,1304,1,김포한강이랜드타운힐스,84.972,202110,2,"75,500",16,2018,김포한강11로255번길 15,,-,-
경기도 김포시 운양동,1325-7,1325,7,모담마을한강화성파크드림,84.9959,202110,2,"58,000",24,2012,김포한강11로 38,,-,-
경기도 김포시 운양동,1436,1436,0,전원마을(월드3차1단지),59.478,202110,2,"35,000",1,1999,전원로 28,,-,-
경기도 김포시 운양동,1436,1436,0,전원마을(월드3차1단지),59.478,202110,2,"35,000",1,1999,전원로 28,,-,-
경기도 김포시 운양동,1436,1436,0,전원마을(월드3차1단지),84.252,202110,2,"43,000",3,1999,전원로 28,,-,-
경기도 김포시 운양동,1304-5,1304,5,풍경마을래미안한강2차,70.76,202110,9,"61,500",6,2014,김포한강11로 227,,-,-
경기도 김포시 운양동,1304-5,1304,5,풍경마을래미안한강2차,68.98,202110,9,"57,000",4,2014,김포한강11로 227,,-,-
경기도 김포시 운양동,1304-5,1304,5,풍경마을래미안한강2차,68.98,202110,9,"56,800",6,2014,김포한강11로 227,,-,-
경기도 김포시 운양동,1304-5,1304,5,풍경마을래미안한강2차,84.98,202110,11,"66,500",12,2014,김포한강11로 227,,-,-
경기도 김포시 운양동,1304-5,1304,5,풍경마을래미안한강2차,84.98,202110,13,"68,500",19,2014,김포한강11로 227,,-,-
경기도 김포시 운양동,1304-5,1304,5,풍경마을래미안한강2차,84.98,202110,15,"63,000",17,2014,김포한강11로 227,,-,-
경기도 김포시 운양동,1304-5,1304,5,풍경마을래미안한강2차,84.98,202110,16,"62,000",2,2014,김포한강11로 227,,-,-
경기도 김포시 운양동,1304-5,1304,5,풍경마을래미안한강2차,75.86,202110,29,"57,500",4,2014,김포한강11로 227,,-,-
경기도 김포시 운양동,1250-3,1250,3,한강신도시e편한세상,140.463,202110,4,"86,700",9,2012,김포한강11로 287,,-,-
경기도 김포시 운양동,1250-3,1250,3,한강신도시e편한세상,101.847,202110,4,"76,500",12,2012,김포한강11로 287,,-,-
경기도 김포시 운양동,1250-3,1250,3,한강신도시e편한세상,101.91,202110,22,"75,500",7,2012,김포한강11로 287,,-,-
경기도 김포시 운양동,1301-1,1301,1,한강신도시롯데캐슬,84.7624,202110,4,"64,000",3,2014,김포한강11로 275,,-,-
경기도 김포시 운양동,1301-1,1301,1,한강신도시롯데캐슬,122.847,202110,12,"80,000",19,2014,김포한강11로 275,,-,-
경기도 김포시 운양동,1301-1,1301,1,한강신도시롯데캐슬,84.7624,202110,15,"65,000",2,2014,김포한강11로 275,,-,-
경기도 김포시 운양동,1301-1,1301,1,한강신도시롯데캐슬,122.847,202110,23,"85,000",2,2014,김포한강11로 275,,-,-
경기도 김포시 운양동,1301-1,1301,1,한강신도시롯데캐슬,122.847,202110,30,"85,000",6,2014,김포한강11로 275,,-,-
경기도 김포시 운양동,1305-1,1305,1,한강신도시리버에일린의뜰,84.9023,202110,2,"50,000",1,2017,김포대로 1430,,-,-
경기도 김포시 운양동,1305-1,1305,1,한강신도시리버에일린의뜰,84.9023,202110,13,"59,500",19,2017,김포대로 1430,,-,-
경기도 김포시 운양동,1305-1,1305,1,한강신도시리버에일린의뜰,84.8915,202110,16,"54,400",9,2017,김포대로 1430,,-,-
경기도 김포시 운양동,1305-1,1305,1,한강신도시리버에일린의뜰,84.9023,202110,23,"60,000",13,2017,김포대로 1430,,-,-
경기도 김포시 운양동,1340-7,1340,7,한강신도시반도유보라6차,72.7719,202110,12,"64,500",10,2017,모담공원로 53,,-,-
경기도 김포시 운양동,1331-1,1331,1,한강신도시운양KCC스위첸,84.97,202110,2,"71,000",23,2018,김포한강11로 37,,-,-
경기도 김포시 운양동,1331-1,1331,1,한강신도시운양KCC스위첸,84.93,202110,4,"70,000",3,2018,김포한강11로 37,,-,-
경기도 김포시 운양동,1331-1,1331,1,한강신도시운양KCC스위첸,84.37,202110,13,"77,000",19,2018,김포한강11로 37,,-,-
경기도 김포시 운양동,1306-2,1306,2,한강신도시운양푸르지오,67.7739,202110,11,"57,250",3,2016,모담공원로 17,,-,-
경기도 김포시 운양동,1407-5,1407,5,한강신도시푸르지오,59.9478,202110,2,"49,800",3,2013,김포한강11로 179,,-,-
경기도 김포시 운양동,1407-5,1407,5,한강신도시푸르지오,59.9478,202110,23,"50,800",11,2013,김포한강11로 179,,-,-
경기도 김포시 장기동,1642,1642,0,고창마을(반도유보라),101.8709,202110,23,"63,000",5,2008,김포한강1로 9,,-,-
경기도 김포시 장기동,1635,1635,0,고창마을(이니스더원),112.0079,202110,16,"52,000",7,2008,김포한강3로 290-16,,-,-
경기도 김포시 장기동,1629,1629,0,고창마을(자연앤어울림),84.85,202110,1,"53,800",10,2009,김포한강2로 192,,-,-
경기도 김포시 장기동,1629,1629,0,고창마을(자연앤어울림),84.85,202110,1,"54,300",16,2009,김포한강2로 192,,-,-
경기도 김포시 장기동,1629,1629,0,고창마을(자연앤어울림),84.85,202110,4,"53,000",18,2009,김포한강2로 192,,-,-
경기도 김포시 장기동,1629,1629,0,고창마을(자연앤어울림),84.85,202110,7,"55,350",11,2009,김포한강2로 192,,-,-
경기도 김포시 장기동,1629,1629,0,고창마을(자연앤어울림),84.67,202110,10,"56,700",10,2009,김포한강2로 192,,-,-
경기도 김포시 장기동,1629,1629,0,고창마을(자연앤어울림),84.85,202110,15,"55,200",13,2009,김포한강2로 192,,-,-
경기도 김포시 장기동,1629,1629,0,고창마을(자연앤어울림),84.85,202110,19,"55,800",4,2009,김포한강2로 192,,-,-
경기도 김포시 장기동,1636,1636,0,고창마을(제일풍경채),84.9741,202110,5,"52,000",4,2008,김포한강2로 189,,-,-
경기도 김포시 장기동,1636,1636,0,고창마을(제일풍경채),84.9741,202110,12,"50,000",5,2008,김포한강2로 189,,-,-
경기도 김포시 장기동,1886-2,1886,2,고창마을(케이씨씨스위첸),59.806,202110,1,"47,750",12,2011,김포한강2로 208,,-,-
경기도 김포시 장기동,1886-2,1886,2,고창마을(케이씨씨스위첸),59.984,202110,8,"48,000",16,2011,김포한강2로 208,,-,-
경기도 김포시 장기동,1886-2,1886,2,고창마을(케이씨씨스위첸),59.983,202110,9,"52,000",11,2011,김포한강2로 208,,-,-
경기도 김포시 장기동,1886-2,1886,2,고창마을(케이씨씨스위첸),59.959,202110,16,"51,000",14,2011,김포한강2로 208,,-,-
경기도 김포시 장기동,1886-2,1886,2,고창마을(케이씨씨스위첸),59.984,202110,18,"48,500",6,2011,김포한강2로 208,,-,-
경기도 김포시 장기동,1886-2,1886,2,고창마을(케이씨씨스위첸),59.806,202110,23,"48,000",11,2011,김포한강2로 208,,-,-
경기도 김포시 장기동,1886-2,1886,2,고창마을(케이씨씨스위첸),59.806,202110,23,"48,400",4,2011,김포한강2로 208,,-,-
경기도 김포시 장기동,1886-2,1886,2,고창마을(케이씨씨스위첸),59.959,202110,25,"52,000",18,2011,김포한강2로 208,,-,-
경기도 김포시 장기동,1886-2,1886,2,고창마을(케이씨씨스위첸),59.984,202110,30,"49,900",8,2011,김포한강2로 208,,-,-
경기도 김포시 장기동,1885-10,1885,10,고창마을한양수자인리버팰리스,71.5521,202110,8,"50,000",14,2012,김포한강3로 290-13,,-,-
경기도 김포시 장기동,1885-10,1885,10,고창마을한양수자인리버팰리스,84.8834,202110,13,"60,000",21,2012,김포한강3로 290-13,,-,-
경기도 김포시 장기동,1885-10,1885,10,고창마을한양수자인리버팰리스,84.9196,202110,16,"59,500",24,2012,김포한강3로 290-13,,-,-
경기도 김포시 장기동,1885-10,1885,10,고창마을한양수자인리버팰리스,84.9076,202110,20,"58,000",13,2012,김포한강3로 290-13,,-,-
경기도 김포시 장기동,1885-10,1885,10,고창마을한양수자인리버팰리스,71.5521,202110,23,"53,000",18,2012,김포한강3로 290-13,,-,-
경기도 김포시 장기동,1885-10,1885,10,고창마을한양수자인리버팰리스,71.5521,202110,23,"54,800",14,2012,김포한강3로 290-13,,-,-
경기도 김포시 장기동,1885-10,1885,10,고창마을한양수자인리버팰리스,84.9255,202110,25,"59,500",19,2012,김포한강3로 290-13,,-,-
경기도 김포시 장기동,1885-10,1885,10,고창마을한양수자인리버팰리스,84.9196,202110,26,"60,000",25,2012,김포한강3로 290-13,,-,-
경기도 김포시 장기동,Apr-04,2004,4,수정마을(쌍용예가),84.561,202110,2,"58,500",11,2011,김포한강2로 11,,-,-
경기도 김포시 장기동,Apr-04,2004,4,수정마을(쌍용예가),84.752,202110,2,"63,000",14,2011,김포한강2로 11,,-,-
경기도 김포시 장기동,Apr-04,2004,4,수정마을(쌍용예가),84.753,202110,6,"55,900",10,2011,김포한강2로 11,,-,-
경기도 김포시 장기동,Apr-04,2004,4,수정마을(쌍용예가),84.753,202110,9,"52,000",2,2011,김포한강2로 11,,-,-
경기도 김포시 장기동,Apr-04,2004,4,수정마을(쌍용예가),84.561,202110,9,"56,700",10,2011,김포한강2로 11,,-,-
경기도 김포시 장기동,Apr-04,2004,4,수정마을(쌍용예가),84.65,202110,25,"38,000",10,2011,김포한강2로 11,,-,-
경기도 김포시 장기동,1339,1339,0,청송마을(현대1),114.192,202110,2,"51,000",7,2001,청송로 70,,-,-
경기도 김포시 장기동,1339,1339,0,청송마을(현대1),114.192,202110,7,"53,000",19,2001,청송로 70,,-,-
경기도 김포시 장기동,1339,1339,0,청송마을(현대1),84.281,202110,7,"42,000",1,2001,청송로 70,,-,-
경기도 김포시 장기동,1339,1339,0,청송마을(현대1),84.281,202110,9,"48,000",12,2001,청송로 70,20211019,-,-
경기도 김포시 장기동,1339,1339,0,청송마을(현대1),84.281,202110,9,"48,000",12,2001,청송로 70,,-,-
경기도 김포시 장기동,1342,1342,0,청송마을(현대2),84.281,202110,14,"51,000",7,2001,청송로 20,,-,-
경기도 김포시 장기동,1342,1342,0,청송마을(현대2),114.192,202110,17,"59,500",10,2001,청송로 20,,-,-
경기도 김포시 장기동,1312,1312,0,청송마을(현대3),134.737,202110,30,"61,700",3,2001,청송로 19,,-,-
경기도 김포시 장기동,1869-5,1869,5,청송마을모아미래도엘가,84.8152,202110,6,"56,700",13,2014,김포한강2로 273,,-,-
경기도 김포시 장기동,1869-5,1869,5,청송마을모아미래도엘가,84.9286,202110,18,"50,000",2,2014,김포한강2로 273,,-,-
경기도 김포시 장기동,1866-1,1866,1,청송마을중흥에스-클래스,107.5928,202110,8,"59,500",21,2012,김포한강2로 362,,-,-
경기도 김포시 장기동,1866-1,1866,1,청송마을중흥에스-클래스,107.5928,202110,8,"57,900",4,2012,김포한강2로 362,,-,-
경기도 김포시 장기동,1866-1,1866,1,청송마을중흥에스-클래스,107.5792,202110,8,"63,000",4,2012,김포한강2로 362,,-,-
경기도 김포시 장기동,1866-1,1866,1,청송마을중흥에스-클래스,112.4662,202110,9,"64,800",17,2012,김포한강2로 362,,-,-
경기도 김포시 장기동,1866-1,1866,1,청송마을중흥에스-클래스,112.4662,202110,14,"62,100",15,2012,김포한강2로 362,,-,-
경기도 김포시 장기동,Jan-65,2065,1,초당마을(우남퍼스트빌),126.04,202110,1,"79,500",12,2011,김포한강2로 103,,-,-
경기도 김포시 장기동,Jan-65,2065,1,초당마을(우남퍼스트빌),114.01,202110,4,"74,800",16,2011,김포한강2로 103,,-,-
경기도 김포시 장기동,Jan-65,2065,1,초당마을(우남퍼스트빌),114.01,202110,8,"62,500",24,2011,김포한강2로 103,,-,-
경기도 김포시 장기동,Jan-65,2065,1,초당마을(우남퍼스트빌),101.96,202110,16,"70,000",24,2011,김포한강2로 103,,-,-
경기도 김포시 장기동,1655,1655,0,초당마을(우미린),98.5214,202110,2,"59,000",3,2008,김포한강1로 10,,-,-
경기도 김포시 장기동,Feb-71,2071,2,초당마을래미안한강,101.03,202110,2,"76,700",10,2012,김포한강2로 69,,-,-
경기도 김포시 장기동,Feb-71,2071,2,초당마을래미안한강,101.16,202110,20,"77,000",4,2012,김포한강2로 69,,-,-
경기도 김포시 장기동,Feb-71,2071,2,초당마을래미안한강,125.97,202110,21,"84,500",9,2012,김포한강2로 69,,-,-
경기도 김포시 장기동,2193,2193,0,한강센트럴자이1단지,84.9751,202110,2,"69,500",8,2017,태장로 845,,-,-
경기도 김포시 장기동,2193,2193,0,한강센트럴자이1단지,84.9699,202110,2,"66,500",3,2017,태장로 845,,-,-
경기도 김포시 장기동,2193,2193,0,한강센트럴자이1단지,84.9751,202110,2,"67,000",14,2017,태장로 845,,-,-
경기도 김포시 장기동,2193,2193,0,한강센트럴자이1단지,70.8647,202110,3,"57,000",17,2017,태장로 845,,-,-
경기도 김포시 장기동,2193,2193,0,한강센트럴자이1단지,70.8647,202110,4,"61,000",8,2017,태장로 845,,-,-
경기도 김포시 장기동,2193,2193,0,한강센트럴자이1단지,84.9607,202110,5,"72,000",10,2017,태장로 845,,-,-
경기도 김포시 장기동,2193,2193,0,한강센트럴자이1단지,84.9751,202110,6,"63,000",4,2017,태장로 845,,-,-
경기도 김포시 장기동,2193,2193,0,한강센트럴자이1단지,84.9751,202110,8,"70,000",12,2017,태장로 845,,-,-
경기도 김포시 장기동,2193,2193,0,한강센트럴자이1단지,84.9607,202110,9,"70,800",10,2017,태장로 845,,-,-
경기도 김포시 장기동,2193,2193,0,한강센트럴자이1단지,84.9751,202110,16,"69,000",9,2017,태장로 845,,-,-
경기도 김포시 장기동,2193,2193,0,한강센트럴자이1단지,84.9751,202110,25,"70,000",23,2017,태장로 845,,-,-
경기도 김포시 장기동,2193,2193,0,한강센트럴자이1단지,70.8647,202110,25,"62,000",9,2017,태장로 845,,-,-
경기도 김포시 장기동,2193,2193,0,한강센트럴자이1단지,84.7674,202110,26,"71,000",25,2017,태장로 845,,-,-
경기도 김포시 장기동,2187,2187,0,한강센트럴자이2단지,84.9699,202110,6,"62,000",3,2017,태장로 846,,-,-
경기도 김포시 장기동,2187,2187,0,한강센트럴자이2단지,84.9751,202110,9,"67,500",22,2017,태장로 846,,-,-
경기도 김포시 장기동,2187,2187,0,한강센트럴자이2단지,84.7674,202110,12,"65,000",11,2017,태장로 846,,-,-
경기도 김포시 장기동,2187,2187,0,한강센트럴자이2단지,100.2934,202110,12,"83,000",14,2017,태장로 846,,-,-
경기도 김포시 장기동,Jan-58,2058,1,한강신도시초당마을중흥에스-클래스리버티,84.9973,202110,9,"58,000",5,2012,김포한강2로 113,,-,-
경기도 김포시 장기동,Jan-58,2058,1,한강신도시초당마을중흥에스-클래스리버티,69.9058,202110,16,"54,000",8,2012,김포한강2로 113,,-,-
경기도 김포시 장기동,Jan-58,2058,1,한강신도시초당마을중흥에스-클래스리버티,84.9973,202110,16,"59,500",4,2012,김포한강2로 113,,-,-
경기도 김포시 장기동,Jan-58,2058,1,한강신도시초당마을중흥에스-클래스리버티,84.9973,202110,16,"61,000",13,2012,김포한강2로 113,,-,-
경기도 김포시 장기동,Jan-58,2058,1,한강신도시초당마을중흥에스-클래스리버티,69.9058,202110,30,"54,800",9,2012,김포한강2로 113,,-,-
경기도 김포시 장기동,1885-6,1885,6,한강호반베르디움,59.9412,202110,5,"46,000",10,2012,김포한강2로 229,,-,-
경기도 김포시 장기동,1885-6,1885,6,한강호반베르디움,59.9366,202110,6,"49,800",14,2012,김포한강2로 229,,-,-
경기도 김포시 장기동,1885-6,1885,6,한강호반베르디움,59.992,202110,7,"48,500",10,2012,김포한강2로 229,,-,-
경기도 김포시 장기동,1885-6,1885,6,한강호반베르디움,59.992,202110,9,"48,200",11,2012,김포한강2로 229,,-,-
경기도 김포시 장기동,1885-6,1885,6,한강호반베르디움,59.992,202110,9,"50,000",12,2012,김포한강2로 229,,-,-
경기도 김포시 장기동,1885-6,1885,6,한강호반베르디움,59.9366,202110,9,"46,900",5,2012,김포한강2로 229,,-,-
경기도 김포시 장기동,1885-6,1885,6,한강호반베르디움,59.992,202110,10,"48,400",18,2012,김포한강2로 229,,-,-
경기도 김포시 장기동,1885-6,1885,6,한강호반베르디움,59.9366,202110,12,"44,900",13,2012,김포한강2로 229,,-,-
경기도 김포시 장기동,1885-6,1885,6,한강호반베르디움,59.9366,202110,16,"50,000",12,2012,김포한강2로 229,,-,-
경기도 김포시 장기동,1885-6,1885,6,한강호반베르디움,59.9888,202110,23,"45,000",1,2012,김포한강2로 229,,-,-
경기도 김포시 장기동,1865-4,1865,4,호반베르디움더퍼스트,101.953,202110,17,"70,500",11,2020,김포한강2로 361,,-,-
경기도 김포시 통진읍 도사리,972,972,0,백석마을(신일해피),84.841,202110,4,"26,000",2,2004,김포대로 1991,,-,-
경기도 김포시 통진읍 도사리,972,972,0,백석마을(신일해피),84.841,202110,15,"30,000",10,2004,김포대로 1991,,-,-
경기도 김포시 통진읍 마송리,134,134,0,현대1,59.968,202110,19,"15,400",10,1997,김포대로2270번길 29,,-,-
경기도 김포시 통진읍 마송리,130,130,0,현대2,84.85,202110,3,"29,000",2,1999,김포대로 2282,,-,-
경기도 김포시 통진읍 마송리,130,130,0,현대2,84.85,202110,11,"28,000",2,1999,김포대로 2282,,-,-
경기도 김포시 통진읍 마송리,130,130,0,현대2,84.85,202110,25,"29,000",8,1999,김포대로 2282,,-,-
경기도 김포시 풍무동,1,1,0,길훈,84.8,202110,8,"31,000",7,1993,장릉로 56,,-,-
경기도 김포시 풍무동,795,795,0,김포풍무꿈에그린더포레듀3단지,74.996,202110,16,"58,400",6,2018,풍무로68번길 10,,-,-
경기도 김포시 풍무동,797,797,0,김포풍무꿈에그린더포레듀4단지,59.929,202110,1,"52,000",4,2018,유현로33번길 73,,-,-
경기도 김포시 풍무동,797,797,0,김포풍무꿈에그린더포레듀4단지,74.975,202110,2,"58,900",6,2018,유현로33번길 73,,-,-
경기도 김포시 풍무동,797,797,0,김포풍무꿈에그린더포레듀4단지,59.929,202110,6,"52,000",13,2018,유현로33번길 73,,-,-
경기도 김포시 풍무동,797,797,0,김포풍무꿈에그린더포레듀4단지,59.95,202110,14,"50,900",14,2018,유현로33번길 73,,-,-
경기도 김포시 풍무동,797,797,0,김포풍무꿈에그린더포레듀4단지,59.95,202110,16,"51,700",10,2018,유현로33번길 73,,-,-
경기도 김포시 풍무동,797,797,0,김포풍무꿈에그린더포레듀4단지,74.975,202110,19,"58,000",17,2018,유현로33번길 73,,-,-
경기도 김포시 풍무동,797,797,0,김포풍무꿈에그린더포레듀4단지,74.996,202110,22,"60,000",22,2018,유현로33번길 73,,-,-
경기도 김포시 풍무동,598-8,598,8,당곡마을(범양),84.9925,202110,4,"40,300",5,1998,풍무로 36,,-,-
경기도 김포시 풍무동,598-8,598,8,당곡마을(범양),84.9925,202110,9,"40,000",10,1998,풍무로 36,,-,-
경기도 김포시 풍무동,598-8,598,8,당곡마을(범양),84.9925,202110,15,"40,900",4,1998,풍무로 36,,-,-
경기도 김포시 풍무동,748,748,0,당곡마을(월드메르디앙),80.1687,202110,18,"43,500",9,2002,풍무로69번길 51,,-,-
경기도 김포시 풍무동,748,748,0,당곡마을(월드메르디앙),80.1687,202110,18,"41,800",9,2002,풍무로69번길 51,,-,-
경기도 김포시 풍무동,748,748,0,당곡마을(월드메르디앙),80.1687,202110,23,"43,000",5,2002,풍무로69번길 51,,-,-
경기도 김포시 풍무동,757,757,0,대림e-편한세상,79.5108,202110,6,"46,600",9,2003,풍무로93번길 30,,-,-
경기도 김포시 풍무동,757,757,0,대림e-편한세상,79.5108,202110,8,"43,000",14,2003,풍무로93번길 30,,-,-
경기도 김포시 풍무동,757,757,0,대림e-편한세상,79.5108,202110,13,"40,800",2,2003,풍무로93번길 30,,-,-
경기도 김포시 풍무동,449-2,449,2,삼용,59.975,202110,6,"29,500",5,1997,풍무로96번길 8,,-,-
경기도 김포시 풍무동,100,100,0,신안,59.88,202110,7,"31,200",3,1997,풍무로 113,,-,-
경기도 김포시 풍무동,100,100,0,신안,84.85,202110,16,"35,000",1,1997,풍무로 113,,-,-
경기도 김포시 풍무동,100,100,0,신안,59.88,202110,27,"29,900",9,1997,풍무로 113,,-,-
경기도 김포시 풍무동,147,147,0,양도마을(서해그랑블),167.6654,202110,3,"68,000",18,2000,양도로 46,,-,-
경기도 김포시 풍무동,147,147,0,양도마을(서해그랑블),134.6076,202110,12,"53,000",12,2000,양도로 18,,-,-
경기도 김포시 풍무동,147,147,0,양도마을(서해그랑블),167.6654,202110,13,"64,500",6,2000,양도로 46,,-,-
경기도 김포시 풍무동,583-6,583,6,유현마을(신동아),140.23,202110,21,"52,500",14,1999,유현로 19,,-,-
경기도 김포시 풍무동,759,759,0,유현마을(현대프라임빌),118.63,202110,2,"54,500",6,2003,유현로 51,,-,-
경기도 김포시 풍무동,759,759,0,유현마을(현대프라임빌),118.63,202110,23,"55,000",20,2003,유현로 51,,-,-
경기도 김포시 풍무동,740,740,0,장릉마을(삼성쉐르빌),27.45,202110,8,"9,700",8,2002,승가로 89,,-,-
경기도 김포시 풍무동,740,740,0,장릉마을(삼성쉐르빌),27.45,202110,19,"9,850",11,2002,승가로 89,,-,-
경기도 김포시 풍무동,740,740,0,장릉마을(삼성쉐르빌),59.83,202110,27,"28,200",3,2002,승가로 89,,-,-
경기도 김포시 풍무동,BL 24--1,24,1,풍무 센트럴 푸르지오,72.9206,202110,2,"75,500",8,2018,유현로 215,,-,-
경기도 김포시 풍무동,BL 24--1,24,1,풍무 센트럴 푸르지오,84.9806,202110,7,"85,000",19,2018,유현로 215,,-,-
경기도 김포시 풍무동,BL 24--1,24,1,풍무 센트럴 푸르지오,84.9806,202110,8,"85,500",7,2018,유현로 215,,-,-
경기도 김포시 풍무동,BL 24--1,24,1,풍무 센트럴 푸르지오,72.0573,202110,11,"74,000",5,2018,유현로 215,,-,-
경기도 김포시 풍무동,BL 24--1,24,1,풍무 센트럴 푸르지오,84.9553,202110,15,"78,250",1,2018,유현로 215,,-,-
경기도 김포시 풍무동,BL 24--1,24,1,풍무 센트럴 푸르지오,84.9806,202110,17,"85,000",6,2018,유현로 215,,-,-
경기도 김포시 풍무동,BL 25--1,25,1,풍무 푸르지오,59.9928,202110,1,"65,500",10,2016,유현로 200,20211006,-,-
경기도 김포시 풍무동,BL 25--1,25,1,풍무 푸르지오,84.927,202110,1,"81,500",12,2016,유현로 200,,-,-
경기도 김포시 풍무동,BL 25--1,25,1,풍무 푸르지오,59.9928,202110,1,"65,500",10,2016,유현로 200,,-,-
경기도 김포시 풍무동,BL 25--1,25,1,풍무 푸르지오,72.8531,202110,1,"72,000",7,2016,유현로 200,,-,-
경기도 김포시 풍무동,BL 25--1,25,1,풍무 푸르지오,108.9942,202110,2,"99,000",8,2016,유현로 200,,-,-
경기도 김포시 풍무동,BL 25--1,25,1,풍무 푸르지오,72.8531,202110,3,"71,500",29,2016,유현로 200,,-,-
경기도 김포시 풍무동,BL 25--1,25,1,풍무 푸르지오,72.8531,202110,8,"68,500",1,2016,유현로 200,,-,-
경기도 김포시 풍무동,BL 25--1,25,1,풍무 푸르지오,84.9931,202110,16,"79,000",7,2016,유현로 200,,-,-
경기도 김포시 풍무동,BL 25--1,25,1,풍무 푸르지오,72.1871,202110,25,"72,700",17,2016,유현로 200,,-,-
경기도 김포시 풍무동,BL 25--1,25,1,풍무 푸르지오,84.9975,202110,25,"70,000",20,2016,유현로 200,,-,-
경기도 김포시 풍무동,BL 25--1,25,1,풍무 푸르지오,84.927,202110,29,"78,000",6,2016,유현로 200,,-,-
경기도 김포시 풍무동,BL 25--1,25,1,풍무 푸르지오,72.1871,202110,29,"69,800",10,2016,유현로 200,,-,-
경기도 김포시 풍무동,784,784,0,풍무꿈에그린더포레듀5단지,59.95,202110,1,"48,700",19,2018,풍무로68번길 78,,-,-
경기도 김포시 풍무동,784,784,0,풍무꿈에그린더포레듀5단지,59.929,202110,2,"47,500",7,2018,풍무로68번길 78,,-,-
경기도 김포시 풍무동,784,784,0,풍무꿈에그린더포레듀5단지,59.929,202110,30,"48,600",5,2018,풍무로68번길 78,,-,-
경기도 김포시 풍무동,764,764,0,풍무자이,133.7805,202110,2,"68,000",8,2010,풍무로96번길 42,,-,-
경기도 김포시 풍무동,764,764,0,풍무자이,84.7251,202110,29,"50,700",1,2010,풍무로96번길 42,,-,-
경기도 김포시 풍무동,775,775,0,한화유로메트로2차,84.987,202110,13,"55,000",3,2014,풍무로68번길 41,,-,-
경기도 김포시 하성면 마곡리,611-6,611,6,에이원아파트,49.2,202110,21,"19,000",5,2018,애기봉로 866-7,,-,-
경기도 남양주시 금곡동,159-59,159,59,서울,43.04,202110,1,"23,500",2,1986,사릉로34번길 21,,-,-
경기도 남양주시 금곡동,159-59,159,59,서울,48.98,202110,2,"26,500",4,1986,사릉로34번길 21,,-,-
경기도 남양주시 금곡동,159-59,159,59,서울,48.98,202110,6,"25,800",2,1986,사릉로34번길 21,,-,-
경기도 남양주시 금곡동,419-1,419,1,성환,124.26,202110,8,"32,000",3,2001,금곡로53번길 5,,-,-
경기도 남양주시 금곡동,628,628,0,신성푸른솔,59.964,202110,5,"33,900",12,1997,홍유릉로248번길 42,,-,-
경기도 남양주시 금곡동,628,628,0,신성푸른솔,59.964,202110,19,"36,000",3,1997,홍유릉로248번길 42,,-,-
경기도 남양주시 금곡동,694-22,694,22,신우,67.44,202110,30,"18,000",4,1990,경춘로885번길 17,,-,-
경기도 남양주시 금곡동,164-31,164,31,예농-1,60.55,202110,21,"21,950",3,1990,사릉로34번길 41-2,,-,-
경기도 남양주시 금곡동,산108-1,108,1,인정프린스,49.08,202110,4,"18,700",5,1986,홍유릉로325번길 16,,-,-
경기도 남양주시 금곡동,산108-1,108,1,인정프린스,49.08,202110,14,"18,500",2,1986,홍유릉로325번길 16,,-,-
경기도 남양주시 금곡동,산108-1,108,1,인정프린스,49.08,202110,22,"18,500",3,1986,홍유릉로325번길 16,,-,-
경기도 남양주시 금곡동,402-6,402,6,효창,44.01,202110,5,"14,000",1,1989,사릉로34번길 7-1,,-,-
경기도 남양주시 금곡동,402-6,402,6,효창,56.16,202110,11,"13,500",6,1989,사릉로34번길 7-1,,-,-
경기도 남양주시 금곡동,402-6,402,6,효창,51.57,202110,21,"14,800",6,1989,사릉로34번길 7-1,,-,-
경기도 남양주시 다산동,683,683,0,경남아너스빌,84.74,202110,9,"75,000",7,2008,111,,-,-
경기도 남양주시 다산동,Apr-32,4432,4,남양i-좋은집3단지,84.9826,202110,23,"70,000",12,2005,미금로57번길 42,,-,-
경기도 남양주시 다산동,6133,6133,0,다산 이편한세상자이,59.98,202110,5,"89,000",20,2018,다산중앙로81번길 25,,-,-
경기도 남양주시 다산동,6091,6091,0,다산 자연& e편한세상,74.98,202110,12,"89,800",22,2017,다산중앙로82번길 15,,-,-
경기도 남양주시 다산동,6091,6091,0,다산 자연& e편한세상,84.97,202110,16,"92,000",18,2017,다산중앙로82번길 15,,-,-
경기도 남양주시 다산동,6091,6091,0,다산 자연& e편한세상,84.96,202110,21,"100,000",25,2017,다산중앙로82번길 15,,-,-
경기도 남양주시 다산동,가-,0,0,다산 펜테리움 리버테라스 Ⅰ,84.9301,202110,2,"96,500",11,2018,다산지금로145번길 15,,-,-
경기도 남양주시 다산동,가-,0,0,다산 펜테리움 리버테라스 Ⅰ,84.9301,202110,2,"99,000",15,2018,다산지금로145번길 15,,-,-
경기도 남양주시 다산동,가-,0,0,다산 펜테리움 리버테라스 Ⅰ,84.9301,202110,12,"103,500",17,2018,다산지금로145번길 15,,-,-
경기도 남양주시 다산동,682,682,0,다산 한신 더휴 6단지,134.94,202110,5,"103,000",12,2009,79,,-,-
경기도 남양주시 다산동,6014,6014,0,다산반도유보라메이플타운,82.1967,202110,2,"89,800",3,2018,다산순환로 300,,-,-
경기도 남양주시 다산동,6014,6014,0,다산반도유보라메이플타운,82.1967,202110,3,"90,000",16,2018,다산순환로 300,,-,-
경기도 남양주시 다산동,6014,6014,0,다산반도유보라메이플타운,82.1967,202110,5,"93,000",26,2018,다산순환로 300,,-,-
경기도 남양주시 다산동,6234,6234,0,다산반도유보라메이플타운2.0,84.9802,202110,1,"95,800",27,2019,다산지금로146번길 67,,-,-
경기도 남양주시 다산동,6234,6234,0,다산반도유보라메이플타운2.0,84.9802,202110,2,"94,000",15,2019,다산지금로146번길 67,,-,-
경기도 남양주시 다산동,6234,6234,0,다산반도유보라메이플타운2.0,84.9802,202110,6,"93,800",7,2019,다산지금로146번길 67,,-,-
경기도 남양주시 다산동,6234,6234,0,다산반도유보라메이플타운2.0,84.9802,202110,6,"92,800",5,2019,다산지금로146번길 67,,-,-
경기도 남양주시 다산동,6234,6234,0,다산반도유보라메이플타운2.0,84.9802,202110,26,"89,500",21,2019,다산지금로146번길 67,,-,-
경기도 남양주시 다산동,4436,4436,0,다산센트레빌,84.99,202110,6,"82,500",17,2016,미금로 16,,-,-
경기도 남양주시 다산동,6251,6251,0,다산신안인스빌퍼스트리버,84.965,202110,21,"91,000",16,2019,다산지금로146번길 100,,-,-
경기도 남양주시 다산동,6031,6031,0,다산아이파크,84.95,202110,5,"109,500",24,2017,다산순환로 333,,-,-
경기도 남양주시 다산동,6031,6031,0,다산아이파크,97.96,202110,9,"129,000",17,2017,다산순환로 333,,-,-
경기도 남양주시 다산동,6025,6025,0,다산유승한내들골든뷰,109.7619,202110,20,"129,000",12,2018,다산순환로 135,,-,-
경기도 남양주시 다산동,6090,6090,0,다산유승한내들센트럴,84.0379,202110,7,"97,500",14,2018,다산중앙로81번길 10,,-,-
경기도 남양주시 다산동,6090,6090,0,다산유승한내들센트럴,84.0379,202110,8,"96,500",13,2018,다산중앙로81번길 10,,-,-
경기도 남양주시 다산동,6090,6090,0,다산유승한내들센트럴,84.0379,202110,10,"96,000",7,2018,다산중앙로81번길 10,,-,-
경기도 남양주시 다산동,6151,6151,0,다산자연앤e편한세상2차,84.57,202110,3,"92,300",15,2019,다산중앙로20번길 7,,-,-
경기도 남양주시 다산동,6151,6151,0,다산자연앤e편한세상2차,84.57,202110,12,"89,900",19,2019,다산중앙로20번길 7,,-,-
경기도 남양주시 다산동,6151,6151,0,다산자연앤e편한세상2차,74.82,202110,16,"80,500",3,2019,다산중앙로20번길 7,,-,-
경기도 남양주시 다산동,6151,6151,0,다산자연앤e편한세상2차,74.82,202110,23,"82,500",7,2019,다산중앙로20번길 7,,-,-
경기도 남양주시 다산동,6029,6029,0,다산자연앤롯데캐슬,84.99,202110,1,"94,500",8,2017,다산중앙로146번길 7,,-,-
경기도 남양주시 다산동,6029,6029,0,다산자연앤롯데캐슬,84.97,202110,9,"100,400",21,2017,다산중앙로146번길 7,,-,-
경기도 남양주시 다산동,6029,6029,0,다산자연앤롯데캐슬,84.99,202110,23,"99,000",14,2017,다산중앙로146번길 7,,-,-
경기도 남양주시 다산동,6208,6208,0,다산지금센트럴에일린의뜰,84.7845,202110,6,"95,500",23,2019,다산지금로16번길 88,,-,-
경기도 남양주시 다산동,6208,6208,0,다산지금센트럴에일린의뜰,84.7845,202110,9,"93,700",7,2019,다산지금로16번길 88,,-,-
경기도 남양주시 다산동,6235,6235,0,다산펜테리움리버테라스Ⅱ,84.8937,202110,23,"108,000",23,2019,다산지금로146번길 117,,-,-
경기도 남양주시 다산동,6057,6057,0,다산한양수자인리버파크,97.6738,202110,9,"114,000",9,2018,다산순환로 111,,-,-
경기도 남양주시 다산동,4434,4434,0,다산효성해링턴타워,116.54,202110,11,"89,900",23,2010,경춘로 377,,-,-
경기도 남양주시 다산동,4433,4433,0,롯데낙천대,84.95,202110,1,"67,300",14,2005,미금로 24,,-,-
경기도 남양주시 다산동,4433,4433,0,롯데낙천대,84.95,202110,14,"70,000",13,2005,미금로 24,,-,-
경기도 남양주시 다산동,Jan-02,4002,1,부영e그린1차,162.454,202110,27,"70,000",19,2001,도농로 34,,-,-
경기도 남양주시 다산동,Jan-02,4002,1,"부영e그린4,5차",84.732,202110,12,"79,000",6,2000,도농로 34,,-,-
경기도 남양주시 다산동,Jan-02,4002,1,"부영e그린4,5차",162.454,202110,15,"101,000",13,2000,도농로 34,,-,-
경기도 남양주시 다산동,Jan-02,4002,1,"부영e그린4,5차",162.454,202110,19,"100,000",13,2000,도농로 34,,-,-
경기도 남양주시 다산동,3717,3717,0,부영사랑으로,84.9496,202110,2,"68,000",3,2007,미금로189번길 7,,-,-
경기도 남양주시 다산동,3717,3717,0,부영사랑으로,84.9496,202110,25,"63,500",8,2007,미금로189번길 7,,-,-
경기도 남양주시 다산동,4001-29,4001,29,부영애시앙,143.8264,202110,9,"125,000",18,2008,도농로 24,,-,-
경기도 남양주시 다산동,3718,3718,0,한화꿈에그린,84.921,202110,1,"81,500",11,2008,다산지금로16번길 56,,-,-
경기도 남양주시 다산동,3718,3718,0,한화꿈에그린,84.921,202110,2,"74,000",17,2008,다산지금로16번길 56,,-,-
경기도 남양주시 다산동,3718,3718,0,한화꿈에그린,84.921,202110,6,"83,000",20,2008,다산지금로16번길 56,,-,-
경기도 남양주시 다산동,3718,3718,0,한화꿈에그린,84.921,202110,9,"84,000",7,2008,다산지금로16번길 56,,-,-
경기도 남양주시 다산동,3718,3718,0,한화꿈에그린,59.942,202110,9,"67,950",13,2008,다산지금로16번길 56,,-,-
경기도 남양주시 다산동,673,673,0,휴먼시아4단지,84.95,202110,12,"67,750",1,2008,11,,-,-
경기도 남양주시 다산동,3720,3720,0,힐스테이트 황금산,84.99,202110,2,"88,000",6,2017,경춘로 468-40,,-,-
경기도 남양주시 다산동,3720,3720,0,힐스테이트 황금산,84.99,202110,11,"92,000",18,2017,경춘로 468-40,,-,-
경기도 남양주시 다산동,3720,3720,0,힐스테이트 황금산,84.99,202110,11,"89,700",19,2017,경춘로 468-40,,-,-
경기도 남양주시 다산동,3720,3720,0,힐스테이트 황금산,59.99,202110,24,"78,400",15,2017,경춘로 468-40,,-,-
경기도 남양주시 다산동,6092,6092,0,힐스테이트다산,84.5649,202110,17,"109,500",18,2018,다산순환로 365,,-,-
경기도 남양주시 별내동,1072,1072,0,KCC스위첸,116.9037,202110,11,"96,000",10,2012,별내5로 81,,-,-
경기도 남양주시 별내동,808,808,0,별내별가람역 한라비발디,75.56,202110,5,"83,000",15,2013,덕송3로 7,,-,-
경기도 남양주시 별내동,808,808,0,별내별가람역 한라비발디,84.97,202110,6,"86,500",4,2013,덕송3로 7,,-,-
경기도 남양주시 별내동,852,852,0,별내아이파크2차,84.45,202110,7,"87,500",1,2015,덕송1로 30,,-,-
경기도 남양주시 별내동,871,871,0,별내푸르지오,84.8194,202110,1,"78,500",7,2015,송산로307번길 22,,-,-
경기도 남양주시 별내동,871,871,0,별내푸르지오,76.4274,202110,4,"74,000",11,2015,송산로307번길 22,,-,-
경기도 남양주시 별내동,871,871,0,별내푸르지오,84.8194,202110,5,"80,000",6,2015,송산로307번길 22,,-,-
경기도 남양주시 별내동,871,871,0,별내푸르지오,84.9653,202110,19,"79,500",7,2015,송산로307번길 22,,-,-
경기도 남양주시 별내동,914,914,0,상록리슈빌,84.97,202110,1,"77,200",5,2013,별내5로 119,,-,-
경기도 남양주시 별내동,1047,1047,0,신안인스빌,84.992,202110,9,"83,500",12,2012,순화궁로 18,,-,-
경기도 남양주시 별내동,1047,1047,0,신안인스빌,84.995,202110,11,"83,000",4,2012,순화궁로 18,,-,-
경기도 남양주시 별내동,1056,1056,0,쌍용예가,101.76,202110,7,"99,800",6,2012,별내3로 63,,-,-
경기도 남양주시 별내동,1041,1041,0,한화꿈에그린더스타,84.9981,202110,5,"86,500",5,2012,별내4로 8,,-,-
경기도 남양주시 별내면 청학리,409,409,0,청학주공(3단지),84.84,202110,2,"43,000",14,1999,청학로68번길 23,,-,-
경기도 남양주시 별내면 청학리,409,409,0,청학주공(3단지),84.84,202110,7,"42,250",4,1999,청학로68번길 23,,-,-
경기도 남양주시 별내면 청학리,409,409,0,청학주공(3단지),84.84,202110,27,"43,000",11,1999,청학로68번길 23,,-,-
경기도 남양주시 별내면 청학리,411,411,0,청학주공(4단지),59.89,202110,2,"32,000",18,1999,청학로68번길 24,,-,-
경기도 남양주시 별내면 청학리,411,411,0,청학주공(4단지),59.85,202110,5,"33,000",13,1999,청학로68번길 24,,-,-
경기도 남양주시 별내면 청학리,350-1,350,1,청학주공(6단지),59.42,202110,1,"31,800",15,2002,청학로114번길 43,,-,-
경기도 남양주시 별내면 청학리,350-1,350,1,청학주공(6단지),59.21,202110,11,"30,000",15,2002,청학로114번길 43,,-,-
경기도 남양주시 별내면 청학리,350-1,350,1,청학주공(6단지),59.42,202110,12,"31,000",7,2002,청학로114번길 43,,-,-
경기도 남양주시 별내면 청학리,353-1,353,1,청학주공(7단지),59.21,202110,15,"28,950",17,2002,청학로114번길 34,,-,-
경기도 남양주시 별내면 청학리,353-1,353,1,청학주공(7단지),59.42,202110,23,"21,000",9,2002,청학로114번길 34,,-,-
경기도 남양주시 오남읍 양지리,193-1,193,1,극동,54.21,202110,2,"21,000",2,1992,진건오남로884번길 22-59,,-,-
경기도 남양주시 오남읍 양지리,193-1,193,1,극동,54.21,202110,23,"21,800",2,1992,진건오남로884번길 22-59,,-,-
경기도 남양주시 오남읍 양지리,807,807,0,대림e편한세상1단지,84.954,202110,2,"59,800",4,2009,양지로240번길 37,,-,-
경기도 남양주시 오남읍 양지리,807,807,0,대림e편한세상1단지,124.283,202110,6,"66,000",1,2009,양지로240번길 37,,-,-
경기도 남양주시 오남읍 양지리,193-4,193,4,성호,59.95,202110,18,"22,000",6,1998,진건오남로884번길 22-48,,-,-
경기도 남양주시 오남읍 양지리,109,109,0,양지현대,84.852,202110,2,"34,000",3,1996,진건오남로797번길 31,,-,-
경기도 남양주시 오남읍 양지리,111-2,111,2,오남1청구,85,202110,11,"43,000",11,2000,진건오남로797번길 22,,-,-
경기도 남양주시 오남읍 양지리,111-2,111,2,오남1청구,85,202110,15,"42,000",14,2000,진건오남로797번길 22,,-,-
경기도 남양주시 오남읍 양지리,111-2,111,2,오남1청구,59.91,202110,23,"31,800",5,2000,진건오남로797번길 22,,-,-
경기도 남양주시 오남읍 양지리,623,623,0,오남쌍용스윗닷홈지티(2단지),59.957,202110,1,"38,000",12,2005,양지로281번길 16,,-,-
경기도 남양주시 오남읍 양지리,623,623,0,오남쌍용스윗닷홈지티(2단지),84.877,202110,2,"41,800",6,2005,양지로281번길 16,,-,-
경기도 남양주시 오남읍 양지리,623,623,0,오남쌍용스윗닷홈지티(2단지),84.877,202110,4,"47,800",7,2005,양지로281번길 16,,-,-
경기도 남양주시 오남읍 양지리,623,623,0,오남쌍용스윗닷홈지티(2단지),84.877,202110,9,"44,000",4,2005,양지로281번길 16,,-,-
경기도 남양주시 오남읍 양지리,623,623,0,오남쌍용스윗닷홈지티(2단지),84.877,202110,14,"45,500",3,2005,양지로281번길 16,,-,-
경기도 남양주시 오남읍 양지리,620,620,0,오남쌍용스윗닷홈지티1단지,84.877,202110,4,"45,000",6,2005,양지로281번길 16,,-,-
경기도 남양주시 오남읍 오남리,464,464,0,금호어울림,80.41,202110,7,"42,500",13,2006,진건오남로 470,,-,-
경기도 남양주시 오남읍 오남리,267-3,267,3,남양주대한,59.94,202110,2,"23,000",20,1998,진건오남로580번길 5-12,,-,-
경기도 남양주시 오남읍 오남리,267-3,267,3,남양주대한,59.94,202110,23,"25,300",17,1998,진건오남로580번길 5-12,,-,-
경기도 남양주시 오남읍 오남리,222,222,0,동부,126.54,202110,19,"39,500",8,1998,진건오남로 661,,-,-
경기도 남양주시 오남읍 오남리,785,785,0,두산1,59.94,202110,6,"28,000",5,1998,진건오남로 781-17,,-,-
경기도 남양주시 오남읍 오남리,888,888,0,두산위브,84.9916,202110,18,"48,800",5,2006,양지로 261-11,,-,-
경기도 남양주시 오남읍 오남리,888,888,0,두산위브,84.9916,202110,28,"45,300",4,2006,양지로 261-11,,-,-
경기도 남양주시 오남읍 오남리,749-1,749,1,보영,77.58,202110,27,"16,000",6,1991,진건오남로759번길 5,,-,-
경기도 남양주시 오남읍 오남리,429,429,0,신우아이딜(1차),59.963,202110,9,"27,500",8,2004,진건오남로512번길 25-1,,-,-
경기도 남양주시 오남읍 오남리,429,429,0,신우아이딜(1차),59.963,202110,15,"26,000",14,2004,진건오남로512번길 25-1,,-,-
경기도 남양주시 오남읍 오남리,429,429,0,신우아이딜(1차),59.963,202110,19,"27,700",6,2004,진건오남로512번길 25-1,,-,-
경기도 남양주시 오남읍 오남리,439,439,0,신우아이딜2차,59.963,202110,30,"30,000",12,2004,진건오남로512번길 26,,-,-
경기도 남양주시 오남읍 오남리,425,425,0,신일해피트리(1차),84.841,202110,18,"31,000",3,2004,진건오남로 516-53,,-,-
경기도 남양주시 오남읍 오남리,426,426,0,신일해피트리(2차),84.841,202110,7,"28,800",1,2004,진건오남로 516-74,,-,-
경기도 남양주시 오남읍 오남리,426,426,0,신일해피트리(2차),84.841,202110,25,"32,700",6,2004,진건오남로 516-74,,-,-
경기도 남양주시 오남읍 오남리,891,891,0,오남아이파크,84.959,202110,17,"56,000",12,2009,진건오남로759번길 110,,-,-
경기도 남양주시 오남읍 오남리,891,891,0,오남아이파크,84.959,202110,30,"56,000",17,2009,진건오남로759번길 110,,-,-
경기도 남양주시 오남읍 오남리,683-12,683,12,진주(3차),39.96,202110,6,"16,800",2,1990,진건오남로 631,,-,-
경기도 남양주시 오남읍 오남리,683-12,683,12,진주(3차),39.96,202110,17,"16,800",2,1990,진건오남로 631,,-,-
경기도 남양주시 오남읍 오남리,632-1,632,1,진주(5단지),53.64,202110,4,"19,750",2,1990,진건오남로 631,,-,-
경기도 남양주시 오남읍 오남리,632-1,632,1,진주(5단지),53.64,202110,4,"17,000",5,1990,진건오남로 631,,-,-
경기도 남양주시 오남읍 오남리,632,632,0,진주(6차),39.96,202110,21,"16,800",3,1990,진건오남로 631,,-,-
경기도 남양주시 오남읍 오남리,683-40,683,40,진주(7차),39.96,202110,6,"17,200",3,1990,진건오남로 631,,-,-
경기도 남양주시 오남읍 오남리,683-40,683,40,진주(7차),55.8,202110,6,"19,800",3,1990,진건오남로 631,,-,-
경기도 남양주시 오남읍 오남리,683-40,683,40,진주(7차),55.8,202110,26,"17,000",5,1990,진건오남로 631,,-,-
경기도 남양주시 오남읍 오남리,744,744,0,한국1,59.99,202110,6,"26,000",11,1999,진건오남로 735-10,,-,-
경기도 남양주시 오남읍 오남리,744,744,0,한국1,133.13,202110,16,"42,500",18,1999,진건오남로 735-10,,-,-
경기도 남양주시 오남읍 오남리,519,519,0,한신(2차),84.95,202110,20,"34,200",12,1998,진건오남로 529-2,,-,-
경기도 남양주시 오남읍 오남리,362,362,0,한신1,84.36,202110,14,"28,000",8,1997,진건오남로550번길 8,,-,-
경기도 남양주시 와부읍 덕소리,600-3,600,3,강변삼익,59.88,202110,8,"49,500",7,1996,덕소로2번길 39,,-,-
경기도 남양주시 와부읍 덕소리,600-3,600,3,강변삼익,84.81,202110,11,"74,700",16,1996,덕소로2번길 39,,-,-
경기도 남양주시 와부읍 덕소리,600-3,600,3,강변삼익,59.88,202110,13,"50,800",13,1996,덕소로2번길 39,,-,-
경기도 남양주시 와부읍 덕소리,600-3,600,3,강변삼익,59.88,202110,19,"50,000",14,1996,덕소로2번길 39,,-,-
경기도 남양주시 와부읍 덕소리,606-1,606,1,덕소주공3,59.96,202110,23,"46,000",2,1998,덕소로 33,,-,-
경기도 남양주시 와부읍 덕소리,613,613,0,동부센트레빌,84.98,202110,2,"73,000",4,2006,덕소로97번길 101,,-,-
경기도 남양주시 와부읍 덕소리,613,613,0,동부센트레빌,84.99,202110,11,"78,000",11,2006,덕소로97번길 101,,-,-
경기도 남양주시 와부읍 덕소리,462-9,462,9,벽산메가트리움,84.9067,202110,8,"64,800",8,2007,덕소로 72,,-,-
경기도 남양주시 와부읍 덕소리,111-1,111,1,주공2,84.97,202110,14,"64,000",12,1998,덕소로97번길 12,,-,-
경기도 남양주시 와부읍 덕소리,537,537,0,진도,84.91,202110,11,"65,000",8,1998,덕소로 118-18,,-,-
경기도 남양주시 와부읍 덕소리,145-4,145,4,코오롱,59.94,202110,1,"51,900",8,1999,덕소로97번길 69,,-,-
경기도 남양주시 와부읍 덕소리,145-4,145,4,코오롱,59.94,202110,2,"52,500",17,1999,덕소로97번길 69,,-,-
경기도 남양주시 와부읍 덕소리,145-4,145,4,코오롱,134.91,202110,27,"71,000",20,1999,덕소로97번길 69,,-,-
경기도 남양주시 와부읍 덕소리,145-4,145,4,코오롱,59.94,202110,29,"44,000",2,1999,덕소로97번길 69,,-,-
경기도 남양주시 와부읍 도곡리,1117,1117,0,건영덕소리버파크,84.97,202110,11,"81,000",15,2002,덕소로 286-1,,-,-
경기도 남양주시 와부읍 도곡리,986-1,986,1,덕소두산위브,84.982,202110,4,"69,500",18,2002,덕소로 180,,-,-
경기도 남양주시 와부읍 도곡리,1012,1012,0,한강우성,84.913,202110,5,"60,000",14,1998,덕소로 270,,-,-
경기도 남양주시 와부읍 도곡리,1012,1012,0,한강우성,84.913,202110,13,"59,300",10,1998,덕소로 270,,-,-
경기도 남양주시 와부읍 도곡리,1012,1012,0,한강우성,59.891,202110,25,"51,700",15,1998,덕소로 270,,-,-
경기도 남양주시 진건읍 사능리,625,625,0,남양주진건주공,39.27,202110,2,"20,000",5,1990,사릉로 387,,-,-
경기도 남양주시 진건읍 사능리,625,625,0,남양주진건주공,39.66,202110,18,"21,000",1,1990,사릉로 387,,-,-
경기도 남양주시 진건읍 사능리,350-1,350,1,동명나동,51.15,202110,6,"12,000",1,1996,사릉로392번길 22-1,,-,-
경기도 남양주시 진건읍 용정리,369-1,369,1,금강,59.86,202110,2,"31,750",18,1999,진건오남로86번길 58,,-,-
경기도 남양주시 진건읍 용정리,855,855,0,남양주진건주공2단지,49.95,202110,9,"22,750",15,1998,사릉로372번길 25,,-,-
경기도 남양주시 진건읍 용정리,855,855,0,남양주진건주공2단지,49.95,202110,14,"23,000",8,1998,사릉로372번길 25,,-,-
경기도 남양주시 진건읍 용정리,855,855,0,남양주진건주공2단지,39.99,202110,16,"18,400",2,1998,사릉로372번길 25,,-,-
경기도 남양주시 진건읍 용정리,855,855,0,남양주진건주공2단지,39.99,202110,16,"19,800",8,1998,사릉로372번길 25,,-,-
경기도 남양주시 진건읍 용정리,757-1,757,1,세아,58.22,202110,23,"30,000",9,1997,진건오남로105번길 16,,-,-
경기도 남양주시 진건읍 용정리,790,790,0,한신4,59.84,202110,19,"28,800",2,1996,진건오남로86번길 38,,-,-
경기도 남양주시 진건읍 용정리,750-1,750,1,한신그린1,84.96,202110,6,"37,800",7,1991,진건오남로 100,,-,-
경기도 남양주시 진건읍 용정리,750-1,750,1,한신그린1,70.59,202110,9,"28,800",8,1991,진건오남로 100,,-,-
경기도 남양주시 진건읍 용정리,750-5,750,5,한신그린2,84.94,202110,7,"34,000",9,1993,진건오남로86번길 11,,-,-
경기도 남양주시 진건읍 용정리,751-2,751,2,한신조합,51.8,202110,2,"19,800",10,1991,진건오남로 100,,-,-
경기도 남양주시 진건읍 용정리,751-2,751,2,한신조합,84.96,202110,2,"35,500",14,1991,진건오남로 100,,-,-
경기도 남양주시 진건읍 진관리,130-2,130,2,화성타운,60,202110,20,"36,800",5,1999,사릉로469번길 1,,-,-
경기도 남양주시 진접읍 금곡리,1108,1108,0,금강펜테리움,84.9749,202110,1,"63,750",6,2010,해밀예당3로 68,,-,-
경기도 남양주시 진접읍 금곡리,1108,1108,0,금강펜테리움,84.9457,202110,13,"63,000",11,2010,해밀예당3로 68,,-,-
경기도 남양주시 진접읍 금곡리,1108,1108,0,금강펜테리움,84.9749,202110,26,"63,500",5,2010,해밀예당3로 68,,-,-
경기도 남양주시 진접읍 금곡리,1107,1107,0,부영사랑으로,84.9856,202110,1,"52,000",12,2009,해밀예당3로 38,,-,-
경기도 남양주시 진접읍 금곡리,1107,1107,0,부영사랑으로,84.9908,202110,4,"53,200",14,2009,해밀예당3로 38,,-,-
경기도 남양주시 진접읍 금곡리,1107,1107,0,부영사랑으로,84.9908,202110,9,"50,000",7,2009,해밀예당3로 38,,-,-
경기도 남양주시 진접읍 금곡리,1107,1107,0,부영사랑으로,84.9908,202110,9,"51,000",2,2009,해밀예당3로 38,,-,-
경기도 남양주시 진접읍 금곡리,1107,1107,0,부영사랑으로,84.9908,202110,11,"50,500",6,2009,해밀예당3로 38,,-,-
경기도 남양주시 진접읍 금곡리,878-1,878,1,삼금,45.18,202110,8,"21,000",2,1986,경복대로197번길 17-1,,-,-
경기도 남양주시 진접읍 금곡리,1117,1117,0,신안인스빌(13B/L),84.985,202110,9,"58,000",1,2010,해밀예당1로 272,,-,-
경기도 남양주시 진접읍 금곡리,1117,1117,0,신안인스빌(13B/L),84.985,202110,12,"61,800",14,2010,해밀예당1로 272,,-,-
경기도 남양주시 진접읍 금곡리,1117,1117,0,신안인스빌(13B/L),84.985,202110,14,"62,000",6,2010,해밀예당1로 272,,-,-
경기도 남양주시 진접읍 금곡리,1117,1117,0,신안인스빌(13B/L),84.987,202110,18,"61,000",10,2010,해밀예당1로 272,,-,-
경기도 남양주시 진접읍 금곡리,1117,1117,0,신안인스빌(13B/L),84.987,202110,25,"59,350",2,2010,해밀예당1로 272,,-,-
경기도 남양주시 진접읍 금곡리,1080,1080,0,신안인스빌(2B/L),84.985,202110,12,"66,000",7,2010,해밀예당1로 66,,-,-
경기도 남양주시 진접읍 금곡리,965,965,0,자연&어울림,84.94,202110,11,"51,000",9,2009,해밀예당1로 51,,-,-
경기도 남양주시 진접읍 내각리,192,192,0,원일대궐터,59.524,202110,3,"28,500",1,2004,내각1로73번안길 28,,-,-
경기도 남양주시 진접읍 내각리,192,192,0,원일대궐터,46.005,202110,9,"20,000",14,2004,내각1로73번안길 28,,-,-
경기도 남양주시 진접읍 부평리,764,764,0,진접센트레빌시티1단지,84.98,202110,9,"49,200",4,2009,부평로 32,,-,-
경기도 남양주시 진접읍 부평리,764,764,0,진접센트레빌시티1단지,84.98,202110,20,"49,700",20,2009,부평로 32,,-,-
경기도 남양주시 진접읍 부평리,764,764,0,진접센트레빌시티1단지,84.98,202110,21,"49,500",9,2009,부평로 32,,-,-
경기도 남양주시 진접읍 부평리,756,756,0,진접센트레빌시티2단지,84.98,202110,2,"44,500",6,2009,부평로 41,,-,-
경기도 남양주시 진접읍 부평리,756,756,0,진접센트레빌시티2단지,84.98,202110,13,"44,000",12,2009,부평로 41,,-,-
경기도 남양주시 진접읍 부평리,758,758,0,진접센트레빌시티3단지,84.98,202110,16,"43,000",5,2009,부평로48번길 13,,-,-
경기도 남양주시 진접읍 부평리,735-3,735,3,진접한일,60,202110,18,"26,000",9,2000,금강로1576번길 19,,-,-
경기도 남양주시 진접읍 연평리,846,846,0,원일궁의문,112.702,202110,12,"63,000",7,2010,양진로1020번길 32,,-,-
경기도 남양주시 진접읍 장현리,701,701,0,금강펜터리움,84.955,202110,11,"40,000",4,2007,금강로1573번길 3,,-,-
경기도 남양주시 진접읍 장현리,701,701,0,금강펜터리움,84.955,202110,12,"42,900",14,2007,금강로1573번길 3,,-,-
경기도 남양주시 진접읍 장현리,621,621,0,길훈,84.934,202110,8,"36,000",3,2009,봉현로 51-4,,-,-
경기도 남양주시 진접읍 장현리,621,621,0,길훈,84.934,202110,14,"39,500",18,2009,봉현로 51-4,,-,-
경기도 남양주시 진접읍 장현리,702,702,0,남양주진접롯데캐슬,84.917,202110,12,"50,000",5,2009,장현천로 8,,-,-
경기도 남양주시 진접읍 장현리,637,637,0,대명,59.91,202110,14,"24,500",3,1995,장현로 70,,-,-
경기도 남양주시 진접읍 장현리,637,637,0,대명,84.96,202110,27,"29,000",4,1995,장현로 70,,-,-
경기도 남양주시 진접읍 장현리,633-1,633,1,삼신,57.555,202110,4,"23,000",5,1992,봉현로36번길 11-1,,-,-
경기도 남양주시 진접읍 장현리,633-1,633,1,삼신,46.05,202110,18,"15,500",11,1992,봉현로36번길 11-1,,-,-
경기도 남양주시 진접읍 장현리,225-6,225,6,신동아,84.99,202110,1,"30,300",3,1997,장현로 175,,-,-
경기도 남양주시 진접읍 장현리,225-6,225,6,신동아,59.535,202110,7,"21,000",1,1997,장현로 175,,-,-
경기도 남양주시 진접읍 장현리,Jan-79,79,1,신우,59.97,202110,16,"27,700",15,1999,금강로 1553-26,,-,-
경기도 남양주시 진접읍 장현리,Jan-79,79,1,신우,84.99,202110,16,"28,500",10,1999,금강로 1553-26,,-,-
경기도 남양주시 진접읍 장현리,203-2,203,2,장미,59.93,202110,6,"13,000",5,1992,장현로147번길 13,,-,-
경기도 남양주시 진접읍 장현리,678-1,678,1,장현주공,84.9,202110,20,"43,000",9,1998,봉현로 5,,-,-
경기도 남양주시 진접읍 장현리,Jan-51,51,1,정광산호,59.842,202110,14,"25,800",6,1994,금강로 1530-13,,-,-
경기도 남양주시 진접읍 장현리,Jan-51,51,1,정광산호,84.905,202110,14,"34,500",15,1994,금강로 1530-13,,-,-
경기도 남양주시 진접읍 장현리,Jan-51,51,1,정광산호,84.905,202110,14,"32,800",8,1994,금강로 1530-13,,-,-
경기도 남양주시 진접읍 진벌리,657,657,0,신창비바패밀리,84.98,202110,2,"32,000",4,2006,진벌로 85-2,,-,-
경기도 남양주시 진접읍 진벌리,657,657,0,신창비바패밀리,84.986,202110,13,"31,700",4,2006,진벌로 85-2,,-,-
경기도 남양주시 진접읍 진벌리,657,657,0,신창비바패밀리,84.986,202110,25,"33,500",11,2006,진벌로 85-2,,-,-
경기도 남양주시 퇴계원읍 퇴계원리,221,221,0,강남1차,84.87,202110,1,"50,500",12,1994,도제원로 19,,-,-
경기도 남양주시 퇴계원읍 퇴계원리,221,221,0,강남1차,80.49,202110,6,"51,500",14,1994,도제원로 19,,-,-
경기도 남양주시 퇴계원읍 퇴계원리,221,221,0,강남1차,84.87,202110,15,"52,500",3,1994,도제원로 19,,-,-
경기도 남양주시 퇴계원읍 퇴계원리,221,221,0,강남1차,84.87,202110,16,"51,000",10,1994,도제원로 19,,-,-
경기도 남양주시 퇴계원읍 퇴계원리,303,303,0,극동,114.85,202110,5,"62,000",10,1999,19,,-,-
경기도 남양주시 퇴계원읍 퇴계원리,303,303,0,극동,84.9,202110,12,"57,900",15,1999,19,,-,-
경기도 남양주시 퇴계원읍 퇴계원리,369,369,0,신별내퇴계원어울림,84.957,202110,6,"63,800",15,2012,141,,-,-
경기도 남양주시 퇴계원읍 퇴계원리,288-11,288,11,신우가든,79.505,202110,3,"32,600",3,1992,퇴계원로23번길 11-8,,-,-
경기도 남양주시 퇴계원읍 퇴계원리,365,365,0,퇴계원쌍용예가,120.27,202110,14,"77,000",19,2007,15,,-,-
경기도 남양주시 평내동,107-1,107,1,대명,131.52,202110,16,"51,000",3,2000,경춘로1308번길 8-12,,-,-
경기도 남양주시 평내동,산87-11,87,11,진주(1단지),51.9,202110,13,"30,000",1,1985,경춘로1308번길 20-14,,-,-
경기도 남양주시 평내동,550,550,0,평내마을금호어울림,84.9785,202110,4,"59,700",15,2005,경춘로1256번길 24,,-,-
경기도 남양주시 평내동,550,550,0,평내마을금호어울림,84.9785,202110,5,"52,000",1,2005,경춘로1256번길 24,,-,-
경기도 남양주시 평내동,562,562,0,평내마을주공,59.53,202110,1,"39,500",14,2004,평내로 46,,-,-
경기도 남양주시 평내동,562,562,0,평내마을주공,59.53,202110,16,"33,000",2,2004,평내로 46,,-,-
경기도 남양주시 평내동,581,581,0,평내마을평내1차대주파크빌,84.9357,202110,11,"50,000",3,2005,평내로 113,,-,-
경기도 남양주시 평내동,602,602,0,평내마을평내2차대주파크빌,84.8082,202110,15,"49,700",9,2005,평내로 104,,-,-
경기도 남양주시 평내동,564,564,0,평내화성파크힐즈,84.9668,202110,8,"52,900",13,2004,평내로 76,,-,-
경기도 남양주시 평내동,564,564,0,평내화성파크힐즈,84.9668,202110,15,"53,000",8,2004,평내로 76,,-,-
경기도 남양주시 평내동,230-3,230,3,희망,49.2,202110,20,"14,999",5,1987,경춘로1283번길 36,,-,-
경기도 남양주시 호평동,196-1,196,1,남양,63,202110,6,"35,000",3,1984,호평로69번길 10,,-,-
경기도 남양주시 호평동,196-1,196,1,남양,63,202110,13,"43,000",2,1984,호평로69번길 10,,-,-
경기도 남양주시 호평동,371,371,0,라인그린,59.93,202110,28,"24,000",5,1997,천마산로 65-2,,-,-
경기도 남양주시 호평동,668,668,0,호평마을금강,84.974,202110,3,"74,500",20,2004,호평로 94,,-,-
경기도 남양주시 호평동,668,668,0,호평마을금강,84.974,202110,5,"78,000",20,2004,호평로 94,,-,-
경기도 남양주시 호평동,711,711,0,호평마을우림필유,84.9855,202110,22,"50,000",4,2005,늘을1로 75,,-,-
경기도 남양주시 호평동,616,616,0,호평마을중흥에스-클래스,121.7573,202110,1,"75,000",12,2005,늘을3로 65-26,,-,-
경기도 남양주시 호평동,680,680,0,호평마을중흥에스-클래스로하스,158.7067,202110,14,"74,500",7,2006,호평로 149,,-,-
경기도 남양주시 호평동,680,680,0,호평마을중흥에스-클래스로하스,158.7067,202110,18,"60,000",4,2006,호평로 149,,-,-
경기도 남양주시 호평동,680,680,0,호평마을중흥에스-클래스로하스,158.7067,202110,28,"58,000",4,2006,호평로 149,20211104,-,-
경기도 남양주시 호평동,729,729,0,호평오네뜨센트럴,74.9943,202110,8,"70,000",13,2019,늘을3로 88-1,,-,-
경기도 남양주시 호평동,724,724,0,호평파라곤,153.18,202110,8,"90,000",17,2010,천마산로 65,,-,-
경기도 남양주시 호평동,724,724,0,호평파라곤,130.64,202110,13,"87,000",17,2010,천마산로 65,,-,-
경기도 남양주시 화도읍 녹촌리,554,554,0,남양주녹촌두산위브,84.99,202110,9,"27,900",4,2006,녹촌로 87-29,,-,-
경기도 남양주시 화도읍 녹촌리,554,554,0,남양주녹촌두산위브,84.99,202110,14,"35,000",7,2006,녹촌로 87-29,,-,-
경기도 남양주시 화도읍 녹촌리,554,554,0,남양주녹촌두산위브,84.99,202110,30,"35,400",8,2006,녹촌로 87-29,,-,-
경기도 남양주시 화도읍 녹촌리,564,564,0,남양주라온프라이빗2단지,59.703,202110,7,"52,500",12,2019,경춘보학2길 10,,-,-
경기도 남양주시 화도읍 녹촌리,566,566,0,남양주라온프라이빗4단지,84.8657,202110,25,"63,000",4,2019,경춘보학1길 7,,-,-
경기도 남양주시 화도읍 녹촌리,567,567,0,남양주라온프라이빗5단지,72.7131,202110,4,"58,000",5,2019,경춘보학1길 8,,-,-
경기도 남양주시 화도읍 녹촌리,567,567,0,남양주라온프라이빗5단지,84.6269,202110,15,"65,400",16,2019,경춘보학1길 8,,-,-
경기도 남양주시 화도읍 녹촌리,556,556,0,화도센트럴우방아이유쉘,84.95,202110,8,"63,800",15,2018,수레로1233번길 34,,-,-
경기도 남양주시 화도읍 녹촌리,556,556,0,화도센트럴우방아이유쉘,84.95,202110,16,"62,500",17,2018,수레로1233번길 34,,-,-
경기도 남양주시 화도읍 마석우리,71,71,0,그랜드힐(1차),84.7493,202110,12,"35,800",1,2004,경춘로 2102-16,,-,-
경기도 남양주시 화도읍 마석우리,Apr-71,71,4,그랜드힐(2차),84.7422,202110,3,"44,000",8,2007,경춘로 2102-25,,-,-
경기도 남양주시 화도읍 마석우리,598,598,0,마석역신도브래뉴,123.808,202110,1,"65,000",7,2009,마석로 110,,-,-
경기도 남양주시 화도읍 마석우리,600,600,0,마석힐즈파크푸르지오,84.9448,202110,18,"61,000",7,2018,비룡로33번길 25,,-,-
경기도 남양주시 화도읍 마석우리,552,552,0,보미청광플러스원,84.9694,202110,20,"50,000",6,2005,맷돌로 50,,-,-
경기도 남양주시 화도읍 마석우리,599,599,0,신마석서희스타힐스,97.6668,202110,14,"40,000",5,2011,소래비로 130,,-,-
경기도 남양주시 화도읍 마석우리,396,396,0,신명스카이뷰그린,59.9742,202110,14,"43,000",2,2005,비룡로 56-8,,-,-
경기도 남양주시 화도읍 마석우리,396,396,0,신명스카이뷰그린,84.9932,202110,18,"59,000",10,2005,비룡로 56-8,,-,-
경기도 남양주시 화도읍 마석우리,396,396,0,신명스카이뷰그린,59.9742,202110,22,"45,000",8,2005,비룡로 56-8,,-,-
경기도 남양주시 화도읍 묵현리,596,596,0,경성큰마을(1단지),59.89,202110,6,"25,000",3,1998,경춘로 1605,,-,-
경기도 남양주시 화도읍 묵현리,596,596,0,경성큰마을(1단지),84.94,202110,27,"24,000",2,1998,경춘로 1605,,-,-
경기도 남양주시 화도읍 묵현리,604-4,604,4,경성큰마을(2단지),59.89,202110,1,"24,000",13,1998,경춘로 1606,,-,-
경기도 남양주시 화도읍 묵현리,604-4,604,4,경성큰마을(2단지),59.89,202110,2,"25,000",11,1998,경춘로 1606,,-,-
경기도 남양주시 화도읍 묵현리,591-1,591,1,귀뚜라미,76.815,202110,11,"12,500",3,1997,먹갓로27번길 32,,-,-
경기도 남양주시 화도읍 묵현리,478-7,478,7,도시그린(나동),49.32,202110,14,"11,000",2,1995,먹갓로28번길 34,,-,-
경기도 남양주시 화도읍 묵현리,478-7,478,7,도시그린(나동),49.32,202110,15,"8,500",3,1995,먹갓로28번길 34,,-,-
경기도 남양주시 화도읍 묵현리,Mar-47,47,3,마석LIG아파트,59.9693,202110,4,"35,000",14,2005,비룡로158번길 11,,-,-
경기도 남양주시 화도읍 묵현리,Mar-47,47,3,마석LIG아파트,59.9693,202110,23,"29,000",8,2005,비룡로158번길 11,,-,-
경기도 남양주시 화도읍 묵현리,625,625,0,마석역신도브래뉴2차,84.917,202110,18,"49,000",6,2010,비룡로141번길 21,,-,-
경기도 남양주시 화도읍 묵현리,147-3,147,3,삼신푸른솔,84.92,202110,1,"36,500",15,1998,비룡로 185-25,,-,-
경기도 남양주시 화도읍 묵현리,147-3,147,3,삼신푸른솔,59.63,202110,2,"30,000",18,1998,비룡로 185-25,,-,-
경기도 남양주시 화도읍 묵현리,147-3,147,3,삼신푸른솔,59.63,202110,9,"29,500",12,1998,비룡로 185-25,,-,-
경기도 남양주시 화도읍 묵현리,147-3,147,3,삼신푸른솔,84.92,202110,11,"36,000",15,1998,비룡로 185-25,,-,-
경기도 남양주시 화도읍 묵현리,48,48,0,삼익,134.94,202110,21,"45,000",8,2003,비룡로116번길 40,20211102,-,-
경기도 남양주시 화도읍 묵현리,240-2,240,2,스카이타워,84.217,202110,21,"41,000",8,2018,묵현로 10,,-,-
경기도 남양주시 화도읍 묵현리,286-3,286,3,영진그린필,84.946,202110,4,"33,450",6,2003,경춘로 1790-1,20211029,-,-
경기도 남양주시 화도읍 묵현리,286-3,286,3,영진그린필,84.946,202110,4,"33,450",6,2003,경춘로 1790-1,,-,-
경기도 남양주시 화도읍 묵현리,286-3,286,3,영진그린필,84.946,202110,7,"32,000",8,2003,경춘로 1790-1,,-,-
경기도 남양주시 화도읍 월산리,1527,1527,0,화도효성해링턴플레이스,84.9915,202110,6,"48,500",33,2015,경춘로2248번길 40,,-,-
경기도 남양주시 화도읍 월산리,1527,1527,0,화도효성해링턴플레이스,84.993,202110,26,"42,500",10,2015,경춘로2248번길 40,,-,-
경기도 남양주시 화도읍 차산리,875,875,0,신창현풍림아이원1차,121.1674,202110,8,"53,500",2,2009,수레로1120번길 8,,-,-
경기도 남양주시 화도읍 창현리,778,778,0,남양주창현도뮤토,84.9891,202110,30,"59,990",4,2017,창현로 45,,-,-
경기도 남양주시 화도읍 창현리,749,749,0,신명,59.95,202110,1,"41,000",7,1997,창현로 60,,-,-
경기도 남양주시 화도읍 창현리,749,749,0,신명,59.95,202110,4,"41,800",9,1997,창현로 60,,-,-
경기도 남양주시 화도읍 창현리,749,749,0,신명,49.5,202110,6,"34,000",17,1997,창현로 60,,-,-
경기도 남양주시 화도읍 창현리,749,749,0,신명,49.5,202110,8,"33,400",17,1997,창현로 60,,-,-
경기도 남양주시 화도읍 창현리,749,749,0,신명,59.95,202110,25,"36,000",2,1997,창현로 60,,-,-
경기도 남양주시 화도읍 창현리,764,764,0,신한토탈,71.164,202110,18,"40,200",20,1997,녹촌로 20,,-,-
경기도 남양주시 화도읍 창현리,329-1,329,1,영남탑스빌,91.553,202110,12,"35,000",12,2000,수레로1120번길 33-1,,-,-
경기도 남양주시 화도읍 창현리,745,745,0,창현두산2단지아파트,59.88,202110,1,"42,000",10,1997,수레로 1234-13,,-,-
경기도 남양주시 화도읍 창현리,745,745,0,창현두산2단지아파트,59.88,202110,3,"39,500",16,1997,수레로 1234-13,,-,-
경기도 남양주시 화도읍 창현리,745,745,0,창현두산2단지아파트,59.88,202110,9,"40,000",3,1997,수레로 1234-13,,-,-
경기도 남양주시 화도읍 창현리,산46,46,0,현대1,64.92,202110,1,"19,200",4,1991,수레로 1142-7,,-,-
경기도 남양주시 화도읍 창현리,산46,46,0,현대1,64.92,202110,7,"20,000",5,1991,수레로 1142-7,,-,-
경기도 남양주시 화도읍 창현리,산46,46,0,현대1,64.92,202110,16,"20,000",5,1991,수레로 1142-7,,-,-
경기도 동두천시 동두천동,109,109,0,리젠시빌하우스,81.69,202110,13,"14,000",9,2012,안창말로5번길 46,,-,-
경기도 동두천시 상패동,61,61,0,상패주공,49.84,202110,2,"10,900",5,1997,어수로 29-16,,-,-
경기도 동두천시 상패동,61,61,0,상패주공,49.84,202110,4,"12,000",15,1997,어수로 29-16,,-,-
경기도 동두천시 상패동,61,61,0,상패주공,49.84,202110,6,"11,700",3,1997,어수로 29-16,,-,-
경기도 동두천시 생연동,85,85,0,기상,84.96,202110,7,"7,000",9,1994,못골로 60,,-,-
경기도 동두천시 생연동,664-20,664,20,대림아파트,58.95,202110,8,"6,000",5,1995,중앙로245번길 13,,-,-
경기도 동두천시 생연동,251,251,0,동양아파트,59.94,202110,21,"6,700",2,1991,못골로49번길 2,,-,-
경기도 동두천시 생연동,251,251,0,동양아파트,59.94,202110,22,"4,600",6,1991,못골로49번길 2,,-,-
경기도 동두천시 생연동,251,251,0,동양아파트,59.94,202110,23,"4,000",5,1991,못골로49번길 2,,-,-
경기도 동두천시 생연동,442-1,442,1,명품하우스,30.94,202110,14,"6,200",9,2012,2418,,-,-
경기도 동두천시 생연동,442-1,442,1,명품하우스,30.94,202110,23,"6,200",7,2012,2418,,-,-
경기도 동두천시 생연동,714-2,714,2,부영아파트(1단지),84.9842,202110,12,"26,500",11,2004,생연로 72,,-,-
경기도 동두천시 생연동,715-7,715,7,부영아파트(6단지),49.847,202110,7,"19,500",5,2003,동두천로 171,,-,-
경기도 동두천시 생연동,296-1,296,1,상우아파트,69.39,202110,28,"7,000",15,1991,삼육사로 1057,,-,-
경기도 동두천시 생연동,163,163,0,생연주공아파트(1단지),37.67,202110,4,"9,000",1,1996,중앙로 424,,-,-
경기도 동두천시 생연동,163,163,0,생연주공아파트(1단지),58.14,202110,8,"14,800",12,1996,중앙로 424,,-,-
경기도 동두천시 생연동,163,163,0,생연주공아파트(1단지),37.67,202110,25,"8,500",8,1996,중앙로 424,,-,-
경기도 동두천시 생연동,284,284,0,생연주공아파트(내행주공),45.87,202110,23,"9,800",3,1985,삼육사로 1029,,-,-
경기도 동두천시 생연동,809,809,0,세아프라자,84.6,202110,18,"7,000",10,1993,큰시장로 64,,-,-
경기도 동두천시 생연동,350,350,0,에이스아파트(3차),119.81,202110,11,"22,000",2,1993,행선로 123-19,,-,-
경기도 동두천시 생연동,350,350,0,에이스아파트(3차),59.4,202110,13,"15,000",12,1993,행선로 123-19,,-,-
경기도 동두천시 생연동,350,350,0,에이스아파트(3차),59.4,202110,14,"18,000",12,1993,행선로 123-19,,-,-
경기도 동두천시 생연동,350,350,0,에이스아파트(3차),84.935,202110,14,"21,500",12,1993,행선로 123-19,,-,-
경기도 동두천시 생연동,356,356,0,에이스아파트(5차),84.952,202110,17,"20,000",18,2002,삼육사로1002번길 47,20211018,-,-
경기도 동두천시 생연동,356,356,0,에이스아파트(5차),101.93,202110,23,"20,000",1,2002,삼육사로1002번길 47,,-,-
경기도 동두천시 생연동,231,231,0,월드메르디앙,84.4174,202110,19,"30,300",7,2009,장고갯로 116,,-,-
경기도 동두천시 생연동,268-5,268,5,조흥아파트,65.53,202110,11,"7,500",6,1990,어등로 6,,-,-
경기도 동두천시 생연동,268-5,268,5,조흥아파트,65.53,202110,11,"7,500",6,1990,어등로 6,20211020,-,-
경기도 동두천시 생연동,268-5,268,5,조흥아파트,57.48,202110,16,"6,900",3,1990,어등로 6,,-,-
경기도 동두천시 생연동,268-5,268,5,조흥아파트,65.53,202110,16,"6,000",5,1990,어등로 6,,-,-
경기도 동두천시 생연동,246-1,246,1,한영아파트,57.934,202110,23,"5,100",4,1992,못골로49번길 10,,-,-
경기도 동두천시 지행동,692-1,692,1,대방노블랜드(7단지),50.3,202110,2,"23,500",8,2004,거북마루로 64,,-,-
경기도 동두천시 지행동,692-3,692,3,대방노블랜드(8단지),58.7,202110,8,"16,500",9,2004,동두천로 149,,-,-
경기도 동두천시 지행동,717-2,717,2,송내주공1단지,84.88,202110,6,"31,500",1,2004,지행로 16,,-,-
경기도 동두천시 지행동,717-2,717,2,송내주공1단지,75.79,202110,20,"35,800",8,2004,지행로 16,,-,-
경기도 동두천시 지행동,717-2,717,2,송내주공1단지,75.79,202110,22,"30,000",6,2004,지행로 16,,-,-
경기도 동두천시 지행동,722-5,722,5,송내주공2단지,51.88,202110,18,"22,000",12,2004,동두천로 89,,-,-
경기도 동두천시 지행동,196,196,0,에코휴먼빌2차,84.93,202110,9,"36,500",10,2018,이담로 161,,-,-
경기도 동두천시 지행동,270-3,270,3,지행주공2단지,59.99,202110,5,"22,400",16,1999,평화로 2316-13,,-,-
경기도 동두천시 지행동,270-3,270,3,지행주공2단지,59.99,202110,12,"20,700",18,1999,평화로 2316-13,,-,-
경기도 동두천시 지행동,270-3,270,3,지행주공2단지,49.79,202110,13,"18,500",6,1999,평화로 2316-13,,-,-
경기도 동두천시 지행동,282-3,282,3,지행현대2차아파트,84.95,202110,3,"25,000",1,1999,평화로 2316-6,,-,-
경기도 동두천시 지행동,691-3,691,3,현진에버빌,90.17,202110,7,"44,000",6,2005,생연로 10,,-,-
경기도 부천시 고강동,305-13,305,13,동광모닝스카이2차,84.98,202110,1,"45,000",4,2007,원종로107번길 14-12,,-,-
경기도 부천시 고강동,327-7,327,7,동문미도(327-7),59.4,202110,1,"30,000",4,1989,수주로 18,,-,-
경기도 부천시 고강동,292-6,292,6,부촌1차,54.66,202110,6,"21,000",4,1988,고강로72번길 52,,-,-
경기도 부천시 고강동,292-6,292,6,부촌1차,38.27,202110,11,"17,900",3,1988,고강로72번길 52,,-,-
경기도 부천시 고강동,292-8,292,8,부촌2차,38.27,202110,9,"17,500",3,1988,고강로72번길 62,20211022,-,-
경기도 부천시 고강동,292-8,292,8,부촌2차,38.27,202110,22,"17,500",3,1988,고강로72번길 62,,-,-
경기도 부천시 고강동,333-2,333,2,삼두,44.91,202110,7,"14,500",5,1986,원종로119번길 46,,-,-
경기도 부천시 고강동,396,396,0,삼우(396),38.97,202110,11,"17,000",1,1988,고리울로52번길 5,,-,-
경기도 부천시 고강동,396,396,0,삼우(396),38.97,202110,30,"16,800",5,1988,고리울로52번길 5,,-,-
경기도 부천시 고강동,407-6,407,6,선우,43.8,202110,9,"14,400",5,1989,고리울로64번길 25-6,,-,-
경기도 부천시 고강동,400-1,400,1,정도,40.02,202110,20,"17,000",3,1989,역곡로472번길 102,,-,-
경기도 부천시 고강동,409-5,409,5,홍익,33.54,202110,19,"16,500",4,1989,고리울로74번길 6,,-,-
경기도 부천시 괴안동,161-24,161,24,DH벨트라움(161-24번지),59.3975,202110,2,"37,000",7,2017,안곡로 158,,-,-
경기도 부천시 괴안동,161-24,161,24,DH벨트라움(161-24번지),59.9112,202110,13,"36,000",4,2017,안곡로 158,,-,-
경기도 부천시 괴안동,104-3,104,3,대현부안,47.49,202110,23,"17,000",1,1986,경인로498번길 94,,-,-
경기도 부천시 괴안동,106-1,106,1,대현청실,49.68,202110,1,"39,500",4,1987,부광로22번길 45,,-,-
경기도 부천시 괴안동,산14,14,0,덕림현대,44.8,202110,13,"18,000",4,1987,범안로46번길 18,,-,-
경기도 부천시 괴안동,06월 11일,6,11,라온107,64.9135,202110,8,"28,300",3,2019,경인옛로 107,,-,-
경기도 부천시 괴안동,171-18,171,18,복지,54.9,202110,7,"28,400",2,1986,경인로484번길 28,,-,-
경기도 부천시 괴안동,204-1,204,1,삼익3차,56.67,202110,18,"40,800",9,1990,안곡로 4,,-,-
경기도 부천시 괴안동,204-5,204,5,삼익세라믹,84.93,202110,2,"50,000",11,1988,소안로 20,,-,-
경기도 부천시 괴안동,165,165,0,성우,39.42,202110,19,"16,500",4,1987,안곡로149번길 30,,-,-
경기도 부천시 괴안동,99,99,0,아주,59.115,202110,4,"35,000",3,1995,범안로21번길 39,,-,-
경기도 부천시 괴안동,102-6,102,6,엘리시안A.P.T,54.98,202110,16,"42,800",9,2021,안곡로 97,,-,-
경기도 부천시 괴안동,102-6,102,6,엘리시안A.P.T,68.19,202110,17,"49,300",9,2021,안곡로 97,,-,-
경기도 부천시 괴안동,102-6,102,6,엘리시안A.P.T,54.98,202110,21,"41,300",5,2021,안곡로 97,,-,-
경기도 부천시 괴안동,102-6,102,6,엘리시안A.P.T,54.98,202110,25,"42,800",7,2021,안곡로 97,,-,-
경기도 부천시 괴안동,164-6,164,6,염광,69.52,202110,16,"35,500",3,1989,안곡로16번길 47,,-,-
경기도 부천시 괴안동,32,32,0,조공2차,78.156,202110,26,"50,000",3,1985,안곡로 22,,-,-
경기도 부천시 괴안동,88,88,0,현대(88-0),55.57,202110,7,"20,000",2,1986,범안로 37,,-,-
경기도 부천시 괴안동,105-3,105,3,현대2차,40.57,202110,21,"29,000",4,1989,경인로498번길 58,,-,-
경기도 부천시 괴안동,125-3,125,3,현대5차,51.45,202110,5,"29,500",4,1989,부광로21번길 17,,-,-
경기도 부천시 괴안동,산15,15,0,현대허니문,43.74,202110,7,"20,000",2,1988,안곡로30번길 27,,-,-
경기도 부천시 괴안동,산15,15,0,현대허니문,41.52,202110,9,"18,600",5,1988,안곡로30번길 27,,-,-
경기도 부천시 내동,348,348,0,신영,51,202110,27,"14,000",5,1990,삼작로233번길 50,,-,-
경기도 부천시 도당동,Jan-46,46,1,대화,41.4,202110,16,"11,400",5,1986,수도로180번길 62,,-,-
경기도 부천시 도당동,287,287,0,삼익플라주,59.92,202110,4,"31,500",11,2010,정주로34번가길 12,,-,-
경기도 부천시 도당동,105-3,105,3,푸른솔,44.52,202110,16,"14,000",3,1989,성곡로69번길 107,,-,-
경기도 부천시 범박동,234-1,234,1,범박파밀리에포레스트,84.44,202110,9,"74,000",14,2011,양지남로68번길 25,,-,-
경기도 부천시 범박동,150-2,150,2,부천범박힐스테이트 6단지,70.4,202110,6,"60,000",18,2003,은성로 172-17,,-,-
경기도 부천시 범박동,150-2,150,2,부천범박힐스테이트 6단지,70.4,202110,21,"61,000",10,2003,은성로 172-17,,-,-
경기도 부천시 범박동,150-2,150,2,부천범박힐스테이트 6단지,70.4,202110,23,"64,000",16,2003,은성로 172-17,,-,-
경기도 부천시 범박동,154-2,154,2,부천범박힐스테이트1단지,59.95,202110,12,"54,000",2,2004,범안로 81,,-,-
경기도 부천시 삼정동,298,298,0,에스케이미래로,56.19,202110,15,"38,700",8,2021,삼작로 84,,-,-
경기도 부천시 상동,500-1,500,1,다정한마을 경남아너스빌,84.8,202110,16,"73,000",8,2002,상동로 196,,-,-
경기도 부천시 상동,500-2,500,2,다정한마을(금강),84.986,202110,4,"76,000",1,2003,상동로 186,,-,-
경기도 부천시 상동,500-4,500,4,다정한마을(삼성),84.935,202110,7,"77,500",17,2002,평천로 616,,-,-
경기도 부천시 상동,500-4,500,4,다정한마을(삼성),84.935,202110,11,"77,600",5,2002,평천로 616,,-,-
경기도 부천시 상동,538-6,538,6,대신스카이빌,54.93,202110,4,"24,800",7,2003,길주로 129,,-,-
경기도 부천시 상동,538-6,538,6,대신스카이빌,46.26,202110,10,"19,450",7,2003,길주로 129,,-,-
경기도 부천시 상동,528-1,528,1,라일락마을(대우유림),84.9854,202110,8,"85,500",19,2002,상동로117번길 64,,-,-
경기도 부천시 상동,528-1,528,1,라일락마을(대우유림),84.9196,202110,15,"89,000",10,2002,상동로117번길 64,,-,-
경기도 부천시 상동,528-1,528,1,라일락마을(대우유림),84.9196,202110,16,"89,000",6,2002,상동로117번길 64,,-,-
경기도 부천시 상동,525-6,525,6,라일락마을(동양),84.9874,202110,3,"85,000",19,2002,계남로 19,,-,-
경기도 부천시 상동,525-3,525,3,라일락마을(신성미소지움),59.962,202110,16,"71,300",6,2002,도약로 36,,-,-
경기도 부천시 상동,397,397,0,반달마을(동아),39.84,202110,8,"31,800",14,1993,상일로 71,,-,-
경기도 부천시 상동,397,397,0,반달마을(동아),59.28,202110,11,"49,500",12,1993,상일로 71,,-,-
경기도 부천시 상동,395,395,0,반달마을(삼익),82.9,202110,2,"60,000",15,1993,장말로 102,,-,-
경기도 부천시 상동,395,395,0,반달마을(삼익),82.9,202110,6,"65,500",13,1993,장말로 102,,-,-
경기도 부천시 상동,395,395,0,반달마을(삼익),82.9,202110,29,"61,500",9,1993,장말로 102,,-,-
경기도 부천시 상동,397,397,0,반달마을(선경),59.28,202110,2,"49,950",14,1993,상일로 71,,-,-
경기도 부천시 상동,397,397,0,반달마을(선경),59.92,202110,4,"49,950",8,1993,상일로 71,,-,-
경기도 부천시 상동,397,397,0,반달마을(선경),59.92,202110,11,"49,500",15,1993,상일로 71,,-,-
경기도 부천시 상동,571-3,571,3,백송마을(엘지에스케이),98.9986,202110,20,"105,000",12,2002,상동로 25,,-,-
경기도 부천시 상동,571-6,571,6,백송마을(풍림아이원),59.997,202110,2,"63,000",10,2002,부흥로 49,,-,-
경기도 부천시 상동,571-6,571,6,백송마을(풍림아이원),59.997,202110,4,"62,700",15,2002,부흥로 49,,-,-
경기도 부천시 상동,571-6,571,6,백송마을(풍림아이원),59.997,202110,6,"63,000",10,2002,부흥로 49,,-,-
경기도 부천시 상동,534-6,534,6,비잔티움상동,135.57,202110,13,"119,000",35,2007,길주로 91,,-,-
경기도 부천시 상동,413,413,0,상동스카이뷰자이,84.9587,202110,11,"94,500",41,2018,부일로 203,,-,-
경기도 부천시 상동,413,413,0,상동스카이뷰자이,84.9587,202110,15,"91,200",27,2018,부일로 203,,-,-
경기도 부천시 상동,531-4,531,4,스타팰리스2,74.55,202110,18,"43,900",15,2004,길주로 63,,-,-
경기도 부천시 상동,312-2,312,2,시그니엘,73.7,202110,5,"47,100",7,2021,석천로 24,,-,-
경기도 부천시 상동,312-2,312,2,시그니엘,59.3,202110,6,"44,200",3,2021,석천로 24,,-,-
경기도 부천시 상동,312-2,312,2,시그니엘,59.3,202110,11,"45,000",6,2021,석천로 24,,-,-
경기도 부천시 상동,312-2,312,2,시그니엘,73.7,202110,19,"45,000",2,2021,석천로 24,,-,-
경기도 부천시 상동,312-2,312,2,시그니엘,59.3,202110,21,"44,600",4,2021,석천로 24,,-,-
경기도 부천시 상동,526-1,526,1,진달래마을(대우),130.3698,202110,24,"113,000",14,2002,도약로 56,,-,-
경기도 부천시 상동,527-3,527,3,진달래마을(효성),84.98,202110,30,"90,000",7,2002,계남로 72,,-,-
경기도 부천시 상동,527-1,527,1,진달래마을(효성써미트빌),101.845,202110,12,"107,000",18,2002,계남로 60,,-,-
경기도 부천시 상동,393,393,0,"한아름마을(삼환,동아,동성)",59.4,202110,5,"49,000",9,1994,부흥로 100,,-,-
경기도 부천시 상동,394,394,0,한아름마을(한국),48.18,202110,2,"39,500",5,1996,부흥로 102,,-,-
경기도 부천시 상동,550-1,550,1,행복한마을(금호),84.87,202110,8,"102,000",20,2002,소향로 18,,-,-
경기도 부천시 상동,550-1,550,1,행복한마을(금호),84.87,202110,14,"107,500",8,2002,소향로 18,,-,-
경기도 부천시 소사본동,133-12,133,12,부천소사역푸르지오,84.9779,202110,3,"91,700",12,2012,소삼로 47,,-,-
경기도 부천시 소사본동,133-12,133,12,부천소사역푸르지오,59.9241,202110,6,"72,000",4,2012,소삼로 47,,-,-
경기도 부천시 소사본동,151-17,151,17,센트라움,60.47,202110,6,"43,000",9,2020,은성로37번길 27,,-,-
경기도 부천시 소사본동,135,135,0,소사에스케이뷰,84.9841,202110,19,"71,500",13,2004,소삼로 62,,-,-
경기도 부천시 소사본동,424,424,0,소새울KCC스위첸,128,202110,2,"85,500",13,2012,은성로67번길 12,,-,-
경기도 부천시 소사본동,68-23,68,23,에코파인,66.22,202110,2,"45,000",5,2018,호현로 480,,-,-
경기도 부천시 소사본동,400-8,400,8,주공,58.14,202110,2,"43,800",5,1995,소사로78번길 70,,-,-
경기도 부천시 소사본동,400-8,400,8,주공,37.67,202110,4,"24,700",2,1995,소사로102번길 67,,-,-
경기도 부천시 소사본동,400-8,400,8,주공,58.14,202110,6,"43,800",5,1995,소사로78번길 70,,-,-
경기도 부천시 소사본동,400-8,400,8,주공,58.14,202110,9,"43,000",6,1995,소사로78번길 70,,-,-
경기도 부천시 소사본동,400-8,400,8,주공,37.67,202110,9,"23,000",13,1995,소사로102번길 67,,-,-
경기도 부천시 소사본동,191-3,191,3,진양,39.12,202110,2,"15,400",5,1988,호현로387번길 9,,-,-
경기도 부천시 소사본동,191-3,191,3,진양,58.2,202110,2,"22,000",1,1988,호현로387번길 9,,-,-
경기도 부천시 소사본동,191-3,191,3,진양,39.12,202110,21,"14,000",3,1988,호현로387번길 9,,-,-
경기도 부천시 소사본동,400-7,400,7,청구,134.55,202110,2,"72,500",5,1995,소사로102번길 47,,-,-
경기도 부천시 소사본동,401-7,401,7,풍림,84.77,202110,7,"55,000",7,1996,소사로78번길 42,,-,-
경기도 부천시 소사본동,401-7,401,7,풍림,84.77,202110,7,"53,500",16,1996,소사로78번길 42,,-,-
경기도 부천시 소사본동,401-7,401,7,풍림,84.77,202110,9,"55,000",11,1996,소사로78번길 42,,-,-
경기도 부천시 소사본동,219-2,219,2,프라우드아파트,64.58,202110,15,"42,700",6,2021,은성로68번길 68,,-,-
경기도 부천시 소사본동,176-4,176,4,프라우드아파트101동,70.02,202110,15,"40,700",7,2021,은성로24번길 8,,-,-
경기도 부천시 소사본동,176-4,176,4,프라우드아파트101동,70.02,202110,15,"39,200",4,2021,은성로24번길 8,,-,-
경기도 부천시 소사본동,176-4,176,4,프라우드아파트101동,70.02,202110,23,"39,000",2,2021,은성로24번길 8,,-,-
경기도 부천시 소사본동,176-11,176,11,프라우드아파트102동,70.02,202110,18,"38,700",5,2021,은성로24번길 14,,-,-
경기도 부천시 소사본동,176-11,176,11,프라우드아파트102동,70.02,202110,20,"40,700",6,2021,은성로24번길 14,,-,-
경기도 부천시 소사본동,277-12,277,12,한신,41.295,202110,2,"23,600",8,1984,소사로170번길 81,,-,-
경기도 부천시 소사본동,277-12,277,12,한신,41.295,202110,5,"22,000",5,1984,소사로170번길 81,,-,-
경기도 부천시 소사본동,277-12,277,12,한신,41.295,202110,9,"25,000",3,1984,소사로170번길 81,,-,-
경기도 부천시 소사본동,277-12,277,12,한신,41.295,202110,27,"21,000",12,1984,소사로170번길 81,,-,-
경기도 부천시 송내동,576-3,576,3,THE네모,66.22,202110,9,"51,800",9,2021,심곡로10번길 55,20211101,-,-
경기도 부천시 송내동,576-3,576,3,THE네모,66.22,202110,22,"51,800",9,2021,심곡로10번길 55,,-,-
경기도 부천시 송내동,368,368,0,뉴서울,123.72,202110,13,"68,000",2,1995,중동로71번길 39,,-,-
경기도 부천시 송내동,368,368,0,뉴서울,59.97,202110,23,"45,000",14,1995,중동로71번길 39,,-,-
경기도 부천시 송내동,562-2,562,2,대원에코피노,62.716,202110,2,"29,000",12,2019,경인로137번가길 12,,-,-
경기도 부천시 송내동,441-8,441,8,동신,58.59,202110,2,"20,500",1,1985,성주로 66,,-,-
경기도 부천시 송내동,304-6,304,6,뜨란채주공,51.69,202110,6,"40,000",10,2004,경인로10번길 25-32,,-,-
경기도 부천시 송내동,606-2,606,2,라비앙힐스,53.13,202110,7,"32,700",10,2018,경인로138번길 75,,-,-
경기도 부천시 송내동,580,580,0,삼익1,81.79,202110,5,"33,500",11,1979,경인로134번길 75,,-,-
경기도 부천시 송내동,580,580,0,삼익1,39.93,202110,7,"20,000",2,1979,경인로134번길 51,,-,-
경기도 부천시 송내동,595,595,0,삼익2,84.26,202110,4,"34,000",6,1979,심곡로14번길 45,,-,-
경기도 부천시 송내동,595,595,0,삼익2,84.26,202110,11,"34,700",9,1979,심곡로14번길 45,,-,-
경기도 부천시 송내동,595,595,0,삼익2,84.26,202110,15,"34,700",2,1979,심곡로14번길 45,,-,-
경기도 부천시 송내동,596-4,596,4,성라,40.97,202110,15,"15,500",4,1988,경인로170번길 34,,-,-
경기도 부천시 송내동,365-1,365,1,성우,63.18,202110,3,"33,700",5,1985,경인로53번길 24,,-,-
경기도 부천시 송내동,457-1,457,1,송내대우,80.675,202110,4,"54,950",2,2001,경인로134번길 72,,-,-
경기도 부천시 송내동,457-1,457,1,송내대우,80.675,202110,8,"58,000",14,2001,경인로134번길 72,,-,-
경기도 부천시 송내동,457-1,457,1,송내대우,80.675,202110,8,"48,000",14,2001,경인로134번길 72,,-,-
경기도 부천시 송내동,457-1,457,1,송내대우,80.675,202110,13,"54,000",9,2001,경인로134번길 72,,-,-
경기도 부천시 송내동,598-3,598,3,송내승윤노블리안,56.037,202110,2,"34,700",5,2020,심곡로34번길 38-1,,-,-
경기도 부천시 송내동,598-3,598,3,송내승윤노블리안,52.827,202110,22,"33,000",7,2020,심곡로34번길 38-1,,-,-
경기도 부천시 송내동,315,315,0,송내역파인푸르지오1단지,74.9964,202110,16,"75,800",3,2016,송내대로 16,,-,-
경기도 부천시 송내동,315-3,315,3,송내역파인푸르지오2단지,62.9958,202110,6,"71,900",13,2016,송내대로 14,,-,-
경기도 부천시 송내동,409,409,0,송내자이,59.9442,202110,3,"63,000",10,2009,경인로26번길 22,,-,-
경기도 부천시 송내동,340,340,0,우성,84.91,202110,28,"64,000",10,1990,경인로29번길 32,,-,-
경기도 부천시 송내동,377-7,377,7,중동푸르지오2차(A단지),59.99,202110,1,"62,000",3,2008,경인로117번길 27,,-,-
경기도 부천시 송내동,372,372,0,푸르지오,84.874,202110,6,"73,300",5,2005,중동로 64,,-,-
경기도 부천시 송내동,450-1,450,1,현대,50.49,202110,1,"32,150",13,1988,성주로 86-4,,-,-
경기도 부천시 송내동,450-1,450,1,현대,50.49,202110,1,"29,800",2,1988,성주로 86-4,,-,-
경기도 부천시 송내동,450-1,450,1,현대,50.49,202110,6,"29,500",3,1988,성주로 86-4,,-,-
경기도 부천시 송내동,450-1,450,1,현대,84.92,202110,16,"53,500",7,1988,성주로 86-4,,-,-
경기도 부천시 심곡동,365-13,365,13,JN팰리스B동,35.45,202110,1,"16,500",4,2012,장말로 367,,-,-
경기도 부천시 심곡동,382-6,382,6,가온팰리스,18,202110,27,"8,900",9,2015,부일로 453,,-,-
경기도 부천시 심곡동,365-8,365,8,남영라끄빌,30.03,202110,15,"13,600",2,2012,부흥로374번길 25-10,,-,-
경기도 부천시 심곡동,353-3,353,3,녹십초그린,89.25,202110,22,"30,000",4,2003,장말로372번길 34,,-,-
경기도 부천시 심곡동,458-2,458,2,다온하브,17.128,202110,1,"13,200",12,2005,부일로 429,,-,-
경기도 부천시 심곡동,458-2,458,2,다온하브,15.449,202110,5,"9,500",8,2005,부일로 429,,-,-
경기도 부천시 심곡동,458-2,458,2,다온하브,18.914,202110,20,"13,000",6,2005,부일로 429,,-,-
경기도 부천시 심곡동,391-4,391,4,대준블루온,20.3,202110,1,"6,100",4,2014,신흥로26번길 36,,-,-
경기도 부천시 심곡동,391-4,391,4,대준블루온,19.08,202110,18,"10,900",6,2014,신흥로26번길 36,,-,-
경기도 부천시 심곡동,110-2,110,2,더로얄아파트,62.154,202110,15,"46,500",13,2021,부천로 99,,-,-
경기도 부천시 심곡동,354-3,354,3,도원,55.01,202110,9,"13,800",4,1979,장말로362번길 17,,-,-
경기도 부천시 심곡동,391-21,391,21,레미안블루,24.82,202110,25,"18,000",8,2011,부일로432번길 21,,-,-
경기도 부천시 심곡동,135-6,135,6,쁘띠-오타운,22.8,202110,1,"10,600",7,2012,부천로36번길 61,,-,-
경기도 부천시 심곡동,179-3,179,3,센텀시티,64.12,202110,4,"41,500",17,2020,부일로459번길 20,,-,-
경기도 부천시 심곡동,142-14,142,14,에코스마트1,13.485,202110,11,"4,400",14,2012,부천로2번길 41,,-,-
경기도 부천시 심곡동,465-5,465,5,에코스마트2,21.01,202110,8,"10,000",12,2013,신흥로16번길 11,,-,-
경기도 부천시 심곡동,465-5,465,5,에코스마트2,14.43,202110,12,"8,200",14,2013,신흥로16번길 11,,-,-
경기도 부천시 심곡동,142-10,142,10,에코스마트3,12.26,202110,6,"8,900",14,2014,부천로2번길 49,,-,-
경기도 부천시 심곡동,142-10,142,10,에코스마트3,12.16,202110,7,"8,300",19,2014,부천로2번길 49,,-,-
경기도 부천시 심곡동,356-9,356,9,제이비팰리스,41.64,202110,5,"24,000",9,2017,부천로57번길 8,,-,-
경기도 부천시 심곡본동,617-140,617,140,광희APT,37.65,202110,13,"20,000",5,1981,심곡로67번길 70-43,,-,-
경기도 부천시 심곡본동,788-3,788,3,더스테이,67.63,202110,7,"44,200",6,2020,성무로17번길 47,,-,-
경기도 부천시 심곡본동,617-11,617,11,롯데APT,60.89,202110,13,"35,750",3,1984,심곡로67번길 74,,-,-
경기도 부천시 심곡본동,566-1,566,1,부천극동APT,102.67,202110,11,"50,500",2,1980,성주로 226,,-,-
경기도 부천시 심곡본동,560-9,560,9,부천심곡파라곤APT,143.87,202110,4,"55,000",9,2009,경인로 180,,-,-
경기도 부천시 심곡본동,666-5,666,5,알찬집,12.67,202110,12,"9,900",6,2012,심곡로9번길 43,,-,-
경기도 부천시 약대동,209,209,0,부천위브트레지움2단지,114.98,202110,3,"94,000",3,2012,도약로 206,,-,-
경기도 부천시 약대동,209,209,0,부천위브트레지움2단지,84.98,202110,4,"88,500",18,2012,도약로 206,,-,-
경기도 부천시 약대동,209,209,0,부천위브트레지움2단지,114.98,202110,6,"103,000",5,2012,도약로 206,,-,-
경기도 부천시 약대동,Apr-33,33,4,현대,55.32,202110,8,"34,700",3,1988,신흥로321번길 27,,-,-
경기도 부천시 약대동,Apr-33,33,4,현대,70.23,202110,27,"44,800",1,1988,신흥로321번길 27,,-,-
경기도 부천시 약대동,169-38,169,38,흥립약대,41.31,202110,4,"18,000",2,1984,신흥로321번길 28-9,,-,-
경기도 부천시 여월동,07월 15일,7,15,뜰아래,70.5,202110,25,"39,500",4,2021,삼작로346번길 20,,-,-
경기도 부천시 여월동,10-52,10,52,삼성다빈치,67.21,202110,1,"49,000",7,2019,성곡로16번길 10,,-,-
경기도 부천시 여월동,340,340,0,여월휴먼시아3단지,84.47,202110,25,"97,500",14,2007,길주로573번길 37,,-,-
경기도 부천시 역곡동,213-7,213,7,대주파크빌,59.9551,202110,6,"46,000",11,2003,지봉로 153,,-,-
경기도 부천시 역곡동,411,411,0,동부센트레빌3단지,59.5,202110,2,"57,900",3,2006,안곡로279번길 42,,-,-
경기도 부천시 역곡동,409,409,0,"부천동부센트레빌1,2단지",59.5,202110,4,"56,500",1,2006,지봉로77번길 35,,-,-
경기도 부천시 역곡동,407,407,0,역곡4차e-편한세상,75.44,202110,4,"66,000",9,2005,역곡로20번길 91,,-,-
경기도 부천시 역곡동,Feb-74,74,2,역곡역이편한세상,84.9858,202110,4,"87,700",2,2011,역곡로19번길 26,,-,-
경기도 부천시 역곡동,75,75,0,일두,48.18,202110,20,"38,500",5,1983,부일로725번길 18,,-,-
경기도 부천시 역곡동,246-15,246,15,정담채아파트,66.26,202110,6,"43,000",11,2018,부일로 825,,-,-
경기도 부천시 역곡동,27-107,27,107,진성그린(102동),66.15,202110,2,"22,000",4,2006,지봉로33번길 15,,-,-
경기도 부천시 역곡동,212-2,212,2,한국,59.67,202110,15,"41,200",2,1996,안곡로 284,,-,-
경기도 부천시 역곡동,212-2,212,2,한국,59.67,202110,23,"42,800",21,1996,안곡로 284,,-,-
경기도 부천시 역곡동,01월 23일,23,1,한도(1-6동),70.141,202110,17,"38,000",1,1986,부일로 653,,-,-
경기도 부천시 역곡동,25-32,25,32,한도(7-8동),43.12,202110,2,"25,400",5,1983,부일로664번길 8,,-,-
경기도 부천시 역곡동,02월 27일,27,2,홈타미,62.31,202110,28,"24,000",3,2006,지봉로33번길 5,,-,-
경기도 부천시 오정동,140-6,140,6,부촌4,40.79,202110,7,"18,600",1,1989,성오로117번길 51,,-,-
경기도 부천시 오정동,549,549,0,에리트,52.2,202110,6,"24,500",4,1986,오정로252번길 66-15,,-,-
경기도 부천시 오정동,717,717,0,오정휴먼시아1단지,59.95,202110,9,"58,000",2,2006,오정로251번길 39,,-,-
경기도 부천시 오정동,726,726,0,오정휴먼시아2단지,84.69,202110,4,"71,000",10,2006,오정로 253,,-,-
경기도 부천시 오정동,726,726,0,오정휴먼시아2단지,84.69,202110,6,"75,000",13,2006,오정로 253,,-,-
경기도 부천시 옥길동,751-1,751,1,옥길브리즈힐,84.91,202110,16,"81,000",6,2016,옥길로 80,,-,-
경기도 부천시 옥길동,751-1,751,1,옥길브리즈힐,84.91,202110,22,"80,000",3,2016,옥길로 80,,-,-
경기도 부천시 옥길동,771-1,771,1,옥길센트리뷰,84.93,202110,2,"87,500",11,2017,옥길로 55,,-,-
경기도 부천시 옥길동,742-1,742,1,한신더휴 제이드카운티1단지,97.97,202110,13,"90,000",1,2017,양지로 234-10,,-,-
경기도 부천시 원미동,151-1,151,1,두산,84.92,202110,5,"61,300",11,1999,원미로144번길 51,,-,-
경기도 부천시 원미동,111-8,111,8,삼성한마음,80.82,202110,12,"34,700",4,2004,부천로 116,,-,-
경기도 부천시 원미동,114-1,114,1,원미동풍림,59.892,202110,11,"44,000",17,1999,원미로 100,,-,-
경기도 부천시 원미동,197-2,197,2,해맑은,54.7955,202110,13,"25,800",6,2004,원미로57번길 52,,-,-
경기도 부천시 원종동,212-4,212,4,기용,43.8,202110,6,"26,000",1,1989,원종로 20,,-,-
경기도 부천시 원종동,378-1,378,1,동진,45.78,202110,13,"22,500",4,1987,소사로699번길 29,,-,-
경기도 부천시 원종동,180-3,180,3,동진1,40.05,202110,2,"21,000",5,1987,고강로24번길 14,,-,-
경기도 부천시 원종동,180-3,180,3,동진1,40.05,202110,6,"21,000",3,1987,고강로24번길 14,,-,-
경기도 부천시 원종동,352,352,0,미성,34.16,202110,2,"25,900",2,1983,삼작로410번길 51,,-,-
경기도 부천시 원종동,468,468,0,세창짜임,77.16,202110,1,"51,700",7,2004,소사로 855,,-,-
경기도 부천시 원종동,129-8,129,8,영화,117.79,202110,4,"54,000",6,1998,상오정로182번길 53,,-,-
경기도 부천시 원종동,69-18,69,18,욱일6차,55.98,202110,6,"32,000",1,1986,소사로 838-15,,-,-
경기도 부천시 원종동,69-18,69,18,욱일6차,55.98,202110,23,"26,000",3,1986,소사로 838-15,,-,-
경기도 부천시 원종동,129-52,129,52,원종주공,39.27,202110,5,"41,800",2,1988,소사로807번길 54,,-,-
경기도 부천시 원종동,138-12,138,12,유림,44.28,202110,4,"24,700",5,1989,성오로128번길 43-21,,-,-
경기도 부천시 원종동,369,369,0,장미,60.57,202110,15,"26,300",2,1984,삼작로410번길 54,,-,-
경기도 부천시 원종동,369,369,0,장미,56.88,202110,18,"26,900",4,1984,삼작로410번길 54,,-,-
경기도 부천시 원종동,135-2,135,2,한아름,43.32,202110,29,"21,700",5,1989,소사로793번길 38,,-,-
경기도 부천시 작동,75,75,0,적성-1,53.88,202110,4,"23,500",1,1989,까치로118번길 26,,-,-
경기도 부천시 작동,Sep-69,69,9,해주3차,80.54,202110,7,"41,000",3,2004,까치로 114,,-,-
경기도 부천시 중동,1185-2,1185,2,그린타운(금호),164.9,202110,14,"92,500",12,1993,부흥로303번길 31,,-,-
경기도 부천시 중동,1184-6,1184,6,그린타운(우성2),84.96,202110,20,"65,000",11,1994,조마루로 278,,-,-
경기도 부천시 중동,1029,1029,0,금강마을(주공),42.75,202110,1,"45,000",23,1994,계남로 106,,-,-
경기도 부천시 중동,1029,1029,0,금강마을(주공),51.66,202110,12,"55,000",10,1994,계남로 126,,-,-
경기도 부천시 중동,1029,1029,0,금강마을(주공),42.75,202110,16,"46,700",20,1994,계남로 106,,-,-
경기도 부천시 중동,1103,1103,0,꿈마을(동아),84.72,202110,16,"72,000",7,1993,옥산로 75,,-,-
경기도 부천시 중동,1104,1104,0,꿈마을(한진),59.88,202110,2,"57,500",2,1994,옥산로 83,,-,-
경기도 부천시 중동,1041,1041,0,덕유마을(주공2),45,202110,1,"39,000",15,1996,도약로 146,,-,-
경기도 부천시 중동,1041,1041,0,덕유마을(주공2),45,202110,2,"30,000",7,1996,도약로 146,,-,-
경기도 부천시 중동,1040,1040,0,덕유마을(주공3),58.74,202110,1,"53,300",19,1996,중동로 327,,-,-
경기도 부천시 중동,1040,1040,0,덕유마을(주공3),47.4,202110,2,"46,500",12,1996,중동로 327,,-,-
경기도 부천시 중동,1040,1040,0,덕유마을(주공3),58.74,202110,11,"54,700",20,1996,중동로 327,,-,-
경기도 부천시 중동,1040,1040,0,덕유마을(주공3),58.74,202110,15,"50,000",10,1996,중동로 327,,-,-
경기도 부천시 중동,1116,1116,0,리첸시아중동,117.38,202110,7,"112,000",24,2012,옥산로 7,,-,-
경기도 부천시 중동,1176-2,1176,2,무지개마을(동신),59.49,202110,4,"54,000",2,1993,조마루로 212,,-,-
경기도 부천시 중동,1181,1181,0,미리내마을(동성),52.88,202110,6,"54,300",4,1993,조마루로 231,,-,-
경기도 부천시 중동,1178,1178,0,미리내마을(롯데1),33.54,202110,2,"32,000",13,1993,소향로 206,,-,-
경기도 부천시 중동,1178,1178,0,미리내마을(롯데1),33.54,202110,11,"30,000",1,1993,소향로 206,,-,-
경기도 부천시 중동,1178,1178,0,미리내마을(롯데1),33.54,202110,16,"34,000",10,1993,소향로 206,,-,-
경기도 부천시 중동,1179,1179,0,미리내마을(한양),41.09,202110,20,"39,800",14,1994,조마루로285번길 47,,-,-
경기도 부천시 중동,756-6,756,6,범양,51.3,202110,22,"20,000",5,1986,중동로155번길 35,,-,-
경기도 부천시 중동,1172,1172,0,보람마을(아주),84.94,202110,2,"79,000",19,1995,조마루로 134,,-,-
경기도 부천시 중동,1172,1172,0,보람마을(아주),84.94,202110,5,"77,000",13,1995,조마루로 134,,-,-
경기도 부천시 중동,1172,1172,0,보람마을(아주),84.94,202110,9,"74,000",10,1995,조마루로 134,,-,-
경기도 부천시 중동,1118-1,1118,1,부천중동스타팰리움,59.75,202110,9,"55,000",19,2017,부흥로 339,,-,-
경기도 부천시 중동,1051,1051,0,설악마을(주공),49.8,202110,4,"51,000",7,1993,계남로 195,,-,-
경기도 부천시 중동,1051,1051,0,설악마을(주공),44.1,202110,11,"38,000",15,1993,계남로 195,,-,-
경기도 부천시 중동,1051,1051,0,설악마을(주공),44.1,202110,16,"38,000",2,1993,계남로 195,,-,-
경기도 부천시 중동,1051,1051,0,설악마을(주공),44.1,202110,19,"39,500",11,1993,계남로 195,,-,-
경기도 부천시 중동,1051,1051,0,설악마을(주공),44.1,202110,23,"38,000",15,1993,계남로 195,,-,-
경기도 부천시 중동,680,680,0,영안,45.9,202110,4,"26,600",5,1985,부흥로 174,,-,-
경기도 부천시 중동,680,680,0,영안,48.6,202110,12,"27,000",1,1985,부흥로 174,,-,-
경기도 부천시 중동,1112,1112,0,"위브더스테이트(801,802,803동)",84.96,202110,9,"78,000",7,2006,신흥로 150-1,,-,-
경기도 부천시 중동,1037,1037,0,은하마을(동부),134.67,202110,4,"103,000",15,1993,석천로 216,,-,-
경기도 부천시 중동,1052,1052,0,중흥마을(주공),37.67,202110,12,"32,700",2,1995,계남로 196,,-,-
경기도 부천시 중동,1288,1288,0,팰리스카운티,84.989,202110,1,"88,800",20,2009,중동로 108,,-,-
경기도 부천시 중동,1288,1288,0,팰리스카운티,59.9798,202110,8,"63,000",2,2009,중동로 108,,-,-
경기도 부천시 중동,1288,1288,0,팰리스카운티,84.989,202110,8,"90,500",13,2009,중동로 108,,-,-
경기도 부천시 중동,1288,1288,0,팰리스카운티,59.9798,202110,9,"67,500",25,2009,중동로 108,,-,-
경기도 부천시 중동,1288,1288,0,팰리스카운티,84.989,202110,12,"81,000",18,2009,중동로 107,,-,-
경기도 부천시 중동,1288,1288,0,팰리스카운티,102.562,202110,25,"96,000",3,2009,중동로 108,,-,-
경기도 부천시 중동,1170,1170,0,포도마을(영남),75.195,202110,12,"74,700",7,1994,조마루로 135,,-,-
경기도 부천시 춘의동,127,127,0,광성,82.23,202110,9,"35,000",5,1994,옥산로138번길 30,,-,-
경기도 성남분당구 구미동,77,77,0,까치마을(1단지)(대우롯데선경),84.79,202110,8,"100,000",12,1995,미금로 184,,-,-
경기도 성남분당구 구미동,77,77,0,까치마을(1단지)(대우롯데선경),51.32,202110,11,"80,000",1,1995,미금로 184,,-,-
경기도 성남분당구 구미동,77,77,0,까치마을(1단지)(대우롯데선경),70.66,202110,25,"127,000",15,1995,미금로 184,,-,-
경기도 성남분당구 구미동,63,63,0,까치마을(4단지)(롯데),70.66,202110,9,"120,000",2,1995,미금일로 58,,-,-
경기도 성남분당구 구미동,212,212,0,무지개(12단지)(주공뜨란체),58.14,202110,17,"74,000",8,1995,미금로22번길 10,,-,-
경기도 성남분당구 구미동,220,220,0,무지개(4단지)(주공),58.14,202110,2,"96,000",9,1995,미금로 66,,-,-
경기도 성남분당구 구미동,221,221,0,무지개(5단지)(청구),58.49,202110,6,"90,500",6,1995,무지개로 144,,-,-
경기도 성남분당구 금곡동,125,125,0,청솔마을(공무원),58.71,202110,11,"93,700",20,1994,금곡로 263,,-,-
경기도 성남분당구 금곡동,141,141,0,청솔마을(대원),129.45,202110,2,"160,000",13,1994,미금로 215,,-,-
경기도 성남분당구 금곡동,180,180,0,청솔마을(유천),84.6,202110,4,"139,000",14,1995,정자일로 46,,-,-
경기도 성남분당구 금곡동,180,180,0,청솔마을(유천),84.6,202110,5,"135,400",12,1995,정자일로 46,,-,-
경기도 성남분당구 금곡동,133,133,0,청솔마을(주공9단지),42.84,202110,18,"84,700",15,1995,미금로 216,,-,-
경기도 성남분당구 대장동,BL-,0,0,판교더샵포레스트12단지,84.9852,202110,15,"91,120",12,2021,판교대장로5길 30,,-,-
경기도 성남분당구 대장동,BL-,0,0,판교더샵포레스트12단지,84.9852,202110,26,"88,000",11,2021,판교대장로5길 30,,-,-
경기도 성남분당구 백현동,525,525,0,백현마을9단지(e편한세상),117.06,202110,5,"230,000",5,2009,판교역로 49,,-,-
경기도 성남분당구 분당동,39,39,0,샛별마을(삼부),84.6,202110,11,"139,500",10,1992,수내로 201,,-,-
경기도 성남분당구 분당동,66,66,0,장안타운(건영),131.55,202110,1,"143,000",14,1993,장안로 15,,-,-
경기도 성남분당구 분당동,66,66,0,장안타운(건영),131.55,202110,18,"141,500",12,1993,장안로41번길 13,,-,-
경기도 성남분당구 삼평동,718,718,0,봇들마을4단지(주공),59.84,202110,7,"140,000",2,2009,동판교로 226,,-,-
경기도 성남분당구 서현동,87,87,0,시범삼성,192.15,202110,8,"210,000",4,1991,중앙공원로 53,,-,-
경기도 성남분당구 서현동,96,96,0,시범우성,84.6,202110,4,"155,500",9,1991,중앙공원로 54,,-,-
경기도 성남분당구 서현동,96,96,0,시범우성,129.21,202110,5,"180,000",11,1991,중앙공원로 54,,-,-
경기도 성남분당구 서현동,96,96,0,시범우성,59.76,202110,14,"115,000",2,1991,중앙공원로 54,,-,-
경기도 성남분당구 서현동,87,87,0,시범한신,84.69,202110,8,"155,000",7,1991,중앙공원로 53,,-,-
경기도 성남분당구 서현동,308,308,0,효자촌(대우),53.82,202110,15,"79,500",7,1994,분당로263번길 13,,-,-
경기도 성남분당구 서현동,291,291,0,효자촌(동아),84.72,202110,2,"128,000",6,1992,돌마로486번길 7,,-,-
경기도 성남분당구 서현동,299,299,0,효자촌(현대),59.82,202110,2,"107,800",7,1992,분당로201번길 17,,-,-
경기도 성남분당구 서현동,308,308,0,효자촌(화성),53.82,202110,8,"82,500",7,1994,불정로 362,,-,-
경기도 성남분당구 서현동,308,308,0,효자촌(화성),70.686,202110,14,"108,000",18,1994,불정로 362,,-,-
경기도 성남분당구 수내동,34,34,0,양지마을(금호1),84.9,202110,2,"166,000",10,1992,수내로 74,,-,-
경기도 성남분당구 수내동,75,75,0,푸른마을(쌍용),59.78,202110,7,"92,900",2,1992,백현로 265,,-,-
경기도 성남분당구 야탑동,211,211,0,매화마을(주공4),36,202110,5,"59,900",8,1993,장미로 193,,-,-
경기도 성남분당구 야탑동,215,215,0,매화마을공무원2,58.71,202110,4,"98,000",17,1995,장미로 139,,-,-
경기도 성남분당구 야탑동,162,162,0,목련마을(한일),84.93,202110,2,"93,500",6,1995,판교로 645,,-,-
경기도 성남분당구 야탑동,330,330,0,장미마을(동부),59.76,202110,6,"104,700",3,1993,장미로 55,,-,-
경기도 성남분당구 야탑동,334,334,0,장미마을(현대),84.97,202110,2,"120,000",4,1993,장미로 101,,-,-
경기도 성남분당구 야탑동,334,334,0,장미마을(현대),84.79,202110,14,"122,500",14,1993,장미로 101,,-,-
경기도 성남분당구 야탑동,518,518,0,탑마을(주공),41.85,202110,1,"67,700",3,1993,매화로 12,,-,-
경기도 성남분당구 야탑동,518,518,0,탑마을(주공),35.28,202110,2,"64,500",8,1993,매화로 12,,-,-
경기도 성남분당구 야탑동,518,518,0,탑마을(주공),41.85,202110,16,"72,000",4,1993,매화로 12,,-,-
경기도 성남분당구 운중동,918,918,0,산운마을13단지(태영),115.11,202110,7,"150,000",9,2010,판교원로82번길 30,,-,-
경기도 성남분당구 운중동,918,918,0,산운마을13단지(태영),101.65,202110,27,"113,000",24,2010,판교원로82번길 30,,-,-
경기도 성남분당구 운중동,956,956,0,산운마을8단지(부영사랑으로),81.019,202110,1,"147,000",6,2008,산운로 98,,-,-
경기도 성남분당구 이매동,133,133,0,아름마을(두산),132.72,202110,1,"187,000",12,1992,탄천로 95,,-,-
경기도 성남분당구 이매동,133,133,0,아름마을(두산),132.72,202110,2,"186,000",8,1992,탄천로 95,,-,-
경기도 성남분당구 이매동,132,132,0,아름마을(한성),84.89,202110,7,"135,500",4,1992,판교로 430,,-,-
경기도 성남분당구 이매동,100,100,0,이매촌(삼성),84.94,202110,11,"148,000",6,1994,양현로 192,,-,-
경기도 성남분당구 이매동,124,124,0,이매촌(한신),66.27,202110,19,"133,000",6,1992,서현로 181,,-,-
경기도 성남분당구 정자동,04월 15일,15,4,두산제니스,157.33,202110,4,"200,000",15,2003,정자일로232번길 25,,-,-
경기도 성남분당구 정자동,01월 28일,28,1,로얄팰리스,145.89,202110,15,"190,000",21,2003,성남대로 449,,-,-
경기도 성남분당구 정자동,01월 28일,28,1,로얄팰리스,148.16,202110,23,"184,500",27,2003,성남대로 449,,-,-
경기도 성남분당구 정자동,6,6,0,분당파크뷰,139.717,202110,6,"240,000",34,2004,정자일로 248,,-,-
경기도 성남분당구 정자동,6,6,0,분당파크뷰,139.717,202110,8,"250,000",30,2004,정자일로 248,,-,-
경기도 성남분당구 정자동,6,6,0,분당파크뷰,124.515,202110,16,"220,000",14,2004,정자일로 248,,-,-
경기도 성남분당구 정자동,121,121,0,상록마을(우성)1,69.12,202110,2,"154,500",6,1994,내정로 55,,-,-
경기도 성남분당구 정자동,121,121,0,상록마을(우성)1,84.97,202110,14,"169,500",9,1994,내정로 55,,-,-
경기도 성남분당구 정자동,121,121,0,상록마을(우성)1,84.97,202110,15,"155,000",7,1994,내정로 55,,-,-
경기도 성남분당구 정자동,121,121,0,상록마을(우성)1,129.72,202110,20,"179,000",6,1994,내정로 55,,-,-
경기도 성남분당구 정자동,181,181,0,상록마을(임광),67.435,202110,5,"115,400",8,1995,정자일로 80,,-,-
경기도 성남분당구 정자동,12월 03일,12,3,성원상떼뷰101동,144.56,202110,16,"169,000",9,2004,정자일로213번길 10,,-,-
경기도 성남분당구 정자동,200,200,0,정든마을(1단지)(동아),101.99,202110,14,"122,000",1,1995,불정로 141,,-,-
경기도 성남분당구 정자동,200,200,0,정든마을(1단지)(동아),124.26,202110,30,"148,500",7,1995,불정로 141,,-,-
경기도 성남분당구 정자동,197,197,0,정든마을(4단지)(우성),129.72,202110,1,"160,000",16,1995,정자로 144,,-,-
경기도 성남분당구 정자동,194,194,0,정든마을(7단지)(한진),68.04,202110,16,"120,000",15,1994,내정로 10,,-,-
경기도 성남분당구 정자동,107,107,0,한솔마을(3단지)(한일),84.92,202110,2,"135,000",13,1993,백현로 234,,-,-
경기도 성남분당구 정자동,112,112,0,한솔마을(5단지)(주공),51.66,202110,6,"100,000",13,1994,정자로 115,,-,-
경기도 성남분당구 정자동,9,9,0,현대I-PARK1,172.67,202110,1,"225,000",16,2003,정자일로 239,,-,-
경기도 성남분당구 정자동,9,9,0,현대I-PARK1,170.07,202110,7,"195,000",28,2003,정자일로 239,,-,-
경기도 성남분당구 정자동,10월 01일,10,1,현대I-PARK2,145.46,202110,14,"190,000",17,2003,정자일로213번길 19,,-,-
경기도 성남분당구 정자동,10월 01일,10,1,현대I-PARK2,162.01,202110,15,"214,000",6,2003,정자일로213번길 19,,-,-
경기도 성남분당구 판교동,629,629,0,판교원마을3단지(푸르지오),84.71,202110,18,"161,000",11,2009,판교로 20,,-,-
경기도 성남분당구 판교동,635,635,0,판교원마을6단지(진원로제비앙),59.667,202110,6,"116,500",10,2009,판교원로 209,,-,-
경기도 성남분당구 판교동,585,585,0,판교원마을9단지(한림풀에버),84.9907,202110,5,"160,000",3,2009,서판교로 29,,-,-
경기도 성남분당구 판교동,585,585,0,판교원마을9단지(한림풀에버),84.9907,202110,6,"152,000",2,2009,서판교로 29,,-,-
경기도 성남분당구 판교동,585,585,0,판교원마을9단지(한림풀에버),84.9958,202110,9,"158,500",7,2009,서판교로 29,,-,-
경기도 성남수정구 고등동,592,592,0,호반써밋판교밸리,84.9872,202110,2,"143,000",14,2019,고등로 34,,-,-
경기도 성남수정구 고등동,592,592,0,호반써밋판교밸리,84.9872,202110,5,"138,000",10,2019,고등로 34,,-,-
경기도 성남수정구 단대동,6,6,0,선경논골,44.01,202110,2,"49,000",6,1991,논골로 87,,-,-
경기도 성남수정구 신흥동,2565,2565,0,대성,83.66,202110,2,"46,000",5,2003,공원로339번길 21-1,,-,-
경기도 성남수정구 신흥동,Mar-42,5542,3,미래타운,57.762,202110,3,"47,000",10,2016,탄리로 62,,-,-
경기도 성남수정구 창곡동,528,528,0,래미안위례,124.52,202110,8,"265,000",2,2015,위례순환로 150,,-,-
경기도 성남수정구 창곡동,521,521,0,위례더힐55,147.7121,202110,4,"182,000",1,2015,위례순환로 220,,-,-
경기도 성남수정구 창곡동,530,530,0,위례아트리버푸르지오1단지,104.7692,202110,8,"215,000",11,2016,위례광장로 70,,-,-
경기도 성남수정구 창곡동,504,504,0,위례자연앤센트럴자이,51.89,202110,6,"122,800",4,2017,위례광장로 97,,-,-
경기도 성남수정구 창곡동,515,515,0,위례호반베르디움,98.95,202110,13,"160,000",18,2016,위례중앙로 216,,-,-
경기도 성남수정구 창곡동,515,515,0,위례호반베르디움,98.95,202110,30,"157,000",8,2016,위례중앙로 216,,-,-
경기도 성남수정구 창곡동,572,572,0,힐스테이트위례,110.86,202110,4,"198,000",4,2015,위례동로 15,,-,-
경기도 성남수정구 창곡동,572,572,0,힐스테이트위례,110.86,202110,15,"197,000",4,2015,위례동로 15,,-,-
경기도 성남수정구 태평동,7343,7343,0,가천대역동부센트레빌1단지,92.57,202110,9,"80,000",5,2006,태평로 28,,-,-
경기도 성남수정구 태평동,7343,7343,0,가천대역동부센트레빌1단지,84.91,202110,20,"83,000",13,2006,태평로 28,,-,-
경기도 성남수정구 태평동,7344,7344,0,가천대역동부센트레빌2단지,84.91,202110,2,"82,500",1,2007,제일로 244,,-,-
경기도 성남수정구 태평동,7344,7344,0,가천대역동부센트레빌2단지,84.91,202110,23,"91,000",2,2007,제일로 244,,-,-
경기도 성남수정구 태평동,7346,7346,0,가천대역두산위브,59.9729,202110,8,"79,300",9,2018,태평로 65,,-,-
경기도 성남수정구 태평동,7306,7306,0,선경태평,46.01,202110,7,"47,000",2,1991,시민로 214,,-,-
경기도 성남수정구 태평동,7306,7306,0,선경태평,46.01,202110,12,"47,000",4,1991,시민로 214,,-,-
경기도 성남수정구 태평동,7336,7336,0,신세계쉐덴,186.597,202110,1,"115,000",14,2010,수정로 201,,-,-
경기도 성남중원구 금광동,92,92,0,단남,59.916,202110,15,"66,000",8,2000,희망로 412,,-,-
경기도 성남중원구 금광동,2600,2600,0,한양수자인성남마크뷰,50.3668,202110,19,"63,500",9,2021,광명로 411,,-,-
경기도 성남중원구 금광동,2627,2627,0,현대,68.85,202110,9,"60,000",9,1994,광명로395번길 7,,-,-
경기도 성남중원구 금광동,Jan-50,2450,1,황송마을(삼익금광2차),49.98,202110,7,"62,500",1,1993,황송로 6,,-,-
경기도 성남중원구 도촌동,702,702,0,휴먼시아섬마을3단지,84.95,202110,17,"80,000",4,2007,도촌남로 67,,-,-
경기도 성남중원구 도촌동,704,704,0,휴먼시아섬마을5단지,84.95,202110,2,"84,000",5,2010,도촌북로 78,,-,-
경기도 성남중원구 도촌동,704,704,0,휴먼시아섬마을5단지,84.95,202110,2,"85,700",9,2010,도촌북로 78,,-,-
경기도 성남중원구 도촌동,704,704,0,휴먼시아섬마을5단지,84.95,202110,6,"86,000",14,2010,도촌북로 78,,-,-
경기도 성남중원구 상대원동,산19-4,19,4,산호,74.79,202110,11,"41,500",6,1992,순환로198번길 14,,-,-
경기도 성남중원구 상대원동,152-3,152,3,상대원삼익,34.05,202110,5,"39,000",7,1991,사기막골로31번길 34,,-,-
경기도 성남중원구 상대원동,152-3,152,3,상대원삼익,34.05,202110,7,"37,400",3,1991,사기막골로31번길 34,,-,-
경기도 성남중원구 상대원동,152-3,152,3,상대원삼익,34.05,202110,7,"32,000",7,1991,사기막골로31번길 34,,-,-
경기도 성남중원구 상대원동,195-5,195,5,성지,44.43,202110,15,"45,000",1,1987,순환로 178,,-,-
경기도 성남중원구 상대원동,Mar-93,2993,3,현성아름빌,70.04,202110,1,"59,000",8,2005,금상로 39,,-,-
경기도 성남중원구 상대원동,Mar-93,2993,3,현성아름빌,70.04,202110,4,"59,900",6,2005,금상로 39,,-,-
경기도 성남중원구 성남동,3755,3755,0,SR하이원,66.66,202110,6,"41,000",2,2004,제일로 59,,-,-
경기도 성남중원구 성남동,2163,2163,0,동부브리앙뜨,78.46,202110,2,"59,000",14,2006,광명로 115,,-,-
경기도 성남중원구 성남동,2163,2163,0,동부브리앙뜨,78.19,202110,25,"58,000",14,2006,광명로 115,,-,-
경기도 성남중원구 성남동,4859,4859,0,로그인한진,51.359,202110,14,"40,000",6,2007,성남대로1139번길 11,,-,-
경기도 성남중원구 성남동,2992,2992,0,중앙,41.64,202110,18,"29,800",4,1988,원터로93번길 19,,-,-
경기도 성남중원구 성남동,3121,3121,0,현대,51.53,202110,4,"61,500",4,1992,둔촌대로 193,,-,-
경기도 성남중원구 여수동,602,602,0,산들마을2단지,51.93,202110,6,"78,000",2,2015,여수울로 51,,-,-
경기도 성남중원구 여수동,602,602,0,산들마을2단지,51.93,202110,11,"85,500",14,2015,여수울로 51,,-,-
경기도 성남중원구 여수동,600,600,0,센트럴타운(3단지),84.92,202110,6,"123,000",8,2012,성남대로 1000,,-,-
경기도 성남중원구 은행동,1740,1740,0,은빛마을(두산위브),56.6448,202110,9,"69,000",7,2003,은행로 13,,-,-
경기도 성남중원구 중앙동,578,578,0,중앙동힐스테이트1차,120.97,202110,6,"120,000",9,2012,시민로66번길 21,,-,-
경기도 성남중원구 중앙동,578,578,0,중앙동힐스테이트1차,120.97,202110,15,"130,000",15,2012,시민로66번길 21,,-,-
경기도 성남중원구 중앙동,577,577,0,중앙동힐스테이트2차,59.98,202110,6,"86,000",1,2014,시민로 66,,-,-
경기도 성남중원구 중앙동,577,577,0,중앙동힐스테이트2차,84.98,202110,21,"104,000",8,2014,시민로 66,,-,-
경기도 성남중원구 중앙동,577,577,0,중앙동힐스테이트2차,84.98,202110,23,"107,000",12,2014,시민로 66,,-,-
경기도 성남중원구 하대원동,155-2,155,2,대원,51.85,202110,12,"28,000",6,1986,둔촌대로280번길 12,,-,-
경기도 성남중원구 하대원동,119,119,0,삼남,47.34,202110,16,"33,000",3,1986,둔촌대로217번길 11,,-,-
경기도 성남중원구 하대원동,119,119,0,삼남,51.33,202110,16,"33,700",6,1986,둔촌대로217번길 11,,-,-
경기도 성남중원구 하대원동,119,119,0,삼남,54.54,202110,18,"36,000",5,1986,둔촌대로217번길 11,20211028,-,-
경기도 성남중원구 하대원동,539,539,0,성남자이,84.99,202110,3,"84,000",14,2007,둔촌대로 363,,-,-
경기도 성남중원구 하대원동,539,539,0,성남자이,84.99,202110,15,"85,800",7,2007,둔촌대로 363,,-,-
경기도 성남중원구 하대원동,249,249,0,아튼빌,84.99,202110,13,"78,000",2,2003,둔촌대로 300,,-,-
경기도 성남중원구 하대원동,249,249,0,아튼빌,59.91,202110,13,"77,000",8,2003,둔촌대로 300,,-,-
경기도 성남중원구 하대원동,249,249,0,아튼빌,59.91,202110,20,"76,500",7,2003,둔촌대로 300,,-,-
경기도 성남중원구 하대원동,143-1,143,1,태연스카이빌,73.9524,202110,7,"64,800",12,2002,둔촌대로 274,,-,-
경기도 수원권선구 고색동,306-1,306,1,거산1,84.69,202110,7,"35,000",1,2000,고현로5번길 25,,-,-
경기도 수원권선구 고색동,306-1,306,1,거산1,59.93,202110,22,"31,000",6,2000,고현로5번길 25,,-,-
경기도 수원권선구 고색동,291,291,0,대원레스피아,59.61,202110,20,"33,000",5,1998,고산로6번길 45,,-,-
경기도 수원권선구 고색동,368-1,368,1,대한,120.56,202110,12,"45,000",7,1998,서부로 1534,,-,-
경기도 수원권선구 고색동,915,915,0,우림필유,59.878,202110,4,"44,700",3,2005,고색로 8,,-,-
경기도 수원권선구 고색동,886-83,886,83,태산1,59.96,202110,5,"42,000",14,1997,매송고색로673번길 11,20211014,-,-
경기도 수원권선구 고색동,886-83,886,83,태산1,59.96,202110,13,"42,000",14,1997,매송고색로673번길 11,,-,-
경기도 수원권선구 곡반정동,548,548,0,권선신일유토빌,59.9986,202110,14,"45,200",15,2013,동수원로146번길 281-25,,-,-
경기도 수원권선구 곡반정동,548,548,0,권선신일유토빌,59.9986,202110,29,"44,000",10,2013,동수원로146번길 281-25,,-,-
경기도 수원권선구 곡반정동,579,579,0,한솔,84.834,202110,11,"48,400",13,2000,동수원로58번길 21,,-,-
경기도 수원권선구 구운동,462,462,0,삼환,84.9,202110,8,"59,000",9,1991,수성로 47,,-,-
경기도 수원권선구 구운동,462,462,0,삼환,84.9,202110,8,"60,500",3,1991,수성로 47,,-,-
경기도 수원권선구 구운동,462,462,0,삼환,84.9,202110,16,"63,000",7,1991,수성로 47,,-,-
경기도 수원권선구 구운동,973,973,0,서수원엠코타운르본느,84.903,202110,6,"44,500",9,2013,구운로47번길 59,,-,-
경기도 수원권선구 구운동,889,889,0,일월청구,59.99,202110,8,"46,500",5,2001,수성로35번길 60,,-,-
경기도 수원권선구 권선동,1035,1035,0,권선SKVIEW,59.94,202110,2,"59,300",9,2008,권선로694번길 25,,-,-
경기도 수원권선구 권선동,1185-1,1185,1,권선삼성,49.14,202110,14,"19,000",4,1993,경수대로302번길 29,,-,-
경기도 수원권선구 권선동,1330,1330,0,권선자이e편한세상,123.4823,202110,1,"87,500",8,2011,권광로 55,,-,-
경기도 수원권선구 권선동,1330,1330,0,권선자이e편한세상,59.963,202110,1,"59,400",4,2011,권광로 55,,-,-
경기도 수원권선구 권선동,1330,1330,0,권선자이e편한세상,84.9441,202110,1,"72,700",6,2011,권광로 55,,-,-
경기도 수원권선구 권선동,1330,1330,0,권선자이e편한세상,123.4823,202110,2,"84,000",2,2011,권광로 55,,-,-
경기도 수원권선구 권선동,1330,1330,0,권선자이e편한세상,84.9813,202110,4,"72,800",11,2011,권광로 55,,-,-
경기도 수원권선구 권선동,1330,1330,0,권선자이e편한세상,84.9441,202110,11,"71,400",14,2011,권광로 55,,-,-
경기도 수원권선구 권선동,1330,1330,0,권선자이e편한세상,59.963,202110,16,"62,000",13,2011,권광로 55,,-,-
경기도 수원권선구 권선동,1274,1274,0,대원신동아,59.79,202110,4,"39,500",10,1996,권중로 136,,-,-
경기도 수원권선구 권선동,1274,1274,0,대원신동아,59.88,202110,8,"38,500",10,1996,권중로 136,,-,-
경기도 수원권선구 권선동,1274,1274,0,대원신동아,59.79,202110,12,"39,700",4,1996,권중로 136,,-,-
경기도 수원권선구 권선동,1274,1274,0,대원신동아,59.79,202110,16,"42,000",10,1996,권중로 136,,-,-
경기도 수원권선구 권선동,1274,1274,0,대원신동아,59.79,202110,19,"39,700",6,1996,권중로 136,,-,-
경기도 수원권선구 권선동,1199-1,1199,1,두산동아,101.91,202110,15,"54,800",5,1994,덕영대로1217번길 24,,-,-
경기도 수원권선구 권선동,1265,1265,0,보성유원,59.76,202110,1,"40,300",8,1996,권중로 110,,-,-
경기도 수원권선구 권선동,1265,1265,0,보성유원,59.76,202110,1,"40,000",8,1996,권중로 110,,-,-
경기도 수원권선구 권선동,1265,1265,0,보성유원,59.76,202110,6,"40,700",6,1996,권중로 110,,-,-
경기도 수원권선구 권선동,1186,1186,0,삼천리1차,75.28,202110,4,"42,000",1,1994,권광로27번길 62,,-,-
경기도 수원권선구 권선동,1270,1270,0,삼호벽산,84.72,202110,25,"51,300",3,1996,권중로 158,,-,-
경기도 수원권선구 권선동,1303,1303,0,상록3단지,59.592,202110,11,"52,700",11,2001,세권로316번길 15,,-,-
경기도 수원권선구 권선동,1303,1303,0,상록3단지,59.592,202110,12,"51,500",15,2001,세권로316번길 15,,-,-
경기도 수원권선구 권선동,1303,1303,0,상록3단지,59.592,202110,12,"51,500",5,2001,세권로316번길 15,,-,-
경기도 수원권선구 권선동,1188-1,1188,1,성지,49.875,202110,2,"31,500",13,1994,경수대로302번길 32,,-,-
경기도 수원권선구 권선동,1188-1,1188,1,성지,49.875,202110,8,"25,000",9,1994,경수대로302번길 32,,-,-
경기도 수원권선구 권선동,1188-1,1188,1,성지,49.875,202110,26,"30,000",11,1994,경수대로302번길 32,,-,-
경기도 수원권선구 권선동,1361,1361,0,수원아이파크시티2단지,84.913,202110,11,"70,000",2,2012,동수원로145번길 24,,-,-
경기도 수원권선구 권선동,1357,1357,0,수원아이파크시티4단지,123.66,202110,7,"100,000",6,2012,동수원로145번길 23,,-,-
경기도 수원권선구 권선동,1355,1355,0,수원아이파크시티5단지,59.96,202110,20,"55,000",14,2015,곡선로 10,,-,-
경기도 수원권선구 권선동,1337,1337,0,수원아이파크시티7단지,59.87,202110,4,"66,000",14,2016,덕영대로1190번길 100,,-,-
경기도 수원권선구 권선동,1337,1337,0,수원아이파크시티7단지,75.71,202110,12,"79,000",5,2016,덕영대로1190번길 100,,-,-
경기도 수원권선구 권선동,1337,1337,0,수원아이파크시티7단지,59.88,202110,15,"61,000",7,2016,덕영대로1190번길 100,,-,-
경기도 수원권선구 권선동,1337,1337,0,수원아이파크시티7단지,59.87,202110,16,"58,500",1,2016,덕영대로1190번길 100,,-,-
경기도 수원권선구 권선동,1337,1337,0,수원아이파크시티7단지,59.88,202110,20,"60,000",6,2016,덕영대로1190번길 100,,-,-
경기도 수원권선구 권선동,1337,1337,0,수원아이파크시티7단지,59.87,202110,22,"60,000",5,2016,덕영대로1190번길 100,,-,-
경기도 수원권선구 권선동,1362,1362,0,수원아이파크시티9단지,49.06,202110,15,"50,000",5,2017,동수원로177번길 90,,-,-
경기도 수원권선구 권선동,1362,1362,0,수원아이파크시티9단지,31.42,202110,16,"29,000",6,2017,동수원로177번길 90,,-,-
경기도 수원권선구 권선동,1235,1235,0,신안풍림,101.94,202110,21,"59,700",2,1996,권중로 31,,-,-
경기도 수원권선구 권선동,1263,1263,0,신우,84.93,202110,5,"50,000",11,1996,권중로 82,,-,-
경기도 수원권선구 권선동,1187-1,1187,1,신현대,84.99,202110,4,"44,800",7,1993,권광로27번길 22,,-,-
경기도 수원권선구 권선동,1059-6,1059,6,전원,54.98,202110,12,"16,000",4,1989,세권로166번길 21,,-,-
경기도 수원권선구 권선동,1188,1188,0,한양,40.36,202110,10,"24,000",1,1994,경수대로302번길 22,,-,-
경기도 수원권선구 권선동,1240,1240,0,현대,60,202110,5,"45,800",14,1996,매탄로 11,,-,-
경기도 수원권선구 권선동,1240,1240,0,현대,60,202110,11,"45,000",7,1996,매탄로 11,,-,-
경기도 수원권선구 권선동,1240,1240,0,현대,60,202110,11,"47,000",12,1996,매탄로 11,,-,-
경기도 수원권선구 권선동,1240,1240,0,현대,60,202110,12,"47,000",15,1996,매탄로 11,,-,-
경기도 수원권선구 권선동,1306,1306,0,현대3,84.9364,202110,6,"63,500",14,2000,세권로316번길 49,,-,-
경기도 수원권선구 금곡동,79,79,0,삼익3,59.34,202110,10,"40,000",5,1998,서수원로 589,,-,-
경기도 수원권선구 금곡동,1078,1078,0,수원모아미래도센트럴타운1단지,84.8763,202110,1,"85,000",15,2017,서수원로577번길 341,,-,-
경기도 수원권선구 금곡동,1078,1078,0,수원모아미래도센트럴타운1단지,99.7854,202110,2,"95,200",20,2017,서수원로577번길 341,,-,-
경기도 수원권선구 금곡동,1078,1078,0,수원모아미래도센트럴타운1단지,84.8763,202110,16,"83,000",5,2017,서수원로577번길 341,,-,-
경기도 수원권선구 금곡동,520,520,0,엘지빌리지4,60,202110,6,"46,000",15,1998,금곡로73번길 71,,-,-
경기도 수원권선구 금곡동,520,520,0,엘지빌리지4,84.42,202110,7,"52,000",12,1998,금곡로73번길 71,,-,-
경기도 수원권선구 금곡동,520,520,0,엘지빌리지4,59.997,202110,12,"43,500",13,1998,금곡로73번길 71,,-,-
경기도 수원권선구 금곡동,520,520,0,엘지빌리지4,84.99,202110,12,"55,000",20,1998,금곡로73번길 71,,-,-
경기도 수원권선구 금곡동,1081,1081,0,호매실역서희스타힐스,84.85,202110,2,"69,300",11,2011,금곡로 46,,-,-
경기도 수원권선구 금곡동,1081,1081,0,호매실역서희스타힐스,84.98,202110,8,"66,000",9,2011,금곡로 46,,-,-
경기도 수원권선구 당수동,218-1,218,1,삼정그린뷰,84.92,202110,5,"41,800",8,1997,당진로14번길 46,,-,-
경기도 수원권선구 당수동,218-1,218,1,삼정그린뷰,84.92,202110,6,"40,000",12,1997,당진로14번길 46,,-,-
경기도 수원권선구 당수동,218-1,218,1,삼정그린뷰,84.92,202110,7,"37,700",2,1997,당진로14번길 46,,-,-
경기도 수원권선구 당수동,287,287,0,인정프린스,60,202110,25,"34,700",21,1998,당진로15번길 53,,-,-
경기도 수원권선구 서둔동,371,371,0,센트라우스,84.9916,202110,2,"84,500",9,2005,세화로168번길 15,,-,-
경기도 수원권선구 서둔동,371,371,0,센트라우스,84.9916,202110,13,"65,000",1,2005,세화로168번길 15,,-,-
경기도 수원권선구 서둔동,374,374,0,희성연인,78.4109,202110,5,"37,800",8,2006,상탑로 121,,-,-
경기도 수원권선구 세류동,456-8,456,8,공우맨션,49.32,202110,8,"8,800",1,1979,수원천로 2,,-,-
경기도 수원권선구 세류동,456-8,456,8,공우맨션,49.32,202110,14,"9,000",5,1979,수원천로 2,,-,-
경기도 수원권선구 세류동,1260,1260,0,수원센트럴타운1단지,84.75,202110,2,"82,500",4,2015,세류로 60,,-,-
경기도 수원권선구 세류동,1260,1260,0,수원센트럴타운1단지,84.75,202110,2,"80,500",10,2015,세류로 60,,-,-
경기도 수원권선구 세류동,1270,1270,0,수원센트럴타운2단지,39.91,202110,1,"46,000",9,2015,세류로 39,,-,-
경기도 수원권선구 세류동,1270,1270,0,수원센트럴타운2단지,59.88,202110,2,"65,000",14,2015,세류로 39,,-,-
경기도 수원권선구 세류동,1270,1270,0,수원센트럴타운2단지,51.96,202110,6,"30,000",12,2015,세류로 39,,-,-
경기도 수원권선구 세류동,1280,1280,0,수원센트럴타운3단지,84.98,202110,1,"70,000",2,2015,세권로 1,,-,-
경기도 수원권선구 세류동,1280,1280,0,수원센트럴타운3단지,84.98,202110,7,"73,000",12,2015,세권로 1,,-,-
경기도 수원권선구 세류동,1280,1280,0,수원센트럴타운3단지,84.98,202110,9,"73,000",11,2015,세권로 1,,-,-
경기도 수원권선구 세류동,1280,1280,0,수원센트럴타운3단지,84.98,202110,13,"74,000",5,2015,세권로 1,,-,-
경기도 수원권선구 세류동,1280,1280,0,수원센트럴타운3단지,84.98,202110,15,"67,000",5,2015,세권로 1,,-,-
경기도 수원권선구 세류동,1280,1280,0,수원센트럴타운3단지,84.98,202110,16,"75,500",11,2015,세권로 1,,-,-
경기도 수원권선구 오목천동,951,951,0,오목천동대우푸르지오1단지,59.9832,202110,2,"49,000",3,2006,서수원로 219,,-,-
경기도 수원권선구 오목천동,956,956,0,오목천동푸르지오2단지,59.9832,202110,11,"48,000",4,2006,서수원로183번길 2,,-,-
경기도 수원권선구 오목천동,1170,1170,0,오목천역 서희스타힐스 아파트,59.9433,202110,2,"57,000",24,2016,온정로9번길 36,,-,-
경기도 수원권선구 오목천동,542,542,0,청구1차,59.97,202110,14,"32,000",5,2000,오목천로39번길 8,,-,-
경기도 수원권선구 오목천동,542,542,0,청구1차,59.97,202110,16,"37,300",6,2000,오목천로39번길 8,,-,-
경기도 수원권선구 오목천동,381,381,0,청구2,84.73,202110,5,"58,500",10,2002,매송고색로506번길 17,,-,-
경기도 수원권선구 오목천동,323-2,323,2,태산,59.795,202110,2,"31,000",15,1997,매송고색로533번길 7,,-,-
경기도 수원권선구 입북동,814,814,0,서수원레이크푸르지오1단지,84.948,202110,5,"68,000",2,2014,입북로77번길 62,,-,-
경기도 수원권선구 입북동,814,814,0,서수원레이크푸르지오1단지,84.948,202110,14,"70,000",22,2014,입북로77번길 62,,-,-
경기도 수원권선구 입북동,810,810,0,서수원자이,84.8086,202110,23,"59,000",9,2009,입북로 50,,-,-
경기도 수원권선구 입북동,150-1,150,1,웅비,40.14,202110,16,"15,700",4,1985,입북로 65,,-,-
경기도 수원권선구 탑동,797-6,797,6,가림26차가동,70.58,202110,13,"17,500",3,2006,상탑로53번길 13,,-,-
경기도 수원권선구 탑동,763,763,0,삼성,84.87,202110,14,"42,000",11,1998,탑동로58번길 8,,-,-
경기도 수원권선구 탑동,05월 04일,5,4,현대탑월드,59.94,202110,6,"23,500",6,2000,금호로 248,,-,-
경기도 수원권선구 평동,151,151,0,동남,124.9886,202110,13,"79,500",10,1999,권선로436번길 21,,-,-
경기도 수원권선구 호매실동,1408,1408,0,능실마을21단지,59.98,202110,1,"53,500",12,2018,호매실로 103,,-,-
경기도 수원권선구 호매실동,May-82,82,5,삼익2,59.4,202110,5,"38,600",16,1998,매실로 61,,-,-
경기도 수원권선구 호매실동,May-82,82,5,삼익2,59.4,202110,13,"40,000",17,1998,매실로 61,,-,-
경기도 수원권선구 호매실동,452,452,0,신미주,59.4,202110,1,"30,000",12,1994,금호로 14-8,,-,-
경기도 수원권선구 호매실동,1361,1361,0,한양수자인파크원,84.9521,202110,28,"75,000",13,2018,칠보로 102,,-,-
경기도 수원권선구 호매실동,377,377,0,호매실GS,127.204,202110,6,"73,000",20,1998,매실로 70,,-,-
경기도 수원권선구 호매실동,377,377,0,호매실GS,59.775,202110,8,"46,000",19,1998,매실로 70,,-,-
경기도 수원권선구 호매실동,1420,1420,0,호매실금호어울림에듀포레,85.2741,202110,2,"72,000",12,2019,호매실로165번길 71,,-,-
경기도 수원권선구 호매실동,1371,1371,0,호매실마을13단지,59.93,202110,2,"53,000",5,2015,호매실로218번길 111,,-,-
경기도 수원권선구 호매실동,1371,1371,0,호매실마을13단지,59.97,202110,5,"56,000",15,2015,호매실로218번길 111,,-,-
경기도 수원권선구 호매실동,1371,1371,0,호매실마을13단지,59.68,202110,18,"51,500",5,2015,호매실로218번길 111,,-,-
경기도 수원권선구 호매실동,1394,1394,0,호매실스위첸,59.9,202110,2,"58,000",17,2014,호매실로166번길 63,,-,-
경기도 수원권선구 호매실동,1394,1394,0,호매실스위첸,59.9,202110,3,"58,500",16,2014,호매실로166번길 63,,-,-
경기도 수원권선구 호매실동,1394,1394,0,호매실스위첸,59.84,202110,12,"59,000",18,2014,호매실로166번길 63,,-,-
경기도 수원권선구 호매실동,1414,1414,0,호매실엔루체(N'LUCE),84.67,202110,16,"76,000",10,2016,호매실로166번길 70,,-,-
경기도 수원영통구 망포동,720,720,0,그대가프리미어,101.6675,202110,2,"92,500",1,2010,덕영대로1484번길 21,,-,-
경기도 수원영통구 망포동,720,720,0,그대가프리미어,101.7179,202110,12,"96,900",1,2010,덕영대로1484번길 21,,-,-
경기도 수원영통구 망포동,488,488,0,늘푸른벽산,59.884,202110,2,"52,000",19,2000,영통로90번길 4-27,,-,-
경기도 수원영통구 망포동,488,488,0,늘푸른벽산,59.884,202110,7,"51,200",17,2000,영통로90번길 4-27,,-,-
경기도 수원영통구 망포동,488,488,0,늘푸른벽산,201.17,202110,8,"72,000",2,2000,영통로90번길 4-27,,-,-
경기도 수원영통구 망포동,488,488,0,늘푸른벽산,84.925,202110,8,"54,800",8,2000,영통로90번길 4-27,,-,-
경기도 수원영통구 망포동,488,488,0,늘푸른벽산,84.925,202110,11,"54,200",2,2000,영통로90번길 4-27,,-,-
경기도 수원영통구 망포동,488,488,0,늘푸른벽산,59.884,202110,15,"50,000",7,2000,영통로90번길 4-27,,-,-
경기도 수원영통구 망포동,698,698,0,동수원LG빌리지3,79.0967,202110,6,"64,900",8,2003,영통로 111,,-,-
경기도 수원영통구 망포동,698,698,0,동수원LG빌리지3,84.9838,202110,16,"67,800",22,2003,영통로 111,,-,-
경기도 수원영통구 망포동,686,686,0,동수원엘지빌리지1차,84.9688,202110,1,"66,000",13,2001,태장로82번길 32,,-,-
경기도 수원영통구 망포동,686,686,0,동수원엘지빌리지1차,84.9688,202110,1,"56,000",1,2001,태장로82번길 32,,-,-
경기도 수원영통구 망포동,686,686,0,동수원엘지빌리지1차,84.9688,202110,2,"67,000",12,2001,태장로82번길 32,,-,-
경기도 수원영통구 망포동,686,686,0,동수원엘지빌리지1차,126.3534,202110,2,"71,000",2,2001,태장로82번길 32,,-,-
경기도 수원영통구 망포동,686,686,0,동수원엘지빌리지1차,84.9688,202110,5,"68,000",9,2001,태장로82번길 32,,-,-
경기도 수원영통구 망포동,686,686,0,동수원엘지빌리지1차,126.3534,202110,8,"72,900",1,2001,태장로82번길 32,,-,-
경기도 수원영통구 망포동,686,686,0,동수원엘지빌리지1차,84.9688,202110,11,"66,000",6,2001,태장로82번길 32,,-,-
경기도 수원영통구 망포동,686,686,0,동수원엘지빌리지1차,99.3154,202110,16,"77,000",10,2001,태장로82번길 32,,-,-
경기도 수원영통구 망포동,509-2,509,2,마젤란21,84.7237,202110,11,"52,000",2,2006,영통로154번길 116,,-,-
경기도 수원영통구 망포동,691,691,0,망포마을쌍용1차,124.571,202110,2,"74,500",8,2002,영통로173번길 37,,-,-
경기도 수원영통구 망포동,691,691,0,망포마을쌍용1차,84.8697,202110,8,"70,000",8,2002,영통로173번길 37,,-,-
경기도 수원영통구 망포동,691,691,0,망포마을쌍용1차,84.8697,202110,11,"70,000",14,2002,영통로173번길 37,,-,-
경기도 수원영통구 망포동,691,691,0,망포마을쌍용1차,124.571,202110,11,"67,000",1,2002,영통로173번길 37,,-,-
경기도 수원영통구 망포동,691,691,0,망포마을쌍용1차,84.8697,202110,15,"67,000",8,2002,영통로173번길 37,,-,-
경기도 수원영통구 망포동,693,693,0,망포현대1아이파크,101.939,202110,11,"80,000",17,2002,영통로200번길 20,,-,-
경기도 수원영통구 망포동,707,707,0,방죽마을영통뜨란채,84.68,202110,11,"63,000",14,2005,영통로200번길 156,,-,-
경기도 수원영통구 망포동,707,707,0,방죽마을영통뜨란채,84.72,202110,16,"61,000",16,2005,영통로200번길 156,,-,-
경기도 수원영통구 망포동,707,707,0,방죽마을영통뜨란채,84.72,202110,16,"59,900",18,2005,영통로200번길 156,,-,-
경기도 수원영통구 망포동,707,707,0,방죽마을영통뜨란채,84.68,202110,20,"54,000",11,2005,영통로200번길 156,,-,-
경기도 수원영통구 망포동,707,707,0,방죽마을영통뜨란채,84.68,202110,26,"60,000",10,2005,영통로200번길 156,,-,-
경기도 수원영통구 망포동,717,717,0,삼정라츠,84.8542,202110,6,"49,000",9,2008,영통로90번길 4-22,,-,-
경기도 수원영통구 망포동,700,700,0,쌍용스윗닷홈3차,59.9067,202110,12,"50,000",5,2004,태장로7번길 38,,-,-
경기도 수원영통구 망포동,725,725,0,영통SKVIEW,84.4619,202110,1,"97,500",13,2016,영통로200번길 112,,-,-
경기도 수원영통구 망포동,766,766,0,영통아이파크캐슬1단지,84.69,202110,6,"104,700",5,2019,덕영대로 1410,,-,-
경기도 수원영통구 망포동,766,766,0,영통아이파크캐슬1단지,59.98,202110,6,"78,250",27,2019,덕영대로 1410,,-,-
경기도 수원영통구 망포동,766,766,0,영통아이파크캐슬1단지,84.69,202110,16,"107,000",10,2019,덕영대로 1410,,-,-
경기도 수원영통구 망포동,766,766,0,영통아이파크캐슬1단지,59.83,202110,16,"77,500",12,2019,덕영대로 1410,,-,-
경기도 수원영통구 망포동,760,760,0,영통아이파크캐슬2단지,75.93,202110,2,"89,500",11,2019,덕영대로 1400,,-,-
경기도 수원영통구 망포동,760,760,0,영통아이파크캐슬2단지,59.83,202110,13,"73,500",10,2019,덕영대로 1400,,-,-
경기도 수원영통구 망포동,760,760,0,영통아이파크캐슬2단지,59.83,202110,30,"68,500",3,2019,덕영대로 1400,,-,-
경기도 수원영통구 망포동,726,726,0,이편한세상2차1단지,59.9135,202110,2,"57,200",20,2016,봉영로 1410-17,,-,-
경기도 수원영통구 망포동,723,723,0,한양수자인,59.9617,202110,8,"65,500",6,2013,영통로154번길 56,,-,-
경기도 수원영통구 망포동,728,728,0,힐스테이트영통,71.2981,202110,5,"95,500",9,2017,덕영대로 1462-14,,-,-
경기도 수원영통구 망포동,728,728,0,힐스테이트영통,62.8033,202110,7,"85,000",9,2017,덕영대로 1462-14,,-,-
경기도 수원영통구 망포동,728,728,0,힐스테이트영통,62.5963,202110,13,"83,800",25,2017,덕영대로 1462-14,,-,-
경기도 수원영통구 망포동,728,728,0,힐스테이트영통,84.8897,202110,16,"110,000",19,2017,덕영대로 1462-14,,-,-
경기도 수원영통구 망포동,728,728,0,힐스테이트영통,84.5303,202110,22,"107,000",23,2017,덕영대로 1462-14,,-,-
경기도 수원영통구 매탄동,1209,1209,0,e-편한세상,127.9078,202110,4,"98,000",18,2010,매봉로 20,,-,-
경기도 수원영통구 매탄동,1209,1209,0,e-편한세상,59.9535,202110,7,"70,600",19,2010,매봉로 20,,-,-
경기도 수원영통구 매탄동,810-2,810,2,동남,49.68,202110,11,"45,000",12,1989,동수원로 432,,-,-
경기도 수원영통구 매탄동,810-2,810,2,동남,49.68,202110,13,"45,400",4,1989,동수원로 432,,-,-
경기도 수원영통구 매탄동,1352,1352,0,매탄위브하늘채,84.7807,202110,11,"83,000",14,2008,효원로 363,,-,-
경기도 수원영통구 매탄동,897,897,0,매탄주공4,45.72,202110,4,"77,000",1,1985,인계로189번길 14,,-,-
경기도 수원영통구 매탄동,1274,1274,0,우남퍼스트빌,101.945,202110,4,"78,000",5,2002,매탄로 82,,-,-
경기도 수원영통구 매탄동,164-10,164,10,우성,59.94,202110,16,"31,800",11,1998,권광로290번길 34-18,,-,-
경기도 수원영통구 매탄동,1199,1199,0,원천성일,49.94,202110,2,"50,500",10,1992,동탄원천로1109번길 42,,-,-
경기도 수원영통구 매탄동,1162,1162,0,임광,84.95,202110,5,"49,700",1,1990,동수원로 316,,-,-
경기도 수원영통구 매탄동,1162,1162,0,임광,74.25,202110,14,"51,000",7,1990,동수원로 316,,-,-
경기도 수원영통구 매탄동,1162,1162,0,임광,84.95,202110,18,"59,300",9,1990,동수원로 316,,-,-
경기도 수원영통구 매탄동,194-4,194,4,재왕아트빌,63.1462,202110,16,"29,000",5,2003,매여울로53번길 31,,-,-
경기도 수원영통구 매탄동,1260,1260,0,주공그린빌2,75.95,202110,4,"55,500",12,2002,매탄로126번길 66,,-,-
경기도 수원영통구 매탄동,1260,1260,0,주공그린빌2,84.45,202110,28,"59,500",12,2002,매탄로126번길 66,,-,-
경기도 수원영통구 매탄동,1277,1277,0,주공그린빌3,84.45,202110,1,"62,000",15,2002,동탄원천로915번길 36,,-,-
경기도 수원영통구 매탄동,1277,1277,0,주공그린빌3,84.45,202110,2,"62,000",14,2002,동탄원천로915번길 36,,-,-
경기도 수원영통구 매탄동,1277,1277,0,주공그린빌3,84.45,202110,2,"62,000",8,2002,동탄원천로915번길 36,,-,-
경기도 수원영통구 매탄동,1280,1280,0,주공그린빌4,84.51,202110,2,"59,000",18,2002,동탄원천로915번길 33,,-,-
경기도 수원영통구 매탄동,1282,1282,0,주공그린빌5,45.88,202110,6,"44,000",18,2002,동탄원천로881번길 35,,-,-
경기도 수원영통구 매탄동,1282,1282,0,주공그린빌5,59.92,202110,9,"55,800",14,2002,동탄원천로881번길 35,,-,-
경기도 수원영통구 매탄동,1282,1282,0,주공그린빌5,49.8,202110,13,"42,000",18,2002,동탄원천로881번길 35,,-,-
경기도 수원영통구 매탄동,1217,1217,0,한국2,72.84,202110,7,"68,000",6,1993,매영로 84,,-,-
경기도 수원영통구 매탄동,176,176,0,현대힐스테이트,84.975,202110,2,"77,800",15,2006,권광로260번길 36,,-,-
경기도 수원영통구 매탄동,176,176,0,현대힐스테이트,59.648,202110,2,"66,800",9,2006,권광로260번길 36,,-,-
경기도 수원영통구 매탄동,176,176,0,현대힐스테이트,75.814,202110,2,"72,300",11,2006,권광로260번길 36,,-,-
경기도 수원영통구 신동,939,939,0,래미안영통마크원1단지,97.9,202110,8,"89,000",4,2013,권선로908번길 72,,-,-
경기도 수원영통구 신동,940,940,0,래미안영통마크원2단지,84.94,202110,7,"93,000",15,2013,삼성로 11,,-,-
경기도 수원영통구 신동,940,940,0,래미안영통마크원2단지,84.94,202110,11,"75,500",11,2013,삼성로 11,,-,-
경기도 수원영통구 신동,940,940,0,래미안영통마크원2단지,97.9,202110,17,"94,500",19,2013,삼성로 11,,-,-
경기도 수원영통구 신동,940,940,0,래미안영통마크원2단지,97.95,202110,20,"94,800",17,2013,삼성로 11,,-,-
경기도 수원영통구 영통동,1047-1,1047,1,건영1차,134.81,202110,7,"90,000",5,1999,청명로 100,,-,-
경기도 수원영통구 영통동,996-3,996,3,대우월드마크,127.9754,202110,11,"80,000",15,2008,봉영로 1620,,-,-
경기도 수원영통구 영통동,1053-2,1053,2,벽산(1053-2),84.96,202110,8,"66,900",14,1997,봉영로1744번길 11,,-,-
경기도 수원영통구 영통동,957-6,957,6,벽산(957-6),73.79,202110,2,"75,400",8,1997,청명로 132,,-,-
경기도 수원영통구 영통동,957-6,957,6,벽산(957-6),84.96,202110,4,"84,000",16,1997,청명로 132,,-,-
경기도 수원영통구 영통동,957-6,957,6,벽산(957-6),73.79,202110,4,"70,000",2,1997,청명로 132,,-,-
경기도 수원영통구 영통동,957-6,957,6,벽산(957-6),84.96,202110,4,"81,000",4,1997,청명로 132,,-,-
경기도 수원영통구 영통동,957-6,957,6,벽산(957-6),84.96,202110,8,"90,500",18,1997,청명로 132,,-,-
경기도 수원영통구 영통동,973-3,973,3,벽적골두산,59.73,202110,2,"63,500",18,1997,영통로 232,,-,-
경기도 수원영통구 영통동,971-1,971,1,벽적골롯데,38.16,202110,4,"37,500",14,2002,덕영대로1555번길 20,,-,-
경기도 수원영통구 영통동,971-1,971,1,벽적골롯데,49.71,202110,4,"49,500",3,2002,덕영대로1555번길 20,,-,-
경기도 수원영통구 영통동,971-1,971,1,벽적골롯데,38.16,202110,6,"37,500",15,2002,덕영대로1555번길 20,,-,-
경기도 수원영통구 영통동,971-1,971,1,벽적골롯데,38.16,202110,11,"32,500",3,2002,덕영대로1555번길 20,,-,-
경기도 수원영통구 영통동,971-1,971,1,벽적골롯데,59.96,202110,15,"59,700",20,2002,덕영대로1555번길 20,,-,-
경기도 수원영통구 영통동,973-3,973,3,벽적골우성,59.84,202110,8,"62,000",13,1998,영통로 232,,-,-
경기도 수원영통구 영통동,972-2,972,2,벽적골주공휴먼시아8단지,59.99,202110,2,"59,500",5,1997,영통로290번길 26,,-,-
경기도 수원영통구 영통동,972-2,972,2,벽적골주공휴먼시아8단지,49.59,202110,25,"41,000",4,1997,영통로290번길 26,,-,-
경기도 수원영통구 영통동,970-3,970,3,벽적골휴먼시아9단지,59.39,202110,5,"59,800",10,1999,봉영로1517번길 27,,-,-
경기도 수원영통구 영통동,970-3,970,3,벽적골휴먼시아9단지,59.39,202110,11,"51,800",1,1999,봉영로1517번길 27,,-,-
경기도 수원영통구 영통동,970-3,970,3,벽적골휴먼시아9단지,59.39,202110,16,"60,800",13,1999,봉영로1517번길 27,,-,-
경기도 수원영통구 영통동,988-2,988,2,"살구골마을(진덕,서광,성지,동아)",101.25,202110,4,"85,000",3,1998,봉영로 1526,,-,-
경기도 수원영통구 영통동,957-6,957,6,삼익,84.96,202110,19,"84,500",10,1997,청명로 132,,-,-
경기도 수원영통구 영통동,966-2,966,2,신나무실건영,134.81,202110,11,"127,500",12,2000,매영로 346,,-,-
경기도 수원영통구 영통동,968,968,0,신나무실동보,84.9,202110,14,"73,100",13,1997,봉영로1517번길 76,,-,-
경기도 수원영통구 영통동,968,968,0,신나무실신명,84.9,202110,8,"80,500",11,1997,봉영로1517번길 76,,-,-
경기도 수원영통구 영통동,963-2,963,2,신나무실신성,59.965,202110,4,"54,950",2,1997,매영로310번길 12,,-,-
경기도 수원영통구 영통동,963-2,963,2,신나무실신안,59.965,202110,2,"57,500",14,1997,매영로310번길 12,,-,-
경기도 수원영통구 영통동,963-2,963,2,신나무실쌍용,59.965,202110,14,"50,000",1,1997,매영로310번길 12,,-,-
경기도 수원영통구 영통동,964-5,964,5,신나무실휴먼시아5단지,59.99,202110,7,"54,000",11,1997,영통로290번길 25,,-,-
경기도 수원영통구 영통동,964-5,964,5,신나무실휴먼시아5단지,59.99,202110,12,"42,000",1,1997,영통로290번길 25,,-,-
경기도 수원영통구 영통동,964-5,964,5,신나무실휴먼시아5단지,59.99,202110,16,"54,200",7,1997,영통로290번길 25,,-,-
경기도 수원영통구 영통동,964-5,964,5,신나무실휴먼시아5단지,49.59,202110,23,"42,000",1,1997,영통로290번길 25,,-,-
경기도 수원영통구 영통동,1093,1093,0,영통3풍림아이원,84.877,202110,1,"57,500",1,2002,봉영로1482번길 18,,-,-
경기도 수원영통구 영통동,1048-2,1048,2,청명마을(주공),49.76,202110,6,"48,000",14,1997,청명북로 81,,-,-
경기도 수원영통구 영통동,956-2,956,2,청명마을대우,99.87,202110,4,"114,500",14,1998,영통로 460,,-,-
경기도 수원영통구 영통동,956-2,956,2,청명마을대우,134.64,202110,13,"122,500",18,1998,영통로 460,,-,-
경기도 수원영통구 영통동,956-2,956,2,청명마을동신,134.64,202110,11,"106,000",2,1998,영통로 460,,-,-
경기도 수원영통구 영통동,969-1,969,1,태영,84.91,202110,11,"80,000",17,1997,봉영로1517번길 73,,-,-
경기도 수원영통구 영통동,969-1,969,1,태영,84.88,202110,11,"79,700",12,1997,봉영로1517번길 73,,-,-
경기도 수원영통구 영통동,989-2,989,2,현대,99.58,202110,22,"100,000",15,1998,매영로 366,,-,-
경기도 수원영통구 영통동,1052-2,1052,2,황골마을(쌍용),59.8,202110,2,"49,000",2,1998,봉영로1744번길 16,,-,-
경기도 수원영통구 영통동,1052-2,1052,2,황골마을(쌍용),59.79,202110,15,"54,000",4,1998,봉영로1744번길 16,,-,-
경기도 수원영통구 영통동,1052-2,1052,2,황골마을(쌍용),59.8,202110,22,"52,800",17,1998,봉영로1744번길 16,,-,-
경기도 수원영통구 영통동,1054-3,1054,3,황골마을신명,59.99,202110,7,"49,500",12,1997,봉영로1770번길 21,,-,-
경기도 수원영통구 영통동,1054-3,1054,3,황골마을신명,59.95,202110,13,"47,000",7,1997,봉영로1770번길 21,,-,-
경기도 수원영통구 영통동,955-1,955,1,황골마을주공1,59.99,202110,2,"58,000",6,1997,영통로 498,,-,-
경기도 수원영통구 영통동,955-1,955,1,황골마을주공1,59.99,202110,2,"49,400",2,1997,영통로 498,,-,-
경기도 수원영통구 영통동,955-1,955,1,황골마을주공1,59.99,202110,7,"45,000",1,1997,영통로 498,,-,-
경기도 수원영통구 영통동,955-1,955,1,황골마을주공1,59.99,202110,8,"50,000",2,1997,영통로 498,,-,-
경기도 수원영통구 영통동,955-1,955,1,황골마을주공1,59.8,202110,11,"49,900",1,1997,영통로 498,,-,-
경기도 수원영통구 영통동,955-1,955,1,황골마을주공1,59.94,202110,11,"50,000",3,1997,영통로 498,,-,-
경기도 수원영통구 영통동,955-1,955,1,황골마을주공1,59.99,202110,13,"54,500",2,1997,영통로 498,,-,-
경기도 수원영통구 영통동,955-1,955,1,황골마을주공1,59.99,202110,16,"53,000",20,1997,영통로 498,,-,-
경기도 수원영통구 영통동,955-1,955,1,황골마을주공1,59.99,202110,27,"51,000",2,1997,영통로 498,,-,-
경기도 수원영통구 원천동,604,604,0,광교더샵,91.2841,202110,2,"149,000",9,2018,광교호수로 15,,-,-
경기도 수원영통구 원천동,604,604,0,광교더샵,84.1755,202110,12,"139,500",16,2018,광교호수로 15,,-,-
경기도 수원영통구 원천동,593,593,0,광교아이파크,84.3013,202110,2,"157,000",32,2018,광교호수공원로 80,,-,-
경기도 수원영통구 원천동,606,606,0,광교호반베르디움,59.9306,202110,8,"92,200",24,2014,광교호수공원로 45,,-,-
경기도 수원영통구 원천동,606,606,0,광교호반베르디움,59.9306,202110,20,"92,500",20,2014,광교호수공원로 45,,-,-
경기도 수원영통구 원천동,Jan-96,96,1,삼부리치안,22.7225,202110,19,"13,700",9,2019,중부대로 335,,-,-
경기도 수원영통구 원천동,333-3,333,3,삼성1,49.14,202110,4,"34,400",13,1992,삼성로268번길 8,,-,-
경기도 수원영통구 원천동,Jan-71,71,1,아주,71.25,202110,10,"47,000",5,1983,동수원로537번길 50,,-,-
경기도 수원영통구 원천동,548,548,0,원천레이크파크,49.95,202110,5,"45,500",9,1999,중부대로448번길 28,,-,-
경기도 수원영통구 원천동,548,548,0,원천레이크파크,59.8,202110,8,"58,500",7,1999,중부대로448번길 28,,-,-
경기도 수원영통구 원천동,548,548,0,원천레이크파크,49.95,202110,8,"47,000",5,1999,중부대로448번길 28,,-,-
경기도 수원영통구 원천동,35,35,0,주공,67.28,202110,9,"68,500",3,1987,중부대로271번길 27-9,,-,-
경기도 수원영통구 이의동,1332,1332,0,SummitPlace광교,116.345,202110,11,"170,000",11,2015,센트럴타운로 85,,-,-
경기도 수원영통구 이의동,1226,1226,0,광교 해모로 아파트,84.66,202110,2,"85,500",2,2011,광교로 286,,-,-
경기도 수원영통구 이의동,1226,1226,0,광교 해모로 아파트,84.98,202110,11,"87,000",15,2011,광교로 286,,-,-
경기도 수원영통구 이의동,1326,1326,0,광교e편한세상,145.6366,202110,4,"190,000",21,2012,센트럴타운로 76,,-,-
경기도 수원영통구 이의동,1326,1326,0,광교e편한세상,179.524,202110,4,"218,000",39,2012,센트럴타운로 76,,-,-
경기도 수원영통구 이의동,1182,1182,0,광교대광로제비앙,84.5282,202110,13,"80,000",1,2012,웰빙타운로 106,,-,-
경기도 수원영통구 이의동,1252,1252,0,광교역참누리포레스트,59.6129,202110,2,"79,000",2,2015,대학3로 55,,-,-
경기도 수원영통구 이의동,1211,1211,0,광교한양수자인,84.247,202110,21,"80,000",5,2011,웰빙타운로 19,,-,-
경기도 수원영통구 이의동,1184,1184,0,광교호반베르디움,84.265,202110,16,"105,000",10,2011,웰빙타운로 70,,-,-
경기도 수원영통구 이의동,1229,1229,0,광교호반베르디움트라엘,100.513,202110,7,"135,000",4,2017,대학로 98,,-,-
경기도 수원영통구 이의동,1229,1229,0,광교호반베르디움트라엘,84.995,202110,10,"123,000",4,2017,대학로 98,,-,-
경기도 수원영통구 이의동,1303,1303,0,오드카운티,121.9758,202110,1,"167,000",25,2012,센트럴파크로 100,,-,-
경기도 수원영통구 이의동,1303,1303,0,오드카운티,123.4079,202110,8,"163,500",15,2012,센트럴파크로 100,,-,-
경기도 수원영통구 하동,1032,1032,0,광교호반마을21단지,74.78,202110,2,"88,000",12,2014,광교호수로152번길 80,,-,-
경기도 수원영통구 하동,1032,1032,0,광교호반마을21단지,59.73,202110,16,"83,500",18,2014,광교호수로152번길 80,,-,-
경기도 수원영통구 하동,1028,1028,0,광교호반마을22단지,74.78,202110,1,"86,000",17,2014,광교호수로152번길 24,,-,-
경기도 수원영통구 하동,994,994,0,광교호수마을참누리레이크,84.85,202110,2,"134,000",13,2011,법조로 134,,-,-
경기도 수원영통구 하동,994,994,0,광교호수마을참누리레이크,84.96,202110,4,"132,800",14,2011,법조로 134,,-,-
경기도 수원영통구 하동,994,994,0,광교호수마을참누리레이크,84.85,202110,8,"134,700",22,2011,법조로 134,,-,-
경기도 수원영통구 하동,1021,1021,0,힐스테이트광교,97.1202,202110,14,"170,000",37,2018,센트럴파크로 6,,-,-
경기도 수원장안구 송죽동,514,514,0,수원로얄팰리스,84.97,202110,1,"61,500",10,2006,송정로 83,,-,-
경기도 수원장안구 송죽동,514,514,0,수원로얄팰리스,84.97,202110,16,"65,800",13,2006,송정로 83,,-,-
경기도 수원장안구 연무동,214,214,0,목화,84.82,202110,25,"50,000",8,1994,창훈로 57-11,,-,-
경기도 수원장안구 연무동,10,10,0,성원,33.27,202110,28,"11,000",7,1999,창훈로60번길 31,,-,-
경기도 수원장안구 연무동,04월 20일,4,20,신미주,59.94,202110,1,"24,000",12,1997,광교산로 148,,-,-
경기도 수원장안구 연무동,04월 20일,4,20,신미주,84.89,202110,21,"32,500",2,1997,광교산로 148,,-,-
경기도 수원장안구 연무동,248-17,248,17,익주,72.12,202110,30,"30,000",5,1995,월드컵로 410,,-,-
경기도 수원장안구 영화동,430-1,430,1,경원,67.44,202110,1,"16,800",2,1982,영화로 19,,-,-
경기도 수원장안구 율전동,322,322,0,늘푸른벽산,36.54,202110,5,"21,000",2,1998,율전로101번길 40,,-,-
경기도 수원장안구 율전동,546,546,0,밤꽃마을뜨란채,84.8,202110,7,"54,000",10,2005,상률로 32,,-,-
경기도 수원장안구 율전동,546,546,0,밤꽃마을뜨란채,84.8,202110,11,"56,000",11,2005,상률로 32,,-,-
경기도 수원장안구 율전동,546,546,0,밤꽃마을뜨란채,84.8,202110,16,"55,000",9,2005,상률로 32,,-,-
경기도 수원장안구 율전동,468,468,0,삼성1,59.98,202110,16,"49,700",12,1998,서부로 2065,,-,-
경기도 수원장안구 율전동,560,560,0,서희스타힐스3단지,84.7337,202110,4,"50,700",6,2010,덕영대로407번길 83,,-,-
경기도 수원장안구 율전동,561,561,0,성균관대역서희스타힐스아파트1단지,84.9727,202110,1,"49,400",10,2011,덕영대로407번길 95,,-,-
경기도 수원장안구 율전동,600,600,0,수원성균관대역동문굿모닝힐,84.9565,202110,5,"75,000",15,2017,율전로101번길 73,,-,-
경기도 수원장안구 율전동,600,600,0,수원성균관대역동문굿모닝힐,84.9565,202110,13,"80,000",17,2017,율전로101번길 73,,-,-
경기도 수원장안구 율전동,319,319,0,신일,84.89,202110,22,"56,000",7,1997,화산로 263,,-,-
경기도 수원장안구 율전동,163-2,163,2,장미5,57.73,202110,17,"23,400",2,1986,덕영대로417번길 59,,-,-
경기도 수원장안구 율전동,276-3,276,3,천록,44.66,202110,11,"21,700",4,1983,화산로203번길 24,,-,-
경기도 수원장안구 율전동,276-3,276,3,천록,62.06,202110,15,"30,000",4,1983,화산로203번길 24,,-,-
경기도 수원장안구 이목동,916,916,0,수원장안힐스테이트,59.988,202110,2,"64,000",8,2012,장안로359번길 20,,-,-
경기도 수원장안구 이목동,916,916,0,수원장안힐스테이트,84.993,202110,3,"78,000",13,2012,장안로359번길 20,,-,-
경기도 수원장안구 이목동,916,916,0,수원장안힐스테이트,84.992,202110,4,"78,000",7,2012,장안로359번길 20,,-,-
경기도 수원장안구 이목동,916,916,0,수원장안힐스테이트,127.997,202110,9,"103,000",11,2012,장안로359번길 20,,-,-
경기도 수원장안구 이목동,918,918,0,장안STX칸1단지,59.958,202110,4,"64,300",11,2013,장안로 395,,-,-
경기도 수원장안구 이목동,917,917,0,장안STX칸2단지,59.958,202110,19,"59,500",8,2013,장안로385번길 95,20211029,-,-
경기도 수원장안구 이목동,917,917,0,장안STX칸2단지,59.958,202110,19,"59,500",8,2013,장안로385번길 95,,-,-
경기도 수원장안구 정자동,417,417,0,남서울그린맨션,105.04,202110,21,"42,000",10,1990,만석로159번길 77,,-,-
경기도 수원장안구 정자동,888-2,888,2,노을마을대동,59.99,202110,29,"52,000",23,2000,대평로39번길 8,,-,-
경기도 수원장안구 정자동,914,914,0,대월마을대림진흥,84.9461,202110,9,"70,000",18,2001,천천로74번길 92,,-,-
경기도 수원장안구 정자동,913,913,0,대월마을주공,59.94,202110,2,"51,000",13,2002,천천로74번길 35,,-,-
경기도 수원장안구 정자동,395,395,0,동신1단지,56.71,202110,1,"34,000",9,1987,장안로 232,,-,-
경기도 수원장안구 정자동,395,395,0,동신1단지,56.71,202110,11,"33,500",10,1987,장안로 232,,-,-
경기도 수원장안구 정자동,395,395,0,동신1단지,77.05,202110,20,"35,000",4,1987,장안로 232,,-,-
경기도 수원장안구 정자동,313-1,313,1,동신2단지,43.02,202110,8,"28,000",8,1988,장안로 211,,-,-
경기도 수원장안구 정자동,313-1,313,1,동신2단지,43.02,202110,21,"29,500",3,1988,장안로 211,,-,-
경기도 수원장안구 정자동,886-1,886,1,두견마을현대벽산,59.95,202110,12,"45,800",1,1999,정자천로188번길 64,,-,-
경기도 수원장안구 정자동,871-4,871,4,백설 에듀빌,84.96,202110,19,"69,000",13,2001,대평로89번길 32,,-,-
경기도 수원장안구 정자동,09월 02일,9,2,벽산그랜드코아,66.17,202110,15,"23,000",14,1994,송정로 96,,-,-
경기도 수원장안구 정자동,423-1,423,1,벽산블루밍,59.99,202110,5,"45,000",2,2007,파장로 53,,-,-
경기도 수원장안구 정자동,423-1,423,1,벽산블루밍,84.98,202110,8,"62,200",5,2007,파장로 53,,-,-
경기도 수원장안구 정자동,03월 31일,31,3,보은맨션,64.8,202110,19,"21,500",9,1985,수성로275번길 92,,-,-
경기도 수원장안구 정자동,36-23,36,23,송학,31.74,202110,6,"13,500",2,1982,송정로 82,,-,-
경기도 수원장안구 정자동,945,945,0,수원 SK SKY VIEW,84.957,202110,7,"99,500",14,2013,이목로 24,,-,-
경기도 수원장안구 정자동,945,945,0,수원 SK SKY VIEW,59.929,202110,7,"69,500",15,2013,이목로 24,,-,-
경기도 수원장안구 정자동,945,945,0,수원 SK SKY VIEW,84.957,202110,11,"100,000",10,2013,이목로 24,,-,-
경기도 수원장안구 정자동,945,945,0,수원 SK SKY VIEW,97.791,202110,11,"101,500",5,2013,이목로 24,,-,-
경기도 수원장안구 정자동,945,945,0,수원 SK SKY VIEW,59.929,202110,23,"70,000",21,2013,이목로 24,,-,-
경기도 수원장안구 정자동,01월 29일,29,1,신미주,76.38,202110,12,"33,900",3,1991,수성로275번길 133,,-,-
경기도 수원장안구 정자동,872-1,872,1,연꽃마을풍림,99.18,202110,12,"70,000",5,1999,정자천로189번길 47,,-,-
경기도 수원장안구 정자동,919,919,0,청솔마을한라,59.992,202110,15,"52,900",6,2001,만석로20번길 28,,-,-
경기도 수원장안구 정자동,01월 30일,30,1,현대,84.94,202110,12,"37,000",10,1989,정자천로188번길 71-21,,-,-
경기도 수원장안구 정자동,01월 30일,30,1,현대,84.94,202110,22,"42,000",7,1989,정자천로188번길 71-21,,-,-
경기도 수원장안구 정자동,887-1,887,1,화서역 우방 센트럴파크,59.96,202110,8,"61,500",21,1999,수성로245번길 21,,-,-
경기도 수원장안구 정자동,887-1,887,1,화서역 우방 센트럴파크,59.98,202110,8,"62,000",12,1999,수성로245번길 21,,-,-
경기도 수원장안구 정자동,887-1,887,1,화서역 우방 센트럴파크,59.96,202110,20,"60,000",17,1999,수성로245번길 21,,-,-
경기도 수원장안구 조원동,912,912,0,광교산임광그대가,101.636,202110,3,"70,000",11,2010,수일로 205,,-,-
경기도 수원장안구 조원동,912,912,0,광교산임광그대가,124.535,202110,7,"83,000",8,2010,수일로 205,,-,-
경기도 수원장안구 조원동,668-4,668,4,성신,84.03,202110,5,"27,000",6,1986,정조로978번길 23,,-,-
경기도 수원장안구 조원동,459-11,459,11,장안,48.87,202110,2,"21,000",4,1989,금당로 86-9,,-,-
경기도 수원장안구 조원동,881,881,0,한일타운대림,59.962,202110,1,"60,000",12,1999,경수대로976번길 22,,-,-
경기도 수원장안구 조원동,881,881,0,한일타운대림,59.842,202110,8,"55,000",9,1999,경수대로976번길 22,,-,-
경기도 수원장안구 조원동,881,881,0,한일타운대림,121.48,202110,9,"76,500",9,1999,경수대로976번길 22,,-,-
경기도 수원장안구 조원동,881,881,0,한일타운우성,84.772,202110,28,"68,000",6,1999,경수대로976번길 22,,-,-
경기도 수원장안구 천천동,511,511,0,비단마을베스트타운,84.9981,202110,8,"76,500",3,2001,정자로42번길 52,,-,-
경기도 수원장안구 천천동,482,482,0,비단마을신명,59.995,202110,4,"52,300",6,2001,정자로41번길 12,,-,-
경기도 수원장안구 천천동,565,565,0,삼호진덕,59.73,202110,20,"47,000",6,1998,하률로46번길 22,,-,-
경기도 수원장안구 천천동,569,569,0,일성,84.85,202110,2,"59,900",14,1997,정자로19번길 18,,-,-
경기도 수원장안구 천천동,569,569,0,일성,84.85,202110,11,"54,000",1,1997,정자로19번길 18,,-,-
경기도 수원장안구 천천동,544,544,0,천천삼성래미안,59.975,202110,1,"54,000",14,2002,화산로187번길 19,,-,-
경기도 수원장안구 천천동,544,544,0,천천삼성래미안,84.99,202110,3,"56,000",3,2002,화산로187번길 19,,-,-
경기도 수원장안구 천천동,544,544,0,천천삼성래미안,84.99,202110,6,"57,600",4,2002,화산로187번길 19,,-,-
경기도 수원장안구 천천동,333,333,0,천천푸르지오,148.75,202110,2,"106,000",3,2009,화산로 85,20211029,-,-
경기도 수원장안구 천천동,333,333,0,천천푸르지오,148.75,202110,2,"106,000",3,2009,화산로 85,,-,-
경기도 수원장안구 파장동,212-5,212,5,삼익,55.57,202110,9,"27,800",10,1978,경수대로 1102,,-,-
경기도 수원장안구 파장동,569-3,569,3,화남1,59.4,202110,14,"17,800",3,1989,파장로110번길 17,,-,-
경기도 수원팔달구 매교동,04월 25일,25,4,건영캐스빌,82.64,202110,22,"35,000",5,2001,매산로130번길 15,,-,-
경기도 수원팔달구 매산로2가,90,90,0,대한대우,134.94,202110,2,"88,000",5,1999,권선로 477,,-,-
경기도 수원팔달구 매산로2가,90,90,0,대한대우,84.97,202110,2,"74,500",2,1999,권선로 477,,-,-
경기도 수원팔달구 매산로2가,90,90,0,대한대우,59.95,202110,2,"62,500",4,1999,권선로 477,,-,-
경기도 수원팔달구 매산로2가,90,90,0,대한대우,134.94,202110,9,"100,000",12,1999,권선로 477,,-,-
경기도 수원팔달구 매산로2가,90,90,0,대한대우,134.94,202110,9,"85,000",1,1999,권선로 477,,-,-
경기도 수원팔달구 매산로2가,90,90,0,대한대우,59.84,202110,11,"65,000",3,1999,권선로 477,,-,-
경기도 수원팔달구 매산로2가,90,90,0,대한대우,84.97,202110,11,"71,000",3,1999,권선로 477,,-,-
경기도 수원팔달구 매산로3가,Jan-32,32,1,KCC파크타운,83.94,202110,18,"42,000",13,2005,매산로 75,,-,-
경기도 수원팔달구 우만동,Jan-58,58,1,금성,77.76,202110,8,"27,000",5,1985,아주로47번길 8,,-,-
경기도 수원팔달구 우만동,517,517,0,신미주,43.47,202110,16,"25,800",6,1989,월드컵로321번길 17,,-,-
경기도 수원팔달구 우만동,28,28,0,우만주공2단지,49.94,202110,2,"71,800",7,1989,중부대로223번길 92,,-,-
경기도 수원팔달구 우만동,300,300,0,우만주공4단지,41.3,202110,2,"40,500",9,1992,창룡대로 194,,-,-
경기도 수원팔달구 우만동,300,300,0,우만주공4단지,41.3,202110,7,"39,700",15,1992,창룡대로 194,,-,-
경기도 수원팔달구 우만동,600,600,0,월드메르디앙,84.552,202110,9,"63,000",5,2004,권광로 373,,-,-
경기도 수원팔달구 인계동,953-2,953,2,(953-2),35.55,202110,2,"19,500",5,2016,경수대로 559,,-,-
경기도 수원팔달구 인계동,953-2,953,2,(953-2),35.55,202110,7,"18,500",7,2016,경수대로 559,,-,-
경기도 수원팔달구 인계동,384,384,0,래미안노블클래스1단지,84.99,202110,8,"85,500",16,2009,권광로 246,,-,-
경기도 수원팔달구 인계동,245-3,245,3,무궁화,44.1,202110,6,"14,200",3,1986,경수대로553번길 40,,-,-
경기도 수원팔달구 인계동,245-3,245,3,무궁화,44.1,202110,14,"13,500",5,1986,경수대로553번길 40,,-,-
경기도 수원팔달구 인계동,1043,1043,0,무비하임,16.1466,202110,11,"4,500",5,2012,효원로249번길 46-12,,-,-
경기도 수원팔달구 인계동,1043,1043,0,무비하임,11.721,202110,14,"4,200",6,2012,효원로249번길 46-12,,-,-
경기도 수원팔달구 인계동,1125-2,1125,2,벽산그랜드코아,88.61,202110,1,"40,000",11,1995,권광로 146,,-,-
경기도 수원팔달구 인계동,371-1,371,1,삼성,59.88,202110,2,"41,000",12,1996,권광로276번길 9,,-,-
경기도 수원팔달구 인계동,371-1,371,1,삼성,84.88,202110,2,"52,000",8,1996,권광로276번길 9,,-,-
경기도 수원팔달구 인계동,159,159,0,선경3,84.79,202110,16,"61,500",7,1996,권광로317번길 15,,-,-
경기도 수원팔달구 인계동,1131,1131,0,선경리빙빌라트,110.435,202110,26,"30,000",9,1995,권광로 138,,-,-
경기도 수원팔달구 인계동,1022-3,1022,3,센트럴하임,18.57,202110,15,"16,000",9,2021,인계로108번길 18,,-,-
경기도 수원팔달구 인계동,1022-3,1022,3,센트럴하임,18.57,202110,29,"16,000",8,2021,인계로108번길 18,,-,-
경기도 수원팔달구 인계동,303-3,303,3,수정,84.9,202110,14,"23,500",16,2009,장다리로306번길 45,,-,-
경기도 수원팔달구 인계동,319-6,319,6,신반포수원(한신),41.85,202110,19,"12,500",6,1980,장다리로306번길 13,,-,-
경기도 수원팔달구 인계동,956-1,956,1,은하,47.04,202110,14,"15,300",4,1987,경수대로553번길 37,,-,-
경기도 수원팔달구 인계동,865-10,865,10,인계파밀리에,59.98,202110,2,"57,500",6,2009,세지로 211,,-,-
경기도 수원팔달구 지동,138-24,138,24,삼호,84.99,202110,23,"34,500",8,1995,세지로314번길 17-19,,-,-
경기도 수원팔달구 지동,365-20,365,20,포레스트,12.615,202110,25,"7,000",3,2014,세지로 279-1,,-,-
경기도 수원팔달구 화서동,684-2,684,2,꽃뫼마을신동아,59.76,202110,9,"62,000",18,1999,화산로 24,,-,-
경기도 수원팔달구 화서동,709,709,0,꽃뫼버들마을금강,84.965,202110,1,"76,000",7,2002,정자천로32번길 27,,-,-
경기도 수원팔달구 화서동,706,706,0,꽃뫼버들마을진흥,59.96,202110,4,"64,000",2,2002,화산로 57,,-,-
경기도 수원팔달구 화서동,11월 11일,11,11,성원쌍떼빌,59.55,202110,22,"37,500",2,2001,장안로5번길 45,,-,-
경기도 수원팔달구 화서동,79-30,79,30,익주,30.8222,202110,26,"11,900",6,2003,팔달로153번길 25-8,,-,-
경기도 수원팔달구 화서동,Jan-84,84,1,칠성,67.5,202110,3,"13,800",4,1980,화양로38번길 136-4,,-,-
경기도 수원팔달구 화서동,650,650,0,화서4단지주공,59.57,202110,11,"64,000",7,1997,덕영대로697번길 48,,-,-
경기도 수원팔달구 화서동,250-4,250,4,화서블루밍푸른숲,122.111,202110,1,"70,000",12,2009,화양로50번길 30,,-,-
경기도 수원팔달구 화서동,250-4,250,4,화서블루밍푸른숲,101.732,202110,5,"65,000",6,2009,화양로50번길 30,,-,-
경기도 수원팔달구 화서동,250-4,250,4,화서블루밍푸른숲,84.942,202110,30,"70,300",10,2009,화양로50번길 30,,-,-
경기도 시흥시 거모동,612-1,612,1,동보,25.12,202110,4,"7,450",11,1999,군자로335번길 11,,-,-
경기도 시흥시 거모동,612-1,612,1,동보,63.2,202110,5,"21,400",3,1999,군자로335번길 11,,-,-
경기도 시흥시 거모동,612-1,612,1,동보,25.12,202110,6,"7,100",9,1999,군자로335번길 11,,-,-
경기도 시흥시 거모동,612-1,612,1,동보,63.2,202110,7,"23,500",11,1999,군자로335번길 11,,-,-
경기도 시흥시 거모동,612-1,612,1,동보,59.72,202110,7,"23,600",4,1999,군자로335번길 11,,-,-
경기도 시흥시 거모동,612-1,612,1,동보,25.12,202110,8,"7,200",17,1999,군자로335번길 11,,-,-
경기도 시흥시 거모동,612-1,612,1,동보,25.12,202110,8,"6,200",3,1999,군자로335번길 11,,-,-
경기도 시흥시 거모동,612-1,612,1,동보,25.12,202110,9,"6,700",3,1999,군자로335번길 11,,-,-
경기도 시흥시 거모동,612-1,612,1,동보,25.12,202110,13,"6,300",2,1999,군자로335번길 11,,-,-
경기도 시흥시 거모동,612-1,612,1,동보,25.12,202110,16,"7,000",8,1999,군자로335번길 11,,-,-
경기도 시흥시 거모동,612-1,612,1,동보,25.12,202110,21,"7,300",15,1999,군자로335번길 11,,-,-
경기도 시흥시 거모동,612-1,612,1,동보,25.12,202110,25,"7,200",15,1999,군자로335번길 11,,-,-
경기도 시흥시 거모동,1769-1,1769,1,동원,53.64,202110,7,"11,500",12,1991,도일로112번안길 22,,-,-
경기도 시흥시 거모동,1741-1,1741,1,보우,59.82,202110,5,"17,500",12,1995,군자로504번길 9,,-,-
경기도 시흥시 거모동,1741-1,1741,1,보우,59.82,202110,13,"19,900",9,1995,군자로504번길 9,,-,-
경기도 시흥시 거모동,1470-1,1470,1,아주1,58.95,202110,12,"17,500",1,1989,한우물로 41,,-,-
경기도 시흥시 거모동,1734-2,1734,2,아주3,59.775,202110,25,"17,700",8,1992,한우물로 35,,-,-
경기도 시흥시 거모동,1735-2,1735,2,아주4차아파트,84.465,202110,27,"25,500",12,1993,도일로135번길 42,,-,-
경기도 시흥시 거모동,1474-1,1474,1,일우,42.72,202110,16,"24,800",2,1988,군자로492번길 14,,-,-
경기도 시흥시 논곡동,160-59,160,59,목감한양수자인아파트,59.9297,202110,6,"58,000",14,2016,수인로2421번길 89,,-,-
경기도 시흥시 논곡동,160-59,160,59,목감한양수자인아파트,59.9297,202110,12,"59,300",7,2016,수인로2421번길 89,,-,-
경기도 시흥시 논곡동,160-59,160,59,목감한양수자인아파트,59.9297,202110,16,"58,100",8,2016,수인로2421번길 89,,-,-
경기도 시흥시 논곡동,160-59,160,59,목감한양수자인아파트,59.9297,202110,16,"58,000",12,2016,수인로2421번길 89,,-,-
경기도 시흥시 논곡동,160-29,160,29,황제,53.01,202110,9,"34,700",6,1986,동서로 1097,,-,-
경기도 시흥시 능곡동,554,554,0,시흥능곡자연앤(4단지),84.76,202110,5,"67,000",4,2009,승지로 78,,-,-
경기도 시흥시 대야동,479,479,0,삼호,34.47,202110,2,"16,000",2,1986,호현로63번길 11,,-,-
경기도 시흥시 대야동,479,479,0,삼호,36.54,202110,8,"14,900",2,1986,호현로63번길 10,,-,-
경기도 시흥시 대야동,564,564,0,서강2,59.98,202110,2,"37,000",9,1997,은행로 232,,-,-
경기도 시흥시 대야동,564,564,0,서강2,59.98,202110,16,"35,900",3,1997,은행로 232,20211102,-,-
경기도 시흥시 대야동,564,564,0,서강2,59.98,202110,16,"35,900",3,1997,은행로 232,,-,-
경기도 시흥시 대야동,563,563,0,서해,26.57,202110,29,"13,000",10,1997,비둘기공원7길 19,,-,-
경기도 시흥시 대야동,274-3,274,3,영남1,39.84,202110,5,"40,000",2,1986,복지로120번길 15-4,,-,-
경기도 시흥시 대야동,274-3,274,3,영남1,39.84,202110,5,"40,500",2,1986,복지로120번길 15-4,20211104,-,-
경기도 시흥시 대야동,274-24,274,24,영남2,37.47,202110,1,"32,000",2,1987,복지로120번길 7,,-,-
경기도 시흥시 대야동,274-24,274,24,영남2,37.47,202110,29,"31,000",1,1987,복지로120번길 7,,-,-
경기도 시흥시 대야동,569-1,569,1,우성2,41.55,202110,1,"22,900",2,1995,은행로 208,,-,-
경기도 시흥시 대야동,569-1,569,1,우성2,41.55,202110,2,"23,600",3,1995,은행로 208,,-,-
경기도 시흥시 대야동,569-1,569,1,우성2,41.55,202110,14,"24,500",5,1995,은행로 208,,-,-
경기도 시흥시 대야동,569-1,569,1,우성2,59.96,202110,19,"44,600",5,1995,은행로 208,,-,-
경기도 시흥시 대야동,569-1,569,1,우성2,41.55,202110,23,"23,500",19,1995,은행로 208,,-,-
경기도 시흥시 대야동,692,692,0,이편한세상시흥센텀하임,84.7733,202110,2,"82,000",23,2019,비둘기공원7길 10,,-,-
경기도 시흥시 도창동,65,65,0,에이스,84.985,202110,10,"44,000",11,1997,매화로 145,,-,-
경기도 시흥시 도창동,65,65,0,에이스,84.99,202110,12,"43,000",6,1997,매화로 145,,-,-
경기도 시흥시 매화동,361,361,0,금강1차102동,76.82,202110,14,"26,000",4,1994,매화우회로 61,,-,-
경기도 시흥시 매화동,367,367,0,매화마을홍익,84.87,202110,16,"41,500",16,2000,매화우회로 37,,-,-
경기도 시흥시 매화동,367,367,0,매화마을홍익,59.79,202110,20,"27,000",1,2000,매화우회로 37,,-,-
경기도 시흥시 매화동,367,367,0,매화마을홍익,59.79,202110,22,"32,000",8,2000,매화우회로 37,,-,-
경기도 시흥시 매화동,207,207,0,서능1차(101~103동),45.66,202110,3,"17,500",2,1991,매화2로 20,,-,-
경기도 시흥시 매화동,207,207,0,서능1차(101~103동),45.66,202110,9,"16,500",5,1991,매화2로 20,,-,-
경기도 시흥시 매화동,207,207,0,서능1차(101~103동),45.66,202110,10,"17,000",4,1991,매화2로 20,,-,-
경기도 시흥시 매화동,207,207,0,서능1차(101~103동),45.66,202110,17,"20,000",1,1991,매화2로 20,,-,-
경기도 시흥시 매화동,220-1,220,1,서능아파트(201동202동203동),64.77,202110,11,"23,000",4,1992,매화2로 30,,-,-
경기도 시흥시 매화동,220-1,220,1,서능아파트(201동202동203동),64.77,202110,13,"24,800",2,1992,매화2로 30,,-,-
경기도 시흥시 매화동,220-1,220,1,서능아파트(201동202동203동),67.92,202110,30,"20,500",6,1992,매화2로 30,,-,-
경기도 시흥시 매화동,200-1,200,1,제성,47.52,202110,15,"20,000",3,1985,매화1로 4,,-,-
경기도 시흥시 매화동,262-1,262,1,"진양101,102동",52.53,202110,18,"14,000",6,1990,매화로 49,,-,-
경기도 시흥시 목감동,239-15,239,15,동우,50.745,202110,8,"38,300",3,1986,동서로 1096-4,,-,-
경기도 시흥시 목감동,406,406,0,호반베르디움더프라임(1차),84.6742,202110,16,"88,000",20,2017,배미골길 23,,-,-
경기도 시흥시 목감동,406,406,0,호반베르디움더프라임(1차),69.6356,202110,16,"83,600",24,2017,배미골길 23,,-,-
경기도 시흥시 목감동,406,406,0,호반베르디움더프라임(1차),84.6742,202110,23,"91,000",10,2017,배미골길 23,,-,-
경기도 시흥시 미산동,64,64,0,경신,57.67,202110,29,"9,800",6,1992,미산로 85-2,,-,-
경기도 시흥시 미산동,산15-1,15,1,부국미산아파트(1동2동3동),41.13,202110,18,"6,500",5,1991,미산로143번길 10,,-,-
경기도 시흥시 배곧동,191,191,0,시흥배곧C1호반써밋플레이스,84.9894,202110,11,"90,000",30,2019,서울대학로278번길 19-1,,-,-
경기도 시흥시 배곧동,135,135,0,시흥배곧SK뷰,73.0453,202110,9,"66,300",18,2015,배곧3로 27-7,,-,-
경기도 시흥시 배곧동,135,135,0,시흥배곧SK뷰,62.8305,202110,12,"62,700",21,2015,배곧3로 27-7,,-,-
경기도 시흥시 배곧동,135,135,0,시흥배곧SK뷰,62.8305,202110,13,"60,000",8,2015,배곧3로 27-7,,-,-
경기도 시흥시 배곧동,135,135,0,시흥배곧SK뷰,84.108,202110,15,"86,000",22,2015,배곧3로 27-7,,-,-
경기도 시흥시 배곧동,135,135,0,시흥배곧SK뷰,84.7947,202110,21,"80,000",2,2015,배곧3로 27-7,,-,-
경기도 시흥시 배곧동,2575,2575,0,시흥배곧신도시 이지더원2차 에듀그린,76.618,202110,14,"57,900",6,2017,서울대학로 100,,-,-
경기도 시흥시 배곧동,2575,2575,0,시흥배곧신도시 이지더원2차 에듀그린,76.618,202110,22,"59,700",12,2017,서울대학로 100,,-,-
경기도 시흥시 배곧동,139,139,0,시흥배곧신도시호반베르디움센트럴파크,65.049,202110,16,"58,700",8,2015,배곧3로 27-8,,-,-
경기도 시흥시 배곧동,139,139,0,시흥배곧신도시호반베르디움센트럴파크,65.049,202110,16,"60,000",22,2015,배곧3로 27-8,,-,-
경기도 시흥시 배곧동,139,139,0,시흥배곧신도시호반베르디움센트럴파크,65.4139,202110,23,"59,000",13,2015,배곧3로 27-8,,-,-
경기도 시흥시 배곧동,139,139,0,시흥배곧신도시호반베르디움센트럴파크,65.049,202110,30,"59,900",26,2015,배곧3로 27-8,,-,-
경기도 시흥시 배곧동,5,5,0,시흥배곧중흥에스-클래스,84.8656,202110,4,"70,000",18,2019,해송십리로 472-1,,-,-
경기도 시흥시 배곧동,155,155,0,시흥배곧한신더휴,68.5045,202110,7,"67,000",15,2018,배곧4로 106-26,,-,-
경기도 시흥시 배곧동,155,155,0,시흥배곧한신더휴,84.9646,202110,12,"79,000",25,2018,배곧4로 106-26,,-,-
경기도 시흥시 배곧동,155,155,0,시흥배곧한신더휴,73.9549,202110,18,"70,000",27,2018,배곧4로 106-26,,-,-
경기도 시흥시 배곧동,243,243,0,한라비발디캠퍼스,84.9906,202110,5,"85,000",26,2017,배곧1로 27-15,,-,-
경기도 시흥시 배곧동,243,243,0,한라비발디캠퍼스,84.9906,202110,23,"75,500",39,2017,배곧1로 27-15,,-,-
경기도 시흥시 배곧동,245,245,0,한라비발디캠퍼스2차,69.8608,202110,5,"60,500",6,2018,배곧1로 27-16,,-,-
경기도 시흥시 배곧동,245,245,0,한라비발디캠퍼스2차,69.967,202110,8,"59,000",30,2018,배곧1로 27-16,,-,-
경기도 시흥시 배곧동,245,245,0,한라비발디캠퍼스2차,69.8608,202110,19,"64,000",28,2018,배곧1로 27-16,,-,-
경기도 시흥시 배곧동,245,245,0,한라비발디캠퍼스2차,69.8608,202110,22,"65,000",29,2018,배곧1로 27-16,,-,-
경기도 시흥시 배곧동,262,262,0,한라비발디캠퍼스3차,84.9973,202110,4,"79,000",20,2018,서울대학로 172-20,,-,-
경기도 시흥시 배곧동,262,262,0,한라비발디캠퍼스3차,84.9973,202110,13,"79,000",16,2018,서울대학로 172-20,,-,-
경기도 시흥시 배곧동,262,262,0,한라비발디캠퍼스3차,84.9973,202110,15,"75,500",14,2018,서울대학로 172-20,,-,-
경기도 시흥시 배곧동,262,262,0,한라비발디캠퍼스3차,84.9973,202110,22,"83,000",33,2018,서울대학로 172-20,,-,-
경기도 시흥시 배곧동,150,150,0,호반베르디움더프라임,84.4646,202110,2,"79,000",26,2016,서울대학로 328,,-,-
경기도 시흥시 배곧동,150,150,0,호반베르디움더프라임,84.0614,202110,22,"78,300",21,2016,서울대학로 328,,-,-
경기도 시흥시 배곧동,150,150,0,호반베르디움더프라임,63.844,202110,26,"60,000",10,2016,서울대학로 328,,-,-
경기도 시흥시 배곧동,174,174,0,호반베르디움센트로하임,84.6969,202110,25,"78,800",14,2017,배곧4로 106-25,,-,-
경기도 시흥시 배곧동,174,174,0,호반베르디움센트로하임,65.9808,202110,26,"60,000",22,2017,배곧4로 106-25,,-,-
경기도 시흥시 배곧동,174,174,0,호반베르디움센트로하임,65.9448,202110,26,"63,500",17,2017,배곧4로 106-25,,-,-
경기도 시흥시 배곧동,174,174,0,호반베르디움센트로하임,65.9448,202110,29,"57,500",4,2017,배곧4로 106-25,,-,-
경기도 시흥시 산현동,502,502,0,목감레이크푸르지오,59.0365,202110,11,"60,000",20,2018,목감남서로 92-30,,-,-
경기도 시흥시 산현동,502,502,0,목감레이크푸르지오,59.0551,202110,20,"57,000",7,2018,목감남서로 92-30,,-,-
경기도 시흥시 산현동,502,502,0,목감레이크푸르지오,59.0551,202110,30,"58,000",14,2018,목감남서로 92-30,,-,-
경기도 시흥시 산현동,496,496,0,목감중흥에스-클래스레이크힐스,72.0814,202110,2,"65,000",5,2018,목감남서로 92-15,,-,-
경기도 시흥시 산현동,496,496,0,목감중흥에스-클래스레이크힐스,84.9802,202110,5,"74,500",16,2018,목감남서로 92-15,,-,-
경기도 시흥시 산현동,496,496,0,목감중흥에스-클래스레이크힐스,72.0814,202110,30,"61,500",15,2018,목감남서로 92-15,,-,-
경기도 시흥시 산현동,520,520,0,호반베르디움더숲,84.96,202110,12,"75,000",16,2019,목감둘레로 80,,-,-
경기도 시흥시 산현동,520,520,0,호반베르디움더숲,84.9805,202110,16,"68,000",16,2019,목감둘레로 80,,-,-
경기도 시흥시 산현동,520,520,0,호반베르디움더숲,84.96,202110,20,"72,000",24,2019,목감둘레로 80,,-,-
경기도 시흥시 신천동,943-1,943,1,경남아너스빌아파트,59.751,202110,5,"38,000",2,2005, 1119-3,,-,-
경기도 시흥시 신천동,384-2,384,2,동경4,43.47,202110,16,"11,000",3,1989,신천천서로 50-1,,-,-
경기도 시흥시 신천동,829,829,0,동진2,59.99,202110,13,"19,800",1,1991,수인로3409번길 54,,-,-
경기도 시흥시 신천동,892-1,892,1,무지개,47.67,202110,19,"10,500",5,1987,두문로 8,,-,-
경기도 시흥시 신천동,709-32,709,32,시흥5차대우푸르지오,110.4398,202110,21,"69,500",24,2011,복지로 15,,-,-
경기도 시흥시 신천동,709-32,709,32,시흥5차대우푸르지오,110.4398,202110,30,"70,000",22,2011,복지로 15,,-,-
경기도 시흥시 신천동,949,949,0,시흥신천삼환나우빌,84.892,202110,6,"61,000",3,2012,1144,,-,-
경기도 시흥시 신천동,946,946,0,시흥신천휴먼시아,36.62,202110,23,"19,300",10,2010,시흥대로 1133,,-,-
경기도 시흥시 신천동,275,275,0,연희아파트,44.73,202110,22,"19,000",3,1986,신천천동로25번길 17,,-,-
경기도 시흥시 신천동,871-1,871,1,우남한신휴플러스,59.98,202110,4,"27,500",5,1996,시흥대로1073번길 39,,-,-
경기도 시흥시 신천동,749,749,0,제성,37.8,202110,2,"11,000",1,1987,수인로3413번길 25,,-,-
경기도 시흥시 신천동,387,387,0,태광,33.12,202110,5,"11,000",2,1986,수인로3409번길 39,,-,-
경기도 시흥시 신천동,387,387,0,태광,37.17,202110,14,"14,000",5,1986,수인로3409번길 39,,-,-
경기도 시흥시 신천동,844-10,844,10,한미금강,50.85,202110,1,"19,500",6,1994,포도원로 71-1,,-,-
경기도 시흥시 신천동,857-2,857,2,한영둥지,68.02,202110,12,"20,000",6,1991,신천로44번길 23,,-,-
경기도 시흥시 신천동,857-2,857,2,한영둥지,52.47,202110,26,"27,000",1,1991,신천로44번길 23,,-,-
경기도 시흥시 월곶동,999-2,999,2,승윤노블리안시티,16.28,202110,25,"5,000",6,2014,월곶중앙로14번길 47,,-,-
경기도 시흥시 월곶동,992-5,992,5,알파시티,16.8,202110,2,"4,800",13,2013,월곶중앙로30번길 31,,-,-
경기도 시흥시 월곶동,992-5,992,5,알파시티,26.99,202110,18,"8,400",13,2013,월곶중앙로30번길 31,,-,-
경기도 시흥시 월곶동,992-5,992,5,알파시티,16.8,202110,21,"4,300",10,2013,월곶중앙로30번길 31,,-,-
경기도 시흥시 월곶동,992-5,992,5,알파시티,32.48,202110,22,"11,500",9,2013,월곶중앙로30번길 31,,-,-
경기도 시흥시 월곶동,992-5,992,5,알파시티,16.8,202110,25,"4,290",9,2013,월곶중앙로30번길 31,,-,-
경기도 시흥시 월곶동,992-5,992,5,알파시티,16.8,202110,30,"4,200",5,2013,월곶중앙로30번길 31,,-,-
경기도 시흥시 월곶동,994,994,0,월곶4차풍림아이원,84.842,202110,3,"52,500",19,2006,월곶중앙로14번길 9,,-,-
경기도 시흥시 월곶동,1006-3,1006,3,월곶동유호NPLUSVILLE,35.025,202110,6,"16,300",7,2004,월곶중앙로 48,,-,-
경기도 시흥시 월곶동,1010-4,1010,4,풍림아이원1차,26.94,202110,2,"16,400",11,2002,월곶중앙로70번길 11,,-,-
경기도 시흥시 월곶동,1010-4,1010,4,풍림아이원1차,26.94,202110,2,"15,500",10,2002,월곶중앙로70번길 11,,-,-
경기도 시흥시 월곶동,1010-4,1010,4,풍림아이원1차,26.94,202110,4,"16,700",17,2002,월곶중앙로70번길 11,,-,-
경기도 시흥시 월곶동,1010-4,1010,4,풍림아이원1차,32.95,202110,9,"24,000",7,2002,월곶중앙로70번길 11,,-,-
경기도 시흥시 월곶동,1010-4,1010,4,풍림아이원1차,26.94,202110,13,"14,300",2,2002,월곶중앙로70번길 11,,-,-
경기도 시흥시 월곶동,1010-4,1010,4,풍림아이원1차,26.94,202110,17,"16,000",15,2002,월곶중앙로70번길 11,,-,-
경기도 시흥시 월곶동,1010-4,1010,4,풍림아이원1차,26.94,202110,17,"16,500",18,2002,월곶중앙로70번길 11,,-,-
경기도 시흥시 월곶동,1010-4,1010,4,풍림아이원1차,26.94,202110,17,"17,000",11,2002,월곶중앙로70번길 11,,-,-
경기도 시흥시 월곶동,1010-1,1010,1,풍림아이원2차,37.918,202110,9,"27,500",3,2005,월곶중앙로14번길 87,,-,-
경기도 시흥시 월곶동,1010-1,1010,1,풍림아이원2차,37.918,202110,19,"28,900",11,2005,월곶중앙로14번길 87,,-,-
경기도 시흥시 은행동,549-1,549,1,대우푸르지오3차,59.913,202110,5,"37,000",15,1998,대은로 62,,-,-
경기도 시흥시 은행동,549-1,549,1,대우푸르지오3차,59.898,202110,28,"41,000",20,1998,은행로 107,,-,-
경기도 시흥시 은행동,599-1,599,1,대우푸르지오4차,84.7561,202110,8,"63,200",5,2004,은행로 93-1,,-,-
경기도 시흥시 은행동,241-1,241,1,산호,49.22,202110,7,"25,200",5,1989,수인로3247번길 30,,-,-
경기도 시흥시 은행동,538-2,538,2,시흥성원샹떼빌,59.73,202110,2,"36,000",18,1995,은행로149번길 3,,-,-
경기도 시흥시 은행동,538-2,538,2,시흥성원샹떼빌,59.73,202110,16,"35,500",14,1995,은행로149번길 3,,-,-
경기도 시흥시 은행동,538-2,538,2,시흥성원샹떼빌,37.8,202110,22,"23,400",3,1995,은행로149번길 3,,-,-
경기도 시흥시 은행동,621,621,0,시흥은계우미린더퍼스트,101.7298,202110,15,"90,000",23,2018,은계중앙로 115,,-,-
경기도 시흥시 은행동,621,621,0,시흥은계우미린더퍼스트,101.7298,202110,21,"92,000",2,2018,은계중앙로 115,,-,-
경기도 시흥시 은행동,661,661,0,시흥은계한양수자인더클래스,84.6698,202110,16,"83,000",27,2018,은계남로 11,,-,-
경기도 시흥시 은행동,BL-1,1,0,시흥은계호반써밋플레이스,84.044,202110,5,"83,800",5,2019,은계남로 12,,-,-
경기도 시흥시 은행동,BL-1,1,0,시흥은계호반써밋플레이스,101.0068,202110,8,"92,000",27,2019,은계남로 12,,-,-
경기도 시흥시 은행동,538-1,538,1,신명,48.84,202110,2,"27,800",7,1995,은행로149번길 13,,-,-
경기도 시흥시 은행동,538-1,538,1,신명,48.84,202110,7,"27,000",16,1995,은행로149번길 13,,-,-
경기도 시흥시 은행동,538-1,538,1,신명,59.88,202110,9,"35,800",15,1995,은행로149번길 13,,-,-
경기도 시흥시 은행동,538-1,538,1,신명,48.84,202110,13,"26,400",4,1995,은행로149번길 13,,-,-
경기도 시흥시 은행동,538-1,538,1,신명,48.84,202110,16,"26,200",19,1995,은행로149번길 13,,-,-
경기도 시흥시 은행동,620,620,0,은계브리즈힐,84.84,202110,2,"75,000",6,2019,은계중앙로 118,,-,-
경기도 시흥시 은행동,620,620,0,은계브리즈힐,74.91,202110,12,"71,400",20,2019,은계중앙로 118,,-,-
경기도 시흥시 은행동,620,620,0,은계브리즈힐,74.91,202110,22,"69,900",17,2019,은계중앙로 118,,-,-
경기도 시흥시 은행동,620,620,0,은계브리즈힐,84.84,202110,29,"75,000",12,2019,은계중앙로 118,,-,-
경기도 시흥시 은행동,619,619,0,은계센트럴타운,84.54,202110,5,"75,000",17,2017,은계중앙로 97,,-,-
경기도 시흥시 은행동,619,619,0,은계센트럴타운,51.96,202110,23,"52,500",6,2017,은계중앙로 97,,-,-
경기도 시흥시 은행동,619,619,0,은계센트럴타운,51.96,202110,25,"50,000",12,2017,은계중앙로 97,,-,-
경기도 시흥시 은행동,297,297,0,은행대우,40.38,202110,26,"11,000",1,1987,수인로3247번길 106-8,,-,-
경기도 시흥시 장곡동,804,804,0,동양덱스빌,59.94,202110,4,"35,000",4,1999,인선길 111,,-,-
경기도 시흥시 장곡동,807,807,0,숲속마을,59.965,202110,2,"41,000",12,1999,장곡로53번길 10,,-,-
경기도 시흥시 장곡동,807,807,0,숲속마을,59.965,202110,13,"42,900",16,1999,장곡로53번길 10,,-,-
경기도 시흥시 장곡동,811-3,811,3,연성쉐르빌,34.08,202110,2,"9,800",8,2002,인선길 46,,-,-
경기도 시흥시 장곡동,829,829,0,"진말삼환,한진",84.87,202110,19,"59,500",16,1999,진말로 46,,-,-
경기도 시흥시 장현동,540,540,0,새재마을청구,59.99,202110,8,"52,000",2,2001,시청로 71,,-,-
경기도 시흥시 장현동,542,542,0,장현II엔플러스빌,59.235,202110,2,"31,800",3,2004,새재로 3,,-,-
경기도 시흥시 장현동,542,542,0,장현II엔플러스빌,59.465,202110,11,"34,000",15,2004,새재로 3,,-,-
경기도 시흥시 정왕동,1785-1,1785,1,건영1,59.99,202110,1,"26,000",4,1997,중심상가로 285,,-,-
경기도 시흥시 정왕동,1785-1,1785,1,건영1,84.93,202110,1,"35,000",4,1997,중심상가로 285,,-,-
경기도 시흥시 정왕동,Jan-42,1942,1,계룡2,59.85,202110,13,"28,000",4,1998,정왕대로28번길 8,,-,-
경기도 시흥시 정왕동,Jan-42,1942,1,계룡2,59.85,202110,15,"23,500",5,1998,정왕대로28번길 8,,-,-
경기도 시흥시 정왕동,1789,1789,0,금강,84.84,202110,4,"45,500",10,1996,정왕대로266번길 6,,-,-
경기도 시흥시 정왕동,1863,1863,0,대림1,59.901,202110,5,"24,900",7,1998,정왕대로28번길 5,,-,-
경기도 시흥시 정왕동,1863,1863,0,대림1,59.903,202110,6,"31,700",10,1998,정왕대로28번길 5,,-,-
경기도 시흥시 정왕동,1863,1863,0,대림1,59.901,202110,6,"28,000",1,1998,정왕대로28번길 5,,-,-
경기도 시흥시 정왕동,1863,1863,0,대림1,59.901,202110,13,"28,000",4,1998,정왕대로28번길 5,,-,-
경기도 시흥시 정왕동,1851,1851,0,대림2,51.228,202110,2,"25,000",5,1998,중심상가로 74,,-,-
경기도 시흥시 정왕동,1851,1851,0,대림2,51.228,202110,8,"21,000",1,1998,중심상가로 74,,-,-
경기도 시흥시 정왕동,1878-8,1878,8,대림4,84.891,202110,8,"48,800",3,1997,함송로29번길 51,,-,-
경기도 시흥시 정왕동,1862,1862,0,동남,46.95,202110,4,"23,400",3,1998,정왕대로28번길 29,,-,-
경기도 시흥시 정왕동,1862,1862,0,동남,59.03,202110,21,"30,000",6,1998,정왕대로28번길 29,,-,-
경기도 시흥시 정왕동,1862,1862,0,동남,46.95,202110,29,"23,000",3,1998,정왕대로28번길 29,,-,-
경기도 시흥시 정왕동,1862,1862,0,동남,59.03,202110,30,"30,800",8,1998,정왕대로28번길 29,,-,-
경기도 시흥시 정왕동,Feb-42,1942,2,동보,25.04,202110,7,"11,000",1,1997,정왕대로28번길 28,,-,-
경기도 시흥시 정왕동,Feb-42,1942,2,동보,84.94,202110,28,"36,000",5,1997,정왕대로28번길 28,,-,-
경기도 시흥시 정왕동,1629,1629,0,무진,59.58,202110,4,"28,800",10,1995,중심상가로 350,,-,-
경기도 시흥시 정왕동,1629,1629,0,무진,59.58,202110,16,"28,000",2,1995,중심상가로 350,,-,-
경기도 시흥시 정왕동,1877-5,1877,5,보성,84.94,202110,6,"50,000",7,1998,함송로 63,,-,-
경기도 시흥시 정왕동,1877-5,1877,5,보성,41.97,202110,16,"28,300",3,1998,함송로 63,,-,-
경기도 시흥시 정왕동,1876-3,1876,3,부성파스텔,59.96,202110,1,"37,000",10,1997,옥구천동로 451,,-,-
경기도 시흥시 정왕동,1876-3,1876,3,부성파스텔,49.78,202110,11,"26,500",3,1997,옥구천동로 451,,-,-
경기도 시흥시 정왕동,1876-3,1876,3,부성파스텔,59.96,202110,15,"41,000",7,1997,옥구천동로 451,,-,-
경기도 시흥시 정왕동,1876-1,1876,1,삼환,51.74,202110,2,"26,400",1,1997,옥구천동로 433-26,,-,-
경기도 시흥시 정왕동,1876-1,1876,1,삼환,59.88,202110,2,"32,000",3,1997,옥구천동로 433-26,,-,-
경기도 시흥시 정왕동,1886-3,1886,3,서해1,84.98,202110,15,"45,000",5,1997,정왕신길로49번길 39,,-,-
경기도 시흥시 정왕동,1886-4,1886,4,서해2,103.07,202110,4,"43,000",10,1998,정왕신길로49번길 21,,-,-
경기도 시흥시 정왕동,1886-4,1886,4,서해2,103.07,202110,12,"55,000",6,1998,정왕신길로49번길 21,,-,-
경기도 시흥시 정왕동,1849-6,1849,6,세종3,124.77,202110,12,"55,000",8,1998,중심상가로 105,,-,-
경기도 시흥시 정왕동,Jan-40,1940,1,신동아,59.78,202110,8,"27,000",1,1996,정왕대로27번길 9,,-,-
경기도 시흥시 정왕동,Jan-40,1940,1,신동아,84.883,202110,16,"36,400",2,1996,정왕대로27번길 9,,-,-
경기도 시흥시 정왕동,1394,1394,0,아주,34.8,202110,12,"17,500",2,1994,정왕신길로139번길 4,,-,-
경기도 시흥시 정왕동,1394,1394,0,아주,34.8,202110,18,"18,000",19,1994,정왕신길로139번길 4,,-,-
경기도 시흥시 정왕동,1875-1,1875,1,영남1,59.983,202110,11,"27,950",2,1996,정왕신길로49번길 8,,-,-
경기도 시흥시 정왕동,1875-1,1875,1,영남1,59.983,202110,25,"27,000",3,1996,정왕신길로49번길 8,,-,-
경기도 시흥시 정왕동,1873-2,1873,2,영남2,59.908,202110,5,"33,700",4,1996,옥구천동로 420,,-,-
경기도 시흥시 정왕동,1872-4,1872,4,영남3,59.908,202110,22,"29,000",1,1996,역전로 353,,-,-
경기도 시흥시 정왕동,1394-2,1394,2,영남4,59.983,202110,6,"25,000",1,1996,정왕신길로139번길 16,,-,-
경기도 시흥시 정왕동,1394-2,1394,2,영남4,59.908,202110,8,"31,000",6,1996,정왕신길로139번길 16,,-,-
경기도 시흥시 정왕동,1394-2,1394,2,영남4,59.908,202110,14,"31,000",10,1996,정왕신길로139번길 16,,-,-
경기도 시흥시 정왕동,1394-2,1394,2,영남4,59.908,202110,15,"31,000",3,1996,정왕신길로139번길 16,,-,-
경기도 시흥시 정왕동,1394-2,1394,2,영남4,59.908,202110,25,"30,700",6,1996,정왕신길로139번길 16,,-,-
경기도 시흥시 정왕동,1790,1790,0,영남6,59.99,202110,1,"37,000",10,1997,중심상가로 224,,-,-
경기도 시흥시 정왕동,1790,1790,0,영남6,59.99,202110,6,"35,500",5,1997,중심상가로 224,,-,-
경기도 시흥시 정왕동,1790,1790,0,영남6,59.99,202110,16,"33,500",1,1997,중심상가로 224,,-,-
경기도 시흥시 정왕동,1790,1790,0,영남6,59.99,202110,16,"33,500",1,1997,중심상가로 224,20211021,-,-
경기도 시흥시 정왕동,1870-3,1870,3,영화하이닉스,84.3,202110,5,"40,000",7,2002,정왕대로143번길 35,,-,-
경기도 시흥시 정왕동,1870-3,1870,3,영화하이닉스,66.99,202110,13,"35,200",5,2002,정왕대로143번길 35,,-,-
경기도 시흥시 정왕동,1850,1850,0,요진,59.856,202110,4,"31,400",9,1997,중심상가로 77,,-,-
경기도 시흥시 정왕동,1850,1850,0,요진,59.856,202110,6,"29,400",4,1997,중심상가로 77,,-,-
경기도 시흥시 정왕동,1873-3,1873,3,월드,47.455,202110,11,"25,500",5,1995,옥구천동로 404,,-,-
경기도 시흥시 정왕동,1868,1868,0,주공2,59.88,202110,26,"29,000",2,1997,정왕대로117번길 9,,-,-
경기도 시흥시 정왕동,1869,1869,0,주공3,84.64,202110,4,"42,000",3,1997,정왕대로117번길 31,,-,-
경기도 시흥시 정왕동,1869,1869,0,주공3,59.67,202110,6,"28,500",2,1997,정왕대로117번길 31,,-,-
경기도 시흥시 정왕동,1869,1869,0,주공3,84.7,202110,12,"43,000",6,1997,정왕대로117번길 31,,-,-
경기도 시흥시 정왕동,1844,1844,0,주공5,84.64,202110,6,"35,500",5,1998,정왕대로143번길 8,,-,-
경기도 시흥시 정왕동,1844,1844,0,주공5,59.62,202110,11,"33,500",4,1998,정왕대로143번길 8,,-,-
경기도 시흥시 정왕동,1844,1844,0,주공5,59.56,202110,14,"30,500",8,1998,정왕대로143번길 8,,-,-
경기도 시흥시 정왕동,1844,1844,0,주공5,59.62,202110,30,"33,500",6,1998,정왕대로143번길 8,,-,-
경기도 시흥시 정왕동,1848-4,1848,4,진로,59.286,202110,5,"30,200",4,1997,중심상가로 106,,-,-
경기도 시흥시 정왕동,1848-4,1848,4,진로,59.286,202110,12,"30,500",2,1997,중심상가로 106,,-,-
경기도 시흥시 정왕동,1848-4,1848,4,진로,59.78,202110,28,"25,500",5,1997,중심상가로 106,,-,-
경기도 시흥시 정왕동,1847,1847,0,청솔아파트,48.45,202110,1,"23,300",6,1999,중심상가로 128,,-,-
경기도 시흥시 정왕동,1847,1847,0,청솔아파트,48.45,202110,1,"23,000",1,1999,중심상가로 128,,-,-
경기도 시흥시 정왕동,1847,1847,0,청솔아파트,48.45,202110,4,"23,700",5,1999,중심상가로 128,,-,-
경기도 시흥시 정왕동,1847,1847,0,청솔아파트,48.45,202110,13,"25,000",7,1999,중심상가로 128,,-,-
경기도 시흥시 정왕동,1847,1847,0,청솔아파트,48.45,202110,20,"23,800",2,1999,중심상가로 128,,-,-
경기도 시흥시 정왕동,1847,1847,0,청솔아파트,48.45,202110,25,"23,500",8,1999,중심상가로 128,,-,-
경기도 시흥시 정왕동,1872-6,1872,6,한신공영,84.95,202110,20,"39,700",2,1996,정왕신길로111번길 8,,-,-
경기도 시흥시 정왕동,1865,1865,0,한일,84.76,202110,15,"40,700",4,1996,정왕대로53번길 29,,-,-
경기도 시흥시 조남동,706,706,0,목감퍼스트리움,59.47,202110,8,"64,800",10,2015,목감둘레로 229-10,,-,-
경기도 시흥시 조남동,669,669,0,목감한신더휴센트럴파크,84.99,202110,2,"70,000",15,2017,목감남서로 35,,-,-
경기도 시흥시 조남동,669,669,0,목감한신더휴센트럴파크,84.99,202110,14,"70,000",21,2017,목감남서로 35,,-,-
경기도 시흥시 조남동,669,669,0,목감한신더휴센트럴파크,84.99,202110,27,"81,000",21,2017,목감남서로 35,,-,-
경기도 시흥시 조남동,721,721,0,시흥목감C1BL호반베르디움더클래스,102.8064,202110,8,"104,000",20,2018,수풀안길 19-30,,-,-
경기도 시흥시 죽율동,759,759,0,시흥6차푸르지오1단지,59.98,202110,9,"42,000",22,2014,죽율로 45-10,,-,-
경기도 시흥시 죽율동,759,759,0,시흥6차푸르지오1단지,84.99,202110,19,"50,000",15,2014,죽율로 45-10,,-,-
경기도 시흥시 죽율동,752,752,0,시흥6차푸르지오2단지,84.98,202110,19,"46,500",6,2013,죽율로 36,,-,-
경기도 시흥시 죽율동,752,752,0,시흥6차푸르지오2단지,84.98,202110,22,"47,000",15,2013,죽율로 36,,-,-
경기도 시흥시 포동,1-76,1,76,무궁화,45.45,202110,9,"29,000",3,1988,신현로12번길 6,,-,-
경기도 시흥시 포동,03월 13일,13,3,산과우리들포동태산,84.03,202110,23,"39,400",14,1993,신현로38번길 23,,-,-
경기도 시흥시 하중동,826-1,826,1,관곡마을동아,60,202110,16,"35,000",14,2000,하중로133번길 19,,-,-
경기도 시흥시 하중동,826-1,826,1,관곡마을동아,60,202110,20,"34,000",5,2000,하중로133번길 19,,-,-
경기도 시흥시 하중동,858,858,0,대우4,84.4777,202110,2,"50,000",11,2002,연성로13번길 36,,-,-
경기도 시흥시 하중동,858,858,0,대우4,84.3188,202110,18,"50,000",7,2002,연성로13번길 36,,-,-
경기도 시흥시 하중동,878-4,878,4,데코빌,20,202110,2,"6,400",8,2003,연성로13번길 5-2,,-,-
경기도 시흥시 하중동,878-4,878,4,데코빌,39.6,202110,22,"12,000",12,2003,연성로13번길 5-2,,-,-
경기도 시흥시 하중동,878-1,878,1,유호NPLUSVILLE,35.025,202110,4,"13,000",8,2004,연성로13번길 11,,-,-
경기도 시흥시 하중동,877-3,877,3,제나하임아파트,57.94,202110,7,"19,700",6,2016,연성로13번길 5-8,,-,-
경기도 안산단원구 고잔동,852,852,0,고잔롯데캐슬골드파크,59.98,202110,15,"63,300",3,2018,적금로 164,,-,-
경기도 안산단원구 고잔동,852,852,0,고잔롯데캐슬골드파크,59.97,202110,16,"63,000",26,2018,적금로 164,,-,-
경기도 안산단원구 고잔동,714,714,0,단원마을금강펜테리움,84.694,202110,2,"60,900",10,2002,광덕서로 43,,-,-
경기도 안산단원구 고잔동,782,782,0,안산레이크타운푸르지오,98.8302,202110,4,"132,000",28,2016,광덕동로 25,,-,-
경기도 안산단원구 고잔동,780,780,0,양지마을,84.838,202110,20,"59,900",7,2001,157,,-,-
경기도 안산단원구 고잔동,672,672,0,주공(9단지),66.38,202110,2,"48,500",10,1986,당곡2로 30,,-,-
경기도 안산단원구 고잔동,672,672,0,주공(9단지),66.38,202110,2,"48,500",10,1986,당곡2로 30,20211105,-,-
경기도 안산단원구 고잔동,674,674,0,주공5,47.01,202110,4,"59,900",2,1986,당곡1로 9,,-,-
경기도 안산단원구 고잔동,676-2,676,2,주공6,39.72,202110,15,"45,900",1,1986,예술대학로 105,,-,-
경기도 안산단원구 고잔동,670,670,0,주공7,61.52,202110,4,"43,000",11,1987,당곡3로 3,,-,-
경기도 안산단원구 고잔동,670,670,0,주공7,61.52,202110,5,"43,000",6,1987,당곡3로 3,,-,-
경기도 안산단원구 고잔동,670,670,0,주공7,64.62,202110,9,"45,000",7,1987,당곡3로 3,,-,-
경기도 안산단원구 고잔동,671,671,0,주공8,75.51,202110,9,"49,500",11,1987,당곡2로 29,,-,-
경기도 안산단원구 고잔동,671,671,0,주공8,54.9,202110,11,"35,000",7,1987,당곡2로 29,,-,-
경기도 안산단원구 고잔동,671,671,0,주공8,54.9,202110,13,"35,500",1,1987,당곡2로 29,,-,-
경기도 안산단원구 고잔동,671,671,0,주공8,75.51,202110,18,"50,000",14,1987,당곡2로 29,,-,-
경기도 안산단원구 고잔동,671,671,0,주공8,54.9,202110,18,"37,500",4,1987,당곡2로 29,,-,-
경기도 안산단원구 고잔동,766,766,0,주공그린빌8,75.79,202110,5,"59,800",7,2001,광덕2로 241,,-,-
경기도 안산단원구 고잔동,766,766,0,주공그린빌8,75.62,202110,13,"55,250",2,2001,광덕2로 241,,-,-
경기도 안산단원구 고잔동,765,765,0,주공그린빌9,75.62,202110,3,"55,000",6,2001,안산천남로 245,,-,-
경기도 안산단원구 고잔동,765,765,0,주공그린빌9,75.62,202110,13,"56,200",4,2001,안산천남로 245,,-,-
경기도 안산단원구 고잔동,765,765,0,주공그린빌9,75.58,202110,18,"52,500",1,2001,안산천남로 245,,-,-
경기도 안산단원구 고잔동,728,728,0,푸르지오3차,84.96,202110,2,"71,000",16,2003,광덕3로 201,,-,-
경기도 안산단원구 고잔동,728,728,0,푸르지오3차,71.55,202110,11,"63,500",11,2003,광덕3로 201,,-,-
경기도 안산단원구 고잔동,702,702,0,푸르지오4차,77.8241,202110,19,"57,900",6,2003,적금로 76,,-,-
경기도 안산단원구 고잔동,720,720,0,호수공원(대림1),87.152,202110,1,"61,000",2,2001,광덕서로 19,,-,-
경기도 안산단원구 고잔동,720,720,0,호수공원(대림1),87.152,202110,19,"70,800",12,2001,광덕서로 19,,-,-
경기도 안산단원구 고잔동,720,720,0,호수공원(대림1),117.92,202110,20,"76,000",20,2001,광덕서로 19,,-,-
경기도 안산단원구 고잔동,853,853,0,힐스테이트중앙,59.9929,202110,2,"72,200",24,2018,고잔로 81,,-,-
경기도 안산단원구 고잔동,853,853,0,힐스테이트중앙,59.9633,202110,6,"73,000",13,2018,고잔로 81,,-,-
경기도 안산단원구 고잔동,853,853,0,힐스테이트중앙,59.9929,202110,13,"72,000",18,2018,고잔로 81,,-,-
경기도 안산단원구 고잔동,853,853,0,힐스테이트중앙,59.9633,202110,16,"74,000",18,2018,고잔로 81,,-,-
경기도 안산단원구 선부동,1085,1085,0,공작한양(고층),42.615,202110,11,"22,000",1,1992,선부로 166,,-,-
경기도 안산단원구 선부동,1085,1085,0,공작한양(고층),84.88,202110,13,"44,000",6,1992,선부로 166,,-,-
경기도 안산단원구 선부동,1085,1085,0,공작한양(고층),84.88,202110,19,"44,500",12,1992,선부로 166,,-,-
경기도 안산단원구 선부동,1085,1085,0,공작한양(고층),28.215,202110,23,"18,000",13,1992,선부로 166,,-,-
경기도 안산단원구 선부동,1085,1085,0,공작한양(고층),42.615,202110,27,"21,500",15,1992,선부로 166,,-,-
경기도 안산단원구 선부동,1085,1085,0,공작한양(고층),42.615,202110,31,"23,800",7,1992,선부로 166,,-,-
경기도 안산단원구 선부동,1085,1085,0,공작한양(저층),70.0025,202110,7,"35,000",2,1992,선부로 166,,-,-
경기도 안산단원구 선부동,1085,1085,0,공작한양(저층),70.0025,202110,9,"37,700",1,1992,선부로 166,,-,-
경기도 안산단원구 선부동,1085,1085,0,공작한양(저층),50.085,202110,19,"29,000",2,1992,선부로 166,,-,-
경기도 안산단원구 선부동,1085,1085,0,공작한양(저층),50.085,202110,30,"26,500",4,1992,선부로 166,,-,-
경기도 안산단원구 선부동,1069,1069,0,군자주공10,46.98,202110,1,"40,000",1,1989,석수로 6,,-,-
경기도 안산단원구 선부동,1069,1069,0,군자주공10,46.65,202110,6,"42,000",4,1989,석수로 6,,-,-
경기도 안산단원구 선부동,1069,1069,0,군자주공10,46.98,202110,7,"43,000",3,1989,석수로 6,,-,-
경기도 안산단원구 선부동,1069,1069,0,군자주공10,46.98,202110,14,"41,000",1,1989,석수로 6,,-,-
경기도 안산단원구 선부동,1078,1078,0,군자주공11,39.27,202110,5,"37,000",4,1990,선부광장남로 111,,-,-
경기도 안산단원구 선부동,1078,1078,0,군자주공11,46.65,202110,16,"40,000",1,1990,선부광장남로 111,,-,-
경기도 안산단원구 선부동,1078,1078,0,군자주공12,44.94,202110,1,"36,000",6,1991,선부광장남로 113,,-,-
경기도 안산단원구 선부동,1078,1078,0,군자주공12,38.64,202110,1,"34,000",9,1991,선부광장남로 113,,-,-
경기도 안산단원구 선부동,1078,1078,0,군자주공12,44.94,202110,2,"37,000",3,1991,선부광장남로 113,,-,-
경기도 안산단원구 선부동,1078,1078,0,군자주공12,44.94,202110,6,"36,500",8,1991,선부광장남로 113,,-,-
경기도 안산단원구 선부동,1080,1080,0,군자주공15(고층),49.94,202110,15,"40,000",12,1993,선부광장1로 81,,-,-
경기도 안산단원구 선부동,1080,1080,0,군자주공15(저층),46.99,202110,1,"26,000",2,1992,선부광장1로 81,,-,-
경기도 안산단원구 선부동,1080,1080,0,군자주공15(저층),39.61,202110,6,"30,500",2,1992,선부광장1로 81,,-,-
경기도 안산단원구 선부동,967,967,0,군자주공9,39.66,202110,2,"36,500",3,1989,선부광장1로 9,,-,-
경기도 안산단원구 선부동,967,967,0,군자주공9,39.27,202110,9,"37,000",3,1989,선부광장1로 9,,-,-
경기도 안산단원구 선부동,967,967,0,군자주공9,39.27,202110,10,"37,000",3,1989,선부광장1로 9,,-,-
경기도 안산단원구 선부동,1082,1082,0,동명벽산블루밍,74.02,202110,7,"54,500",8,2010,선부광장북로 36,,-,-
경기도 안산단원구 선부동,1081,1081,0,산호한양,29.2725,202110,6,"18,700",6,1993,달미로 10,,-,-
경기도 안산단원구 선부동,1081,1081,0,산호한양,42.615,202110,8,"21,000",2,1993,달미로 10,,-,-
경기도 안산단원구 선부동,1081,1081,0,산호한양,42.615,202110,8,"25,000",15,1993,달미로 10,,-,-
경기도 안산단원구 선부동,1081,1081,0,산호한양,42.615,202110,8,"23,000",7,1993,달미로 10,,-,-
경기도 안산단원구 선부동,1081,1081,0,산호한양,42.615,202110,9,"26,000",14,1993,달미로 10,,-,-
경기도 안산단원구 선부동,1081,1081,0,산호한양,29.2725,202110,11,"19,000",8,1993,달미로 10,,-,-
경기도 안산단원구 선부동,1081,1081,0,산호한양,29.2725,202110,12,"17,000",1,1993,달미로 10,,-,-
경기도 안산단원구 선부동,1081,1081,0,산호한양,42.615,202110,16,"22,800",14,1993,달미로 10,,-,-
경기도 안산단원구 선부동,1081,1081,0,산호한양,42.615,202110,26,"20,900",5,1993,달미로 10,,-,-
경기도 안산단원구 선부동,1086,1086,0,수정한양,49.98,202110,5,"27,000",4,1991,선부광장북로 67,,-,-
경기도 안산단원구 선부동,1086,1086,0,수정한양,49.98,202110,9,"26,000",3,1991,선부광장북로 67,,-,-
경기도 안산단원구 선부동,1086,1086,0,수정한양,73.9118,202110,19,"41,000",14,1991,선부광장북로 67,,-,-
경기도 안산단원구 선부동,1177,1177,0,안산메트로타운푸르지오힐스테이트,74.4993,202110,1,"58,000",23,2018,석수로 138,,-,-
경기도 안산단원구 선부동,1177,1177,0,안산메트로타운푸르지오힐스테이트,84.9123,202110,2,"62,800",2,2018,석수로 138,,-,-
경기도 안산단원구 선부동,1177,1177,0,안산메트로타운푸르지오힐스테이트,74.7692,202110,7,"59,400",17,2018,석수로 138,,-,-
경기도 안산단원구 선부동,1177,1177,0,안산메트로타운푸르지오힐스테이트,59.8167,202110,9,"48,500",28,2018,석수로 138,,-,-
경기도 안산단원구 선부동,1177,1177,0,안산메트로타운푸르지오힐스테이트,74.6673,202110,9,"57,000",23,2018,석수로 138,,-,-
경기도 안산단원구 선부동,1177,1177,0,안산메트로타운푸르지오힐스테이트,59.8167,202110,28,"50,000",23,2018,석수로 138,,-,-
경기도 안산단원구 신길동,1445,1445,0,두산위브,59.991,202110,14,"34,000",12,2004,새뿔길 42,,-,-
경기도 안산단원구 신길동,1445,1445,0,두산위브,84.866,202110,15,"30,000",19,2004,새뿔길 42,,-,-
경기도 안산단원구 신길동,1438,1438,0,삼익,84.96,202110,15,"35,000",2,1998,새뿔길 54,,-,-
경기도 안산단원구 신길동,1438,1438,0,삼익,84.96,202110,18,"37,000",22,1998,새뿔길 54,,-,-
경기도 안산단원구 신길동,1446,1446,0,안산신길온천역휴먼빌,59.8411,202110,19,"37,500",17,2005,신각길 18,,-,-
경기도 안산단원구 신길동,1679,1679,0,안산아이파크,84.09,202110,7,"54,000",2,2013,도일로 46,,-,-
경기도 안산단원구 신길동,1447,1447,0,휴먼빌2차,84.704,202110,16,"50,000",8,2007,신각길 44,,-,-
경기도 안산단원구 신길동,1447,1447,0,휴먼빌2차,84.704,202110,25,"49,300",12,2007,신각길 44,,-,-
경기도 안산단원구 신길동,1518,1518,0,휴먼시아3단지,84.87,202110,12,"44,800",10,2009,새뿔길 101,,-,-
경기도 안산단원구 신길동,1537,1537,0,휴먼시아4단지,84.82,202110,4,"47,000",13,2012,도일로 60-34,,-,-
경기도 안산단원구 신길동,1563,1563,0,휴먼시아6단지,84.91,202110,4,"45,000",12,2009,신길로 62,,-,-
경기도 안산단원구 원곡동,938,938,0,경남아너스빌,84.99,202110,11,"49,650",3,2005,원선1로 61,,-,-
경기도 안산단원구 원곡동,828-5,828,5,벽산블루밍,73.8,202110,6,"47,800",11,2004,원선로 50,,-,-
경기도 안산단원구 원곡동,828-5,828,5,벽산블루밍,84.99,202110,12,"49,300",10,2004,원선로 50,,-,-
경기도 안산단원구 원곡동,828-5,828,5,벽산블루밍,59.95,202110,24,"45,000",23,2004,원선로 50,,-,-
경기도 안산단원구 원곡동,937,937,0,안산8차푸르지오,59.9624,202110,4,"43,700",20,2006,원초로 9,,-,-
경기도 안산단원구 원곡동,937,937,0,안산8차푸르지오,84.9897,202110,7,"55,000",11,2006,원초로 9,,-,-
경기도 안산단원구 원곡동,937,937,0,안산8차푸르지오,114.9794,202110,8,"60,000",13,2006,원초로 9,,-,-
경기도 안산단원구 원곡동,1001,1001,0,초지역메이저타운푸르지오에코단지,49.4932,202110,5,"59,500",20,2019,원선1로 10,,-,-
경기도 안산단원구 원곡동,1001,1001,0,초지역메이저타운푸르지오에코단지,59.9084,202110,13,"75,000",35,2019,원선1로 10,,-,-
경기도 안산단원구 초지동,736,736,0,그린빌15(해맑음마을),49.74,202110,9,"32,700",8,2002,초지2로 41,,-,-
경기도 안산단원구 초지동,736,736,0,그린빌15(해맑음마을),40.83,202110,12,"21,500",4,2002,초지2로 41,20211103,-,-
경기도 안산단원구 초지동,738,738,0,그린빌18,49.86,202110,1,"26,000",4,2001,초지2로 14,,-,-
경기도 안산단원구 초지동,738,738,0,그린빌18,49.86,202110,1,"31,000",6,2001,초지2로 14,,-,-
경기도 안산단원구 초지동,738,738,0,그린빌18,49.41,202110,2,"28,000",3,2001,초지2로 14,,-,-
경기도 안산단원구 초지동,738,738,0,그린빌18,59.42,202110,5,"37,000",7,2001,초지2로 14,,-,-
경기도 안산단원구 초지동,738,738,0,그린빌18,49.41,202110,16,"26,000",3,2001,초지2로 14,,-,-
경기도 안산단원구 초지동,796,796,0,두산위브,84.98,202110,4,"71,000",2,2015,원선1로 38,,-,-
경기도 안산단원구 초지동,796,796,0,두산위브,59.98,202110,4,"58,500",26,2015,원선1로 38,,-,-
경기도 안산단원구 초지동,796,796,0,두산위브,84.98,202110,13,"69,000",3,2015,원선1로 38,,-,-
경기도 안산단원구 초지동,796,796,0,두산위브,84.98,202110,23,"74,000",15,2015,원선1로 38,,-,-
경기도 안산단원구 초지동,801,801,0,롯데캐슬더퍼스트,84.97,202110,8,"79,500",29,2018,원초로 61,,-,-
경기도 안산단원구 초지동,741,741,0,서해그랑블,100.994,202110,16,"56,800",14,2004,초지1로 78,,-,-
경기도 안산단원구 초지동,741,741,0,서해그랑블,71.939,202110,21,"50,500",9,2004,초지1로 78,,-,-
경기도 안산단원구 초지동,741,741,0,서해그랑블,71.939,202110,23,"51,000",3,2004,초지1로 78,,-,-
경기도 안산단원구 초지동,730,730,0,주공그린빌12,75.99,202110,6,"52,500",11,2003,광덕2로 74,,-,-
경기도 안산단원구 초지동,730,730,0,주공그린빌12,84.99,202110,10,"53,000",7,2003,광덕2로 74,,-,-
경기도 안산단원구 초지동,730,730,0,주공그린빌12,84.99,202110,16,"54,000",3,2003,광덕2로 74,,-,-
경기도 안산단원구 초지동,724,724,0,주공그린빌13단지,51.89,202110,2,"36,500",7,2002,광덕2로 17,,-,-
경기도 안산단원구 초지동,724,724,0,주공그린빌13단지,39.89,202110,6,"23,000",4,2002,광덕2로 17,,-,-
경기도 안산단원구 초지동,724,724,0,주공그린빌13단지,51.89,202110,22,"35,000",9,2002,광덕2로 17,,-,-
경기도 안산단원구 초지동,725,725,0,주공그린빌14단지,48.33,202110,16,"28,000",1,2002,광덕2로 32,,-,-
경기도 안산단원구 초지동,725,725,0,주공그린빌14단지,40.62,202110,16,"22,700",1,2002,광덕2로 32,,-,-
경기도 안산단원구 초지동,803,803,0,초지역메이저타운푸르지오메트로단지,59.9132,202110,5,"77,400",19,2019,화랑로 170,,-,-
경기도 안산단원구 초지동,803,803,0,초지역메이저타운푸르지오메트로단지,84.5027,202110,9,"98,000",26,2019,화랑로 170,,-,-
경기도 안산단원구 초지동,731,731,0,호수마을풍림,101.99,202110,1,"59,500",2,2000,광덕1로 80,,-,-
경기도 안산단원구 초지동,731,731,0,호수마을풍림,142.78,202110,2,"67,500",22,2000,광덕1로 80,,-,-
경기도 안산단원구 초지동,731,731,0,호수마을풍림,74.35,202110,7,"50,500",9,2000,광덕1로 80,,-,-
경기도 안산단원구 초지동,731,731,0,호수마을풍림,142.78,202110,8,"74,000",15,2000,광덕1로 80,,-,-
경기도 안산단원구 초지동,731,731,0,호수마을풍림,84.96,202110,11,"52,000",5,2000,광덕1로 80,,-,-
경기도 안산단원구 초지동,731,731,0,호수마을풍림,84.96,202110,14,"51,000",1,2000,광덕1로 80,,-,-
경기도 안산단원구 초지동,731,731,0,호수마을풍림,74.35,202110,15,"48,000",9,2000,광덕1로 80,,-,-
경기도 안산단원구 초지동,731,731,0,호수마을풍림,101.99,202110,18,"59,900",11,2000,광덕1로 80,,-,-
경기도 안산단원구 초지동,731,731,0,호수마을풍림,142.78,202110,23,"72,700",5,2000,광덕1로 80,,-,-
경기도 안산단원구 초지동,731,731,0,호수마을풍림,84.96,202110,26,"51,700",6,2000,광덕1로 80,,-,-
경기도 안산상록구 건건동,536-40,536,40,(536-40),16.97,202110,4,"9,300",4,2013,건건로 119-9,,-,-
경기도 안산상록구 건건동,536-40,536,40,(536-40),17.86,202110,13,"9,300",5,2013,건건로 119-9,,-,-
경기도 안산상록구 건건동,987,987,0,건건e-편한세상,84.9356,202110,16,"70,700",13,2006,건건8길 10,,-,-
경기도 안산상록구 건건동,987,987,0,건건e-편한세상,84.9356,202110,27,"36,300",19,2006,건건8길 10,,-,-
경기도 안산상록구 건건동,894-1,894,1,인정프린스,53.76,202110,1,"12,500",1,1990,건지미길 15-28,,-,-
경기도 안산상록구 건건동,894-1,894,1,인정프린스,43.14,202110,21,"8,910",1,1990,건지미길 15-28,,-,-
경기도 안산상록구 본오동,948-7,948,7,그린시아,84.88,202110,26,"29,500",6,2010,이호로5길 3,,-,-
경기도 안산상록구 본오동,880,880,0,반월한양,42.615,202110,1,"25,000",4,1990,반석로 8,,-,-
경기도 안산상록구 본오동,880,880,0,반월한양,156.81,202110,5,"56,000",2,1990,반석로 8,,-,-
경기도 안산상록구 본오동,880,880,0,반월한양,84.92,202110,9,"46,500",11,1990,반석로 8,,-,-
경기도 안산상록구 본오동,880,880,0,반월한양,58.5439,202110,14,"35,200",1,1990,반석로 8,,-,-
경기도 안산상록구 본오동,880,880,0,반월한양,58.5439,202110,23,"29,000",3,1990,반석로 8,,-,-
경기도 안산상록구 본오동,880,880,0,반월한양,84.92,202110,25,"44,500",2,1990,반석로 8,,-,-
경기도 안산상록구 본오동,879,879,0,본오주공,59.15,202110,5,"37,000",4,1996,본삼로 8,,-,-
경기도 안산상록구 본오동,879,879,0,본오주공,59.51,202110,13,"40,000",1,1996,본삼로 8,,-,-
경기도 안산상록구 본오동,879,879,0,본오주공,59.15,202110,16,"37,800",4,1996,본삼로 8,,-,-
경기도 안산상록구 본오동,871,871,0,신안1,62.4,202110,1,"32,800",3,1993,반석로 44,,-,-
경기도 안산상록구 본오동,871,871,0,신안1,84.92,202110,6,"41,800",6,1993,반석로 44,,-,-
경기도 안산상록구 본오동,871,871,0,신안1,62.4,202110,6,"31,500",2,1993,반석로 44,,-,-
경기도 안산상록구 본오동,871,871,0,신안1,84.92,202110,7,"38,500",5,1993,반석로 44,,-,-
경기도 안산상록구 본오동,871,871,0,신안1,146.25,202110,12,"49,700",5,1993,반석로 44,,-,-
경기도 안산상록구 본오동,871,871,0,신안1,62.4,202110,16,"28,500",2,1993,반석로 44,,-,-
경기도 안산상록구 본오동,871,871,0,신안1,62.4,202110,16,"28,500",2,1993,반석로 44,20211104,-,-
경기도 안산상록구 본오동,871,871,0,신안1,62.4,202110,20,"32,900",5,1993,반석로 44,,-,-
경기도 안산상록구 본오동,871,871,0,신안1,84.92,202110,27,"42,700",3,1993,반석로 44,,-,-
경기도 안산상록구 본오동,872-20,872,20,우성,45.77,202110,19,"27,000",5,1990,본오로 145,,-,-
경기도 안산상록구 본오동,872,872,0,월드,38.88,202110,7,"37,800",5,1988,본삼로 48,,-,-
경기도 안산상록구 본오동,879-15,879,15,태영,84.99,202110,12,"45,700",1,1991,충장로 198,,-,-
경기도 안산상록구 본오동,879-15,879,15,태영,76.87,202110,19,"40,000",5,1991,충장로 198,,-,-
경기도 안산상록구 사동,1345,1345,0,SK선경,74.935,202110,1,"39,500",2,1994,감골2로 58,,-,-
경기도 안산상록구 사동,1345,1345,0,SK선경,164.01,202110,14,"38,000",10,1994,감골2로 58,,-,-
경기도 안산상록구 사동,1345,1345,0,SK선경,164.01,202110,21,"61,700",21,1994,감골2로 58,,-,-
경기도 안산상록구 사동,1423,1423,0,e편한세상상록,74.506,202110,4,"53,000",37,2019,항가울로 28,,-,-
경기도 안산상록구 사동,1639-7,1639,7,그랑시티자이,84.908,202110,17,"86,500",15,2020,해양4로 31,,-,-
경기도 안산상록구 사동,1639-7,1639,7,그랑시티자이,84.908,202110,28,"83,000",32,2020,해양4로 31,,-,-
경기도 안산상록구 사동,1197,1197,0,그린시아아파트101동,84.16,202110,2,"26,500",6,2012,서암로 4,20211014,-,-
경기도 안산상록구 사동,1197,1197,0,그린시아아파트101동,84.16,202110,2,"26,500",6,2012,서암로 4,,-,-
경기도 안산상록구 사동,1533,1533,0,늘푸른,70.92,202110,1,"52,000",3,1999,중보로 22,,-,-
경기도 안산상록구 사동,1533,1533,0,늘푸른,70.92,202110,2,"51,400",3,1999,중보로 22,,-,-
경기도 안산상록구 사동,1506,1506,0,본오,38.13,202110,2,"17,000",14,1992,선진로 108,,-,-
경기도 안산상록구 사동,1506,1506,0,본오,38.13,202110,5,"13,000",6,1992,선진로 108,,-,-
경기도 안산상록구 사동,1506,1506,0,본오,42.51,202110,9,"17,750",8,1992,선진로 108,,-,-
경기도 안산상록구 사동,1506,1506,0,본오,38.13,202110,25,"16,000",9,1992,선진로 108,,-,-
경기도 안산상록구 사동,1506,1506,0,본오,38.13,202110,28,"15,000",5,1992,선진로 108,,-,-
경기도 안산상록구 사동,1514,1514,0,상록마을,84.669,202110,13,"46,000",4,1999,삼리로 23,,-,-
경기도 안산상록구 사동,1553,1553,0,숲속마을,84.32,202110,15,"54,000",5,1999,삼리로 24,,-,-
경기도 안산상록구 사동,1553,1553,0,숲속마을,84.32,202110,15,"48,200",5,1999,삼리로 24,,-,-
경기도 안산상록구 사동,1344-1,1344,1,신우,84.7,202110,2,"37,500",5,1994,감골로 83,,-,-
경기도 안산상록구 사동,1512,1512,0,안산고잔6차푸르지오,100.207,202110,5,"69,700",12,2005,해양1로 11,,-,-
경기도 안산상록구 사동,1512,1512,0,안산고잔6차푸르지오,100.207,202110,6,"76,000",15,2005,해양1로 11,,-,-
경기도 안산상록구 사동,1512,1512,0,안산고잔6차푸르지오,100.207,202110,11,"71,000",4,2005,해양1로 11,,-,-
경기도 안산상록구 사동,1512,1512,0,안산고잔6차푸르지오,120.651,202110,16,"79,000",11,2005,해양1로 11,,-,-
경기도 안산상록구 사동,1512,1512,0,안산고잔6차푸르지오,88.982,202110,19,"58,800",1,2005,해양1로 11,,-,-
경기도 안산상록구 사동,1510,1510,0,안산고잔7차푸르지오,153.351,202110,27,"85,000",20,2005,해양1로 30,,-,-
경기도 안산상록구 사동,1511,1511,0,안산고잔9차푸르지오,101.9284,202110,4,"72,500",8,2007,해양로 16,,-,-
경기도 안산상록구 사동,1511,1511,0,안산고잔9차푸르지오,101.9284,202110,6,"69,800",23,2007,해양로 16,,-,-
경기도 안산상록구 사동,1511,1511,0,안산고잔9차푸르지오,101.9284,202110,28,"73,000",16,2007,해양로 16,,-,-
경기도 안산상록구 사동,1318-4,1318,4,엘리지움,110.6,202110,12,"39,000",16,2010,석호로 204,,-,-
경기도 안산상록구 사동,1345-1,1345,1,요진,130.29,202110,8,"53,000",13,1994,감골2로 47,,-,-
경기도 안산상록구 사동,1346,1346,0,월드메르디앙,59.935,202110,2,"28,900",1,1993,감골로 59,,-,-
경기도 안산상록구 사동,1346,1346,0,월드메르디앙,84.995,202110,2,"43,000",4,1993,감골로 59,,-,-
경기도 안산상록구 사동,1346,1346,0,월드메르디앙,140.225,202110,5,"50,500",1,1993,감골로 59,,-,-
경기도 안산상록구 사동,1532,1532,0,푸른마을주공2,84.79,202110,1,"43,000",5,2000,중보로 16,,-,-
경기도 안산상록구 사동,1538-1,1538,1,푸른마을주공3,49.56,202110,9,"28,000",10,2000,삼리로 86,,-,-
경기도 안산상록구 사동,1538-1,1538,1,푸른마을주공3,59.65,202110,11,"37,500",7,2000,삼리로 86,,-,-
경기도 안산상록구 사동,1538-1,1538,1,푸른마을주공3,59.65,202110,11,"37,500",7,2000,삼리로 86,,-,-
경기도 안산상록구 사동,1537,1537,0,푸른마을주공4,49.56,202110,23,"32,000",4,2000,용하공원로 7,,-,-
경기도 안산상록구 사동,1536,1536,0,푸른마을주공5,49.99,202110,2,"31,500",2,2000,광덕4로 460,,-,-
경기도 안산상록구 사동,1536,1536,0,푸른마을주공5,49.99,202110,2,"34,500",7,2000,광덕4로 460,,-,-
경기도 안산상록구 사동,1536,1536,0,푸른마을주공5,59.99,202110,9,"42,500",6,2000,광덕4로 460,,-,-
경기도 안산상록구 사동,1536,1536,0,푸른마을주공5,49.99,202110,10,"32,000",2,2000,광덕4로 460,,-,-
경기도 안산상록구 사동,1536,1536,0,푸른마을주공5,49.99,202110,16,"30,900",5,2000,광덕4로 460,,-,-
경기도 안산상록구 사동,1536,1536,0,푸른마을주공5,49.99,202110,25,"28,000",2,2000,광덕4로 460,,-,-
경기도 안산상록구 사동,1345-2,1345,2,현대1,120.39,202110,1,"54,500",8,1994,감골1로 43,,-,-
경기도 안산상록구 사동,1345-2,1345,2,현대1,84.96,202110,2,"42,800",1,1994,감골1로 43,,-,-
경기도 안산상록구 사동,1345-2,1345,2,현대1,84.99,202110,4,"46,900",12,1994,감골1로 43,,-,-
경기도 안산상록구 사동,1343,1343,0,현대2,84.99,202110,18,"49,000",14,1995,감골2로 12,,-,-
경기도 안산상록구 사사동,413,413,0,현대,56.8596,202110,7,"20,000",12,2002,양지마을1길 81,,-,-
경기도 안산상록구 사사동,413,413,0,현대,67.3871,202110,7,"24,500",4,2002,양지마을1길 81,,-,-
경기도 안산상록구 사사동,413,413,0,현대,79.3784,202110,8,"35,000",14,2002,양지마을1길 81,,-,-
경기도 안산상록구 사사동,239-1,239,1,황제,58.32,202110,23,"15,000",1,1985,사사안골길 6,,-,-
경기도 안산상록구 성포동,592-2,592,2,안산현대1,35.28,202110,7,"28,000",4,1989,성포로 31,,-,-
경기도 안산상록구 성포동,592-2,592,2,안산현대1,37.62,202110,25,"34,000",5,1989,성포로 31,,-,-
경기도 안산상록구 성포동,583,583,0,예술인,61.385,202110,16,"35,000",18,1985,화랑로 495,,-,-
경기도 안산상록구 성포동,584,584,0,주공10,66.38,202110,4,"42,000",1,1987,화랑로 527,,-,-
경기도 안산상록구 성포동,591,591,0,주공11,58.14,202110,4,"42,000",3,1994,충장로 533,,-,-
경기도 안산상록구 성포동,591,591,0,주공11,58.14,202110,8,"43,700",8,1994,충장로 533,,-,-
경기도 안산상록구 성포동,591,591,0,주공11,58.14,202110,14,"41,500",11,1994,충장로 533,,-,-
경기도 안산상록구 성포동,591,591,0,주공11,59.15,202110,19,"42,000",2,1994,충장로 533,,-,-
경기도 안산상록구 성포동,591,591,0,주공11,59.15,202110,25,"39,700",5,1994,충장로 533,,-,-
경기도 안산상록구 성포동,588,588,0,주공4,86.16,202110,1,"61,000",1,1985,화랑로 510,,-,-
경기도 안산상록구 성포동,588,588,0,주공4,83.52,202110,9,"67,000",13,1985,화랑로 510,,-,-
경기도 안산상록구 수암동,500-1,500,1,수암동대현그랑시아,73.01,202110,21,"28,000",13,2021,원당골1길 5,,-,-
경기도 안산상록구 수암동,502-3,502,3,이수빌,30.879,202110,7,"12,500",10,2014,원당골길 21-1,,-,-
경기도 안산상록구 수암동,502-3,502,3,이수빌,30.945,202110,16,"12,060",9,2014,원당골길 21-1,,-,-
경기도 안산상록구 월피동,444,444,0,주공1,49.94,202110,11,"44,000",8,1993,충장로 565,,-,-
경기도 안산상록구 월피동,446,446,0,주공2,49.77,202110,6,"35,700",11,1994,안산천동로 146,,-,-
경기도 안산상록구 월피동,446,446,0,주공2,49.77,202110,9,"35,000",6,1994,안산천동로 146,,-,-
경기도 안산상록구 월피동,446,446,0,주공2,49.77,202110,14,"30,700",14,1994,안산천동로 146,,-,-
경기도 안산상록구 월피동,446,446,0,주공2,49.77,202110,23,"33,000",2,1994,안산천동로 146,,-,-
경기도 안산상록구 월피동,446,446,0,주공3,59.15,202110,10,"50,500",1,1995,안산천동로1길 10,,-,-
경기도 안산상록구 월피동,447,447,0,한양,108.78,202110,6,"53,500",9,1990,안산천동로1길 9,,-,-
경기도 안산상록구 월피동,447,447,0,한양,84.16,202110,6,"45,000",14,1990,안산천동로1길 9,,-,-
경기도 안산상록구 월피동,448,448,0,현대2차,68.94,202110,4,"40,500",5,1989,안산천동로1길 29,20211101,-,-
경기도 안산상록구 월피동,448,448,0,현대2차,68.94,202110,4,"40,500",5,1989,안산천동로1길 29,,-,-
경기도 안산상록구 월피동,448,448,0,현대2차,68.94,202110,23,"41,500",2,1989,안산천동로1길 29,,-,-
경기도 안산상록구 이동,664-1,664,1,푸르지오2차,119.0598,202110,1,"68,000",5,2001,안산천남1로 70,,-,-
경기도 안산상록구 이동,664-1,664,1,푸르지오2차,89.524,202110,16,"62,000",13,2001,안산천남1로 70,,-,-
경기도 안산상록구 이동,664-1,664,1,푸르지오2차,99.9713,202110,18,"63,900",23,2001,안산천남1로 70,,-,-
경기도 안성시 가사동,175,175,0,안성푸르지오,59.9559,202110,14,"30,500",11,2017,비봉로 37,,-,-
경기도 안성시 가사동,175,175,0,안성푸르지오,59.9559,202110,17,"28,000",3,2017,비봉로 37,,-,-
경기도 안성시 공도읍 마정리,Jun-45,45,6,대림한숲원,42.39,202110,7,"4,700",5,1997,가족공원길 86,,-,-
경기도 안성시 공도읍 마정리,Jun-45,45,6,대림한숲원,24.57,202110,12,"3,400",1,1997,가족공원길 86,20211013,-,-
경기도 안성시 공도읍 마정리,Jun-45,45,6,대림한숲원,42.39,202110,27,"5,700",6,1997,가족공원길 86,,-,-
경기도 안성시 공도읍 마정리,561,561,0,안성베르빌,59.9729,202110,20,"15,100",10,2001,장미길 32,,-,-
경기도 안성시 공도읍 마정리,561,561,0,안성베르빌,59.9729,202110,21,"16,500",6,2001,장미길 32,,-,-
경기도 안성시 공도읍 마정리,590,590,0,임광그대가,84.9186,202110,22,"24,500",6,2007,마정강변길 33,,-,-
경기도 안성시 공도읍 만정리,785-6,785,6,금호어울림1단지,84.986,202110,11,"34,900",12,2007,송원길 64,,-,-
경기도 안성시 공도읍 만정리,880,880,0,디자인시티블루밍,84.9976,202110,8,"33,600",5,2010,공도로 142,20211025,-,-
경기도 안성시 공도읍 만정리,880,880,0,디자인시티블루밍,84.9976,202110,8,"33,600",5,2010,공도로 142,,-,-
경기도 안성시 공도읍 만정리,880,880,0,디자인시티블루밍,84.9844,202110,24,"34,700",7,2010,공도로 142,,-,-
경기도 안성시 공도읍 만정리,707-1,707,1,부영,59.38,202110,1,"12,000",8,2001,만수로 31,,-,-
경기도 안성시 공도읍 만정리,707-1,707,1,부영,59.38,202110,6,"18,500",5,2001,만수로 31,,-,-
경기도 안성시 공도읍 만정리,707-1,707,1,부영,48.938,202110,7,"11,500",2,2001,만수로 31,,-,-
경기도 안성시 공도읍 만정리,707-1,707,1,부영,48.938,202110,8,"11,500",8,2001,만수로 31,,-,-
경기도 안성시 공도읍 만정리,707-1,707,1,부영,59.38,202110,9,"18,000",4,2001,만수로 31,,-,-
경기도 안성시 공도읍 만정리,707-1,707,1,부영,59.38,202110,12,"15,500",1,2001,만수로 31,,-,-
경기도 안성시 공도읍 만정리,707-1,707,1,부영,59.38,202110,14,"14,500",15,2001,만수로 31,,-,-
경기도 안성시 공도읍 만정리,707-1,707,1,부영,59.38,202110,18,"17,900",10,2001,만수로 31,,-,-
경기도 안성시 공도읍 만정리,707-1,707,1,부영,48.938,202110,29,"14,500",14,2001,만수로 31,,-,-
경기도 안성시 공도읍 만정리,877,877,0,안성공도KCC스위첸,84.992,202110,8,"35,700",6,2010,공도로 150,,-,-
경기도 안성시 공도읍 만정리,877,877,0,안성공도KCC스위첸,84.992,202110,8,"36,900",7,2010,공도로 150,,-,-
경기도 안성시 공도읍 만정리,877,877,0,안성공도KCC스위첸,171.005,202110,29,"50,000",10,2010,공도로 150,,-,-
경기도 안성시 공도읍 만정리,709-1,709,1,한일타운,59.7843,202110,3,"19,500",6,2005,공도로 149,,-,-
경기도 안성시 공도읍 만정리,709-1,709,1,한일타운,59.7843,202110,9,"17,800",8,2005,공도로 149,,-,-
경기도 안성시 공도읍 만정리,709-1,709,1,한일타운,59.7843,202110,9,"19,500",14,2005,공도로 149,,-,-
경기도 안성시 공도읍 만정리,709-1,709,1,한일타운,59.7843,202110,30,"20,000",9,2005,공도로 149,,-,-
경기도 안성시 공도읍 양기리,567,567,0,송정그린빌,59.9485,202110,2,"16,000",13,2001,양기길 46,,-,-
경기도 안성시 공도읍 양기리,567,567,0,송정그린빌,59.9485,202110,4,"15,700",13,2001,양기길 46,,-,-
경기도 안성시 공도읍 양기리,615,615,0,안성공도서해그랑블아파트,65.6345,202110,7,"31,800",14,2019,양기길 28,,-,-
경기도 안성시 공도읍 양기리,615,615,0,안성공도서해그랑블아파트,59.9863,202110,15,"25,000",7,2019,양기길 28,,-,-
경기도 안성시 공도읍 양기리,615,615,0,안성공도서해그랑블아파트,59.9863,202110,23,"30,500",24,2019,양기길 28,,-,-
경기도 안성시 공도읍 용두리,753,753,0,산수화,59.67,202110,11,"15,500",11,2003,벚꽃길 73,,-,-
경기도 안성시 공도읍 용두리,753,753,0,산수화,59.67,202110,11,"16,200",9,2003,벚꽃길 73,,-,-
경기도 안성시 공도읍 용두리,753,753,0,산수화,59.67,202110,28,"14,800",9,2003,벚꽃길 73,,-,-
경기도 안성시 공도읍 용두리,753,753,0,산수화,59.91,202110,28,"15,000",3,2003,벚꽃길 73,,-,-
경기도 안성시 공도읍 용두리,755,755,0,안성공도우미린더퍼스트,73.7771,202110,18,"31,000",21,2018,공도로 51-17,,-,-
경기도 안성시 공도읍 용두리,755,755,0,안성공도우미린더퍼스트,73.7031,202110,29,"43,000",28,2018,공도로 51-17,,-,-
경기도 안성시 공도읍 용두리,752,752,0,주은풍림,49.77,202110,1,"17,800",10,2002,서동대로 4079,,-,-
경기도 안성시 공도읍 용두리,752,752,0,주은풍림,59.76,202110,1,"21,700",12,2002,서동대로 4079,,-,-
경기도 안성시 공도읍 용두리,752,752,0,주은풍림,49.77,202110,2,"18,500",13,2002,서동대로 4079,,-,-
경기도 안성시 공도읍 용두리,752,752,0,주은풍림,49.77,202110,4,"16,900",18,2002,서동대로 4079,,-,-
경기도 안성시 공도읍 용두리,752,752,0,주은풍림,39.36,202110,7,"12,900",15,2002,서동대로 4079,,-,-
경기도 안성시 공도읍 용두리,752,752,0,주은풍림,49.77,202110,9,"16,000",4,2002,서동대로 4079,,-,-
경기도 안성시 공도읍 용두리,752,752,0,주은풍림,49.77,202110,9,"17,600",2,2002,서동대로 4079,,-,-
경기도 안성시 공도읍 용두리,752,752,0,주은풍림,49.77,202110,9,"17,600",2,2002,서동대로 4079,20211020,-,-
경기도 안성시 공도읍 용두리,752,752,0,주은풍림,49.77,202110,11,"17,000",13,2002,서동대로 4079,,-,-
경기도 안성시 공도읍 용두리,752,752,0,주은풍림,59.76,202110,11,"21,700",17,2002,서동대로 4079,,-,-
경기도 안성시 공도읍 용두리,752,752,0,주은풍림,39.36,202110,13,"13,000",3,2002,서동대로 4079,,-,-
경기도 안성시 공도읍 용두리,752,752,0,주은풍림,49.77,202110,13,"15,800",19,2002,서동대로 4079,,-,-
경기도 안성시 공도읍 용두리,752,752,0,주은풍림,59.76,202110,13,"19,000",2,2002,서동대로 4079,,-,-
경기도 안성시 공도읍 용두리,752,752,0,주은풍림,49.77,202110,14,"17,000",3,2002,서동대로 4079,,-,-
경기도 안성시 공도읍 용두리,752,752,0,주은풍림,59.76,202110,14,"19,500",18,2002,서동대로 4079,,-,-
경기도 안성시 공도읍 용두리,752,752,0,주은풍림,59.76,202110,15,"17,000",1,2002,서동대로 4079,,-,-
경기도 안성시 공도읍 용두리,752,752,0,주은풍림,59.76,202110,15,"19,350",6,2002,서동대로 4079,,-,-
경기도 안성시 공도읍 용두리,752,752,0,주은풍림,49.77,202110,16,"16,900",13,2002,서동대로 4079,,-,-
경기도 안성시 공도읍 용두리,752,752,0,주은풍림,49.77,202110,17,"17,000",17,2002,서동대로 4079,,-,-
경기도 안성시 공도읍 용두리,752,752,0,주은풍림,59.76,202110,18,"18,000",12,2002,서동대로 4079,,-,-
경기도 안성시 공도읍 용두리,752,752,0,주은풍림,59.76,202110,18,"20,500",11,2002,서동대로 4079,,-,-
경기도 안성시 공도읍 용두리,752,752,0,주은풍림,59.76,202110,19,"20,500",13,2002,서동대로 4079,,-,-
경기도 안성시 공도읍 용두리,752,752,0,주은풍림,59.76,202110,21,"18,500",1,2002,서동대로 4079,,-,-
경기도 안성시 공도읍 용두리,752,752,0,주은풍림,59.76,202110,22,"20,000",6,2002,서동대로 4079,,-,-
경기도 안성시 공도읍 용두리,752,752,0,주은풍림,49.77,202110,25,"14,400",6,2002,서동대로 4079,,-,-
경기도 안성시 공도읍 용두리,752,752,0,주은풍림,59.76,202110,25,"17,000",2,2002,서동대로 4079,,-,-
경기도 안성시 공도읍 용두리,752,752,0,주은풍림,49.77,202110,26,"15,000",4,2002,서동대로 4079,,-,-
경기도 안성시 공도읍 용두리,752,752,0,주은풍림,49.77,202110,26,"14,000",17,2002,서동대로 4079,,-,-
경기도 안성시 공도읍 용두리,752,752,0,주은풍림,39.36,202110,27,"11,500",5,2002,서동대로 4079,,-,-
경기도 안성시 공도읍 용두리,683,683,0,태산1차,59.67,202110,4,"15,800",10,1999,벚꽃길 36,,-,-
경기도 안성시 공도읍 용두리,683,683,0,태산1차,59.91,202110,5,"14,000",12,1999,벚꽃길 36,,-,-
경기도 안성시 공도읍 용두리,683,683,0,태산1차,59.67,202110,6,"17,500",14,1999,벚꽃길 36,,-,-
경기도 안성시 공도읍 용두리,683,683,0,태산1차,59.91,202110,8,"18,000",7,1999,벚꽃길 36,,-,-
경기도 안성시 공도읍 용두리,683,683,0,태산1차,59.67,202110,16,"16,500",13,1999,벚꽃길 36,,-,-
경기도 안성시 공도읍 용두리,683,683,0,태산1차,59.91,202110,16,"16,200",11,1999,벚꽃길 36,,-,-
경기도 안성시 공도읍 용두리,683,683,0,태산1차,59.67,202110,25,"16,700",6,1999,벚꽃길 36,,-,-
경기도 안성시 공도읍 용두리,683,683,0,태산1차,59.67,202110,28,"15,500",2,1999,벚꽃길 36,,-,-
경기도 안성시 공도읍 진사리,639-1,639,1,삼성,84.44,202110,2,"29,000",15,2002,진건중길 14,,-,-
경기도 안성시 공도읍 진사리,639-1,639,1,삼성,84.84,202110,21,"26,500",12,2002,진건중길 14,,-,-
경기도 안성시 공도읍 진사리,644,644,0,쌍용스윗닷홈,84.8901,202110,14,"33,800",10,2005,진건중길 15-13,,-,-
경기도 안성시 공도읍 진사리,644,644,0,쌍용스윗닷홈,84.8901,202110,16,"30,150",8,2005,진건중길 15-13,,-,-
경기도 안성시 공도읍 진사리,644,644,0,쌍용스윗닷홈,122.3825,202110,24,"51,500",14,2005,진건중길 15-13,,-,-
경기도 안성시 공도읍 진사리,20-14,20,14,우림,59.95,202110,1,"19,000",5,1998,진사길 27,20211029,-,-
경기도 안성시 공도읍 진사리,20-14,20,14,우림,59.95,202110,1,"19,000",5,1998,진사길 27,20211105,-,-
경기도 안성시 공도읍 진사리,20-14,20,14,우림,59.95,202110,1,"19,000",5,1998,진사길 27,,-,-
경기도 안성시 공도읍 진사리,20-14,20,14,우림,53.13,202110,2,"20,000",14,1998,진사길 27,,-,-
경기도 안성시 공도읍 진사리,20-14,20,14,우림,59.95,202110,5,"20,000",15,1998,진사길 27,,-,-
경기도 안성시 공도읍 진사리,20-14,20,14,우림,53.13,202110,6,"17,900",10,1998,진사길 27,,-,-
경기도 안성시 공도읍 진사리,20-14,20,14,우림,53.13,202110,6,"17,900",11,1998,진사길 27,20211006,-,-
경기도 안성시 공도읍 진사리,20-14,20,14,우림,53.13,202110,11,"19,000",6,1998,진사길 27,,-,-
경기도 안성시 공도읍 진사리,20-14,20,14,우림,53.13,202110,11,"17,800",3,1998,진사길 27,,-,-
경기도 안성시 공도읍 진사리,Jan-36,36,1,주은청설,39.75,202110,1,"15,500",16,2000,진사길 32,,-,-
경기도 안성시 공도읍 진사리,Jan-36,36,1,주은청설,59.73,202110,1,"19,900",2,2000,진사길 32,,-,-
경기도 안성시 공도읍 진사리,Jan-36,36,1,주은청설,59.73,202110,2,"19,000",7,2000,진사길 32,,-,-
경기도 안성시 공도읍 진사리,Jan-36,36,1,주은청설,49.53,202110,2,"18,300",17,2000,진사길 32,,-,-
경기도 안성시 공도읍 진사리,Jan-36,36,1,주은청설,39.75,202110,2,"14,950",12,2000,진사길 32,,-,-
경기도 안성시 공도읍 진사리,Jan-36,36,1,주은청설,59.73,202110,2,"20,000",17,2000,진사길 32,,-,-
경기도 안성시 공도읍 진사리,Jan-36,36,1,주은청설,59.73,202110,2,"22,000",7,2000,진사길 32,,-,-
경기도 안성시 공도읍 진사리,Jan-36,36,1,주은청설,39.75,202110,4,"14,600",6,2000,진사길 32,,-,-
경기도 안성시 공도읍 진사리,Jan-36,36,1,주은청설,39.75,202110,4,"15,000",4,2000,진사길 32,,-,-
경기도 안성시 공도읍 진사리,Jan-36,36,1,주은청설,49.53,202110,4,"16,800",4,2000,진사길 32,,-,-
경기도 안성시 공도읍 진사리,Jan-36,36,1,주은청설,39.75,202110,4,"15,000",6,2000,진사길 32,,-,-
경기도 안성시 공도읍 진사리,Jan-36,36,1,주은청설,39.75,202110,5,"15,000",8,2000,진사길 32,,-,-
경기도 안성시 공도읍 진사리,Jan-36,36,1,주은청설,49.53,202110,8,"18,000",18,2000,진사길 32,,-,-
경기도 안성시 공도읍 진사리,Jan-36,36,1,주은청설,39.75,202110,8,"9,000",2,2000,진사길 32,,-,-
경기도 안성시 공도읍 진사리,Jan-36,36,1,주은청설,59.73,202110,8,"20,700",16,2000,진사길 32,,-,-
경기도 안성시 공도읍 진사리,Jan-36,36,1,주은청설,39.75,202110,9,"15,000",4,2000,진사길 32,,-,-
경기도 안성시 공도읍 진사리,Jan-36,36,1,주은청설,39.75,202110,11,"14,500",11,2000,진사길 32,,-,-
경기도 안성시 공도읍 진사리,Jan-36,36,1,주은청설,59.73,202110,11,"21,400",13,2000,진사길 32,,-,-
경기도 안성시 공도읍 진사리,Jan-36,36,1,주은청설,59.73,202110,12,"21,000",17,2000,진사길 32,,-,-
경기도 안성시 공도읍 진사리,Jan-36,36,1,주은청설,59.73,202110,12,"20,000",14,2000,진사길 32,,-,-
경기도 안성시 공도읍 진사리,Jan-36,36,1,주은청설,39.75,202110,12,"12,500",6,2000,진사길 32,,-,-
경기도 안성시 공도읍 진사리,Jan-36,36,1,주은청설,39.75,202110,13,"14,300",5,2000,진사길 32,,-,-
경기도 안성시 공도읍 진사리,Jan-36,36,1,주은청설,59.73,202110,13,"17,800",5,2000,진사길 32,,-,-
경기도 안성시 공도읍 진사리,Jan-36,36,1,주은청설,39.75,202110,13,"14,500",9,2000,진사길 32,,-,-
경기도 안성시 공도읍 진사리,Jan-36,36,1,주은청설,39.75,202110,14,"14,000",18,2000,진사길 32,,-,-
경기도 안성시 공도읍 진사리,Jan-36,36,1,주은청설,49.53,202110,16,"16,900",12,2000,진사길 32,,-,-
경기도 안성시 공도읍 진사리,Jan-36,36,1,주은청설,49.53,202110,16,"15,800",12,2000,진사길 32,,-,-
경기도 안성시 공도읍 진사리,Jan-36,36,1,주은청설,39.75,202110,18,"15,500",14,2000,진사길 32,,-,-
경기도 안성시 공도읍 진사리,Jan-36,36,1,주은청설,59.73,202110,20,"20,000",13,2000,진사길 32,,-,-
경기도 안성시 공도읍 진사리,Jan-36,36,1,주은청설,59.73,202110,20,"20,000",13,2000,진사길 32,20211020,-,-
경기도 안성시 공도읍 진사리,Jan-36,36,1,주은청설,39.75,202110,21,"15,300",3,2000,진사길 32,,-,-
경기도 안성시 공도읍 진사리,Jan-36,36,1,주은청설,39.75,202110,23,"14,000",6,2000,진사길 32,,-,-
경기도 안성시 공도읍 진사리,Jan-36,36,1,주은청설,39.75,202110,23,"15,000",5,2000,진사길 32,,-,-
경기도 안성시 공도읍 진사리,Jan-36,36,1,주은청설,39.75,202110,25,"16,000",10,2000,진사길 32,,-,-
경기도 안성시 공도읍 진사리,Jan-36,36,1,주은청설,39.75,202110,26,"13,000",1,2000,진사길 32,,-,-
경기도 안성시 공도읍 진사리,Jan-36,36,1,주은청설,39.75,202110,27,"15,000",5,2000,진사길 32,,-,-
경기도 안성시 금광면 신양복리,139-1,139,1,홍익,59.921,202110,2,"15,000",1,2001,종합운동장로 132,,-,-
경기도 안성시 금광면 신양복리,139-1,139,1,홍익,38.984,202110,2,"10,300",10,2001,종합운동장로 132,,-,-
경기도 안성시 금광면 신양복리,139-1,139,1,홍익,38.984,202110,4,"10,000",15,2001,종합운동장로 132,,-,-
경기도 안성시 금광면 신양복리,139-1,139,1,홍익,53.693,202110,5,"10,000",1,2001,종합운동장로 132,,-,-
경기도 안성시 금광면 신양복리,139-1,139,1,홍익,38.984,202110,6,"10,000",2,2001,종합운동장로 132,,-,-
경기도 안성시 금광면 신양복리,139-1,139,1,홍익,53.693,202110,6,"10,700",4,2001,종합운동장로 132,,-,-
경기도 안성시 금광면 신양복리,139-1,139,1,홍익,38.984,202110,6,"10,200",5,2001,종합운동장로 132,,-,-
경기도 안성시 금광면 신양복리,139-1,139,1,홍익,38.984,202110,9,"10,300",13,2001,종합운동장로 132,,-,-
경기도 안성시 금광면 신양복리,139-1,139,1,홍익,38.984,202110,12,"9,700",4,2001,종합운동장로 132,,-,-
경기도 안성시 금광면 신양복리,139-1,139,1,홍익,59.744,202110,13,"15,000",5,2001,종합운동장로 132,,-,-
경기도 안성시 금광면 신양복리,139-1,139,1,홍익,59.921,202110,15,"15,000",14,2001,종합운동장로 132,,-,-
경기도 안성시 금광면 신양복리,139-1,139,1,홍익,53.693,202110,16,"13,000",1,2001,종합운동장로 132,,-,-
경기도 안성시 금광면 신양복리,139-1,139,1,홍익,59.921,202110,17,"19,000",11,2001,종합운동장로 132,,-,-
경기도 안성시 금광면 신양복리,139-1,139,1,홍익,38.984,202110,17,"10,900",6,2001,종합운동장로 132,,-,-
경기도 안성시 금광면 신양복리,139-1,139,1,홍익,59.744,202110,19,"14,400",11,2001,종합운동장로 132,,-,-
경기도 안성시 금광면 신양복리,139-1,139,1,홍익,59.744,202110,23,"16,000",9,2001,종합운동장로 132,,-,-
경기도 안성시 금광면 신양복리,139-1,139,1,홍익,59.744,202110,24,"14,900",4,2001,종합운동장로 132,,-,-
경기도 안성시 금산동,100,100,0,금산주공아파트,38.52,202110,23,"12,900",4,1987,안성맞춤대로 1127,,-,-
경기도 안성시 금산동,100,100,0,금산주공아파트,38.52,202110,30,"10,000",4,1987,안성맞춤대로 1127,,-,-
경기도 안성시 금산동,118-7,118,7,벨라스,122.63,202110,19,"19,000",7,2004,학자로 43,,-,-
경기도 안성시 금산동,Feb-81,81,2,주은청설,59.52,202110,2,"16,800",4,1999,대학로 64,,-,-
경기도 안성시 금산동,Feb-81,81,2,주은청설,65.58,202110,3,"15,300",15,1999,대학로 64,,-,-
경기도 안성시 금산동,Feb-81,81,2,주은청설,84.87,202110,5,"24,000",14,1999,대학로 64,,-,-
경기도 안성시 금산동,Feb-81,81,2,주은청설,59.52,202110,7,"17,450",7,1999,대학로 64,,-,-
경기도 안성시 금산동,Feb-81,81,2,주은청설,59.52,202110,16,"15,900",4,1999,대학로 64,,-,-
경기도 안성시 금석동,81,81,0,동남,58.74,202110,23,"8,900",17,1998,안성맞춤대로 1320-21,,-,-
경기도 안성시 낙원동,403-1,403,1,삼보,114.32,202110,14,"16,000",15,1992,낙원길 124,,-,-
경기도 안성시 당왕동,534,534,0,대우1,70.686,202110,9,"19,800",6,1993,고수1로 19,,-,-
경기도 안성시 당왕동,534,534,0,대우1,70.686,202110,9,"19,000",10,1993,고수1로 19,,-,-
경기도 안성시 당왕동,534,534,0,대우1,70.686,202110,11,"19,000",14,1993,고수1로 19,,-,-
경기도 안성시 당왕동,535,535,0,대우경남,59.347,202110,4,"15,000",1,1997,고수2로 20,,-,-
경기도 안성시 당왕동,535,535,0,대우경남,59.347,202110,13,"13,000",1,1997,고수2로 20,,-,-
경기도 안성시 당왕동,535,535,0,대우경남,59.347,202110,13,"17,000",13,1997,고수2로 20,,-,-
경기도 안성시 당왕동,535,535,0,대우경남,59.347,202110,27,"19,000",6,1997,고수2로 20,,-,-
경기도 안성시 당왕동,535,535,0,대우경남,59.347,202110,30,"17,400",1,1997,고수2로 20,,-,-
경기도 안성시 당왕동,584,584,0,삼정그린코아더베스트,84.9473,202110,6,"39,700",10,2019,고수2로 70,,-,-
경기도 안성시 당왕동,584,584,0,삼정그린코아더베스트,59.5428,202110,16,"31,500",24,2019,고수2로 70,,-,-
경기도 안성시 당왕동,536,536,0,쌍용,70.97,202110,10,"19,800",8,1993,남파로 130,,-,-
경기도 안성시 당왕동,462-1,462,1,태영,59.84,202110,19,"18,500",12,2000,고수2로 28,,-,-
경기도 안성시 대덕면 내리,675,675,0,신라,35.28,202110,13,"6,100",13,1999,대학6길 25,,-,-
경기도 안성시 대덕면 내리,675,675,0,신라,35.28,202110,22,"6,050",6,1999,대학6길 25,,-,-
경기도 안성시 대덕면 신령리,820,820,0,안성롯데캐슬,59.9492,202110,1,"32,000",4,2016,서동대로 4725,,-,-
경기도 안성시 대덕면 신령리,820,820,0,안성롯데캐슬,59.9492,202110,2,"32,000",17,2016,서동대로 4725,,-,-
경기도 안성시 대덕면 신령리,820,820,0,안성롯데캐슬,74.4423,202110,2,"34,000",20,2016,서동대로 4725,,-,-
경기도 안성시 대덕면 신령리,820,820,0,안성롯데캐슬,84.9181,202110,2,"43,400",7,2016,서동대로 4725,,-,-
경기도 안성시 대덕면 신령리,820,820,0,안성롯데캐슬,59.9752,202110,12,"27,500",1,2016,서동대로 4725,,-,-
경기도 안성시 대덕면 신령리,820,820,0,안성롯데캐슬,59.9492,202110,15,"31,000",20,2016,서동대로 4725,,-,-
경기도 안성시 대덕면 신령리,820,820,0,안성롯데캐슬,59.9752,202110,16,"31,500",13,2016,서동대로 4725,,-,-
경기도 안성시 대덕면 신령리,820,820,0,안성롯데캐슬,59.9492,202110,27,"31,500",9,2016,서동대로 4725,,-,-
경기도 안성시 대덕면 신령리,820,820,0,안성롯데캐슬,84.9181,202110,31,"44,800",12,2016,서동대로 4725,,-,-
경기도 안성시 미양면 양변리,240-19,240,19,금화마을,41.58,202110,2,"4,700",3,2000,안성맞춤대로 439,,-,-
경기도 안성시 미양면 양변리,240-19,240,19,금화마을,41.58,202110,11,"4,900",7,2000,안성맞춤대로 439,,-,-
경기도 안성시 미양면 양변리,240-19,240,19,금화마을,41.58,202110,14,"4,500",8,2000,안성맞춤대로 439,,-,-
경기도 안성시 미양면 양변리,240-19,240,19,금화마을,41.58,202110,14,"4,500",8,2000,안성맞춤대로 439,,-,-
경기도 안성시 미양면 양변리,240-19,240,19,금화마을,41.58,202110,22,"4,500",2,2000,안성맞춤대로 439,,-,-
경기도 안성시 봉산동,42,42,0,한주,59.55,202110,8,"11,500",3,1992,월덕천길 17,,-,-
경기도 안성시 석정동,Feb-29,29,2,ELYSIA,20.06,202110,25,"9,400",10,2019,중앙로 360,,-,-
경기도 안성시 석정동,355,355,0,신원아침도시,84.99,202110,28,"38,500",10,2009,석정2길 13-8,,-,-
경기도 안성시 석정동,343,343,0,우남퍼스트빌,84.8911,202110,8,"29,000",2,2007,중앙로 274-7,,-,-
경기도 안성시 석정동,343,343,0,우남퍼스트빌,140.2353,202110,15,"53,300",12,2007,중앙로 274-7,,-,-
경기도 안성시 석정동,42-21,42,21,화성하이츠,79.8,202110,2,"10,800",1,1990,중앙로361번길 33,,-,-
경기도 안성시 석정동,42-21,42,21,화성하이츠,79.8,202110,2,"10,800",1,1990,중앙로361번길 33,20211026,-,-
경기도 안성시 신소현동,175,175,0,안성신소현코아루,84.98,202110,11,"24,800",11,2006,남파로 73-9,,-,-
경기도 안성시 신소현동,175,175,0,안성신소현코아루,84.99,202110,12,"23,000",7,2006,남파로 73-9,,-,-
경기도 안성시 아양동,300,300,0,아양주공1,40,202110,2,"13,000",6,1991,아양로 23,,-,-
경기도 안성시 아양동,300,300,0,아양주공1,39.61,202110,4,"13,800",2,1991,아양로 23,,-,-
경기도 안성시 아양동,300,300,0,아양주공1,46.99,202110,22,"15,500",2,1991,아양로 23,,-,-
경기도 안성시 아양동,384,384,0,아양주공2,42.9,202110,15,"12,000",5,1995,석정2길 5,,-,-
경기도 안성시 아양동,384,384,0,아양주공2,42.9,202110,19,"13,000",4,1995,석정2길 5,,-,-
경기도 안성시 아양동,384,384,0,아양주공2,42.9,202110,29,"12,500",6,1995,석정2길 5,,-,-
경기도 안성시 옥산동,560,560,0,안성아양시티프라디움,84.9943,202110,12,"44,000",21,2018,아양2로 49,,-,-
경기도 안성시 옥산동,10,10,0,옥산주공,38.52,202110,5,"11,500",4,1988,중앙로 212,,-,-
경기도 안성시 옥산동,10,10,0,옥산주공,38.52,202110,9,"12,000",2,1988,중앙로 212,,-,-
경기도 안성시 원곡면 반제리,743,743,0,산수화,59.76,202110,2,"15,500",4,2003,벚꽃길 73,,-,-
경기도 안성시 원곡면 반제리,743,743,0,산수화,59.76,202110,5,"15,000",7,2003,벚꽃길 73,,-,-
경기도 안성시 원곡면 반제리,743,743,0,산수화,59.76,202110,9,"15,500",9,2003,벚꽃길 73,,-,-
경기도 안성시 원곡면 반제리,743,743,0,산수화,59.67,202110,14,"17,000",11,2003,벚꽃길 73,,-,-
경기도 안성시 원곡면 반제리,743,743,0,산수화,59.67,202110,24,"17,000",9,2003,벚꽃길 73,,-,-
경기도 안성시 원곡면 반제리,743,743,0,산수화,59.76,202110,28,"16,300",19,2003,벚꽃길 73,,-,-
경기도 안성시 원곡면 외가천리,258-24,258,24,원곡,53.94,202110,11,"6,000",2,1991,가천중앙3길 17,,-,-
경기도 안성시 원곡면 외가천리,361,361,0,원곡 제일 오투그란데,77.17,202110,1,"26,000",3,2018,만세로 1409,,-,-
경기도 안성시 원곡면 외가천리,361,361,0,원곡 제일 오투그란데,59.99,202110,4,"22,400",13,2018,만세로 1409,,-,-
경기도 안성시 원곡면 외가천리,361,361,0,원곡 제일 오투그란데,77.17,202110,5,"30,200",16,2018,만세로 1409,,-,-
경기도 안성시 원곡면 외가천리,361,361,0,원곡 제일 오투그란데,59.67,202110,7,"21,000",7,2018,만세로 1409,,-,-
경기도 안성시 원곡면 외가천리,361,361,0,원곡 제일 오투그란데,59.97,202110,8,"23,000",16,2018,만세로 1409,,-,-
경기도 안성시 원곡면 외가천리,361,361,0,원곡 제일 오투그란데,59.67,202110,11,"21,900",13,2018,만세로 1409,,-,-
경기도 안성시 원곡면 외가천리,361,361,0,원곡 제일 오투그란데,59.67,202110,11,"23,900",12,2018,만세로 1409,,-,-
경기도 안성시 원곡면 외가천리,361,361,0,원곡 제일 오투그란데,59.67,202110,14,"22,000",19,2018,만세로 1409,,-,-
경기도 안성시 원곡면 외가천리,361,361,0,원곡 제일 오투그란데,59.97,202110,18,"21,000",15,2018,만세로 1409,,-,-
경기도 안성시 원곡면 외가천리,361,361,0,원곡 제일 오투그란데,77.17,202110,18,"29,500",11,2018,만세로 1409,,-,-
경기도 안성시 원곡면 외가천리,361,361,0,원곡 제일 오투그란데,59.97,202110,20,"24,000",16,2018,만세로 1409,,-,-
경기도 안성시 원곡면 외가천리,361,361,0,원곡 제일 오투그란데,59.97,202110,22,"23,500",17,2018,만세로 1409,,-,-
경기도 안성시 원곡면 외가천리,361,361,0,원곡 제일 오투그란데,77.17,202110,25,"27,000",12,2018,만세로 1409,,-,-
경기도 안성시 인지동,7,7,0,골든캐슬타워,19.26,202110,24,"6,500",4,2016,장기로 37,,-,-
경기도 안성시 일죽면 송천리,610,610,0,일죽아이시타운,70.512,202110,2,"11,500",7,2002,서동대로 7416-10,20211028,-,-
경기도 안성시 일죽면 송천리,610,610,0,일죽아이시타운,70.512,202110,2,"11,500",7,2002,서동대로 7416-10,,-,-
경기도 안성시 일죽면 송천리,610,610,0,일죽아이시타운,80.483,202110,6,"13,000",11,2002,서동대로 7416-10,,-,-
경기도 안성시 일죽면 송천리,610,610,0,일죽아이시타운,70.512,202110,7,"9,800",9,2002,서동대로 7416-10,,-,-
경기도 안성시 죽산면 장원리,1379-1,1379,1,지에프,46.0619,202110,5,"7,000",5,2002,관음당길 39-8,,-,-
경기도 안성시 죽산면 장원리,1379-1,1379,1,지에프,46.0619,202110,22,"7,400",5,2002,관음당길 39-8,,-,-
경기도 안성시 죽산면 장원리,1379-1,1379,1,지에프,46.0619,202110,22,"7,500",5,2002,관음당길 39-8,,-,-
경기도 안성시 죽산면 죽산리,343-1,343,1,무지개,57.96,202110,12,"4,000",1,1994,죽산초교길 69-4,,-,-
경기도 안성시 중리동,616,616,0,동광,84.927,202110,8,"15,600",8,2007,서운로 791-9,,-,-
경기도 안성시 중리동,616,616,0,동광,84.927,202110,19,"18,000",6,2007,서운로 791-9,,-,-
경기도 안성시 중리동,616,616,0,동광,59.854,202110,22,"14,000",13,2007,서운로 791-9,,-,-
경기도 안성시 창전동,88,88,0,코스모스,84.802,202110,18,"9,000",2,1988,장기로91번길 19,,-,-
경기도 안양동안구 관양동,1587,1587,0,공작럭키,49.8,202110,18,"56,000",12,1993,학의로 168,,-,-
경기도 안양동안구 관양동,1588,1588,0,공작아파트,50,202110,9,"69,000",9,1993,관평로212번길 21,,-,-
경기도 안양동안구 관양동,1651,1651,0,동편마을(3단지),84.95,202110,18,"130,000",18,2012,동편로 110,,-,-
경기도 안양동안구 관양동,1815,1815,0,평촌더샵센트럴시티,84.9897,202110,4,"144,500",1,2016,시민대로327번길 55,,-,-
경기도 안양동안구 관양동,1586,1586,0,한가람(한양),41.09,202110,3,"56,400",13,1995,학의로 120,,-,-
경기도 안양동안구 비산동,1155,1155,0,그린빌주공,49.48,202110,7,"49,900",15,2003,임곡로 43,,-,-
경기도 안양동안구 비산동,408,408,0,비산롯데캐슬,82.245,202110,6,"89,500",19,2003,관악대로106번길 53,,-,-
경기도 안양동안구 비산동,425,425,0,삼성래미안,164.379,202110,1,"123,000",19,2003,관악대로 135,,-,-
경기도 안양동안구 비산동,425,425,0,삼성래미안,182.487,202110,1,"124,700",16,2003,관악대로 121,,-,-
경기도 안양동안구 비산동,425,425,0,삼성래미안,84.918,202110,4,"95,000",8,2003,관악대로 121,,-,-
경기도 안양동안구 비산동,425,425,0,삼성래미안,114.607,202110,7,"101,000",8,2003,관악대로 135,,-,-
경기도 안양동안구 비산동,425,425,0,삼성래미안,84.918,202110,12,"91,000",18,2003,관악대로 135,,-,-
경기도 안양동안구 비산동,1101-6,1101,6,샛별한양4-2,84.9,202110,16,"93,000",8,1993,학의로 98,,-,-
경기도 안양동안구 비산동,1109-6,1109,6,샛별한양6(고층1109-6),35.1,202110,16,"49,700",2,1992,평촌대로253번길 18,,-,-
경기도 안양동안구 비산동,1163,1163,0,안양임곡휴먼시아,84.99,202110,9,"80,200",6,2007,임곡로 16,,-,-
경기도 안양동안구 비산동,1163,1163,0,안양임곡휴먼시아,84.61,202110,23,"54,000",6,2007,임곡로 16,,-,-
경기도 안양동안구 비산동,1103,1103,0,은하수벽산,59.4,202110,5,"75,000",2,1992,시민대로159번길 62,,-,-
경기도 안양동안구 비산동,1165,1165,0,이-편한세상,84.988,202110,4,"103,700",8,2008,관악대로 171,,-,-
경기도 안양동안구 비산동,572,572,0,한화꿈에그린,84.973,202110,11,"89,400",22,2009,경수대로883번길 33,,-,-
경기도 안양동안구 비산동,572,572,0,한화꿈에그린,84.973,202110,16,"85,500",19,2009,경수대로883번길 33,,-,-
경기도 안양동안구 비산동,572,572,0,한화꿈에그린,59.995,202110,25,"60,200",5,2009,경수대로883번길 33,,-,-
경기도 안양동안구 평촌동,Feb-75,75,2,인덕원대우,84.96,202110,13,"92,000",19,2001,학의로 390,,-,-
경기도 안양동안구 평촌동,Feb-75,75,2,인덕원대우,84.96,202110,23,"92,000",4,2001,학의로 390,,-,-
경기도 안양동안구 평촌동,897-7,897,7,초원LG,84.9,202110,9,"94,500",1,1993,부림로 52,,-,-
경기도 안양동안구 평촌동,897-7,897,7,초원LG,84.9,202110,9,"95,000",2,1993,부림로 52,,-,-
경기도 안양동안구 평촌동,898,898,0,초원성원,59.94,202110,7,"78,500",1,1992,관평로138번길 12,,-,-
경기도 안양동안구 평촌동,132-3,132,3,한미,65.97,202110,4,"57,000",4,1985,평의길 17,,-,-
경기도 안양동안구 평촌동,899-7,899,7,향촌마을현대5차,59.76,202110,5,"87,500",8,1993,귀인로 213,,-,-
경기도 안양동안구 호계동,1279,1279,0,금정역호계푸르지오,59.94,202110,9,"75,000",5,2015,엘에스로116번길 56,,-,-
경기도 안양동안구 호계동,1278,1278,0,금호어울림,59.93,202110,11,"58,900",2,2012,호성로 20,,-,-
경기도 안양동안구 호계동,710-41,710,41,늘해랑,82.61,202110,14,"40,000",3,2015,엘에스로35번길 12,,-,-
경기도 안양동안구 호계동,813,813,0,대림e-편한세상,84.846,202110,1,"83,000",21,2003,경수대로 430,,-,-
경기도 안양동안구 호계동,813,813,0,대림e-편한세상,84.99,202110,8,"75,000",8,2003,경수대로 430,,-,-
경기도 안양동안구 호계동,991,991,0,동원베네스트,59.73,202110,9,"50,500",7,2006,갈산로 31,,-,-
경기도 안양동안구 호계동,1053-4,1053,4,목련경남,99.02,202110,11,"128,000",11,1992,동안로 57,,-,-
경기도 안양동안구 호계동,1054-6,1054,6,목련두산,131.85,202110,7,"177,000",6,1993,평촌대로179번길 27,,-,-
경기도 안양동안구 호계동,1052,1052,0,목련마을2단지대우선경,58.32,202110,4,"93,700",8,1992,동안로 102,,-,-
경기도 안양동안구 호계동,1052,1052,0,목련마을2단지대우선경,58.32,202110,8,"85,000",13,1992,동안로 102,,-,-
경기도 안양동안구 호계동,1053-3,1053,3,목련아파트,100.77,202110,4,"156,000",9,1994,동안로 75,,-,-
경기도 안양동안구 호계동,1052-3,1052,3,목련우성,56.7,202110,14,"82,000",6,1992,평촌대로211번길 21,,-,-
경기도 안양동안구 호계동,1054-8,1054,8,목련우성7,133.74,202110,4,"167,000",14,1992,귀인로 157,,-,-
경기도 안양동안구 호계동,1057,1057,0,무궁화경남,59.917,202110,1,"74,000",2,1994,귀인로172번길 22,,-,-
경기도 안양동안구 호계동,1055-1,1055,1,무궁화코오롱,59.34,202110,1,"70,700",11,1992,동안로 11,,-,-
경기도 안양동안구 호계동,1075,1075,0,무궁화태영,59.76,202110,6,"62,250",7,1992,경수대로610번길 37,,-,-
경기도 안양동안구 호계동,1055,1055,0,무궁화한양,84.9,202110,1,"96,500",9,1992,동안로 35,,-,-
경기도 안양동안구 호계동,975-3,975,3,안양대우디오슈페리움,115.088,202110,22,"63,700",6,2008,경수대로 483,,-,-
경기도 안양동안구 호계동,923-30,923,30,엘디범계마을,59.88,202110,20,"47,000",7,1999,귀인로79번길 12,,-,-
경기도 안양동안구 호계동,1294,1294,0,평촌대성유니드,59.881,202110,1,"69,000",23,2019,안양천동로126번길 26,,-,-
경기도 안양동안구 호계동,1294,1294,0,평촌대성유니드,59.881,202110,9,"70,000",7,2019,안양천동로126번길 26,,-,-
경기도 안양동안구 호계동,1294,1294,0,평촌대성유니드,59.881,202110,9,"70,000",5,2019,안양천동로126번길 26,,-,-
경기도 안양동안구 호계동,1294,1294,0,평촌대성유니드,59.881,202110,23,"70,000",4,2019,안양천동로126번길 26,,-,-
경기도 안양동안구 호계동,1287,1287,0,평촌더샵아이파크,84.98,202110,14,"134,000",9,2019,경수대로610번길 36,,-,-
경기도 안양동안구 호계동,811,811,0,호계2차현대홈타운,59.977,202110,7,"48,000",25,2003,경수대로 462,,-,-
경기도 안양만안구 박달동,616-9,616,9,대림한숲타운,59.878,202110,2,"50,000",8,2001,박달로 344,,-,-
경기도 안양만안구 박달동,616-9,616,9,대림한숲타운,59.878,202110,8,"40,000",1,2001,박달로 344,,-,-
경기도 안양만안구 박달동,616-9,616,9,대림한숲타운,84.988,202110,27,"56,700",24,2001,박달로 344,,-,-
경기도 안양만안구 박달동,85,85,0,우성,72.94,202110,1,"50,900",5,1990,박달로498번길 28,,-,-
경기도 안양만안구 박달동,85,85,0,우성,84.97,202110,2,"59,000",4,1990,박달로498번길 28,,-,-
경기도 안양만안구 박달동,114,114,0,한라비발디,59.91,202110,4,"60,000",14,2000,박달로 453,,-,-
경기도 안양만안구 박달동,114,114,0,한라비발디,59.91,202110,11,"59,900",6,2000,박달로 453,,-,-
경기도 안양만안구 박달동,114,114,0,한라비발디,84.68,202110,14,"72,250",20,2000,박달로 453,,-,-
경기도 안양만안구 박달동,114,114,0,한라비발디,134.83,202110,15,"83,500",12,2000,박달로 453,,-,-
경기도 안양만안구 박달동,939,939,0,한양수자인에듀파크,84.997,202110,1,"76,500",3,2017,충훈로 14,,-,-
경기도 안양만안구 박달동,939,939,0,한양수자인에듀파크,59.8643,202110,4,"65,800",9,2017,충훈로 14,,-,-
경기도 안양만안구 박달동,939,939,0,한양수자인에듀파크,84.997,202110,11,"80,500",14,2017,충훈로 14,,-,-
경기도 안양만안구 석수동,166,166,0,관악산현대홈타운,84.404,202110,12,"78,000",1,2001,경수대로1244번길 48,,-,-
경기도 안양만안구 석수동,101-16,101,16,관악이안,122.3461,202110,11,"80,000",11,2010,경수대로1290번길 15,,-,-
경기도 안양만안구 석수동,417-3,417,3,두산위브아파트,84.985,202110,1,"89,500",1,2010,연현로79번길 20,,-,-
경기도 안양만안구 석수동,275-2,275,2,무림,56.19,202110,2,"40,000",4,1983,석천로197번길 52,20211023,-,-
경기도 안양만안구 석수동,275-2,275,2,무림,56.19,202110,2,"40,000",4,1983,석천로197번길 52,,-,-
경기도 안양만안구 석수동,275-2,275,2,무림,56.19,202110,12,"41,800",1,1983,석천로197번길 52,,-,-
경기도 안양만안구 석수동,281-1,281,1,삼우수피아아파트,63.78,202110,1,"45,700",13,2018,안양로 507,,-,-
경기도 안양만안구 석수동,182-2,182,2,석수e-편한세상,60,202110,2,"65,300",15,2002,경수대로 1193,,-,-
경기도 안양만안구 석수동,182-2,182,2,석수e-편한세상,84.87,202110,3,"72,700",25,2002,경수대로 1193,,-,-
경기도 안양만안구 석수동,168-4,168,4,석수경남아너스빌,121.455,202110,1,"79,000",2,2002,경수대로1219번길 8,,-,-
경기도 안양만안구 석수동,168-4,168,4,석수경남아너스빌,79.457,202110,11,"68,800",11,2002,경수대로1219번길 8,,-,-
경기도 안양만안구 석수동,805,805,0,주공그린빌,52.88,202110,9,"57,400",2,2003,삼막로 12,,-,-
경기도 안양만안구 석수동,786,786,0,코오롱하늘채,84.558,202110,8,"68,000",2,2010,충훈로 92,,-,-
경기도 안양만안구 석수동,794,794,0,현대아이파크,84.94,202110,9,"79,600",18,2009,충훈로 51,,-,-
경기도 안양만안구 석수동,275-1,275,1,현대홈타운,84.87,202110,5,"75,000",6,1999,안양로532번길 12,,-,-
경기도 안양만안구 석수동,275-1,275,1,현대홈타운,60,202110,11,"65,500",8,1999,안양로532번길 12,,-,-
경기도 안양만안구 안양동,823-10,823,10,공원,75.38,202110,13,"42,000",11,2003,박달로545번길 66-10,,-,-
경기도 안양만안구 안양동,622-15,622,15,그라하씨티,30.33,202110,11,"15,900",7,2014,장내로150번길 7,,-,-
경기도 안양만안구 안양동,622-15,622,15,그라하씨티,30.33,202110,11,"15,900",7,2014,장내로150번길 7,20211013,-,-
경기도 안양만안구 안양동,1038-3,1038,3,금용,84.87,202110,20,"34,500",8,1997,병목안로 179,,-,-
경기도 안양만안구 안양동,689-135,689,135,넥스빌,18.26,202110,2,"10,000",7,2013,박달로 600,,-,-
경기도 안양만안구 안양동,70,70,0,대우,84.14,202110,15,"63,000",9,1991,경수대로1001번길 116,,-,-
경기도 안양만안구 안양동,1393,1393,0,래미안안양메가트리아,84.7,202110,2,"115,000",8,2016,안양천서로 177,,-,-
경기도 안양만안구 안양동,1393,1393,0,래미안안양메가트리아,59.65,202110,30,"80,000",18,2016,안양천서로 177,,-,-
경기도 안양만안구 안양동,Oct-42,42,10,메르시,63.09,202110,4,"32,500",9,2018,예술공원로70번길 9,,-,-
경기도 안양만안구 안양동,534-5,534,5,명지캐럿162주상복합,84.1264,202110,2,"45,000",9,2006,만안로 17,,-,-
경기도 안양만안구 안양동,441-17,441,17,미도,83.41,202110,4,"30,000",3,2001,안양로168번길 14,,-,-
경기도 안양만안구 안양동,Jan-90,90,1,삼성래미안,55.2699,202110,11,"73,200",4,2002,안양천서로 311,,-,-
경기도 안양만안구 안양동,Jan-90,90,1,삼성래미안,79.3188,202110,12,"65,000",5,2002,안양천서로 311,,-,-
경기도 안양만안구 안양동,377-1,377,1,삼호수정,57.84,202110,2,"43,000",13,1996,안양로13번길 11,,-,-
경기도 안양만안구 안양동,709-16,709,16,성원상떼빌,84.986,202110,17,"66,700",10,2006,장내로 76,,-,-
경기도 안양만안구 안양동,435-9,435,9,세양청마루,58.59,202110,15,"32,600",18,2008,만안로 91,,-,-
경기도 안양만안구 안양동,421-1,421,1,씨티프라임,76.91,202110,2,"31,000",6,2015,현충로 1,,-,-
경기도 안양만안구 안양동,1411,1411,0,안양역한양수자인리버파크,59.4523,202110,9,"76,700",18,2019,안양천서로 357,,-,-
경기도 안양만안구 안양동,438-22,438,22,에스엠,59.78,202110,6,"28,000",7,2003,만안로 83,,-,-
경기도 안양만안구 안양동,817-15,817,15,영화아이닉스,59.832,202110,6,"47,000",16,2003,만안로 368,,-,-
경기도 안양만안구 안양동,730-1,730,1,"우성2(105동,106동)",52.485,202110,9,"30,000",6,1989,능곡로 36,,-,-
경기도 안양만안구 안양동,522-9,522,9,우양파크빌,75.9024,202110,13,"47,800",2,2002,문예로 27,,-,-
경기도 안양만안구 안양동,782-15,782,15,유일보노빌,16.22,202110,2,"9,700",10,2013,병목안로 16,,-,-
경기도 안양만안구 안양동,969-1,969,1,율목주공,84.84,202110,23,"49,800",18,2000,병목안로110번길 12,,-,-
경기도 안양만안구 안양동,1380,1380,0,주공뜨란채(아),59.92,202110,12,"77,800",12,2004,안양천서로 289,,-,-
경기도 안양만안구 안양동,428-2,428,2,한솔(102동),84.84,202110,18,"42,150",6,2002,현충로 25,,-,-
경기도 안양만안구 안양동,Apr-88,88,4,헤븐리치더퍼스트294,13.05,202110,14,"10,000",11,2018,만안로 254,,-,-
경기도 양주시 고암동,121-2,121,2,주원마을(주공2단지),49.71,202110,1,"29,000",2,2000,고암길 306-40,,-,-
경기도 양주시 고암동,121-2,121,2,주원마을(주공2단지),49.71,202110,1,"27,000",16,2000,고암길 306-40,,-,-
경기도 양주시 고암동,121-2,121,2,주원마을(주공2단지),59.21,202110,1,"31,000",17,2000,고암길 306-40,,-,-
경기도 양주시 고암동,121-2,121,2,주원마을(주공2단지),59.21,202110,2,"33,000",8,2000,고암길 306-40,,-,-
경기도 양주시 고암동,121-2,121,2,주원마을(주공2단지),59.42,202110,2,"31,000",21,2000,고암길 306-40,,-,-
경기도 양주시 고암동,121-2,121,2,주원마을(주공2단지),59.42,202110,9,"30,000",1,2000,고암길 306-40,,-,-
경기도 양주시 고암동,121-2,121,2,주원마을(주공2단지),59.21,202110,16,"29,000",1,2000,고암길 306-40,,-,-
경기도 양주시 고암동,121-2,121,2,주원마을(주공2단지),49.71,202110,26,"12,400",4,2000,고암길 306-40,,-,-
경기도 양주시 고암동,121-2,121,2,주원마을(주공2단지),49.71,202110,26,"19,900",2,2000,고암길 306-40,,-,-
경기도 양주시 고읍동,77,77,0,TS푸른솔1차,59.97,202110,7,"32,700",12,1999,부흥로 2021-7,,-,-
경기도 양주시 고읍동,77,77,0,TS푸른솔1차,59.97,202110,19,"34,000",3,1999,부흥로 2021-7,,-,-
경기도 양주시 고읍동,455,455,0,산내들마을우남퍼스트빌,84.8444,202110,7,"44,200",3,2009,고읍로 36-10,,-,-
경기도 양주시 고읍동,94,94,0,현대,84.855,202110,1,"39,000",10,1999,고덕로 340-12,,-,-
경기도 양주시 고읍동,94,94,0,현대,84.855,202110,5,"36,800",10,1999,고덕로 340-12,,-,-
경기도 양주시 고읍동,94,94,0,현대,84.855,202110,16,"34,000",2,1999,고덕로 340-12,,-,-
경기도 양주시 광사동,131-4,131,4,대방노블랜드,83.21,202110,22,"28,000",12,2003,부흥로 1898-4,,-,-
경기도 양주시 광사동,713,713,0,해동마을신도브래뉴,134.9657,202110,17,"56,500",6,2009,고읍남로39번길 48,20211102,-,-
경기도 양주시 광사동,713,713,0,해동마을신도브래뉴,84.8691,202110,19,"41,000",11,2009,고읍남로39번길 48,,-,-
경기도 양주시 광사동,713,713,0,해동마을신도브래뉴,134.9657,202110,25,"55,000",6,2009,고읍남로39번길 48,,-,-
경기도 양주시 광사동,658,658,0,해동마을유승한내들,84.9887,202110,1,"42,000",8,2009,고읍로 118-16,,-,-
경기도 양주시 광사동,658,658,0,해동마을유승한내들,84.9536,202110,6,"44,500",7,2009,고읍로 118-16,,-,-
경기도 양주시 광사동,658,658,0,해동마을유승한내들,84.9887,202110,9,"45,000",10,2009,고읍로 118-16,,-,-
경기도 양주시 광사동,658,658,0,해동마을유승한내들,84.9536,202110,9,"44,000",15,2009,고읍로 118-16,,-,-
경기도 양주시 광사동,658,658,0,해동마을유승한내들,84.9536,202110,15,"45,000",7,2009,고읍로 118-16,,-,-
경기도 양주시 광사동,712,712,0,해동마을한양수자인,59.9067,202110,8,"30,800",1,2010,고읍남로39번길 84,,-,-
경기도 양주시 광사동,712,712,0,해동마을한양수자인,84.9865,202110,18,"48,400",13,2010,고읍남로39번길 84,,-,-
경기도 양주시 광적면 가납리,905,905,0,양주벨라시티아파트,74.9947,202110,10,"29,000",14,2017,지섬로198번길 16,,-,-
경기도 양주시 광적면 가납리,905,905,0,양주벨라시티아파트,59.9935,202110,18,"22,000",2,2017,지섬로198번길 16,,-,-
경기도 양주시 광적면 가납리,905,905,0,양주벨라시티아파트,59.9935,202110,21,"23,000",13,2017,지섬로198번길 16,,-,-
경기도 양주시 광적면 가납리,905,905,0,양주벨라시티아파트,59.9935,202110,26,"23,000",13,2017,지섬로198번길 16,,-,-
경기도 양주시 광적면 가납리,840,840,0,양주성우헤스티아,59.996,202110,7,"15,000",6,2004,가래비11길 30,,-,-
경기도 양주시 덕계동,646-1,646,1,금광,55.5927,202110,1,"21,500",9,2002,평화로1429번길 89-94,,-,-
경기도 양주시 덕계동,646-1,646,1,금광,84.7902,202110,7,"23,000",8,2002,평화로1429번길 89-94,20211027,-,-
경기도 양주시 덕계동,669,669,0,덕계한주,59.92,202110,1,"20,000",2,1999,평화로1429번길 66,,-,-
경기도 양주시 덕계동,707-25,707,25,명성,42.84,202110,7,"11,200",2,1986,평화로1399번길 62,,-,-
경기도 양주시 덕계동,271-44,271,44,삼희근로자,44.46,202110,22,"14,900",10,1996,고덕로139번길 248-30,,-,-
경기도 양주시 덕계동,417-1,417,1,신우,59.91,202110,2,"20,000",14,1994,평화로1416번길 14,,-,-
경기도 양주시 덕계동,417-1,417,1,신우,59.91,202110,8,"20,500",1,1994,평화로1416번길 14,,-,-
경기도 양주시 덕계동,201,201,0,양주윤중아파트,52.8,202110,6,"19,600",3,2002,고덕로139번길 361-20,,-,-
경기도 양주시 덕계동,852,852,0,양주푸르지오,84.9097,202110,7,"38,000",13,2006,고덕로 89,,-,-
경기도 양주시 덕계동,852,852,0,양주푸르지오,84.9097,202110,14,"39,000",6,2006,고덕로 89,,-,-
경기도 양주시 덕계동,203-6,203,6,현대,59.986,202110,14,"27,500",8,1997,고덕로139번길 361-21,,-,-
경기도 양주시 덕계동,856,856,0,현진에버빌2단지,118.707,202110,4,"45,000",6,2007,고덕로 159,,-,-
경기도 양주시 덕정동,235,235,0,봉우마을(주공5단지),49.76,202110,9,"30,800",9,2000,고암길 354,,-,-
경기도 양주시 덕정동,235,235,0,봉우마을(주공5단지),59.47,202110,12,"34,000",17,2000,고암길 354,,-,-
경기도 양주시 덕정동,538,538,0,양주서희스타힐스1단지,84.75,202110,8,"28,540",6,2014,화합로1325번길 22-31,,-,-
경기도 양주시 덕정동,540,540,0,양주서희스타힐스2단지,59.98,202110,2,"49,600",17,2014,화합로1325번길 22-33,,-,-
경기도 양주시 덕정동,280-5,280,5,융보,81.3,202110,23,"27,800",12,1992,독바위로 55,,-,-
경기도 양주시 덕정동,164,164,0,주공1(은동마을),84.34,202110,2,"41,900",11,2001,화합로1426번길 39,,-,-
경기도 양주시 덕정동,210-2,210,2,청담마을(주공4단지),107.9,202110,1,"42,800",1,2001,고암길 305-40,,-,-
경기도 양주시 덕정동,210-2,210,2,청담마을(주공4단지),107.9,202110,9,"51,500",14,2001,고암길 305-40,,-,-
경기도 양주시 덕정동,286-9,286,9,한국(101.102.103동),46.27,202110,30,"19,800",4,1989,회정로109번길 60,,-,-
경기도 양주시 덕정동,218-1,218,1,한국(104동),53.91,202110,18,"19,700",4,1989,화합로1402번길 20,,-,-
경기도 양주시 덕정동,221-1,221,1,한국(105.106.107동),75.945,202110,16,"28,800",2,1990,회정로109번길 35,,-,-
경기도 양주시 만송동,697,697,0,은빛마을유승한내들,59.9837,202110,2,"31,000",3,2009,고읍북로 28-8,,-,-
경기도 양주시 만송동,697,697,0,은빛마을유승한내들,59.9694,202110,9,"37,300",14,2009,고읍북로 28-8,,-,-
경기도 양주시 만송동,696,696,0,은빛마을한양수자인,99.5817,202110,10,"50,500",6,2010,고읍로 117-7,,-,-
경기도 양주시 만송동,696,696,0,은빛마을한양수자인,99.7926,202110,21,"50,000",7,2010,고읍로 117-7,,-,-
경기도 양주시 백석읍 가업리,103-1,103,1,동화5차옥시죤,84.58455,202110,3,"29,000",3,2005,꿈나무로 320,,-,-
경기도 양주시 백석읍 가업리,103-1,103,1,동화5차옥시죤,84.58455,202110,11,"26,700",3,2005,꿈나무로 320,20211026,-,-
경기도 양주시 백석읍 가업리,103-1,103,1,동화5차옥시죤,59.90877,202110,11,"21,000",1,2005,꿈나무로 320,,-,-
경기도 양주시 백석읍 가업리,103-1,103,1,동화5차옥시죤,84.58455,202110,11,"26,700",3,2005,꿈나무로 320,,-,-
경기도 양주시 백석읍 가업리,Jan-99,99,1,세아청솔3차,49.89,202110,2,"12,800",11,2001,꿈나무로 298,,-,-
경기도 양주시 백석읍 가업리,Jan-99,99,1,세아청솔3차,84.81,202110,4,"22,700",6,2001,꿈나무로 298,,-,-
경기도 양주시 백석읍 가업리,Jan-99,99,1,세아청솔3차,84.81,202110,4,"20,000",1,2001,꿈나무로 298,,-,-
경기도 양주시 백석읍 방성리,511-2,511,2,대교산과내,59.85,202110,7,"14,500",14,1999,부흥로 1166-3,,-,-
경기도 양주시 백석읍 방성리,511-2,511,2,대교산과내,59.85,202110,10,"11,900",8,1999,부흥로 1166-3,,-,-
경기도 양주시 백석읍 복지리,94,94,0,가야1,55.62,202110,25,"9,000",1,1996,양주산성로 543,,-,-
경기도 양주시 백석읍 복지리,Mar-93,93,3,가야2,59.97,202110,2,"12,800",1,1997,호명로 77,,-,-
경기도 양주시 백석읍 복지리,Mar-93,93,3,가야2,59.97,202110,7,"16,200",3,1997,호명로 77,,-,-
경기도 양주시 백석읍 복지리,Mar-93,93,3,가야2,59.97,202110,14,"16,500",4,1997,호명로 77,,-,-
경기도 양주시 백석읍 복지리,Mar-93,93,3,가야2,59.97,202110,29,"16,800",14,1997,호명로 77,,-,-
경기도 양주시 백석읍 복지리,Jan-41,41,1,가야3,59.97,202110,2,"18,800",9,1999,양주산성로 523,,-,-
경기도 양주시 백석읍 복지리,Jan-41,41,1,가야3,59.97,202110,4,"13,000",10,1999,양주산성로 523,,-,-
경기도 양주시 백석읍 복지리,Jan-41,41,1,가야3,84.96,202110,19,"23,500",2,1999,양주산성로 523,,-,-
경기도 양주시 백석읍 복지리,80,80,0,가야5차써니빌,84.9164,202110,2,"29,000",7,2004,호명로 103-22,,-,-
경기도 양주시 백석읍 복지리,290,290,0,동화(장미마을),59.82,202110,5,"17,500",1,1999,꿈나무로 299,,-,-
경기도 양주시 백석읍 복지리,567,567,0,동화6차옥시죤,84.9985,202110,14,"33,000",9,2010,꿈나무로 325,,-,-
경기도 양주시 백석읍 복지리,322-4,322,4,초록마을,122.65,202110,4,"30,000",10,1999,꿈나무로 311,,-,-
경기도 양주시 백석읍 복지리,Feb-99,99,2,태영데시안,84.98,202110,7,"22,500",7,1999,호명로 87,,-,-
경기도 양주시 백석읍 오산리,107-2,107,2,백석세아(101동),84.12,202110,11,"13,000",6,1993,꿈나무로 136,,-,-
경기도 양주시 백석읍 오산리,296,296,0,한승리메이드,84.86,202110,8,"17,000",2,2001,권율로 1455-15,,-,-
경기도 양주시 백석읍 오산리,296,296,0,한승리메이드,84.86,202110,23,"24,300",8,2001,권율로 1455-15,,-,-
경기도 양주시 백석읍 오산리,296,296,0,한승리메이드,84.86,202110,25,"19,800",4,2001,권율로 1455-15,,-,-
경기도 양주시 삼숭동,632-2,632,2,TS푸른솔3,65.09,202110,23,"31,000",9,2001,부흥로 2096,,-,-
경기도 양주시 삼숭동,564,564,0,나래,59.96,202110,6,"25,000",6,1999,부흥로 2162,,-,-
경기도 양주시 삼숭동,564,564,0,나래,84.89,202110,11,"29,000",7,1999,부흥로 2162,,-,-
경기도 양주시 삼숭동,569,569,0,성우(아침의미소),59.82,202110,2,"28,000",11,2004,부흥로 2152-11,,-,-
경기도 양주시 삼숭동,569,569,0,성우(아침의미소),59.82,202110,5,"26,700",3,2004,부흥로 2152-11,,-,-
경기도 양주시 삼숭동,688,688,0,양주자이(6단지),84.9218,202110,9,"32,000",6,2006,삼숭로58번길 115,,-,-
경기도 양주시 삼숭동,688,688,0,양주자이(6단지),74.8844,202110,11,"29,800",6,2006,삼숭로58번길 115,,-,-
경기도 양주시 삼숭동,688,688,0,양주자이(6단지),84.9218,202110,18,"33,000",11,2006,삼숭로58번길 115,,-,-
경기도 양주시 삼숭동,688,688,0,양주자이(6단지),84.9218,202110,23,"29,800",9,2006,삼숭로58번길 115,,-,-
경기도 양주시 삼숭동,689,689,0,양주자이(7단지),84.9218,202110,1,"32,000",4,2006,삼숭로58번길 141,,-,-
경기도 양주시 삼숭동,689,689,0,양주자이(7단지),84.9218,202110,7,"31,500",6,2006,삼숭로58번길 141,,-,-
경기도 양주시 삼숭동,686-1,686,1,양주자이1단지,59.8903,202110,2,"24,500",1,2005,삼숭로38번길 78-30,,-,-
경기도 양주시 삼숭동,686-1,686,1,양주자이1단지,74.8844,202110,11,"31,500",10,2005,삼숭로38번길 78-30,,-,-
경기도 양주시 삼숭동,686-1,686,1,양주자이1단지,59.8903,202110,13,"26,700",15,2005,삼숭로38번길 78-30,,-,-
경기도 양주시 삼숭동,686-1,686,1,양주자이1단지,84.9218,202110,17,"32,000",3,2005,삼숭로38번길 78-30,,-,-
경기도 양주시 삼숭동,686-1,686,1,양주자이1단지,59.8903,202110,17,"27,000",14,2005,삼숭로38번길 78-30,,-,-
경기도 양주시 삼숭동,684-1,684,1,양주자이2단지,59.8903,202110,20,"25,000",3,2005,삼숭로38번길 78-12,,-,-
경기도 양주시 삼숭동,684-1,684,1,양주자이2단지,84.9218,202110,21,"31,000",1,2005,삼숭로38번길 78-12,,-,-
경기도 양주시 삼숭동,684-1,684,1,양주자이2단지,59.8903,202110,23,"24,000",9,2005,삼숭로38번길 78-12,,-,-
경기도 양주시 삼숭동,683-1,683,1,양주자이3단지,84.9218,202110,4,"30,500",1,2005,삼숭로38번길 55,,-,-
경기도 양주시 삼숭동,683-1,683,1,양주자이3단지,84.9218,202110,11,"32,500",9,2005,삼숭로38번길 55,,-,-
경기도 양주시 삼숭동,683-1,683,1,양주자이3단지,84.9218,202110,16,"32,800",5,2005,삼숭로38번길 55,,-,-
경기도 양주시 삼숭동,682-1,682,1,양주자이4단지,84.9218,202110,6,"34,500",10,2005,삼숭로38번길 91,,-,-
경기도 양주시 삼숭동,682-1,682,1,양주자이4단지,74.8844,202110,12,"30,000",9,2005,삼숭로38번길 91,,-,-
경기도 양주시 삼숭동,682-1,682,1,양주자이4단지,84.9218,202110,16,"30,500",2,2005,삼숭로38번길 91,,-,-
경기도 양주시 삼숭동,682-1,682,1,양주자이4단지,74.8844,202110,17,"27,000",12,2005,삼숭로38번길 91,,-,-
경기도 양주시 삼숭동,681-1,681,1,양주자이5단지,59.8903,202110,14,"25,800",2,2005,삼숭로38번길 190,,-,-
경기도 양주시 삼숭동,681-1,681,1,양주자이5단지,123.0401,202110,23,"46,000",11,2005,삼숭로38번길 190,,-,-
경기도 양주시 삼숭동,681-1,681,1,양주자이5단지,84.9218,202110,23,"29,000",12,2005,삼숭로38번길 190,,-,-
경기도 양주시 옥정동,958,958,0,e편한세상 옥정어반센트럴,74.8607,202110,2,"35,500",10,2017,옥정로5길 35,,-,-
경기도 양주시 옥정동,936,936,0,e편한세상옥정더퍼스트,74.9626,202110,8,"52,900",19,2019,옥정서로1길 60,,-,-
경기도 양주시 옥정동,936,936,0,e편한세상옥정더퍼스트,74.9626,202110,18,"53,000",20,2019,옥정서로1길 60,20211102,-,-
경기도 양주시 옥정동,936,936,0,e편한세상옥정더퍼스트,74.9626,202110,18,"53,000",20,2019,옥정서로1길 60,,-,-
경기도 양주시 옥정동,1051,1051,0,e편한세상옥정에듀써밋,66.9704,202110,13,"53,000",10,2018,옥정동로1길 63,,-,-
경기도 양주시 옥정동,1051,1051,0,e편한세상옥정에듀써밋,84.9664,202110,17,"60,000",2,2018,옥정동로1길 63,,-,-
경기도 양주시 옥정동,1051,1051,0,e편한세상옥정에듀써밋,84.9664,202110,28,"60,000",18,2018,옥정동로1길 63,,-,-
경기도 양주시 옥정동,1026,1026,0,리젠시빌란트,56.2867,202110,9,"36,300",19,2018,옥정동로9길 74,,-,-
경기도 양주시 옥정동,1026,1026,0,리젠시빌란트,56.2867,202110,12,"36,500",9,2018,옥정동로9길 74,,-,-
경기도 양주시 옥정동,176,176,0,세창리베하우스,84.9862,202110,4,"31,000",13,2003,새터로 37,,-,-
경기도 양주시 옥정동,176,176,0,세창리베하우스,84.9862,202110,13,"30,800",7,2003,새터로 37,,-,-
경기도 양주시 옥정동,955,955,0,옥정센트럴파크푸르지오,58.9923,202110,9,"47,700",3,2016,옥정서로 130,,-,-
경기도 양주시 옥정동,955,955,0,옥정센트럴파크푸르지오,58.978,202110,9,"47,700",5,2016,옥정서로 130,,-,-
경기도 양주시 옥정동,955,955,0,옥정센트럴파크푸르지오,58.978,202110,9,"48,000",5,2016,옥정서로 130,,-,-
경기도 양주시 옥정동,955,955,0,옥정센트럴파크푸르지오,58.9846,202110,21,"46,850",12,2016,옥정서로 130,,-,-
경기도 양주시 옥정동,955,955,0,옥정센트럴파크푸르지오,58.978,202110,23,"45,000",3,2016,옥정서로 130,,-,-
경기도 양주시 옥정동,955,955,0,옥정센트럴파크푸르지오,58.978,202110,31,"48,600",17,2016,옥정서로 130,,-,-
경기도 양주시 옥정동,1046,1046,0,율정마을13단지,74.98,202110,1,"41,000",20,2014,옥정동로 162,,-,-
경기도 양주시 옥정동,1046,1046,0,율정마을13단지,84.95,202110,3,"47,000",23,2014,옥정동로 162,,-,-
경기도 양주시 옥정동,1046,1046,0,율정마을13단지,74.98,202110,5,"40,000",25,2014,옥정동로 162,,-,-
경기도 양주시 옥정동,1046,1046,0,율정마을13단지,84.99,202110,6,"44,000",2,2014,옥정동로 162,,-,-
경기도 양주시 옥정동,1046,1046,0,율정마을13단지,84.99,202110,7,"44,800",8,2014,옥정동로 162,,-,-
경기도 양주시 옥정동,1046,1046,0,율정마을13단지,84.99,202110,7,"46,900",5,2014,옥정동로 162,,-,-
경기도 양주시 회정동,866,866,0,금용2,84.99,202110,12,"23,000",2,1992, 1552-19,,-,-
경기도 양주시 회정동,369,369,0,양주회정범양,75.95,202110,4,"30,000",8,2003,평화로1570번길 36,,-,-
경기도 양평군 강상면 병산리,1206,1206,0,양평현대성우(2단지),104.7088,202110,9,"39,500",8,2010,강남로 867,,-,-
경기도 양평군 강상면 병산리,1206,1206,0,양평현대성우(2단지),84.9088,202110,23,"33,000",4,2010,강남로 867,,-,-
경기도 양평군 강상면 병산리,1207,1207,0,양평현대성우(3단지),84.9088,202110,1,"27,000",3,2010,강남로 868,,-,-
경기도 양평군 강상면 병산리,1207,1207,0,양평현대성우(3단지),84.9088,202110,16,"33,500",15,2010,강남로 868,,-,-
경기도 양평군 강상면 병산리,1208,1208,0,양평휴먼빌2차,59.9966,202110,15,"31,000",7,2017,강남로 922,,-,-
경기도 양평군 강상면 병산리,1208,1208,0,양평휴먼빌2차,70.9671,202110,20,"37,750",15,2017,강남로 922,,-,-
경기도 양평군 강상면 병산리,1208,1208,0,양평휴먼빌2차,59.9966,202110,23,"30,200",6,2017,강남로 922,,-,-
경기도 양평군 강상면 병산리,1208,1208,0,양평휴먼빌2차,70.9671,202110,29,"37,500",13,2017,강남로 922,,-,-
경기도 양평군 강상면 병산리,1208,1208,0,양평휴먼빌2차,59.9966,202110,31,"26,000",1,2017,강남로 922,,-,-
경기도 양평군 양서면 양수리,567-1,567,1,훼미리,76.68,202110,16,"26,000",3,1992,양수로152번길 16,,-,-
경기도 양평군 양서면 용담리,704,704,0,양수역에델바움,58.432,202110,17,"34,500",10,2018,목왕로 25,,-,-
경기도 양평군 양평읍 공흥리,885,885,0,한신휴플러스,59.9994,202110,26,"31,000",12,2016,중앙로167번길 8,,-,-
경기도 양평군 양평읍 백안리,875,875,0,블루밍1단지,134.8772,202110,14,"50,000",12,2010,중앙로167번길 60,,-,-
경기도 양평군 양평읍 백안리,875,875,0,블루밍1단지,84.5947,202110,15,"33,700",13,2010,중앙로167번길 60,,-,-
경기도 양평군 양평읍 백안리,875,875,0,블루밍1단지,101.8463,202110,20,"38,000",12,2010,중앙로167번길 60,,-,-
경기도 양평군 양평읍 백안리,876,876,0,블루밍2단지,101.8463,202110,1,"35,000",9,2010,중앙로167번길 62,,-,-
경기도 양평군 양평읍 백안리,876,876,0,블루밍2단지,119.8672,202110,15,"43,000",3,2010,중앙로167번길 62,,-,-
경기도 양평군 양평읍 백안리,876,876,0,블루밍2단지,84.9326,202110,16,"32,000",8,2010,중앙로167번길 62,,-,-
경기도 양평군 양평읍 백안리,876,876,0,블루밍2단지,119.8672,202110,22,"43,700",18,2010,중앙로167번길 62,,-,-
경기도 양평군 양평읍 백안리,876,876,0,블루밍2단지,101.8463,202110,29,"36,800",3,2010,중앙로167번길 62,,-,-
경기도 양평군 양평읍 양근리,May-91,91,5,그린맨션1,73.63,202110,6,"22,500",14,1992,중앙로 14,,-,-
경기도 양평군 양평읍 양근리,137-48,137,48,그린맨션2,84.77,202110,13,"29,200",6,1995,중앙로 12,,-,-
경기도 양평군 양평읍 양근리,137-48,137,48,그린맨션2,84.9,202110,14,"23,000",11,1995,중앙로 12,,-,-
경기도 양평군 양평읍 양근리,170-43,170,43,금광1,59.74,202110,23,"20,500",13,1992,관문길18번길 16,,-,-
경기도 양평군 양평읍 양근리,170-7,170,7,금광2,103.83,202110,1,"21,000",5,1995,관문길18번길 10,,-,-
경기도 양평군 양평읍 양근리,170-7,170,7,금광2,59.65,202110,2,"21,000",10,1995,관문길18번길 10,,-,-
경기도 양평군 양평읍 양근리,170-7,170,7,금광2,59.65,202110,10,"20,500",3,1995,관문길18번길 10,,-,-
경기도 양평군 양평읍 양근리,140-5,140,5,양평현대,59.7,202110,6,"25,000",12,1996,관문길 60,,-,-
경기도 양평군 양평읍 양근리,376-8,376,8,현대성우오스타코아루주상복합,131.761,202110,2,"59,000",16,2012,역전길 22,,-,-
경기도 양평군 양평읍 양근리,376-8,376,8,현대성우오스타코아루주상복합,153.181,202110,5,"62,000",18,2012,역전길 22,,-,-
경기도 양평군 양평읍 양근리,376-8,376,8,현대성우오스타코아루주상복합,141.389,202110,8,"70,000",32,2012,역전길 22,,-,-
경기도 양평군 양평읍 양근리,376-8,376,8,현대성우오스타코아루주상복합,141.389,202110,18,"72,000",27,2012,역전길 22,,-,-
경기도 양평군 양평읍 양근리,376-8,376,8,현대성우오스타코아루주상복합,131.761,202110,23,"58,000",17,2012,역전길 22,,-,-
경기도 양평군 용문면 다문리,325-24,325,24,밀레니엄,84.3912,202110,1,"28,500",12,2020,용문시장5길 16,,-,-
경기도 양평군 용문면 다문리,325-24,325,24,밀레니엄,84.6835,202110,26,"32,000",2,2020,용문시장5길 16,20211027,-,-
경기도 양평군 용문면 다문리,325-24,325,24,밀레니엄,84.9023,202110,27,"30,500",7,2020,용문시장5길 16,,-,-
경기도 양평군 용문면 다문리,325-24,325,24,밀레니엄,84.6835,202110,28,"32,000",2,2020,용문시장5길 16,,-,-
경기도 양평군 용문면 다문리,1052,1052,0,용문코아루,62.74,202110,1,"26,000",1,2016,다문북길 57,,-,-
경기도 양평군 용문면 다문리,1052,1052,0,용문코아루,76.11,202110,16,"33,500",3,2016,다문북길 57,,-,-
경기도 양평군 용문면 마룡리,750,750,0,꽃여울,71.2164,202110,18,"14,000",5,2007,그릇고갯길 100,,-,-
경기도 여주시 가남읍 신해리,620-17,620,17,동남,59.77,202110,1,"9,500",1,1997,경충대로 1472-34,,-,-
경기도 여주시 가남읍 신해리,620-17,620,17,동남,59.77,202110,6,"11,000",7,1997,경충대로 1472-34,,-,-
경기도 여주시 가남읍 신해리,620-17,620,17,동남,59.77,202110,11,"10,500",1,1997,경충대로 1472-34,,-,-
경기도 여주시 가남읍 신해리,620-17,620,17,동남,59.77,202110,29,"12,000",5,1997,경충대로 1472-34,,-,-
경기도 여주시 가남읍 신해리,632,632,0,현진에버빌-1,28.03,202110,1,"4,400",17,2000,경충대로 1472-19,,-,-
경기도 여주시 가남읍 신해리,632,632,0,현진에버빌-1,49.58,202110,1,"10,000",17,2000,경충대로 1472-19,,-,-
경기도 여주시 가남읍 신해리,632,632,0,현진에버빌-1,59.73,202110,1,"13,300",2,2000,경충대로 1472-19,,-,-
경기도 여주시 가남읍 신해리,632,632,0,현진에버빌-1,59.73,202110,1,"11,500",1,2000,경충대로 1472-19,,-,-
경기도 여주시 가남읍 신해리,632,632,0,현진에버빌-1,59.73,202110,1,"11,500",1,2000,경충대로 1472-19,20211006,-,-
경기도 여주시 가남읍 신해리,632,632,0,현진에버빌-1,59.73,202110,1,"13,600",10,2000,경충대로 1472-19,20211006,-,-
경기도 여주시 가남읍 신해리,632,632,0,현진에버빌-1,39.59,202110,2,"8,000",6,2000,경충대로 1472-19,,-,-
경기도 여주시 가남읍 신해리,632,632,0,현진에버빌-1,39.59,202110,5,"8,200",9,2000,경충대로 1472-19,,-,-
경기도 여주시 가남읍 신해리,632,632,0,현진에버빌-1,59.73,202110,5,"13,500",2,2000,경충대로 1472-19,,-,-
경기도 여주시 가남읍 신해리,632,632,0,현진에버빌-1,39.59,202110,5,"8,000",7,2000,경충대로 1472-19,,-,-
경기도 여주시 가남읍 신해리,632,632,0,현진에버빌-1,59.73,202110,6,"13,600",10,2000,경충대로 1472-19,,-,-
경기도 여주시 가남읍 신해리,632,632,0,현진에버빌-1,28.03,202110,7,"4,700",2,2000,경충대로 1472-19,,-,-
경기도 여주시 가남읍 신해리,632,632,0,현진에버빌-1,28.03,202110,7,"4,700",4,2000,경충대로 1472-19,,-,-
경기도 여주시 가남읍 신해리,632,632,0,현진에버빌-1,39.59,202110,8,"8,000",5,2000,경충대로 1472-19,,-,-
경기도 여주시 가남읍 신해리,632,632,0,현진에버빌-1,39.59,202110,9,"7,200",17,2000,경충대로 1472-19,,-,-
경기도 여주시 가남읍 신해리,632,632,0,현진에버빌-1,39.59,202110,9,"8,250",5,2000,경충대로 1472-19,,-,-
경기도 여주시 가남읍 신해리,632,632,0,현진에버빌-1,59.73,202110,13,"13,000",5,2000,경충대로 1472-19,,-,-
경기도 여주시 가남읍 신해리,632,632,0,현진에버빌-1,28.03,202110,14,"5,800",15,2000,경충대로 1472-19,,-,-
경기도 여주시 가남읍 신해리,632,632,0,현진에버빌-1,49.58,202110,14,"10,400",3,2000,경충대로 1472-19,,-,-
경기도 여주시 가남읍 신해리,632,632,0,현진에버빌-1,49.58,202110,14,"9,900",12,2000,경충대로 1472-19,,-,-
경기도 여주시 가남읍 신해리,632,632,0,현진에버빌-1,28.03,202110,14,"5,800",11,2000,경충대로 1472-19,,-,-
경기도 여주시 가남읍 신해리,632,632,0,현진에버빌-1,39.59,202110,14,"8,000",13,2000,경충대로 1472-19,,-,-
경기도 여주시 가남읍 신해리,632,632,0,현진에버빌-1,28.03,202110,14,"5,600",6,2000,경충대로 1472-19,,-,-
경기도 여주시 가남읍 신해리,632,632,0,현진에버빌-1,39.59,202110,15,"7,950",12,2000,경충대로 1472-19,,-,-
경기도 여주시 가남읍 신해리,632,632,0,현진에버빌-1,39.59,202110,15,"7,950",12,2000,경충대로 1472-19,20211020,-,-
경기도 여주시 가남읍 신해리,632,632,0,현진에버빌-1,49.58,202110,16,"11,000",13,2000,경충대로 1472-19,,-,-
경기도 여주시 가남읍 신해리,632,632,0,현진에버빌-1,49.58,202110,19,"10,700",15,2000,경충대로 1472-19,,-,-
경기도 여주시 가남읍 신해리,632,632,0,현진에버빌-1,28.03,202110,20,"5,700",10,2000,경충대로 1472-19,,-,-
경기도 여주시 가남읍 신해리,632,632,0,현진에버빌-1,39.59,202110,20,"8,500",6,2000,경충대로 1472-19,,-,-
경기도 여주시 가남읍 신해리,632,632,0,현진에버빌-1,28.03,202110,20,"5,700",14,2000,경충대로 1472-19,,-,-
경기도 여주시 가남읍 신해리,632,632,0,현진에버빌-1,49.58,202110,23,"10,900",10,2000,경충대로 1472-19,,-,-
경기도 여주시 가남읍 신해리,632,632,0,현진에버빌-1,49.58,202110,23,"9,800",11,2000,경충대로 1472-19,,-,-
경기도 여주시 가남읍 신해리,620-8,620,8,현진에버빌-2,70.845,202110,4,"14,000",1,2001,경충대로 1472-23,,-,-
경기도 여주시 가남읍 신해리,620-8,620,8,현진에버빌-2,70.845,202110,5,"14,800",12,2001,경충대로 1472-23,,-,-
경기도 여주시 가남읍 신해리,620-8,620,8,현진에버빌-2,70.845,202110,9,"14,400",4,2001,경충대로 1472-23,,-,-
경기도 여주시 가남읍 신해리,620-8,620,8,현진에버빌-2,70.845,202110,18,"17,800",4,2001,경충대로 1472-23,,-,-
경기도 여주시 가남읍 신해리,620-8,620,8,현진에버빌-2,70.845,202110,20,"16,400",1,2001,경충대로 1472-23,,-,-
경기도 여주시 가남읍 신해리,620-8,620,8,현진에버빌-2,70.845,202110,21,"15,500",9,2001,경충대로 1472-23,,-,-
경기도 여주시 가남읍 신해리,620-8,620,8,현진에버빌-2,70.845,202110,31,"15,800",12,2001,경충대로 1472-23,,-,-
경기도 여주시 가남읍 심석리,118,118,0,세광리치타운(101동-108동),58.74,202110,7,"8,300",11,1999,경충대로 1162-20,,-,-
경기도 여주시 가남읍 심석리,118,118,0,세광리치타운(101동-108동),58.74,202110,7,"8,300",11,1999,경충대로 1162-20,20211020,-,-
경기도 여주시 가남읍 심석리,118,118,0,세광리치타운(101동-108동),58.74,202110,8,"9,500",15,1999,경충대로 1162-20,,-,-
경기도 여주시 가남읍 심석리,118,118,0,세광리치타운(101동-108동),58.74,202110,15,"7,900",3,1999,경충대로 1162-20,,-,-
경기도 여주시 가남읍 심석리,118,118,0,세광리치타운(101동-108동),58.74,202110,17,"8,500",15,1999,경충대로 1162-20,,-,-
경기도 여주시 가남읍 심석리,118,118,0,세광리치타운(101동-108동),58.74,202110,26,"6,830",11,1999,경충대로 1162-20,,-,-
경기도 여주시 가남읍 심석리,118,118,0,세광리치타운(101동-108동),58.74,202110,29,"7,450",1,1999,경충대로 1162-20,,-,-
경기도 여주시 가남읍 태평리,268-3,268,3,굿모닝타워,56.3909,202110,1,"9,300",16,2008,일신로 29,,-,-
경기도 여주시 교동,81,81,0,강남,59.92,202110,2,"19,000",13,1998,세종로 254-6,,-,-
경기도 여주시 교동,81,81,0,강남,84.97,202110,7,"19,500",9,1998,세종로 254-6,,-,-
경기도 여주시 교동,81,81,0,강남,59.92,202110,18,"20,500",12,1998,세종로 254-6,,-,-
경기도 여주시 교동,81,81,0,강남,59.92,202110,22,"17,500",1,1998,세종로 254-6,,-,-
경기도 여주시 교동,81,81,0,강남,84.97,202110,25,"20,500",7,1998,세종로 254-6,,-,-
경기도 여주시 교동,81,81,0,강남,84.97,202110,29,"21,000",15,1998,세종로 254-6,,-,-
경기도 여주시 교동,28,28,0,삼성명가타운,114.975,202110,8,"35,000",4,2001,세종로 255,,-,-
경기도 여주시 교동,127,127,0,예일세띠앙,84.966,202110,2,"40,000",4,2006,세종로 204-22,,-,-
경기도 여주시 교동,127,127,0,예일세띠앙,116.711,202110,2,"41,800",1,2006,세종로 204-22,,-,-
경기도 여주시 교동,127,127,0,예일세띠앙,84.966,202110,2,"40,700",12,2006,세종로 204-22,,-,-
경기도 여주시 교동,127,127,0,예일세띠앙,84.966,202110,3,"40,000",9,2006,세종로 204-22,,-,-
경기도 여주시 교동,127,127,0,예일세띠앙,74.14,202110,8,"26,000",7,2006,세종로 204-22,,-,-
경기도 여주시 교동,127,127,0,예일세띠앙,74.14,202110,12,"35,400",9,2006,세종로 204-22,,-,-
경기도 여주시 교동,127,127,0,예일세띠앙,84.966,202110,17,"40,400",10,2006,세종로 204-22,,-,-
경기도 여주시 교동,Feb-81,81,2,호반리젠시빌,71.1562,202110,1,"20,600",9,2003,세종로 254-16,,-,-
경기도 여주시 교동,Feb-81,81,2,호반리젠시빌,71.1562,202110,2,"21,800",7,2003,세종로 254-16,,-,-
경기도 여주시 교동,Feb-81,81,2,호반리젠시빌,71.1562,202110,2,"23,000",12,2003,세종로 254-16,,-,-
경기도 여주시 교동,Feb-81,81,2,호반리젠시빌,71.1562,202110,26,"21,700",3,2003,세종로 254-16,,-,-
경기도 여주시 능서면 신지리,1184,1184,0,우찬셀레스아파트,68.2814,202110,5,"19,000",3,2016,마장로 90,,-,-
경기도 여주시 멱곡동,376-8,376,8,정광휴레나,59.9679,202110,8,"15,000",3,2008,점곡길 10-3,,-,-
경기도 여주시 멱곡동,376-8,376,8,정광휴레나,59.9679,202110,15,"15,700",4,2008,점곡길 10-3,,-,-
경기도 여주시 멱곡동,376-8,376,8,정광휴레나,84.9144,202110,17,"19,000",14,2008,점곡길 10-3,,-,-
경기도 여주시 멱곡동,376-8,376,8,정광휴레나,84.9144,202110,26,"20,000",13,2008,점곡길 10-3,,-,-
경기도 여주시 연양동,348-4,348,4,영진리버빌,84.6793,202110,2,"17,500",2,2006,강변유원지길 22-35,,-,-
경기도 여주시 연양동,348-4,348,4,영진리버빌,84.9856,202110,3,"19,800",12,2006,강변유원지길 22-35,,-,-
경기도 여주시 오학동,401,401,0,성일우리미,147.7,202110,15,"30,700",2,2009,학동2길 42,,-,-
경기도 여주시 오학동,361,361,0,신도브래뉴리버뷰,84.991,202110,9,"30,000",12,2009,학동2길 12,,-,-
경기도 여주시 오학동,408,408,0,여주오드카운티,59.8584,202110,2,"20,000",13,2014,도예로 83-36,,-,-
경기도 여주시 오학동,408,408,0,여주오드카운티,74.9743,202110,23,"26,000",8,2014,도예로 83-36,,-,-
경기도 여주시 오학동,408,408,0,여주오드카운티,84.9978,202110,23,"27,000",15,2014,도예로 83-36,,-,-
경기도 여주시 오학동,100-5,100,5,현진에버빌,39.945,202110,3,"7,400",3,1998,여양로 341-10,20211007,-,-
경기도 여주시 오학동,100-5,100,5,현진에버빌,39.945,202110,3,"7,400",3,1998,여양로 341-10,,-,-
경기도 여주시 오학동,100-5,100,5,현진에버빌,52.06,202110,5,"10,500",13,1998,여양로 341-10,,-,-
경기도 여주시 오학동,100-5,100,5,현진에버빌,59.58,202110,7,"12,000",16,1998,여양로 341-10,,-,-
경기도 여주시 오학동,100-5,100,5,현진에버빌,59.58,202110,7,"10,900",5,1998,여양로 341-10,,-,-
경기도 여주시 오학동,100-5,100,5,현진에버빌,59.58,202110,10,"12,000",9,1998,여양로 341-10,,-,-
경기도 여주시 오학동,100-5,100,5,현진에버빌,59.58,202110,15,"11,900",13,1998,여양로 341-10,,-,-
경기도 여주시 오학동,100-5,100,5,현진에버빌,52.06,202110,15,"8,500",1,1998,여양로 341-10,,-,-
경기도 여주시 오학동,100-5,100,5,현진에버빌,59.58,202110,22,"12,000",19,1998,여양로 341-10,,-,-
경기도 여주시 오학동,100-5,100,5,현진에버빌,52.06,202110,22,"11,000",13,1998,여양로 341-10,,-,-
경기도 여주시 오학동,100-5,100,5,현진에버빌,39.945,202110,25,"7,500",15,1998,여양로 341-10,,-,-
경기도 여주시 오학동,100-5,100,5,현진에버빌,52.06,202110,25,"9,100",20,1998,여양로 341-10,,-,-
경기도 여주시 오학동,100-5,100,5,현진에버빌,52.06,202110,27,"11,500",5,1998,여양로 341-10,,-,-
경기도 여주시 월송동,380-5,380,5,두풍리치빌,84.7637,202110,5,"19,800",3,2003,여주남로 61,,-,-
경기도 여주시 월송동,380-5,380,5,두풍리치빌,84.7637,202110,8,"19,500",12,2003,여주남로 61,,-,-
경기도 여주시 월송동,380-5,380,5,두풍리치빌,84.7637,202110,16,"21,500",13,2003,여주남로 61,,-,-
경기도 여주시 월송동,388-29,388,29,보광그랑베르,61.991,202110,1,"15,500",10,2005,여주남로 58-31,,-,-
경기도 여주시 월송동,388-29,388,29,보광그랑베르,61.991,202110,1,"16,000",9,2005,여주남로 58-31,,-,-
경기도 여주시 월송동,388-29,388,29,보광그랑베르,84.903,202110,2,"20,450",10,2005,여주남로 58-31,,-,-
경기도 여주시 월송동,388-29,388,29,보광그랑베르,61.991,202110,7,"15,300",3,2005,여주남로 58-31,,-,-
경기도 여주시 월송동,388-29,388,29,보광그랑베르,61.991,202110,14,"16,600",5,2005,여주남로 58-31,,-,-
경기도 여주시 월송동,388-29,388,29,보광그랑베르,61.991,202110,19,"14,500",1,2005,여주남로 58-31,,-,-
경기도 여주시 월송동,388-29,388,29,보광그랑베르,61.991,202110,29,"16,500",9,2005,여주남로 58-31,,-,-
경기도 여주시 월송동,388-29,388,29,보광그랑베르,61.991,202110,29,"15,500",1,2005,여주남로 58-31,,-,-
경기도 여주시 월송동,388-29,388,29,보광그랑베르,84.903,202110,30,"19,800",9,2005,여주남로 58-31,,-,-
경기도 여주시 월송동,127-9,127,9,한성,59.995,202110,6,"16,000",11,2000,우암로 190,,-,-
경기도 여주시 월송동,127-9,127,9,한성,59.995,202110,6,"11,500",13,2000,우암로 190,20211029,-,-
경기도 여주시 월송동,127-9,127,9,한성,59.995,202110,16,"15,500",6,2000,우암로 190,,-,-
경기도 여주시 월송동,127-9,127,9,한성,59.995,202110,20,"10,000",15,2000,우암로 190,,-,-
경기도 여주시 점봉동,430-6,430,6,부영사랑으로,38.651,202110,10,"9,250",13,2000,세종로 394-10,,-,-
경기도 여주시 점봉동,430-6,430,6,부영사랑으로,38.651,202110,10,"9,100",7,2000,세종로 394-10,,-,-
경기도 여주시 점봉동,430-6,430,6,부영사랑으로,38.651,202110,11,"9,600",14,2000,세종로 394-10,,-,-
경기도 여주시 점봉동,430-6,430,6,부영사랑으로,38.651,202110,16,"9,500",9,2000,세종로 394-10,,-,-
경기도 여주시 점봉동,430-6,430,6,부영사랑으로,38.651,202110,19,"8,000",5,2000,세종로 394-10,,-,-
경기도 여주시 점봉동,430-6,430,6,부영사랑으로,48.906,202110,20,"12,000",4,2000,세종로 394-10,,-,-
경기도 여주시 점봉동,430-6,430,6,부영사랑으로,48.906,202110,23,"12,000",13,2000,세종로 394-10,,-,-
경기도 여주시 점봉동,430-6,430,6,부영사랑으로,38.651,202110,28,"7,700",4,2000,세종로 394-10,,-,-
경기도 여주시 점봉동,430-6,430,6,부영사랑으로,38.651,202110,28,"9,600",5,2000,세종로 394-10,,-,-
경기도 여주시 점봉동,291-1,291,1,세종그랑시아,74.6836,202110,2,"16,500",1,2006,농산로 27,,-,-
경기도 여주시 점봉동,291-1,291,1,세종그랑시아,74.6836,202110,3,"19,300",13,2006,농산로 27,,-,-
경기도 여주시 점봉동,291-1,291,1,세종그랑시아,74.6836,202110,17,"19,300",6,2006,농산로 27,,-,-
경기도 여주시 점봉동,291-1,291,1,세종그랑시아,74.6836,202110,25,"19,500",8,2006,농산로 27,,-,-
경기도 여주시 천송동,599,599,0,여주KCC스위첸,84.9386,202110,30,"51,500",27,2019,강변북로 2,,-,-
경기도 여주시 천송동,515-1,515,1,월드타워,16.9826,202110,8,"6,300",4,2017,여양로 212,,-,-
경기도 여주시 천송동,515-1,515,1,월드타워,16.9826,202110,8,"6,300",4,2017,여양로 212,,-,-
경기도 여주시 천송동,515-1,515,1,월드타워,19.7861,202110,16,"7,700",8,2017,여양로 212,,-,-
경기도 여주시 천송동,515-1,515,1,월드타워,16.9826,202110,16,"7,300",13,2017,여양로 212,,-,-
경기도 여주시 하동,122-7,122,7,삼한강변,84.65,202110,4,"18,000",17,1993,청심로 67,,-,-
경기도 여주시 하동,123,123,0,현대,84.96,202110,6,"18,200",2,1995,청심로 79,,-,-
경기도 여주시 현암동,684,684,0,e편한세상여주,84.4212,202110,2,"28,300",1,2014,도예로 83-60,,-,-
경기도 여주시 현암동,684,684,0,e편한세상여주,84.6082,202110,13,"30,500",5,2014,도예로 83-60,,-,-
경기도 여주시 현암동,684,684,0,e편한세상여주,84.6082,202110,16,"30,900",5,2014,도예로 83-60,,-,-
경기도 여주시 현암동,684,684,0,e편한세상여주,84.4212,202110,20,"30,500",6,2014,도예로 83-60,,-,-
경기도 여주시 현암동,684,684,0,e편한세상여주,84.4212,202110,30,"32,300",14,2014,도예로 83-60,,-,-
경기도 여주시 현암동,188-1,188,1,벽산늘푸른,37.52,202110,2,"9,200",18,1997,도예로 35,,-,-
경기도 여주시 현암동,188-1,188,1,벽산늘푸른,37.52,202110,4,"7,800",7,1997,도예로 35,,-,-
경기도 여주시 현암동,188-1,188,1,벽산늘푸른,37.52,202110,7,"7,450",14,1997,도예로 35,,-,-
경기도 여주시 현암동,188-1,188,1,벽산늘푸른,37.52,202110,9,"7,000",1,1997,도예로 35,,-,-
경기도 여주시 현암동,188-1,188,1,벽산늘푸른,37.52,202110,13,"8,500",7,1997,도예로 35,,-,-
경기도 여주시 현암동,188-1,188,1,벽산늘푸른,37.52,202110,21,"7,000",1,1997,도예로 35,,-,-
경기도 여주시 현암동,188-1,188,1,벽산늘푸른,37.52,202110,26,"9,000",8,1997,도예로 35,,-,-
경기도 여주시 현암동,188-1,188,1,벽산늘푸른,37.52,202110,27,"6,650",7,1997,도예로 35,,-,-
경기도 여주시 현암동,177-3,177,3,삼진,56.07,202110,26,"7,800",5,1990,현암2길 28-13,,-,-
경기도 여주시 현암동,695,695,0,여주아이파크,84.9804,202110,5,"35,000",7,2020,현암로 20,,-,-
경기도 여주시 현암동,177-23,177,23,영동,59.47,202110,1,"7,500",3,1997,현암3길 29,,-,-
경기도 여주시 현암동,195,195,0,이안여주강변,84.98,202110,6,"25,800",2,2009,도예로 40,,-,-
경기도 여주시 현암동,195,195,0,이안여주강변,84.83,202110,30,"26,600",8,2009,도예로 40,,-,-
경기도 여주시 홍문동,286-11,286,11,대우,64.26,202110,19,"7,000",1,1991,세종로67번길 27-16,,-,-
경기도 여주시 홍문동,353,353,0,동원,59.469,202110,6,"17,500",14,2001,세종로 173-69,,-,-
경기도 여주시 홍문동,353,353,0,동원,49.2911,202110,6,"14,900",15,2001,세종로 173-69,,-,-
경기도 여주시 홍문동,353,353,0,동원,59.469,202110,9,"17,300",3,2001,세종로 173-69,,-,-
경기도 여주시 홍문동,353,353,0,동원,49.2911,202110,12,"14,950",10,2001,세종로 173-69,,-,-
경기도 여주시 홍문동,353,353,0,동원,49.2911,202110,13,"15,000",18,2001,세종로 173-69,,-,-
경기도 여주시 홍문동,353,353,0,동원,49.2911,202110,16,"15,000",7,2001,세종로 173-69,,-,-
경기도 여주시 홍문동,산8-1,8,1,삼한,64,202110,1,"11,200",5,1991,세종로 135,,-,-
경기도 여주시 홍문동,산8-1,8,1,삼한,79.3,202110,18,"11,500",5,1991,세종로 135,,-,-
경기도 여주시 홍문동,377-1,377,1,상우1차,84.42,202110,1,"18,900",16,1993,세종로 173-65,,-,-
경기도 여주시 홍문동,377-1,377,1,상우1차,59.535,202110,2,"15,000",9,1993,세종로 173-65,,-,-
경기도 여주시 홍문동,377-1,377,1,상우1차,124.65,202110,7,"23,000",12,1993,세종로 173-65,,-,-
경기도 여주시 홍문동,377-1,377,1,상우1차,59.535,202110,8,"14,500",2,1993,세종로 173-65,,-,-
경기도 여주시 홍문동,377-1,377,1,상우1차,84.42,202110,9,"21,500",4,1993,세종로 173-65,,-,-
경기도 여주시 홍문동,377-1,377,1,상우1차,59.535,202110,9,"12,000",2,1993,세종로 173-65,,-,-
경기도 여주시 홍문동,377-1,377,1,상우1차,59.535,202110,23,"13,000",1,1993,세종로 173-65,,-,-
경기도 여주시 홍문동,377-1,377,1,상우1차,59.535,202110,25,"15,700",14,1993,세종로 173-65,,-,-
경기도 여주시 홍문동,377-6,377,6,상우2차,59.55,202110,1,"12,000",4,1994,세종로 173-67,,-,-
경기도 여주시 홍문동,377-6,377,6,상우2차,59.55,202110,8,"10,700",2,1994,세종로 173-67,,-,-
경기도 여주시 홍문동,377-6,377,6,상우2차,59.55,202110,23,"11,500",5,1994,세종로 173-67,,-,-
경기도 여주시 홍문동,181,181,0,홍문현대아파트,84.77,202110,5,"25,500",11,1996,세종로 61,20211022,-,-
경기도 여주시 홍문동,181,181,0,홍문현대아파트,84.77,202110,6,"21,700",17,1996,세종로 61,,-,-
경기도 여주시 홍문동,181,181,0,홍문현대아파트,59.72,202110,15,"15,300",14,1996,세종로 61,,-,-
경기도 여주시 홍문동,181,181,0,홍문현대아파트,84.77,202110,23,"25,700",11,1996,세종로 61,,-,-
경기도 연천군 신서면 도신리,248-15,248,15,대광빌라,83.27,202110,18,"4,500",4,1998,연신로 1109-27,,-,-
경기도 연천군 연천읍 옥산리,459-1,459,1,조흥,59.85,202110,26,"10,300",3,1996,차옥로 81,,-,-
경기도 연천군 연천읍 현가리,498,498,0,로하스,84.896,202110,17,"19,500",10,2014,연천로336번길 40-10,,-,-
경기도 연천군 전곡읍 은대리,530-9,530,9,가람채아파트,58.66,202110,19,"12,000",5,2009,평화로698번길 81,,-,-
경기도 연천군 전곡읍 은대리,530-9,530,9,가람채아파트,58.66,202110,19,"10,300",7,2009,평화로698번길 81,,-,-
경기도 연천군 전곡읍 은대리,530-9,530,9,가람채아파트,58.66,202110,19,"11,600",9,2009,평화로698번길 81,,-,-
경기도 연천군 전곡읍 은대리,530-9,530,9,가람채아파트,28.27,202110,22,"6,800",5,2009,평화로698번길 81,,-,-
경기도 연천군 전곡읍 은대리,2502,2502,0,연천전곡코아루더클래스,84.9748,202110,28,"30,900",3,2020,은빛로 83,,-,-
경기도 연천군 전곡읍 전곡리,449-18,449,18,강민,34.98,202110,14,"4,700",4,1997,전영로11번길 26,,-,-
경기도 연천군 전곡읍 전곡리,449-18,449,18,강민,34.98,202110,30,"4,800",5,1997,전영로11번길 26,,-,-
경기도 연천군 전곡읍 전곡리,449-18,449,18,강민,34.98,202110,30,"4,700",6,1997,전영로11번길 26,,-,-
경기도 연천군 전곡읍 전곡리,318-7,318,7,유명,53.11,202110,8,"6,200",1,1995,전곡로87번길 34,20211008,-,-
경기도 연천군 전곡읍 전곡리,318-7,318,7,유명,53.11,202110,8,"6,100",1,1995,전곡로87번길 34,,-,-
경기도 연천군 전곡읍 전곡리,318-7,318,7,유명,53.11,202110,16,"6,900",11,1995,전곡로87번길 34,,-,-
경기도 연천군 전곡읍 전곡리,318-7,318,7,유명,53.11,202110,18,"5,900",1,1995,전곡로87번길 34,,-,-
경기도 연천군 전곡읍 전곡리,318-7,318,7,유명,53.11,202110,20,"6,850",6,1995,전곡로87번길 34,,-,-
경기도 연천군 전곡읍 전곡리,330-3,330,3,전곡석미한아름,38.094,202110,12,"9,000",13,2002,선사로 415,,-,-
경기도 연천군 전곡읍 전곡리,330-3,330,3,전곡석미한아름,38.094,202110,13,"9,000",7,2002,선사로 415,,-,-
경기도 연천군 전곡읍 전곡리,684,684,0,전곡예일세띠앙,66.604,202110,19,"16,900",9,2006,전곡로 24,,-,-
경기도 연천군 전곡읍 전곡리,263,263,0,조흥,77.39,202110,1,"8,500",1,1992,밤골로 7,,-,-
경기도 연천군 전곡읍 전곡리,263,263,0,조흥,59.69,202110,1,"4,900",1,1992,밤골로 7,,-,-
경기도 연천군 전곡읍 전곡리,263,263,0,조흥,69.61,202110,6,"7,000",5,1992,밤골로 7,,-,-
경기도 연천군 전곡읍 전곡리,263,263,0,조흥,59.84,202110,9,"5,300",6,1992,밤골로 7,,-,-
경기도 연천군 전곡읍 전곡리,263,263,0,조흥,77.94,202110,12,"6,500",6,1992,밤골로 7,,-,-
경기도 연천군 전곡읍 전곡리,263,263,0,조흥,82.38,202110,18,"8,800",1,1992,밤골로 7,,-,-
경기도 연천군 전곡읍 전곡리,267-6,267,6,진상,46.065,202110,29,"5,000",4,1993,전곡로75번길 44,,-,-
경기도 연천군 청산면 백의리,Jan-50,50,1,백의리아느칸빌,84.9251,202110,8,"10,000",1,2006,청창로 677,,-,-
경기도 연천군 청산면 백의리,Jan-50,50,1,백의리아느칸빌,49.4598,202110,8,"5,000",5,2006,청창로 677,,-,-
경기도 연천군 청산면 백의리,Jan-50,50,1,백의리아느칸빌,59.3544,202110,9,"6,500",1,2006,청창로 677,,-,-
경기도 연천군 청산면 백의리,Jan-50,50,1,백의리아느칸빌,59.3544,202110,31,"7,500",3,2006,청창로 677,,-,-
경기도 오산시 가수동,398,398,0,가수동늘푸른오스카빌,84.9849,202110,1,"31,300",2,2006,가수로 33,,-,-
경기도 오산시 가수동,398,398,0,가수동늘푸른오스카빌,84.9849,202110,2,"33,700",2,2006,가수로 33,,-,-
경기도 오산시 가수동,398,398,0,가수동늘푸른오스카빌,84.9849,202110,4,"32,500",1,2006,가수로 33,,-,-
경기도 오산시 가수동,398,398,0,가수동늘푸른오스카빌,84.9849,202110,12,"31,500",1,2006,가수로 33,,-,-
경기도 오산시 가수동,398,398,0,가수동늘푸른오스카빌,84.9849,202110,15,"35,000",12,2006,가수로 33,,-,-
경기도 오산시 가수동,398,398,0,가수동늘푸른오스카빌,84.9849,202110,30,"33,500",13,2006,가수로 33,,-,-
경기도 오산시 가수동,106-1,106,1,가수주공,39.27,202110,2,"18,200",1,1990,발안로 1419-13,,-,-
경기도 오산시 가수동,106-1,106,1,가수주공,39.66,202110,13,"20,000",5,1990,발안로 1419-13,,-,-
경기도 오산시 가수동,106-1,106,1,가수주공,46.65,202110,15,"22,000",4,1990,발안로 1419-13,,-,-
경기도 오산시 가수동,106-1,106,1,가수주공,39.27,202110,30,"19,500",2,1990,발안로 1419-13,,-,-
경기도 오산시 갈곶동,251,251,0,우림,39.84,202110,1,"14,300",1,1998,경기대로 74,,-,-
경기도 오산시 갈곶동,251,251,0,우림,39.84,202110,2,"14,300",11,1998,경기대로 74,,-,-
경기도 오산시 갈곶동,251,251,0,우림,59.95,202110,5,"24,800",4,1998,경기대로 74,,-,-
경기도 오산시 갈곶동,251,251,0,우림,49.5,202110,6,"19,000",2,1998,경기대로 74,,-,-
경기도 오산시 갈곶동,251,251,0,우림,39.84,202110,11,"14,800",5,1998,경기대로 74,,-,-
경기도 오산시 갈곶동,251,251,0,우림,59.95,202110,15,"24,000",3,1998,경기대로 74,,-,-
경기도 오산시 갈곶동,251,251,0,우림,39.84,202110,15,"17,500",6,1998,경기대로 74,,-,-
경기도 오산시 갈곶동,110-5,110,5,우방,59.93,202110,5,"28,000",19,1999,오산로 77,,-,-
경기도 오산시 갈곶동,110-5,110,5,우방,84.99,202110,8,"32,500",19,1999,오산로 77,,-,-
경기도 오산시 갈곶동,211,211,0,원영,54.54,202110,31,"11,800",4,1999,오산로 38,,-,-
경기도 오산시 갈곶동,175,175,0,화남,81.66,202110,2,"30,000",14,1998,오산로 29,,-,-
경기도 오산시 갈곶동,175,175,0,화남,81.66,202110,4,"29,800",7,1998,오산로 29,,-,-
경기도 오산시 갈곶동,175,175,0,화남,81.66,202110,8,"28,900",3,1998,오산로 29,,-,-
경기도 오산시 고현동,270,270,0,고현아이파크,84.9707,202110,20,"40,500",4,2009,남부대로 430-12,,-,-
경기도 오산시 궐동,681-1,681,1,센트하임,84.99,202110,1,"31,300",9,2005,궐리사로 8,,-,-
경기도 오산시 궐동,681-1,681,1,센트하임,84.99,202110,9,"28,000",14,2005,궐리사로 8,,-,-
경기도 오산시 궐동,616-1,616,1,우남퍼스트빌,84.9834,202110,2,"40,600",14,2004,궐리사로29번길 13,,-,-
경기도 오산시 궐동,616-1,616,1,우남퍼스트빌,70.1135,202110,2,"33,000",4,2004,궐리사로29번길 13,,-,-
경기도 오산시 궐동,616-1,616,1,우남퍼스트빌,70.1135,202110,17,"30,500",13,2004,궐리사로29번길 13,,-,-
경기도 오산시 금암동,515,515,0,세교데시앙포레,123.18,202110,13,"62,000",8,2010,여계산로 21,,-,-
경기도 오산시 금암동,499,499,0,죽미마을휴먼시아(12단지),84.85,202110,8,"49,000",18,2011,수청로 107,,-,-
경기도 오산시 금암동,496,496,0,죽미마을휴튼9단지,84.96,202110,2,"49,000",1,2011,수청로 165,,-,-
경기도 오산시 내삼미동,895,895,0,오산대역세교자이,75.3115,202110,5,"70,000",23,2018,삼미로 34,,-,-
경기도 오산시 내삼미동,895,895,0,오산대역세교자이,83.2216,202110,22,"72,000",14,2018,삼미로 34,,-,-
경기도 오산시 누읍동,561-1,561,1,이림,37.47,202110,5,"11,500",2,2000,발안로 1353-8,,-,-
경기도 오산시 누읍동,561-1,561,1,이림,37.47,202110,5,"11,800",5,2000,발안로 1353-8,,-,-
경기도 오산시 누읍동,561-1,561,1,이림,37.47,202110,6,"10,900",13,2000,발안로 1353-8,,-,-
경기도 오산시 누읍동,561-1,561,1,이림,37.47,202110,9,"10,900",20,2000,발안로 1353-8,,-,-
경기도 오산시 누읍동,561-1,561,1,이림,37.47,202110,20,"12,900",6,2000,발안로 1353-8,,-,-
경기도 오산시 누읍동,561-1,561,1,이림,37.47,202110,25,"10,750",19,2000,발안로 1353-8,,-,-
경기도 오산시 누읍동,561-1,561,1,이림,37.47,202110,28,"13,200",2,2000,발안로 1353-8,,-,-
경기도 오산시 누읍동,438,438,0,한라그린타운,75.24,202110,2,"27,000",7,2000,누읍로 17,,-,-
경기도 오산시 누읍동,438,438,0,한라그린타운,59.97,202110,4,"24,800",13,2000,누읍로 17,,-,-
경기도 오산시 누읍동,438,438,0,한라그린타운,75.24,202110,8,"28,000",20,2000,누읍로 17,,-,-
경기도 오산시 누읍동,438,438,0,한라그린타운,59.97,202110,14,"26,700",5,2000,누읍로 17,,-,-
경기도 오산시 부산동,830,830,0,오산센트럴푸르지오,74.975,202110,2,"58,500",21,2018,현충로 107-30,,-,-
경기도 오산시 부산동,830,830,0,오산센트럴푸르지오,84.991,202110,2,"65,500",8,2018,현충로 107-30,,-,-
경기도 오산시 부산동,830,830,0,오산센트럴푸르지오,74.975,202110,11,"59,000",15,2018,현충로 107-30,,-,-
경기도 오산시 부산동,801,801,0,오산시티자이1차2단지,59.9189,202110,2,"54,800",25,2017,부산중앙로 12,,-,-
경기도 오산시 부산동,778-1,778,1,주공1,59.99,202110,1,"34,000",7,2000,운암로 122,,-,-
경기도 오산시 부산동,778-1,778,1,주공1,59.99,202110,13,"32,000",18,2000,운암로 122,,-,-
경기도 오산시 부산동,778-1,778,1,주공1,59.99,202110,21,"34,900",12,2000,운암로 122,,-,-
경기도 오산시 부산동,779-1,779,1,주공3,59.39,202110,6,"38,000",8,2000,운암로 90,,-,-
경기도 오산시 부산동,779-1,779,1,주공3,59.39,202110,7,"31,700",4,2000,운암로 90,,-,-
경기도 오산시 서동,125-2,125,2,신동아(파밀리에),45.9,202110,2,"15,000",13,1995,초평로 35,,-,-
경기도 오산시 서동,125-2,125,2,신동아(파밀리에),59.85,202110,15,"16,000",16,1995,초평로 35,,-,-
경기도 오산시 서동,125-8,125,8,신동아(파밀리에)2,59.85,202110,2,"25,000",14,1999,초평로 84-4,,-,-
경기도 오산시 서동,125-8,125,8,신동아(파밀리에)2,59.85,202110,2,"24,800",5,1999,초평로 84-4,,-,-
경기도 오산시 서동,125-8,125,8,신동아(파밀리에)2,59.85,202110,6,"24,900",3,1999,초평로 84-4,,-,-
경기도 오산시 세교동,622,622,0,세마역 트루엘 더퍼스트,84.61,202110,1,"61,000",10,2013,수목원로 615,,-,-
경기도 오산시 세교동,624,624,0,잔다리마을휴먼시아(2단지),59.87,202110,21,"46,000",14,2010,수목원로 577-15,,-,-
경기도 오산시 수청동,514,514,0,대우,60.912,202110,2,"35,000",8,1993,청학로173번길 9,,-,-
경기도 오산시 수청동,569,569,0,물향기마을우미이노스빌,59.9789,202110,9,"47,000",12,2004,수청로 31,,-,-
경기도 오산시 수청동,569,569,0,물향기마을우미이노스빌,59.6708,202110,27,"36,800",7,2004,수청로 31,,-,-
경기도 오산시 양산동,668-1,668,1,오산세마e편한세상,121.696,202110,2,"69,800",12,2010,양산로 460,,-,-
경기도 오산시 양산동,668-1,668,1,오산세마e편한세상,84.981,202110,15,"57,300",5,2010,양산로 460,,-,-
경기도 오산시 오산동,923-2,923,2,대동,99.79,202110,11,"55,000",2,2000,운암로 64,,-,-
경기도 오산시 오산동,920-2,920,2,주공2단지,84.34,202110,11,"48,500",3,2000,운암로 89,,-,-
경기도 오산시 오산동,920-2,920,2,주공2단지,84.34,202110,14,"52,000",12,2000,운암로 89,,-,-
경기도 오산시 오산동,920-2,920,2,주공2단지,84.34,202110,15,"45,000",20,2000,운암로 89,,-,-
경기도 오산시 오산동,920-2,920,2,주공2단지,84.34,202110,30,"48,000",5,2000,운암로 89,,-,-
경기도 오산시 오산동,922-4,922,4,주공4,84.34,202110,1,"51,800",18,2000,운암로 45,,-,-
경기도 오산시 오산동,922-2,922,2,현대,84.8484,202110,5,"34,000",1,2000,운암로 63,,-,-
경기도 오산시 외삼미동,650,650,0,서동탄역더샵파크시티,84.9772,202110,1,"73,000",28,2019,문시로 183-19,,-,-
경기도 오산시 외삼미동,650,650,0,서동탄역더샵파크시티,61.9983,202110,2,"59,800",9,2019,문시로 183-19,,-,-
경기도 오산시 외삼미동,650,650,0,서동탄역더샵파크시티,61.9983,202110,5,"59,500",4,2019,문시로 183-19,,-,-
경기도 오산시 외삼미동,650,650,0,서동탄역더샵파크시티,74.6784,202110,5,"64,000",16,2019,문시로 183-19,,-,-
경기도 오산시 외삼미동,650,650,0,서동탄역더샵파크시티,61.9983,202110,11,"56,000",2,2019,문시로 183-19,,-,-
경기도 오산시 외삼미동,650,650,0,서동탄역더샵파크시티,84.9772,202110,23,"75,000",24,2019,문시로 183-19,,-,-
경기도 오산시 원동,826-1,826,1,대우푸르지오,84.557,202110,30,"43,000",15,2005,남부대로 411-15,,-,-
경기도 오산시 원동,30,30,0,대원레스피아,59.867,202110,1,"30,000",15,2000,부원로 67-6,,-,-
경기도 오산시 원동,30,30,0,대원레스피아,59.867,202110,4,"29,500",10,2000,부원로 67-6,,-,-
경기도 오산시 원동,30,30,0,대원레스피아,59.553,202110,4,"27,600",3,2000,부원로 67-6,,-,-
경기도 오산시 원동,30,30,0,대원레스피아,59.867,202110,21,"29,500",8,2000,부원로 67-6,,-,-
경기도 오산시 원동,807,807,0,동부,59.931,202110,4,"32,500",11,1996,경기대로 99-15,,-,-
경기도 오산시 원동,807,807,0,동부,59.931,202110,11,"30,000",15,1996,경기대로 99-15,,-,-
경기도 오산시 원동,807,807,0,삼환,59.88,202110,2,"31,700",6,1996,경기대로 99-15,,-,-
경기도 오산시 원동,807,807,0,삼환,59.88,202110,12,"29,000",1,1996,경기대로 99-15,,-,-
경기도 오산시 원동,807,807,0,삼환,59.88,202110,14,"30,900",12,1996,경기대로 99-15,,-,-
경기도 오산시 원동,807,807,0,삼환,59.88,202110,22,"31,000",6,1996,경기대로 99-15,,-,-
경기도 오산시 원동,214-3,214,3,신양,59.91,202110,1,"25,000",17,1995,대원로 47,,-,-
경기도 오산시 원동,214-3,214,3,신양,59.91,202110,15,"18,000",8,1995,대원로 47,,-,-
경기도 오산시 원동,900,900,0,오산역e-편한세상2단지,84.9716,202110,2,"55,900",6,2007,오산로132번길 10,,-,-
경기도 오산시 원동,907,907,0,오산원동한양수자인아파트,59.91,202110,1,"48,000",9,2019,부원로87번길 19-1,,-,-
경기도 오산시 원동,768-1,768,1,우경싸이트빌,28.61,202110,13,"7,300",13,2005,경기대로 227,,-,-
경기도 오산시 원동,815-1,815,1,운암주공5단지,59.99,202110,7,"35,000",5,1999,대원로 70,,-,-
경기도 오산시 원동,805-1,805,1,청구,84.19,202110,6,"38,000",6,1996,남부대로 330-14,,-,-
경기도 오산시 은계동,117,117,0,리버빌,59.4,202110,13,"23,800",8,2004,은여울로 29,,-,-
경기도 오산시 은계동,70,70,0,은계주공,47.25,202110,7,"27,250",2,1987,은여울로43번길 16,,-,-
경기도 오산시 지곶동,577,577,0,e편한세상오산세교,59.9841,202110,1,"43,000",20,2018,세마문학로 50,,-,-
경기도 오산시 지곶동,577,577,0,e편한세상오산세교,74.9435,202110,2,"51,000",14,2018,세마문학로 50,,-,-
경기도 오산시 지곶동,577,577,0,e편한세상오산세교,74.9435,202110,5,"47,000",1,2018,세마문학로 50,,-,-
경기도 오산시 지곶동,577,577,0,e편한세상오산세교,59.9841,202110,9,"45,000",7,2018,세마문학로 50,,-,-
경기도 오산시 청호동,321,321,0,오산자이,84.0525,202110,1,"45,500",10,2007,동부대로 332-14,,-,-
경기도 오산시 청호동,321,321,0,오산자이,123.4214,202110,21,"58,000",6,2007,동부대로 332-14,,-,-
경기도 오산시 청호동,333,333,0,오산청호엘리시아,84.9325,202110,5,"39,000",10,2010,청호로 23-22,,-,-
경기도 오산시 청호동,333,333,0,오산청호엘리시아,133.1914,202110,20,"51,800",9,2010,청호로 23-22,,-,-
경기도 용인기흥구 고매동,883,883,0,기흥써니밸리,84.889,202110,2,"42,000",14,2009,고매로 16,,-,-
경기도 용인기흥구 고매동,359,359,0,동성,60,202110,29,"29,500",9,1997,고매로 26,,-,-
경기도 용인기흥구 고매동,385-1,385,1,세원,59.5,202110,16,"26,000",10,1993,공세로 76,,-,-
경기도 용인기흥구 고매동,385-1,385,1,세원,59.5,202110,18,"26,000",13,1993,공세로 76,,-,-
경기도 용인기흥구 고매동,880,880,0,우림홀인원,84.809,202110,5,"29,900",3,2003,고매로34번길 31,,-,-
경기도 용인기흥구 고매동,880,880,0,우림홀인원,84.809,202110,18,"36,000",4,2003,고매로34번길 31,,-,-
경기도 용인기흥구 공세동,692,692,0,공세호수마을성원상떼레이크뷰,215.745,202110,15,"145,000",15,2010,동탄기흥로 864,,-,-
경기도 용인기흥구 공세동,694,694,0,대주피오레,130.0979,202110,6,"73,500",6,2009,탑실로 15,,-,-
경기도 용인기흥구 공세동,714,714,0,대주피오레2단지,180.9399,202110,2,"92,000",8,2009,탑실로 152,,-,-
경기도 용인기흥구 공세동,663,663,0,불곡마을(벽산블루밍),71.03,202110,13,"27,000",8,2005,고매로43번길 32-2,,-,-
경기도 용인기흥구 공세동,679,679,0,한보라휴먼시아(9단지),51.97,202110,11,"35,700",19,2006,한보라2로 167,,-,-
경기도 용인기흥구 공세동,679,679,0,한보라휴먼시아(9단지),51.99,202110,13,"37,500",7,2006,한보라2로 167,,-,-
경기도 용인기흥구 구갈동,604,604,0,강남마을계룡리슈빌(7단지),84.788,202110,2,"58,000",10,2004,강남동로 54,,-,-
경기도 용인기흥구 구갈동,234-5,234,5,기흥역더샵,84.981,202110,18,"98,000",14,2018,기흥역로58번길 78,,-,-
경기도 용인기흥구 구갈동,234-5,234,5,기흥역더샵,72.5008,202110,19,"89,900",30,2018,기흥역로58번길 78,,-,-
경기도 용인기흥구 구갈동,662,662,0,기흥역센트럴푸르지오,84.7384,202110,2,"93,000",16,2018,기흥역로58번길 10,,-,-
경기도 용인기흥구 구갈동,662,662,0,기흥역센트럴푸르지오,84.9079,202110,4,"92,000",9,2018,기흥역로58번길 10,,-,-
경기도 용인기흥구 구갈동,662,662,0,기흥역센트럴푸르지오,84.7384,202110,6,"90,000",2,2018,기흥역로58번길 10,,-,-
경기도 용인기흥구 구갈동,662,662,0,기흥역센트럴푸르지오,84.7384,202110,12,"91,700",4,2018,기흥역로58번길 10,,-,-
경기도 용인기흥구 구갈동,662,662,0,기흥역센트럴푸르지오,84.9079,202110,14,"93,000",26,2018,기흥역로58번길 10,,-,-
경기도 용인기흥구 구갈동,662,662,0,기흥역센트럴푸르지오,84.9079,202110,16,"93,500",27,2018,기흥역로58번길 10,,-,-
경기도 용인기흥구 구갈동,662,662,0,기흥역센트럴푸르지오,84.775,202110,29,"99,000",12,2018,기흥역로58번길 10,,-,-
경기도 용인기흥구 구갈동,597,597,0,코오롱하늘채(5단지),134.78,202110,16,"73,000",16,2004,강남동로 20,,-,-
경기도 용인기흥구 구갈동,380,380,0,한성1,47.32,202110,4,"67,500",1,1992,기흥로 29,,-,-
경기도 용인기흥구 구갈동,385-1,385,1,한성2,47.5,202110,10,"64,000",1,1993,구갈로 16,,-,-
경기도 용인기흥구 구갈동,385-1,385,1,한성2,47.5,202110,16,"70,800",5,1993,구갈로 16,,-,-
경기도 용인기흥구 구갈동,660,660,0,힐스테이트기흥,84.9519,202110,2,"107,000",26,2018,기흥역로 63,,-,-
경기도 용인기흥구 구갈동,660,660,0,힐스테이트기흥,84.9545,202110,9,"114,000",45,2018,기흥역로 63,,-,-
경기도 용인기흥구 동백동,689,689,0,동문굿모닝힐,84.935,202110,7,"56,500",12,2007,동백죽전대로 455-10,,-,-
경기도 용인기흥구 동백동,689,689,0,동문굿모닝힐,84.935,202110,11,"57,750",16,2007,동백죽전대로 455-10,,-,-
경기도 용인기흥구 동백동,689,689,0,동문굿모닝힐,84.935,202110,23,"56,000",6,2007,동백죽전대로 455-10,,-,-
경기도 용인기흥구 동백동,683,683,0,동원마을동원로얄듀크,120.4046,202110,2,"60,800",2,2007,동백죽전대로 455-17,,-,-
경기도 용인기흥구 동백동,599,599,0,모아미래도1단지아파트,59.735,202110,22,"50,000",16,2006,동백8로 90,,-,-
경기도 용인기흥구 동백동,593,593,0,모아미래도2단지아파트,59.735,202110,3,"48,000",14,2006,동백8로 126,,-,-
경기도 용인기흥구 동백동,583,583,0,백현마을경남아너스빌,84.98,202110,15,"52,500",12,2006,동백8로131번길 9,,-,-
경기도 용인기흥구 동백동,579,579,0,백현마을서해그랑블,84.57,202110,6,"53,500",16,2006,동백8로 89,,-,-
경기도 용인기흥구 동백동,579,579,0,백현마을서해그랑블,84.57,202110,15,"49,450",3,2006,동백8로 89,,-,-
경기도 용인기흥구 동백동,579,579,0,백현마을서해그랑블,84.873,202110,27,"53,000",23,2006,동백8로 89,,-,-
경기도 용인기흥구 동백동,661,661,0,백현마을코아루,84.54,202110,22,"57,000",7,2006,동백7로 80,,-,-
경기도 용인기흥구 동백동,662,662,0,백현마을한라비발디(2차),84.989,202110,16,"56,000",3,2006,동백7로 96,,-,-
경기도 용인기흥구 동백동,604,604,0,호수마을계룡리슈빌,84.7683,202110,1,"56,500",4,2006,동백평촌로 15,,-,-
경기도 용인기흥구 동백동,604,604,0,호수마을계룡리슈빌,80.5844,202110,8,"53,200",1,2006,동백평촌로 15,,-,-
경기도 용인기흥구 동백동,604,604,0,호수마을계룡리슈빌,84.7683,202110,11,"58,900",6,2006,동백평촌로 15,,-,-
경기도 용인기흥구 동백동,604,604,0,호수마을계룡리슈빌,84.7683,202110,14,"57,000",9,2006,동백평촌로 15,,-,-
경기도 용인기흥구 동백동,604,604,0,호수마을계룡리슈빌,84.7683,202110,18,"59,000",18,2006,동백평촌로 15,,-,-
경기도 용인기흥구 동백동,574,574,0,호수마을월드메르디앙,84.9716,202110,25,"54,500",4,2006,동백8로 19,,-,-
경기도 용인기흥구 동백동,572,572,0,호수마을자연앤데시앙,84.976,202110,6,"57,000",11,2006,동백8로 9,,-,-
경기도 용인기흥구 동백동,572,572,0,호수마을자연앤데시앙,84.9791,202110,16,"56,800",21,2006,동백8로 9,,-,-
경기도 용인기흥구 마북동,641,641,0,교동마을동양파라곤,84.99,202110,8,"68,000",12,2010,마북로 140,,-,-
경기도 용인기흥구 마북동,649,649,0,교동마을마북2차이편한세상,121.1986,202110,4,"70,000",12,2010,마북로 218,,-,-
경기도 용인기흥구 마북동,621,621,0,교동마을쌍용,133.7316,202110,2,"69,500",3,2002,마북로154번길 23,,-,-
경기도 용인기흥구 마북동,617,617,0,교동마을엘지,123.574,202110,2,"67,000",5,2001,마북로 182,,-,-
경기도 용인기흥구 마북동,204-5,204,5,교동마을정광아파트,84.978,202110,2,"55,000",8,1997,마북로154번길 16,,-,-
경기도 용인기흥구 마북동,204-5,204,5,교동마을정광아파트,84.978,202110,2,"53,500",3,1997,마북로154번길 16,,-,-
경기도 용인기흥구 마북동,630,630,0,교동마을현대홈타운,150.5391,202110,1,"69,000",2,2003,마북로 124-9,,-,-
경기도 용인기흥구 마북동,651,651,0,구성역효성해링턴플레이스,61.97,202110,16,"65,900",2,2016,구성로53번길 20,,-,-
경기도 용인기흥구 마북동,352,352,0,구성우림필유,84.32,202110,11,"73,000",4,1998,구성로39번길 13,,-,-
경기도 용인기흥구 마북동,619,619,0,용화마을태영데시앙1,84.817,202110,4,"79,000",10,2003,구성로 44-10,,-,-
경기도 용인기흥구 마북동,619,619,0,용화마을태영데시앙1,84.817,202110,12,"82,500",7,2003,구성로 44-10,,-,-
경기도 용인기흥구 보라동,289-12,289,12,기흥삼정선비마을,84.856,202110,7,"43,000",9,1998,사은로 64,,-,-
경기도 용인기흥구 보라동,553,553,0,쌍용스윗닷홈1,109.0784,202110,20,"42,600",17,2002,사은로126번길 10,,-,-
경기도 용인기흥구 보라동,570,570,0,현대모닝사이드1,116.976,202110,6,"47,000",20,2004,사은로126번길 46,,-,-
경기도 용인기흥구 보라동,564,564,0,현대모닝사이드2,137.117,202110,5,"69,800",3,2003,용구대로 1842,,-,-
경기도 용인기흥구 보라동,564,564,0,현대모닝사이드2,116.6164,202110,8,"66,000",16,2003,용구대로 1842,,-,-
경기도 용인기흥구 보정동,878-18,878,18,성호샤인힐즈아파트,84.983,202110,10,"112,000",7,2005,이현로29번길 72-18,,-,-
경기도 용인기흥구 보정동,1298,1298,0,신촌마을포스홈타운2단지,133.7209,202110,14,"114,000",6,2004,신촌로47번길 11,,-,-
경기도 용인기흥구 보정동,1298,1298,0,신촌마을포스홈타운2단지,133.7209,202110,15,"113,000",11,2004,신촌로47번길 11,,-,-
경기도 용인기흥구 보정동,694,694,0,연원마을성원,164.025,202110,8,"95,000",4,2000,연원로 49,,-,-
경기도 용인기흥구 보정동,911-1,911,1,용인보정대림(1차),142.759,202110,2,"150,000",6,2002,이현로29번길 86-6,,-,-
경기도 용인기흥구 보정동,1267,1267,0,죽현마을아이파크,84.7616,202110,12,"89,000",4,2004,보정로 87,,-,-
경기도 용인기흥구 보정동,1162,1162,0,행원마을동아솔레시티,177.162,202110,22,"124,500",6,2003,보정로 30,,-,-
경기도 용인기흥구 상갈동,461,461,0,금화대우현대1단지,84.951,202110,2,"60,000",5,2001,금화로82번길 14,,-,-
경기도 용인기흥구 상갈동,481,481,0,금화마을주공3단지(481),59.97,202110,16,"57,000",12,2001,금화로11번길 10,,-,-
경기도 용인기흥구 상갈동,481,481,0,금화마을주공3단지(481),49.95,202110,23,"48,500",11,2001,금화로11번길 10,,-,-
경기도 용인기흥구 상갈동,463,463,0,금화주공4단지(463),84.86,202110,2,"61,000",2,2001,금화로58번길 10,,-,-
경기도 용인기흥구 상갈동,463,463,0,금화주공4단지(463),84.43,202110,14,"67,800",14,2001,금화로58번길 10,,-,-
경기도 용인기흥구 상갈동,454,454,0,금화주공5단지(454),84.34,202110,2,"60,000",4,2001,금화로82번길 17,,-,-
경기도 용인기흥구 상갈동,454,454,0,금화주공5단지(454),59.63,202110,16,"48,500",2,2001,금화로82번길 17,,-,-
경기도 용인기흥구 상갈동,454,454,0,금화주공5단지(454),59.42,202110,23,"54,000",8,2001,금화로82번길 17,,-,-
경기도 용인기흥구 상갈동,102-3,102,3,세대넥스빌,59.94,202110,4,"23,000",12,1997,금화로108번길 21,,-,-
경기도 용인기흥구 상갈동,102-3,102,3,세대넥스빌,59.94,202110,6,"23,700",19,1997,금화로108번길 21,,-,-
경기도 용인기흥구 상하동,630,630,0,강남마을한라비발디,84.95,202110,7,"52,000",22,2004,강남동로 128,,-,-
경기도 용인기흥구 상하동,296,296,0,대우,84.994,202110,2,"37,000",4,1997,중부대로 735,,-,-
경기도 용인기흥구 상하동,621,621,0,쌍용(3단지),143.353,202110,2,"58,000",12,2002,중부대로788번길 20,,-,-
경기도 용인기흥구 상하동,621,621,0,쌍용(3단지),143.353,202110,11,"50,500",2,2002,중부대로788번길 20,,-,-
경기도 용인기흥구 상하동,621,621,0,쌍용(3단지),84.895,202110,11,"42,000",15,2002,중부대로788번길 20,,-,-
경기도 용인기흥구 상하동,621,621,0,쌍용(3단지),143.353,202110,14,"49,700",2,2002,중부대로788번길 20,,-,-
경기도 용인기흥구 상하동,621,621,0,쌍용(3단지),84.895,202110,22,"42,500",14,2002,중부대로788번길 20,,-,-
경기도 용인기흥구 상하동,652,652,0,쌍용스윗닷홈(2단지),84.87,202110,1,"45,000",6,2004,중부대로788번길 15,,-,-
경기도 용인기흥구 상하동,652,652,0,쌍용스윗닷홈(2단지),84.87,202110,2,"45,000",4,2004,중부대로788번길 15,,-,-
경기도 용인기흥구 상하동,652,652,0,쌍용스윗닷홈(2단지),101.7,202110,5,"43,500",6,2004,중부대로788번길 15,,-,-
경기도 용인기흥구 상하동,652,652,0,쌍용스윗닷홈(2단지),101.7,202110,6,"46,000",10,2004,중부대로788번길 15,,-,-
경기도 용인기흥구 상하동,652,652,0,쌍용스윗닷홈(2단지),122.25,202110,11,"52,000",6,2004,중부대로788번길 15,,-,-
경기도 용인기흥구 상하동,660,660,0,용인상하진흥더루벤스2단지,101.9837,202110,2,"55,000",11,2008,중부대로746번길 21,,-,-
경기도 용인기흥구 상하동,675,675,0,지석마을그대가크레던스,113.348,202110,5,"69,800",15,2010,어정로 62-28,,-,-
경기도 용인기흥구 상하동,447,447,0,풍림,59.81,202110,5,"37,000",1,1998,어정로 80,,-,-
경기도 용인기흥구 서천동,700,700,0,SK,84.464,202110,5,"56,800",17,2002,예현로 15,,-,-
경기도 용인기흥구 서천동,700,700,0,SK,84.464,202110,11,"55,000",5,2002,예현로 15,,-,-
경기도 용인기흥구 서천동,755,755,0,서천2차IPARK,75.45,202110,18,"61,500",6,2016,서천동로21번길 11-22,,-,-
경기도 용인기흥구 서천동,755,755,0,서천2차IPARK,75.45,202110,18,"65,900",5,2016,서천동로21번길 11-22,,-,-
경기도 용인기흥구 서천동,823,823,0,서천마을4단지쌍용예가,84.9,202110,8,"68,900",3,2012,서천동로 60,,-,-
경기도 용인기흥구 서천동,828,828,0,영통로효성해링턴플레이스1차,59.963,202110,16,"63,000",5,2017,서그내로16번길 30,,-,-
경기도 용인기흥구 신갈동,05월 31일,31,5,금강(3차),47.88,202110,2,"12,600",2,1989,신구로53번길 6,,-,-
경기도 용인기흥구 신갈동,733,733,0,기흥더샵프라임뷰,116.384,202110,18,"104,000",11,2013,구갈로 71-18,,-,-
경기도 용인기흥구 신갈동,697,697,0,기흥파크뷰,84.98,202110,16,"65,000",16,2004,기흥로116번길 60,,-,-
경기도 용인기흥구 신갈동,681,681,0,녹원마을새천년그린빌(1),51.6,202110,1,"55,000",14,2006,새천년로 13,,-,-
경기도 용인기흥구 신갈동,681,681,0,녹원마을새천년그린빌(1),59.51,202110,4,"71,500",8,2006,새천년로 13,,-,-
경기도 용인기흥구 신갈동,681,681,0,녹원마을새천년그린빌(1),51.97,202110,12,"59,500",11,2006,새천년로 13,,-,-
경기도 용인기흥구 신갈동,681,681,0,녹원마을새천년그린빌(1),51.6,202110,13,"59,500",12,2006,새천년로 13,,-,-
경기도 용인기흥구 신갈동,165,165,0,도현마을현대,134.651,202110,15,"104,000",7,2001,구갈로 115-16,,-,-
경기도 용인기흥구 신갈동,165,165,0,도현마을현대,134.651,202110,19,"104,000",7,2001,구갈로 115-16,,-,-
경기도 용인기흥구 신갈동,691,691,0,산양마을푸르지오,134.8424,202110,8,"77,500",2,2004,기흥로116번길 77,,-,-
경기도 용인기흥구 신갈동,71-35,71,35,삼익리베리움,18.06,202110,5,"10,200",10,2017,갈천로7번길 47,,-,-
경기도 용인기흥구 신갈동,151-1,151,1,신갈현대아파트,59.972,202110,9,"52,500",4,1997,용구대로 2242,,-,-
경기도 용인기흥구 신갈동,04월 14일,14,4,신미주,84.96,202110,13,"46,500",9,1995,신갈로138번길 12,,-,-
경기도 용인기흥구 신갈동,736,736,0,신흥덕롯데캐슬레이시티,59.9818,202110,2,"64,000",14,2019,신정로 25,,-,-
경기도 용인기흥구 신갈동,736,736,0,신흥덕롯데캐슬레이시티,59.9818,202110,5,"62,000",14,2019,신정로 25,,-,-
경기도 용인기흥구 신갈동,736,736,0,신흥덕롯데캐슬레이시티,59.9818,202110,7,"66,000",14,2019,신정로 25,,-,-
경기도 용인기흥구 신갈동,736,736,0,신흥덕롯데캐슬레이시티,84.8998,202110,8,"84,500",14,2019,신정로 25,,-,-
경기도 용인기흥구 신갈동,158,158,0,양현마을신안,59.96,202110,7,"62,500",6,2001,산양로 17,,-,-
경기도 용인기흥구 신갈동,734,734,0,용인기흥 우방아이유쉘,74.951,202110,6,"59,500",7,2018,신정로41번길 31,,-,-
경기도 용인기흥구 신갈동,734,734,0,용인기흥 우방아이유쉘,59.958,202110,8,"48,000",1,2018,신정로41번길 31,,-,-
경기도 용인기흥구 신갈동,06월 09일,6,9,정문,70.35,202110,4,"31,000",8,1997,신갈로124번길 27-2,,-,-
경기도 용인기흥구 신갈동,06월 09일,6,9,정문,70.35,202110,12,"30,200",4,1997,신갈로124번길 27-2,,-,-
경기도 용인기흥구 신갈동,06월 09일,6,9,정문,59.94,202110,30,"29,000",11,1997,신갈로124번길 27-2,,-,-
경기도 용인기흥구 신갈동,703,703,0,파크시엘,84.98,202110,1,"78,000",14,2004,새천년로 40,,-,-
경기도 용인기흥구 언남동,352,352,0,구성,78.3,202110,12,"45,000",2,1999,구성로77번길 6-4,,-,-
경기도 용인기흥구 언남동,352,352,0,구성,78.3,202110,12,"45,000",5,1999,구성로77번길 6-4,,-,-
경기도 용인기흥구 언남동,503,503,0,스파팰리스리가,84.97,202110,2,"69,500",15,2013,언남로 5,,-,-
경기도 용인기흥구 언남동,503,503,0,스파팰리스리가,84.97,202110,6,"69,500",3,2013,언남로 5,,-,-
경기도 용인기흥구 언남동,243,243,0,유원휴하임,41.457,202110,4,"20,900",2,2013,구성로 109,,-,-
경기도 용인기흥구 언남동,243,243,0,유원휴하임,57.862,202110,9,"30,400",4,2013,구성로 109,,-,-
경기도 용인기흥구 언남동,243,243,0,유원휴하임,57.862,202110,16,"29,000",2,2013,구성로 109,,-,-
경기도 용인기흥구 언남동,495,495,0,장미마을삼성래미안2,84.98,202110,4,"76,900",11,2003,구성로 90,,-,-
경기도 용인기흥구 언남동,495,495,0,장미마을삼성래미안2,84.98,202110,15,"77,500",19,2003,구성로 90,,-,-
경기도 용인기흥구 언남동,500,500,0,초원마을성원상떼빌2차,164.6318,202110,8,"76,000",7,2005,기흥로116번길 100,,-,-
경기도 용인기흥구 언남동,500,500,0,초원마을성원상떼빌2차,84.9905,202110,11,"65,000",4,2005,기흥로116번길 100,,-,-
경기도 용인기흥구 언남동,500,500,0,초원마을성원상떼빌2차,164.6318,202110,14,"79,000",4,2005,기흥로116번길 100,,-,-
경기도 용인기흥구 언남동,240-1,240,1,하마비마을동부,134.99,202110,22,"68,000",3,1998,구성로 123,,-,-
경기도 용인기흥구 언남동,486,486,0,하마비마을동일하이빌1,84.989,202110,8,"67,700",12,2001,구성로 105-15,,-,-
경기도 용인기흥구 언남동,496,496,0,하마비마을동일하이빌2,161.549,202110,6,"77,000",6,2002,언남로 15,,-,-
경기도 용인기흥구 영덕동,11월 14일,14,11,영덕신일2,59.872,202110,1,"38,000",5,1998,덕영대로2077번길 20,,-,-
경기도 용인기흥구 영덕동,916,916,0,영통빌리지,84.68,202110,6,"42,000",3,1999,중부대로55번길 11,,-,-
경기도 용인기흥구 영덕동,1267,1267,0,용인기흥효성해링턴플레이스,73.65,202110,1,"64,000",14,2019,덕영대로2077번길 33,,-,-
경기도 용인기흥구 영덕동,1267,1267,0,용인기흥효성해링턴플레이스,84.92,202110,1,"71,800",15,2019,덕영대로2077번길 33,,-,-
경기도 용인기흥구 영덕동,1267,1267,0,용인기흥효성해링턴플레이스,84.92,202110,1,"65,000",1,2019,덕영대로2077번길 33,,-,-
경기도 용인기흥구 영덕동,1267,1267,0,용인기흥효성해링턴플레이스,84.92,202110,4,"71,800",25,2019,덕영대로2077번길 33,,-,-
경기도 용인기흥구 영덕동,1267,1267,0,용인기흥효성해링턴플레이스,73.58,202110,6,"64,800",24,2019,덕영대로2077번길 33,,-,-
경기도 용인기흥구 영덕동,1267,1267,0,용인기흥효성해링턴플레이스,73.58,202110,8,"64,000",19,2019,덕영대로2077번길 33,,-,-
경기도 용인기흥구 영덕동,1267,1267,0,용인기흥효성해링턴플레이스,84.92,202110,15,"73,700",7,2019,덕영대로2077번길 33,,-,-
경기도 용인기흥구 영덕동,947,947,0,청현마을기흥데시앙,59.98,202110,2,"40,800",16,2005,덕영대로2077번길 53,,-,-
경기도 용인기흥구 영덕동,947,947,0,청현마을기흥데시앙,84.99,202110,5,"49,000",10,2005,덕영대로2077번길 53,,-,-
경기도 용인기흥구 영덕동,947,947,0,청현마을기흥데시앙,84.99,202110,12,"48,800",7,2005,덕영대로2077번길 53,,-,-
경기도 용인기흥구 영덕동,947,947,0,청현마을기흥데시앙,84.99,202110,16,"49,250",8,2005,덕영대로2077번길 53,,-,-
경기도 용인기흥구 영덕동,1079,1079,0,흥덕마을14단지호반베르디움,132.5861,202110,13,"80,500",2,2010,흥덕3로 60,,-,-
경기도 용인기흥구 영덕동,976,976,0,흥덕마을5단지호반베르디움,84.9983,202110,6,"94,500",13,2009,흥덕1로79번길 37,,-,-
경기도 용인기흥구 영덕동,958,958,0,흥덕마을동원로얄듀크,84.6898,202110,3,"78,000",19,2010,흥덕중앙로105번길 24,,-,-
경기도 용인기흥구 영덕동,958,958,0,흥덕마을동원로얄듀크,84.6898,202110,18,"80,000",10,2010,흥덕중앙로105번길 24,,-,-
경기도 용인기흥구 영덕동,963,963,0,흥덕우미린 레이크포레,84.98,202110,4,"83,000",15,2009,흥덕2로118번길 26,,-,-
경기도 용인기흥구 영덕동,963,963,0,흥덕우미린 레이크포레,84.97,202110,11,"81,500",6,2009,흥덕2로118번길 26,,-,-
경기도 용인기흥구 영덕동,963,963,0,흥덕우미린 레이크포레,84.97,202110,28,"81,000",6,2009,흥덕2로118번길 26,,-,-
경기도 용인기흥구 중동,874,874,0,백현마을동일하이빌,115.05,202110,2,"79,000",8,2006,동백중앙로 312,,-,-
경기도 용인기흥구 중동,874,874,0,백현마을동일하이빌,84.42,202110,23,"63,000",21,2006,동백중앙로 312,,-,-
경기도 용인기흥구 중동,860,860,0,성산마을서해그랑블,129.897,202110,1,"77,500",2,2006,동백4로 26,,-,-
경기도 용인기흥구 중동,870,870,0,성산마을신영지웰,126.635,202110,8,"82,000",21,2006,동백5로 41,,-,-
경기도 용인기흥구 중동,870,870,0,성산마을신영지웰,101.949,202110,8,"74,500",7,2006,동백5로 41,,-,-
경기도 용인기흥구 중동,628,628,0,신동백 동도센트리움,33.16,202110,13,"24,600",3,2016,언동로 207,,-,-
경기도 용인기흥구 중동,628,628,0,신동백 동도센트리움,33.16,202110,19,"24,800",10,2016,언동로 207,,-,-
경기도 용인기흥구 중동,1096,1096,0,신동백롯데캐슬에코1단지,84.85,202110,2,"73,000",11,2013,동백죽전대로527번길 80,,-,-
경기도 용인기흥구 중동,1096,1096,0,신동백롯데캐슬에코1단지,84.85,202110,2,"70,000",14,2013,동백죽전대로527번길 80,,-,-
경기도 용인기흥구 중동,1096,1096,0,신동백롯데캐슬에코1단지,129.99,202110,7,"90,000",9,2013,동백죽전대로527번길 80,,-,-
경기도 용인기흥구 중동,1096,1096,0,신동백롯데캐슬에코1단지,129.99,202110,11,"92,000",19,2013,동백죽전대로527번길 80,,-,-
경기도 용인기흥구 중동,1101,1101,0,신동백롯데캐슬에코2단지,99.47,202110,4,"70,000",8,2013,동백죽전대로527번길 67,,-,-
경기도 용인기흥구 중동,1101,1101,0,신동백롯데캐슬에코2단지,84.85,202110,7,"66,000",17,2013,동백죽전대로527번길 67,,-,-
경기도 용인기흥구 중동,1101,1101,0,신동백롯데캐슬에코2단지,84.85,202110,7,"66,000",17,2013,동백죽전대로527번길 67,20211018,-,-
경기도 용인기흥구 중동,1101,1101,0,신동백롯데캐슬에코2단지,84.85,202110,18,"69,000",18,2013,동백죽전대로527번길 67,,-,-
경기도 용인기흥구 중동,1139,1139,0,신동백서해그랑블2차,84.81,202110,11,"65,000",4,2014,언동로217번길 31,,-,-
경기도 용인기흥구 중동,1050,1050,0,어은목마을경남아너스빌아파트,84.83,202110,21,"57,000",2,2006,동백2로 12,,-,-
경기도 용인기흥구 중동,958,958,0,어은목마을대원칸타빌,143.3778,202110,2,"100,000",4,2006,동백2로 37,,-,-
경기도 용인기흥구 중동,958,958,0,어은목마을대원칸타빌,143.3778,202110,4,"85,000",1,2006,동백2로 37,,-,-
경기도 용인기흥구 중동,956,956,0,어은목마을한라비발디,128.295,202110,18,"80,000",7,2006,동백4로 72,,-,-
경기도 용인기흥구 중동,956,956,0,어은목마을한라비발디,128.295,202110,22,"73,200",16,2006,동백4로 72,,-,-
경기도 용인기흥구 중동,1081,1081,0,어정마을동백IPARK,127.7425,202110,7,"77,500",5,2007,언동로217번길 11,,-,-
경기도 용인기흥구 중동,819,819,0,참솔마을월드메르디앙,76.854,202110,8,"47,000",8,2006,동백죽전대로 283,,-,-
경기도 용인기흥구 중동,819,819,0,참솔마을월드메르디앙,84.995,202110,16,"56,700",6,2006,동백죽전대로 283,,-,-
경기도 용인기흥구 중동,819,819,0,참솔마을월드메르디앙,84.757,202110,30,"50,000",6,2006,동백죽전대로 283,,-,-
경기도 용인기흥구 중동,1047,1047,0,초당마을코아루,84.54,202110,4,"54,000",7,2006,동백1로 9,20211101,-,-
경기도 용인기흥구 중동,1046,1046,0,초당마을코아루,84.54,202110,2,"54,000",12,2006,동백1로 12,,-,-
경기도 용인기흥구 중동,1100,1100,0,하우스디동백카바나,68.4033,202110,4,"55,500",3,2019,동백죽전대로527번길 34,,-,-
경기도 용인기흥구 지곡동,704,704,0,써니밸리II,114.8634,202110,2,"50,000",5,2004,사은로 274-22,,-,-
경기도 용인기흥구 지곡동,704,704,0,써니밸리II,84.9852,202110,23,"42,000",8,2004,사은로 274-22,,-,-
경기도 용인기흥구 청덕동,565,565,0,물푸레마을휴먼시아7단지,84.74,202110,13,"57,700",20,2009,구성로 395,,-,-
경기도 용인기흥구 청덕동,482,482,0,청덕마을광도와이드빌,84.9854,202110,1,"33,000",2,2003,언동로71번길 64,,-,-
경기도 용인기흥구 청덕동,488,488,0,휴먼시아물푸레마을3단지,84.85,202110,16,"48,000",3,2008,구성3로 65,,-,-
경기도 용인기흥구 청덕동,488,488,0,휴먼시아물푸레마을3단지,84.98,202110,19,"53,000",8,2008,구성3로 65,,-,-
경기도 용인기흥구 청덕동,488,488,0,휴먼시아물푸레마을3단지,84.98,202110,20,"46,900",3,2008,구성3로 65,,-,-
경기도 용인기흥구 청덕동,488,488,0,휴먼시아물푸레마을3단지,84.85,202110,21,"50,000",5,2008,구성3로 65,,-,-
경기도 용인기흥구 하갈동,631,631,0,청명호수신안인스빌1단지,84.99,202110,3,"49,000",17,2009,덕영대로 1871,,-,-
경기도 용인기흥구 하갈동,631,631,0,청명호수신안인스빌1단지,84.99,202110,11,"46,700",9,2009,덕영대로 1871,,-,-
경기도 용인기흥구 하갈동,631,631,0,청명호수신안인스빌1단지,84.99,202110,12,"50,000",18,2009,덕영대로 1871,,-,-
경기도 용인수지구 동천동,914,914,0,동천마을동문굿모닝힐5차,84.911,202110,2,"104,500",21,2007,동천로 64,,-,-
경기도 용인수지구 동천동,914,914,0,동천마을동문굿모닝힐5차,84.911,202110,9,"100,000",18,2007,동천로 64,,-,-
경기도 용인수지구 동천동,914,914,0,동천마을동문굿모닝힐5차,84.911,202110,11,"93,000",1,2007,동천로 64,,-,-
경기도 용인수지구 동천동,862,862,0,동천마을현대홈타운2차,84.975,202110,11,"98,000",3,2002,동천로63번길 10,,-,-
경기도 용인수지구 동천동,BL-,0,0,동천자이2차,77.7259,202110,1,"125,000",22,2019,고기로45번길 40-18,,-,-
경기도 용인수지구 동천동,BL-,0,0,동천자이2차,77.7259,202110,1,"125,000",22,2019,고기로45번길 40-18,20211012,-,-
경기도 용인수지구 동천동,BL-,0,0,동천자이2차,77.7259,202110,2,"125,000",22,2019,고기로45번길 40-18,20211012,-,-
경기도 용인수지구 동천동,BL-,0,0,동천자이2차,104.4908,202110,16,"148,500",31,2019,고기로45번길 40-18,,-,-
경기도 용인수지구 동천동,969,969,0,동천파크뷰,18.26,202110,1,"10,000",7,2014,신수로783번길 36,,-,-
경기도 용인수지구 동천동,969,969,0,동천파크뷰,18.26,202110,3,"10,000",3,2014,신수로783번길 36,,-,-
경기도 용인수지구 동천동,969,969,0,동천파크뷰,19.29,202110,9,"11,000",7,2014,신수로783번길 36,,-,-
경기도 용인수지구 동천동,969,969,0,동천파크뷰,18.69,202110,27,"9,800",3,2014,신수로783번길 36,,-,-
경기도 용인수지구 동천동,969,969,0,동천파크뷰,18.82,202110,29,"9,800",3,2014,신수로783번길 36,,-,-
경기도 용인수지구 동천동,930,930,0,동천파크자이,61.5589,202110,12,"84,000",1,2019,동천로153번길 79,,-,-
경기도 용인수지구 동천동,930,930,0,동천파크자이,61.5589,202110,30,"88,700",14,2019,동천로153번길 79,,-,-
경기도 용인수지구 동천동,935,935,0,래미안이스트팰리스1단지,172.98,202110,2,"149,400",18,2010,동천로153번길 7,,-,-
경기도 용인수지구 동천동,935,935,0,래미안이스트팰리스1단지,271.58,202110,21,"267,000",28,2010,동천로153번길 7,,-,-
경기도 용인수지구 동천동,938,938,0,래미안이스트팰리스2단지,84.99,202110,2,"119,800",4,2010,동천로113번길 10,,-,-
경기도 용인수지구 동천동,932,932,0,래미안이스트팰리스3단지,118.92,202110,2,"130,700",20,2010,동천로135번길 21,,-,-
경기도 용인수지구 동천동,932,932,0,래미안이스트팰리스3단지,178.69,202110,8,"154,500",6,2010,동천로135번길 21,,-,-
경기도 용인수지구 동천동,923,923,0,래미안이스트팰리스4단지,170.42,202110,30,"177,000",2,2010,동천로153번길 6,,-,-
경기도 용인수지구 동천동,868,868,0,수진마을2단지효성화운트빌,113.488,202110,2,"120,000",16,2004,손곡로 54,,-,-
경기도 용인수지구 동천동,864,864,0,써니벨리,84.8512,202110,2,"94,000",6,2004,손곡로 82,,-,-
경기도 용인수지구 동천동,869,869,0,우미이노스빌,59.5492,202110,8,"76,000",10,2004,손곡로 67,,-,-
경기도 용인수지구 상현동,1115,1115,0,광교경남아너스빌,84.828,202110,23,"122,000",16,2011,광교마을로 2,,-,-
경기도 용인수지구 상현동,866,866,0,광교상떼빌파크뷰,106.52,202110,8,"87,500",16,2002,상현로 30-10,,-,-
경기도 용인수지구 상현동,866,866,0,광교상떼빌파크뷰,164.2368,202110,26,"107,000",9,2002,상현로 30-10,,-,-
경기도 용인수지구 상현동,1134,1134,0,광교상록자이,59.902,202110,6,"115,000",26,2012,광교마을로 62,,-,-
경기도 용인수지구 상현동,853,853,0,광교상현마을현대아파트,79.336,202110,1,"75,000",2,2001,상현로 2,,-,-
경기도 용인수지구 상현동,853,853,0,광교상현마을현대아파트,79.336,202110,1,"84,100",12,2001,상현로 2,,-,-
경기도 용인수지구 상현동,853,853,0,광교상현마을현대아파트,79.336,202110,14,"88,000",12,2001,상현로 2,,-,-
경기도 용인수지구 상현동,1219,1219,0,광교상현솔하임,25.829,202110,16,"25,800",10,2021,상현로 6,,-,-
경기도 용인수지구 상현동,1204,1204,0,레이크포레,84.957,202110,8,"78,000",6,2017,광교호수로 431,,-,-
경기도 용인수지구 상현동,869,869,0,만현마을9단지엘지자이,109.7834,202110,1,"85,000",9,2003,만현로133번길 33,,-,-
경기도 용인수지구 상현동,869,869,0,만현마을9단지엘지자이,84.7831,202110,9,"76,800",4,2003,만현로133번길 33,,-,-
경기도 용인수지구 상현동,869,869,0,만현마을9단지엘지자이,84.7831,202110,12,"78,000",11,2003,만현로133번길 33,,-,-
경기도 용인수지구 상현동,869,869,0,만현마을9단지엘지자이,84.7831,202110,14,"78,000",4,2003,만현로133번길 33,,-,-
경기도 용인수지구 상현동,869,869,0,만현마을9단지엘지자이,84.7831,202110,15,"79,500",16,2003,만현로133번길 33,,-,-
경기도 용인수지구 상현동,869,869,0,만현마을9단지엘지자이,84.7831,202110,18,"81,000",4,2003,만현로133번길 33,,-,-
경기도 용인수지구 상현동,869,869,0,만현마을9단지엘지자이,109.7834,202110,28,"85,000",7,2003,만현로133번길 33,,-,-
경기도 용인수지구 상현동,850,850,0,만현마을쌍용1차,143.44,202110,8,"81,500",11,2001,만현로 107,,-,-
경기도 용인수지구 상현동,850,850,0,만현마을쌍용1차,84.8,202110,14,"79,000",5,2001,만현로 107,,-,-
경기도 용인수지구 상현동,850,850,0,만현마을쌍용1차,143.44,202110,16,"85,500",15,2001,만현로 107,,-,-
경기도 용인수지구 상현동,Mar-96,96,3,삼성쉐르빌,175.71,202110,2,"108,500",5,2000,심곡로 81,,-,-
경기도 용인수지구 상현동,1214,1214,0,상현더샵파크사이드,84.0051,202110,23,"112,500",17,2019,만현로67번길 20,,-,-
경기도 용인수지구 상현동,827,827,0,상현마을금호베스트빌1단지,122.857,202110,2,"86,000",13,2001,상현로 59,,-,-
경기도 용인수지구 상현동,827,827,0,상현마을금호베스트빌1단지,135.554,202110,13,"88,500",1,2001,상현로 59,,-,-
경기도 용인수지구 상현동,827,827,0,상현마을금호베스트빌1단지,135.554,202110,16,"80,000",7,2001,상현로 59,,-,-
경기도 용인수지구 상현동,827,827,0,상현마을금호베스트빌1단지,135.554,202110,18,"89,500",10,2001,상현로 59,,-,-
경기도 용인수지구 상현동,832,832,0,상현마을금호베스트빌2단지,175.193,202110,16,"93,000",3,2001,상현로 58,,-,-
경기도 용인수지구 상현동,837,837,0,상현마을금호베스트빌3단지,126.723,202110,14,"74,000",2,2002,상현로42번길 40,,-,-
경기도 용인수지구 상현동,860,860,0,서원마을3단지아이파크,84.9369,202110,12,"85,800",7,2002,포은대로 219,,-,-
경기도 용인수지구 상현동,867,867,0,서원마을5단지금호베스트빌,84.789,202110,9,"88,500",15,2002,심곡로 16,,-,-
경기도 용인수지구 상현동,867,867,0,서원마을5단지금호베스트빌,84.789,202110,22,"82,000",4,2002,심곡로 16,,-,-
경기도 용인수지구 상현동,867,867,0,서원마을5단지금호베스트빌,84.789,202110,23,"82,800",12,2002,심곡로 16,,-,-
경기도 용인수지구 상현동,867,867,0,서원마을5단지금호베스트빌,84.789,202110,27,"87,500",11,2002,심곡로 16,,-,-
경기도 용인수지구 상현동,Jun-85,85,6,서원마을현대홈타운,84.8518,202110,1,"87,000",6,2001,포은대로 231,,-,-
경기도 용인수지구 상현동,1,1,0,성복역리버파크,84.965,202110,16,"81,700",5,1998,포은대로 298,,-,-
경기도 용인수지구 상현동,168-1,168,1,심곡마을현대프레미오,121.51,202110,12,"78,000",1,2001,수지로 41,,-,-
경기도 용인수지구 상현동,824,824,0,쌍용2차A단지,133.6091,202110,9,"81,700",1,2001,상현로 27,,-,-
경기도 용인수지구 상현동,30,30,0,진산마을성원상떼빌아파트,59.99,202110,2,"66,800",10,1997,진산로 24,,-,-
경기도 용인수지구 상현동,30,30,0,진산마을성원상떼빌아파트,133.44,202110,5,"85,000",2,1997,진산로 24,,-,-
경기도 용인수지구 상현동,30,30,0,진산마을성원상떼빌아파트,59.99,202110,6,"67,700",10,1997,진산로 24,,-,-
경기도 용인수지구 상현동,30,30,0,진산마을성원상떼빌아파트,59.99,202110,8,"67,000",14,1997,진산로 24,,-,-
경기도 용인수지구 상현동,30,30,0,진산마을성원상떼빌아파트,133.44,202110,9,"81,500",1,1997,진산로 24,,-,-
경기도 용인수지구 상현동,30,30,0,진산마을성원상떼빌아파트,59.99,202110,16,"69,300",7,1997,진산로 24,,-,-
경기도 용인수지구 상현동,1206,1206,0,포레나 광교상현,92.6313,202110,9,"92,500",1,2018,수지로 17,,-,-
경기도 용인수지구 상현동,1206,1206,0,포레나 광교상현,84.6818,202110,12,"60,000",20,2018,수지로 17,,-,-
경기도 용인수지구 성복동,726,726,0,LG빌리지3,204.202,202110,7,"140,000",5,2002,성복2로 126,,-,-
경기도 용인수지구 성복동,753,753,0,버들치마을경남아너스빌1차,101.9898,202110,1,"90,000",20,2007,성복1로 157,,-,-
경기도 용인수지구 성복동,754,754,0,버들치마을경남아너스빌2차,150.847,202110,12,"96,000",11,2010,성복1로163번길 11,,-,-
경기도 용인수지구 성복동,758,758,0,버들치마을성복자이1차,101.954,202110,8,"94,000",12,2010,성복1로164번길 20,,-,-
경기도 용인수지구 성복동,758,758,0,버들치마을성복자이1차,84.196,202110,16,"98,000",17,2010,성복1로164번길 20,,-,-
경기도 용인수지구 성복동,767,767,0,버들치마을성복자이2차,157.115,202110,27,"132,631",15,2010,성복2로 251,,-,-
경기도 용인수지구 성복동,771,771,0,버들치마을성복힐스테이트1차,157.115,202110,1,"124,000",18,2011,성복1로 91,,-,-
경기도 용인수지구 성복동,771,771,0,버들치마을성복힐스테이트1차,101.954,202110,21,"89,500",1,2011,성복1로 91,,-,-
경기도 용인수지구 성복동,759,759,0,버들치마을성복힐스테이트2차,167.576,202110,7,"127,000",10,2010,성복1로164번길 13,,-,-
경기도 용인수지구 성복동,759,759,0,버들치마을성복힐스테이트2차,153.249,202110,8,"115,000",13,2010,성복1로164번길 13,,-,-
경기도 용인수지구 성복동,760,760,0,버들치마을성복힐스테이트3차,126.489,202110,9,"109,500",10,2010,성복2로 220,,-,-
경기도 용인수지구 성복동,723,723,0,벽산첼시빌2차,191.754,202110,1,"98,000",16,2002,성복1로 107,,-,-
경기도 용인수지구 성복동,723,723,0,벽산첼시빌2차,134.242,202110,5,"85,000",8,2002,성복1로 107,,-,-
경기도 용인수지구 성복동,84,84,0,성동마을강남,84.9624,202110,22,"93,000",5,2001,수지로113번길 16,,-,-
경기도 용인수지구 성복동,752,752,0,성동마을수지자이,84.996,202110,2,"85,000",3,2006,성복2로 174,,-,-
경기도 용인수지구 성복동,752,752,0,성동마을수지자이,149.554,202110,14,"117,000",17,2006,성복2로 174,,-,-
경기도 용인수지구 성복동,752,752,0,성동마을수지자이,149.554,202110,20,"108,000",20,2006,성복2로 174,,-,-
경기도 용인수지구 성복동,155,155,0,성동마을엘지빌리지1차,219.874,202110,6,"147,500",20,2001,성복2로 86,,-,-
경기도 용인수지구 성복동,155,155,0,성동마을엘지빌리지1차,219.874,202110,8,"141,000",12,2001,성복2로 86,,-,-
경기도 용인수지구 성복동,155,155,0,성동마을엘지빌리지1차,244.663,202110,12,"156,500",5,2001,성복2로 86,,-,-
경기도 용인수지구 성복동,90,90,0,성동마을엘지빌리지2차,134.387,202110,2,"124,500",7,2001,수지로113번길 15,,-,-
경기도 용인수지구 성복동,90,90,0,성동마을엘지빌리지2차,134.387,202110,2,"124,500",7,2001,수지로113번길 15,20211013,-,-
경기도 용인수지구 성복동,90,90,0,성동마을엘지빌리지2차,134.387,202110,9,"129,000",16,2001,수지로113번길 15,,-,-
경기도 용인수지구 성복동,90,90,0,성동마을엘지빌리지2차,164.965,202110,19,"130,000",18,2001,수지로113번길 15,,-,-
경기도 용인수지구 성복동,780,780,0,성복아이파크,84.731,202110,2,"76,000",1,2012,성복1로 222,,-,-
경기도 용인수지구 성복동,780,780,0,성복아이파크,84.914,202110,9,"76,000",1,2012,성복1로 222,,-,-
경기도 용인수지구 성복동,780,780,0,성복아이파크,105.548,202110,14,"96,000",8,2012,성복1로 222,,-,-
경기도 용인수지구 성복동,789,789,0,성복역롯데캐슬골드타운,84.9126,202110,5,"149,000",29,2019,성복2로 10,,-,-
경기도 용인수지구 성복동,731,731,0,엘지빌리지6,134.725,202110,2,"100,000",19,2003,성복2로 158,,-,-
경기도 용인수지구 신봉동,949,949,0,동부센트레빌5단지,124.873,202110,2,"99,500",5,2010,신봉1로 214,,-,-
경기도 용인수지구 신봉동,949,949,0,동부센트레빌5단지,149.217,202110,2,"110,000",10,2010,신봉1로 214,,-,-
경기도 용인수지구 신봉동,949,949,0,동부센트레빌5단지,124.833,202110,9,"97,000",5,2010,신봉1로 214,,-,-
경기도 용인수지구 신봉동,949,949,0,동부센트레빌5단지,84.954,202110,13,"83,000",2,2010,신봉1로 214,,-,-
경기도 용인수지구 신봉동,946,946,0,동부센트레빌6단지,149.691,202110,13,"110,000",6,2010,신봉1로 216,,-,-
경기도 용인수지구 신봉동,876,876,0,벽산블루밍,84.981,202110,5,"70,000",4,2004,신봉1로48번길 45,,-,-
경기도 용인수지구 신봉동,876,876,0,벽산블루밍,84.988,202110,5,"75,000",14,2004,신봉1로48번길 45,,-,-
경기도 용인수지구 신봉동,965,965,0,수지신봉동도센트리움,69.79,202110,2,"72,500",9,2019,신봉3로 6,,-,-
경기도 용인수지구 신봉동,965,965,0,수지신봉동도센트리움,69.79,202110,5,"47,500",17,2019,신봉3로 6,,-,-
경기도 용인수지구 신봉동,976,976,0,신봉동일하이빌4단지,165.689,202110,25,"89,904",27,2010,신봉3로12번길 9,,-,-
경기도 용인수지구 신봉동,976,976,0,신봉동일하이빌4단지,132.664,202110,29,"90,000",28,2010,신봉3로12번길 9,,-,-
경기도 용인수지구 신봉동,873,873,0,신봉마을LG자이1차,83.278,202110,2,"78,800",19,2004,신봉2로 26,,-,-
경기도 용인수지구 신봉동,873,873,0,신봉마을LG자이1차,133.805,202110,2,"91,500",16,2004,신봉2로 26,,-,-
경기도 용인수지구 신봉동,873,873,0,신봉마을LG자이1차,83.278,202110,5,"79,100",10,2004,신봉2로 26,,-,-
경기도 용인수지구 신봉동,873,873,0,신봉마을LG자이1차,115.869,202110,6,"87,900",9,2004,신봉2로 26,,-,-
경기도 용인수지구 신봉동,873,873,0,신봉마을LG자이1차,162.259,202110,16,"89,800",3,2004,신봉2로 26,,-,-
경기도 용인수지구 신봉동,873,873,0,신봉마을LG자이1차,162.259,202110,23,"93,000",15,2004,신봉2로 26,,-,-
경기도 용인수지구 신봉동,985,985,0,신봉마을동일하이빌3단지,167.896,202110,15,"108,000",12,2010,신봉3로 25,,-,-
경기도 용인수지구 신봉동,985,985,0,신봉마을동일하이빌3단지,167.896,202110,15,"108,000",12,2010,신봉3로 25,20211028,-,-
경기도 용인수지구 신봉동,870,870,0,신봉마을엘지빌리지5차(A),164.517,202110,7,"90,000",7,2002,신봉1로 112-2,,-,-
경기도 용인수지구 신봉동,870,870,0,신봉마을엘지빌리지5차(A),164.517,202110,7,"91,000",20,2002,신봉1로 112-2,20211026,-,-
경기도 용인수지구 신봉동,870,870,0,신봉마을엘지빌리지5차(A),164.517,202110,7,"91,000",20,2002,신봉1로 112-2,,-,-
경기도 용인수지구 신봉동,870,870,0,신봉마을엘지빌리지5차(A),164.517,202110,21,"94,000",14,2002,신봉1로 112-2,,-,-
경기도 용인수지구 신봉동,871,871,0,신봉마을엘지빌리지5차(B),164.517,202110,3,"90,000",8,2002,신봉1로 110,,-,-
경기도 용인수지구 신봉동,871,871,0,신봉마을엘지빌리지5차(B),164.517,202110,5,"95,000",13,2002,신봉1로 110,,-,-
경기도 용인수지구 신봉동,871,871,0,신봉마을엘지빌리지5차(B),134.314,202110,9,"83,500",1,2002,신봉1로 110,,-,-
경기도 용인수지구 신봉동,959,959,0,용인신봉센트레빌,158.7071,202110,7,"110,000",11,2010,신봉1로172번길 8,,-,-
경기도 용인수지구 신봉동,905,905,0,우남퍼스트빌,39.5619,202110,1,"49,700",19,2004,신봉1로 27,,-,-
경기도 용인수지구 신봉동,905,905,0,우남퍼스트빌,59.9524,202110,13,"72,000",12,2004,신봉1로 27,,-,-
경기도 용인수지구 신봉동,874,874,0,한일드림빌,84.818,202110,7,"70,000",11,2003,신봉1로48번길 29,,-,-
경기도 용인수지구 죽전동,1302,1302,0,꽃메마을한라신영,148.864,202110,22,"114,000",1,2004,죽전로27번길 14-30,,-,-
경기도 용인수지구 죽전동,1306,1306,0,꽃메마을한라프로방스,123.19,202110,25,"86,500",11,2004,죽전로 111,,-,-
경기도 용인수지구 죽전동,1269,1269,0,꽃메마을현대홈타운(4차2단지),84.9959,202110,7,"79,900",11,2004,푸른솔로 56,,-,-
경기도 용인수지구 죽전동,1269,1269,0,꽃메마을현대홈타운(4차2단지),84.9959,202110,12,"75,000",6,2004,푸른솔로 56,,-,-
경기도 용인수지구 죽전동,1304,1304,0,꽃메마을현대홈타운(4차3단지),84.9959,202110,2,"85,000",18,2004,죽전로 87,,-,-
경기도 용인수지구 죽전동,1304,1304,0,꽃메마을현대홈타운(4차3단지),84.9959,202110,12,"86,000",19,2004,죽전로 87,,-,-
경기도 용인수지구 죽전동,1194,1194,0,내대지마을우미이노스빌,59.9534,202110,12,"53,500",3,2004,현암로 134-1,,-,-
경기도 용인수지구 죽전동,1119,1119,0,내대지마을죽전이편한세상,84.986,202110,12,"65,000",1,2003,대지로 148,,-,-
경기도 용인수지구 죽전동,1119,1119,0,내대지마을죽전이편한세상,84.989,202110,14,"69,500",7,2003,대지로 148,,-,-
경기도 용인수지구 죽전동,1118,1118,0,대지마을현대홈타운3차2단지,84.942,202110,6,"89,500",7,2003,대지로15번길 60,,-,-
경기도 용인수지구 죽전동,414,414,0,도담마을7단지뜨리에체,59.99,202110,1,"64,900",11,1999,푸른솔로 49,,-,-
경기도 용인수지구 죽전동,414,414,0,도담마을7단지뜨리에체,59.99,202110,7,"63,500",4,1999,푸른솔로 49,,-,-
경기도 용인수지구 죽전동,414,414,0,도담마을7단지뜨리에체,59.86,202110,16,"64,000",11,1999,푸른솔로 49,,-,-
경기도 용인수지구 죽전동,331,331,0,도담마을아이파크,84.96,202110,9,"65,700",3,1998,대지로 82,,-,-
경기도 용인수지구 죽전동,1261,1261,0,도담마을우미이노스빌,59.9864,202110,6,"62,000",3,2004,푸른솔로 88,,-,-
경기도 용인수지구 죽전동,339,339,0,도담마을죽전파크빌,59.685,202110,16,"56,500",7,1997,정든로 22,,-,-
경기도 용인수지구 죽전동,1262,1262,0,도담마을한양수자인,59.9756,202110,2,"64,700",13,2004,푸른솔로 76,,-,-
경기도 용인수지구 죽전동,1262,1262,0,도담마을한양수자인,59.9756,202110,12,"58,000",2,2004,푸른솔로 76,,-,-
경기도 용인수지구 죽전동,1116,1116,0,도담마을힐스테이트4차1단지,105.625,202110,11,"80,000",3,2003,푸른솔로 55,,-,-
경기도 용인수지구 죽전동,501,501,0,동성1차,60,202110,24,"60,000",1,1997,용구대로 2742,,-,-
경기도 용인수지구 죽전동,1113,1113,0,롯데빌리지(102동),163.756,202110,21,"85,000",4,2002,죽전로254번길 1,,-,-
경기도 용인수지구 죽전동,1213,1213,0,새터마을우미이노스빌201동,59.9534,202110,8,"60,500",9,2004,현암로 100-12,,-,-
경기도 용인수지구 죽전동,1165,1165,0,새터마을죽전힐스테이트,84.9959,202110,4,"75,500",2,2004,현암로125번길 11,,-,-
경기도 용인수지구 죽전동,1165,1165,0,새터마을죽전힐스테이트,84.9959,202110,6,"76,000",6,2004,현암로125번길 11,,-,-
경기도 용인수지구 죽전동,1165,1165,0,새터마을죽전힐스테이트,84.9959,202110,6,"85,000",13,2004,현암로125번길 11,,-,-
경기도 용인수지구 죽전동,1165,1165,0,새터마을죽전힐스테이트,84.9959,202110,26,"69,000",6,2004,현암로125번길 11,,-,-
경기도 용인수지구 죽전동,1329,1329,0,성현마을우미이노스빌,59.9534,202110,1,"59,700",3,2004,죽전로 143,,-,-
경기도 용인수지구 죽전동,172-1,172,1,용인죽전동부센트레빌,127.935,202110,2,"79,000",15,1998,대지로 139,,-,-
경기도 용인수지구 죽전동,172-1,172,1,용인죽전동부센트레빌,59.995,202110,11,"60,000",8,1998,대지로 139,,-,-
경기도 용인수지구 죽전동,172-1,172,1,용인죽전동부센트레빌,59.995,202110,12,"58,000",14,1998,대지로 139,,-,-
경기도 용인수지구 죽전동,172-1,172,1,용인죽전동부센트레빌,59.995,202110,16,"60,000",3,1998,대지로 139,,-,-
경기도 용인수지구 죽전동,1088-2,1088,2,죽전역솔하임,33.903,202110,6,"29,900",16,2021,정든로 5,,-,-
경기도 용인수지구 죽전동,1088-2,1088,2,죽전역솔하임,33.903,202110,8,"29,200",6,2021,정든로 5,,-,-
경기도 용인수지구 죽전동,1088-2,1088,2,죽전역솔하임,25.829,202110,8,"26,500",18,2021,정든로 5,,-,-
경기도 용인수지구 죽전동,1088-2,1088,2,죽전역솔하임,33.903,202110,8,"29,200",6,2021,정든로 5,20211012,-,-
경기도 용인수지구 죽전동,1088-2,1088,2,죽전역솔하임,15.023,202110,30,"14,900",14,2021,정든로 5,,-,-
경기도 용인수지구 죽전동,488,488,0,죽전퍼스트하임,84.97,202110,16,"77,500",13,1999,대지로 49,,-,-
경기도 용인수지구 죽전동,453-1,453,1,한신,84.83,202110,2,"71,500",13,1998,대지로 27,,-,-
경기도 용인수지구 죽전동,Jan-51,51,1,현대빌라트3(301동),168.79,202110,5,"65,000",1,1999,죽전로254번길 9,,-,-
경기도 용인수지구 죽전동,Jan-89,89,1,현대아파트,84.99,202110,2,"64,500",5,1999,죽전로 244,,-,-
경기도 용인수지구 죽전동,Jan-89,89,1,현대아파트,59.97,202110,16,"56,000",11,1999,죽전로 244,,-,-
경기도 용인수지구 죽전동,Jan-89,89,1,현대아파트,84.99,202110,24,"71,000",17,1999,죽전로 244,,-,-
경기도 용인수지구 풍덕천동,1209,1209,0,e편한세상수지,84.929,202110,9,"130,000",13,2017,포은대로313번길 7-10,,-,-
경기도 용인수지구 풍덕천동,1209,1209,0,e편한세상수지,84.921,202110,9,"130,000",14,2017,포은대로313번길 7-10,,-,-
경기도 용인수지구 풍덕천동,1209,1209,0,e편한세상수지,84.929,202110,16,"128,500",2,2017,포은대로313번길 7-10,,-,-
경기도 용인수지구 풍덕천동,694,694,0,건영,99.74,202110,9,"74,150",13,1995,수풍로23번길 25,,-,-
경기도 용인수지구 풍덕천동,690,690,0,동문,128.07,202110,2,"89,000",14,1994,수풍로 47,,-,-
경기도 용인수지구 풍덕천동,1198,1198,0,래미안수지이스트파크,98.54,202110,2,"129,500",19,2015,신수로683번길 19,,-,-
경기도 용인수지구 풍덕천동,692,692,0,보원,59.721,202110,2,"66,800",2,1994,수풍로 16,,-,-
경기도 용인수지구 풍덕천동,692,692,0,보원,59.721,202110,5,"69,700",6,1994,수풍로 16,,-,-
경기도 용인수지구 풍덕천동,692,692,0,보원,59.721,202110,7,"71,000",10,1994,수풍로 16,,-,-
경기도 용인수지구 풍덕천동,692,692,0,보원,59.721,202110,9,"69,900",14,1994,수풍로 16,,-,-
경기도 용인수지구 풍덕천동,692,692,0,보원,59.721,202110,11,"66,800",2,1994,수풍로 16,,-,-
경기도 용인수지구 풍덕천동,664,664,0,삼익아파트,59.76,202110,9,"65,500",12,1994,문인로 59,,-,-
경기도 용인수지구 풍덕천동,663-1,663,1,수지삼성4차,59.76,202110,7,"71,500",13,1994,수풍로 90,,-,-
경기도 용인수지구 풍덕천동,1223,1223,0,수지파크푸르지오,59.7939,202110,11,"96,000",20,2019,풍덕천로171번길 9,,-,-
경기도 용인수지구 풍덕천동,1021,1021,0,신정마을성지,99.33,202110,16,"102,000",20,2000,정평로 61,,-,-
경기도 용인수지구 풍덕천동,1025,1025,0,신정마을우성,84.9,202110,2,"89,000",7,2000,정평로 41,,-,-
경기도 용인수지구 풍덕천동,1025,1025,0,신정마을우성,84.9,202110,9,"90,700",18,2000,정평로 41,,-,-
경기도 용인수지구 풍덕천동,1065,1065,0,신정마을주공1,59.39,202110,16,"83,000",4,2000,풍덕천로 91,,-,-
경기도 용인수지구 풍덕천동,1027,1027,0,신정마을진흥,84.99,202110,2,"88,800",14,1999,풍덕천로 19,,-,-
경기도 용인수지구 풍덕천동,1104,1104,0,용인수지신정마을9단지,49.26,202110,9,"74,000",3,2000,풍덕천로 76,,-,-
경기도 용인수지구 풍덕천동,1104,1104,0,용인수지신정마을9단지,59.39,202110,15,"82,000",19,2000,풍덕천로 76,,-,-
경기도 용인수지구 풍덕천동,240-3,240,3,이스턴팰리스EasternPalace,149.941,202110,5,"88,500",1,2000,풍덕천로30번길 20,,-,-
경기도 용인수지구 풍덕천동,1183,1183,0,정자뜰마을태영데시앙1차,84.658,202110,2,"94,000",1,2004,수지로 166,,-,-
경기도 용인수지구 풍덕천동,1183,1183,0,정자뜰마을태영데시앙1차,84.658,202110,2,"104,000",15,2004,수지로 166,,-,-
경기도 용인수지구 풍덕천동,699,699,0,한국,84.36,202110,9,"94,600",9,1995,정평로 116,,-,-
경기도 용인수지구 풍덕천동,700-1,700,1,현대,84.51,202110,7,"99,000",3,1994,수지로342번길 18,,-,-
경기도 용인수지구 풍덕천동,700-1,700,1,현대,84.51,202110,14,"94,500",3,1994,수지로342번길 18,,-,-
경기도 용인수지구 풍덕천동,700-1,700,1,현대,84.51,202110,23,"97,500",13,1994,수지로342번길 18,,-,-
경기도 용인수지구 풍덕천동,1112,1112,0,현대성우8차,59.99,202110,9,"79,800",12,1999,풍덕천로 52,,-,-
경기도 용인수지구 풍덕천동,1112,1112,0,현대성우8차,59.99,202110,23,"81,900",18,1999,풍덕천로 52,,-,-
경기도 용인처인구 고림동,1014,1014,0,양우내안애에듀퍼스트,74.9809,202110,5,"60,000",12,2019,경안천로 196-1,,-,-
경기도 용인처인구 고림동,1002,1002,0,예원마을코아루,84.75,202110,2,"25,000",5,2004,한터로275번길 40,,-,-
경기도 용인처인구 고림동,1002,1002,0,예원마을코아루,84.75,202110,21,"26,800",11,2004,한터로275번길 40,,-,-
경기도 용인처인구 고림동,264-8,264,8,인정빌리지1,59.93,202110,2,"22,900",11,2000,한터로152번길 45,,-,-
경기도 용인처인구 고림동,264-8,264,8,인정빌리지1,59.93,202110,2,"23,700",6,2000,한터로152번길 45,,-,-
경기도 용인처인구 고림동,264-8,264,8,인정빌리지1,59.93,202110,17,"23,000",12,2000,한터로152번길 45,,-,-
경기도 용인처인구 고림동,264-8,264,8,인정빌리지1,59.93,202110,27,"25,700",9,2000,한터로152번길 45,,-,-
경기도 용인처인구 고림동,996,996,0,임원마을영화아이닉스,59.4175,202110,2,"22,000",10,2002,경안천로256번길 47-16,,-,-
경기도 용인처인구 김량장동,334-24,334,24,다온빌,49.82,202110,1,"18,000",8,2017,금령로34번길 5-3,,-,-
경기도 용인처인구 김량장동,516,516,0,삼환나우빌,84.929,202110,6,"53,000",15,2008,중부대로 1348,,-,-
경기도 용인처인구 김량장동,516,516,0,삼환나우빌,84.929,202110,9,"49,000",4,2008,중부대로 1348,,-,-
경기도 용인처인구 김량장동,516,516,0,삼환나우빌,84.929,202110,9,"47,500",4,2008,중부대로 1348,,-,-
경기도 용인처인구 김량장동,329-2,329,2,스위트홈아파트,45.9,202110,13,"17,800",5,2016,금령로12번길 12,,-,-
경기도 용인처인구 김량장동,329-2,329,2,스위트홈아파트,35.97,202110,15,"14,600",12,2016,금령로12번길 12,,-,-
경기도 용인처인구 김량장동,329-2,329,2,스위트홈아파트,45.9,202110,16,"19,500",6,2016,금령로12번길 12,,-,-
경기도 용인처인구 김량장동,503-3,503,3,신우,99.99,202110,2,"34,000",2,1999,중부대로1388번길 12,,-,-
경기도 용인처인구 김량장동,503-3,503,3,신우,99.99,202110,30,"35,900",18,1999,중부대로1388번길 12,,-,-
경기도 용인처인구 김량장동,Sep-63,63,9,에스원스마트빌,12.542,202110,25,"6,000",9,2014,백옥대로 1104,,-,-
경기도 용인처인구 김량장동,254-158,254,158,용인유메이드,15.0451,202110,20,"8,000",4,2017,금령로 43,,-,-
경기도 용인처인구 김량장동,254-158,254,158,용인유메이드,15.0451,202110,20,"7,000",2,2017,금령로 43,,-,-
경기도 용인처인구 김량장동,254-158,254,158,용인유메이드,15.0451,202110,20,"9,000",3,2017,금령로 43,,-,-
경기도 용인처인구 김량장동,04월 02일,4,2,현대아파트,59.985,202110,1,"25,000",16,1995,백옥대로1068번길 12,,-,-
경기도 용인처인구 김량장동,04월 02일,4,2,현대아파트,59.985,202110,4,"27,000",14,1995,백옥대로1068번길 12,,-,-
경기도 용인처인구 김량장동,04월 02일,4,2,현대아파트,59.985,202110,9,"29,000",18,1995,백옥대로1068번길 12,,-,-
경기도 용인처인구 김량장동,04월 02일,4,2,현대아파트,59.985,202110,10,"28,000",7,1995,백옥대로1068번길 12,,-,-
경기도 용인처인구 김량장동,324-1,324,1,휴먼빌리지,45.12,202110,27,"15,000",4,2016,금령로39번길 14-1,,-,-
경기도 용인처인구 남사읍 아곡리,681,681,0,e편한세상용인한숲시티5단지,84.658,202110,2,"54,500",23,2018,한숲로 83,,-,-
경기도 용인처인구 남사읍 아곡리,681,681,0,e편한세상용인한숲시티5단지,84.658,202110,2,"48,900",23,2018,한숲로 83,,-,-
경기도 용인처인구 남사읍 아곡리,681,681,0,e편한세상용인한숲시티5단지,84.658,202110,4,"49,900",27,2018,한숲로 83,,-,-
경기도 용인처인구 남사읍 아곡리,681,681,0,e편한세상용인한숲시티5단지,84.826,202110,4,"48,900",21,2018,한숲로 83,,-,-
경기도 용인처인구 남사읍 아곡리,681,681,0,e편한세상용인한숲시티5단지,44.26,202110,5,"30,000",9,2018,한숲로 83,,-,-
경기도 용인처인구 남사읍 아곡리,681,681,0,e편한세상용인한숲시티5단지,84.826,202110,6,"51,800",15,2018,한숲로 83,,-,-
경기도 용인처인구 남사읍 아곡리,681,681,0,e편한세상용인한숲시티5단지,90.508,202110,9,"48,500",1,2018,한숲로 83,,-,-
경기도 용인처인구 남사읍 아곡리,681,681,0,e편한세상용인한숲시티5단지,84.826,202110,12,"50,000",18,2018,한숲로 83,,-,-
경기도 용인처인구 남사읍 아곡리,681,681,0,e편한세상용인한숲시티5단지,44.356,202110,15,"29,800",14,2018,한숲로 83,,-,-
경기도 용인처인구 남사읍 아곡리,681,681,0,e편한세상용인한숲시티5단지,84.658,202110,15,"50,300",24,2018,한숲로 83,,-,-
경기도 용인처인구 남사읍 아곡리,681,681,0,e편한세상용인한숲시티5단지,97.946,202110,16,"64,500",13,2018,한숲로 83,,-,-
경기도 용인처인구 남사읍 아곡리,681,681,0,e편한세상용인한숲시티5단지,84.658,202110,23,"51,700",22,2018,한숲로 83,,-,-
경기도 용인처인구 남사읍 아곡리,681,681,0,e편한세상용인한숲시티5단지,84.233,202110,28,"50,500",11,2018,한숲로 83,,-,-
경기도 용인처인구 남사읍 완장리,949,949,0,e편한세상용인한숲시티3단지,84.658,202110,2,"48,000",7,2018,123,,-,-
경기도 용인처인구 남사읍 완장리,949,949,0,e편한세상용인한숲시티3단지,84.658,202110,5,"45,000",23,2018,123,,-,-
경기도 용인처인구 남사읍 완장리,949,949,0,e편한세상용인한숲시티3단지,84.658,202110,5,"45,000",23,2018,123,20211027,-,-
경기도 용인처인구 남사읍 완장리,949,949,0,e편한세상용인한숲시티3단지,59.709,202110,8,"39,800",16,2018,123,,-,-
경기도 용인처인구 남사읍 완장리,949,949,0,e편한세상용인한숲시티3단지,59.709,202110,8,"41,000",18,2018,123,,-,-
경기도 용인처인구 남사읍 완장리,949,949,0,e편한세상용인한숲시티3단지,44.356,202110,16,"29,300",3,2018,123,,-,-
경기도 용인처인구 남사읍 완장리,949,949,0,e편한세상용인한숲시티3단지,84.658,202110,16,"50,000",15,2018,123,,-,-
경기도 용인처인구 남사읍 완장리,949,949,0,e편한세상용인한숲시티3단지,44.356,202110,23,"26,000",3,2018,123,,-,-
경기도 용인처인구 남사읍 완장리,952,952,0,e편한세상용인한숲시티4단지,84.233,202110,11,"45,500",10,2018,124,,-,-
경기도 용인처인구 남사읍 완장리,952,952,0,e편한세상용인한숲시티4단지,84.658,202110,19,"48,300",16,2018,124,,-,-
경기도 용인처인구 남사읍 완장리,954,954,0,e편한세상용인한숲시티6단지,59.709,202110,2,"42,000",8,2018,84,,-,-
경기도 용인처인구 남사읍 완장리,954,954,0,e편한세상용인한숲시티6단지,84.658,202110,5,"45,000",27,2018,84,,-,-
경기도 용인처인구 남사읍 완장리,954,954,0,e편한세상용인한숲시티6단지,59.534,202110,6,"39,500",14,2018,84,,-,-
경기도 용인처인구 남사읍 완장리,954,954,0,e편한세상용인한숲시티6단지,65.908,202110,7,"38,700",1,2018,84,,-,-
경기도 용인처인구 남사읍 완장리,954,954,0,e편한세상용인한숲시티6단지,84.826,202110,9,"48,800",18,2018,84,,-,-
경기도 용인처인구 남사읍 완장리,954,954,0,e편한세상용인한숲시티6단지,84.233,202110,16,"48,000",9,2018,84,,-,-
경기도 용인처인구 남사읍 완장리,954,954,0,e편한세상용인한숲시티6단지,59.968,202110,18,"40,800",14,2018,84,,-,-
경기도 용인처인구 남사읍 완장리,954,954,0,e편한세상용인한숲시티6단지,59.968,202110,30,"39,000",4,2018,84,,-,-
경기도 용인처인구 남사읍 완장리,954,954,0,e편한세상용인한숲시티6단지,59.798,202110,30,"39,500",6,2018,84,,-,-
경기도 용인처인구 마평동,605-1,605,1,라이프,75.58,202110,9,"24,900",10,1993,동부로 7,,-,-
경기도 용인처인구 마평동,923,923,0,용인두보,84.68,202110,12,"29,900",21,1999,금령로173번길 14,,-,-
경기도 용인처인구 모현읍 왕산리,948,948,0,용인모현스위첸,84.981,202110,1,"40,000",17,2012,12,,-,-
경기도 용인처인구 모현읍 왕산리,948,948,0,용인모현스위첸,84.981,202110,18,"38,000",14,2012,12,,-,-
경기도 용인처인구 모현읍 왕산리,464-2,464,2,풍산마을햇빛,84.23,202110,5,"26,500",10,2000, 21-8,,-,-
경기도 용인처인구 모현읍 왕산리,464-2,464,2,풍산마을햇빛,59.84,202110,23,"21,000",1,2000, 21-8,,-,-
경기도 용인처인구 모현읍 일산리,671,671,0,신안인스빌2단지,84.92,202110,2,"37,000",18,2004,326,,-,-
경기도 용인처인구 백암면 근창리,11월 04일,11,4,강림,77.88,202110,20,"11,000",1,1990,근창로 38-9,,-,-
경기도 용인처인구 백암면 근창리,1083,1083,0,청와,59.94,202110,16,"9,500",14,2010,백원로 513,,-,-
경기도 용인처인구 백암면 근창리,1083,1083,0,청와,84.96,202110,25,"14,000",7,2010,백원로 513,,-,-
경기도 용인처인구 삼가동,551,551,0,늘푸른오스카빌2단지,81.83,202110,11,"43,000",2,2004,중부대로1158번길 12,,-,-
경기도 용인처인구 삼가동,563,563,0,용인행정타운두산위브2단지,84.94,202110,1,"54,200",6,2013,지삼로590번길 9,,-,-
경기도 용인처인구 삼가동,563,563,0,용인행정타운두산위브2단지,84.72,202110,19,"53,500",12,2013,지삼로590번길 9,,-,-
경기도 용인처인구 삼가동,564,564,0,용인행정타운두산위브3단지,148.97,202110,8,"76,000",5,2013,지삼로590번길 29,,-,-
경기도 용인처인구 삼가동,537,537,0,우남퍼스트빌,84.8028,202110,4,"44,500",14,2003,금학로 91,,-,-
경기도 용인처인구 삼가동,265,265,0,진우,84.84,202110,2,"34,000",9,1999,중부대로 1144,,-,-
경기도 용인처인구 삼가동,265,265,0,진우,84.84,202110,2,"30,500",1,1999,중부대로 1144,,-,-
경기도 용인처인구 삼가동,265,265,0,진우,84.84,202110,23,"36,500",24,1999,중부대로 1144,,-,-
경기도 용인처인구 삼가동,117,117,0,풍림,59.97,202110,9,"27,500",11,1998,삼가로 28,,-,-
경기도 용인처인구 삼가동,117,117,0,풍림,59.97,202110,15,"27,000",2,1998,삼가로 28,,-,-
경기도 용인처인구 역북동,808,808,0,골드클래스,59.9908,202110,9,"53,300",23,2017,명지로40번길 35-29,,-,-
경기도 용인처인구 역북동,808,808,0,골드클래스,83.2813,202110,12,"61,000",16,2017,명지로40번길 35-29,,-,-
경기도 용인처인구 역북동,808,808,0,골드클래스,59.9908,202110,28,"41,000",28,2017,명지로40번길 35-29,,-,-
경기도 용인처인구 역북동,721-2,721,2,금강,84.945,202110,1,"43,500",18,1999,명지로 15-29,,-,-
경기도 용인처인구 역북동,467-4,467,4,동산6차,75.6,202110,1,"15,000",1,1990,학산로 6,,-,-
경기도 용인처인구 역북동,438-1,438,1,삼아,45.745,202110,15,"9,500",4,1987,중부대로1313번길 20-15,,-,-
경기도 용인처인구 역북동,721-1,721,1,신성,59.99,202110,2,"36,900",11,1998,명지로 15-5,,-,-
경기도 용인처인구 역북동,721-1,721,1,신성,59.99,202110,2,"37,200",9,1998,명지로 15-5,,-,-
경기도 용인처인구 역북동,426,426,0,에버랜드,52.8,202110,1,"15,000",3,1990,용문로 42,,-,-
경기도 용인처인구 역북동,426,426,0,에버랜드,52.8,202110,21,"16,000",2,1990,용문로 42,,-,-
경기도 용인처인구 역북동,795,795,0,역북신원아침도시,59.0334,202110,5,"49,300",20,2019,낙은로 11,,-,-
경기도 용인처인구 역북동,795,795,0,역북신원아침도시,74.02,202110,14,"54,500",23,2019,낙은로 11,,-,-
경기도 용인처인구 역북동,795,795,0,역북신원아침도시,74.02,202110,14,"57,000",15,2019,낙은로 11,,-,-
경기도 용인처인구 역북동,795,795,0,역북신원아침도시,59.1964,202110,16,"48,500",23,2019,낙은로 11,,-,-
경기도 용인처인구 역북동,809,809,0,역북지웰푸르지오,59.9272,202110,2,"54,500",17,2017,명지로40번길 35-16,,-,-
경기도 용인처인구 역북동,809,809,0,역북지웰푸르지오,74.9508,202110,2,"63,500",5,2017,명지로40번길 35-16,,-,-
경기도 용인처인구 역북동,809,809,0,역북지웰푸르지오,59.9272,202110,11,"52,900",28,2017,명지로40번길 35-16,,-,-
경기도 용인처인구 역북동,734,734,0,용인명지대역동원로얄듀크,59.9991,202110,6,"57,500",15,2018,명지로16번길 26,,-,-
경기도 용인처인구 역북동,734,734,0,용인명지대역동원로얄듀크,84.9973,202110,9,"67,000",18,2018,명지로16번길 26,,-,-
경기도 용인처인구 역북동,734,734,0,용인명지대역동원로얄듀크,59.9991,202110,20,"57,000",19,2018,명지로16번길 26,,-,-
경기도 용인처인구 역북동,736,736,0,우미린센트럴파크,84.9882,202110,2,"70,000",20,2017,명지로16번길 25,,-,-
경기도 용인처인구 역북동,736,736,0,우미린센트럴파크,84.9651,202110,7,"63,000",2,2017,명지로16번길 25,,-,-
경기도 용인처인구 역북동,736,736,0,우미린센트럴파크,59.9809,202110,9,"56,700",24,2017,명지로16번길 25,,-,-
경기도 용인처인구 역북동,736,736,0,우미린센트럴파크,59.9809,202110,12,"56,900",12,2017,명지로16번길 25,,-,-
경기도 용인처인구 역북동,736,736,0,우미린센트럴파크,84.996,202110,13,"68,500",29,2017,명지로16번길 25,,-,-
경기도 용인처인구 역북동,736,736,0,우미린센트럴파크,84.9894,202110,16,"68,500",15,2017,명지로16번길 25,,-,-
경기도 용인처인구 역북동,434-42,434,42,유장(434-42),84.9,202110,1,"15,700",4,1995,금학로269번길 7,,-,-
경기도 용인처인구 역북동,434-42,434,42,유장(434-42),84.9,202110,30,"17,000",3,1995,금학로269번길 7,,-,-
경기도 용인처인구 역북동,412-2,412,2,"조양맨션(2,3동)",75.28,202110,6,"19,800",4,1989,금학로 259,,-,-
경기도 용인처인구 역북동,470-7,470,7,한우리1차,82.145,202110,8,"17,550",6,1991,낙은로 35,,-,-
경기도 용인처인구 역북동,470-7,470,7,한우리1차,82.145,202110,12,"17,400",8,1991,낙은로 35,,-,-
경기도 용인처인구 역북동,470-7,470,7,한우리1차,65.505,202110,23,"16,000",1,1991,낙은로 35,,-,-
경기도 용인처인구 역북동,280-3,280,3,한우리2차,51.04,202110,2,"14,950",9,1993,낙은로 43,,-,-
경기도 용인처인구 유방동,1007-1,1007,1,인정프린스1,49.36,202110,11,"19,000",9,1994,금어로 6,,-,-
경기도 용인처인구 유방동,1007-1,1007,1,인정프린스1,59.93,202110,30,"23,500",12,1994,금어로 6,,-,-
경기도 용인처인구 유방동,1007-50,1007,50,인정프린스2,59.4,202110,31,"22,700",1,1995,경안천로 378,,-,-
경기도 용인처인구 유방동,1007-51,1007,51,인정프린스3,60,202110,5,"22,500",15,1996,경안천로 368,,-,-
경기도 용인처인구 유방동,1007-51,1007,51,인정프린스3,60,202110,7,"24,750",9,1996,경안천로 368,,-,-
경기도 용인처인구 유방동,1007-51,1007,51,인정프린스3,60,202110,13,"18,000",17,1996,경안천로 368,,-,-
경기도 용인처인구 유방동,1007-51,1007,51,인정프린스3,60,202110,23,"24,500",6,1996,경안천로 368,,-,-
경기도 용인처인구 유방동,1007-51,1007,51,인정프린스3,60,202110,24,"23,000",16,1996,경안천로 368,,-,-
경기도 용인처인구 이동읍 송전리,1227,1227,0,송전마을세광엔리치타워,84.636,202110,7,"28,000",16,2010,28,,-,-
경기도 용인처인구 이동읍 천리,118-1,118,1,동아,59.4,202110,12,"14,000",10,1993,22,,-,-
경기도 용인처인구 이동읍 천리,118-1,118,1,동아,84.9,202110,19,"15,000",13,1993,22,20211027,-,-
경기도 용인처인구 이동읍 천리,118-1,118,1,동아,84.9,202110,26,"15,000",13,1993,22,,-,-
경기도 용인처인구 이동읍 천리,Apr-56,56,4,라이프타워,84.96,202110,13,"13,900",5,1995,101,,-,-
경기도 용인처인구 이동읍 천리,1119,1119,0,샘골마을풍성신미주1단지,84.8832,202110,2,"26,500",1,2005,11,,-,-
경기도 용인처인구 이동읍 천리,1119,1119,0,샘골마을풍성신미주1단지,84.8832,202110,8,"27,500",1,2005,11,,-,-
경기도 용인처인구 이동읍 천리,1142,1142,0,에이스카운티아파트,84.711,202110,2,"30,000",3,2016,백옥대로 737,,-,-
경기도 용인처인구 이동읍 천리,May-92,92,5,이화,35.05,202110,4,"7,750",3,1990,15,,-,-
경기도 용인처인구 이동읍 천리,584-52,584,52,장미맨션,84.84,202110,13,"11,500",4,1997, 3-1,,-,-
경기도 용인처인구 이동읍 천리,1134,1134,0,한천마을금광베네스타,84.808,202110,12,"27,500",12,2008,711,,-,-
경기도 용인처인구 이동읍 천리,1134,1134,0,한천마을금광베네스타,84.808,202110,16,"31,000",11,2008,711,,-,-
경기도 용인처인구 이동읍 천리,1134,1134,0,한천마을금광베네스타,84.808,202110,22,"26,300",15,2008,711,,-,-
경기도 용인처인구 포곡읍 둔전리,121-4,121,4,상부목련아파트(3동),79.36,202110,16,"11,700",2,1995,포곡로118번길 42-3,,-,-
경기도 용인처인구 포곡읍 둔전리,122-11,122,11,상부목련아파트(8동),84.95,202110,7,"11,000",5,1996,포곡로118번길 42-8,,-,-
경기도 용인처인구 포곡읍 둔전리,147,147,0,신원2차,59.96,202110,2,"32,000",20,1999,포곡로 98-1,,-,-
경기도 용인처인구 포곡읍 둔전리,449,449,0,용인포곡삼성쉐르빌,84.788,202110,2,"45,000",9,2012,포곡로 159,,-,-
경기도 용인처인구 포곡읍 둔전리,449,449,0,용인포곡삼성쉐르빌,84.9578,202110,16,"44,900",1,2012,포곡로 159,,-,-
경기도 용인처인구 포곡읍 둔전리,319,319,0,인정멜로디,47.325,202110,6,"20,000",13,1998,포곡로61번길 17,,-,-
경기도 용인처인구 포곡읍 둔전리,319,319,0,인정멜로디,53.925,202110,13,"25,500",15,1998,포곡로61번길 17,,-,-
경기도 용인처인구 포곡읍 둔전리,319,319,0,인정멜로디,53.925,202110,14,"24,500",8,1998,포곡로61번길 17,,-,-
경기도 용인처인구 포곡읍 둔전리,319,319,0,인정멜로디,53.925,202110,15,"28,000",17,1998,포곡로61번길 17,,-,-
경기도 용인처인구 포곡읍 삼계리,275-21,275,21,재원(105동),82.08,202110,11,"10,600",3,1996,백옥대로 1835-1,,-,-
경기도 용인처인구 포곡읍 전대리,150-28,150,28,태양,73.29,202110,20,"9,500",5,2002,전대로 37-8,,-,-
경기도 의왕시 고천동,503-1,503,1,영광(101동),63.27,202110,8,"66,000",10,1990,당뿌리로 31,,-,-
경기도 의왕시 고천동,503-1,503,1,영광(101동),63.27,202110,8,"66,000",10,1990,당뿌리로 31,20211025,-,-
경기도 의왕시 내손동,842,842,0,래미안에버하임,84.68,202110,23,"81,000",4,2009,내손순환로 7,,-,-
경기도 의왕시 내손동,414,414,0,삼성래미안,55.4831,202110,8,"77,000",15,2001,포일로 39,,-,-
경기도 의왕시 내손동,846,846,0,의왕내손e편한세상,59.707,202110,2,"94,000",5,2012,내손로 57,,-,-
경기도 의왕시 내손동,846,846,0,의왕내손e편한세상,127.96,202110,16,"140,000",5,2012,내손중앙로 11,,-,-
경기도 의왕시 내손동,846,846,0,의왕내손e편한세상,84.92,202110,16,"125,000",19,2012,내손로 57,,-,-
경기도 의왕시 내손동,844,844,0,인덕원 센트럴 자이 1단지,121.718,202110,2,"142,000",7,2009,내손로 13,,-,-
경기도 의왕시 내손동,844,844,0,인덕원 센트럴 자이 2단지,59.84,202110,13,"95,000",13,2009,내손로 14,,-,-
경기도 의왕시 삼동,462-32,462,32,대우장미,49.947,202110,8,"44,500",9,1995,부곡복지관길 23,,-,-
경기도 의왕시 삼동,130-11,130,11,삼신8차,51.9,202110,13,"39,800",4,1986,부곡중앙남6길 53,,-,-
경기도 의왕시 삼동,125,125,0,삼호한아름2차(201동),59.4,202110,9,"41,700",11,1994,까치골길 20,,-,-
경기도 의왕시 삼동,616,616,0,의왕파크푸르지오1차,84.9973,202110,8,"105,000",23,2019,장안중앙로 42,,-,-
경기도 의왕시 오전동,856,856,0,개나리쌍용,59.98,202110,11,"49,500",7,1994,오전로 43,,-,-
경기도 의왕시 오전동,838-3,838,3,국화뉴서울,49.5,202110,6,"38,000",10,1994,원골로 13,,-,-
경기도 의왕시 오전동,838-3,838,3,국화뉴서울,82.59,202110,6,"66,500",14,1994,원골로 13,,-,-
경기도 의왕시 오전동,358-19,358,19,남양모란,59.78,202110,5,"62,800",1,1999,모란길 5,,-,-
경기도 의왕시 오전동,887,887,0,대명솔채,84.623,202110,8,"68,000",8,2009,보식골로 17,,-,-
경기도 의왕시 오전동,887,887,0,대명솔채,84.623,202110,26,"75,000",21,2009,보식골로 17,,-,-
경기도 의왕시 오전동,100,100,0,모락산현대,79.049,202110,1,"70,000",12,2002,원골로 43,,-,-
경기도 의왕시 오전동,854,854,0,무궁화선경,84.985,202110,6,"59,500",8,1995,오전로 63,,-,-
경기도 의왕시 오전동,854,854,0,무궁화선경,84.985,202110,8,"49,000",3,1995,오전로 63,,-,-
경기도 의왕시 오전동,283-12,283,12,삼성미도(봉선화),83.655,202110,6,"76,000",1,1999,등칙골1길 12,,-,-
경기도 의왕시 오전동,358-1,358,1,삼호백조,82.56,202110,1,"75,000",6,1992,모란길 32,,-,-
경기도 의왕시 오전동,230,230,0,성원1차이화,59.83,202110,22,"60,800",7,2000,보식골로 6,,-,-
경기도 의왕시 오전동,892,892,0,의왕서해그랑블(블루스퀘어),84.77,202110,1,"85,500",35,2018,경수대로 262,,-,-
경기도 의왕시 오전동,388-1,388,1,이삭민들레,115.558,202110,1,"64,500",1,2000,오전천로 54,,-,-
경기도 의왕시 오전동,388-1,388,1,이삭민들레,84.876,202110,2,"64,000",19,2000,오전천로 54,,-,-
경기도 의왕시 오전동,01월 27일,27,1,한진해모로,59.865,202110,15,"63,000",14,2004,모락로 89-15,,-,-
경기도 의왕시 왕곡동,599,599,0,원효,49.77,202110,2,"48,800",8,1994,위인로 2,,-,-
경기도 의왕시 왕곡동,599,599,0,원효,49.77,202110,8,"46,000",2,1994,위인로 2,,-,-
경기도 의왕시 청계동,966,966,0,휴먼시아청계마을(4단지),84.86,202110,2,"97,000",7,2007,덕장로 76,,-,-
경기도 의왕시 청계동,966,966,0,휴먼시아청계마을(4단지),84.83,202110,11,"99,000",11,2007,덕장로 76,,-,-
경기도 의왕시 포일동,518,518,0,동아에코빌,60,202110,8,"79,000",20,2001,흥안대로456번길 125,,-,-
경기도 의왕시 포일동,638,638,0,위브호수마을1단지,59.99,202110,1,"83,700",11,2009,평의길 48,,-,-
경기도 의왕시 포일동,523,523,0,인덕원대우푸른마을(2차),84.96,202110,8,"94,000",5,2001,새롬길 21,,-,-
경기도 의왕시 포일동,441-2,441,2,인덕원삼호,84.99,202110,1,"120,000",7,1991,안양판교로 64,,-,-
경기도 의왕시 학의동,1099,1099,0,의왕백운 해링턴 플레이스 3단지,114.7897,202110,5,"185,000",3,2019,백운중앙로 99,,-,-
경기도 의정부시 가능동,656-1,656,1,SKVIEW,114.96,202110,19,"58,500",6,2007,신촌로 18-7,,-,-
경기도 의정부시 가능동,656-1,656,1,SKVIEW,84.94,202110,26,"54,800",9,2007,신촌로 18-7,,-,-
경기도 의정부시 가능동,847,847,0,e편한세상녹양역,59.9802,202110,9,"49,000",19,2019,녹양로34번길 47,,-,-
경기도 의정부시 가능동,15-552,15,552,가재울일신건영휴먼빌,59.9929,202110,13,"29,800",19,2007,평화로658번길 50,,-,-
경기도 의정부시 가능동,350-3,350,3,금광포란재이너스,84.62,202110,20,"37,000",10,2008,녹양로18번길 30,,-,-
경기도 의정부시 가능동,106-21,106,21,동원,49.95,202110,8,"17,000",19,1993,녹양로62번길 98,,-,-
경기도 의정부시 가능동,224-191,224,191,브라운스톤흥선,59.986,202110,1,"39,850",13,2008,호국로1142번길 22,,-,-
경기도 의정부시 가능동,224-191,224,191,브라운스톤흥선,59.986,202110,11,"38,800",16,2008,호국로1142번길 22,,-,-
경기도 의정부시 가능동,50,50,0,힐스테이트녹양역,84.8239,202110,26,"68,300",27,2018,가금로34번길 23,,-,-
경기도 의정부시 금오동,468-1,468,1,금오주공그린빌1,84.61,202110,2,"51,000",18,2002,부용로 49,,-,-
경기도 의정부시 금오동,468-1,468,1,금오주공그린빌1,75.62,202110,22,"30,000",1,2002,부용로 49,,-,-
경기도 의정부시 금오동,476-1,476,1,금오주공그린빌3,59.06,202110,5,"37,500",1,2003,부용로 137,,-,-
경기도 의정부시 금오동,476-1,476,1,금오주공그린빌3,59.06,202110,19,"33,000",1,2003,부용로 137,,-,-
경기도 의정부시 금오동,453-1,453,1,벽산블루밍,59.994,202110,15,"34,900",21,2005,금오로 92,,-,-
경기도 의정부시 금오동,80-20,80,20,세아,70.2,202110,11,"22,000",8,1992,상금로 31-14,,-,-
경기도 의정부시 금오동,80-20,80,20,세아,84.96,202110,18,"21,000",4,1992,상금로 31-14,,-,-
경기도 의정부시 금오동,66,66,0,우암센스뷰,84.794,202110,15,"30,000",5,2004,천보로 287,,-,-
경기도 의정부시 금오동,78,78,0,파스텔,59.94,202110,9,"22,000",2,1998,상금로 41-16,,-,-
경기도 의정부시 금오동,469-4,469,4,현대아이파크,84.68,202110,4,"46,000",2,2002,부용로 87,,-,-
경기도 의정부시 금오동,469-4,469,4,현대아이파크,84.68,202110,23,"53,500",12,2002,부용로 87,,-,-
경기도 의정부시 낙양동,736,736,0,대광로제비앙포레스트,82.8289,202110,2,"52,900",24,2018,용민로 373-1,,-,-
경기도 의정부시 낙양동,736,736,0,대광로제비앙포레스트,82.8289,202110,9,"49,000",1,2018,용민로 373-1,,-,-
경기도 의정부시 낙양동,736,736,0,대광로제비앙포레스트,82.8289,202110,12,"54,500",5,2018,용민로 373-1,,-,-
경기도 의정부시 낙양동,763,763,0,반도유보라아이비파크,84.9557,202110,7,"51,500",27,2017,용민로 304,,-,-
경기도 의정부시 낙양동,763,763,0,반도유보라아이비파크,84.9454,202110,14,"60,000",15,2017,용민로 304,,-,-
경기도 의정부시 낙양동,763,763,0,반도유보라아이비파크,81.1402,202110,23,"59,800",29,2017,용민로 304,,-,-
경기도 의정부시 낙양동,709,709,0,의정부민락금강펜테리움아파트,84.9818,202110,18,"54,000",5,2016,용민로 263,,-,-
경기도 의정부시 낙양동,757,757,0,의정부민락푸르지오,84.86,202110,8,"59,500",9,2015,송양로 46,,-,-
경기도 의정부시 녹양동,373,373,0,대림,59.806,202110,20,"28,000",11,2000,체육로 206-14,,-,-
경기도 의정부시 녹양동,373,373,0,대림,59.882,202110,20,"28,000",18,2000,체육로 206-14,,-,-
경기도 의정부시 녹양동,146-15,146,15,청구,59.9,202110,6,"24,500",13,1994,녹양로 71-7,,-,-
경기도 의정부시 녹양동,80,80,0,현대,84.94,202110,8,"42,500",14,1990,녹양로 86-15,,-,-
경기도 의정부시 녹양동,80,80,0,현대,71.18,202110,11,"37,000",11,1990,녹양로 86-15,,-,-
경기도 의정부시 녹양동,401,401,0,휴먼시아(3단지),84.91,202110,7,"50,000",6,2008,본원로 39,,-,-
경기도 의정부시 녹양동,405,405,0,휴먼시아(4단지),84.91,202110,19,"52,000",5,2008,본원로 40,,-,-
경기도 의정부시 민락동,894,894,0,민락2지구18단지호반베르디움,84.9564,202110,9,"56,800",2,2017,송양로 93,,-,-
경기도 의정부시 민락동,894,894,0,민락2지구18단지호반베르디움,84.9788,202110,16,"59,000",13,2017,송양로 93,,-,-
경기도 의정부시 민락동,550-4,550,4,민락e-편한세상,84.959,202110,1,"53,000",5,2006,오목로 117,,-,-
경기도 의정부시 민락동,895,895,0,민락센트럴15단지,84.97,202110,1,"49,500",10,2013,용민로 442,,-,-
경기도 의정부시 민락동,891,891,0,민락센트럴17단지,84.97,202110,23,"51,000",9,2013,송양로 75,,-,-
경기도 의정부시 민락동,890,890,0,민락엘레트,59.48,202110,2,"42,700",3,2017,송양로 94,,-,-
경기도 의정부시 민락동,890,890,0,민락엘레트,59.93,202110,5,"43,900",8,2017,송양로 94,,-,-
경기도 의정부시 민락동,890,890,0,민락엘레트,51.91,202110,5,"35,300",12,2017,송양로 94,,-,-
경기도 의정부시 민락동,890,890,0,민락엘레트,59.48,202110,7,"44,000",27,2017,송양로 94,,-,-
경기도 의정부시 민락동,890,890,0,민락엘레트,59.93,202110,9,"43,000",18,2017,송양로 94,,-,-
경기도 의정부시 민락동,890,890,0,민락엘레트,59.48,202110,16,"44,000",23,2017,송양로 94,,-,-
경기도 의정부시 민락동,890,890,0,민락엘레트,59.93,202110,16,"42,800",14,2017,송양로 94,,-,-
경기도 의정부시 민락동,890,890,0,민락엘레트,59.93,202110,16,"43,000",5,2017,송양로 94,,-,-
경기도 의정부시 민락동,890,890,0,민락엘레트,59.93,202110,18,"43,400",18,2017,송양로 94,,-,-
경기도 의정부시 민락동,890,890,0,민락엘레트,59.93,202110,21,"43,000",4,2017,송양로 94,,-,-
경기도 의정부시 민락동,890,890,0,민락엘레트,59.93,202110,22,"44,000",21,2017,송양로 94,,-,-
경기도 의정부시 민락동,890,890,0,민락엘레트,59.93,202110,23,"44,800",17,2017,송양로 94,,-,-
경기도 의정부시 민락동,890,890,0,민락엘레트,59.93,202110,26,"44,300",20,2017,송양로 94,,-,-
경기도 의정부시 민락동,890,890,0,민락엘레트,59.93,202110,29,"45,000",8,2017,송양로 94,,-,-
경기도 의정부시 민락동,694,694,0,산들마을4단지아이파크,99.98,202110,9,"52,000",14,1999,오목로 170,,-,-
경기도 의정부시 민락동,757-4,757,4,송산주공4단지,59.42,202110,16,"47,000",6,2002,오목로 72,,-,-
경기도 의정부시 민락동,757-4,757,4,송산주공4단지,49.86,202110,22,"35,800",16,2002,오목로 72,,-,-
경기도 의정부시 민락동,735-1,735,1,송산주공6단지,84.34,202110,2,"44,500",14,2000,효자로 26,,-,-
경기도 의정부시 민락동,731-2,731,2,송산팰리스,49.86,202110,7,"27,500",3,2002,효자로 25,,-,-
경기도 의정부시 민락동,889,889,0,의정부민락우미린더스카이,84.9907,202110,2,"61,500",22,2018,송양로 76,,-,-
경기도 의정부시 민락동,889,889,0,의정부민락우미린더스카이,84.9965,202110,2,"61,800",18,2018,송양로 76,,-,-
경기도 의정부시 민락동,889,889,0,의정부민락우미린더스카이,84.9819,202110,7,"59,000",3,2018,송양로 76,,-,-
경기도 의정부시 민락동,889,889,0,의정부민락우미린더스카이,84.9907,202110,19,"63,000",15,2018,송양로 76,,-,-
경기도 의정부시 민락동,695-1,695,1,주공,49.26,202110,1,"23,000",3,1999,오목로 150,,-,-
경기도 의정부시 민락동,695-1,695,1,주공,59.41,202110,9,"34,000",10,1999,오목로 150,,-,-
경기도 의정부시 민락동,695-1,695,1,주공,59.41,202110,14,"27,000",4,1999,오목로 150,,-,-
경기도 의정부시 민락동,695-1,695,1,주공,49.57,202110,22,"24,000",14,1999,오목로 150,,-,-
경기도 의정부시 민락동,847,847,0,호반베르디움1차,84.9788,202110,2,"67,700",22,2017,민락로 211,,-,-
경기도 의정부시 민락동,847,847,0,호반베르디움1차,84.9788,202110,9,"66,500",16,2017,민락로 211,,-,-
경기도 의정부시 민락동,847,847,0,호반베르디움1차,84.9788,202110,9,"65,500",10,2017,민락로 211,,-,-
경기도 의정부시 민락동,847,847,0,호반베르디움1차,84.8985,202110,12,"67,000",23,2017,민락로 211,,-,-
경기도 의정부시 민락동,847,847,0,호반베르디움1차,84.9788,202110,15,"69,800",19,2017,민락로 211,,-,-
경기도 의정부시 민락동,847,847,0,호반베르디움1차,84.9788,202110,27,"63,500",25,2017,민락로 211,,-,-
경기도 의정부시 민락동,847,847,0,호반베르디움1차,84.9788,202110,30,"63,500",15,2017,민락로 211,,-,-
경기도 의정부시 신곡동,816,816,0,e편한세상신곡파크비스타,59.9429,202110,21,"54,000",15,2019,시민로 287,,-,-
경기도 의정부시 신곡동,816,816,0,e편한세상신곡파크비스타,59.7748,202110,22,"56,000",17,2019,시민로 287,,-,-
경기도 의정부시 신곡동,816,816,0,e편한세상신곡파크비스타,72.9453,202110,24,"63,500",20,2019,시민로 287,,-,-
경기도 의정부시 신곡동,816,816,0,e편한세상신곡파크비스타,72.9453,202110,27,"60,200",3,2019,시민로 287,,-,-
경기도 의정부시 신곡동,669,669,0,극동,47.88,202110,1,"21,900",1,1995,추동로 45,,-,-
경기도 의정부시 신곡동,167-20,167,20,극동스타클래스,75.532,202110,17,"38,800",12,2006,시민로317번길 15,,-,-
경기도 의정부시 신곡동,755-2,755,2,금오풍림,84.9367,202110,3,"46,500",3,2005,장곡로 532,,-,-
경기도 의정부시 신곡동,669,669,0,동성,60,202110,10,"29,000",14,1995,추동로 45,,-,-
경기도 의정부시 신곡동,758-1,758,1,드림밸리,95.487,202110,28,"52,000",20,2002,장곡로596번길 18,,-,-
경기도 의정부시 신곡동,685,685,0,벽산,84.63,202110,1,"35,000",18,1993,능곡로 69,,-,-
경기도 의정부시 신곡동,685,685,0,벽산,72.09,202110,9,"30,000",18,1993,능곡로 69,,-,-
경기도 의정부시 신곡동,486-13,486,13,벽산조합,84.96,202110,8,"31,900",1,1994,장금로78번길 41,,-,-
경기도 의정부시 신곡동,681-2,681,2,부용,46.62,202110,6,"22,900",12,1994,장곡로 440,,-,-
경기도 의정부시 신곡동,686,686,0,삼도세라믹,51.98,202110,14,"24,000",2,1993,장금로 54,,-,-
경기도 의정부시 신곡동,169-20,169,20,성원,59.44,202110,1,"22,000",3,1993,시민로 333,,-,-
경기도 의정부시 신곡동,473-2,473,2,성원2,84.94,202110,12,"39,500",16,1998,능곡로 16-7,,-,-
경기도 의정부시 신곡동,473-2,473,2,성원2,59.91,202110,12,"26,900",18,1998,능곡로 16-7,,-,-
경기도 의정부시 신곡동,471,471,0,신곡건영,59.8,202110,6,"28,900",5,1999,능곡로26번길 40,,-,-
경기도 의정부시 신곡동,682,682,0,신곡동신,84.6,202110,11,"42,500",6,1993,장금로 13,,-,-
경기도 의정부시 신곡동,754,754,0,신곡주공4,59.47,202110,5,"33,500",20,2001,능곡로 8,,-,-
경기도 의정부시 신곡동,754,754,0,신곡주공4,59.55,202110,7,"30,600",7,2001,능곡로 8,,-,-
경기도 의정부시 신곡동,754,754,0,신곡주공4,49.79,202110,8,"25,000",19,2001,능곡로 8,,-,-
경기도 의정부시 신곡동,754,754,0,신곡주공4,59.47,202110,20,"32,800",13,2001,능곡로 8,,-,-
경기도 의정부시 신곡동,164-1,164,1,신곡현대,60,202110,8,"21,400",12,1990,시민로 321,,-,-
경기도 의정부시 신곡동,164-1,164,1,신곡현대,60,202110,18,"19,000",5,1990,시민로 321,,-,-
경기도 의정부시 신곡동,164-1,164,1,신곡현대,49.32,202110,18,"20,000",5,1990,시민로 321,,-,-
경기도 의정부시 신곡동,580,580,0,신동아파밀리에,84.7245,202110,12,"57,500",14,2004,시민로179번길 38,,-,-
경기도 의정부시 신곡동,98,98,0,신명,41.508,202110,2,"20,800",24,2000,능곡로 70,,-,-
경기도 의정부시 신곡동,98,98,0,신명,134.497,202110,2,"49,000",3,2000,능곡로 70,,-,-
경기도 의정부시 신곡동,98,98,0,신명,134.497,202110,16,"50,000",20,2000,능곡로 70,,-,-
경기도 의정부시 신곡동,108-14,108,14,신명스카이뷰,82.139,202110,2,"32,500",16,2002,추동로108번길 109,,-,-
경기도 의정부시 신곡동,108-14,108,14,신명스카이뷰,82.139,202110,22,"32,900",9,2002,추동로108번길 109,,-,-
경기도 의정부시 신곡동,685,685,0,신성,72.09,202110,15,"33,800",12,1993,능곡로 69,,-,-
경기도 의정부시 신곡동,684,684,0,은하수,101.91,202110,6,"43,000",2,1994,추동로 12,,-,-
경기도 의정부시 신곡동,684,684,0,은하수,101.91,202110,6,"51,000",12,1994,추동로 12,,-,-
경기도 의정부시 신곡동,727-1,727,1,장암한국,59.886,202110,2,"39,300",13,1999,회룡로 245,,-,-
경기도 의정부시 신곡동,727-1,727,1,장암한국,59.886,202110,7,"38,700",20,1999,회룡로 245,,-,-
경기도 의정부시 신곡동,727-1,727,1,장암한국,59.886,202110,15,"25,000",7,1999,회룡로 245,,-,-
경기도 의정부시 신곡동,725-2,725,2,장암현대1,84.665,202110,1,"51,500",12,1998,동일로 451-25,,-,-
경기도 의정부시 신곡동,687-1,687,1,추동,49.14,202110,15,"22,000",15,1994,능곡로 13,,-,-
경기도 의정부시 신곡동,727-1,727,1,풍림,49.83,202110,16,"35,500",15,1998,회룡로 245,,-,-
경기도 의정부시 신곡동,727-1,727,1,풍림,49.83,202110,16,"33,500",17,1998,회룡로 245,,-,-
경기도 의정부시 용현동,10월 06일,10,6,베르우스M,33.566,202110,19,"13,000",7,2019,용민로 74,,-,-
경기도 의정부시 용현동,10월 06일,10,6,베르우스M,43.1304,202110,28,"16,500",8,2019,용민로 74,,-,-
경기도 의정부시 용현동,547-3,547,3,송산주공1단지,49.86,202110,6,"27,900",6,2002,부용로 233,,-,-
경기도 의정부시 용현동,547-3,547,3,송산주공1단지,49.86,202110,7,"25,800",14,2002,부용로 233,,-,-
경기도 의정부시 용현동,547-3,547,3,송산주공1단지,49.86,202110,10,"23,000",1,2002,부용로 233,,-,-
경기도 의정부시 용현동,547-3,547,3,송산주공1단지,49.86,202110,11,"26,300",19,2002,부용로 233,,-,-
경기도 의정부시 용현동,547-3,547,3,송산주공1단지,59.42,202110,11,"31,000",16,2002,부용로 233,,-,-
경기도 의정부시 용현동,547-3,547,3,송산주공1단지,59.42,202110,11,"33,500",12,2002,부용로 233,,-,-
경기도 의정부시 용현동,547-3,547,3,송산주공1단지,49.86,202110,16,"26,350",2,2002,부용로 233,,-,-
경기도 의정부시 용현동,290-1,290,1,신도10파크힐타운,75.9734,202110,6,"33,800",4,2001,용현로 42,,-,-
경기도 의정부시 용현동,291-1,291,1,신도브래뉴지역주택조합,84.9904,202110,2,"43,800",3,2006,용현로 72,,-,-
경기도 의정부시 용현동,291-1,291,1,신도브래뉴지역주택조합,59.9141,202110,6,"30,900",21,2006,용현로 72,,-,-
경기도 의정부시 용현동,275-2,275,2,애디안아파트,69.02,202110,15,"27,500",15,2018,용민로 55,,-,-
경기도 의정부시 용현동,390,390,0,용현세아1차,84.88,202110,19,"30,500",2,1990,시민로387번길 54,,-,-
경기도 의정부시 용현동,404-2,404,2,용현세아2차,58.22,202110,9,"24,800",1,1996,용민로7번길 17,,-,-
경기도 의정부시 용현동,46,46,0,용현현대1차,84.945,202110,7,"64,500",4,1992,오목로 36,,-,-
경기도 의정부시 용현동,46,46,0,용현현대1차,129.73,202110,9,"79,000",17,1992,오목로 36,,-,-
경기도 의정부시 용현동,Mar-33,33,3,장미2,81.12,202110,16,"49,900",4,1990,오목로35번길 66,,-,-
경기도 의정부시 의정부동,127-5,127,5,DS더웰가,54.6075,202110,4,"22,500",20,2017,태평로 13,,-,-
경기도 의정부시 의정부동,127-5,127,5,DS더웰가,35.3169,202110,11,"17,000",12,2017,태평로 13,,-,-
경기도 의정부시 의정부동,127-5,127,5,DS더웰가,35.3169,202110,22,"16,000",5,2017,태평로 13,,-,-
경기도 의정부시 의정부동,09월 20일,9,20,골든하우스,75.59,202110,5,"21,900",7,2015,호국로1331번길 8,,-,-
경기도 의정부시 의정부동,Apr-98,98,4,공간라움,33.343,202110,13,"10,400",15,2018,태평로 12,,-,-
경기도 의정부시 의정부동,288,288,0,동화,59.89,202110,2,"23,800",13,1995,범골로 60,,-,-
경기도 의정부시 의정부동,288,288,0,동화,59.89,202110,14,"29,500",7,1995,범골로 60,,-,-
경기도 의정부시 의정부동,288,288,0,동화,59.89,202110,23,"24,700",26,1995,범골로 60,,-,-
경기도 의정부시 의정부동,167-16,167,16,드림타운,15.77,202110,11,"5,900",5,2012,평화로483번길 48,,-,-
경기도 의정부시 의정부동,167-14,167,14,디에스타워,17.6075,202110,20,"6,500",8,2012,평화로483번길 44,,-,-
경기도 의정부시 의정부동,167-14,167,14,디에스타워,17.6075,202110,20,"6,500",3,2012,평화로483번길 44,,-,-
경기도 의정부시 의정부동,167-14,167,14,디에스타워,17.6075,202110,20,"5,500",9,2012,평화로483번길 44,,-,-
경기도 의정부시 의정부동,167-14,167,14,디에스타워,17.6075,202110,20,"6,000",8,2012,평화로483번길 44,,-,-
경기도 의정부시 의정부동,493-7,493,7,럭스타워,40,202110,15,"17,400",4,2019,신흥로239번길 20,,-,-
경기도 의정부시 의정부동,166-12,166,12,맥스타워,18.23,202110,4,"6,800",12,2013,471,,-,-
경기도 의정부시 의정부동,166-12,166,12,맥스타워,18.23,202110,11,"6,800",14,2013,471,,-,-
경기도 의정부시 의정부동,166-12,166,12,맥스타워,18.09,202110,14,"7,000",11,2013,471,,-,-
경기도 의정부시 의정부동,166-12,166,12,맥스타워,18.09,202110,26,"7,000",16,2013,471,,-,-
경기도 의정부시 의정부동,10월 21일,21,10,메트하임의정부,18.23,202110,27,"9,300",15,2020,호국로1336번길 19-8,,-,-
경기도 의정부시 의정부동,163-8,163,8,베르우스,42.34,202110,9,"17,500",8,2018,487,,-,-
경기도 의정부시 의정부동,163-8,163,8,베르우스,39.54,202110,22,"17,500",14,2018,487,,-,-
경기도 의정부시 의정부동,138-15,138,15,비비르파크,19.92,202110,25,"8,000",10,2013,490,,-,-
경기도 의정부시 의정부동,138-15,138,15,비비르파크,19.92,202110,25,"8,000",10,2013,490,,-,-
경기도 의정부시 의정부동,138-15,138,15,비비르파크,17.84,202110,28,"6,500",10,2013,490,,-,-
경기도 의정부시 의정부동,220-59,220,59,스마트트라움,69.4,202110,8,"30,800",12,2019,호국로 1299,,-,-
경기도 의정부시 의정부동,199-3,199,3,우미쁘띠린1차,19.81,202110,26,"8,300",11,2014,평화로552번길 9-14,,-,-
경기도 의정부시 의정부동,199-10,199,10,우미쁘띠린2차,19.81,202110,5,"8,000",12,2014,호국로1298번길 38,,-,-
경기도 의정부시 의정부동,166-4,166,4,의정부디베뉴스타,14.62,202110,13,"9,500",24,2020,평화로 467,,-,-
경기도 의정부시 의정부동,721,721,0,의정부롯데캐슬골드파크1단지,84.96,202110,2,"77,500",11,2018,범골로63번길 13,,-,-
경기도 의정부시 의정부동,721,721,0,의정부롯데캐슬골드파크1단지,59.97,202110,4,"62,000",13,2018,범골로63번길 13,,-,-
경기도 의정부시 의정부동,721,721,0,의정부롯데캐슬골드파크1단지,59.98,202110,14,"60,000",23,2018,범골로63번길 13,,-,-
경기도 의정부시 의정부동,720,720,0,의정부롯데캐슬골드파크2단지,84.96,202110,2,"79,000",18,2018,범골로63번길 31,,-,-
경기도 의정부시 의정부동,720,720,0,의정부롯데캐슬골드파크2단지,84.96,202110,7,"67,500",1,2018,범골로63번길 31,,-,-
경기도 의정부시 의정부동,499-6,499,6,의정부역코아루퍼스트원,17.24,202110,8,"11,311",6,2020,신흥로222번길 5-30,,-,-
경기도 의정부시 의정부동,499-6,499,6,의정부역코아루퍼스트원,17.24,202110,8,"11,311",8,2020,신흥로222번길 5-30,,-,-
경기도 의정부시 의정부동,499-6,499,6,의정부역코아루퍼스트원,19.108,202110,9,"12,283",10,2020,신흥로222번길 5-30,,-,-
경기도 의정부시 의정부동,499-6,499,6,의정부역코아루퍼스트원,23.386,202110,12,"13,328",6,2020,신흥로222번길 5-30,,-,-
경기도 의정부시 의정부동,499-6,499,6,의정부역코아루퍼스트원,17.41,202110,14,"9,000",9,2020,신흥로222번길 5-30,,-,-
경기도 의정부시 의정부동,499-6,499,6,의정부역코아루퍼스트원,19.715,202110,15,"11,367",12,2020,신흥로222번길 5-30,,-,-
경기도 의정부시 의정부동,499-6,499,6,의정부역코아루퍼스트원,24.427,202110,16,"13,274",19,2020,신흥로222번길 5-30,,-,-
경기도 의정부시 의정부동,499-6,499,6,의정부역코아루퍼스트원,19.715,202110,16,"11,367",13,2020,신흥로222번길 5-30,,-,-
경기도 의정부시 의정부동,499-6,499,6,의정부역코아루퍼스트원,17.24,202110,16,"11,311",6,2020,신흥로222번길 5-30,,-,-
경기도 의정부시 의정부동,499-6,499,6,의정부역코아루퍼스트원,19.108,202110,17,"12,283",11,2020,신흥로222번길 5-30,,-,-
경기도 의정부시 의정부동,482-3,482,3,젠하우트(482-3),25.71,202110,12,"6,500",5,2010,둔야로33번길 22,,-,-
경기도 의정부시 의정부동,482-3,482,3,젠하우트(482-3),22.46,202110,26,"5,800",5,2010,둔야로33번길 22,,-,-
경기도 의정부시 의정부동,304-6,304,6,준성,72.56,202110,15,"18,000",5,2003,백석로 13-17,,-,-
경기도 의정부시 의정부동,240-111,240,111,토암비체,37.1,202110,18,"12,000",7,2012,호국로1267번길 6,,-,-
경기도 의정부시 장암동,20,20,0,동아,59.925,202110,9,"43,000",8,1997,장곡로 240,,-,-
경기도 의정부시 장암동,20,20,0,동아,59.925,202110,11,"42,500",9,1997,장곡로 240,,-,-
경기도 의정부시 장암동,20,20,0,동아,59.925,202110,21,"44,500",13,1997,장곡로 240,,-,-
경기도 의정부시 장암동,20,20,0,동아,84.97,202110,25,"51,500",6,1997,장곡로 240,,-,-
경기도 의정부시 장암동,08월 14일,14,8,신곡우성,84.975,202110,6,"45,000",10,1992,동일로 400,,-,-
경기도 의정부시 장암동,37,37,0,장암1차푸르지오,84.66,202110,2,"60,000",6,2004,장곡로226번길 52,,-,-
경기도 의정부시 장암동,37,37,0,장암1차푸르지오,113.29,202110,6,"70,000",10,2004,장곡로226번길 52,,-,-
경기도 의정부시 장암동,37,37,0,장암1차푸르지오,113.29,202110,9,"69,700",11,2004,장곡로226번길 52,,-,-
경기도 의정부시 장암동,Feb-34,34,2,장암더샵,84.7338,202110,14,"47,200",2,2020,장곡로226번길 83,,-,-
경기도 의정부시 장암동,5,5,0,장암주공2,41.85,202110,1,"25,000",13,1993,동일로 397,,-,-
경기도 의정부시 장암동,5,5,0,장암주공2,41.85,202110,2,"25,000",8,1993,동일로 397,,-,-
경기도 의정부시 장암동,5,5,0,장암주공2,41.85,202110,4,"26,400",9,1993,동일로 397,,-,-
경기도 의정부시 장암동,5,5,0,장암주공2,51.66,202110,6,"27,500",4,1993,동일로 397,,-,-
경기도 의정부시 장암동,5,5,0,장암주공2,41.85,202110,7,"27,000",7,1993,동일로 397,,-,-
경기도 의정부시 장암동,5,5,0,장암주공2,51.66,202110,14,"31,000",6,1993,동일로 397,,-,-
경기도 의정부시 장암동,5,5,0,장암주공2,41.85,202110,22,"24,500",4,1993,동일로 397,,-,-
경기도 의정부시 장암동,5,5,0,장암주공2,51.66,202110,31,"31,000",11,1993,동일로 397,,-,-
경기도 의정부시 장암동,17-32,17,32,장암주공7,49.95,202110,1,"30,700",15,1998,회룡로 254,,-,-
경기도 의정부시 장암동,17-32,17,32,장암주공7,39.99,202110,15,"25,000",6,1998,회룡로 254,,-,-
경기도 의정부시 호원동,468-4,468,4,르네상스시티,15.64,202110,11,"8,800",9,2017,137,,-,-
경기도 의정부시 호원동,468-4,468,4,르네상스시티,15.64,202110,28,"11,000",7,2017,137,,-,-
경기도 의정부시 호원동,351-1,351,1,삼익,59.595,202110,13,"39,600",21,1998,백석로 33,,-,-
경기도 의정부시 호원동,401-1,401,1,신도6,59.99,202110,9,"31,500",8,1997,범골로29번길 34,,-,-
경기도 의정부시 호원동,401-1,401,1,신도6,59.99,202110,16,"35,800",2,1997,범골로29번길 34,,-,-
경기도 의정부시 호원동,327-1,327,1,신원,60,202110,1,"33,900",1,1997,회룡로105번길 37,,-,-
경기도 의정부시 호원동,Apr-55,55,4,신일유토빌,84.97,202110,9,"67,000",15,2003,호암로 256,,-,-
경기도 의정부시 호원동,114-2,114,2,양우내안애팰리스,18.5944,202110,11,"6,350",2,2013,호암로 111,,-,-
경기도 의정부시 호원동,114-2,114,2,양우내안애팰리스,18.5944,202110,16,"6,900",2,2013,호암로 111,,-,-
경기도 의정부시 호원동,460-13,460,13,엘리시아,18.055,202110,12,"10,400",10,2018,184,,-,-
경기도 의정부시 호원동,422,422,0,우남,59.9,202110,22,"34,000",11,1996,회룡로138번길 18,,-,-
경기도 의정부시 호원동,423-2,423,2,우남2,59.85,202110,1,"38,000",12,1997,회룡로138번길 27,,-,-
경기도 의정부시 호원동,446,446,0,우성1,127.42,202110,5,"51,500",5,1993,안말로85번길 10,,-,-
경기도 의정부시 호원동,430,430,0,우성3,84.97,202110,11,"49,000",1,1993,평화로322번길 52,,-,-
경기도 의정부시 호원동,451,451,0,우성5,84.94,202110,12,"51,000",23,1995,안말로 90,,-,-
경기도 의정부시 호원동,451,451,0,우성5,84.94,202110,15,"48,500",9,1995,안말로 90,,-,-
경기도 의정부시 호원동,444-1,444,1,푸른마을,59.91,202110,8,"33,000",19,1998,평화로272번길 29,,-,-
경기도 의정부시 호원동,10월 03일,10,3,한신2차,84.96,202110,8,"50,500",14,1994,회룡로105번길 7,,-,-
경기도 의정부시 호원동,436-1,436,1,한주1,84.97,202110,12,"50,500",5,1994,평화로290번길 11,,-,-
경기도 의정부시 호원동,424,424,0,한주5,59.63,202110,4,"41,200",10,1996,회룡로138번길 12,,-,-
경기도 의정부시 호원동,360,360,0,호원가든1,59.93,202110,2,"42,900",5,1997,호동로 56,,-,-
경기도 의정부시 호원동,322-5,322,5,호원가든2,59.76,202110,13,"45,000",3,1997,호동로 72,,-,-
경기도 의정부시 호원동,289-7,289,7,호원동한승미메이드,84.579,202110,8,"64,500",6,2006,신흥로 57-14,,-,-
경기도 의정부시 호원동,347-1,347,1,호원두산,59.43,202110,2,"33,500",2,1997,백석로 62,,-,-
경기도 의정부시 호원동,347-1,347,1,호원두산,59.9,202110,13,"28,000",13,1997,백석로 62,,-,-
경기도 의정부시 호원동,441-4,441,4,흥화브라운,84.947,202110,5,"39,800",1,2002, 271-10,,-,-
경기도 이천시 갈산동,782,782,0,갈산동현진에버빌,84.96,202110,1,"44,800",5,2008,안흥로 60,,-,-
경기도 이천시 갈산동,782,782,0,갈산동현진에버빌,84.96,202110,24,"47,800",8,2008,안흥로 60,,-,-
경기도 이천시 갈산동,783,783,0,설봉1차푸르지오,127.0695,202110,9,"70,000",12,2008,향교로 159,,-,-
경기도 이천시 갈산동,468-1,468,1,우성,84.98,202110,3,"14,300",4,1997,갈산로87번길 10-3,,-,-
경기도 이천시 갈산동,468-1,468,1,우성,59.9,202110,5,"16,800",8,1997,갈산로87번길 10-3,,-,-
경기도 이천시 갈산동,468-1,468,1,우성,84.98,202110,8,"19,300",14,1997,갈산로87번길 10-3,,-,-
경기도 이천시 갈산동,468-1,468,1,우성,84.98,202110,8,"17,000",14,1997,갈산로87번길 10-3,,-,-
경기도 이천시 갈산동,468-1,468,1,우성,59.84,202110,16,"17,500",12,1997,갈산로87번길 10-3,,-,-
경기도 이천시 갈산동,468-1,468,1,우성,59.9,202110,18,"14,000",15,1997,갈산로87번길 10-3,,-,-
경기도 이천시 고담동,579,579,0,지엠하이빌,84.8274,202110,2,"19,500",2,2006,대산로247번길 50,,-,-
경기도 이천시 고담동,579,579,0,지엠하이빌,84.8274,202110,10,"24,500",5,2006,대산로247번길 50,,-,-
경기도 이천시 고담동,579,579,0,지엠하이빌,84.8274,202110,15,"22,500",9,2006,대산로247번길 50,,-,-
경기도 이천시 관고동,05월 26일,26,5,대원새설봉,58.59,202110,21,"14,900",9,1994,경충대로2674번길 36,,-,-
경기도 이천시 관고동,185-12,185,12,두산,84.9,202110,9,"25,500",3,1998,영창로 90,,-,-
경기도 이천시 관고동,185-12,185,12,두산,59.97,202110,11,"20,000",10,1998,영창로 90,,-,-
경기도 이천시 관고동,185-12,185,12,두산,84.9,202110,11,"20,000",1,1998,영창로 90,,-,-
경기도 이천시 관고동,185-12,185,12,두산,75.9,202110,15,"19,800",11,1998,영창로 90,,-,-
경기도 이천시 관고동,185-12,185,12,두산,59.97,202110,25,"21,000",13,1998,영창로 90,,-,-
경기도 이천시 관고동,514,514,0,벽산블루밍,84.98,202110,5,"37,800",4,2010,영창로 108,,-,-
경기도 이천시 관고동,514,514,0,벽산블루밍,114.96,202110,27,"50,800",8,2010,영창로 108,,-,-
경기도 이천시 관고동,226-8,226,8,산호1,64.5,202110,14,"14,300",5,1991,경충대로2716번길 19,,-,-
경기도 이천시 관고동,226-3,226,3,설봉,56.98,202110,2,"22,000",4,1986,경충대로2720번길 16,,-,-
경기도 이천시 관고동,503-6,503,6,은하,68.01,202110,8,"10,300",6,1993,경충대로2684번길 6,,-,-
경기도 이천시 관고동,503,503,0,한마음,60.48,202110,25,"12,100",1,1989,설봉로19번길 13,,-,-
경기도 이천시 대월면 사동리,465,465,0,사동6현대,59.98,202110,1,"19,700",16,1999,경충대로2050번길 70-50,,-,-
경기도 이천시 대월면 사동리,465,465,0,사동6현대,59.98,202110,2,"19,800",4,1999,경충대로2050번길 70-50,,-,-
경기도 이천시 대월면 사동리,465,465,0,사동6현대,59.98,202110,9,"18,800",12,1999,경충대로2050번길 70-50,,-,-
경기도 이천시 대월면 사동리,312-6,312,6,삼진3,51.75,202110,8,"5,700",5,1990,경충대로2003번길 103,,-,-
경기도 이천시 대월면 사동리,182-1,182,1,성창,46.08,202110,2,"6,200",3,1991,대월로880번길 13,,-,-
경기도 이천시 대월면 사동리,182-1,182,1,성창,57.84,202110,13,"6,100",5,1991,대월로880번길 13,,-,-
경기도 이천시 대월면 사동리,311,311,0,천호6,52.05,202110,26,"5,000",3,1995,경충대로2003번길 115,,-,-
경기도 이천시 대월면 사동리,386-72,386,72,현대5,84.965,202110,11,"25,400",17,1997,경충대로2050번길 104,,-,-
경기도 이천시 대월면 사동리,386-72,386,72,현대5,59.87,202110,17,"18,900",13,1997,경충대로2050번길 104,,-,-
경기도 이천시 대월면 사동리,386-72,386,72,현대5,59.87,202110,23,"18,000",8,1997,경충대로2050번길 104,,-,-
경기도 이천시 대월면 사동리,386-72,386,72,현대5,84.965,202110,23,"20,000",10,1997,경충대로2050번길 104,,-,-
경기도 이천시 대월면 사동리,441-1,441,1,현대전자사원,59.4,202110,6,"15,900",7,1994,경충대로2041번길 167,,-,-
경기도 이천시 대월면 사동리,441-1,441,1,현대전자사원,59.4,202110,8,"14,700",5,1994,경충대로2041번길 167,,-,-
경기도 이천시 대월면 사동리,441-1,441,1,현대전자사원,59.4,202110,10,"16,400",5,1994,경충대로2041번길 167,,-,-
경기도 이천시 대월면 사동리,441-1,441,1,현대전자사원,59.4,202110,11,"16,000",12,1994,경충대로2041번길 167,,-,-
경기도 이천시 대월면 사동리,441-1,441,1,현대전자사원,59.4,202110,11,"16,000",7,1994,경충대로2041번길 167,,-,-
경기도 이천시 대월면 사동리,441-1,441,1,현대전자사원,59.4,202110,13,"15,500",7,1994,경충대로2041번길 167,,-,-
경기도 이천시 대월면 사동리,441-1,441,1,현대전자사원,59.4,202110,14,"15,000",11,1994,경충대로2041번길 167,,-,-
경기도 이천시 대월면 사동리,441-1,441,1,현대전자사원,59.4,202110,14,"17,000",3,1994,경충대로2041번길 167,,-,-
경기도 이천시 대월면 사동리,441-1,441,1,현대전자사원,59.4,202110,14,"14,900",11,1994,경충대로2041번길 167,,-,-
경기도 이천시 대월면 사동리,441-1,441,1,현대전자사원,59.4,202110,14,"17,300",6,1994,경충대로2041번길 167,,-,-
경기도 이천시 대월면 사동리,441-1,441,1,현대전자사원,59.4,202110,15,"14,900",3,1994,경충대로2041번길 167,,-,-
경기도 이천시 대월면 사동리,441-1,441,1,현대전자사원,59.4,202110,15,"14,700",7,1994,경충대로2041번길 167,,-,-
경기도 이천시 대월면 사동리,441-1,441,1,현대전자사원,59.4,202110,16,"15,800",11,1994,경충대로2041번길 167,,-,-
경기도 이천시 대월면 사동리,441-1,441,1,현대전자사원,59.4,202110,20,"16,100",9,1994,경충대로2041번길 167,,-,-
경기도 이천시 대월면 사동리,441-1,441,1,현대전자사원,59.4,202110,23,"15,300",15,1994,경충대로2041번길 167,,-,-
경기도 이천시 대월면 사동리,441-1,441,1,현대전자사원,59.4,202110,25,"14,500",14,1994,경충대로2041번길 167,,-,-
경기도 이천시 대월면 사동리,441-1,441,1,현대전자사원,59.4,202110,25,"12,700",3,1994,경충대로2041번길 167,,-,-
경기도 이천시 대월면 사동리,441-1,441,1,현대전자사원,59.4,202110,29,"14,700",4,1994,경충대로2041번길 167,,-,-
경기도 이천시 대월면 초지리,732,732,0,삼원엑스포,84.4555,202110,6,"14,900",1,2002,대월로 848,,-,-
경기도 이천시 대월면 초지리,732,732,0,삼원엑스포,84.4555,202110,11,"16,800",4,2002,대월로 848,,-,-
경기도 이천시 대월면 초지리,732,732,0,삼원엑스포,84.4555,202110,13,"15,000",3,2002,대월로 848,,-,-
경기도 이천시 마장면 덕평리,121,121,0,성진,84.6,202110,23,"12,800",7,2000,덕평로 840,,-,-
경기도 이천시 마장면 오천리,Jan-80,80,1,덕평로얄,59.92,202110,6,"8,500",2,2000,오천로 152-20,,-,-
경기도 이천시 마장면 오천리,413,413,0,이천마장호반베르디움2차,82.9343,202110,1,"47,000",8,2019,중앙로 35,,-,-
경기도 이천시 마장면 오천리,413,413,0,이천마장호반베르디움2차,82.9343,202110,2,"48,000",4,2019,중앙로 35,,-,-
경기도 이천시 마장면 오천리,413,413,0,이천마장호반베르디움2차,82.9343,202110,4,"45,000",12,2019,중앙로 35,,-,-
경기도 이천시 마장면 오천리,413,413,0,이천마장호반베르디움2차,82.9343,202110,23,"48,000",4,2019,중앙로 35,,-,-
경기도 이천시 마장면 오천리,413,413,0,이천마장호반베르디움2차,82.9343,202110,23,"52,000",17,2019,중앙로 35,20211101,-,-
경기도 이천시 마장면 오천리,413,413,0,이천마장호반베르디움2차,82.9343,202110,23,"52,000",17,2019,중앙로 35,,-,-
경기도 이천시 마장면 오천리,422,422,0,이천마장호반베르지움1차,82.9343,202110,3,"47,000",3,2019,중앙로 36,,-,-
경기도 이천시 백사면 모전리,817-3,817,3,건일,59.55,202110,1,"9,400",6,1994,이여로88번길 4,,-,-
경기도 이천시 백사면 모전리,780,780,0,모전리현대,84.94,202110,2,"15,800",1,1997,청백리로 53,,-,-
경기도 이천시 백사면 모전리,780,780,0,모전리현대,59.88,202110,2,"14,800",4,1997,청백리로 53,,-,-
경기도 이천시 백사면 모전리,780,780,0,모전리현대,84.94,202110,5,"17,000",11,1997,청백리로 53,,-,-
경기도 이천시 백사면 모전리,780,780,0,모전리현대,84.94,202110,5,"16,000",13,1997,청백리로 53,,-,-
경기도 이천시 백사면 모전리,780,780,0,모전리현대,84.94,202110,8,"17,500",15,1997,청백리로 53,,-,-
경기도 이천시 백사면 모전리,780,780,0,모전리현대,59.88,202110,9,"15,000",6,1997,청백리로 53,,-,-
경기도 이천시 백사면 모전리,780,780,0,모전리현대,84.94,202110,11,"17,000",1,1997,청백리로 53,,-,-
경기도 이천시 백사면 모전리,780,780,0,모전리현대,84.94,202110,11,"20,900",10,1997,청백리로 53,,-,-
경기도 이천시 백사면 모전리,780,780,0,모전리현대,84.94,202110,12,"20,500",13,1997,청백리로 53,,-,-
경기도 이천시 백사면 조읍리,627,627,0,한솔임대,59.325,202110,5,"11,500",6,2001,이여로 260-8,,-,-
경기도 이천시 백사면 조읍리,627,627,0,한솔임대,59.325,202110,11,"11,300",3,2001,이여로 260-8,,-,-
경기도 이천시 부발읍 가산리,770,770,0,기영,58.12,202110,18,"11,500",2,2008,경충대로 1918-18,,-,-
경기도 이천시 부발읍 마암리,01월 01일,1,1,현광,59.74,202110,6,"7,600",1,1995,무촌로 81,,-,-
경기도 이천시 부발읍 무촌리,423,423,0,그린,46.62,202110,7,"4,500",5,1999,중부대로 1584-26,,-,-
경기도 이천시 부발읍 무촌리,산37-8,37,8,진주,38.19,202110,26,"5,500",3,1989,무촌로 140,,-,-
경기도 이천시 부발읍 신원리,559-1,559,1,신지,57.96,202110,13,"7,000",6,1994,신원로 6-30,,-,-
경기도 이천시 부발읍 신하리,산40-3,40,3,거평,59.79,202110,14,"18,000",9,1992,경충대로 2227,,-,-
경기도 이천시 부발읍 신하리,산40-3,40,3,거평,59.79,202110,16,"17,700",10,1992,경충대로 2227,,-,-
경기도 이천시 부발읍 신하리,산40-3,40,3,거평,75.45,202110,29,"18,500",14,1992,경충대로 2227,,-,-
경기도 이천시 부발읍 신하리,481-1,481,1,삼익세라믹,59.86,202110,2,"20,000",15,2000,경충대로 2241,,-,-
경기도 이천시 부발읍 신하리,409-5,409,5,성광,57.17,202110,7,"9,500",6,1990,경충대로2273번길 14-11,,-,-
경기도 이천시 부발읍 신하리,409-5,409,5,성광,59.99,202110,12,"9,800",3,1990,경충대로2273번길 14-11,,-,-
경기도 이천시 부발읍 신하리,409-5,409,5,성광,57.17,202110,18,"9,200",1,1990,경충대로2273번길 14-11,,-,-
경기도 이천시 부발읍 신하리,487-9,487,9,유승(487-9),84.93,202110,18,"25,500",5,2001,경충대로 2227-1,,-,-
경기도 이천시 부발읍 신하리,487-9,487,9,유승(487-9),59.97,202110,20,"15,100",6,2001,경충대로 2227-1,,-,-
경기도 이천시 부발읍 신하리,365,365,0,진우,59.96,202110,15,"27,900",7,2000,경충대로 2212,,-,-
경기도 이천시 부발읍 신하리,365,365,0,진우,59.96,202110,26,"27,800",6,2000,경충대로 2212,,-,-
경기도 이천시 부발읍 신하리,559-3,559,3,청구,127.21,202110,8,"41,000",16,1999,경충대로 2177,,-,-
경기도 이천시 부발읍 신하리,559-3,559,3,청구,59.87,202110,15,"18,500",1,1999,경충대로 2177,,-,-
경기도 이천시 부발읍 아미리,728-1,728,1,신일해피트리앤,21.313,202110,1,"7,500",15,2013,경충대로 2096-44,,-,-
경기도 이천시 부발읍 아미리,728-1,728,1,신일해피트리앤,21.313,202110,3,"7,500",11,2013,경충대로 2096-44,,-,-
경기도 이천시 부발읍 아미리,728-1,728,1,신일해피트리앤,21.313,202110,9,"7,500",13,2013,경충대로 2096-44,,-,-
경기도 이천시 부발읍 아미리,728-1,728,1,신일해피트리앤,21.313,202110,13,"7,500",12,2013,경충대로 2096-44,,-,-
경기도 이천시 부발읍 아미리,728-1,728,1,신일해피트리앤,21.313,202110,13,"7,500",8,2013,경충대로 2096-44,,-,-
경기도 이천시 부발읍 아미리,728-1,728,1,신일해피트리앤,21.313,202110,20,"7,500",11,2013,경충대로 2096-44,,-,-
경기도 이천시 부발읍 아미리,728-1,728,1,신일해피트리앤,21.313,202110,20,"7,500",12,2013,경충대로 2096-44,,-,-
경기도 이천시 부발읍 아미리,730,730,0,이천신일해피트리트리빌1단지,84.9811,202110,18,"49,000",18,2014,경충대로2092번길 39-33,,-,-
경기도 이천시 부발읍 아미리,729,729,0,이천신일해피트리트리빌2단지,84.9777,202110,24,"47,000",23,2014,경충대로2092번길 39-31,,-,-
경기도 이천시 부발읍 아미리,699-7,699,7,현대3,59.695,202110,2,"18,800",11,1997,경충대로 2037,,-,-
경기도 이천시 부발읍 아미리,699-7,699,7,현대3,84.93,202110,3,"27,000",6,1997,경충대로 2037,,-,-
경기도 이천시 부발읍 아미리,699-7,699,7,현대3,59.845,202110,8,"18,200",2,1997,경충대로 2037,,-,-
경기도 이천시 부발읍 아미리,699-7,699,7,현대3,59.845,202110,22,"19,700",8,1997,경충대로 2037,,-,-
경기도 이천시 부발읍 아미리,753,753,0,현대7,84.99,202110,8,"50,000",5,1999,신아로92번길 74-25,,-,-
경기도 이천시 부발읍 아미리,753,753,0,현대7,59.73,202110,16,"34,150",4,1999,신아로92번길 74-25,,-,-
경기도 이천시 부발읍 아미리,1244,1244,0,현대성우오스타1단지,84.9663,202110,4,"53,800",12,2010,경충대로2092번길 39-52,,-,-
경기도 이천시 부발읍 아미리,1245,1245,0,현대성우오스타2단지,84.9578,202110,7,"61,000",10,2010,경충대로2092번길 39-50,,-,-
경기도 이천시 부발읍 아미리,1245,1245,0,현대성우오스타2단지,84.9578,202110,9,"62,000",18,2010,경충대로2092번길 39-50,,-,-
경기도 이천시 부발읍 응암리,96,96,0,이화1차,35.775,202110,1,"7,800",7,1996,경충대로1804번길 47,,-,-
경기도 이천시 부발읍 응암리,96,96,0,이화1차,49.545,202110,2,"10,700",10,1996,경충대로1804번길 47,20211013,-,-
경기도 이천시 부발읍 응암리,96,96,0,이화1차,49.545,202110,2,"10,700",10,1996,경충대로1804번길 47,,-,-
경기도 이천시 부발읍 응암리,96,96,0,이화1차,59.94,202110,4,"10,000",13,1996,경충대로1804번길 47,,-,-
경기도 이천시 부발읍 응암리,96,96,0,이화1차,59.94,202110,7,"13,500",3,1996,경충대로1804번길 47,,-,-
경기도 이천시 부발읍 응암리,96,96,0,이화1차,59.94,202110,8,"12,500",17,1996,경충대로1804번길 47,,-,-
경기도 이천시 부발읍 응암리,96,96,0,이화1차,49.545,202110,10,"11,800",8,1996,경충대로1804번길 47,,-,-
경기도 이천시 부발읍 응암리,96,96,0,이화1차,59.94,202110,10,"13,000",5,1996,경충대로1804번길 47,,-,-
경기도 이천시 부발읍 응암리,96,96,0,이화1차,49.545,202110,10,"10,900",4,1996,경충대로1804번길 47,,-,-
경기도 이천시 부발읍 응암리,96,96,0,이화1차,49.545,202110,12,"12,000",10,1996,경충대로1804번길 47,,-,-
경기도 이천시 부발읍 응암리,96,96,0,이화1차,49.545,202110,12,"12,000",2,1996,경충대로1804번길 47,,-,-
경기도 이천시 부발읍 응암리,96,96,0,이화1차,49.545,202110,14,"11,000",12,1996,경충대로1804번길 47,,-,-
경기도 이천시 부발읍 응암리,96,96,0,이화1차,49.545,202110,16,"12,000",9,1996,경충대로1804번길 47,,-,-
경기도 이천시 부발읍 응암리,96,96,0,이화1차,35.775,202110,19,"8,000",7,1996,경충대로1804번길 47,,-,-
경기도 이천시 부발읍 응암리,96,96,0,이화1차,59.94,202110,23,"13,000",10,1996,경충대로1804번길 47,,-,-
경기도 이천시 부발읍 응암리,96,96,0,이화1차,59.94,202110,24,"13,000",3,1996,경충대로1804번길 47,,-,-
경기도 이천시 부발읍 응암리,96,96,0,이화1차,59.94,202110,24,"13,000",16,1996,경충대로1804번길 47,,-,-
경기도 이천시 부발읍 응암리,96,96,0,이화1차,59.94,202110,26,"13,400",5,1996,경충대로1804번길 47,,-,-
경기도 이천시 부발읍 응암리,96,96,0,이화1차,59.94,202110,30,"13,500",11,1996,경충대로1804번길 47,,-,-
경기도 이천시 부발읍 응암리,96,96,0,이화1차,59.94,202110,30,"13,800",14,1996,경충대로1804번길 47,,-,-
경기도 이천시 부발읍 응암리,Mar-97,97,3,이화2차,49.545,202110,2,"10,900",10,1997,경충대로1804번길 47,,-,-
경기도 이천시 부발읍 응암리,Mar-97,97,3,이화2차,59.94,202110,3,"12,900",15,1997,경충대로1804번길 47,,-,-
경기도 이천시 부발읍 응암리,Mar-97,97,3,이화2차,59.94,202110,7,"10,800",18,1997,경충대로1804번길 47,,-,-
경기도 이천시 부발읍 응암리,Mar-97,97,3,이화2차,49.545,202110,9,"12,000",17,1997,경충대로1804번길 47,,-,-
경기도 이천시 부발읍 응암리,Mar-97,97,3,이화2차,49.545,202110,10,"10,500",13,1997,경충대로1804번길 47,,-,-
경기도 이천시 부발읍 응암리,Mar-97,97,3,이화2차,59.94,202110,11,"13,700",16,1997,경충대로1804번길 47,,-,-
경기도 이천시 부발읍 응암리,Mar-97,97,3,이화2차,59.94,202110,14,"12,200",3,1997,경충대로1804번길 47,,-,-
경기도 이천시 부발읍 응암리,Mar-97,97,3,이화2차,49.545,202110,14,"11,000",7,1997,경충대로1804번길 47,,-,-
경기도 이천시 부발읍 응암리,Mar-97,97,3,이화2차,49.545,202110,20,"11,000",5,1997,경충대로1804번길 47,,-,-
경기도 이천시 부발읍 응암리,Mar-97,97,3,이화2차,59.94,202110,22,"12,500",18,1997,경충대로1804번길 47,,-,-
경기도 이천시 부발읍 응암리,Mar-97,97,3,이화2차,59.94,202110,22,"10,800",2,1997,경충대로1804번길 47,,-,-
경기도 이천시 부발읍 응암리,Mar-97,97,3,이화2차,49.545,202110,27,"11,400",4,1997,경충대로1804번길 47,,-,-
경기도 이천시 부발읍 응암리,Mar-97,97,3,이화2차,59.94,202110,29,"11,500",12,1997,경충대로1804번길 47,,-,-
경기도 이천시 부발읍 응암리,109,109,0,주은다솜,35.768,202110,2,"9,000",11,2001,경충대로1804번길 70,,-,-
경기도 이천시 부발읍 응암리,109,109,0,주은다솜,49.538,202110,2,"11,000",12,2001,경충대로1804번길 70,,-,-
경기도 이천시 부발읍 응암리,109,109,0,주은다솜,35.768,202110,12,"8,500",12,2001,경충대로1804번길 70,,-,-
경기도 이천시 부발읍 응암리,109,109,0,주은다솜,49.538,202110,12,"11,000",8,2001,경충대로1804번길 70,,-,-
경기도 이천시 부발읍 응암리,109,109,0,주은다솜,35.768,202110,18,"7,300",3,2001,경충대로1804번길 70,,-,-
경기도 이천시 부발읍 응암리,109,109,0,주은다솜,35.768,202110,22,"8,250",6,2001,경충대로1804번길 70,,-,-
경기도 이천시 송정동,322,322,0,동양,84.99,202110,24,"26,000",9,2000,증신로 309,,-,-
경기도 이천시 송정동,428,428,0,수림1차아파트,84.92,202110,1,"24,000",13,2002,증신로291번길 105,,-,-
경기도 이천시 송정동,428,428,0,수림1차아파트,72.72,202110,7,"20,000",15,2002,증신로291번길 105,,-,-
경기도 이천시 송정동,428,428,0,수림1차아파트,72.72,202110,8,"18,700",15,2002,증신로291번길 105,,-,-
경기도 이천시 송정동,428,428,0,수림1차아파트,59.99,202110,16,"16,700",2,2002,증신로291번길 105,,-,-
경기도 이천시 송정동,428,428,0,수림1차아파트,84.92,202110,23,"25,100",5,2002,증신로291번길 105,,-,-
경기도 이천시 송정동,429,429,0,수림2차,59.47,202110,13,"19,500",3,2002,증신로291번길 19,,-,-
경기도 이천시 송정동,429,429,0,수림2차,59.47,202110,24,"19,500",6,2002,증신로291번길 19,,-,-
경기도 이천시 송정동,429,429,0,수림2차,84.927,202110,24,"21,500",2,2002,증신로291번길 19,,-,-
경기도 이천시 송정동,306,306,0,신일1차,39.831,202110,2,"12,900",10,2001,증신로291번길 155,,-,-
경기도 이천시 송정동,306,306,0,신일1차,39.831,202110,2,"12,400",2,2001,증신로291번길 155,,-,-
경기도 이천시 송정동,306,306,0,신일1차,59.933,202110,8,"20,000",9,2001,증신로291번길 155,,-,-
경기도 이천시 송정동,306,306,0,신일1차,39.831,202110,16,"12,780",7,2001,증신로291번길 155,,-,-
경기도 이천시 송정동,306,306,0,신일1차,39.831,202110,30,"12,300",15,2001,증신로291번길 155,,-,-
경기도 이천시 송정동,311-1,311,1,신일2차,84.844,202110,8,"19,000",4,2001,증신로291번길 149,,-,-
경기도 이천시 송정동,311-1,311,1,신일2차,59.933,202110,9,"20,000",11,2001,증신로291번길 149,,-,-
경기도 이천시 송정동,311-1,311,1,신일2차,59.933,202110,12,"21,000",10,2001,증신로291번길 149,,-,-
경기도 이천시 송정동,311-1,311,1,신일2차,84.844,202110,16,"25,000",9,2001,증신로291번길 149,,-,-
경기도 이천시 송정동,311-1,311,1,신일2차,59.933,202110,17,"20,000",11,2001,증신로291번길 149,,-,-
경기도 이천시 송정동,107-48,107,48,풍산,45.9,202110,2,"8,900",10,1997,증신로 278,,-,-
경기도 이천시 송정동,107-48,107,48,풍산,59.5,202110,5,"16,000",13,1997,증신로 278,,-,-
경기도 이천시 송정동,107-48,107,48,풍산,45.9,202110,6,"9,000",12,1997,증신로 278,,-,-
경기도 이천시 송정동,107-48,107,48,풍산,59.5,202110,12,"12,700",12,1997,증신로 278,,-,-
경기도 이천시 송정동,107-48,107,48,풍산,45.9,202110,12,"9,500",11,1997,증신로 278,,-,-
경기도 이천시 송정동,107-48,107,48,풍산,45.9,202110,14,"12,000",11,1997,증신로 278,,-,-
경기도 이천시 송정동,107-48,107,48,풍산,59.5,202110,15,"15,700",4,1997,증신로 278,,-,-
경기도 이천시 송정동,107-48,107,48,풍산,59.5,202110,22,"15,500",10,1997,증신로 278,,-,-
경기도 이천시 송정동,107-48,107,48,풍산,59.5,202110,25,"15,500",15,1997,증신로 278,,-,-
경기도 이천시 송정동,107-48,107,48,풍산,45.9,202110,25,"11,000",14,1997,증신로 278,,-,-
경기도 이천시 송정동,107-48,107,48,풍산,45.9,202110,26,"9,100",12,1997,증신로 278,,-,-
경기도 이천시 송정동,107-48,107,48,풍산,45.9,202110,28,"9,200",7,1997,증신로 278,,-,-
경기도 이천시 송정동,445,445,0,현진에버빌1차,59.988,202110,2,"20,400",5,2005,아리역로 37,,-,-
경기도 이천시 신둔면 도봉리,1271,1271,0,대신푸른마을,84.42,202110,9,"17,100",5,2004,이여로101번길 101-4,,-,-
경기도 이천시 신둔면 수광리,757,757,0,수광엘리시움,59.81,202110,1,"22,000",12,2009,경충대로3234번길 65,,-,-
경기도 이천시 신둔면 수광리,757,757,0,수광엘리시움,39.99,202110,1,"11,500",6,2009,경충대로3234번길 65,,-,-
경기도 이천시 신둔면 수광리,757,757,0,수광엘리시움,59.81,202110,8,"20,000",3,2009,경충대로3234번길 65,,-,-
경기도 이천시 신둔면 수광리,757,757,0,수광엘리시움,39.99,202110,16,"13,000",10,2009,경충대로3234번길 65,,-,-
경기도 이천시 신둔면 수광리,757,757,0,수광엘리시움,59.81,202110,28,"17,400",2,2009,경충대로3234번길 65,,-,-
경기도 이천시 신둔면 수하리,825,825,0,신둔반석아르미,78.7692,202110,1,"16,000",9,2008,원적로290번길 34,,-,-
경기도 이천시 신둔면 수하리,825,825,0,신둔반석아르미,78.7692,202110,9,"17,500",10,2008,원적로290번길 34,,-,-
경기도 이천시 신둔면 수하리,825,825,0,신둔반석아르미,78.7692,202110,12,"16,000",4,2008,원적로290번길 34,,-,-
경기도 이천시 신둔면 수하리,825,825,0,신둔반석아르미,60.8294,202110,14,"14,000",10,2008,원적로290번길 34,,-,-
경기도 이천시 신둔면 수하리,825,825,0,신둔반석아르미,60.8294,202110,15,"11,900",1,2008,원적로290번길 34,,-,-
경기도 이천시 신둔면 수하리,825,825,0,신둔반석아르미,78.7692,202110,17,"15,000",1,2008,원적로290번길 34,,-,-
경기도 이천시 신둔면 수하리,825,825,0,신둔반석아르미,68.5782,202110,17,"16,000",6,2008,원적로290번길 34,,-,-
경기도 이천시 신둔면 수하리,825,825,0,신둔반석아르미,78.7692,202110,18,"16,600",5,2008,원적로290번길 34,,-,-
경기도 이천시 신둔면 수하리,825,825,0,신둔반석아르미,78.7692,202110,27,"17,000",14,2008,원적로290번길 34,,-,-
경기도 이천시 신둔면 수하리,826,826,0,이천신둔코아루,84.9328,202110,8,"31,000",5,2017,원적로290번길 60,,-,-
경기도 이천시 신둔면 수하리,826,826,0,이천신둔코아루,84.8471,202110,12,"30,000",11,2017,원적로290번길 60,,-,-
경기도 이천시 신둔면 수하리,826,826,0,이천신둔코아루,84.8471,202110,27,"29,800",1,2017,원적로290번길 60,,-,-
경기도 이천시 안흥동,307-7,307,7,브라운스톤이천,84.446,202110,22,"46,900",6,2014,애련정로 57,,-,-
경기도 이천시 안흥동,307-7,307,7,브라운스톤이천,84.446,202110,29,"46,000",3,2014,애련정로 57,,-,-
경기도 이천시 안흥동,469,469,0,안흥주공,59.71,202110,2,"22,000",14,1997,증신로25번길 69,,-,-
경기도 이천시 안흥동,469,469,0,안흥주공,59.71,202110,2,"21,000",15,1997,증신로25번길 69,,-,-
경기도 이천시 안흥동,469,469,0,안흥주공,59.71,202110,11,"24,100",15,1997,증신로25번길 69,,-,-
경기도 이천시 안흥동,469,469,0,안흥주공,59.71,202110,11,"27,200",10,1997,증신로25번길 69,,-,-
경기도 이천시 안흥동,469,469,0,안흥주공,39.69,202110,15,"16,000",8,1997,증신로25번길 69,,-,-
경기도 이천시 안흥동,469,469,0,안흥주공,49.77,202110,16,"22,000",2,1997,증신로25번길 69,,-,-
경기도 이천시 안흥동,469,469,0,안흥주공,59.71,202110,20,"26,000",4,1997,증신로25번길 69,,-,-
경기도 이천시 안흥동,469,469,0,안흥주공,59.71,202110,20,"25,000",9,1997,증신로25번길 69,,-,-
경기도 이천시 안흥동,469,469,0,안흥주공,59.71,202110,23,"26,600",9,1997,증신로25번길 69,,-,-
경기도 이천시 안흥동,469,469,0,안흥주공,49.77,202110,23,"23,500",5,1997,증신로25번길 69,,-,-
경기도 이천시 안흥동,474,474,0,이천롯데캐슬골드스카이,84.998,202110,2,"66,700",20,2018,구만리로 191,,-,-
경기도 이천시 장호원읍 장호원리,143-2,143,2,세진,59.9,202110,21,"8,400",5,1995,장감로77번길 25-12,,-,-
경기도 이천시 장호원읍 장호원리,143-6,143,6,호원베스트빌,78.52,202110,21,"20,000",7,2018,장감로77번길 25-20,,-,-
경기도 이천시 장호원읍 장호원리,143-6,143,6,호원베스트빌,73.95,202110,21,"20,000",2,2018,장감로77번길 25-20,,-,-
경기도 이천시 장호원읍 진암리,산28-10,28,10,동양,59.94,202110,22,"8,800",3,1992,서동대로8830번길 6-3,,-,-
경기도 이천시 장호원읍 진암리,301-3,301,3,삼진동산,59.94,202110,20,"11,000",11,1995,서동대로8830번길 6-18,,-,-
경기도 이천시 장호원읍 진암리,778,778,0,송전더존빌,46.1168,202110,4,"7,100",4,2007,서동대로 8694-55,,-,-
경기도 이천시 장호원읍 진암리,780,780,0,장호원코아루1단지,84.783,202110,22,"23,000",3,2009,서동대로8830번길 56,,-,-
경기도 이천시 장호원읍 진암리,17-18,17,18,현대,59.35,202110,12,"13,500",11,1997,서동대로 8844-15,,-,-
경기도 이천시 중리동,446-18,446,18,고려중리,84.84,202110,2,"16,500",10,1992,경충대로2652번길 10-18,20211015,-,-
경기도 이천시 중리동,446-18,446,18,고려중리,84.84,202110,2,"16,500",10,1992,경충대로2652번길 10-18,,-,-
경기도 이천시 중리동,446-18,446,18,고려중리,84.84,202110,19,"16,000",13,1992,경충대로2652번길 10-18,,-,-
경기도 이천시 중리동,446-18,446,18,고려중리,55.44,202110,21,"15,000",4,1992,경충대로2652번길 10-18,,-,-
경기도 이천시 중리동,444,444,0,산호3차,84.9,202110,2,"18,000",12,1993,설봉로 14-8,,-,-
경기도 이천시 중리동,444,444,0,산호3차,84.9,202110,9,"17,500",6,1993,설봉로 14-8,,-,-
경기도 이천시 중리동,213,213,0,이천라온팰리스,110.0083,202110,5,"46,500",13,2009,중리천로 76,,-,-
경기도 이천시 중리동,213,213,0,이천라온팰리스,84.8363,202110,25,"37,500",15,2009,중리천로 76,,-,-
경기도 이천시 증일동,Jul-82,82,7,이천현대홈타운,84.95,202110,2,"50,000",14,2005,구만리로 42,,-,-
경기도 이천시 증일동,Jul-82,82,7,이천현대홈타운,84.95,202110,15,"47,000",8,2005,구만리로 42,,-,-
경기도 이천시 증포동,474,474,0,대림휴먼빌,60.14,202110,1,"17,200",3,2002,이섭대천로1407번길 20,,-,-
경기도 이천시 증포동,213-5,213,5,대우1,84.99,202110,16,"21,600",18,1997,이섭대천로 1427,,-,-
경기도 이천시 증포동,213-5,213,5,대우1,84.99,202110,22,"21,500",5,1997,이섭대천로 1427,,-,-
경기도 이천시 증포동,244-3,244,3,대우2,84.984,202110,16,"23,000",4,1998,이섭대천로1407번길 38,,-,-
경기도 이천시 증포동,244-3,244,3,대우2,84.984,202110,16,"25,900",1,1998,이섭대천로1407번길 38,,-,-
경기도 이천시 증포동,218-7,218,7,대원,51.75,202110,1,"11,000",15,1996,이섭대천로1439번길 15,,-,-
경기도 이천시 증포동,218-7,218,7,대원,39.825,202110,10,"9,900",19,1996,이섭대천로1439번길 15,,-,-
경기도 이천시 증포동,218-7,218,7,대원,39.825,202110,16,"11,000",18,1996,이섭대천로1439번길 15,,-,-
경기도 이천시 증포동,351-5,351,5,대호3,74.76,202110,12,"15,500",5,1993,아리역로38번길 10-18,,-,-
경기도 이천시 증포동,351-5,351,5,대호3,59.28,202110,15,"12,000",15,1993,아리역로38번길 10-18,,-,-
경기도 이천시 증포동,351-5,351,5,대호3,59.28,202110,15,"12,900",3,1993,아리역로38번길 10-18,,-,-
경기도 이천시 증포동,351-5,351,5,대호3,59.28,202110,15,"12,000",15,1993,아리역로38번길 10-18,20211015,-,-
경기도 이천시 증포동,151-6,151,6,부악,84.945,202110,9,"19,800",10,1994,증신로156번길 24,,-,-
경기도 이천시 증포동,151-6,151,6,부악,59.985,202110,26,"11,000",14,1994,증신로156번길 24,,-,-
경기도 이천시 증포동,191-7,191,7,선경1,84.9,202110,20,"24,300",1,1997,이섭대천로 1397,,-,-
경기도 이천시 증포동,190-2,190,2,선경2,84.9,202110,4,"27,700",3,1997,이섭대천로 1395,,-,-
경기도 이천시 증포동,190-2,190,2,선경2,84.9,202110,6,"26,700",8,1997,이섭대천로 1395,,-,-
경기도 이천시 증포동,190-2,190,2,선경2,84.9,202110,26,"25,000",19,1997,이섭대천로 1395,,-,-
경기도 이천시 증포동,Mar-94,94,3,신한,84.97,202110,7,"28,000",6,1997,갈산로 42,,-,-
경기도 이천시 증포동,Mar-94,94,3,신한,84.97,202110,8,"31,000",15,1997,갈산로 42,,-,-
경기도 이천시 증포동,Mar-94,94,3,신한,120.2,202110,11,"20,500",5,1997,갈산로 42,,-,-
경기도 이천시 증포동,Mar-94,94,3,신한,59.92,202110,14,"14,100",15,1997,갈산로 42,,-,-
경기도 이천시 증포동,Mar-94,94,3,신한,59.92,202110,15,"16,900",4,1997,갈산로 42,,-,-
경기도 이천시 증포동,Mar-94,94,3,신한,59.92,202110,16,"22,900",17,1997,갈산로 42,,-,-
경기도 이천시 증포동,Mar-94,94,3,신한,84.97,202110,21,"28,000",9,1997,갈산로 42,,-,-
경기도 이천시 증포동,Mar-94,94,3,신한,59.92,202110,26,"18,500",17,1997,갈산로 42,,-,-
경기도 이천시 증포동,485,485,0,이천설봉KCC스위첸아파트,84.9182,202110,16,"55,300",13,2016,이섭대천로 1325,,-,-
경기도 이천시 증포동,485,485,0,이천설봉KCC스위첸아파트,84.9182,202110,30,"58,000",17,2016,이섭대천로 1325,,-,-
경기도 이천시 증포동,486,486,0,이천센트럴푸르지오,59.7597,202110,2,"40,900",4,2016,갈산로 60,,-,-
경기도 이천시 증포동,486,486,0,이천센트럴푸르지오,74.5373,202110,3,"48,000",8,2016,갈산로 60,,-,-
경기도 이천시 증포동,486,486,0,이천센트럴푸르지오,74.5373,202110,11,"53,000",16,2016,갈산로 60,,-,-
경기도 이천시 증포동,498,498,0,이천증포대원칸타빌,84.9864,202110,13,"42,200",18,2019,아리역로76번길 19,,-,-
경기도 이천시 증포동,498,498,0,이천증포대원칸타빌,84.9864,202110,16,"55,000",7,2019,아리역로76번길 19,,-,-
경기도 이천시 증포동,491,491,0,이천증포새도시한양수자인5블럭,72.9554,202110,28,"44,000",12,2017,아리역로38번길 50,,-,-
경기도 이천시 증포동,479,479,0,증포동한솔솔파크3,84.9202,202110,7,"38,400",8,2010,이섭대천로 1451,,-,-
경기도 이천시 창전동,457-19,457,19,(457-19),44.09,202110,13,"13,000",6,2014,영창로227번길 5,,-,-
경기도 이천시 창전동,457-19,457,19,(457-19),44.99,202110,13,"13,000",6,2014,영창로227번길 5,,-,-
경기도 이천시 창전동,457-19,457,19,(457-19),43.95,202110,13,"13,000",6,2014,영창로227번길 5,,-,-
경기도 이천시 창전동,457-19,457,19,(457-19),45.86,202110,13,"13,000",6,2014,영창로227번길 5,,-,-
경기도 이천시 창전동,428-11,428,11,고려1,71.28,202110,12,"15,000",2,1990,서희로96번길 21,,-,-
경기도 이천시 창전동,439-13,439,13,대원3차B동,84,202110,26,"14,500",2,1990,이섭대천로1291번길 13,,-,-
경기도 이천시 창전동,440-4,440,4,대원4,59.4,202110,2,"11,500",3,1991,이섭대천로1291번길 2,,-,-
경기도 이천시 창전동,440-4,440,4,대원4,59.4,202110,12,"11,900",6,1991,이섭대천로1291번길 2,,-,-
경기도 이천시 창전동,440-4,440,4,대원4,83.43,202110,12,"18,900",6,1991,이섭대천로1291번길 2,,-,-
경기도 이천시 창전동,440-4,440,4,대원4,83.43,202110,17,"15,000",3,1991,이섭대천로1291번길 2,,-,-
경기도 이천시 창전동,Jan-44,44,1,산호2,84.945,202110,26,"19,700",6,1991,향교로107번길 12,,-,-
경기도 이천시 창전동,417-2,417,2,청자,65.125,202110,21,"9,000",5,1986,향교로31번길 3,,-,-
경기도 이천시 창전동,Jan-49,49,1,현대1,66.47,202110,2,"15,800",3,1985,애련정로136번길 33-9,,-,-
경기도 이천시 창전동,Jan-49,49,1,현대1,52.88,202110,11,"13,000",3,1985,애련정로136번길 33-9,,-,-
경기도 이천시 창전동,Jan-49,49,1,현대1,52.88,202110,13,"14,000",11,1985,애련정로136번길 33-9,,-,-
경기도 이천시 창전동,Jan-49,49,1,현대1,53.9,202110,15,"14,500",10,1985,애련정로136번길 33-9,,-,-
경기도 이천시 호법면 유산리,894,894,0,이천내안애,59.97,202110,5,"15,800",13,2010,중부대로 909-28,,-,-
경기도 이천시 호법면 유산리,894,894,0,이천내안애,59.97,202110,8,"17,000",6,2010,중부대로 909-28,,-,-
경기도 이천시 호법면 유산리,894,894,0,이천내안애,59.97,202110,16,"15,200",10,2010,중부대로 909-28,,-,-
경기도 이천시 호법면 유산리,894,894,0,이천내안애,59.97,202110,26,"16,500",11,2010,중부대로 909-28,,-,-
경기도 파주시 검산동,130-8,130,8,성원,59.96,202110,8,"16,300",7,2000,평화로 310,,-,-
경기도 파주시 검산동,130-8,130,8,성원,84.75,202110,20,"21,600",6,2000,평화로 310,,-,-
경기도 파주시 검산동,130-8,130,8,성원,84.75,202110,26,"23,000",4,2000,평화로 310,,-,-
경기도 파주시 검산동,130-8,130,8,성원,84.75,202110,30,"21,900",5,2000,평화로 310,,-,-
경기도 파주시 검산동,310,310,0,유승,84.792,202110,2,"18,500",10,2001,평화로348번길 50,,-,-
경기도 파주시 검산동,310,310,0,유승,84.792,202110,18,"21,800",10,2001,평화로348번길 50,,-,-
경기도 파주시 검산동,310,310,0,유승,74.974,202110,22,"19,000",6,2001,평화로348번길 50,,-,-
경기도 파주시 검산동,310,310,0,유승,84.792,202110,26,"19,400",4,2001,평화로348번길 50,,-,-
경기도 파주시 광탄면 신산리,683,683,0,동신라메르,84.977,202110,6,"18,500",10,2005,큰여울길 20-21,,-,-
경기도 파주시 금릉동,199-6,199,6,장안6흰돌마을(199-6),84.97,202110,4,"27,000",2,2000,독암길 14,,-,-
경기도 파주시 금릉동,199-6,199,6,장안6흰돌마을(199-6),84.97,202110,5,"27,000",6,2000,독암길 14,,-,-
경기도 파주시 금릉동,199-6,199,6,장안6흰돌마을(199-6),84.97,202110,13,"32,500",13,2000,독암길 14,,-,-
경기도 파주시 금촌동,424-9,424,9,경신(424-9),37.45,202110,1,"8,400",1,1999,정담길 123,,-,-
경기도 파주시 금촌동,424-9,424,9,경신(424-9),53.79,202110,11,"15,000",4,1999,정담길 123,,-,-
경기도 파주시 금촌동,424-9,424,9,경신(424-9),37.45,202110,11,"8,500",1,1999,정담길 123,,-,-
경기도 파주시 금촌동,424-9,424,9,경신(424-9),37.45,202110,12,"10,000",12,1999,정담길 123,,-,-
경기도 파주시 금촌동,424-9,424,9,경신(424-9),59.85,202110,16,"18,000",5,1999,정담길 123,,-,-
경기도 파주시 금촌동,424-9,424,9,경신(424-9),59.85,202110,29,"16,000",4,1999,정담길 123,,-,-
경기도 파주시 금촌동,1014-2,1014,2,그린,19.59,202110,5,"6,500",12,2012,정담길 185,,-,-
경기도 파주시 금촌동,1014-2,1014,2,그린,19.59,202110,30,"6,500",6,2012,정담길 185,,-,-
경기도 파주시 금촌동,1019,1019,0,금촌주공7단지(1019-0),84.8,202110,2,"42,800",14,2005,쇠재로 30,,-,-
경기도 파주시 금촌동,1019,1019,0,금촌주공7단지(1019-0),75.99,202110,6,"40,500",8,2005,쇠재로 30,,-,-
경기도 파주시 금촌동,1019,1019,0,금촌주공7단지(1019-0),84.03,202110,23,"35,500",14,2005,쇠재로 30,,-,-
경기도 파주시 금촌동,1015,1015,0,대방노블랜드(1015-0),90.1014,202110,2,"29,000",11,2006,마음밭길 114,,-,-
경기도 파주시 금촌동,1015,1015,0,대방노블랜드(1015-0),90.1014,202110,8,"28,750",11,2006,마음밭길 114,,-,-
경기도 파주시 금촌동,11월 07일,11,7,동문1차아파트101동,59.76,202110,18,"14,500",7,1993,정담길 90,,-,-
경기도 파주시 금촌동,11월 07일,11,7,동문1차아파트101동,59.76,202110,19,"16,000",4,1993,정담길 90,,-,-
경기도 파주시 금촌동,781-2,781,2,동현(781-2),53.51,202110,6,"13,450",6,1990,중앙로 226,,-,-
경기도 파주시 금촌동,781-2,781,2,동현(781-2),59.67,202110,10,"15,800",2,1990,중앙로 226,,-,-
경기도 파주시 금촌동,781-2,781,2,동현(781-2),53.51,202110,30,"14,000",3,1990,중앙로 226,,-,-
경기도 파주시 금촌동,234-20,234,20,두보2(234-20),59.93,202110,20,"19,500",12,1996,황골로 32,,-,-
경기도 파주시 금촌동,234-22,234,22,두보3(234-22),59.96,202110,15,"18,000",9,1997,황골로 40,,-,-
경기도 파주시 금촌동,234-22,234,22,두보3(234-22),59.96,202110,22,"21,400",8,1997,황골로 40,,-,-
경기도 파주시 금촌동,399-1,399,1,삼산(399-1),59.76,202110,16,"22,155",6,1996,금신초교길 45,,-,-
경기도 파주시 금촌동,1003,1003,0,쇠재마을뜨란채주공5단지,59.06,202110,11,"28,900",2,2004,쇠재로 133,,-,-
경기도 파주시 금촌동,1003,1003,0,쇠재마을뜨란채주공5단지,59.06,202110,15,"29,000",7,2004,쇠재로 133,,-,-
경기도 파주시 금촌동,1003,1003,0,쇠재마을뜨란채주공5단지,59.06,202110,16,"30,000",5,2004,쇠재로 133,,-,-
경기도 파주시 금촌동,233-6,233,6,장미3(233-6),59.96,202110,7,"20,600",6,1997,황골로 22,,-,-
경기도 파주시 금촌동,233-6,233,6,장미3(233-6),84.96,202110,27,"30,500",2,1997,황골로 22,,-,-
경기도 파주시 금촌동,792-1,792,1,장안7밀레니엄(792-1),84.97,202110,11,"25,000",10,2000,문화로 10,,-,-
경기도 파주시 금촌동,951-5,951,5,장안하나(951-5),59.4,202110,25,"15,000",1,1996,금정5길 20,,-,-
경기도 파주시 금촌동,922,922,0,주공(922-0),39.99,202110,12,"16,000",11,1997,한마음1길 25,,-,-
경기도 파주시 금촌동,922,922,0,주공(922-0),39.99,202110,16,"17,400",4,1997,한마음1길 25,,-,-
경기도 파주시 금촌동,922,922,0,주공(922-0),49.97,202110,18,"20,000",7,1997,한마음1길 25,,-,-
경기도 파주시 금촌동,922,922,0,주공(922-0),39.99,202110,19,"16,500",15,1997,한마음1길 25,,-,-
경기도 파주시 금촌동,922,922,0,주공(922-0),59.98,202110,26,"18,000",15,1997,한마음1길 25,20211027,-,-
경기도 파주시 금촌동,1008,1008,0,풍림아이원(1008-0),124.0861,202110,9,"52,000",15,2005,후곡로 77,,-,-
경기도 파주시 금촌동,1008,1008,0,풍림아이원(1008-0),97.1878,202110,19,"47,000",6,2005,후곡로 77,,-,-
경기도 파주시 금촌동,1022,1022,0,후곡마을주공6단지,59.56,202110,2,"35,500",24,2004,새꽃로 10,,-,-
경기도 파주시 금촌동,1022,1022,0,후곡마을주공6단지,59.56,202110,4,"36,500",11,2004,새꽃로 10,,-,-
경기도 파주시 금촌동,1022,1022,0,후곡마을주공6단지,59.56,202110,9,"32,000",2,2004,새꽃로 10,,-,-
경기도 파주시 금촌동,997,997,0,후곡마을중앙하이츠(997-0),101.9771,202110,9,"48,000",19,2005,후곡로 80,,-,-
경기도 파주시 다율동,986,986,0,청석마을대원효성(986-0),129.97,202110,1,"49,900",14,2006,청석로 300,,-,-
경기도 파주시 다율동,986,986,0,청석마을대원효성(986-0),129.159,202110,5,"51,400",14,2006,청석로 300,,-,-
경기도 파주시 다율동,986,986,0,청석마을대원효성(986-0),110.122,202110,6,"44,000",4,2006,청석로 300,,-,-
경기도 파주시 다율동,986,986,0,청석마을대원효성(986-0),110.122,202110,19,"48,800",4,2006,청석로 300,,-,-
경기도 파주시 다율동,986,986,0,청석마을대원효성(986-0),110.122,202110,19,"42,750",7,2006,청석로 300,,-,-
경기도 파주시 다율동,986,986,0,청석마을대원효성(986-0),129.97,202110,23,"56,000",15,2006,청석로 300,,-,-
경기도 파주시 다율동,982,982,0,청석마을동문굿모닝힐(982-0),84.881,202110,1,"40,970",13,2005,청석로 350,,-,-
경기도 파주시 다율동,982,982,0,청석마을동문굿모닝힐(982-0),84.92,202110,12,"48,000",6,2005,청석로 350,20211029,-,-
경기도 파주시 다율동,982,982,0,청석마을동문굿모닝힐(982-0),84.92,202110,12,"48,000",6,2005,청석로 350,,-,-
경기도 파주시 동패동,1708,1708,0,상록데시앙(1708),84.99,202110,2,"55,000",14,2007,책향기로 183,,-,-
경기도 파주시 동패동,1708,1708,0,상록데시앙(1708),84.99,202110,2,"59,700",9,2007,책향기로 183,,-,-
경기도 파주시 동패동,1708,1708,0,상록데시앙(1708),84.99,202110,8,"56,300",12,2007,책향기로 183,20211029,-,-
경기도 파주시 동패동,1708,1708,0,상록데시앙(1708),84.99,202110,8,"56,300",12,2007,책향기로 183,,-,-
경기도 파주시 동패동,1708,1708,0,상록데시앙(1708),84.99,202110,14,"64,700",11,2007,책향기로 183,,-,-
경기도 파주시 동패동,1687,1687,0,숲속길마을6단지동문굿모닝힐,123.12,202110,6,"54,500",12,2005,책향기로 371,,-,-
경기도 파주시 동패동,1687,1687,0,숲속길마을6단지동문굿모닝힐,101.95,202110,12,"45,000",11,2005,책향기로 371,,-,-
경기도 파주시 동패동,1687,1687,0,숲속길마을6단지동문굿모닝힐,101.95,202110,21,"49,000",1,2005,책향기로 371,,-,-
경기도 파주시 동패동,1702,1702,0,진흥효자(1702),84.95,202110,2,"48,000",1,2005,책향기로 448,,-,-
경기도 파주시 동패동,1702,1702,0,진흥효자(1702),84.95,202110,30,"51,800",5,2005,책향기로 448,,-,-
경기도 파주시 동패동,1698,1698,0,책향기마을10단지동문굿모닝힐(1698),84.92,202110,11,"52,800",2,2005,책향기로 441,,-,-
경기도 파주시 동패동,1703,1703,0,책향기마을11단지신동아파밀리에,134.57,202110,14,"62,500",11,2005,책향기로 420,,-,-
경기도 파주시 동패동,1711,1711,0,책향기마을우남퍼스트빌(1711),101.9776,202110,6,"59,000",8,2006,책향기로 209,,-,-
경기도 파주시 동패동,가-,0,0,초롱꽃마을12단지e편한세상운정어반프라임,59.6242,202110,4,"30,900",2,2021,양지로 120,,-,-
경기도 파주시 동패동,가-,0,0,초롱꽃마을12단지e편한세상운정어반프라임,59.3403,202110,11,"33,530",11,2021,양지로 120,,-,-
경기도 파주시 동패동,200-1,200,1,한울마을2단지 운정벽산블루밍아파트,84.556,202110,4,"49,000",12,2001,동패로 117,,-,-
경기도 파주시 동패동,200-1,200,1,한울마을2단지 운정벽산블루밍아파트,84.556,202110,4,"50,000",11,2001,동패로 117,,-,-
경기도 파주시 동패동,200-1,200,1,한울마을2단지 운정벽산블루밍아파트,111.213,202110,5,"57,400",5,2001,동패로 117,,-,-
경기도 파주시 동패동,200-1,200,1,한울마을2단지 운정벽산블루밍아파트,84.556,202110,6,"50,500",13,2001,동패로 117,,-,-
경기도 파주시 동패동,200-1,200,1,한울마을2단지 운정벽산블루밍아파트,184.543,202110,20,"58,000",5,2001,동패로 117,,-,-
경기도 파주시 동패동,1772,1772,0,한울마을7단지삼부르네상스아파트,84.2235,202110,14,"60,400",16,2010,미래로 345,,-,-
경기도 파주시 목동동,101,101,0,산내마을11단지현대아이파크,133.9043,202110,12,"55,000",3,2002,와석순환로 307,,-,-
경기도 파주시 목동동,101,101,0,산내마을11단지현대아이파크,84.9843,202110,13,"47,500",11,2002,와석순환로 307,,-,-
경기도 파주시 목동동,101,101,0,산내마을11단지현대아이파크,111.3595,202110,16,"51,000",13,2002,와석순환로 307,,-,-
경기도 파주시 목동동,911,911,0,산내마을3단지(공공임대),102.96,202110,11,"69,900",26,2014,교하로 70,,-,-
경기도 파주시 목동동,911,911,0,산내마을3단지(공공임대),84.69,202110,19,"60,500",11,2014,교하로 70,,-,-
경기도 파주시 목동동,922,922,0,산내마을6단지한라비발디,84.99,202110,12,"60,000",7,2013,청암로 27,,-,-
경기도 파주시 목동동,114-37,114,37,산내마을8단지(114-37),147.995,202110,1,"58,200",7,2001,청암로 28,,-,-
경기도 파주시 목동동,114-37,114,37,산내마을8단지(114-37),84.715,202110,6,"40,800",2,2001,청암로 28,,-,-
경기도 파주시 목동동,114-37,114,37,산내마을8단지(114-37),117.396,202110,6,"55,000",12,2001,청암로 28,,-,-
경기도 파주시 목동동,114-37,114,37,산내마을8단지(114-37),117.396,202110,10,"49,500",9,2001,청암로 28,,-,-
경기도 파주시 목동동,114-37,114,37,산내마을8단지(114-37),73.095,202110,25,"38,000",14,2001,청암로 28,,-,-
경기도 파주시 목동동,1142,1142,0,운정신도시센트럴푸르지오,84.939,202110,2,"84,000",25,2018,심학산로 385,,-,-
경기도 파주시 목동동,1142,1142,0,운정신도시센트럴푸르지오,84.958,202110,5,"90,000",24,2018,심학산로 385,,-,-
경기도 파주시 목동동,1142,1142,0,운정신도시센트럴푸르지오,84.9813,202110,7,"82,000",5,2018,심학산로 385,,-,-
경기도 파주시 목동동,1142,1142,0,운정신도시센트럴푸르지오,84.958,202110,12,"89,700",9,2018,심학산로 385,,-,-
경기도 파주시 목동동,1142,1142,0,운정신도시센트럴푸르지오,84.939,202110,13,"86,000",17,2018,심학산로 385,,-,-
경기도 파주시 목동동,1142,1142,0,운정신도시센트럴푸르지오,84.9978,202110,19,"94,000",13,2018,심학산로 385,,-,-
경기도 파주시 목동동,898,898,0,운정화성파크드림시그니처,74.9892,202110,8,"57,000",1,2020,청암로 50,,-,-
경기도 파주시 목동동,647,647,0,해솔마을1단지두산위브(647),104.813,202110,19,"60,000",4,2010,해솔로 85,,-,-
경기도 파주시 목동동,2-117,2,117,해솔마을2단지월드메르디앙(2-117),84.94,202110,1,"39,000",16,2001,와석순환로 347,,-,-
경기도 파주시 목동동,2-117,2,117,해솔마을2단지월드메르디앙(2-117),84.94,202110,7,"39,000",10,2001,와석순환로 347,,-,-
경기도 파주시 목동동,2-117,2,117,해솔마을2단지월드메르디앙(2-117),84.94,202110,11,"40,000",11,2001,와석순환로 347,,-,-
경기도 파주시 목동동,2-117,2,117,해솔마을2단지월드메르디앙(2-117),84.94,202110,16,"39,000",3,2001,와석순환로 347,,-,-
경기도 파주시 목동동,2-110,2,110,해솔마을3단지운정현대,84.993,202110,9,"40,850",3,2001,미래로 537,,-,-
경기도 파주시 목동동,2-110,2,110,해솔마을3단지운정현대,84.993,202110,12,"40,000",2,2001,미래로 537,,-,-
경기도 파주시 목동동,667,667,0,해솔마을4단지벽산우남연리지(667),119.4578,202110,2,"62,000",9,2010,해솔로 20,,-,-
경기도 파주시 목동동,667,667,0,해솔마을4단지벽산우남연리지(667),84.8784,202110,5,"50,600",1,2010,해솔로 20,,-,-
경기도 파주시 목동동,667,667,0,해솔마을4단지벽산우남연리지(667),59.9238,202110,7,"36,000",1,2010,해솔로 20,,-,-
경기도 파주시 목동동,667,667,0,해솔마을4단지벽산우남연리지(667),84.9942,202110,9,"54,500",10,2010,해솔로 20,,-,-
경기도 파주시 목동동,679,679,0,해솔마을5단지삼부르네상스(679),120.8484,202110,2,"63,000",14,2010,가온로 67,,-,-
경기도 파주시 목동동,1149,1149,0,힐스테이트운정,72.7404,202110,8,"75,000",12,2018,교하로 100,,-,-
경기도 파주시 목동동,1149,1149,0,힐스테이트운정,72.7404,202110,25,"70,000",3,2018,교하로 100,,-,-
경기도 파주시 목동동,1149,1149,0,힐스테이트운정,59.8674,202110,29,"53,000",17,2018,교하로 100,,-,-
경기도 파주시 목동동,1149,1149,0,힐스테이트운정,59.9838,202110,30,"66,500",19,2018,교하로 100,,-,-
경기도 파주시 문산읍 당동리,871,871,0,당동주공2단지,59.42,202110,2,"17,000",2,2002,방촌로 1662,,-,-
경기도 파주시 문산읍 당동리,871,871,0,당동주공2단지,59.42,202110,6,"18,000",7,2002,방촌로 1662,,-,-
경기도 파주시 문산읍 당동리,871,871,0,당동주공2단지,49.86,202110,19,"15,000",14,2002,방촌로 1662,,-,-
경기도 파주시 문산읍 당동리,871,871,0,당동주공2단지,49.86,202110,23,"14,900",8,2002,방촌로 1662,,-,-
경기도 파주시 문산읍 당동리,871,871,0,당동주공2단지,49.86,202110,25,"14,500",9,2002,방촌로 1662,,-,-
경기도 파주시 문산읍 당동리,170-2,170,2,문산세성,59.85,202110,2,"14,200",6,1995,당동1로 46,,-,-
경기도 파주시 문산읍 당동리,170-2,170,2,문산세성,59.85,202110,9,"15,000",7,1995,당동1로 46,,-,-
경기도 파주시 문산읍 당동리,170-2,170,2,문산세성,59.85,202110,12,"15,000",8,1995,당동1로 46,,-,-
경기도 파주시 문산읍 당동리,170-2,170,2,문산세성,106.17,202110,30,"16,500",7,1995,당동1로 46,,-,-
경기도 파주시 문산읍 당동리,Jul-91,91,7,산호,67.09,202110,1,"11,000",4,1987,봉미로 44,,-,-
경기도 파주시 문산읍 당동리,Jul-91,91,7,산호,67.09,202110,2,"10,800",4,1987,봉미로 44,,-,-
경기도 파주시 문산읍 당동리,Jul-91,91,7,산호,67.09,202110,5,"11,000",2,1987,봉미로 44,,-,-
경기도 파주시 문산읍 당동리,Jul-91,91,7,산호,50.47,202110,6,"10,000",3,1987,봉미로 44,,-,-
경기도 파주시 문산읍 당동리,Jul-91,91,7,산호,67.09,202110,12,"11,000",4,1987,봉미로 44,,-,-
경기도 파주시 문산읍 당동리,909,909,0,자연앤꿈에그린5단지아파트,84.72,202110,9,"30,000",4,2010,당동1로 12,,-,-
경기도 파주시 문산읍 당동리,909,909,0,자연앤꿈에그린5단지아파트,84.72,202110,16,"26,950",1,2010,당동1로 12,,-,-
경기도 파주시 문산읍 당동리,909,909,0,자연앤꿈에그린5단지아파트,84.96,202110,16,"26,400",1,2010,당동1로 12,,-,-
경기도 파주시 문산읍 당동리,930,930,0,자연앤꿈에그린6단지아파트,84.97,202110,2,"25,000",1,2010,당동1로 11,,-,-
경기도 파주시 문산읍 당동리,947,947,0,파주한양수자인리버팰리스아파트,84.653,202110,1,"32,000",8,2015,당동1로 52,,-,-
경기도 파주시 문산읍 당동리,947,947,0,파주한양수자인리버팰리스아파트,84.86,202110,2,"29,200",13,2015,당동1로 52,,-,-
경기도 파주시 문산읍 당동리,947,947,0,파주한양수자인리버팰리스아파트,84.653,202110,2,"34,900",12,2015,당동1로 52,,-,-
경기도 파주시 문산읍 당동리,947,947,0,파주한양수자인리버팰리스아파트,63.887,202110,5,"28,500",20,2015,당동1로 52,,-,-
경기도 파주시 문산읍 당동리,947,947,0,파주한양수자인리버팰리스아파트,84.653,202110,11,"30,000",12,2015,당동1로 52,,-,-
경기도 파주시 문산읍 당동리,947,947,0,파주한양수자인리버팰리스아파트,84.86,202110,15,"35,000",16,2015,당동1로 52,,-,-
경기도 파주시 문산읍 당동리,947,947,0,파주한양수자인리버팰리스아파트,84.86,202110,15,"35,000",16,2015,당동1로 52,20211018,-,-
경기도 파주시 문산읍 당동리,947,947,0,파주한양수자인리버팰리스아파트,101.811,202110,16,"35,500",12,2015,당동1로 52,,-,-
경기도 파주시 문산읍 당동리,947,947,0,파주한양수자인리버팰리스아파트,84.86,202110,18,"24,000",5,2015,당동1로 52,,-,-
경기도 파주시 문산읍 당동리,947,947,0,파주한양수자인리버팰리스아파트,84.653,202110,18,"29,500",18,2015,당동1로 52,,-,-
경기도 파주시 문산읍 당동리,947,947,0,파주한양수자인리버팰리스아파트,84.86,202110,21,"32,500",5,2015,당동1로 52,,-,-
경기도 파주시 문산읍 당동리,947,947,0,파주한양수자인리버팰리스아파트,101.811,202110,25,"35,000",14,2015,당동1로 52,,-,-
경기도 파주시 문산읍 당동리,947,947,0,파주한양수자인리버팰리스아파트,84.86,202110,25,"30,000",4,2015,당동1로 52,,-,-
경기도 파주시 문산읍 당동리,935,935,0,파주힐스테이트1차,84.98,202110,5,"35,000",4,2009,방촌로 1744,,-,-
경기도 파주시 문산읍 당동리,935,935,0,파주힐스테이트1차,84.95,202110,9,"36,000",8,2009,방촌로 1744,,-,-
경기도 파주시 문산읍 당동리,935,935,0,파주힐스테이트1차,84.98,202110,9,"36,500",15,2009,방촌로 1744,,-,-
경기도 파주시 문산읍 당동리,935,935,0,파주힐스테이트1차,84.98,202110,9,"37,000",8,2009,방촌로 1744,,-,-
경기도 파주시 문산읍 당동리,935,935,0,파주힐스테이트1차,84.98,202110,30,"35,000",5,2009,방촌로 1744,,-,-
경기도 파주시 문산읍 당동리,940,940,0,파주힐스테이트2차,101.6959,202110,2,"35,000",13,2010,당동1로 67,,-,-
경기도 파주시 문산읍 당동리,940,940,0,파주힐스테이트2차,84.8869,202110,18,"30,000",6,2010,당동1로 67,,-,-
경기도 파주시 문산읍 당동리,170-3,170,3,효형,59.828,202110,24,"13,000",8,1997,당동1로 50-26,,-,-
경기도 파주시 문산읍 문산리,01월 31일,31,1,문산주공,43.31,202110,1,"11,400",1,1980,문산로26번길 35,,-,-
경기도 파주시 문산읍 문산리,01월 31일,31,1,문산주공,43.31,202110,1,"10,000",2,1980,문산로26번길 35,,-,-
경기도 파주시 문산읍 문산리,01월 31일,31,1,문산주공,43.31,202110,6,"11,000",3,1980,문산로26번길 35,,-,-
경기도 파주시 문산읍 문산리,01월 31일,31,1,문산주공,43.31,202110,9,"10,450",4,1980,문산로26번길 35,,-,-
경기도 파주시 문산읍 문산리,01월 31일,31,1,문산주공,43.31,202110,16,"11,000",2,1980,문산로26번길 35,,-,-
경기도 파주시 문산읍 문산리,01월 31일,31,1,문산주공,43.31,202110,21,"11,500",2,1980,문산로26번길 35,,-,-
경기도 파주시 문산읍 문산리,142,142,0,신원아침도시,84.9661,202110,2,"22,800",3,2006,방촌로 1648,,-,-
경기도 파주시 문산읍 문산리,142,142,0,신원아침도시,84.9661,202110,7,"23,000",4,2006,방촌로 1648,,-,-
경기도 파주시 문산읍 문산리,142,142,0,신원아침도시,59.9767,202110,16,"20,400",8,2006,방촌로 1648,,-,-
경기도 파주시 문산읍 문산리,142,142,0,신원아침도시,59.9767,202110,26,"22,800",4,2006,방촌로 1648,,-,-
경기도 파주시 문산읍 문산리,142,142,0,신원아침도시,59.9767,202110,29,"21,950",15,2006,방촌로 1648,,-,-
경기도 파주시 문산읍 문산리,Jun-33,33,6,율곡,84.24,202110,12,"17,000",2,1996,문향로17번길 39,,-,-
경기도 파주시 문산읍 문산리,145,145,0,일신건영휴먼빌,84.87,202110,6,"33,000",7,2006,문향로 11,,-,-
경기도 파주시 문산읍 문산리,145,145,0,일신건영휴먼빌,59.84,202110,7,"24,400",7,2006,문향로 11,,-,-
경기도 파주시 문산읍 문산리,145,145,0,일신건영휴먼빌,84.87,202110,8,"27,700",9,2006,문향로 11,,-,-
경기도 파주시 문산읍 문산리,145,145,0,일신건영휴먼빌,59.84,202110,10,"23,500",10,2006,문향로 11,,-,-
경기도 파주시 문산읍 문산리,145,145,0,일신건영휴먼빌,69.94,202110,11,"26,500",14,2006,문향로 11,,-,-
경기도 파주시 문산읍 문산리,145,145,0,일신건영휴먼빌,69.94,202110,12,"27,300",17,2006,문향로 11,,-,-
경기도 파주시 문산읍 문산리,145,145,0,일신건영휴먼빌,69.94,202110,19,"26,800",5,2006,문향로 11,,-,-
경기도 파주시 문산읍 문산리,145,145,0,일신건영휴먼빌,120.06,202110,29,"34,000",5,2006,문향로 11,,-,-
경기도 파주시 문산읍 문산리,97,97,0,장안8차,84.9714,202110,4,"20,900",16,2003,독산로 11,20211006,-,-
경기도 파주시 문산읍 문산리,97,97,0,장안8차,84.9714,202110,6,"20,900",16,2003,독산로 11,,-,-
경기도 파주시 문산읍 문산리,17-29,17,29,한진,71.28,202110,2,"16,500",15,1992,문향로 22,,-,-
경기도 파주시 문산읍 문산리,17-29,17,29,한진,76.68,202110,8,"23,000",3,1992,문향로 22,,-,-
경기도 파주시 문산읍 문산리,17-29,17,29,한진,71.28,202110,11,"17,200",2,1992,문향로 22,20211012,-,-
경기도 파주시 문산읍 문산리,17-29,17,29,한진,71.28,202110,11,"17,200",2,1992,문향로 22,,-,-
경기도 파주시 문산읍 선유리,1409,1409,0,문산선유4단지휴먼시아,84.9,202110,2,"25,000",12,2011,독서울1길 21,,-,-
경기도 파주시 문산읍 선유리,418,418,0,선유주공,40,202110,12,"8,000",5,1991,독서울1길 24,,-,-
경기도 파주시 문산읍 선유리,418,418,0,선유주공,40,202110,20,"9,300",5,1991,독서울1길 24,,-,-
경기도 파주시 문산읍 선유리,418,418,0,선유주공,40,202110,20,"9,450",5,1991,독서울1길 24,,-,-
경기도 파주시 문산읍 선유리,1353,1353,0,양우내안애1단지,84.9389,202110,2,"19,200",6,2007,사임당로 11,,-,-
경기도 파주시 문산읍 선유리,1353,1353,0,양우내안애1단지,84.9389,202110,28,"21,400",13,2007,사임당로 11,,-,-
경기도 파주시 문산읍 선유리,1357,1357,0,진흥소슬마을,84.98,202110,9,"25,000",8,2007,우계로457번길 29,,-,-
경기도 파주시 문산읍 선유리,1413,1413,0,파주문산역1차동문굿모닝힐,59.9635,202110,1,"24,000",16,2020,사임당로 7,,-,-
경기도 파주시 문산읍 선유리,1413,1413,0,파주문산역1차동문굿모닝힐,59.9635,202110,11,"23,400",5,2020,사임당로 7,,-,-
경기도 파주시 문산읍 선유리,1413,1413,0,파주문산역1차동문굿모닝힐,59.9635,202110,15,"21,500",4,2020,사임당로 7,,-,-
경기도 파주시 문산읍 선유리,1413,1413,0,파주문산역1차동문굿모닝힐,59.4719,202110,16,"24,900",14,2020,사임당로 7,,-,-
경기도 파주시 문산읍 선유리,1413,1413,0,파주문산역1차동문굿모닝힐,59.9635,202110,16,"26,800",7,2020,사임당로 7,,-,-
경기도 파주시 문산읍 선유리,1413,1413,0,파주문산역1차동문굿모닝힐,59.9635,202110,24,"24,000",13,2020,사임당로 7,,-,-
경기도 파주시 문산읍 선유리,903-10,903,10,한진2차,59.82,202110,30,"11,900",3,1993,봉미로6번길 13,,-,-
경기도 파주시 법원읍 가야리,Aug-54,54,8,동원주택,59.59,202110,8,"5,500",3,1991,사임당로 781,,-,-
경기도 파주시 법원읍 가야리,Aug-54,54,8,동원주택,59.59,202110,8,"6,000",4,1991,사임당로 781,,-,-
경기도 파주시 아동동,291-10,291,10,"무궁화APT<1동,2동>",59.34,202110,7,"11,900",1,1990,시청로 201,,-,-
경기도 파주시 아동동,291-10,291,10,"무궁화APT<1동,2동>",65.43,202110,7,"13,000",1,1990,정담길 65-17,,-,-
경기도 파주시 아동동,291-10,291,10,"무궁화APT<1동,2동>",41.4,202110,8,"8,500",4,1990,정담길 65-16,,-,-
경기도 파주시 아동동,291-10,291,10,"무궁화APT<1동,2동>",50.4,202110,13,"11,000",4,1990,정담길 65-19,,-,-
경기도 파주시 아동동,291-10,291,10,"무궁화APT<1동,2동>",41.4,202110,26,"6,000",5,1990,정담길 65-16,,-,-
경기도 파주시 아동동,291-10,291,10,"무궁화APT<1동,2동>",59.34,202110,27,"12,300",4,1990,시청로 201,,-,-
경기도 파주시 아동동,339,339,0,장안(미우)5(339-0),59.4,202110,23,"16,000",13,1997,마무리길 22,,-,-
경기도 파주시 아동동,329-6,329,6,장안초원1(329-6),59.73,202110,13,"12,000",12,1990,중앙로 280,,-,-
경기도 파주시 아동동,329-6,329,6,장안초원1(329-6),57.9,202110,13,"14,000",9,1990,중앙로 280,,-,-
경기도 파주시 아동동,328-49,328,49,장안초원2(328-49),69.39,202110,4,"16,500",6,1991,마무리길 40,,-,-
경기도 파주시 아동동,275-9,275,9,파라다이스(275-9),59.34,202110,15,"18,000",7,1998,정담길 20,,-,-
경기도 파주시 아동동,283,283,0,팜스프링(283-0),84.942,202110,2,"31,000",6,2001,송화로 13,,-,-
경기도 파주시 아동동,283,283,0,팜스프링(283-0),84.942,202110,4,"30,500",7,2001,송화로 13,,-,-
경기도 파주시 아동동,283,283,0,팜스프링(283-0),84.942,202110,14,"31,000",14,2001,송화로 13,,-,-
경기도 파주시 아동동,283,283,0,팜스프링(283-0),51.412,202110,20,"21,000",23,2001,송화로 13,,-,-
경기도 파주시 아동동,283,283,0,팜스프링(283-0),84.942,202110,26,"32,500",8,2001,송화로 13,,-,-
경기도 파주시 야당동,1015,1015,0,롯데캐슬파크타운Ⅱ,60.6659,202110,4,"59,000",23,2018,한빛로 20,,-,-
경기도 파주시 야당동,1015,1015,0,롯데캐슬파크타운Ⅱ,60.6659,202110,5,"55,500",3,2018,한빛로 20,,-,-
경기도 파주시 야당동,1015,1015,0,롯데캐슬파크타운Ⅱ,59.4702,202110,5,"59,500",28,2018,한빛로 20,,-,-
경기도 파주시 야당동,1015,1015,0,롯데캐슬파크타운Ⅱ,91.0571,202110,8,"82,000",17,2018,한빛로 20,,-,-
경기도 파주시 야당동,1015,1015,0,롯데캐슬파크타운Ⅱ,59.4702,202110,8,"55,500",4,2018,한빛로 20,,-,-
경기도 파주시 야당동,1015,1015,0,롯데캐슬파크타운Ⅱ,60.6659,202110,16,"59,800",27,2018,한빛로 20,,-,-
경기도 파주시 야당동,1015,1015,0,롯데캐슬파크타운Ⅱ,60.6659,202110,22,"60,000",3,2018,한빛로 20,,-,-
경기도 파주시 야당동,1015,1015,0,롯데캐슬파크타운Ⅱ,60.6659,202110,22,"59,700",24,2018,한빛로 20,,-,-
경기도 파주시 야당동,1015,1015,0,롯데캐슬파크타운Ⅱ,84.2526,202110,25,"79,000",19,2018,한빛로 20,,-,-
경기도 파주시 야당동,1016,1016,0,운정롯데캐슬파크타운1차,59.9292,202110,2,"61,000",25,2017,와석순환로 16,,-,-
경기도 파주시 야당동,1016,1016,0,운정롯데캐슬파크타운1차,74.5684,202110,3,"70,000",22,2017,와석순환로 16,,-,-
경기도 파주시 야당동,1016,1016,0,운정롯데캐슬파크타운1차,84.2577,202110,9,"74,000",4,2017,와석순환로 16,,-,-
경기도 파주시 야당동,1016,1016,0,운정롯데캐슬파크타운1차,84.2577,202110,11,"76,000",6,2017,와석순환로 16,,-,-
경기도 파주시 야당동,1016,1016,0,운정롯데캐슬파크타운1차,84.2577,202110,11,"75,000",18,2017,와석순환로 16,,-,-
경기도 파주시 야당동,1031,1031,0,운정아모리움,59.67,202110,2,"45,000",3,2011,와석순환로 15,,-,-
경기도 파주시 야당동,1031,1031,0,운정아모리움,84.95,202110,8,"52,000",13,2011,와석순환로 15,,-,-
경기도 파주시 야당동,1031,1031,0,운정아모리움,59.85,202110,14,"46,500",8,2011,와석순환로 15,,-,-
경기도 파주시 야당동,1031,1031,0,운정아모리움,51.53,202110,14,"33,000",6,2011,와석순환로 15,,-,-
경기도 파주시 야당동,1031,1031,0,운정아모리움,84.96,202110,16,"52,500",2,2011,와석순환로 15,,-,-
경기도 파주시 야당동,975,975,0,자유로아이파크(975-0),101.986,202110,2,"49,900",8,2004,한빛로 11,,-,-
경기도 파주시 야당동,975,975,0,자유로아이파크(975-0),101.986,202110,3,"50,400",12,2004,한빛로 11,,-,-
경기도 파주시 야당동,975,975,0,자유로아이파크(975-0),101.986,202110,10,"52,500",12,2004,한빛로 11,,-,-
경기도 파주시 야당동,975,975,0,자유로아이파크(975-0),84.992,202110,16,"44,800",7,2004,한빛로 11,,-,-
경기도 파주시 야당동,975,975,0,자유로아이파크(975-0),84.992,202110,20,"48,500",13,2004,한빛로 11,,-,-
경기도 파주시 야당동,975,975,0,자유로아이파크(975-0),84.992,202110,20,"46,900",12,2004,한빛로 11,,-,-
경기도 파주시 야당동,975,975,0,자유로아이파크(975-0),84.992,202110,23,"47,200",13,2004,한빛로 11,,-,-
경기도 파주시 야당동,991,991,0,한빛마을5단지캐슬앤칸타빌,59.6237,202110,2,"53,500",4,2012,한빛로 70,,-,-
경기도 파주시 야당동,991,991,0,한빛마을5단지캐슬앤칸타빌,118.7267,202110,11,"72,500",12,2012,한빛로 70,,-,-
경기도 파주시 야당동,991,991,0,한빛마을5단지캐슬앤칸타빌,118.5592,202110,22,"70,500",23,2012,한빛로 70,,-,-
경기도 파주시 야당동,1026,1026,0,한빛마을7단지(휴먼시아)(1026),84.94,202110,2,"53,000",16,2011,와석순환로 61,20211021,-,-
경기도 파주시 야당동,1026,1026,0,한빛마을7단지(휴먼시아)(1026),84.94,202110,2,"53,000",16,2011,와석순환로 61,,-,-
경기도 파주시 야당동,1026,1026,0,한빛마을7단지(휴먼시아)(1026),74.94,202110,4,"50,000",17,2011,와석순환로 61,,-,-
경기도 파주시 야당동,1026,1026,0,한빛마을7단지(휴먼시아)(1026),84.94,202110,5,"53,500",19,2011,와석순환로 61,,-,-
경기도 파주시 야당동,1026,1026,0,한빛마을7단지(휴먼시아)(1026),84.91,202110,16,"44,500",1,2011,와석순환로 61,,-,-
경기도 파주시 야당동,982,982,0,휴먼빌레이크팰리스(982),84.9666,202110,2,"52,000",1,2009,한빛로 67,,-,-
경기도 파주시 야당동,982,982,0,휴먼빌레이크팰리스(982),84.9666,202110,6,"54,000",7,2009,한빛로 67,,-,-
경기도 파주시 야당동,982,982,0,휴먼빌레이크팰리스(982),84.9462,202110,13,"56,000",4,2009,한빛로 67,,-,-
경기도 파주시 야당동,982,982,0,휴먼빌레이크팰리스(982),84.9666,202110,16,"56,500",19,2009,한빛로 67,,-,-
경기도 파주시 야당동,982,982,0,휴먼빌레이크팰리스(982),84.9462,202110,26,"55,000",11,2009,한빛로 67,,-,-
경기도 파주시 야당동,982,982,0,휴먼빌레이크팰리스(982),84.9462,202110,27,"59,000",18,2009,한빛로 67,,-,-
경기도 파주시 야당동,982,982,0,휴먼빌레이크팰리스(982),84.9462,202110,27,"59,000",18,2009,한빛로 67,20211029,-,-
경기도 파주시 야동동,587,587,0,대방노블랜드(587-0),59.73,202110,1,"16,000",10,2001,평화로 280,,-,-
경기도 파주시 야동동,587,587,0,대방노블랜드(587-0),59.73,202110,1,"16,140",11,2001,평화로 280,,-,-
경기도 파주시 야동동,587,587,0,대방노블랜드(587-0),59.73,202110,1,"17,000",10,2001,평화로 280,,-,-
경기도 파주시 야동동,587,587,0,대방노블랜드(587-0),45.677,202110,2,"12,470",7,2001,평화로 280,,-,-
경기도 파주시 야동동,587,587,0,대방노블랜드(587-0),59.73,202110,4,"16,900",14,2001,평화로 280,,-,-
경기도 파주시 야동동,587,587,0,대방노블랜드(587-0),59.73,202110,4,"18,000",9,2001,평화로 280,,-,-
경기도 파주시 야동동,587,587,0,대방노블랜드(587-0),45.677,202110,8,"12,800",2,2001,평화로 280,,-,-
경기도 파주시 야동동,587,587,0,대방노블랜드(587-0),59.73,202110,15,"17,000",6,2001,평화로 280,,-,-
경기도 파주시 야동동,587,587,0,대방노블랜드(587-0),59.73,202110,16,"16,000",10,2001,평화로 280,20211027,-,-
경기도 파주시 야동동,587,587,0,대방노블랜드(587-0),59.73,202110,16,"16,000",10,2001,평화로 280,,-,-
경기도 파주시 야동동,587,587,0,대방노블랜드(587-0),59.73,202110,19,"16,800",13,2001,평화로 280,,-,-
경기도 파주시 야동동,587,587,0,대방노블랜드(587-0),59.73,202110,20,"17,700",4,2001,평화로 280,,-,-
경기도 파주시 야동동,587,587,0,대방노블랜드(587-0),45.677,202110,27,"11,500",1,2001,평화로 280,,-,-
경기도 파주시 와동동,1356,1356,0,가람마을10단지월드메르디앙(1356),120.5004,202110,6,"57,800",15,2010,가온로 245,,-,-
경기도 파주시 와동동,1356,1356,0,가람마을10단지월드메르디앙(1356),59.9169,202110,16,"39,200",19,2010,가온로 245,,-,-
경기도 파주시 와동동,1308,1308,0,가람마을1단지벽산한라(1308),124.985,202110,2,"62,000",4,2010,가람로 22,,-,-
경기도 파주시 와동동,1308,1308,0,가람마을1단지벽산한라(1308),84.94,202110,2,"53,000",18,2010,가람로 22,,-,-
경기도 파주시 와동동,1308,1308,0,가람마을1단지벽산한라(1308),101.929,202110,15,"57,500",5,2010,가람로 22,,-,-
경기도 파주시 와동동,1308,1308,0,가람마을1단지벽산한라(1308),124.985,202110,18,"65,000",7,2010,가람로 22,,-,-
경기도 파주시 와동동,1308,1308,0,가람마을1단지벽산한라(1308),84.928,202110,20,"52,500",22,2010,가람로 22,,-,-
경기도 파주시 와동동,1308,1308,0,가람마을1단지벽산한라(1308),124.989,202110,21,"60,000",3,2010,가람로 22,,-,-
경기도 파주시 와동동,1308,1308,0,가람마을1단지벽산한라(1308),84.928,202110,22,"53,000",4,2010,가람로 22,,-,-
경기도 파주시 와동동,240,240,0,가람마을3단지(동문굿모닝힐),84.46,202110,4,"42,000",13,2001,금바위로 100,,-,-
경기도 파주시 와동동,240,240,0,가람마을3단지(동문굿모닝힐),84.46,202110,4,"39,500",11,2001,금바위로 100,,-,-
경기도 파주시 와동동,240,240,0,가람마을3단지(동문굿모닝힐),84.46,202110,5,"38,000",15,2001,금바위로 100,,-,-
경기도 파주시 와동동,240,240,0,가람마을3단지(동문굿모닝힐),84.46,202110,11,"41,700",6,2001,금바위로 100,,-,-
경기도 파주시 와동동,240,240,0,가람마을3단지(동문굿모닝힐),84.46,202110,16,"40,000",12,2001,금바위로 100,,-,-
경기도 파주시 와동동,1321,1321,0,가람마을4단지한양수자인,84.99,202110,3,"52,000",16,2011,가람로 70,,-,-
경기도 파주시 와동동,1332,1332,0,가람마을5단지,84.97,202110,1,"49,000",18,2014,가람로116번길 40,,-,-
경기도 파주시 와동동,1332,1332,0,가람마을5단지,84.94,202110,6,"54,500",16,2014,가람로116번길 40,,-,-
경기도 파주시 와동동,1332,1332,0,가람마을5단지,84.97,202110,14,"50,500",8,2014,가람로116번길 40,,-,-
경기도 파주시 와동동,205,205,0,가람마을8단지동문굿모닝힐,84.454,202110,2,"47,000",5,2001,금바위로 47,,-,-
경기도 파주시 와동동,205,205,0,가람마을8단지동문굿모닝힐,84.454,202110,16,"44,900",6,2001,금바위로 47,,-,-
경기도 파주시 와동동,205,205,0,가람마을8단지동문굿모닝힐,84.454,202110,18,"43,000",3,2001,금바위로 47,,-,-
경기도 파주시 와동동,1344,1344,0,가람마을9단지남양휴튼(1344),59.961,202110,11,"42,000",2,2010,미래로 562,,-,-
경기도 파주시 와동동,1344,1344,0,가람마을9단지남양휴튼(1344),84.956,202110,11,"54,500",8,2010,미래로 562,,-,-
경기도 파주시 와동동,1344,1344,0,가람마을9단지남양휴튼(1344),120.564,202110,14,"60,000",13,2010,미래로 562,,-,-
경기도 파주시 와동동,1404,1404,0,해솔마을7단지롯데캐슬,84.337,202110,4,"62,400",20,2014,가온로 205,,-,-
경기도 파주시 와동동,1404,1404,0,해솔마을7단지롯데캐슬,84.337,202110,11,"69,000",17,2014,가온로 205,,-,-
경기도 파주시 와동동,1404,1404,0,해솔마을7단지롯데캐슬,101.2238,202110,11,"70,500",8,2014,가온로 205,,-,-
경기도 파주시 와동동,1404,1404,0,해솔마을7단지롯데캐슬,84.337,202110,12,"68,900",18,2014,가온로 205,,-,-
경기도 파주시 와동동,1404,1404,0,해솔마을7단지롯데캐슬,113.991,202110,13,"77,000",27,2014,가온로 205,,-,-
경기도 파주시 조리읍 대원리,218,218,0,그린시티동문(218-0),197.9,202110,2,"40,000",3,2000,대원로 45,,-,-
경기도 파주시 조리읍 대원리,218,218,0,그린시티동문(218-0),84.99,202110,4,"25,000",14,2000,대원로 56,,-,-
경기도 파주시 조리읍 대원리,218,218,0,그린시티동문(218-0),84.99,202110,9,"25,000",15,2000,대원로 56,,-,-
경기도 파주시 조리읍 대원리,218,218,0,그린시티동문(218-0),84.99,202110,11,"19,000",4,2000,대원로 56,,-,-
경기도 파주시 조리읍 대원리,218,218,0,그린시티동문(218-0),101.66,202110,29,"23,000",5,2000,대원로 56,,-,-
경기도 파주시 조리읍 대원리,992-1,992,1,한라비발디(992-1),117.12,202110,10,"38,800",2,2000,능안로 37,,-,-
경기도 파주시 조리읍 대원리,992-1,992,1,한라비발디(992-1),84.91,202110,27,"29,500",12,2000,능안로 37,,-,-
경기도 파주시 조리읍 봉일천리,157-4,157,4,강실(157-4),76.89,202110,9,"12,000",5,1991,송비말길 68-4,,-,-
경기도 파주시 조리읍 봉일천리,157-1,157,1,대화무궁화(157-1),44.16,202110,2,"8,500",1,1988,송비말길 26,,-,-
경기도 파주시 조리읍 봉일천리,125-22,125,22,성호(125-22),59.965,202110,6,"17,000",12,1997,통일로 306,,-,-
경기도 파주시 조리읍 봉일천리,259-2,259,2,성호2파크힐(259-2),84.986,202110,25,"29,000",15,2001,두루봉로 33-37,,-,-
경기도 파주시 조리읍 봉일천리,157-40,157,40,태양(157-40),59.4,202110,4,"10,000",5,1989,공릉장터길 39,,-,-
경기도 파주시 조리읍 봉일천리,157-40,157,40,태양(157-40),72.81,202110,16,"9,400",5,1989,공릉장터길 39,,-,-
경기도 파주시 조리읍 봉일천리,262,262,0,태형내산마을(262-0),59.97,202110,6,"16,500",8,1996,두루봉로 37,,-,-
경기도 파주시 조리읍 봉일천리,262,262,0,태형내산마을(262-0),59.97,202110,14,"16,600",1,1996,두루봉로 37,,-,-
경기도 파주시 조리읍 봉일천리,262,262,0,태형내산마을(262-0),59.97,202110,25,"17,200",8,1996,두루봉로 37,,-,-
경기도 파주시 조리읍 봉일천리,262-23,262,23,태형미림(262-23),84.63,202110,2,"18,500",1,1993,두루봉로 31,,-,-
경기도 파주시 조리읍 봉일천리,262-23,262,23,태형미림(262-23),59.85,202110,3,"15,000",7,1993,두루봉로 31,,-,-
경기도 파주시 조리읍 봉일천리,262-23,262,23,태형미림(262-23),59.85,202110,3,"15,000",7,1993,두루봉로 31,20211007,-,-
경기도 파주시 조리읍 봉일천리,301,301,0,효성해링턴플레이스,59.9678,202110,12,"31,800",11,2018,소곡로 30,,-,-
경기도 파주시 파주읍 연풍리,483,483,0,동광모닝스카이,84.953,202110,3,"23,000",6,2009,술이홀로 409-6,,-,-
경기도 파주시 파주읍 연풍리,483,483,0,동광모닝스카이,84.932,202110,3,"22,500",10,2009,술이홀로 409-6,,-,-
경기도 파주시 파주읍 연풍리,483,483,0,동광모닝스카이,84.932,202110,4,"18,000",7,2009,술이홀로 409-6,,-,-
경기도 파주시 파주읍 연풍리,483,483,0,동광모닝스카이,84.953,202110,21,"24,000",5,2009,술이홀로 409-6,,-,-
경기도 파주시 파주읍 연풍리,483,483,0,동광모닝스카이,84.932,202110,25,"20,600",3,2009,술이홀로 409-6,,-,-
경기도 평택시 고덕면 궁리,523,523,0,고덕하늘채시그니처,59.949,202110,13,"29,000",22,2021,효덕새싹길 55,,-,-
경기도 평택시 고덕면 궁리,523,523,0,고덕하늘채시그니처,59.949,202110,17,"26,500",17,2021,효덕새싹길 55,,-,-
경기도 평택시 고덕면 궁리,523,523,0,고덕하늘채시그니처,59.949,202110,17,"32,000",20,2021,효덕새싹길 55,,-,-
경기도 평택시 고덕면 궁리,523,523,0,고덕하늘채시그니처,84.7048,202110,20,"37,000",16,2021,효덕새싹길 55,,-,-
경기도 평택시 고덕면 궁리,75,75,0,태평,84.81,202110,6,"32,000",7,1994,서동대로 2651,,-,-
경기도 평택시 고덕면 궁리,75,75,0,태평,59.91,202110,6,"21,800",2,1994,서동대로 2651,,-,-
경기도 평택시 고덕면 궁리,75,75,0,태평,84.81,202110,9,"29,500",4,1994,서동대로 2651,,-,-
경기도 평택시 고덕면 궁리,75,75,0,태평,59.91,202110,11,"23,650",14,1994,서동대로 2651,,-,-
경기도 평택시 고덕면 궁리,75,75,0,태평,84.81,202110,15,"34,000",16,1994,서동대로 2651,,-,-
경기도 평택시 고덕면 궁리,75,75,0,태평,59.91,202110,18,"24,480",12,1994,서동대로 2651,,-,-
경기도 평택시 고덕면 궁리,75,75,0,태평,59.91,202110,19,"23,500",11,1994,서동대로 2651,,-,-
경기도 평택시 고덕면 궁리,75,75,0,태평,59.91,202110,23,"24,700",15,1994,서동대로 2651,,-,-
경기도 평택시 고덕면 궁리,75,75,0,태평,59.91,202110,23,"20,700",10,1994,서동대로 2651,,-,-
경기도 평택시 고덕면 궁리,75,75,0,태평,84.81,202110,24,"32,900",9,1994,서동대로 2651,,-,-
경기도 평택시 고덕면 궁리,75,75,0,태평,59.91,202110,28,"23,000",12,1994,서동대로 2651,,-,-
경기도 평택시 고덕면 궁리,520,520,0,평택영화블렌하임,84.97,202110,2,"34,000",9,2008,궁2길 37-24,,-,-
경기도 평택시 고덕면 궁리,520,520,0,평택영화블렌하임,59.68,202110,6,"26,000",8,2008,궁2길 37-24,,-,-
경기도 평택시 고덕면 궁리,520,520,0,평택영화블렌하임,84.97,202110,12,"34,000",13,2008,궁2길 37-24,,-,-
경기도 평택시 고덕면 궁리,520,520,0,평택영화블렌하임,84.97,202110,16,"34,000",5,2008,궁2길 37-24,,-,-
경기도 평택시 고덕면 궁리,520,520,0,평택영화블렌하임,84.97,202110,22,"33,800",6,2008,궁2길 37-24,,-,-
경기도 평택시 고덕면 여염리,Feb-38,4238,2,고덕국제신도시엘에이치르플로랑,55.98,202110,22,"48,100",8,2021,고덕국제대로 202,,-,-
경기도 평택시 고덕면 여염리,Feb-47,4247,2,고덕국제신도시파라곤,84.9981,202110,1,"91,500",1,2019,고덕국제대로 180,,-,-
경기도 평택시 고덕면 여염리,Feb-47,4247,2,고덕국제신도시파라곤,71.3755,202110,2,"84,700",22,2019,고덕국제대로 180,,-,-
경기도 평택시 고덕면 여염리,Feb-47,4247,2,고덕국제신도시파라곤,71.3755,202110,15,"80,000",5,2019,고덕국제대로 180,,-,-
경기도 평택시 고덕면 여염리,Feb-47,4247,2,고덕국제신도시파라곤,110.6845,202110,22,"130,000",23,2019,고덕국제대로 180,,-,-
경기도 평택시 고덕면 여염리,Feb-13,4313,2,고덕신도시자연앤자이,84.6213,202110,1,"80,000",23,2019,고덕국제대로 152,,-,-
경기도 평택시 고덕면 여염리,Feb-13,4313,2,고덕신도시자연앤자이,84.6213,202110,23,"88,000",16,2019,고덕국제대로 152,,-,-
경기도 평택시 고덕면 여염리,Feb-13,4313,2,고덕신도시자연앤자이,84.6213,202110,23,"85,000",7,2019,고덕국제대로 152,,-,-
경기도 평택시 고덕면 여염리,Feb-13,4313,2,고덕신도시자연앤자이,84.6213,202110,28,"85,000",6,2019,고덕국제대로 152,,-,-
경기도 평택시 고덕면 여염리,Mar-40,4240,3,신안인스빌시그니처,96.9008,202110,22,"111,700",17,2020,고덕국제대로 203,,-,-
경기도 평택시 군문동,370,370,0,군문주공1,49.43,202110,4,"20,000",4,1999,원평로25번길 63,,-,-
경기도 평택시 군문동,360,360,0,군문주공2,59.96,202110,1,"21,900",2,1999,원평로25번길 61,,-,-
경기도 평택시 군문동,360,360,0,군문주공2,59.96,202110,1,"21,500",10,1999,원평로25번길 61,,-,-
경기도 평택시 군문동,360,360,0,군문주공2,59.96,202110,2,"20,000",11,1999,원평로25번길 61,,-,-
경기도 평택시 군문동,360,360,0,군문주공2,59.96,202110,8,"24,000",12,1999,원평로25번길 61,,-,-
경기도 평택시 군문동,360,360,0,군문주공2,59.96,202110,8,"25,000",11,1999,원평로25번길 61,,-,-
경기도 평택시 군문동,360,360,0,군문주공2,59.96,202110,10,"25,500",8,1999,원평로25번길 61,,-,-
경기도 평택시 군문동,360,360,0,군문주공2,59.96,202110,11,"28,000",7,1999,원평로25번길 61,,-,-
경기도 평택시 군문동,360,360,0,군문주공2,49.43,202110,11,"19,000",3,1999,원평로25번길 61,20211015,-,-
경기도 평택시 군문동,360,360,0,군문주공2,49.43,202110,15,"20,000",3,1999,원평로25번길 61,,-,-
경기도 평택시 독곡동,396-1,396,1,대옥,69.03,202110,19,"10,400",1,1989,탄현로381번길 61,,-,-
경기도 평택시 독곡동,475,475,0,동부,130.05,202110,7,"29,500",4,1993,지산3로 75,,-,-
경기도 평택시 독곡동,464,464,0,라이프,101.85,202110,3,"26,000",4,1992,지산천로 66,,-,-
경기도 평택시 독곡동,464,464,0,라이프,101.85,202110,27,"29,000",5,1992,지산천로 66,,-,-
경기도 평택시 독곡동,468,468,0,삼익,66.75,202110,27,"17,900",3,1994,경기대로 1578,,-,-
경기도 평택시 독곡동,468,468,0,삼익,66.75,202110,28,"18,000",5,1994,경기대로 1578,,-,-
경기도 평택시 독곡동,474,474,0,아주2,59.97,202110,1,"13,000",3,1995,지산천로 40,,-,-
경기도 평택시 독곡동,474,474,0,아주2,59.97,202110,22,"18,000",10,1995,지산천로 40,,-,-
경기도 평택시 독곡동,473,473,0,한일,59.4,202110,10,"15,000",8,1993,경기대로 1576,,-,-
경기도 평택시 독곡동,473,473,0,한일,59.34,202110,23,"16,300",6,1993,경기대로 1576,,-,-
경기도 평택시 독곡동,473,473,0,한일,59.4,202110,26,"14,500",6,1993,경기대로 1576,,-,-
경기도 평택시 독곡동,473,473,0,한일,59.4,202110,28,"14,000",5,1993,경기대로 1576,,-,-
경기도 평택시 동삭동,Jan-01,2001,1,The Sharp 지제역 센트럴파크 3BL,74.974,202110,1,"46,000",16,2019,동삭1로22번길 40,,-,-
경기도 평택시 동삭동,Jan-01,2001,1,The Sharp 지제역 센트럴파크 3BL,59.623,202110,7,"53,000",9,2019,동삭1로22번길 40,,-,-
경기도 평택시 동삭동,Jan-01,2001,1,The Sharp 지제역 센트럴파크 3BL,59.623,202110,8,"55,000",19,2019,동삭1로22번길 40,,-,-
경기도 평택시 동삭동,Jan-01,2001,1,The Sharp 지제역 센트럴파크 3BL,59.623,202110,10,"52,500",5,2019,동삭1로22번길 40,,-,-
경기도 평택시 동삭동,388-13,388,13,TheSharp지제역센트럴파크2BL,74.9744,202110,11,"41,500",4,2020,지제동삭2로 177,,-,-
경기도 평택시 동삭동,388-13,388,13,TheSharp지제역센트럴파크2BL,74.9744,202110,16,"68,000",19,2020,지제동삭2로 177,,-,-
경기도 평택시 동삭동,343-2,343,2,삼익사이버,84.92,202110,1,"34,800",17,2000,동삭로 397,,-,-
경기도 평택시 동삭동,715-1,715,1,서재자이,74.55,202110,15,"45,000",10,2014,서재로 36,,-,-
경기도 평택시 동삭동,650,650,0,이안,84.87,202110,16,"32,400",9,2005,동삭로 371,,-,-
경기도 평택시 동삭동,650,650,0,이안,84.87,202110,17,"31,500",7,2005,동삭로 371,,-,-
경기도 평택시 동삭동,854,854,0,평택센트럴자이 4단지,84.5289,202110,3,"68,000",16,2018,상서재로 50,,-,-
경기도 평택시 동삭동,854,854,0,평택센트럴자이 4단지,59.1594,202110,11,"50,000",17,2018,상서재로 50,,-,-
경기도 평택시 동삭동,854,854,0,평택센트럴자이 4단지,72.6417,202110,13,"59,500",10,2018,상서재로 50,,-,-
경기도 평택시 동삭동,854,854,0,평택센트럴자이 4단지,72.6417,202110,24,"57,000",8,2018,상서재로 50,,-,-
경기도 평택시 동삭동,855,855,0,평택센트럴자이 5단지,59.5152,202110,1,"50,000",8,2018,상서재로 50,,-,-
경기도 평택시 동삭동,855,855,0,평택센트럴자이 5단지,75.7115,202110,8,"59,000",20,2018,상서재로 50,,-,-
경기도 평택시 동삭동,835,835,0,평택센트럴자이1단지,59.5153,202110,2,"51,500",23,2017,상서재로5길 15,,-,-
경기도 평택시 동삭동,835,835,0,평택센트럴자이1단지,72.6415,202110,2,"60,000",15,2017,상서재로5길 15,,-,-
경기도 평택시 동삭동,835,835,0,평택센트럴자이1단지,84.3899,202110,11,"70,000",16,2017,상서재로5길 15,,-,-
경기도 평택시 동삭동,835,835,0,평택센트럴자이1단지,84.3899,202110,17,"72,500",21,2017,상서재로5길 15,,-,-
경기도 평택시 동삭동,835,835,0,평택센트럴자이1단지,84.5403,202110,28,"65,000",12,2017,상서재로5길 15,,-,-
경기도 평택시 동삭동,845,845,0,평택센트럴자이2단지,59.5153,202110,2,"49,990",14,2017,상서재로4길 13,,-,-
경기도 평택시 동삭동,845,845,0,평택센트럴자이2단지,59.5153,202110,8,"49,700",22,2017,상서재로4길 13,,-,-
경기도 평택시 동삭동,845,845,0,평택센트럴자이2단지,59.5153,202110,16,"46,900",2,2017,상서재로4길 13,,-,-
경기도 평택시 동삭동,845,845,0,평택센트럴자이2단지,59.5153,202110,26,"50,000",20,2017,상서재로4길 13,,-,-
경기도 평택시 동삭동,845,845,0,평택센트럴자이2단지,59.1594,202110,26,"46,500",16,2017,상서재로4길 13,,-,-
경기도 평택시 동삭동,845,845,0,평택센트럴자이2단지,59.5153,202110,30,"50,000",14,2017,상서재로4길 13,,-,-
경기도 평택시 동삭동,852,852,0,평택센트럴자이3단지,72.6417,202110,1,"58,300",18,2019,상서재로 55,,-,-
경기도 평택시 동삭동,852,852,0,평택센트럴자이3단지,84.2757,202110,2,"69,800",20,2019,상서재로 55,,-,-
경기도 평택시 동삭동,852,852,0,평택센트럴자이3단지,72.6417,202110,2,"58,000",22,2019,상서재로 55,,-,-
경기도 평택시 동삭동,852,852,0,평택센트럴자이3단지,72.6417,202110,8,"60,000",7,2019,상서재로 55,,-,-
경기도 평택시 동삭동,852,852,0,평택센트럴자이3단지,59.5419,202110,9,"50,700",7,2019,상서재로 55,,-,-
경기도 평택시 동삭동,852,852,0,평택센트럴자이3단지,98.6036,202110,9,"80,000",17,2019,상서재로 55,,-,-
경기도 평택시 동삭동,852,852,0,평택센트럴자이3단지,98.5237,202110,16,"84,000",28,2019,상서재로 55,,-,-
경기도 평택시 동삭동,852,852,0,평택센트럴자이3단지,98.6036,202110,16,"82,500",14,2019,상서재로 55,,-,-
경기도 평택시 동삭동,852,852,0,평택센트럴자이3단지,84.2757,202110,23,"70,200",26,2019,상서재로 55,,-,-
경기도 평택시 동삭동,340-6,340,6,현대,76.61,202110,16,"29,500",4,1992,동삭로 386,,-,-
경기도 평택시 비전동,856-1,856,1,SK비전,84.917,202110,20,"32,000",8,2003,평택5로 57,,-,-
경기도 평택시 비전동,810-1,810,1,덕동마을신일유토빌,84.98,202110,13,"23,800",3,2005,평택5로 203,,-,-
경기도 평택시 비전동,877,877,0,동성한아름,72.48,202110,1,"21,000",6,1994,문화촌로 10,,-,-
경기도 평택시 비전동,856,856,0,동성효성,72.48,202110,16,"18,400",15,1994,평택5로 63,,-,-
경기도 평택시 비전동,856,856,0,동성효성,72.48,202110,17,"20,300",12,1994,평택5로 63,,-,-
경기도 평택시 비전동,856,856,0,동성효성,72.48,202110,25,"16,700",8,1994,평택5로 63,,-,-
경기도 평택시 비전동,828,828,0,동아동백,84.908,202110,3,"24,500",8,1994,매봉산1길 16,,-,-
경기도 평택시 비전동,236-22,236,22,동아목련,84.87,202110,10,"26,000",8,1993,평택4로 56,,-,-
경기도 평택시 비전동,236-22,236,22,동아목련,164.67,202110,19,"33,000",2,1993,평택4로 56,,-,-
경기도 평택시 비전동,889,889,0,벽산,84.895,202110,5,"28,500",10,1994,중앙로 335,,-,-
경기도 평택시 비전동,889,889,0,벽산,84.895,202110,19,"27,800",3,1994,중앙로 335,,-,-
경기도 평택시 비전동,931,931,0,비전경남아너스빌,59.871,202110,2,"29,000",12,2009,평남로 671,,-,-
경기도 평택시 비전동,931,931,0,비전경남아너스빌,84.986,202110,9,"42,500",9,2009,평남로 671,,-,-
경기도 평택시 비전동,931,931,0,비전경남아너스빌,122.374,202110,14,"47,000",12,2009,평남로 671,,-,-
경기도 평택시 비전동,931,931,0,비전경남아너스빌,84.986,202110,23,"40,000",7,2009,평남로 671,,-,-
경기도 평택시 비전동,946,946,0,비전롯데캐슬,84.99,202110,18,"40,000",6,2011,평택5로 271,,-,-
경기도 평택시 비전동,946,946,0,비전롯데캐슬,59.995,202110,25,"32,000",9,2011,평택5로 271,,-,-
경기도 평택시 비전동,879-5,879,5,비전현대,59.72,202110,2,"21,500",18,1994,동부공원로 15,,-,-
경기도 평택시 비전동,879-5,879,5,비전현대,59.72,202110,3,"23,200",8,1994,동부공원로 15,,-,-
경기도 평택시 비전동,879-5,879,5,비전현대,44.87,202110,16,"20,000",10,1994,동부공원로 15,,-,-
경기도 평택시 비전동,273-10,273,10,새한,75.96,202110,11,"14,000",2,1985,평택4로 90,,-,-
경기도 평택시 비전동,1011,1011,0,소사벌리더스하임,74.98,202110,11,"41,800",16,2014,비전3로 59,,-,-
경기도 평택시 비전동,1011,1011,0,소사벌리더스하임,84.97,202110,16,"42,000",21,2014,비전3로 59,,-,-
경기도 평택시 비전동,1089,1089,0,소사벌효성백년가약,84.9833,202110,17,"45,000",15,2012,평남로 865,,-,-
경기도 평택시 비전동,874,874,0,시대한우리,49.585,202110,5,"13,500",6,1995,문화촌로 33,,-,-
경기도 평택시 비전동,874,874,0,시대한우리,49.585,202110,5,"15,900",14,1995,문화촌로 33,,-,-
경기도 평택시 비전동,874,874,0,시대한우리,35.743,202110,6,"10,600",1,1995,문화촌로 33,,-,-
경기도 평택시 비전동,874,874,0,시대한우리,49.585,202110,8,"15,800",3,1995,문화촌로 33,,-,-
경기도 평택시 비전동,874,874,0,시대한우리,49.855,202110,8,"15,000",10,1995,문화촌로 33,,-,-
경기도 평택시 비전동,874,874,0,시대한우리,35.743,202110,9,"11,000",16,1995,문화촌로 33,,-,-
경기도 평택시 비전동,874,874,0,시대한우리,35.743,202110,11,"10,600",3,1995,문화촌로 33,,-,-
경기도 평택시 비전동,874,874,0,시대한우리,35.743,202110,23,"10,500",7,1995,문화촌로 33,,-,-
경기도 평택시 비전동,874,874,0,시대한우리,49.585,202110,25,"17,000",10,1995,문화촌로 33,,-,-
경기도 평택시 비전동,881,881,0,신명나리,59.97,202110,4,"21,000",15,1995,동부공원로 40,,-,-
경기도 평택시 비전동,881,881,0,신명나리,59.97,202110,9,"19,700",17,1995,동부공원로 40,,-,-
경기도 평택시 비전동,804,804,0,신세계타운,84.84,202110,6,"21,000",9,2001,평택4로 123,,-,-
경기도 평택시 비전동,804,804,0,신세계타운,84.84,202110,12,"24,500",15,2001,평택4로 123,,-,-
경기도 평택시 비전동,813,813,0,엘지덕동,84.942,202110,11,"23,200",1,1994,평택4로 124,,-,-
경기도 평택시 비전동,813,813,0,엘지덕동,101.57,202110,16,"29,000",13,1994,평택4로 124,,-,-
경기도 평택시 비전동,925,925,0,와이엠프라젠,84.9,202110,2,"24,800",7,2008,무지개공원4길 3,,-,-
경기도 평택시 비전동,1031,1031,0,우미린센트럴파크,84.9802,202110,5,"56,000",7,2016,비전3로 76,,-,-
경기도 평택시 비전동,1031,1031,0,우미린센트럴파크,84.9797,202110,12,"49,500",14,2016,비전3로 76,20211028,-,-
경기도 평택시 비전동,813-1,813,1,태산,59.91,202110,3,"22,800",15,1994,매봉산1길 11,,-,-
경기도 평택시 비전동,813-1,813,1,태산,59.91,202110,5,"21,500",2,1994,매봉산1길 11,,-,-
경기도 평택시 비전동,813-1,813,1,태산,59.91,202110,8,"23,000",13,1994,매봉산1길 11,,-,-
경기도 평택시 비전동,828-1,828,1,태산신그린,59.91,202110,9,"22,900",12,1995,평택5로 134,,-,-
경기도 평택시 비전동,828-1,828,1,태산신그린,59.91,202110,15,"21,800",13,1995,평택5로 134,,-,-
경기도 평택시 비전동,970,970,0,평택소사벌푸르지오,83.68,202110,15,"50,000",17,2019,평남로 996,,-,-
경기도 평택시 비전동,876,876,0,한빛,90.81,202110,1,"29,300",13,1997,평남로 737,,-,-
경기도 평택시 비전동,876,876,0,한빛,90.81,202110,8,"32,700",7,1997,평남로 737,,-,-
경기도 평택시 비전동,800,800,0,한성,59.995,202110,9,"20,900",10,1997,평택5로 254,,-,-
경기도 평택시 비전동,800,800,0,한성,77.38,202110,15,"22,800",13,1997,평택5로 254,,-,-
경기도 평택시 비전동,800,800,0,한성,59.995,202110,18,"22,000",4,1997,평택5로 254,,-,-
경기도 평택시 비전동,828-2,828,2,현대이화,62.38,202110,1,"23,900",11,1993,평택5로114번길 13,,-,-
경기도 평택시 비전동,828-2,828,2,현대이화,62.38,202110,4,"20,000",2,1993,평택5로114번길 13,,-,-
경기도 평택시 비전동,828-2,828,2,현대이화,84.035,202110,5,"27,000",12,1993,평택5로114번길 13,,-,-
경기도 평택시 비전동,828-2,828,2,현대이화,62.38,202110,7,"21,800",7,1993,평택5로114번길 13,,-,-
경기도 평택시 비전동,828-2,828,2,현대이화,84.035,202110,11,"29,500",13,1993,평택5로114번길 13,,-,-
경기도 평택시 서정동,826-4,826,4,금호타운,84.92,202110,1,"23,000",7,1996,지장로27번길 90,,-,-
경기도 평택시 서정동,826-4,826,4,금호타운,59.77,202110,1,"19,500",12,1996,지장로27번길 100,,-,-
경기도 평택시 서정동,826-4,826,4,금호타운,59.77,202110,2,"15,300",11,1996,지장로27번길 100,,-,-
경기도 평택시 서정동,826-4,826,4,금호타운,84.3,202110,3,"24,000",8,1996,지장로27번길 100,,-,-
경기도 평택시 서정동,313-14,313,14,대양아리스타,16.528,202110,1,"6,400",11,2018,서정역로55번길 8-4,,-,-
경기도 평택시 서정동,787-2,787,2,대옥3,52.23,202110,20,"9,000",6,1990,서정북로 60,,-,-
경기도 평택시 서정동,787-2,787,2,대옥3,52.23,202110,25,"8,500",7,1990,서정북로 60,,-,-
경기도 평택시 서정동,307-8,307,8,데오스팰리스,42.378,202110,7,"21,500",7,2018,서정역로58번길 6-1,,-,-
경기도 평택시 서정동,793,793,0,동산2,59.28,202110,7,"21,000",2,1989,특구로27번길 46,,-,-
경기도 평택시 서정동,433-26,433,26,서정메트로하임,26.11,202110,1,"7,500",12,2016,탄현로 84,,-,-
경기도 평택시 서정동,433-26,433,26,서정메트로하임,30.81,202110,13,"7,200",6,2016,탄현로 84,20211028,-,-
경기도 평택시 서정동,433-26,433,26,서정메트로하임,26.11,202110,23,"7,600",9,2016,탄현로 84,,-,-
경기도 평택시 서정동,433-26,433,26,서정메트로하임,30.81,202110,23,"11,000",3,2016,탄현로 84,,-,-
경기도 평택시 서정동,433-26,433,26,서정메트로하임,26.37,202110,25,"7,100",5,2016,탄현로 84,,-,-
경기도 평택시 서정동,433-7,433,7,서정벨루스하임,32.45,202110,14,"10,000",8,2016,탄현로 88,,-,-
경기도 평택시 서정동,433-7,433,7,서정벨루스하임,29.41,202110,15,"11,000",16,2016,탄현로 88,,-,-
경기도 평택시 서정동,433-23,433,23,서정스마트빌듀오3차,26.37,202110,4,"7,500",9,2016,서정역로58번길 39,,-,-
경기도 평택시 서정동,433-23,433,23,서정스마트빌듀오3차,25.48,202110,9,"7,000",9,2016,서정역로58번길 39,,-,-
경기도 평택시 서정동,433-23,433,23,서정스마트빌듀오3차,26.37,202110,12,"8,500",14,2016,서정역로58번길 39,,-,-
경기도 평택시 서정동,433-23,433,23,서정스마트빌듀오3차,25.48,202110,15,"10,400",4,2016,서정역로58번길 39,,-,-
경기도 평택시 서정동,433-23,433,23,서정스마트빌듀오3차,26.37,202110,16,"9,500",3,2016,서정역로58번길 39,,-,-
경기도 평택시 서정동,433-23,433,23,서정스마트빌듀오3차,26.37,202110,19,"7,400",9,2016,서정역로58번길 39,,-,-
경기도 평택시 서정동,433-23,433,23,서정스마트빌듀오3차,25.48,202110,28,"6,000",7,2016,서정역로58번길 39,,-,-
경기도 평택시 서정동,433-23,433,23,서정스마트빌듀오3차,26.37,202110,29,"8,000",7,2016,서정역로58번길 39,,-,-
경기도 평택시 서정동,303-6,303,6,서정역꿈의도시두드림주상복합,19.01,202110,8,"7,000",8,2018,서정역로58번길 14,,-,-
경기도 평택시 서정동,304-1,304,1,서정트인자리애2차,24.8,202110,19,"8,500",16,2017,서정역로58번길 25,,-,-
경기도 평택시 서정동,794,794,0,세경1,54.63,202110,20,"20,000",1,1987,특구로27번길 16,,-,-
경기도 평택시 서정동,794,794,0,세경2,54.63,202110,1,"16,000",1,1988,특구로27번길 16,,-,-
경기도 평택시 서정동,794,794,0,세경2,54.63,202110,5,"17,800",5,1988,특구로27번길 16,,-,-
경기도 평택시 서정동,794,794,0,세경2,54.63,202110,5,"15,000",1,1988,특구로27번길 16,,-,-
경기도 평택시 서정동,319-3,319,3,신한헤센스마트서정아트타워,22.654,202110,11,"8,500",15,2018,정암로 10,,-,-
경기도 평택시 서정동,538-1,538,1,영광,39.45,202110,9,"10,800",2,1997,서정로 165,,-,-
경기도 평택시 서정동,909-1,909,1,주공3,39.6,202110,11,"24,000",2,1988,서정남로 183,,-,-
경기도 평택시 서정동,909-1,909,1,주공3,32.4,202110,15,"17,500",5,1988,서정남로 183,,-,-
경기도 평택시 서정동,1116,1116,0,평택the#,117.26,202110,6,"41,000",2,2009,서정북로 99,,-,-
경기도 평택시 서정동,1121,1121,0,평택서정동롯데캐슬,118.31,202110,9,"55,000",9,2010,송탄로 170,,-,-
경기도 평택시 서정동,1121,1121,0,평택서정동롯데캐슬,118.31,202110,21,"55,000",9,2010,송탄로 170,,-,-
경기도 평택시 서정동,1121,1121,0,평택서정동롯데캐슬,118.31,202110,25,"55,500",17,2010,송탄로 170,,-,-
경기도 평택시 서정동,1121,1121,0,평택서정동롯데캐슬,118.31,202110,30,"54,000",10,2010,송탄로 170,,-,-
경기도 평택시 세교동,559,559,0,개나리,59.95,202110,1,"22,000",1,1995,세교2로 38,,-,-
경기도 평택시 세교동,559,559,0,개나리,59.95,202110,9,"24,500",14,1995,세교2로 38,,-,-
경기도 평택시 세교동,555,555,0,부영1,59.94,202110,1,"20,500",1,1996,세교공원로 66,,-,-
경기도 평택시 세교동,555,555,0,부영1,59.94,202110,2,"22,000",13,1996,세교공원로 66,,-,-
경기도 평택시 세교동,555,555,0,부영1,59.94,202110,3,"22,000",2,1996,세교공원로 66,,-,-
경기도 평택시 세교동,555,555,0,부영1,59.94,202110,6,"23,900",12,1996,세교공원로 66,,-,-
경기도 평택시 세교동,555,555,0,부영1,59.94,202110,8,"19,500",1,1996,세교공원로 66,,-,-
경기도 평택시 세교동,555,555,0,부영1,59.94,202110,17,"24,500",6,1996,세교공원로 66,,-,-
경기도 평택시 세교동,557,557,0,부영2,84.9842,202110,4,"34,500",14,2000,세교공원로 33,,-,-
경기도 평택시 세교동,557,557,0,부영2,84.9842,202110,13,"36,000",10,2000,세교공원로 33,,-,-
경기도 평택시 세교동,557,557,0,부영2,84.9842,202110,14,"33,500",14,2000,세교공원로 33,,-,-
경기도 평택시 세교동,557,557,0,부영2,84.9842,202110,25,"34,700",5,2000,세교공원로 33,,-,-
경기도 평택시 세교동,558,558,0,우성꿈그린,63.43,202110,12,"23,000",12,1995,세교3로 5,,-,-
경기도 평택시 세교동,558,558,0,우성꿈그린,63.43,202110,21,"24,000",8,1995,세교3로 5,,-,-
경기도 평택시 세교동,558,558,0,우성꿈그린,63.43,202110,22,"23,300",8,1995,세교3로 5,,-,-
경기도 평택시 세교동,558,558,0,우성꿈그린,63.43,202110,25,"23,000",1,1995,세교3로 5,,-,-
경기도 평택시 세교동,556-2,556,2,청실보성,84.753,202110,1,"29,600",13,2000,세교2로 45,,-,-
경기도 평택시 세교동,556-2,556,2,청실보성,84.753,202110,4,"29,990",11,2000,세교2로 45,,-,-
경기도 평택시 세교동,556-2,556,2,청실보성,84.753,202110,5,"27,000",2,2000,세교2로 45,,-,-
경기도 평택시 세교동,556-2,556,2,청실보성,84.753,202110,23,"36,000",9,2000,세교2로 45,,-,-
경기도 평택시 세교동,554,554,0,태영청솔,59.915,202110,2,"24,200",15,1996,세교공원로 65,,-,-
경기도 평택시 세교동,554,554,0,태영청솔,59.915,202110,2,"25,500",14,1996,세교공원로 65,,-,-
경기도 평택시 세교동,554,554,0,태영청솔,59.915,202110,9,"20,500",1,1996,세교공원로 65,,-,-
경기도 평택시 세교동,554,554,0,태영청솔,59.915,202110,10,"23,000",7,1996,세교공원로 65,,-,-
경기도 평택시 세교동,554,554,0,태영청솔,59.915,202110,11,"23,000",1,1996,세교공원로 65,,-,-
경기도 평택시 세교동,554,554,0,태영청솔,59.915,202110,12,"26,000",13,1996,세교공원로 65,,-,-
경기도 평택시 세교동,554,554,0,태영청솔,59.915,202110,12,"24,500",14,1996,세교공원로 65,,-,-
경기도 평택시 세교동,554,554,0,태영청솔,59.915,202110,22,"25,500",12,1996,세교공원로 65,,-,-
경기도 평택시 세교동,560,560,0,현대향촌,84.95,202110,2,"31,800",13,1998,세교3로 8,,-,-
경기도 평택시 세교동,560,560,0,현대향촌,77.72,202110,13,"28,300",4,1998,세교3로 8,,-,-
경기도 평택시 세교동,303-3,303,3,힐스테이트 평택 1차,84.62,202110,18,"60,000",5,2018,세교6로 46,,-,-
경기도 평택시 세교동,597,597,0,힐스테이트 평택2차,73.55,202110,30,"56,900",20,2018,세교6로 45,,-,-
경기도 평택시 세교동,597,597,0,힐스테이트 평택2차,84.87,202110,30,"63,300",11,2018,세교6로 45,,-,-
경기도 평택시 세교동,BL-3-1,3,1,힐스테이트평택3차(3-1블록),84.87,202110,2,"60,500",11,2019,세교6로 19,,-,-
경기도 평택시 세교동,BL-3-1,3,1,힐스테이트평택3차(3-1블록),84.87,202110,2,"60,000",2,2019,세교6로 19,,-,-
경기도 평택시 소사동,524,524,0,평택소사에스케이뷰,84.909,202110,10,"35,600",16,2007,소사2길 9,,-,-
경기도 평택시 소사동,524,524,0,평택소사에스케이뷰,84.909,202110,22,"24,500",3,2007,소사2길 9,,-,-
경기도 평택시 소사동,가-,0,0,평택효성해링턴플레이스2단지,59.979,202110,1,"38,700",25,2019,소사3로 22,,-,-
경기도 평택시 소사동,가-,0,0,평택효성해링턴플레이스2단지,72.65,202110,1,"45,000",6,2019,소사3로 22,,-,-
경기도 평택시 소사동,가-,0,0,평택효성해링턴플레이스2단지,59.876,202110,2,"40,000",17,2019,소사3로 22,,-,-
경기도 평택시 소사동,가-,0,0,평택효성해링턴플레이스2단지,59.875,202110,2,"39,000",24,2019,소사3로 22,,-,-
경기도 평택시 소사동,가-,0,0,평택효성해링턴플레이스2단지,84.772,202110,4,"53,300",10,2019,소사3로 22,,-,-
경기도 평택시 소사동,가-,0,0,평택효성해링턴플레이스2단지,72.768,202110,4,"44,000",4,2019,소사3로 22,,-,-
경기도 평택시 소사동,가-,0,0,평택효성해링턴플레이스2단지,72.656,202110,5,"46,800",26,2019,소사3로 22,,-,-
경기도 평택시 소사동,가-,0,0,평택효성해링턴플레이스2단지,103.981,202110,7,"65,000",4,2019,소사3로 22,,-,-
경기도 평택시 소사동,가-,0,0,평택효성해링턴플레이스2단지,59.875,202110,16,"39,700",9,2019,소사3로 22,,-,-
경기도 평택시 신장동,238-20,238,20,대준블루온3,29.848,202110,1,"22,000",6,2017,탄현로 267-4,,-,-
경기도 평택시 신장동,247-5,247,5,동영센트럴타워,44.738,202110,19,"11,400",5,2012,탄현로 251-8,,-,-
경기도 평택시 신장동,190-4,190,4,문영프라임,57.97,202110,15,"13,700",5,2015,탄현로351번길 11,,-,-
경기도 평택시 신장동,208-21,208,21,미래타운아파트,80.29,202110,8,"19,000",3,2015,탄현로 333-35,,-,-
경기도 평택시 신장동,694,694,0,송탄역서희스타힐스,84.6217,202110,9,"33,000",12,2019,목천로 65-15,,-,-
경기도 평택시 신장동,243-3,243,3,평택송탄역클래시아,19.91,202110,14,"9,700",10,2017,탄현로 261,,-,-
경기도 평택시 신장동,267-249,267,249,한도,68.84,202110,2,"10,700",2,1979,서밀월로 8,,-,-
경기도 평택시 신장동,267-249,267,249,한도,68.84,202110,16,"11,500",3,1979,서밀월로 8,,-,-
경기도 평택시 신장동,274-198,274,198,힐탑포레스트,16.1175,202110,7,"8,000",12,2015,밀월로43번길 7,,-,-
경기도 평택시 안중읍 금곡리,337-3,337,3,우림,49.973,202110,2,"13,400",8,1999,서동대로 1832-23,,-,-
경기도 평택시 안중읍 금곡리,337-3,337,3,우림,39.84,202110,4,"11,000",3,1999,서동대로 1832-23,,-,-
경기도 평택시 안중읍 금곡리,337-3,337,3,우림,49.973,202110,7,"12,000",9,1999,서동대로 1832-23,,-,-
경기도 평택시 안중읍 금곡리,337-3,337,3,우림,49.973,202110,14,"13,500",8,1999,서동대로 1832-23,,-,-
경기도 평택시 안중읍 금곡리,337-3,337,3,우림,49.973,202110,23,"13,000",5,1999,서동대로 1832-23,,-,-
경기도 평택시 안중읍 송담리,851,851,0,힐스테이트송담,59.87,202110,8,"43,500",7,2016,송담1로 65,,-,-
경기도 평택시 안중읍 송담리,851,851,0,힐스테이트송담,59.87,202110,13,"44,000",9,2016,송담1로 65,,-,-
경기도 평택시 안중읍 학현리,504-24,504,24,광성,51.75,202110,23,"5,500",1,1989,안중초롱길 9,,-,-
경기도 평택시 안중읍 현화리,820-1,820,1,건영캐스빌,84.95,202110,1,"26,500",3,2005,안현로서9길 164-9,,-,-
경기도 평택시 안중읍 현화리,820-1,820,1,건영캐스빌,84.95,202110,10,"27,500",2,2005,안현로서9길 164-9,,-,-
경기도 평택시 안중읍 현화리,820-1,820,1,건영캐스빌,84.95,202110,16,"32,800",14,2005,안현로서9길 164-9,,-,-
경기도 평택시 안중읍 현화리,820-1,820,1,건영캐스빌,84.95,202110,19,"32,700",19,2005,안현로서9길 164-9,,-,-
경기도 평택시 안중읍 현화리,828-1,828,1,늘푸른사랑마을,59.87,202110,1,"17,000",2,1999,안현로서7길 79,,-,-
경기도 평택시 안중읍 현화리,828-1,828,1,늘푸른사랑마을,59.87,202110,4,"21,400",1,1999,안현로서7길 79,,-,-
경기도 평택시 안중읍 현화리,828-1,828,1,늘푸른사랑마을,59.755,202110,7,"19,500",9,1999,안현로서7길 79,,-,-
경기도 평택시 안중읍 현화리,828-1,828,1,늘푸른사랑마을,59.87,202110,9,"23,500",10,1999,안현로서7길 79,,-,-
경기도 평택시 안중읍 현화리,828-1,828,1,늘푸른사랑마을,59.87,202110,15,"20,300",1,1999,안현로서7길 79,,-,-
경기도 평택시 안중읍 현화리,828-1,828,1,늘푸른사랑마을,59.755,202110,24,"21,000",15,1999,안현로서7길 79,,-,-
경기도 평택시 안중읍 현화리,840-1,840,1,동신사랑마을,84.963,202110,2,"32,500",10,2003,안현로서7길 9,,-,-
경기도 평택시 안중읍 현화리,305-2,305,2,동환,84.06,202110,1,"15,000",7,1992,현화중앙길 96,,-,-
경기도 평택시 안중읍 현화리,841,841,0,서광미소마을,84.567,202110,8,"28,800",1,2005,안현로서7길 45,,-,-
경기도 평택시 안중읍 현화리,825-1,825,1,성원,59.5159,202110,4,"14,950",4,2002,현화중앙길 53,,-,-
경기도 평택시 안중읍 현화리,825-1,825,1,성원,59.5159,202110,8,"23,000",13,2002,현화중앙길 53,,-,-
경기도 평택시 안중읍 현화리,825-1,825,1,성원,59.5159,202110,11,"20,800",5,2002,현화중앙길 53,,-,-
경기도 평택시 안중읍 현화리,825-1,825,1,성원,59.5159,202110,22,"23,500",16,2002,현화중앙길 53,,-,-
경기도 평택시 안중읍 현화리,825-1,825,1,성원,59.5159,202110,23,"24,000",12,2002,현화중앙길 53,,-,-
경기도 평택시 안중읍 현화리,288-1,288,1,한양빌리지,57.91,202110,12,"7,750",2,1991,안중믿음길 9,20211103,-,-
경기도 평택시 안중읍 현화리,824-1,824,1,현대(824-5),84.726,202110,13,"29,900",8,2002,안현로서6길 111,,-,-
경기도 평택시 안중읍 현화리,822-1,822,1,화현마을우림필유,84.942,202110,15,"39,360",15,2005,안현로서9길 164-20,,-,-
경기도 평택시 오성면 숙성리,977-1,977,1,그린빌,83.494,202110,7,"14,100",3,2003,숙성1길 14,,-,-
경기도 평택시 용이동,737,737,0,e편한세상평택용이1단지,84.67,202110,3,"48,500",8,2017,신흥1로 67,,-,-
경기도 평택시 용이동,738,738,0,e편한세상평택용이2단지,72.91,202110,6,"44,000",8,2017,신흥1로 43,,-,-
경기도 평택시 용이동,738,738,0,e편한세상평택용이2단지,84.91,202110,10,"49,000",18,2017,신흥1로 43,,-,-
경기도 평택시 용이동,492-1,492,1,용이반도유보라,113.0516,202110,12,"43,500",4,2010,현신7길 43,,-,-
경기도 평택시 용이동,492-1,492,1,용이반도유보라,124.5923,202110,14,"45,000",7,2010,현신7길 43,,-,-
경기도 평택시 용이동,492-1,492,1,용이반도유보라,113.0516,202110,24,"46,000",1,2010,현신7길 43,,-,-
경기도 평택시 용이동,642,642,0,평택비전레이크푸르지오,65.3083,202110,8,"49,800",12,2019,용죽1로 13,,-,-
경기도 평택시 용이동,642,642,0,평택비전레이크푸르지오,84.3221,202110,12,"65,000",10,2019,용죽1로 13,,-,-
경기도 평택시 용이동,642,642,0,평택비전레이크푸르지오,78.9995,202110,19,"59,500",14,2019,용죽1로 13,,-,-
경기도 평택시 용이동,650,650,0,평택비전센트럴푸르지오,84.7024,202110,2,"63,000",11,2018,용죽2로 24,,-,-
경기도 평택시 용이동,650,650,0,평택비전센트럴푸르지오,91.4524,202110,24,"60,000",1,2018,용죽2로 24,,-,-
경기도 평택시 용이동,652,652,0,평택비전에듀포레푸르지오,97.9538,202110,3,"78,000",25,2018,용죽2로 30,,-,-
경기도 평택시 용이동,652,652,0,평택비전에듀포레푸르지오,73.4816,202110,5,"51,800",19,2018,용죽2로 30,,-,-
경기도 평택시 용이동,652,652,0,평택비전에듀포레푸르지오,73.4816,202110,6,"53,000",27,2018,용죽2로 30,,-,-
경기도 평택시 용이동,648,648,0,평택비전푸르지오,84.975,202110,8,"51,000",1,2016,용죽1로 14,,-,-
경기도 평택시 용이동,648,648,0,평택비전푸르지오,84.975,202110,9,"54,000",3,2016,용죽1로 14,,-,-
경기도 평택시 용이동,648,648,0,평택비전푸르지오,84.975,202110,13,"47,500",15,2016,용죽1로 14,,-,-
경기도 평택시 용이동,648,648,0,평택비전푸르지오,84.975,202110,16,"52,900",8,2016,용죽1로 14,,-,-
경기도 평택시 용이동,648,648,0,평택비전푸르지오,84.975,202110,30,"54,500",6,2016,용죽1로 14,,-,-
경기도 평택시 용이동,470-1,470,1,평택용이2차푸르지오,134.6827,202110,10,"50,000",15,2010,현신3길 76,,-,-
경기도 평택시 용이동,581,581,0,평택용이금호어울림1단지,67.5496,202110,5,"37,300",7,2015,현촌3길 21,,-,-
경기도 평택시 용이동,581,581,0,평택용이금호어울림1단지,84.9967,202110,6,"44,500",11,2015,현촌3길 21,,-,-
경기도 평택시 용이동,581,581,0,평택용이금호어울림1단지,84.9967,202110,7,"39,200",3,2015,현촌3길 21,,-,-
경기도 평택시 용이동,581,581,0,평택용이금호어울림1단지,84.9977,202110,19,"47,500",16,2015,현촌3길 21,,-,-
경기도 평택시 용이동,581,581,0,평택용이금호어울림1단지,84.9936,202110,21,"45,200",8,2015,현촌3길 21,,-,-
경기도 평택시 용이동,581,581,0,평택용이금호어울림1단지,84.9936,202110,24,"46,000",17,2015,현촌3길 21,,-,-
경기도 평택시 용이동,601,601,0,평택용이금호어울림2단지,84.9967,202110,1,"46,000",14,2015,현촌1로 8,,-,-
경기도 평택시 용이동,601,601,0,평택용이금호어울림2단지,84.9986,202110,23,"47,800",15,2015,현촌1로 8,,-,-
경기도 평택시 용이동,471-1,471,1,푸르지오1차,84.9863,202110,5,"39,800",16,2009,현신3길 75,,-,-
경기도 평택시 용이동,471-1,471,1,푸르지오1차,124.3273,202110,8,"48,500",7,2009,현신3길 75,,-,-
경기도 평택시 용이동,471-1,471,1,푸르지오1차,154.4633,202110,13,"62,300",14,2009,현신3길 75,,-,-
경기도 평택시 용이동,471-1,471,1,푸르지오1차,84.9863,202110,27,"40,000",11,2009,현신3길 75,,-,-
경기도 평택시 용이동,471-1,471,1,푸르지오1차,84.9863,202110,31,"40,000",14,2009,현신3길 75,,-,-
경기도 평택시 이충동,591-2,591,2,건영아파트,99.96,202110,10,"30,000",9,1997,이충로 72,,-,-
경기도 평택시 이충동,591-2,591,2,건영아파트,84.93,202110,11,"24,000",1,1997,이충로 72,,-,-
경기도 평택시 이충동,591-2,591,2,건영아파트,84.93,202110,13,"29,000",2,1997,이충로 72,,-,-
경기도 평택시 이충동,589-3,589,3,대진,59.99,202110,2,"18,800",3,1997,이충로 107,,-,-
경기도 평택시 이충동,592,592,0,미주3(이충),84.97,202110,9,"25,000",10,1996,이충로 60,,-,-
경기도 평택시 이충동,592,592,0,미주3(이충),71.53,202110,9,"23,000",5,1996,이충로 60,,-,-
경기도 평택시 이충동,592,592,0,미주3(이충),71.53,202110,24,"23,000",7,1996,이충로 60,,-,-
경기도 평택시 이충동,589-5,589,5,부영1,49.98,202110,2,"17,000",10,1996,이충로 93-4,,-,-
경기도 평택시 이충동,589-5,589,5,부영1,49.98,202110,4,"16,900",2,1996,이충로 93-4,,-,-
경기도 평택시 이충동,589-5,589,5,부영1,49.98,202110,4,"16,500",3,1996,이충로 93-4,,-,-
경기도 평택시 이충동,589-5,589,5,부영1,49.98,202110,6,"15,000",2,1996,이충로 93-4,,-,-
경기도 평택시 이충동,589-5,589,5,부영1,59.94,202110,7,"22,800",10,1996,이충로 93-4,,-,-
경기도 평택시 이충동,589-5,589,5,부영1,49.98,202110,11,"19,000",8,1996,이충로 93-4,,-,-
경기도 평택시 이충동,589-5,589,5,부영1,59.94,202110,13,"21,400",6,1996,이충로 93-4,,-,-
경기도 평택시 이충동,593,593,0,부영2,59.94,202110,2,"22,000",5,1996,이충로 93-15,,-,-
경기도 평택시 이충동,593,593,0,부영2,49.98,202110,4,"16,000",7,1996,이충로 93-15,,-,-
경기도 평택시 이충동,593,593,0,부영2,59.94,202110,5,"19,000",1,1996,이충로 93-15,,-,-
경기도 평택시 이충동,593,593,0,부영2,59.94,202110,6,"20,000",10,1996,이충로 93-15,,-,-
경기도 평택시 이충동,593,593,0,부영2,59.94,202110,7,"20,000",10,1996,이충로 93-15,,-,-
경기도 평택시 이충동,593,593,0,부영2,59.94,202110,9,"20,000",10,1996,이충로 93-15,,-,-
경기도 평택시 이충동,593,593,0,부영2,59.94,202110,19,"18,500",8,1996,이충로 93-15,,-,-
경기도 평택시 이충동,594-2,594,2,부영3차,59.94,202110,4,"22,000",11,1996,이충로 93-20,,-,-
경기도 평택시 이충동,594-2,594,2,부영3차,59.94,202110,4,"19,900",2,1996,이충로 93-20,,-,-
경기도 평택시 이충동,594-2,594,2,부영3차,59.94,202110,4,"21,000",10,1996,이충로 93-20,,-,-
경기도 평택시 이충동,594-2,594,2,부영3차,59.94,202110,5,"22,000",5,1996,이충로 93-20,,-,-
경기도 평택시 이충동,594-2,594,2,부영3차,59.94,202110,15,"20,000",2,1996,이충로 93-20,,-,-
경기도 평택시 이충동,594-2,594,2,부영3차,59.94,202110,28,"24,000",10,1996,이충로 93-20,,-,-
경기도 평택시 이충동,463,463,0,서정라페온빌3차,20.6,202110,15,"9,700",16,2018,정암로 21,,-,-
경기도 평택시 이충동,456-1,456,1,서정스마트빌듀오1차,24.31,202110,13,"9,500",14,2016,정암로 42,,-,-
경기도 평택시 이충동,456-1,456,1,서정스마트빌듀오1차,24.31,202110,19,"6,300",5,2016,정암로 42,,-,-
경기도 평택시 이충동,452-2,452,2,서정스마트빌듀오2차,20.246,202110,14,"6,000",20,2016,정암로 45,,-,-
경기도 평택시 이충동,445-3,445,3,서정아트타워2차트인,20.708,202110,14,"6,700",16,2018,정암로 55,,-,-
경기도 평택시 이충동,607,607,0,우미이노스빌5차,84.6021,202110,4,"37,000",5,2006,경기대로 1200,,-,-
경기도 평택시 이충동,674,674,0,정암마을뜨란채,75.63,202110,5,"31,900",8,2006,이충로35번길 19,,-,-
경기도 평택시 이충동,674,674,0,정암마을뜨란채,75.54,202110,11,"32,500",3,2006,이충로35번길 19,,-,-
경기도 평택시 이충동,674,674,0,정암마을뜨란채,75.63,202110,19,"30,000",11,2006,이충로35번길 19,,-,-
경기도 평택시 이충동,478,478,0,주공4,46.65,202110,1,"33,000",4,1990,정암로60번길 77,,-,-
경기도 평택시 이충동,478,478,0,주공4,39.66,202110,11,"26,000",2,1990,정암로60번길 77,,-,-
경기도 평택시 이충동,381,381,0,현대(이충),84.514,202110,7,"32,500",8,1992,송탄로 90,,-,-
경기도 평택시 이충동,693,693,0,휴먼시아추담마을,84.91,202110,1,"35,800",9,2007,이충로 16,,-,-
경기도 평택시 장당동,632,632,0,우미이노스빌2차,84.9131,202110,13,"39,800",11,2005,경기대로 1188,,-,-
경기도 평택시 장당동,628,628,0,우미이노스빌3차,81.4947,202110,19,"34,200",4,2006,경기대로 1177,,-,-
경기도 평택시 장당동,660,660,0,제일풍경채장당센트럴,66.9,202110,9,"45,500",15,2018,송탄로 27,,-,-
경기도 평택시 장당동,629,629,0,한국아델리움,84.9394,202110,30,"42,700",12,2005,송탄로40번길 46,,-,-
경기도 평택시 장당동,473-1,473,1,효명,84.54,202110,5,"19,700",3,1991,탄현로1번길 77,,-,-
경기도 평택시 장당동,473-1,473,1,효명,84.54,202110,7,"20,700",6,1991,탄현로1번길 77,,-,-
경기도 평택시 장당동,473-1,473,1,효명,84.54,202110,24,"22,500",13,1991,탄현로1번길 77,,-,-
경기도 평택시 장안동,619,619,0,평택장안마을코오롱하늘채,84.8797,202110,1,"42,000",16,2013,추담로 58-78,,-,-
경기도 평택시 장안동,619,619,0,평택장안마을코오롱하늘채,67.6623,202110,2,"39,800",5,2013,추담로 58-78,,-,-
경기도 평택시 장안동,619,619,0,평택장안마을코오롱하늘채,67.6623,202110,8,"37,500",12,2013,추담로 58-78,,-,-
경기도 평택시 장안동,619,619,0,평택장안마을코오롱하늘채,84.8797,202110,23,"47,000",8,2013,추담로 58-78,,-,-
경기도 평택시 죽백동,817,817,0,소사벌더샵마스터뷰,99.3385,202110,10,"74,500",11,2018,죽백4로 16,,-,-
경기도 평택시 죽백동,817,817,0,소사벌더샵마스터뷰,89.8327,202110,20,"62,500",8,2018,죽백4로 16,,-,-
경기도 평택시 죽백동,816,816,0,우미린레이크파크,84.9866,202110,26,"60,000",12,2017,죽백4로 40,,-,-
경기도 평택시 죽백동,722,722,0,평택소사벌반도유보라아이비파크,84.8976,202110,2,"54,000",18,2016,비전2로 297,,-,-
경기도 평택시 죽백동,722,722,0,평택소사벌반도유보라아이비파크,84.6605,202110,4,"50,000",20,2016,비전2로 297,,-,-
경기도 평택시 죽백동,721,721,0,평택소사벌중흥에스-클래스에코시티,84.9939,202110,9,"57,000",4,2017,비전3로 115,,-,-
경기도 평택시 죽백동,721,721,0,평택소사벌중흥에스-클래스에코시티,84.9939,202110,20,"54,200",14,2017,비전3로 115,,-,-
경기도 평택시 죽백동,737,737,0,평택소사벌호반베르디움,84.2013,202110,17,"54,500",22,2018,비전3로 116,,-,-
경기도 평택시 죽백동,737,737,0,평택소사벌호반베르디움,84.2227,202110,17,"63,000",18,2018,비전3로 116,,-,-
경기도 평택시 죽백동,737,737,0,평택소사벌호반베르디움,84.255,202110,23,"57,500",4,2018,비전3로 116,,-,-
경기도 평택시 지산동,750-1,750,1,THEH,49.82,202110,4,"14,500",6,2017,지산1로70번길 11,,-,-
경기도 평택시 지산동,1094,1094,0,건영(지산),53.58,202110,11,"14,800",3,1993,지산2로 50,,-,-
경기도 평택시 지산동,1094,1094,0,건영(지산),53.58,202110,12,"14,100",4,1993,지산2로 50,,-,-
경기도 평택시 지산동,1094,1094,0,건영(지산),53.58,202110,18,"14,900",3,1993,지산2로 50,,-,-
경기도 평택시 지산동,1091,1091,0,미주(지산1091),84.95,202110,13,"24,300",8,1992,지산2로 45,,-,-
경기도 평택시 지산동,1134,1134,0,미주2(지산1134),59.85,202110,2,"19,800",10,1994,송탄공원로 145,,-,-
경기도 평택시 지산동,1134,1134,0,미주2(지산1134),59.85,202110,13,"18,850",4,1994,송탄공원로 145,,-,-
경기도 평택시 지산동,1134,1134,0,미주2(지산1134),59.85,202110,16,"16,000",8,1994,송탄공원로 145,,-,-
경기도 평택시 지산동,1134,1134,0,미주2(지산1134),59.85,202110,19,"18,900",9,1994,송탄공원로 145,,-,-
경기도 평택시 지산동,830-58,830,58,미켈란빌,49.46,202110,31,"19,700",9,2016,송탄로361번길 32,,-,-
경기도 평택시 지산동,1029,1029,0,삼익아파트,47.36,202110,4,"12,000",5,1992,지산2로 108,,-,-
경기도 평택시 지산동,1029,1029,0,삼익아파트,66.57,202110,9,"17,500",4,1992,지산천로 51,,-,-
경기도 평택시 지산동,1135,1135,0,아주,59.95,202110,1,"18,000",1,1994,송탄공원로 146,,-,-
경기도 평택시 지산동,1135,1135,0,아주,59.95,202110,19,"19,000",7,1994,송탄공원로 146,,-,-
경기도 평택시 지산동,1135,1135,0,아주,59.95,202110,19,"21,500",5,1994,송탄공원로 146,,-,-
경기도 평택시 지산동,1135,1135,0,아주,59.95,202110,23,"19,000",8,1994,송탄공원로 146,,-,-
경기도 평택시 지산동,859-10,859,10,어반스페이스,20.24,202110,27,"12,000",5,2017,송탄로 347,,-,-
경기도 평택시 지산동,1095,1095,0,우성,84.765,202110,7,"26,700",4,1992,지산2로 30,,-,-
경기도 평택시 지산동,1028-1,1028,1,장미,49.95,202110,2,"12,500",3,1994,지산로37번길 10,,-,-
경기도 평택시 지산동,1028-1,1028,1,장미,49.95,202110,25,"10,200",2,1994,지산로37번길 10,,-,-
경기도 평택시 지산동,1028,1028,0,제일,49.94,202110,3,"13,500",12,1991,지산2로 95,,-,-
경기도 평택시 지산동,1028,1028,0,제일,59.37,202110,5,"15,200",10,1991,지산2로 95,,-,-
경기도 평택시 지산동,1028,1028,0,제일,59.37,202110,6,"14,300",1,1991,지산2로 95,,-,-
경기도 평택시 지산동,1028,1028,0,제일,59.37,202110,17,"15,300",10,1991,지산2로 95,,-,-
경기도 평택시 지산동,1250,1250,0,지산코아루,160.9074,202110,2,"48,000",11,2011,지산로 137,,-,-
경기도 평택시 지산동,1250,1250,0,지산코아루,101.2238,202110,8,"39,000",4,2011,지산로 137,,-,-
경기도 평택시 지산동,1217,1217,0,케이씨씨스위첸,114.7974,202110,1,"37,500",13,2006,지산로 128,,-,-
경기도 평택시 지산동,1217,1217,0,케이씨씨스위첸,84.3596,202110,2,"33,000",8,2006,지산로 128,,-,-
경기도 평택시 지산동,1217,1217,0,케이씨씨스위첸,84.3596,202110,5,"23,000",1,2006,지산로 128,,-,-
경기도 평택시 지산동,1217,1217,0,케이씨씨스위첸,84.3596,202110,7,"31,000",1,2006,지산로 128,,-,-
경기도 평택시 지산동,1217,1217,0,케이씨씨스위첸,84.3596,202110,9,"34,000",9,2006,지산로 128,,-,-
경기도 평택시 지산동,1093,1093,0,한양청솔,59.65,202110,13,"16,300",4,1996,지산2로 27,,-,-
경기도 평택시 지산동,1093,1093,0,한양청솔,59.65,202110,13,"15,800",7,1996,지산2로 27,,-,-
경기도 평택시 지산동,1093,1093,0,한양청솔,59.65,202110,20,"16,000",5,1996,지산2로 27,,-,-
경기도 평택시 진위면 가곡리,406-1,406,1,서원양지마을,57.06,202110,1,"7,800",2,1993,가곡5길 120-18,,-,-
경기도 평택시 진위면 가곡리,406-1,406,1,서원양지마을,52.47,202110,2,"7,000",5,1993,가곡5길 120-18,,-,-
경기도 평택시 진위면 가곡리,406-1,406,1,서원양지마을,57.06,202110,5,"8,500",2,1993,가곡5길 120-18,,-,-
경기도 평택시 진위면 가곡리,380,380,0,화영그린,54.27,202110,13,"6,700",6,1995,가곡5길 120-11,,-,-
경기도 평택시 진위면 가곡리,380,380,0,화영그린,59.88,202110,15,"8,900",3,1995,가곡5길 120-11,,-,-
경기도 평택시 진위면 가곡리,380,380,0,화영그린,59.88,202110,20,"8,400",5,1995,가곡5길 120-11,,-,-
경기도 평택시 진위면 갈곶리,239-2,239,2,한일,59.94,202110,16,"16,000",7,1996,엘지로 55,,-,-
경기도 평택시 진위면 갈곶리,239-2,239,2,한일,59.94,202110,16,"14,300",3,1996,엘지로 55,,-,-
경기도 평택시 진위면 견산리,06월 27일,27,6,경원,50.85,202110,5,"7,000",3,1987,견산2길 28,,-,-
경기도 평택시 진위면 견산리,06월 27일,27,6,경원,50.85,202110,9,"6,500",4,1987,견산2길 28,,-,-
경기도 평택시 진위면 견산리,06월 27일,27,6,경원,44.1,202110,19,"6,700",4,1987,견산2길 28,,-,-
경기도 평택시 진위면 견산리,06월 27일,27,6,경원,50.85,202110,21,"6,300",1,1987,견산2길 28,,-,-
경기도 평택시 진위면 견산리,06월 27일,27,6,경원,44.1,202110,25,"6,300",2,1987,견산2길 28,,-,-
경기도 평택시 진위면 견산리,366-1,366,1,서원아파트,43.74,202110,8,"5,800",4,1991,견산1길 3-4,,-,-
경기도 평택시 진위면 견산리,374,374,0,청도,55.98,202110,29,"8,500",1,1992,견산1길 3-5,,-,-
경기도 평택시 진위면 견산리,27-15,27,15,한승아파트,45.55,202110,1,"9,000",8,2000,동부대로 41,,-,-
경기도 평택시 진위면 견산리,27-15,27,15,한승아파트,45.55,202110,3,"10,400",6,2000,동부대로 41,,-,-
경기도 평택시 진위면 견산리,27-15,27,15,한승아파트,44.46,202110,9,"9,000",2,2000,동부대로 41,,-,-
경기도 평택시 진위면 견산리,27-15,27,15,한승아파트,44.46,202110,11,"10,000",15,2000,동부대로 41,,-,-
경기도 평택시 진위면 견산리,27-15,27,15,한승아파트,44.46,202110,13,"9,500",4,2000,동부대로 41,,-,-
경기도 평택시 진위면 견산리,27-15,27,15,한승아파트,34.4,202110,16,"7,200",15,2000,동부대로 41,,-,-
경기도 평택시 진위면 견산리,27-15,27,15,한승아파트,45.55,202110,22,"10,000",5,2000,동부대로 41,,-,-
경기도 평택시 진위면 견산리,27-15,27,15,한승아파트,34.4,202110,27,"7,300",10,2000,동부대로 41,,-,-
경기도 평택시 진위면 견산리,27-15,27,15,한승아파트,44.46,202110,28,"10,500",7,2000,동부대로 41,,-,-
경기도 평택시 진위면 봉남리,318-2,318,2,유명,81.62,202110,11,"13,000",3,2002,봉남3길 24,,-,-
경기도 평택시 청북읍 옥길리,1110,1110,0,부영사랑으로1단지,59.9605,202110,2,"19,600",5,2011,12,,-,-
경기도 평택시 청북읍 옥길리,1110,1110,0,부영사랑으로1단지,59.9605,202110,7,"18,900",5,2011,12,,-,-
경기도 평택시 청북읍 옥길리,1110,1110,0,부영사랑으로1단지,59.9605,202110,11,"22,200",7,2011,12,,-,-
경기도 평택시 청북읍 옥길리,1110,1110,0,부영사랑으로1단지,59.9605,202110,12,"17,800",1,2011,12,,-,-
경기도 평택시 청북읍 옥길리,1110,1110,0,부영사랑으로1단지,59.9605,202110,14,"18,700",1,2011,12,,-,-
경기도 평택시 청북읍 옥길리,1110,1110,0,부영사랑으로1단지,59.9605,202110,15,"19,000",13,2011,12,,-,-
경기도 평택시 청북읍 옥길리,1110,1110,0,부영사랑으로1단지,59.9605,202110,16,"19,500",10,2011,12,,-,-
경기도 평택시 청북읍 옥길리,1110,1110,0,부영사랑으로1단지,59.9605,202110,27,"16,800",5,2011,12,,-,-
경기도 평택시 청북읍 옥길리,1104,1104,0,부영사랑으로2단지,59.9605,202110,7,"19,500",2,2011,277,,-,-
경기도 평택시 청북읍 옥길리,1104,1104,0,부영사랑으로2단지,59.9605,202110,8,"18,000",1,2011,277,,-,-
경기도 평택시 청북읍 옥길리,1104,1104,0,부영사랑으로2단지,59.9605,202110,9,"20,700",3,2011,277,,-,-
경기도 평택시 청북읍 옥길리,1104,1104,0,부영사랑으로2단지,59.9605,202110,16,"18,400",1,2011,277,,-,-
경기도 평택시 청북읍 옥길리,1104,1104,0,부영사랑으로2단지,59.9605,202110,16,"17,000",1,2011,277,,-,-
경기도 평택시 청북읍 옥길리,1104,1104,0,부영사랑으로2단지,59.9605,202110,19,"20,000",5,2011,277,,-,-
경기도 평택시 청북읍 옥길리,1071,1071,0,브라운스톤청북,77.7895,202110,8,"31,000",14,2017,청북남로 365,,-,-
경기도 평택시 청북읍 옥길리,1094,1094,0,유승한내들,132.6639,202110,7,"44,500",11,2010,75,,-,-
경기도 평택시 청북읍 옥길리,1094,1094,0,유승한내들,109.3464,202110,16,"36,400",6,2010,75,,-,-
경기도 평택시 청북읍 옥길리,1153,1153,0,유승한내들퍼스트뷰,84.8183,202110,2,"31,800",9,2015,53,,-,-
경기도 평택시 청북읍 옥길리,1153,1153,0,유승한내들퍼스트뷰,84.9827,202110,17,"31,000",1,2015,53,,-,-
경기도 평택시 청북읍 옥길리,1144,1144,0,청북풍림아이원,84.8157,202110,9,"33,000",5,2013,33,,-,-
경기도 평택시 청북읍 옥길리,1144,1144,0,청북풍림아이원,84.7876,202110,15,"28,000",1,2013,33,,-,-
경기도 평택시 청북읍 옥길리,1144,1144,0,청북풍림아이원,84.7876,202110,22,"31,500",13,2013,33,,-,-
경기도 평택시 청북읍 옥길리,1091,1091,0,평택청북이안아파트,84.9826,202110,15,"24,000",9,2011,91,,-,-
경기도 평택시 청북읍 옥길리,1091,1091,0,평택청북이안아파트,84.9578,202110,15,"28,500",8,2011,91,,-,-
경기도 평택시 청북읍 옥길리,1091,1091,0,평택청북이안아파트,84.9826,202110,25,"24,700",15,2011,91,,-,-
경기도 평택시 청북읍 옥길리,1137,1137,0,평택청북이지더원,75.8279,202110,1,"25,000",6,2016,안청로4길 42,,-,-
경기도 평택시 청북읍 옥길리,1137,1137,0,평택청북이지더원,75.8279,202110,7,"36,100",12,2016,안청로4길 42,,-,-
경기도 평택시 청북읍 옥길리,1137,1137,0,평택청북이지더원,76.8266,202110,23,"35,500",1,2016,안청로4길 42,,-,-
경기도 평택시 청북읍 옥길리,1137,1137,0,평택청북이지더원,76.8266,202110,26,"31,700",1,2016,안청로4길 42,,-,-
경기도 평택시 청북읍 옥길리,1137,1137,0,평택청북이지더원,75.8279,202110,27,"35,500",10,2016,안청로4길 42,,-,-
경기도 평택시 청북읍 옥길리,1150,1150,0,평택청북한양수자인,84.9898,202110,5,"37,000",3,2016,51,,-,-
경기도 평택시 청북읍 옥길리,1150,1150,0,평택청북한양수자인,84.9653,202110,6,"37,500",14,2016,51,,-,-
경기도 평택시 청북읍 옥길리,1150,1150,0,평택청북한양수자인,84.9898,202110,6,"35,000",5,2016,51,,-,-
경기도 평택시 청북읍 옥길리,1150,1150,0,평택청북한양수자인,84.9898,202110,16,"30,000",2,2016,51,,-,-
경기도 평택시 칠원동,499,499,0,동광,84.929,202110,1,"24,500",3,2003,원칠원길 56,,-,-
경기도 평택시 칠원동,499,499,0,동광,84.929,202110,2,"24,500",5,2003,원칠원길 56,,-,-
경기도 평택시 칠원동,499,499,0,동광,59.854,202110,3,"17,500",2,2003,원칠원길 56,,-,-
경기도 평택시 칠원동,499,499,0,동광,59.854,202110,12,"19,000",6,2003,원칠원길 56,,-,-
경기도 평택시 칠원동,499,499,0,동광,84.929,202110,23,"20,000",1,2003,원칠원길 56,,-,-
경기도 평택시 칠원동,613,613,0,평택지제역동문굿모닝힐맘시티3단지,59.9701,202110,24,"31,000",7,2021,신촌5로 20,,-,-
경기도 평택시 칠원동,613,613,0,평택지제역동문굿모닝힐맘시티3단지,59.9845,202110,26,"36,045",14,2021,신촌5로 20,,-,-
경기도 평택시 칠원동,613,613,0,평택지제역동문굿모닝힐맘시티3단지,59.7056,202110,29,"32,045",5,2021,신촌5로 20,,-,-
경기도 평택시 칠원동,595,595,0,평택지제역동문굿모닝힐맘시티4단지,84.9718,202110,1,"60,000",13,2019,신촌5로 56,,-,-
경기도 평택시 칠원동,595,595,0,평택지제역동문굿모닝힐맘시티4단지,84.9718,202110,9,"58,500",15,2019,신촌5로 56,,-,-
경기도 평택시 칠원동,595,595,0,평택지제역동문굿모닝힐맘시티4단지,59.7109,202110,14,"41,800",1,2019,신촌5로 56,,-,-
경기도 평택시 통복동,539-2,539,2,동아2,84.908,202110,2,"22,800",12,1994,통복시장로48번길 43,,-,-
경기도 평택시 통복동,539-2,539,2,동아2,58.303,202110,3,"16,500",9,1994,통복시장로48번길 43,,-,-
경기도 평택시 통복동,539-2,539,2,동아2,84.908,202110,6,"19,000",6,1994,통복시장로48번길 43,,-,-
경기도 평택시 통복동,539-2,539,2,동아2,84.908,202110,6,"19,000",6,1994,통복시장로48번길 43,,-,-
경기도 평택시 통복동,539-2,539,2,동아2,84.908,202110,9,"24,000",7,1994,통복시장로48번길 43,,-,-
경기도 평택시 통복동,477,477,0,삼성,101.91,202110,1,"28,000",2,1993,평남로 281,,-,-
경기도 평택시 통복동,477,477,0,삼성,84.87,202110,4,"25,500",10,1993,평남로 281,,-,-
경기도 평택시 통복동,477,477,0,삼성,76.26,202110,19,"24,800",9,1993,평남로 281,,-,-
경기도 평택시 통복동,539,539,0,신명보람,59.97,202110,9,"16,500",7,1995,평택1로 109,,-,-
경기도 평택시 통복동,539,539,0,신명보람,59.97,202110,23,"18,000",9,1995,평택1로 109,,-,-
경기도 평택시 팽성읍 송화리,835,835,0,늘푸른오스카빌,164.7889,202110,8,"40,500",12,2010,안정순환로267번길 106,,-,-
경기도 평택시 팽성읍 송화리,835,835,0,늘푸른오스카빌,164.7889,202110,18,"46,000",12,2010,안정순환로267번길 106,,-,-
경기도 평택시 팽성읍 송화리,790-1,790,1,대원,59.97,202110,2,"17,000",13,2002,부용로 36,,-,-
경기도 평택시 팽성읍 송화리,790-1,790,1,대원,59.97,202110,4,"16,400",12,2002,부용로 36,,-,-
경기도 평택시 팽성읍 송화리,790-1,790,1,대원,59.97,202110,23,"15,800",12,2002,부용로 36,,-,-
경기도 평택시 팽성읍 송화리,788-1,788,1,송화지구우미이노스빌,80.9879,202110,6,"19,400",1,2005,팽성송화로 154,,-,-
경기도 평택시 팽성읍 송화리,788-1,788,1,송화지구우미이노스빌,80.9879,202110,25,"19,000",8,2005,팽성송화로 154,,-,-
경기도 평택시 팽성읍 송화리,785-1,785,1,현대홈타운,84.996,202110,2,"19,800",10,2005,송화택지로 38,,-,-
경기도 평택시 팽성읍 송화리,785-1,785,1,현대홈타운,84.996,202110,16,"22,500",11,2005,송화택지로 38,,-,-
경기도 평택시 팽성읍 송화리,785-1,785,1,현대홈타운,84.996,202110,23,"20,000",11,2005,송화택지로 38,,-,-
경기도 평택시 팽성읍 안정리,213,213,0,주공,39.27,202110,5,"7,200",5,1990,안정순환로80번길 14,,-,-
경기도 평택시 팽성읍 안정리,213,213,0,주공,39.66,202110,11,"8,100",3,1990,안정순환로80번길 14,,-,-
경기도 평택시 팽성읍 안정리,213,213,0,주공,39.27,202110,11,"7,300",5,1990,안정순환로80번길 14,,-,-
경기도 평택시 팽성읍 안정리,100-98,100,98,진광무지개,50.31,202110,1,"7,150",2,1997,팽성대교길 17-8,,-,-
경기도 평택시 팽성읍 안정리,100-98,100,98,진광무지개,50.31,202110,2,"6,500",1,1997,팽성대교길 17-8,,-,-
경기도 평택시 팽성읍 안정리,100-98,100,98,진광무지개,59.9,202110,6,"8,200",3,1997,팽성대교길 17-8,,-,-
경기도 평택시 팽성읍 안정리,360,360,0,평택브라운스톤험프리스,99.4306,202110,1,"35,800",8,2016,신흥북로49번길 27,,-,-
경기도 평택시 팽성읍 안정리,360,360,0,평택브라운스톤험프리스,99.4306,202110,1,"35,350",2,2016,신흥북로49번길 27,,-,-
경기도 평택시 팽성읍 안정리,360,360,0,평택브라운스톤험프리스,84.9342,202110,1,"27,000",7,2016,신흥북로49번길 27,,-,-
경기도 평택시 팽성읍 안정리,360,360,0,평택브라운스톤험프리스,84.9342,202110,2,"28,000",8,2016,신흥북로49번길 27,,-,-
경기도 평택시 팽성읍 안정리,360,360,0,평택브라운스톤험프리스,84.9342,202110,2,"29,500",10,2016,신흥북로49번길 27,,-,-
경기도 평택시 팽성읍 안정리,360,360,0,평택브라운스톤험프리스,84.9342,202110,2,"27,500",6,2016,신흥북로49번길 27,,-,-
경기도 평택시 팽성읍 안정리,360,360,0,평택브라운스톤험프리스,113.3007,202110,4,"37,700",13,2016,신흥북로49번길 27,,-,-
경기도 평택시 팽성읍 안정리,360,360,0,평택브라운스톤험프리스,113.3007,202110,6,"37,900",11,2016,신흥북로49번길 27,,-,-
경기도 평택시 팽성읍 안정리,360,360,0,평택브라운스톤험프리스,113.3007,202110,8,"36,000",15,2016,신흥북로49번길 27,,-,-
경기도 평택시 팽성읍 안정리,360,360,0,평택브라운스톤험프리스,84.961,202110,11,"27,200",4,2016,신흥북로49번길 27,,-,-
경기도 평택시 팽성읍 안정리,360,360,0,평택브라운스톤험프리스,99.4306,202110,19,"36,200",9,2016,신흥북로49번길 27,,-,-
경기도 평택시 팽성읍 안정리,360,360,0,평택브라운스톤험프리스,84.961,202110,23,"26,700",1,2016,신흥북로49번길 27,,-,-
경기도 평택시 팽성읍 안정리,360,360,0,평택브라운스톤험프리스,84.961,202110,28,"28,500",2,2016,신흥북로49번길 27,,-,-
경기도 평택시 평택동,35-28,35,28,동우자인채센트럴,17.18,202110,16,"6,300",4,2018,평택1로20번길 11,,-,-
경기도 평택시 평택동,35-28,35,28,동우자인채센트럴,17.18,202110,30,"6,500",10,2018,평택1로20번길 11,,-,-
경기도 평택시 평택동,202-30,202,30,세문,58.05,202110,9,"13,500",11,1994,원평로 22,,-,-
경기도 평택시 포승읍 내기리,698,698,0,명지미래힐2단지,59.94,202110,8,"16,300",2,2004,승학동길 25,,-,-
경기도 평택시 포승읍 도곡리,1113,1113,0,모아미래도1차,59.9717,202110,1,"23,900",6,2006,여술로 74,,-,-
경기도 평택시 포승읍 도곡리,1113,1113,0,모아미래도1차,59.9717,202110,1,"24,000",12,2006,여술로 74,,-,-
경기도 평택시 포승읍 도곡리,1113,1113,0,모아미래도1차,59.9717,202110,9,"20,000",4,2006,여술로 74,,-,-
경기도 평택시 포승읍 도곡리,1113,1113,0,모아미래도1차,59.9717,202110,25,"19,700",2,2006,여술로 74,,-,-
경기도 평택시 포승읍 도곡리,1115,1115,0,모아미래도2차,59.9717,202110,1,"18,500",2,2005,여술로44번길 17,,-,-
경기도 평택시 포승읍 도곡리,1120-5,1120,5,스마트빌듀오2차,23.63,202110,20,"4,200",6,2014,여술로 7,,-,-
경기도 평택시 포승읍 도곡리,1120-5,1120,5,스마트빌듀오2차,23.63,202110,20,"4,200",6,2014,여술로 7,,-,-
경기도 평택시 포승읍 도곡리,1120-5,1120,5,스마트빌듀오2차,23.63,202110,20,"4,200",6,2014,여술로 7,,-,-
경기도 평택시 포승읍 도곡리,1120-5,1120,5,스마트빌듀오2차,23.63,202110,20,"4,200",6,2014,여술로 7,,-,-
경기도 평택시 포승읍 도곡리,1120-5,1120,5,스마트빌듀오2차,23.63,202110,20,"4,200",6,2014,여술로 7,,-,-
경기도 평택시 포승읍 도곡리,1120-5,1120,5,스마트빌듀오2차,23.63,202110,22,"4,300",7,2014,여술로 7,,-,-
경기도 평택시 포승읍 도곡리,1121-1,1121,1,카임하우스,14.0754,202110,19,"2,700",9,2013,여술1길 76,,-,-
경기도 평택시 포승읍 도곡리,1114,1114,0,포승삼부르네상스1단지,59.9642,202110,2,"23,500",11,2005,포승공단순환로 403,,-,-
경기도 평택시 포승읍 도곡리,1114,1114,0,포승삼부르네상스1단지,59.9642,202110,4,"17,000",1,2005,포승공단순환로 403,,-,-
경기도 평택시 포승읍 도곡리,1114,1114,0,포승삼부르네상스1단지,59.9642,202110,4,"20,000",1,2005,포승공단순환로 403,,-,-
경기도 평택시 포승읍 도곡리,1114,1114,0,포승삼부르네상스1단지,41.1865,202110,7,"13,800",9,2005,포승공단순환로 403,,-,-
경기도 평택시 포승읍 도곡리,1114,1114,0,포승삼부르네상스1단지,59.9642,202110,10,"21,900",5,2005,포승공단순환로 403,,-,-
경기도 평택시 포승읍 도곡리,1114,1114,0,포승삼부르네상스1단지,59.9642,202110,28,"21,000",8,2005,포승공단순환로 403,,-,-
경기도 평택시 포승읍 만호리,646-1,646,1,SR친오애,55.2406,202110,4,"14,000",6,2004,서동대로 784,,-,-
경기도 평택시 포승읍 만호리,646-1,646,1,SR친오애,55.2406,202110,5,"12,500",1,2004,서동대로 784,,-,-
경기도 평택시 포승읍 만호리,646-1,646,1,SR친오애,78.9582,202110,6,"15,000",2,2004,서동대로 784,20211019,-,-
경기도 평택시 포승읍 만호리,646-1,646,1,SR친오애,78.9582,202110,6,"14,300",4,2004,서동대로 784,,-,-
경기도 평택시 포승읍 만호리,646-1,646,1,SR친오애,78.9582,202110,6,"15,000",2,2004,서동대로 784,,-,-
경기도 평택시 포승읍 만호리,646-1,646,1,SR친오애,55.2406,202110,9,"14,000",8,2004,서동대로 784,,-,-
경기도 평택시 포승읍 만호리,646-1,646,1,SR친오애,55.2406,202110,15,"14,700",11,2004,서동대로 784,,-,-
경기도 평택시 포승읍 만호리,646-1,646,1,SR친오애,78.9582,202110,17,"18,300",15,2004,서동대로 784,,-,-
경기도 평택시 포승읍 만호리,646-1,646,1,SR친오애,55.2406,202110,20,"14,900",15,2004,서동대로 784,,-,-
경기도 평택시 포승읍 만호리,646-1,646,1,SR친오애,55.2406,202110,23,"10,000",2,2004,서동대로 784,,-,-
경기도 평택시 포승읍 만호리,574-7,574,7,더스위트하버,25.49,202110,2,"3,800",7,2017,평택항로184번길 3-40,,-,-
경기도 평택시 포승읍 만호리,574-7,574,7,더스위트하버,41.2,202110,8,"12,500",8,2017,평택항로184번길 3-40,,-,-
경기도 평택시 포승읍 만호리,574-7,574,7,더스위트하버,41.2,202110,8,"12,500",12,2017,평택항로184번길 3-40,,-,-
경기도 평택시 포승읍 만호리,574-7,574,7,더스위트하버,41.2,202110,19,"8,550",11,2017,평택항로184번길 3-40,,-,-
경기도 평택시 포승읍 만호리,574-7,574,7,더스위트하버,41.2,202110,19,"12,800",11,2017,평택항로184번길 3-40,,-,-
경기도 평택시 포승읍 만호리,574-7,574,7,더스위트하버,41.2,202110,19,"8,550",13,2017,평택항로184번길 3-40,,-,-
경기도 평택시 포승읍 만호리,574-7,574,7,더스위트하버,41.2,202110,19,"8,550",9,2017,평택항로184번길 3-40,,-,-
경기도 평택시 포승읍 만호리,574-7,574,7,더스위트하버,39.58,202110,19,"8,200",8,2017,평택항로184번길 3-40,,-,-
경기도 평택시 포승읍 만호리,574-7,574,7,더스위트하버,41.2,202110,19,"12,600",9,2017,평택항로184번길 3-40,,-,-
경기도 평택시 포승읍 만호리,574-5,574,5,스마트빌듀오1차,22.68,202110,6,"6,000",5,2014,평택항로184번길 7,,-,-
경기도 평택시 포승읍 만호리,574-5,574,5,스마트빌듀오1차,22.68,202110,6,"6,000",5,2014,평택항로184번길 7,,-,-
경기도 평택시 포승읍 만호리,574-5,574,5,스마트빌듀오1차,22.96,202110,21,"3,800",12,2014,평택항로184번길 7,,-,-
경기도 평택시 포승읍 만호리,575-1,575,1,스마트빌듀오3차,24.31,202110,8,"3,700",8,2014,평택항로184번길 3-33,,-,-
경기도 평택시 포승읍 만호리,575-10,575,10,평택메트로하임,24.31,202110,5,"3,700",5,2015,평택항로184번길 21-11,,-,-
경기도 평택시 포승읍 만호리,575-10,575,10,평택메트로하임,30.59,202110,18,"5,300",5,2015,평택항로184번길 21-11,,-,-
경기도 평택시 포승읍 방림리,715,715,0,반도보라빌,84.96,202110,27,"17,000",8,2005,포승남로 520,,-,-
경기도 평택시 포승읍 석정리,306-5,306,5,한라파인빌(구.한라공조사원아파트),49.94,202110,3,"8,000",9,1993,용소길 7-16,,-,-
경기도 평택시 포승읍 석정리,306-5,306,5,한라파인빌(구.한라공조사원아파트),49.94,202110,14,"6,000",6,1993,용소길 7-16,,-,-
경기도 평택시 합정동,766-2,766,2,SKVIEW1단지,101.18,202110,11,"29,500",16,2007,중앙로 176,,-,-
경기도 평택시 합정동,766-2,766,2,SKVIEW1단지,104.9,202110,25,"31,000",5,2007,중앙로 176,,-,-
경기도 평택시 합정동,880,880,0,SK합정,59.965,202110,2,"24,800",8,2003,참이슬길 5,,-,-
경기도 평택시 합정동,880,880,0,SK합정,59.965,202110,3,"25,000",6,2003,참이슬길 5,,-,-
경기도 평택시 합정동,835,835,0,주공,39.3,202110,5,"29,000",1,1989,중앙2로 94,,-,-
경기도 평택시 합정동,835,835,0,주공,39.69,202110,5,"33,000",4,1989,중앙2로 94,,-,-
경기도 평택시 합정동,835,835,0,주공,51.02,202110,6,"40,000",1,1989,평택3로 12,,-,-
경기도 평택시 합정동,835,835,0,주공,51.02,202110,11,"36,000",2,1989,평택3로 12,,-,-
경기도 평택시 합정동,835,835,0,주공,39.3,202110,14,"29,500",5,1989,중앙2로 94,,-,-
경기도 평택시 합정동,835,835,0,주공,39.3,202110,16,"29,000",5,1989,중앙2로 94,,-,-
경기도 평택시 합정동,835,835,0,주공,39.69,202110,18,"29,500",1,1989,중앙2로 94,,-,-
경기도 평택시 합정동,835,835,0,주공,39.69,202110,18,"30,000",4,1989,중앙2로 94,,-,-
경기도 평택시 합정동,835,835,0,주공,51.02,202110,19,"35,300",1,1989,평택3로 12,,-,-
경기도 평택시 합정동,835,835,0,주공,39.3,202110,21,"30,000",4,1989,중앙2로 94,,-,-
경기도 평택시 합정동,870,870,0,참이슬,84.9249,202110,7,"29,500",13,1999,참이슬길 13,,-,-
경기도 평택시 합정동,736-4,736,4,평택비티온유안앨리츠,22.749,202110,29,"10,000",11,2019,중앙2로 55,,-,-
경기도 평택시 합정동,964-17,964,17,프레이즈주상복합,25.08,202110,1,"6,100",8,2011,평택5로34번길 31,,-,-
경기도 평택시 현덕면 권관리,576-1,576,1,우경,84.59,202110,31,"11,500",1,1996,서동대로 96,,-,-
경기도 평택시 현덕면 인광리,406-8,406,8,"영흥(가,나,다)",62.04,202110,19,"5,500",2,1990,인광길 44,,-,-
경기도 평택시 현덕면 인광리,413-2,413,2,"한일(A,B)",59.61,202110,18,"7,500",9,1992,인광1길 106,,-,-
경기도 포천시 선단동,28,28,0,세창선단마을,81.43,202110,5,"17,000",2,2001,선마로 22,,-,-
경기도 포천시 선단동,28,28,0,세창선단마을,81.43,202110,5,"15,000",1,2001,선마로 22,,-,-
경기도 포천시 선단동,28,28,0,세창선단마을,81.43,202110,8,"16,000",2,2001,선마로 22,,-,-
경기도 포천시 소흘읍 송우리,222-30,222,30,"금용로얄(203,204동)",42.45,202110,26,"8,800",5,1989,솔모루로 89-12,,-,-
경기도 포천시 소흘읍 송우리,725-7,725,7,석향마을대방노블랜드,110.25,202110,12,"32,000",1,2005,태봉로 239,,-,-
경기도 포천시 소흘읍 송우리,725-7,725,7,석향마을대방노블랜드,84.96,202110,13,"36,500",12,2005,태봉로 239,,-,-
경기도 포천시 소흘읍 송우리,725-7,725,7,석향마을대방노블랜드,110.25,202110,13,"40,000",12,2005,태봉로 239,,-,-
경기도 포천시 소흘읍 송우리,725-7,725,7,석향마을대방노블랜드,131.94,202110,15,"48,000",19,2005,태봉로 239,,-,-
경기도 포천시 소흘읍 송우리,725-7,725,7,석향마을대방노블랜드,84.96,202110,23,"33,000",4,2005,태봉로 239,,-,-
경기도 포천시 소흘읍 송우리,725-6,725,6,송천마을,84.86,202110,9,"32,000",7,2005,태봉로 227,,-,-
경기도 포천시 소흘읍 송우리,725-6,725,6,송천마을,84.86,202110,15,"31,500",19,2005,태봉로 227,,-,-
경기도 포천시 소흘읍 송우리,725-6,725,6,송천마을,84.86,202110,15,"29,800",1,2005,태봉로 227,,-,-
경기도 포천시 소흘읍 송우리,725-6,725,6,송천마을,84.86,202110,18,"33,500",10,2005,태봉로 227,,-,-
경기도 포천시 소흘읍 송우리,725-6,725,6,송천마을,84.86,202110,25,"34,500",16,2005,태봉로 227,,-,-
경기도 포천시 소흘읍 송우리,430-10,430,10,원일5차,44.64,202110,5,"13,800",3,1996,봉솔로2길 14,,-,-
경기도 포천시 소흘읍 송우리,430-10,430,10,원일5차,44.64,202110,14,"13,900",2,1996,봉솔로2길 14,,-,-
경기도 포천시 소흘읍 송우리,150,150,0,원일산호,82.05,202110,11,"20,000",6,1993,봉솔로2길 15,,-,-
경기도 포천시 소흘읍 송우리,150,150,0,원일산호,82.05,202110,13,"20,000",10,1993,봉솔로2길 15,,-,-
경기도 포천시 소흘읍 송우리,150,150,0,원일산호,82.05,202110,15,"20,000",4,1993,봉솔로2길 15,,-,-
경기도 포천시 소흘읍 송우리,150,150,0,원일산호,82.05,202110,30,"16,800",1,1993,봉솔로2길 15,,-,-
경기도 포천시 소흘읍 송우리,430-13,430,13,원일산호3,83.49,202110,13,"18,000",4,1997,봉솔로2길 8,,-,-
경기도 포천시 소흘읍 송우리,430-13,430,13,원일산호3,59.95,202110,15,"18,500",3,1997,봉솔로2길 8,,-,-
경기도 포천시 소흘읍 송우리,392-12,392,12,전원우정아파트,59.94,202110,5,"17,500",12,1997,솔모루로3번길 52-36,,-,-
경기도 포천시 소흘읍 송우리,392-12,392,12,전원우정아파트,84.972,202110,9,"19,900",2,1997,솔모루로3번길 52-36,,-,-
경기도 포천시 소흘읍 송우리,392-12,392,12,전원우정아파트,59.94,202110,14,"16,600",13,1997,솔모루로3번길 52-36,,-,-
경기도 포천시 소흘읍 송우리,727-2,727,2,태봉마을,84.87,202110,7,"33,500",11,2005,태봉로 153,,-,-
경기도 포천시 소흘읍 송우리,727-2,727,2,태봉마을,51.72,202110,23,"21,500",10,2005,태봉로 153,,-,-
경기도 포천시 소흘읍 송우리,727-2,727,2,태봉마을,51.72,202110,24,"20,000",3,2005,태봉로 153,,-,-
경기도 포천시 소흘읍 송우리,257-5,257,5,포천송우서희스타힐스,68.919,202110,5,"26,500",10,2021,송선로 60,,-,-
경기도 포천시 소흘읍 송우리,257-5,257,5,포천송우서희스타힐스,68.919,202110,5,"16,500",10,2021,송선로 60,20211007,-,-
경기도 포천시 소흘읍 이동교리,256,256,0,대방,70.658,202110,6,"21,000",2,2002,호국로429번길 11,,-,-
경기도 포천시 소흘읍 이동교리,256,256,0,대방,55.1508,202110,7,"15,000",6,2002,호국로429번길 11,,-,-
경기도 포천시 소흘읍 초가팔리,336,336,0,상운,59.37,202110,2,"16,000",14,1997,검바위길 84,,-,-
경기도 포천시 소흘읍 초가팔리,336,336,0,상운,59.37,202110,11,"16,400",13,1997,검바위길 84,,-,-
경기도 포천시 소흘읍 초가팔리,336,336,0,상운,59.37,202110,14,"17,000",11,1997,검바위길 84,,-,-
경기도 포천시 소흘읍 초가팔리,336,336,0,상운,59.37,202110,15,"17,250",5,1997,검바위길 84,,-,-
경기도 포천시 소흘읍 초가팔리,336,336,0,상운,59.37,202110,16,"16,700",14,1997,검바위길 84,,-,-
경기도 포천시 소흘읍 초가팔리,336,336,0,상운,50.16,202110,30,"13,900",14,1997,검바위길 84,,-,-
경기도 포천시 소흘읍 초가팔리,336,336,0,상운,50.16,202110,30,"13,700",8,1997,검바위길 84,,-,-
경기도 포천시 신북면 가채리,Feb-30,30,2,거산,49.38,202110,7,"5,000",1,2003,호국로 1886-76,,-,-
경기도 포천시 신북면 가채리,Feb-30,30,2,거산,49.38,202110,11,"4,000",6,2003,호국로 1886-76,,-,-
경기도 포천시 신북면 가채리,929,929,0,포미재,84.4862,202110,5,"10,000",1,2005,호국로 1886-55,,-,-
경기도 포천시 신북면 가채리,929,929,0,포미재,66.3141,202110,14,"9,000",12,2005,호국로 1886-60,,-,-
경기도 포천시 신북면 가채리,929,929,0,포미재,66.3141,202110,16,"9,000",7,2005,호국로 1886-60,,-,-
경기도 포천시 신북면 가채리,929,929,0,포미재,66.3141,202110,16,"8,200",1,2005,호국로 1886-60,,-,-
경기도 포천시 신북면 가채리,929,929,0,포미재,66.3141,202110,21,"10,000",12,2005,호국로 1886-60,,-,-
경기도 포천시 신북면 가채리,929,929,0,포미재,84.4862,202110,23,"15,000",10,2005,호국로 1886-55,,-,-
경기도 포천시 신북면 가채리,929,929,0,포미재,84.4862,202110,25,"13,250",3,2005,호국로 1886-55,,-,-
경기도 포천시 신북면 기지리,740,740,0,산호,39.144,202110,2,"5,200",1,2002,호국로 1886-27,,-,-
경기도 포천시 신북면 기지리,740,740,0,산호,84.8374,202110,7,"11,500",2,2002,호국로 1886-27,,-,-
경기도 포천시 신북면 기지리,740,740,0,산호,59.5906,202110,9,"8,200",6,2002,호국로 1886-27,,-,-
경기도 포천시 신북면 기지리,740,740,0,산호,39.144,202110,12,"5,500",10,2002,호국로 1886-27,,-,-
경기도 포천시 신북면 기지리,740,740,0,산호,39.144,202110,12,"5,500",10,2002,호국로 1886-27,,-,-
경기도 포천시 신북면 기지리,740,740,0,산호,59.5906,202110,12,"8,300",3,2002,호국로 1886-27,,-,-
경기도 포천시 신북면 기지리,740,740,0,산호,39.144,202110,14,"5,500",4,2002,호국로 1886-27,,-,-
경기도 포천시 신북면 기지리,101-6,101,6,신포천,50.67,202110,6,"5,300",4,1995,호국로 2135-11,,-,-
경기도 포천시 신북면 기지리,101-6,101,6,신포천,50.67,202110,16,"5,250",5,1995,호국로 2135-11,,-,-
경기도 포천시 신북면 기지리,101-6,101,6,신포천,50.67,202110,17,"5,400",12,1995,호국로 2135-11,,-,-
경기도 포천시 신북면 기지리,101-6,101,6,신포천,44.22,202110,19,"4,970",4,1995,호국로 2135-11,,-,-
경기도 포천시 신북면 기지리,101-6,101,6,신포천,44.22,202110,30,"5,000",13,1995,호국로 2135-11,,-,-
경기도 포천시 신북면 기지리,101-3,101,3,후레쉬빌,53.008,202110,25,"7,950",14,2003,호국로 2135-14,,-,-
경기도 포천시 신읍동,219-2,219,2,예준아트빌,85,202110,4,"11,000",3,2000,왕방로252번길 12,,-,-
경기도 포천시 신읍동,143-4,143,4,유한,84.96,202110,1,"14,300",1,1999,왕방로 159,,-,-
경기도 포천시 신읍동,143-4,143,4,유한,84.96,202110,8,"14,000",4,1999,왕방로 159,,-,-
경기도 포천시 신읍동,167-4,167,4,은하,46.92,202110,2,"5,600",5,1985,포천로 1605-1,,-,-
경기도 포천시 신읍동,307,307,0,일신,39.95,202110,1,"6,950",3,1999,호병골길 41-5,20211020,-,-
경기도 포천시 신읍동,307,307,0,일신,39.95,202110,1,"6,950",3,1999,호병골길 41-5,,-,-
경기도 포천시 신읍동,307,307,0,일신,39.95,202110,4,"6,970",19,1999,호병골길 41-5,,-,-
경기도 포천시 신읍동,307,307,0,일신,49.92,202110,4,"9,000",6,1999,호병골길 41-5,,-,-
경기도 포천시 신읍동,307,307,0,일신,49.92,202110,5,"9,000",3,1999,호병골길 41-5,,-,-
경기도 포천시 신읍동,307,307,0,일신,39.95,202110,8,"7,000",14,1999,호병골길 41-5,,-,-
경기도 포천시 신읍동,307,307,0,일신,39.95,202110,11,"7,200",4,1999,호병골길 41-5,,-,-
경기도 포천시 신읍동,307,307,0,일신,39.95,202110,11,"7,000",4,1999,호병골길 41-5,,-,-
경기도 포천시 신읍동,307,307,0,일신,49.92,202110,14,"9,200",8,1999,호병골길 41-5,,-,-
경기도 포천시 신읍동,307,307,0,일신,39.95,202110,15,"6,970",3,1999,호병골길 41-5,,-,-
경기도 포천시 신읍동,307,307,0,일신,39.95,202110,18,"7,300",7,1999,호병골길 41-5,,-,-
경기도 포천시 신읍동,307,307,0,일신,39.95,202110,19,"7,100",12,1999,호병골길 41-5,,-,-
경기도 포천시 신읍동,307,307,0,일신,39.95,202110,19,"7,000",17,1999,호병골길 41-5,,-,-
경기도 포천시 신읍동,307,307,0,일신,49.92,202110,20,"8,500",19,1999,호병골길 41-5,,-,-
경기도 포천시 신읍동,307,307,0,일신,49.92,202110,21,"9,300",8,1999,호병골길 41-5,,-,-
경기도 포천시 신읍동,307,307,0,일신,39.95,202110,26,"7,200",4,1999,호병골길 41-5,,-,-
경기도 포천시 신읍동,307,307,0,일신,49.92,202110,27,"8,800",3,1999,호병골길 41-5,,-,-
경기도 포천시 신읍동,698,698,0,포천극동2차스타클래스,108.194,202110,1,"26,000",4,2008,왕방로118번길 10,,-,-
경기도 포천시 신읍동,698,698,0,포천극동2차스타클래스,84.9645,202110,18,"25,000",15,2008,왕방로118번길 10,20211027,-,-
경기도 포천시 신읍동,698,698,0,포천극동2차스타클래스,84.9645,202110,18,"25,000",15,2008,왕방로118번길 10,,-,-
경기도 포천시 신읍동,43-18,43,18,포천예원프라자,81.99,202110,6,"8,300",11,1997,중앙로119번길 4,,-,-
경기도 포천시 신읍동,295-23,295,23,한국,59.28,202110,9,"8,400",15,1993,호병골길 16,,-,-
경기도 포천시 신읍동,227-8,227,8,한신,59.96,202110,7,"12,700",11,1997,학동로 47,,-,-
경기도 포천시 신읍동,227-8,227,8,한신,84.98,202110,15,"17,000",11,1997,학동로 47,,-,-
경기도 포천시 신읍동,235-11,235,11,현대,84.97,202110,16,"15,800",10,1996,포천로 1644,,-,-
경기도 포천시 신읍동,235-11,235,11,현대,84.97,202110,19,"15,500",15,1996,포천로 1644,,-,-
경기도 포천시 일동면 기산리,797,797,0,일동기산베스트빌,84.932,202110,28,"20,000",3,2006,운악청계로 1772,,-,-
경기도 하남시 감이동,530,530,0,감일한라비발디,84.87,202110,2,"120,000",10,2019,감일백제로 65,,-,-
경기도 하남시 감이동,530,530,0,감일한라비발디,84.87,202110,6,"120,000",18,2019,감일백제로 65,,-,-
경기도 하남시 감이동,530,530,0,감일한라비발디,84.87,202110,6,"120,500",12,2019,감일백제로 65,,-,-
경기도 하남시 감이동,530,530,0,감일한라비발디,84.92,202110,7,"117,500",19,2019,감일백제로 65,,-,-
경기도 하남시 감이동,530,530,0,감일한라비발디,84.92,202110,7,"118,000",7,2019,감일백제로 65,,-,-
경기도 하남시 감이동,530,530,0,감일한라비발디,84.87,202110,14,"120,000",14,2019,감일백제로 65,,-,-
경기도 하남시 감이동,530,530,0,감일한라비발디,84.87,202110,16,"104,000",29,2019,감일백제로 65,,-,-
경기도 하남시 감이동,530,530,0,감일한라비발디,74.91,202110,17,"110,000",28,2019,감일백제로 65,,-,-
경기도 하남시 감이동,530,530,0,감일한라비발디,84.87,202110,18,"118,000",16,2019,감일백제로 65,,-,-
경기도 하남시 감이동,530,530,0,감일한라비발디,84.92,202110,22,"105,000",3,2019,감일백제로 65,,-,-
경기도 하남시 감이동,530,530,0,감일한라비발디,84.87,202110,22,"110,000",20,2019,감일백제로 65,,-,-
경기도 하남시 감이동,530,530,0,감일한라비발디,84.87,202110,22,"117,000",4,2019,감일백제로 65,,-,-
경기도 하남시 감이동,500,500,0,포웰시티푸르지오라포레,99.4327,202110,6,"93,000",27,2021,감일백제로 20,,-,-
경기도 하남시 덕풍동,372-2,372,2,대동피렌체,32.004,202110,5,"15,900",7,2005,신장로 151,,-,-
경기도 하남시 덕풍동,748,748,0,동원베네스트,84.96,202110,1,"92,000",5,2008,덕풍북로 236,,-,-
경기도 하남시 덕풍동,695,695,0,벽산블루밍,84.96,202110,2,"85,500",8,2007,신평로 36,,-,-
경기도 하남시 덕풍동,346,346,0,서해,59.04,202110,1,"53,500",14,1996,신장로205번길 16,,-,-
경기도 하남시 덕풍동,346,346,0,서해,84.935,202110,2,"66,750",17,1996,신장로205번길 16,,-,-
경기도 하남시 덕풍동,729,729,0,풍산삼부르네상스,101.99,202110,9,"114,000",8,2008,덕풍북로 140,,-,-
경기도 하남시 덕풍동,729,729,0,풍산삼부르네상스,101.99,202110,10,"109,500",4,2008,덕풍북로 140,,-,-
경기도 하남시 덕풍동,729,729,0,풍산삼부르네상스,101.99,202110,15,"110,000",2,2008,덕풍북로 140,,-,-
경기도 하남시 덕풍동,729,729,0,풍산삼부르네상스,101.99,202110,22,"106,500",1,2008,덕풍북로 140,,-,-
경기도 하남시 덕풍동,946,946,0,하남더샵센트럴뷰,84.941,202110,13,"109,000",11,2016,하남대로 856,,-,-
경기도 하남시 덕풍동,691,691,0,하남자이,125.07,202110,1,"85,000",25,2006,덕풍공원로 38,,-,-
경기도 하남시 덕풍동,691,691,0,하남자이,84.99,202110,2,"73,000",2,2006,덕풍공원로 38,,-,-
경기도 하남시 덕풍동,691,691,0,하남자이,84.99,202110,5,"74,700",2,2006,덕풍공원로 38,,-,-
경기도 하남시 덕풍동,823,823,0,하남풍산아이파크(1단지),84.956,202110,5,"102,000",5,2008,덕풍남로 11,,-,-
경기도 하남시 덕풍동,692,692,0,하남한솔솔파크,84.99,202110,19,"82,000",25,2006,하남대로887번길 25,,-,-
경기도 하남시 덕풍동,681,681,0,한솔리치빌(1단지),84.8049,202110,1,"71,800",16,2002,덕산로 39,,-,-
경기도 하남시 덕풍동,681,681,0,한솔리치빌(1단지),84.8049,202110,25,"72,500",13,2002,덕산로 39,,-,-
경기도 하남시 덕풍동,688,688,0,한솔리치빌(3단지),84.99,202110,9,"68,000",23,2006,덕산로 80,,-,-
경기도 하남시 망월동,1162,1162,0,미사강변 골든 센트로,84.98,202110,9,"115,000",20,2014,미사강변동로 50,,-,-
경기도 하남시 망월동,1162,1162,0,미사강변 골든 센트로,59.96,202110,23,"97,500",22,2014,미사강변동로 50,,-,-
경기도 하남시 망월동,1050,1050,0,미사강변 센텀팰리스,74.86,202110,3,"102,900",24,2016,미사강변서로 127,,-,-
경기도 하남시 망월동,1050,1050,0,미사강변 센텀팰리스,84.96,202110,4,"108,000",20,2016,미사강변서로 127,,-,-
경기도 하남시 망월동,1050,1050,0,미사강변 센텀팰리스,84.67,202110,7,"107,800",11,2016,미사강변서로 127,,-,-
경기도 하남시 망월동,1050,1050,0,미사강변 센텀팰리스,84.67,202110,12,"105,000",3,2016,미사강변서로 127,,-,-
경기도 하남시 망월동,1050,1050,0,미사강변 센텀팰리스,74.86,202110,14,"102,500",10,2016,미사강변서로 127,,-,-
경기도 하남시 망월동,1050,1050,0,미사강변 센텀팰리스,84.67,202110,14,"108,000",8,2016,미사강변서로 127,,-,-
경기도 하남시 망월동,1050,1050,0,미사강변 센텀팰리스,84.67,202110,27,"108,000",9,2016,미사강변서로 127,,-,-
경기도 하남시 망월동,1062,1062,0,미사강변 하우스디 더 레이크,74.86,202110,9,"100,000",12,2016,미사강변대로 135,,-,-
경기도 하남시 망월동,938,938,0,미사강변도시16단지,51.9,202110,2,"79,750",18,2015,미사강변북로 130,,-,-
경기도 하남시 망월동,938,938,0,미사강변도시16단지,59.67,202110,5,"88,800",15,2015,미사강변북로 130,,-,-
경기도 하남시 망월동,938,938,0,미사강변도시16단지,59.67,202110,10,"91,000",12,2015,미사강변북로 130,,-,-
경기도 하남시 망월동,938,938,0,미사강변도시16단지,51.67,202110,15,"78,000",16,2015,미사강변북로 130,,-,-
경기도 하남시 망월동,956,956,0,미사강변스타힐스아파트,51.86,202110,5,"81,000",13,2016,미사강변대로 240,,-,-
경기도 하남시 망월동,956,956,0,미사강변스타힐스아파트,74.98,202110,13,"104,000",8,2016,미사강변대로 240,,-,-
경기도 하남시 망월동,956,956,0,미사강변스타힐스아파트,84.89,202110,19,"105,000",5,2016,미사강변대로 240,,-,-
경기도 하남시 망월동,910,910,0,미사강변파밀리에,59.91,202110,2,"93,500",17,2014,아리수로 589-3,,-,-
경기도 하남시 망월동,910,910,0,미사강변파밀리에,59.91,202110,3,"92,500",4,2014,아리수로 589-3,,-,-
경기도 하남시 망월동,910,910,0,미사강변파밀리에,84.85,202110,11,"110,000",23,2014,아리수로 589-3,,-,-
경기도 하남시 망월동,910,910,0,미사강변파밀리에,59.91,202110,11,"89,700",2,2014,아리수로 589-3,,-,-
경기도 하남시 망월동,1060,1060,0,미사강변푸르지오,84.9852,202110,1,"122,500",4,2016,미사강변대로 165,,-,-
경기도 하남시 망월동,1060,1060,0,미사강변푸르지오,84.9852,202110,1,"122,500",4,2016,미사강변대로 165,20211018,-,-
경기도 하남시 망월동,1060,1060,0,미사강변푸르지오,84.9852,202110,14,"134,000",15,2016,미사강변대로 165,,-,-
경기도 하남시 망월동,904,904,0,미사강변한신휴플러스,74.61,202110,2,"93,500",11,2015,미사강변한강로 170,,-,-
경기도 하남시 망월동,1127,1127,0,미사강변호반써밋,99.888,202110,1,"135,000",9,2019,미사강변한강로 270,,-,-
경기도 하남시 망월동,1125,1125,0,하남미사파라곤주상복합,117.0346,202110,8,"110,000",2,2021,미사강변동로 100,,-,-
경기도 하남시 선동,436,436,0,미사강변 센트리버,84.93,202110,8,"107,000",13,2016,미사강변대로 270,,-,-
경기도 하남시 선동,436,436,0,미사강변 센트리버,84.77,202110,11,"115,000",20,2016,미사강변대로 270,,-,-
경기도 하남시 선동,436,436,0,미사강변 센트리버,84.94,202110,12,"95,000",1,2016,미사강변대로 270,,-,-
경기도 하남시 선동,433,433,0,미사강변2차푸르지오,93.9493,202110,14,"131,500",23,2016,미사강변한강로 60,,-,-
경기도 하남시 선동,427,427,0,미사강변더샵리버포레,98.54,202110,5,"149,000",23,2016,미사강변북로 65,,-,-
경기도 하남시 선동,453,453,0,미사강변도시 베라체,84.86,202110,4,"106,500",12,2015,풍산로 270,,-,-
경기도 하남시 신장동,569,569,0,대명강변타운,84.83,202110,2,"90,500",9,2007,대청로 79,,-,-
경기도 하남시 신장동,569,569,0,대명강변타운,84.83,202110,4,"92,500",18,2007,대청로 79,,-,-
경기도 하남시 신장동,100,100,0,동일하이빌,84.87,202110,5,"75,000",19,1999,대청로59번길 20,,-,-
경기도 하남시 신장동,100,100,0,동일하이빌,60,202110,11,"67,000",7,1999,대청로59번길 20,,-,-
경기도 하남시 신장동,415-10,415,10,명지캐럿(108동),84.037,202110,2,"69,500",17,2006,하남대로 815,,-,-
경기도 하남시 신장동,528-5,528,5,백송한신,49.98,202110,4,"58,500",13,1994,대청로 50,,-,-
경기도 하남시 신장동,528-5,528,5,백송한신,49.98,202110,16,"59,000",6,1994,대청로 50,,-,-
경기도 하남시 신장동,528,528,0,백조현대,49.98,202110,9,"59,900",17,1994,대청로 62,,-,-
경기도 하남시 신장동,528,528,0,백조현대,49.98,202110,20,"64,500",16,1994,대청로 62,,-,-
경기도 하남시 신장동,593,593,0,하남유시티대명루첸리버파크,74.34,202110,7,"92,000",21,2018,하남유니온로 30,,-,-
경기도 하남시 신장동,577,577,0,하남호반써밋에듀파크,59.8536,202110,19,"57,000",22,2021,하남유니온로 10,,-,-
경기도 하남시 신장동,577,577,0,하남호반써밋에듀파크,59.6114,202110,27,"58,500",6,2021,하남유니온로 10,,-,-
경기도 하남시 신장동,527,527,0,해오름한국,44.55,202110,1,"54,000",3,1996,대청로59번길 15,,-,-
경기도 하남시 신장동,527,527,0,해오름한국,44.55,202110,2,"57,800",2,1996,대청로59번길 15,,-,-
경기도 하남시 신장동,568,568,0,현대홈타운,80.6012,202110,12,"65,000",21,2004,신장로76번길 50,,-,-
경기도 하남시 창우동,521,521,0,꿈동산신안,84.89,202110,2,"84,000",7,1994,대청로116번길 59,,-,-
경기도 하남시 창우동,521,521,0,꿈동산신안,84.965,202110,3,"81,700",6,1994,대청로116번길 59,,-,-
경기도 하남시 창우동,521,521,0,꿈동산신안,84.89,202110,15,"81,000",11,1994,대청로116번길 59,,-,-
경기도 하남시 창우동,518,518,0,부영,49.58,202110,2,"65,000",12,1994,대청로 119,,-,-
경기도 하남시 창우동,518,518,0,부영,49.58,202110,11,"63,700",11,1994,대청로 119,,-,-
경기도 하남시 창우동,518,518,0,부영,59.97,202110,15,"70,000",15,1994,대청로 119,,-,-
경기도 하남시 창우동,518,518,0,부영,59.97,202110,16,"74,700",11,1994,대청로 119,,-,-
경기도 하남시 창우동,518,518,0,부영,49.58,202110,16,"59,000",14,1994,대청로 119,,-,-
경기도 하남시 창우동,518,518,0,부영,49.58,202110,16,"64,000",7,1994,대청로 119,,-,-
경기도 하남시 풍산동,486,486,0,미사강변더샵센트럴포레,84.038,202110,1,"116,500",21,2017,미사강변대로 55,,-,-
경기도 하남시 풍산동,486,486,0,미사강변더샵센트럴포레,84.038,202110,2,"120,000",23,2017,미사강변대로 55,,-,-
경기도 하남시 풍산동,486,486,0,미사강변더샵센트럴포레,73.025,202110,6,"103,000",5,2017,미사강변대로 55,,-,-
경기도 하남시 풍산동,486,486,0,미사강변더샵센트럴포레,93.362,202110,19,"124,800",15,2017,미사강변대로 55,,-,-
경기도 하남시 풍산동,477,477,0,미사강변동원로얄듀크,74.7041,202110,11,"99,000",17,2016,미사강변서로 45,,-,-
경기도 하남시 풍산동,477,477,0,미사강변동원로얄듀크,84.3852,202110,13,"110,700",13,2016,미사강변서로 45,,-,-
경기도 하남시 풍산동,477,477,0,미사강변동원로얄듀크,74.7041,202110,16,"100,000",14,2016,미사강변서로 45,,-,-
경기도 하남시 풍산동,470,470,0,미사강변동일하이빌,84.94,202110,18,"104,000",2,2018,미사강변서로 85,,-,-
경기도 하남시 풍산동,470,470,0,미사강변동일하이빌,59.93,202110,19,"91,000",16,2018,미사강변서로 85,,-,-
경기도 하남시 풍산동,480,480,0,미사강변센트럴자이,96.9876,202110,4,"141,500",4,2017,미사강변대로 95-4,,-,-
경기도 하남시 풍산동,480,480,0,미사강변센트럴자이,101.7949,202110,8,"156,000",17,2017,미사강변대로 95-4,,-,-
경기도 하남시 풍산동,480,480,0,미사강변센트럴자이,96.3851,202110,10,"145,500",23,2017,미사강변대로 95-4,,-,-
경기도 하남시 풍산동,471,471,0,미사강변센트럴풍경채,84.9468,202110,6,"120,000",24,2019,미사강변서로 65,,-,-
경기도 하남시 풍산동,471,471,0,미사강변센트럴풍경채,84.9468,202110,23,"122,500",3,2019,미사강변서로 65,,-,-
경기도 하남시 풍산동,573,573,0,신안인스빌,93.0118,202110,2,"124,500",4,2019,미사강변동로 19,,-,-
경기도 하남시 풍산동,626,626,0,하남힐즈파크푸르지오2단지,84.8254,202110,13,"97,500",6,2018,세미로1길 11,,-,-
경기도 하남시 풍산동,626,626,0,하남힐즈파크푸르지오2단지,84.1277,202110,20,"96,400",6,2018,세미로1길 11,,-,-
경기도 하남시 학암동,672,672,0,위례롯데캐슬 ,84.98,202110,1,"147,000",13,2016,위례중앙로 215,,-,-
경기도 하남시 학암동,672,672,0,위례롯데캐슬 ,75.48,202110,6,"142,000",9,2016,위례중앙로 215,,-,-
경기도 화성시 기안동,290,290,0,광도와이드빌,59.7118,202110,5,"29,000",3,2002,효행로 229-11,,-,-
경기도 화성시 기안동,290,290,0,광도와이드빌,84.8415,202110,9,"34,300",17,2002,효행로 229-11,,-,-
경기도 화성시 기안동,290,290,0,광도와이드빌,59.7118,202110,15,"27,700",5,2002,효행로 229-11,,-,-
경기도 화성시 기안동,895,895,0,기안마을풍성신미주,84.8008,202110,1,"36,000",13,2004,융건로 99,,-,-
경기도 화성시 기안동,895,895,0,기안마을풍성신미주,84.8008,202110,29,"35,500",9,2004,융건로 99,,-,-
경기도 화성시 기안동,349,349,0,우림그린빌리지,83.39,202110,2,"31,100",3,2001,효행로265번길 17,,-,-
경기도 화성시 기안동,349,349,0,우림그린빌리지,83.39,202110,26,"29,000",1,2001,효행로265번길 17,,-,-
경기도 화성시 기안동,358,358,0,평생플러스빌,83.9252,202110,4,"32,700",10,2001,효행로 275,,-,-
경기도 화성시 남양읍 남양리,2299,2299,0,남양뉴타운양우내안애1차,84.9654,202110,3,"52,700",2,2016,시청로32번길 59,,-,-
경기도 화성시 남양읍 남양리,415,415,0,남양우림,59.301,202110,2,"19,500",12,2001,남양성지로 8-5,,-,-
경기도 화성시 남양읍 남양리,415,415,0,남양우림,59.301,202110,4,"21,000",10,2001,남양성지로 8-5,,-,-
경기도 화성시 남양읍 남양리,415,415,0,남양우림,59.301,202110,5,"19,700",11,2001,남양성지로 8-5,,-,-
경기도 화성시 남양읍 남양리,415,415,0,남양우림,59.301,202110,5,"19,300",9,2001,남양성지로 8-5,,-,-
경기도 화성시 남양읍 남양리,415,415,0,남양우림,59.301,202110,11,"19,500",9,2001,남양성지로 8-5,,-,-
경기도 화성시 남양읍 남양리,2047,2047,0,남양우림필유,101.209,202110,4,"50,500",10,2009,역골동로 94,,-,-
경기도 화성시 남양읍 남양리,2047,2047,0,남양우림필유,101.092,202110,9,"49,000",9,2009,역골동로 94,,-,-
경기도 화성시 남양읍 남양리,2001,2001,0,대광파인밸리,59.65,202110,2,"24,000",2,2003,시청로 221,,-,-
경기도 화성시 남양읍 남양리,2001,2001,0,대광파인밸리,84.96,202110,4,"27,900",6,2003,시청로 221,,-,-
경기도 화성시 남양읍 남양리,2001,2001,0,대광파인밸리,84.96,202110,16,"31,900",11,2003,시청로 221,,-,-
경기도 화성시 남양읍 남양리,2001,2001,0,대광파인밸리,84.96,202110,19,"28,000",6,2003,시청로 221,,-,-
경기도 화성시 남양읍 남양리,2001,2001,0,대광파인밸리,59.65,202110,22,"25,000",7,2003,시청로 221,,-,-
경기도 화성시 남양읍 남양리,2001,2001,0,대광파인밸리,84.96,202110,25,"29,800",12,2003,시청로 221,,-,-
경기도 화성시 남양읍 남양리,2235,2235,0,동광뷰엘,80.0082,202110,15,"50,500",11,2018,역골중앙로 118,,-,-
경기도 화성시 남양읍 남양리,2312,2312,0,시티프라디움1차아파트,84.9938,202110,27,"60,500",15,2018,시청로102번길 51,,-,-
경기도 화성시 남양읍 남양리,2005,2005,0,푸르뫼마을금강에스쁘아,82.692,202110,9,"23,000",5,2004,화성로1081번길 49-10,,-,-
경기도 화성시 남양읍 무송리,642,642,0,금광포란재,81.1484,202110,23,"22,500",2,2005,무하로111번길 50,,-,-
경기도 화성시 남양읍 무송리,642,642,0,금광포란재,81.1484,202110,25,"16,000",12,2005,무하로111번길 50,,-,-
경기도 화성시 남양읍 신남리,1563,1563,0,대광파인밸리골드,84.305,202110,2,"34,000",2,2004,시청로102번길 84,,-,-
경기도 화성시 능동,1109,1109,0,능동마을이지더원,83.5573,202110,16,"68,000",6,2008,동탄원천로 315-34,,-,-
경기도 화성시 능동,1116,1116,0,동탄숲속마을 광명메이루즈,84.496,202110,7,"69,500",5,2008,동탄숲속로 95-1,,-,-
경기도 화성시 능동,1116,1116,0,동탄숲속마을 광명메이루즈,84.496,202110,21,"66,250",10,2008,동탄숲속로 95-1,,-,-
경기도 화성시 능동,1132,1132,0,동탄숲속마을 모아미래도1단지,60.49,202110,16,"59,900",3,2008,동탄숲속로 96,,-,-
경기도 화성시 능동,1115,1115,0,동탄숲속마을자연앤경남아너스빌(1115-0),84.55,202110,11,"72,300",14,2008,동탄숲속로 103,,-,-
경기도 화성시 능동,1039,1039,0,서동탄역우남퍼스트빌아파트,84.2119,202110,2,"54,500",13,2002,10용사로 286,,-,-
경기도 화성시 능동,1039,1039,0,서동탄역우남퍼스트빌아파트,84.2119,202110,7,"47,000",1,2002,10용사로 286,,-,-
경기도 화성시 능동,1282,1282,0,서동탄역파크자이,84.976,202110,2,"74,000",6,2018, 61-9,,-,-
경기도 화성시 능동,1282,1282,0,서동탄역파크자이,76.9706,202110,10,"68,000",11,2018, 61-9,,-,-
경기도 화성시 능동,1282,1282,0,서동탄역파크자이,84.976,202110,26,"75,000",9,2018, 61-9,,-,-
경기도 화성시 능동,1131,1131,0,자연앤데시앙,59.52,202110,5,"59,700",13,2008,동탄숲속로 68,,-,-
경기도 화성시 능동,1131,1131,0,자연앤데시앙,84.57,202110,15,"60,000",22,2008,동탄숲속로 68,,-,-
경기도 화성시 능동,1134,1134,0,포스코더샵2차,117.5061,202110,2,"81,500",8,2008,동탄공원로 21-12,,-,-
경기도 화성시 능동,1134,1134,0,포스코더샵2차,76.5336,202110,8,"62,500",24,2008,동탄공원로 21-12,,-,-
경기도 화성시 능동,1134,1134,0,포스코더샵2차,76.5336,202110,16,"59,900",18,2008,동탄공원로 21-12,,-,-
경기도 화성시 능동,1134,1134,0,포스코더샵2차,101.0812,202110,16,"74,100",3,2008,동탄공원로 21-12,,-,-
경기도 화성시 능동,1134,1134,0,포스코더샵2차,84.6199,202110,16,"67,800",7,2008,동탄공원로 21-12,,-,-
경기도 화성시 능동,1137,1137,0,푸른마을두산위브,81.49,202110,28,"55,000",22,2007,동탄공원로 21-40,,-,-
경기도 화성시 능동,1151,1151,0,푸른마을모아미래도,59.192,202110,4,"55,600",5,2008,동탄공원로 21-11,,-,-
경기도 화성시 매송면 원평리,Jan-78,78,1,유원아파트,69.9739,202110,2,"11,000",2,2003,화성로2397번길 40,,-,-
경기도 화성시 매송면 원평리,Jan-78,78,1,유원아파트,66.726,202110,2,"11,000",5,2003,화성로2397번길 40,,-,-
경기도 화성시 목동,가-,0,0,동탄2신도시 베라체,84.98,202110,13,"66,000",8,2018,동탄순환대로20길 13,,-,-
경기도 화성시 목동,BL-,0,0,동탄2신도시호반베르디움22단지,53.4754,202110,6,"64,500",11,2017,동탄순환대로20길 104,,-,-
경기도 화성시 목동,BL-,0,0,동탄2신도시호반베르디움22단지,53.4754,202110,10,"64,000",9,2017,동탄순환대로20길 104,,-,-
경기도 화성시 목동,BL-,0,0,동탄2신도시호반베르디움22단지,53.4754,202110,14,"64,900",6,2017,동탄순환대로20길 104,,-,-
경기도 화성시 목동,가-,0,0,동탄동원로얄듀크2차,74.5395,202110,15,"71,000",22,2019,동탄순환대로19길 21,,-,-
경기도 화성시 목동,118-17,118,17,이편한세상동탄,74.44,202110,2,"73,000",9,2018,동탄순환대로20길 31,,-,-
경기도 화성시 목동,118-17,118,17,이편한세상동탄,84.2,202110,11,"75,000",8,2018,동탄순환대로20길 31,,-,-
경기도 화성시 목동,가-,0,0,한신더휴,83.7489,202110,5,"80,900",14,2018,동탄순환대로20길 70,,-,-
경기도 화성시 목동,가-,0,0,한신더휴,83.7489,202110,28,"77,500",15,2018,동탄순환대로20길 70,,-,-
경기도 화성시 목동,365,365,0,호반베르디움센트럴포레,84.8388,202110,2,"72,800",21,2017,동탄신리천로1길 74,,-,-
경기도 화성시 목동,365,365,0,호반베르디움센트럴포레,84.669,202110,5,"71,000",3,2017,동탄신리천로1길 74,,-,-
경기도 화성시 목동,365,365,0,호반베르디움센트럴포레,84.8388,202110,8,"74,500",14,2017,동탄신리천로1길 74,,-,-
경기도 화성시 목동,365,365,0,호반베르디움센트럴포레,84.8388,202110,8,"76,700",12,2017,동탄신리천로1길 74,,-,-
경기도 화성시 목동,365,365,0,호반베르디움센트럴포레,84.8388,202110,21,"77,600",15,2017,동탄신리천로1길 74,,-,-
경기도 화성시 목동,가-,0,0,힐스테이트동탄,61.9248,202110,6,"71,000",4,2019,동탄순환대로19길 59,,-,-
경기도 화성시 목동,가-,0,0,힐스테이트동탄,74.9757,202110,7,"79,800",7,2019,동탄순환대로19길 59,,-,-
경기도 화성시 목동,가-,0,0,힐스테이트동탄,84.8479,202110,7,"94,000",25,2019,동탄순환대로19길 59,,-,-
경기도 화성시 목동,가-,0,0,힐스테이트동탄,61.9248,202110,11,"68,700",4,2019,동탄순환대로19길 59,,-,-
경기도 화성시 목동,가-,0,0,힐스테이트동탄,74.9502,202110,13,"80,000",6,2019,동탄순환대로19길 59,,-,-
경기도 화성시 목동,가-,0,0,힐스테이트동탄,61.9248,202110,30,"71,200",15,2019,동탄순환대로19길 59,,-,-
경기도 화성시 반송동,96,96,0,METAPOLIS,128.44,202110,5,"125,000",13,2010,동탄중앙로 220,,-,-
경기도 화성시 반송동,96,96,0,METAPOLIS,128.44,202110,6,"128,000",16,2010,동탄중앙로 220,,-,-
경기도 화성시 반송동,96,96,0,METAPOLIS,107.778,202110,25,"119,000",35,2010,동탄중앙로 220,,-,-
경기도 화성시 반송동,98,98,0,METAPOLIS,126.772,202110,1,"128,000",40,2010,동탄중앙로 200,,-,-
경기도 화성시 반송동,98,98,0,METAPOLIS,96.22,202110,20,"107,000",47,2010,동탄중앙로 200,,-,-
경기도 화성시 반송동,98,98,0,METAPOLIS,107.778,202110,27,"115,000",31,2010,동탄중앙로 200,,-,-
경기도 화성시 반송동,215,215,0,나루마을신도브래뉴,103.9466,202110,11,"86,500",13,2007,동탄반석로 41,,-,-
경기도 화성시 반송동,222,222,0,나루마을한화꿈에그린우림필유,84.94,202110,3,"69,000",11,2007,동탄반석로 42,,-,-
경기도 화성시 반송동,222,222,0,나루마을한화꿈에그린우림필유,84.94,202110,19,"67,900",10,2007,동탄반석로 42,,-,-
경기도 화성시 반송동,101,101,0,동탄시범다은마을 메타역 롯데캐슬,84.157,202110,2,"81,900",8,2007,메타폴리스로 22,,-,-
경기도 화성시 반송동,101,101,0,동탄시범다은마을 메타역 롯데캐슬,103.295,202110,14,"87,500",4,2007,메타폴리스로 22,,-,-
경기도 화성시 반송동,101,101,0,동탄시범다은마을 메타역 롯데캐슬,103.295,202110,16,"93,000",20,2007,메타폴리스로 22,,-,-
경기도 화성시 반송동,80,80,0,동탄시범다은마을 월드메르디앙 반도유보라,59.07,202110,1,"70,500",15,2007,동탄중앙로 189,,-,-
경기도 화성시 반송동,80,80,0,동탄시범다은마을 월드메르디앙 반도유보라,76.78,202110,2,"77,500",7,2007,동탄중앙로 189,,-,-
경기도 화성시 반송동,80,80,0,동탄시범다은마을 월드메르디앙 반도유보라,59.07,202110,5,"70,500",25,2007,동탄중앙로 189,,-,-
경기도 화성시 반송동,80,80,0,동탄시범다은마을 월드메르디앙 반도유보라,59.07,202110,11,"70,000",21,2007,동탄중앙로 189,,-,-
경기도 화성시 반송동,80,80,0,동탄시범다은마을 월드메르디앙 반도유보라,59.07,202110,11,"68,500",10,2007,동탄중앙로 189,,-,-
경기도 화성시 반송동,80,80,0,동탄시범다은마을 월드메르디앙 반도유보라,59.07,202110,16,"68,500",11,2007,동탄중앙로 189,,-,-
경기도 화성시 반송동,107-4,107,4,동탄에스원센트로빌,14.8,202110,12,"3,800",4,2007,동탄문화센터로 71-17,,-,-
경기도 화성시 반송동,Sep-93,93,9,동탄하이페리온,107.13,202110,5,"74,500",32,2010,동탄반석로 156,,-,-
경기도 화성시 반송동,106-7,106,7,서해더블루(106-7),110.4445,202110,11,"62,000",9,2010,동탄문화센터로 75,,-,-
경기도 화성시 반송동,Jun-93,93,6,센트럴S타운,15.09,202110,12,"8,210",11,2008,메타폴리스로 47-25,,-,-
경기도 화성시 반송동,Jun-93,93,6,센트럴S타운,20.9,202110,13,"10,800",8,2008,메타폴리스로 47-25,,-,-
경기도 화성시 반송동,Jun-93,93,6,센트럴S타운,13.2,202110,18,"3,450",11,2008,메타폴리스로 47-25,,-,-
경기도 화성시 반송동,Jun-93,93,6,센트럴S타운,19.35,202110,21,"10,500",10,2008,메타폴리스로 47-25,,-,-
경기도 화성시 반송동,140,140,0,솔빛마을서해그랑블,100.705,202110,6,"88,500",10,2007,동탄문화센터로 38,,-,-
경기도 화성시 반송동,134,134,0,솔빛마을신도브래뉴,79.6171,202110,1,"65,800",14,2007,동탄반석로 72,,-,-
경기도 화성시 반송동,134,134,0,솔빛마을신도브래뉴,84.753,202110,4,"68,500",17,2007,동탄반석로 72,,-,-
경기도 화성시 반송동,134,134,0,솔빛마을신도브래뉴,84.9245,202110,7,"71,300",16,2007,동탄반석로 72,,-,-
경기도 화성시 반송동,134,134,0,솔빛마을신도브래뉴,84.753,202110,9,"69,000",13,2007,동탄반석로 72,,-,-
경기도 화성시 반송동,134,134,0,솔빛마을신도브래뉴,79.6171,202110,12,"65,900",20,2007,동탄반석로 72,,-,-
경기도 화성시 반송동,135,135,0,솔빛마을쌍용예가,84.991,202110,8,"68,000",4,2007,동탄반석로 71,,-,-
경기도 화성시 반송동,100,100,0,시범다은마을삼성래미안,84.6098,202110,1,"78,900",3,2007,메타폴리스로 6,,-,-
경기도 화성시 반송동,100,100,0,시범다은마을삼성래미안,96.974,202110,3,"89,000",13,2007,메타폴리스로 6,,-,-
경기도 화성시 반송동,100,100,0,시범다은마을삼성래미안,84.6098,202110,9,"81,000",14,2007,메타폴리스로 6,,-,-
경기도 화성시 반송동,100,100,0,시범다은마을삼성래미안,84.6098,202110,16,"85,500",10,2007,메타폴리스로 6,,-,-
경기도 화성시 반송동,79,79,0,시범다은마을우남퍼스트빌,67.0661,202110,15,"61,300",2,2007,동탄중앙로 171,,-,-
경기도 화성시 반송동,102,102,0,시범다은마을포스코더샵,98.4746,202110,5,"77,000",15,2007,동탄문화센터로 39-1,,-,-
경기도 화성시 반송동,102,102,0,시범다은마을포스코더샵,98.4746,202110,15,"90,900",20,2007,동탄문화센터로 39-1,,-,-
경기도 화성시 반송동,102,102,0,시범다은마을포스코더샵,98.4746,202110,25,"87,900",17,2007,동탄문화센터로 39-1,,-,-
경기도 화성시 반송동,75,75,0,시범다은마을풍성신미주,79.84,202110,2,"57,700",4,2008,동탄공원로1길 6-59,,-,-
경기도 화성시 반송동,75,75,0,시범다은마을풍성신미주,81.512,202110,16,"69,000",2,2008,동탄공원로1길 6-59,,-,-
경기도 화성시 반송동,83,83,0,시범한빛마을삼부르네상스,84.691,202110,4,"78,000",6,2007,동탄반석로 207,,-,-
경기도 화성시 반송동,83,83,0,시범한빛마을삼부르네상스,84.691,202110,7,"80,000",6,2007,동탄반석로 207,,-,-
경기도 화성시 반송동,21,21,0,시범한빛마을한화꿈에그린,84.8,202110,2,"90,500",20,2007,동탄시범한빛길 10,,-,-
경기도 화성시 반월동,960,960,0,e편한세상반월나노시티역,75.94,202110,8,"85,500",9,2017,효행로 1337-23,,-,-
경기도 화성시 반월동,960,960,0,e편한세상반월나노시티역,84.97,202110,16,"89,900",1,2017,효행로 1337-23,,-,-
경기도 화성시 반월동,880,880,0,반달마을두산위브1단지,84.927,202110,6,"60,000",3,2007,영통로50번길 27,,-,-
경기도 화성시 반월동,880,880,0,반달마을두산위브1단지,84.927,202110,12,"64,000",11,2007,영통로50번길 27,,-,-
경기도 화성시 반월동,885,885,0,반달마을푸르지오,84.899,202110,5,"60,000",5,2007,영통로26번길 24,,-,-
경기도 화성시 반월동,885,885,0,반달마을푸르지오,84.899,202110,6,"60,000",6,2007,영통로26번길 24,,-,-
경기도 화성시 반월동,865-1,865,1,신영통현대1차,134.97,202110,8,"61,000",18,2001,영통로61번길 10,,-,-
경기도 화성시 반월동,865-1,865,1,신영통현대1차,84.99,202110,11,"54,800",10,2001,영통로61번길 10,,-,-
경기도 화성시 반월동,865-1,865,1,신영통현대1차,119.79,202110,11,"61,200",5,2001,영통로61번길 10,,-,-
경기도 화성시 반월동,865-1,865,1,신영통현대1차,84.99,202110,29,"51,900",8,2001,영통로61번길 10,,-,-
경기도 화성시 반월동,868,868,0,신영통현대2차,158.75,202110,1,"65,000",12,2002,영통로27번길 53,,-,-
경기도 화성시 반월동,868,868,0,신영통현대2차,84.99,202110,4,"51,000",4,2002,영통로27번길 53,,-,-
경기도 화성시 반월동,868,868,0,신영통현대2차,158.75,202110,11,"63,000",14,2002,영통로27번길 53,,-,-
경기도 화성시 반월동,860,860,0,신영통현대3차,84.93,202110,4,"53,000",16,2001,영통로27번길 35,,-,-
경기도 화성시 반월동,860,860,0,신영통현대3차,59.76,202110,5,"44,900",17,2001,영통로27번길 35,,-,-
경기도 화성시 반월동,860,860,0,신영통현대3차,84.99,202110,5,"44,000",11,2001,영통로27번길 35,,-,-
경기도 화성시 반월동,870,870,0,신영통현대4차,84.9485,202110,25,"54,500",16,2002,영통로27번길 20,,-,-
경기도 화성시 반월동,944,944,0,에스케이뷰파크,59.9985,202110,2,"62,000",2,2015,동탄원천로 382-37,,-,-
경기도 화성시 반월동,944,944,0,에스케이뷰파크,84.9625,202110,16,"88,500",23,2015,동탄원천로 382-37,,-,-
경기도 화성시 병점동,282,282,0,남수원두산,84.9,202110,1,"52,600",10,2000,병점서로 8,,-,-
경기도 화성시 병점동,822,822,0,느치미마을2단지,51.86,202110,8,"41,000",6,2004,병점3로 74,,-,-
경기도 화성시 병점동,821,821,0,느치미마을주공뜨란채3단지,84.91,202110,11,"55,000",13,2004,병점3로 88,,-,-
경기도 화성시 병점동,821,821,0,느치미마을주공뜨란채3단지,75.63,202110,23,"50,000",5,2004,병점3로 88,,-,-
경기도 화성시 병점동,866,866,0,다정마을신한에스빌1차,84.8819,202110,2,"53,000",16,2005,병점3로 53,,-,-
경기도 화성시 병점동,866,866,0,다정마을신한에스빌1차,84.8819,202110,6,"51,000",8,2005,병점3로 53,,-,-
경기도 화성시 병점동,359,359,0,대창,84.97,202110,15,"49,500",1,1997,병점2로 15,,-,-
경기도 화성시 병점동,500-1,500,1,병점성호,84.965,202110,14,"38,000",1,2001,10용사로 221,,-,-
경기도 화성시 병점동,868,868,0,병점임광그대가,84.95,202110,1,"26,000",4,2007,병점중앙로21번길 26,20211025,-,-
경기도 화성시 병점동,506,506,0,송화마을우남퍼스트빌3차,83.7357,202110,20,"36,000",1,2001,태안로 50,,-,-
경기도 화성시 병점동,201-2,201,2,신미주,59.94,202110,4,"46,000",10,1999,효행로1156번길 22,,-,-
경기도 화성시 병점동,849,849,0,안화동마을주공7단지,51.72,202110,7,"43,000",15,2004,병점3로 158,,-,-
경기도 화성시 병점동,849,849,0,안화동마을주공7단지,59.92,202110,14,"46,000",17,2004,병점3로 158,,-,-
경기도 화성시 병점동,849,849,0,안화동마을주공7단지,59.92,202110,22,"45,000",4,2004,병점3로 158,,-,-
경기도 화성시 병점동,819,819,0,안화동마을주공9단지,84.87,202110,2,"47,700",1,2005,병점3로 117,,-,-
경기도 화성시 병점동,819,819,0,안화동마을주공9단지,84.87,202110,16,"59,000",15,2005,병점3로 117,,-,-
경기도 화성시 병점동,858,858,0,정든마을신창2차,101.983,202110,2,"62,000",17,2004,병점2로 102,,-,-
경기도 화성시 병점동,809,809,0,주공1단지,59.8,202110,7,"39,000",6,1997,병점2로 35,,-,-
경기도 화성시 병점동,809,809,0,주공1단지,49.95,202110,8,"34,100",8,1997,병점2로 35,,-,-
경기도 화성시 병점동,809,809,0,주공1단지,59.47,202110,16,"26,000",15,1997,병점2로 35,,-,-
경기도 화성시 병점동,485,485,0,한신,59.808,202110,8,"40,900",9,1999,병점1로 82,,-,-
경기도 화성시 병점동,485,485,0,한신,84.918,202110,8,"46,000",8,1999,병점1로 82,,-,-
경기도 화성시 병점동,485,485,0,한신,59.808,202110,13,"41,000",9,1999,병점1로 82,,-,-
경기도 화성시 병점동,485,485,0,한신,59.808,202110,14,"41,000",9,1999,병점1로 82,,-,-
경기도 화성시 병점동,485,485,0,한신,84.918,202110,16,"49,500",15,1999,병점1로 82,,-,-
경기도 화성시 병점동,520,520,0,한일타운,59.97,202110,1,"31,000",14,2001,태안로 85,,-,-
경기도 화성시 봉담읍 동화리,647,647,0,봉담신동아파밀리에,101.4047,202110,7,"65,000",20,2015,동화새터길 55-39,,-,-
경기도 화성시 봉담읍 동화리,647,647,0,봉담신동아파밀리에,84.9525,202110,8,"56,000",12,2015,동화새터길 55-39,,-,-
경기도 화성시 봉담읍 동화리,647,647,0,봉담신동아파밀리에,125.4779,202110,11,"74,000",4,2015,동화새터길 55-39,,-,-
경기도 화성시 봉담읍 동화리,100-1,100,1,신일우남클래식타운,59.855,202110,6,"30,200",15,1999,효행로 240,,-,-
경기도 화성시 봉담읍 동화리,580,580,0,휴먼시아동화마을(6단지),84.91,202110,2,"48,000",11,2007,동화길 122,,-,-
경기도 화성시 봉담읍 동화리,580,580,0,휴먼시아동화마을(6단지),84.91,202110,7,"48,000",15,2007,동화길 122,,-,-
경기도 화성시 봉담읍 동화리,628,628,0,휴먼시아동화마을5단지,84.91,202110,4,"45,800",8,2008,동화역말길 22,,-,-
경기도 화성시 봉담읍 상리,668,668,0,이편한세상신봉담,59.96,202110,9,"59,000",13,2019,상리1길 127,,-,-
경기도 화성시 봉담읍 상리,668,668,0,이편한세상신봉담,51.98,202110,16,"47,000",4,2019,상리1길 127,,-,-
경기도 화성시 봉담읍 상리,02월 21일,21,2,한신,59.96,202110,5,"34,800",2,1997,샘마을길 24,,-,-
경기도 화성시 봉담읍 수영리,671,671,0,양지마을쌍용예가,114.4442,202110,12,"70,000",15,2007,매송고색로422번길 57,,-,-
경기도 화성시 봉담읍 수영리,679,679,0,우방아이유쉘2단지,84.9986,202110,11,"53,700",2,2017,수영로 61-7,,-,-
경기도 화성시 봉담읍 수영리,672,672,0,한울마을신창비바패밀리1단지,123.3429,202110,19,"64,000",13,2008,수영로 61-14,,-,-
경기도 화성시 봉담읍 수영리,673,673,0,한울마을신창비바패밀리2단지,84.8893,202110,13,"52,300",8,2008,수영로82번길 4,,-,-
경기도 화성시 봉담읍 와우리,238,238,0,다온마을쌍용스윗닷홈,84.5862,202110,12,"33,000",8,2006,와우로34번길 30,,-,-
경기도 화성시 봉담읍 와우리,10,10,0,동보와우리아파트,24.3616,202110,1,"7,400",12,1999,와우로34번길 48,,-,-
경기도 화성시 봉담읍 와우리,10,10,0,동보와우리아파트,24.3616,202110,11,"7,100",7,1999,와우로34번길 48,,-,-
경기도 화성시 봉담읍 와우리,10,10,0,동보와우리아파트,24.3616,202110,13,"6,800",6,1999,와우로34번길 48,,-,-
경기도 화성시 봉담읍 와우리,10,10,0,동보와우리아파트,24.3616,202110,13,"6,800",4,1999,와우로34번길 48,,-,-
경기도 화성시 봉담읍 와우리,10,10,0,동보와우리아파트,24.3616,202110,13,"6,800",4,1999,와우로34번길 48,20211029,-,-
경기도 화성시 봉담읍 와우리,10,10,0,동보와우리아파트,24.3616,202110,16,"7,300",15,1999,와우로34번길 48,,-,-
경기도 화성시 봉담읍 와우리,597,597,0,봉담센트럴푸르지오,74.9123,202110,4,"62,700",21,2017,와우로34번길 12,,-,-
경기도 화성시 봉담읍 와우리,597,597,0,봉담센트럴푸르지오,59.8334,202110,30,"50,000",10,2017,와우로34번길 12,,-,-
경기도 화성시 봉담읍 와우리,590,590,0,봉담아이파크,84.6147,202110,11,"48,500",9,2009,와우로34번길 11,,-,-
경기도 화성시 봉담읍 와우리,590,590,0,봉담아이파크,148.9125,202110,16,"80,000",19,2009,와우로34번길 11,,-,-
경기도 화성시 봉담읍 와우리,602,602,0,봉담한신더휴에듀파크,59.9708,202110,2,"52,000",12,2019,와우로 18,,-,-
경기도 화성시 봉담읍 와우리,602,602,0,봉담한신더휴에듀파크,59.9708,202110,4,"53,000",24,2019,와우로 18,,-,-
경기도 화성시 봉담읍 와우리,602,602,0,봉담한신더휴에듀파크,59.9708,202110,9,"52,000",28,2019,와우로 18,,-,-
경기도 화성시 봉담읍 와우리,591,591,0,봉담휴먼빌,84.953,202110,28,"50,500",24,2012,와우로 51,,-,-
경기도 화성시 봉담읍 와우리,210-26,210,26,수성효성,59.73,202110,30,"19,500",10,1996,와우로15번길 55-5,,-,-
경기도 화성시 봉담읍 와우리,20,20,0,신명,59.96,202110,16,"26,000",19,1999,와우로34번길 63,,-,-
경기도 화성시 봉담읍 와우리,237,237,0,신일해피트리2차,84.626,202110,2,"37,500",4,2005,효행로 370-6,,-,-
경기도 화성시 봉담읍 와우리,237,237,0,신일해피트리2차,84.626,202110,7,"30,000",16,2005,효행로 370-6,,-,-
경기도 화성시 봉담읍 와우리,237,237,0,신일해피트리2차,84.626,202110,18,"36,700",3,2005,효행로 370-6,,-,-
경기도 화성시 봉담읍 와우리,237,237,0,신일해피트리2차,59.746,202110,28,"28,500",4,2005,효행로 370-6,,-,-
경기도 화성시 봉담읍 와우리,01월 24일,24,1,영풍,59.83,202110,5,"24,000",6,1998,와우로 74-7,,-,-
경기도 화성시 봉담읍 와우리,240,240,0,해오름마을봉담그대가2단지,84.942,202110,11,"42,900",13,2007,참샘길 33,,-,-
경기도 화성시 비봉면 양노리,281-2,281,2,스타캐슬,80.076,202110,13,"28,000",9,2018,양노로 78-1,,-,-
경기도 화성시 산척동,744,744,0,그린힐 반도유보라 아이비파크 10(1단지),59.7731,202110,29,"57,000",13,2018,동탄순환대로12길 85,,-,-
경기도 화성시 산척동,722,722,0,더레이크시티부영1단지,84.52,202110,16,"94,800",10,2018,동탄순환대로11길 20,,-,-
경기도 화성시 산척동,722,722,0,더레이크시티부영1단지,84.5442,202110,22,"93,500",8,2018,동탄순환대로11길 20,,-,-
경기도 화성시 산척동,721,721,0,더레이크시티부영2단지,84.5413,202110,2,"92,800",3,2018,동탄산척로 124,,-,-
경기도 화성시 산척동,721,721,0,더레이크시티부영2단지,84.5442,202110,7,"102,500",6,2018,동탄산척로 124,,-,-
경기도 화성시 산척동,718,718,0,더레이크시티부영3단지,84.52,202110,2,"129,000",6,2018,동탄산척로 92,,-,-
경기도 화성시 산척동,718,718,0,더레이크시티부영3단지,88.025,202110,16,"105,000",27,2018,동탄산척로 92,,-,-
경기도 화성시 산척동,729,729,0,더레이크시티부영4단지,60.3768,202110,4,"82,500",7,2019,동탄순환대로7길 21,,-,-
경기도 화성시 산척동,730,730,0,더레이크시티부영5단지,84.52,202110,13,"101,000",23,2018,동탄순환대로7길 22,,-,-
경기도 화성시 산척동,699,699,0,동탄 더샵 레이크에듀타운,84.9802,202110,1,"111,500",7,2019,동탄대로10길 20,,-,-
경기도 화성시 산척동,699,699,0,동탄 더샵 레이크에듀타운,84.9802,202110,2,"115,000",20,2019,동탄대로10길 20,,-,-
경기도 화성시 산척동,745,745,0,레이크힐 반도유보라 아이비파크 10.2,84.9991,202110,5,"70,000",13,2018,동탄순환대로10길 88,,-,-
경기도 화성시 산척동,745,745,0,레이크힐 반도유보라 아이비파크 10.2,96.7859,202110,5,"85,000",19,2018,동탄순환대로10길 88,,-,-
경기도 화성시 산척동,745,745,0,레이크힐 반도유보라 아이비파크 10.2,96.7859,202110,7,"74,700",7,2018,동탄순환대로10길 88,,-,-
경기도 화성시 새솔동,가-,0,0,금강펜테리움센트럴파크송산,84.34,202110,9,"71,000",15,2019,수노을1로 192,,-,-
경기도 화성시 새솔동,가-,0,0,더펠리체휴먼빌,70.593,202110,16,"60,000",3,2018,수노을1로 235,,-,-
경기도 화성시 새솔동,가-,0,0,송산그린시티이지더원레이크뷰아파트,84.9256,202110,9,"65,800",1,2018,수노을1로 191,,-,-
경기도 화성시 석우동,55,55,0,롯데캐슬,87.64,202110,2,"80,000",18,2008,동탄반석로 231,,-,-
경기도 화성시 석우동,55,55,0,롯데캐슬,111.04,202110,2,"100,000",17,2008,동탄반석로 231,,-,-
경기도 화성시 석우동,55,55,0,롯데캐슬,87.64,202110,2,"82,000",13,2008,동탄반석로 231,,-,-
경기도 화성시 석우동,55,55,0,롯데캐슬,87.64,202110,6,"75,000",2,2008,동탄반석로 231,,-,-
경기도 화성시 석우동,55,55,0,롯데캐슬,129.93,202110,16,"121,500",19,2008,동탄반석로 231,,-,-
경기도 화성시 석우동,55,55,0,롯데캐슬,87.64,202110,30,"84,000",16,2008,동탄반석로 231,,-,-
경기도 화성시 석우동,56,56,0,신일유토빌,128.379,202110,8,"89,000",9,2008,동탄반석로 232,,-,-
경기도 화성시 석우동,56,56,0,신일유토빌,128.379,202110,21,"90,500",12,2008,동탄반석로 232,,-,-
경기도 화성시 석우동,49,49,0,푸르지오,75.076,202110,2,"64,600",3,2008,동탄반석로 264,,-,-
경기도 화성시 석우동,49,49,0,푸르지오,84.065,202110,2,"75,000",9,2008,동탄반석로 264,,-,-
경기도 화성시 송동,693,693,0,동탄2하우스디더레이크,59.99,202110,13,"89,000",10,2016,동탄대로9길 19,,-,-
경기도 화성시 송산동,222,222,0,솔뫼마을한승미메이드,83.8704,202110,5,"40,000",10,2005,화산중앙로 34,,-,-
경기도 화성시 송산동,97-129,97,129,신현대1차,39.15,202110,6,"13,500",5,1991,효행로853번길 23,,-,-
경기도 화성시 송산동,97-129,97,129,신현대1차,59.37,202110,16,"25,500",3,1991,효행로853번길 23,,-,-
경기도 화성시 송산동,97-129,97,129,신현대1차,39.15,202110,30,"17,500",1,1991,효행로853번길 23,,-,-
경기도 화성시 송산동,Feb-97,97,2,신현대2차,58.14,202110,13,"24,500",5,1992,효행로853번길 31-9,,-,-
경기도 화성시 송산동,Feb-97,97,2,신현대2차,50.04,202110,14,"6,500",6,1992,효행로853번길 31-9,,-,-
경기도 화성시 송산동,200-32,200,32,우남블루존,59.91,202110,4,"26,500",12,1999,화산북로 14,20211025,-,-
경기도 화성시 송산동,200-32,200,32,우남블루존,59.91,202110,4,"26,500",12,1999,화산북로 14,,-,-
경기도 화성시 송산동,Feb-98,98,2,효일목화,59.94,202110,4,"20,000",10,1994,효행로 813-1,,-,-
경기도 화성시 송산면 사강리,693-4,693,4,건우아트팰리스,59.06,202110,5,"20,000",4,2017,사강시장길 37,,-,-
경기도 화성시 송산면 사강리,636-6,636,6,사강,76.06,202110,7,"11,800",4,2003,송산포도로 102-27,,-,-
경기도 화성시 송산면 사강리,693-1,693,1,화성사강영도엘리시아,57.5,202110,3,"22,300",5,2019,사강시장길43번길 3,,-,-
경기도 화성시 송산면 사강리,693-1,693,1,화성사강영도엘리시아,59.39,202110,4,"23,000",8,2019,사강시장길43번길 3,,-,-
경기도 화성시 송산면 사강리,693-1,693,1,화성사강영도엘리시아,55.16,202110,7,"22,300",17,2019,사강시장길43번길 3,,-,-
경기도 화성시 송산면 사강리,693-1,693,1,화성사강영도엘리시아,55.16,202110,15,"22,300",16,2019,사강시장길43번길 3,,-,-
경기도 화성시 송산면 사강리,693-1,693,1,화성사강영도엘리시아,55.16,202110,18,"21,900",20,2019,사강시장길43번길 3,,-,-
경기도 화성시 송산면 육일리,726,726,0,포도마을코스코밸리,84.9468,202110,1,"19,000",12,2009,백곡로 130,,-,-
경기도 화성시 송산면 육일리,726,726,0,포도마을코스코밸리,84.9468,202110,4,"20,000",10,2009,백곡로 130,,-,-
경기도 화성시 송산면 육일리,726,726,0,포도마을코스코밸리,84.9468,202110,5,"21,000",13,2009,백곡로 130,,-,-
경기도 화성시 송산면 육일리,726,726,0,포도마을코스코밸리,59.9176,202110,6,"15,000",1,2009,백곡로 130,,-,-
경기도 화성시 송산면 육일리,726,726,0,포도마을코스코밸리,84.9468,202110,7,"18,000",1,2009,백곡로 130,,-,-
경기도 화성시 송산면 육일리,726,726,0,포도마을코스코밸리,59.9176,202110,31,"17,250",8,2009,백곡로 130,,-,-
경기도 화성시 안녕동,211,211,0,다솜마을동문굿모닝힐,84.9907,202110,6,"46,600",15,2006,효행로 846,,-,-
경기도 화성시 안녕동,211,211,0,다솜마을동문굿모닝힐,84.9907,202110,19,"45,500",7,2006,효행로 846,,-,-
경기도 화성시 안녕동,211,211,0,다솜마을동문굿모닝힐,84.9907,202110,30,"41,500",1,2006,효행로 846,,-,-
경기도 화성시 안녕동,223,223,0,안녕동우방아이유쉘,84.7928,202110,19,"51,500",4,2017,안녕남로 246-21,,-,-
경기도 화성시 안녕동,2,2,0,태안성호2차,84.9884,202110,16,"37,000",6,2002,한신대길 67,,-,-
경기도 화성시 안녕동,2,2,0,태안성호2차,84.9884,202110,21,"39,000",8,2002,한신대길 67,,-,-
경기도 화성시 영천동,672,672,0,동탄 파크 이지더원,59.9792,202110,5,"66,300",2,2015,동탄순환대로28길 17,,-,-
경기도 화성시 영천동,672,672,0,동탄 파크 이지더원,84.9731,202110,9,"79,800",5,2015,동탄순환대로28길 17,,-,-
경기도 화성시 영천동,672,672,0,동탄 파크 이지더원,84.9731,202110,9,"77,000",9,2015,동탄순환대로28길 17,,-,-
경기도 화성시 영천동,672,672,0,동탄 파크 이지더원,59.9804,202110,16,"64,000",13,2015,동탄순환대로28길 17,,-,-
경기도 화성시 영천동,가-,0,0,동탄 파크 한양수자인,51.79,202110,5,"53,700",2,2019,동탄대로24가길 30,,-,-
경기도 화성시 영천동,가-,0,0,동탄 파크 한양수자인,74.92,202110,8,"69,800",10,2019,동탄대로24가길 30,,-,-
경기도 화성시 영천동,가-,0,0,동탄 파크 한양수자인,74.96,202110,11,"68,000",9,2019,동탄대로24가길 30,,-,-
경기도 화성시 영천동,720,720,0,동탄에듀밸리사랑으로부영아파트,84.5202,202110,16,"72,700",3,2017,동탄대로24길 199,,-,-
경기도 화성시 영천동,677,677,0,동탄역경남아너스빌,84.0086,202110,4,"90,000",30,2016,동탄순환대로25길 21,,-,-
경기도 화성시 영천동,716,716,0,동탄역반도유보라아이비파크2.0,84.9921,202110,1,"75,000",25,2016,동탄순환대로26길 55,,-,-
경기도 화성시 영천동,716,716,0,동탄역반도유보라아이비파크2.0,84.9921,202110,2,"78,500",19,2016,동탄순환대로26길 55,,-,-
경기도 화성시 영천동,716,716,0,동탄역반도유보라아이비파크2.0,84.9921,202110,5,"78,000",24,2016,동탄순환대로26길 55,,-,-
경기도 화성시 영천동,716,716,0,동탄역반도유보라아이비파크2.0,84.96,202110,12,"78,000",22,2016,동탄순환대로26길 55,,-,-
경기도 화성시 영천동,662,662,0,동탄역센트럴상록아파트,84.91,202110,8,"115,000",12,2017,동탄대로22길 9,,-,-
경기도 화성시 영천동,662,662,0,동탄역센트럴상록아파트,72.35,202110,20,"95,000",17,2017,동탄대로22길 9,,-,-
경기도 화성시 영천동,670,670,0,동탄역센트럴예미지,96.8763,202110,4,"117,000",21,2017,동탄순환대로27길 45,,-,-
경기도 화성시 영천동,788,788,0,동탄역푸르지오,84.643,202110,9,"102,000",16,2017,동탄순환대로 881-10,,-,-
경기도 화성시 영천동,가-,0,0,동탄파크자이,93.4136,202110,2,"90,000",13,2018,동탄대로24길 117,,-,-
경기도 화성시 영천동,가-,0,0,동탄파크자이,99.6918,202110,5,"97,000",13,2018,동탄대로24길 117,,-,-
경기도 화성시 영천동,가-,0,0,동탄파크자이,99.6918,202110,16,"98,500",11,2018,동탄대로24길 117,,-,-
경기도 화성시 오산동,1047,1047,0,동탄2신도시금강펜테리움센트럴파크Ⅰ,84.9758,202110,5,"74,500",2,2016,동탄대로12길 64,,-,-
경기도 화성시 오산동,1047,1047,0,동탄2신도시금강펜테리움센트럴파크Ⅰ,84.9949,202110,9,"76,000",11,2016,동탄대로12길 64,,-,-
경기도 화성시 오산동,1047,1047,0,동탄2신도시금강펜테리움센트럴파크Ⅰ,84.9949,202110,17,"80,000",10,2016,동탄대로12길 64,,-,-
경기도 화성시 오산동,988,988,0,동탄역 반도유보라 아이비파크5.0,84.9739,202110,12,"110,000",13,2017,동탄기흥로 393-15,,-,-
경기도 화성시 오산동,964,964,0,동탄역 신미주,84.896,202110,28,"72,000",11,2005,동탄감배산로 30,,-,-
경기도 화성시 오산동,1020,1020,0,동탄역린스트라우스,92.2542,202110,2,"162,000",35,2018,동탄대로 469-12,,-,-
경기도 화성시 오산동,1020,1020,0,동탄역린스트라우스,84.8421,202110,5,"125,000",4,2018,동탄대로 469-12,,-,-
경기도 화성시 오산동,998,998,0,동탄역에일린의뜰,74.9737,202110,16,"69,000",2,2016,동탄기흥로353번길 77,,-,-
경기도 화성시 오산동,1044,1044,0,반도유보라아이비파크3,59.987,202110,2,"72,000",7,2016,동탄대로12길 17,,-,-
경기도 화성시 우정읍 조암리,484-1,484,1,금광,36.96,202110,1,"6,250",1,2000,조암죽말길 236-6,,-,-
경기도 화성시 우정읍 조암리,484-1,484,1,금광,59.94,202110,6,"10,500",20,2000,조암죽말길 236-6,,-,-
경기도 화성시 우정읍 조암리,363,363,0,기산,59.94,202110,21,"9,500",8,1996,조암서로13번길 14,,-,-
경기도 화성시 우정읍 조암리,791,791,0,화성조암한라비발디,84.9078,202110,19,"29,900",12,2012,조암동로 58,,-,-
경기도 화성시 장안면 사곡리,170,170,0,산호,59.88,202110,7,"10,000",1,1996,사랑길 13,,-,-
경기도 화성시 장안면 사곡리,170,170,0,산호,59.88,202110,16,"10,800",1,1996,사랑길 13,,-,-
경기도 화성시 장안면 사곡리,124-1,124,1,진명101동,45.36,202110,7,"5,700",2,1999,밤밭일원길 131-9,20211015,-,-
경기도 화성시 장안면 사곡리,124-1,124,1,진명101동,45.36,202110,7,"5,700",2,1999,밤밭일원길 131-9,20211015,-,-
경기도 화성시 장지동,966,966,0,금호어울림레이크,74.97,202110,14,"89,000",16,2018,동탄대로4길 17,,-,-
경기도 화성시 장지동,923,923,0,금호어울림레이크2차,74.99,202110,4,"82,000",16,2019,동탄대로1길 32,,-,-
경기도 화성시 장지동,923,923,0,금호어울림레이크2차,74.99,202110,4,"81,000",8,2019,동탄대로1길 32,,-,-
경기도 화성시 장지동,923,923,0,금호어울림레이크2차,84.97,202110,9,"89,300",8,2019,동탄대로1길 32,,-,-
경기도 화성시 장지동,923,923,0,금호어울림레이크2차,74.99,202110,25,"75,000",1,2019,동탄대로1길 32,,-,-
경기도 화성시 장지동,977,977,0,동탄2신도시호반베르디움33단지,76.7676,202110,7,"63,000",3,2018,동탄대로4다길 78,,-,-
경기도 화성시 장지동,977,977,0,동탄2신도시호반베르디움33단지,84.9025,202110,16,"70,000",1,2018,동탄대로4다길 78,,-,-
경기도 화성시 장지동,977,977,0,동탄2신도시호반베르디움33단지,84.9025,202110,23,"71,000",10,2018,동탄대로4다길 78,,-,-
경기도 화성시 장지동,1010,1010,0,동탄2아이파크1단지,84.8688,202110,6,"72,000",18,2019,동탄대로4길 123,,-,-
경기도 화성시 장지동,1010,1010,0,동탄2아이파크1단지,96.9237,202110,9,"85,000",12,2019,동탄대로4길 123,,-,-
경기도 화성시 장지동,1010,1010,0,동탄2아이파크1단지,96.9237,202110,9,"85,000",12,2019,동탄대로4길 123,20211026,-,-
경기도 화성시 장지동,1011,1011,0,동탄2아이파크2단지,96.9237,202110,30,"83,800",14,2019,동탄대로4길 143,,-,-
경기도 화성시 장지동,963,963,0,동탄호수자이파밀리에,59.64,202110,14,"71,800",9,2018,동탄대로2길 19,,-,-
경기도 화성시 장지동,976,976,0,제일풍경채에듀앤파크,59.5765,202110,4,"61,200",7,2018,동탄대로4가길 26,,-,-
경기도 화성시 정남면 덕절리,498,498,0,근형심포니,84.9926,202110,6,"15,800",1,2004,발안로 1155,,-,-
경기도 화성시 정남면 덕절리,498,498,0,근형심포니,84.9926,202110,13,"19,500",10,2004,발안로 1155,,-,-
경기도 화성시 정남면 발산리,490-12,490,12,동남훼미리,39.95,202110,6,"9,300",11,2000,만년로 470,,-,-
경기도 화성시 정남면 발산리,490-12,490,12,동남훼미리,39.808,202110,6,"9,000",3,2000,만년로 470,,-,-
경기도 화성시 정남면 발산리,490-12,490,12,동남훼미리,49.92,202110,15,"12,950",5,2000,만년로 470,,-,-
경기도 화성시 정남면 발산리,490-12,490,12,동남훼미리,39.808,202110,15,"9,300",12,2000,만년로 470,,-,-
경기도 화성시 정남면 발산리,490-12,490,12,동남훼미리,39.808,202110,21,"9,500",10,2000,만년로 470,,-,-
경기도 화성시 정남면 발산리,490-12,490,12,동남훼미리,49.92,202110,30,"13,200",4,2000,만년로 470,,-,-
경기도 화성시 진안동,908,908,0,진안골마을주공10단지,59.56,202110,23,"44,600",12,2004,병점4로 102,,-,-
경기도 화성시 진안동,506,506,0,화남(506-0),59.94,202110,2,"29,600",2,1995,병점중앙로169번길 5,,-,-
경기도 화성시 진안동,506,506,0,화남(506-0),84.39,202110,12,"33,000",11,1995,병점중앙로169번길 5,,-,-
경기도 화성시 청계동,550,550,0,KCC스위첸아파트,84.01,202110,7,"82,000",11,2015,동탄청계로 303-14,,-,-
경기도 화성시 청계동,519,519,0,더샵센트럴시티,97.176,202110,5,"168,000",14,2015,동탄대로시범길 19,,-,-
경기도 화성시 청계동,558,558,0,동탄2신도시대원칸타빌포레지움,84.786,202110,15,"77,000",1,2015,동탄순환대로22길 14,,-,-
경기도 화성시 청계동,538,538,0,동탄2신도시센트럴푸르지오,59.4313,202110,2,"75,000",9,2015,동탄순환대로21길 54,,-,-
경기도 화성시 청계동,538,538,0,동탄2신도시센트럴푸르지오,59.4313,202110,7,"75,000",9,2015,동탄순환대로21길 54,,-,-
경기도 화성시 청계동,538,538,0,동탄2신도시센트럴푸르지오,59.4313,202110,9,"77,900",9,2015,동탄순환대로21길 54,,-,-
경기도 화성시 청계동,538,538,0,동탄2신도시센트럴푸르지오,84.9834,202110,9,"94,500",9,2015,동탄순환대로21길 54,,-,-
경기도 화성시 청계동,545,545,0,동탄2신도시신안인스빌1차,84.9838,202110,2,"82,000",2,2015,동탄순환대로21길 15,,-,-
경기도 화성시 청계동,545,545,0,동탄2신도시신안인스빌1차,84.9814,202110,8,"83,600",19,2015,동탄순환대로21길 15,,-,-
경기도 화성시 청계동,545,545,0,동탄2신도시신안인스빌1차,101.989,202110,22,"89,900",5,2015,동탄순환대로21길 15,20211022,-,-
경기도 화성시 청계동,545,545,0,동탄2신도시신안인스빌1차,101.989,202110,22,"89,900",5,2015,동탄순환대로21길 15,,-,-
경기도 화성시 청계동,552,552,0,동탄2신도시호반베르디움더클래스,59.417,202110,2,"71,800",11,2015,동탄순환대로22길 45,,-,-
경기도 화성시 청계동,512,512,0,동탄역 시범우남퍼스트빌아파트,69.98,202110,9,"114,500",5,2015,동탄대로시범길 276,,-,-
경기도 화성시 청계동,512,512,0,동탄역 시범우남퍼스트빌아파트,84.94,202110,9,"148,000",18,2015,동탄대로시범길 276,,-,-
경기도 화성시 청계동,520,520,0,동탄역 시범한화 꿈에그린 프레스티지,84.89,202110,5,"124,800",4,2015,동탄대로시범길 20,,-,-
경기도 화성시 청계동,520,520,0,동탄역 시범한화 꿈에그린 프레스티지,84.51,202110,18,"133,000",3,2015,동탄대로시범길 20,,-,-
경기도 화성시 청계동,513,513,0,동탄역시범리슈빌아파트,101.74,202110,25,"143,000",13,2015,동탄대로시범길 236,,-,-
경기도 화성시 청계동,533,533,0,동탄역시범반도유보라아이비파크1.0,84.9885,202110,11,"103,500",14,2015,동탄대로시범길 168,,-,-
경기도 화성시 청계동,532,532,0,동탄역시범예미지아파트,84.935,202110,16,"113,000",1,2015,동탄대로시범길 192,,-,-
경기도 화성시 청계동,525,525,0,동탄역시범호반써밋,84.9909,202110,2,"111,000",24,2015,동탄대로시범길 122,,-,-
경기도 화성시 청계동,525,525,0,동탄역시범호반써밋,84.9537,202110,31,"114,000",17,2015,동탄대로시범길 122,,-,-
경기도 화성시 청계동,541,541,0,롯데캐슬 알바트로스,122.9736,202110,1,"120,000",3,2015,동탄순환대로21길 53,,-,-
경기도 화성시 청계동,546,546,0,모아미래도아파트,84.9982,202110,7,"84,900",8,2015,동탄청계로 303-33,,-,-
경기도 화성시 청계동,546,546,0,모아미래도아파트,84.9982,202110,9,"84,800",7,2015,동탄청계로 303-33,,-,-
경기도 화성시 청계동,546,546,0,모아미래도아파트,84.9558,202110,13,"80,400",23,2015,동탄청계로 303-33,,-,-
경기도 화성시 청계동,536,536,0,시범반도유보라아이비파크4.0,96.7283,202110,2,"135,000",10,2018,동탄대로시범길 134,,-,-
경기도 화성시 청계동,536,536,0,시범반도유보라아이비파크4.0,96.7283,202110,14,"128,500",7,2018,동탄대로시범길 134,,-,-
경기도 화성시 청계동,536,536,0,시범반도유보라아이비파크4.0,96.7283,202110,14,"130,500",24,2018,동탄대로시범길 134,,-,-
경기도 화성시 청계동,536,536,0,시범반도유보라아이비파크4.0,84.9705,202110,16,"120,000",10,2018,동탄대로시범길 134,,-,-
경기도 화성시 청계동,547,547,0,신안인스빌리베라2차,72.9996,202110,2,"80,000",8,2016,동탄청계로 303-13,,-,-
경기도 화성시 청계동,547,547,0,신안인스빌리베라2차,59.968,202110,9,"55,000",1,2016,동탄청계로 303-13,,-,-
경기도 화성시 청계동,556,556,0,청계숲사랑으로부영아파트,85.203,202110,5,"75,000",13,2017,동탄순환대로22길 46,,-,-
경기도 화성시 팔탄면 가재리,692-1,692,1,진우,39.6,202110,1,"8,500",16,2002,삼천병마로 584,,-,-
경기도 화성시 팔탄면 가재리,692-1,692,1,진우,39.6,202110,1,"8,500",13,2002,삼천병마로 584,,-,-
경기도 화성시 팔탄면 가재리,692-1,692,1,진우,49.5,202110,2,"10,300",1,2002,삼천병마로 584,,-,-
경기도 화성시 팔탄면 가재리,692-1,692,1,진우,49.5,202110,4,"11,000",15,2002,삼천병마로 584,,-,-
경기도 화성시 팔탄면 가재리,692-1,692,1,진우,49.5,202110,5,"10,500",4,2002,삼천병마로 584,,-,-
경기도 화성시 팔탄면 가재리,692-1,692,1,진우,39.6,202110,7,"8,900",3,2002,삼천병마로 584,,-,-
경기도 화성시 팔탄면 가재리,692-1,692,1,진우,39.6,202110,8,"8,500",19,2002,삼천병마로 584,,-,-
경기도 화성시 팔탄면 가재리,692-1,692,1,진우,39.6,202110,16,"8,000",1,2002,삼천병마로 584,,-,-
경기도 화성시 팔탄면 가재리,692-1,692,1,진우,49.5,202110,16,"11,500",6,2002,삼천병마로 584,,-,-
경기도 화성시 팔탄면 가재리,692-1,692,1,진우,49.5,202110,18,"11,500",18,2002,삼천병마로 584,,-,-
경기도 화성시 팔탄면 가재리,692-1,692,1,진우,49.5,202110,27,"11,000",18,2002,삼천병마로 584,,-,-
경기도 화성시 향남읍 발안리,295,295,0,발안마을주공,51.74,202110,2,"23,700",2,2003,발안서로 11,,-,-
경기도 화성시 향남읍 발안리,295,295,0,발안마을주공,51.74,202110,2,"25,000",15,2003,발안서로 11,,-,-
경기도 화성시 향남읍 발안리,295,295,0,발안마을주공,51.74,202110,9,"22,500",11,2003,발안서로 11,,-,-
경기도 화성시 향남읍 발안리,295,295,0,발안마을주공,59.92,202110,18,"24,500",5,2003,발안서로 11,,-,-
경기도 화성시 향남읍 발안리,305,305,0,우림필유,84.673,202110,2,"36,000",3,2006,발안남로 66,,-,-
경기도 화성시 향남읍 발안리,305,305,0,우림필유,73.611,202110,6,"30,800",7,2006,발안남로 66,,-,-
경기도 화성시 향남읍 발안리,305,305,0,우림필유,84.673,202110,15,"34,000",17,2006,발안남로 66,,-,-
경기도 화성시 향남읍 장짐리,203-17,203,17,가림D동,79.46,202110,16,"16,000",2,2010,푸른들판로 251-6,,-,-
경기도 화성시 향남읍 장짐리,203-17,203,17,가림D동,118.24,202110,16,"21,500",9,2010,푸른들판로 251-6,,-,-
경기도 화성시 향남읍 장짐리,277-3,277,3,신양고층,73.65,202110,2,"15,600",4,1991,푸른들판로257번길 25,,-,-
경기도 화성시 향남읍 장짐리,409,409,0,장짐마을신성발안미소지움,84.9866,202110,8,"34,000",2,2005,삼천병마로 281-15,,-,-
경기도 화성시 향남읍 하길리,1473,1473,0,서봉마을모아엘가,74.1378,202110,18,"47,000",17,2015,상신하길로274번길 61,,-,-
경기도 화성시 향남읍 행정리,485,485,0,살구꽃마을대방노블랜드,84.96,202110,8,"44,850",2,2008,행정중앙2로 83,,-,-
경기도 화성시 향남읍 행정리,485,485,0,살구꽃마을대방노블랜드,84.97,202110,11,"49,000",11,2008,행정중앙2로 83,,-,-
경기도 화성시 향남읍 행정리,485,485,0,살구꽃마을대방노블랜드,84.97,202110,15,"43,000",1,2008,행정중앙2로 83,,-,-
경기도 화성시 향남읍 행정리,491,491,0,살구꽃마을제일오투그란데,118.0155,202110,9,"45,000",13,2008,행정중앙2로 64,,-,-
경기도 화성시 향남읍 행정리,492,492,0,신영지웰,99.5416,202110,11,"58,000",5,2008,행정중앙1로 63,,-,-
경기도 화성시 향남읍 행정리,494,494,0,한일베라체,115.974,202110,1,"75,000",9,2008,행정중앙1로 95,,-,-
경기도 화성시 향남읍 행정리,494,494,0,한일베라체,147.1554,202110,10,"85,000",10,2008,행정중앙1로 95,,-,-
경기도 화성시 향남읍 행정리,482,482,0,향남살구꽃마을화성파크드림,84.9868,202110,14,"42,000",9,2008,행정동로 22,,-,-
경기도 화성시 향남읍 행정리,482,482,0,향남살구꽃마을화성파크드림,84.9078,202110,14,"48,000",19,2008,행정동로 22,,-,-
경기도 화성시 향남읍 행정리,443,443,0,화성향남시범넓은들마을신명스카이뷰,84.9826,202110,16,"53,500",8,2008,행정서로 48,,-,-
경기도 화성시 향남읍 행정리,475,475,0,화성향남시범복사꽃마을상록하늘채아파,84.8478,202110,5,"39,500",15,2009,행정동로 83,,-,-
경기도 화성시 향남읍 행정리,475,475,0,화성향남시범복사꽃마을상록하늘채아파,84.8478,202110,7,"40,000",3,2009,행정동로 83,,-,-
경기도 화성시 향남읍 행정리,475,475,0,화성향남시범복사꽃마을상록하늘채아파,84.8478,202110,22,"42,700",5,2009,행정동로 83,,-,-
경상남도 거제시 거제면 동상리,487,487,0,진우리치빌,84.82,202110,5,"12,000",1,2011,읍내로 21,,-,-
경상남도 거제시 거제면 옥산리,1515,1515,0,거제오션파크자이,84.9435,202110,1,"23,813",7,2017,두동로 259-90,,-,-
경상남도 거제시 거제면 옥산리,1515,1515,0,거제오션파크자이,84.9604,202110,1,"22,900",20,2017,두동로 259-90,,-,-
경상남도 거제시 거제면 옥산리,1515,1515,0,거제오션파크자이,84.9435,202110,1,"23,373",2,2017,두동로 259-90,,-,-
경상남도 거제시 거제면 옥산리,1515,1515,0,거제오션파크자이,84.9604,202110,2,"22,500",13,2017,두동로 259-90,,-,-
경상남도 거제시 거제면 옥산리,1515,1515,0,거제오션파크자이,115.4366,202110,4,"30,000",8,2017,두동로 259-90,,-,-
경상남도 거제시 거제면 옥산리,1515,1515,0,거제오션파크자이,84.9435,202110,6,"24,043",11,2017,두동로 259-90,,-,-
경상남도 거제시 거제면 옥산리,1515,1515,0,거제오션파크자이,84.9604,202110,6,"22,000",12,2017,두동로 259-90,,-,-
경상남도 거제시 거제면 옥산리,1515,1515,0,거제오션파크자이,84.9435,202110,8,"24,043",10,2017,두동로 259-90,,-,-
경상남도 거제시 거제면 옥산리,1515,1515,0,거제오션파크자이,84.9604,202110,8,"23,825",14,2017,두동로 259-90,,-,-
경상남도 거제시 거제면 옥산리,1515,1515,0,거제오션파크자이,84.9435,202110,8,"23,193",3,2017,두동로 259-90,,-,-
경상남도 거제시 거제면 옥산리,1515,1515,0,거제오션파크자이,84.9435,202110,16,"23,000",9,2017,두동로 259-90,,-,-
경상남도 거제시 거제면 옥산리,1515,1515,0,거제오션파크자이,84.9604,202110,22,"23,825",15,2017,두동로 259-90,,-,-
경상남도 거제시 거제면 옥산리,1515,1515,0,거제오션파크자이,84.9604,202110,23,"23,645",6,2017,두동로 259-90,,-,-
경상남도 거제시 거제면 옥산리,1515,1515,0,거제오션파크자이,84.9435,202110,29,"22,000",16,2017,두동로 259-90,,-,-
경상남도 거제시 거제면 옥산리,1515,1515,0,거제오션파크자이,84.9604,202110,31,"23,500",6,2017,두동로 259-90,,-,-
경상남도 거제시 고현동,1081-18,1081,18,e편한세상고현,84.9977,202110,2,"29,800",17,2015,거제대로 4500-45,,-,-
경상남도 거제시 고현동,1081-18,1081,18,e편한세상고현,84.9862,202110,2,"28,900",4,2015,거제대로 4500-45,,-,-
경상남도 거제시 고현동,1081-18,1081,18,e편한세상고현,84.9862,202110,16,"30,500",21,2015,거제대로 4500-45,,-,-
경상남도 거제시 고현동,1081-18,1081,18,e편한세상고현,84.9862,202110,18,"29,500",5,2015,거제대로 4500-45,,-,-
경상남도 거제시 고현동,1062,1062,0,거제2차덕산베스트타운,27,202110,2,"4,200",4,2002,중곡2로 89,,-,-
경상남도 거제시 고현동,1062,1062,0,거제2차덕산베스트타운,59.31,202110,4,"13,300",4,2002,중곡2로 89,,-,-
경상남도 거제시 고현동,1062,1062,0,거제2차덕산베스트타운,27,202110,5,"4,750",9,2002,중곡2로 89,,-,-
경상남도 거제시 고현동,1062,1062,0,거제2차덕산베스트타운,27,202110,8,"4,400",3,2002,중곡2로 89,,-,-
경상남도 거제시 고현동,1062,1062,0,거제2차덕산베스트타운,59.76,202110,8,"14,000",4,2002,중곡2로 89,,-,-
경상남도 거제시 고현동,1062,1062,0,거제2차덕산베스트타운,59.31,202110,8,"13,500",6,2002,중곡2로 89,,-,-
경상남도 거제시 고현동,1062,1062,0,거제2차덕산베스트타운,59.31,202110,8,"14,000",15,2002,중곡2로 89,,-,-
경상남도 거제시 고현동,1062,1062,0,거제2차덕산베스트타운,27,202110,11,"4,700",15,2002,중곡2로 89,,-,-
경상남도 거제시 고현동,1062,1062,0,거제2차덕산베스트타운,59.76,202110,13,"12,650",2,2002,중곡2로 89,,-,-
경상남도 거제시 고현동,1062,1062,0,거제2차덕산베스트타운,59.76,202110,14,"14,700",13,2002,중곡2로 89,,-,-
경상남도 거제시 고현동,1062,1062,0,거제2차덕산베스트타운,59.76,202110,14,"12,850",2,2002,중곡2로 89,,-,-
경상남도 거제시 고현동,1062,1062,0,거제2차덕산베스트타운,27,202110,14,"4,800",8,2002,중곡2로 89,,-,-
경상남도 거제시 고현동,1062,1062,0,거제2차덕산베스트타운,59.76,202110,22,"8,500",1,2002,중곡2로 89,,-,-
경상남도 거제시 고현동,1062,1062,0,거제2차덕산베스트타운,59.31,202110,23,"12,700",12,2002,중곡2로 89,,-,-
경상남도 거제시 고현동,1062,1062,0,거제2차덕산베스트타운,59.76,202110,27,"12,500",1,2002,중곡2로 89,,-,-
경상남도 거제시 고현동,1062,1062,0,거제2차덕산베스트타운,27,202110,29,"5,000",14,2002,중곡2로 89,,-,-
경상남도 거제시 고현동,1062,1062,0,거제2차덕산베스트타운,59.76,202110,30,"12,740",4,2002,중곡2로 89,,-,-
경상남도 거제시 고현동,860,860,0,거제롯데인벤스가,136.9127,202110,7,"41,500",6,2007,서문로 30,,-,-
경상남도 거제시 고현동,860,860,0,거제롯데인벤스가,136.9127,202110,11,"46,200",13,2007,서문로 30,,-,-
경상남도 거제시 고현동,860,860,0,거제롯데인벤스가,182.1893,202110,22,"58,500",14,2007,서문로 30,,-,-
경상남도 거제시 고현동,1069,1069,0,거제양정대동피렌체,74.8936,202110,11,"19,400",12,2004,중곡로2길 56,,-,-
경상남도 거제시 고현동,1034-15,1034,15,거제캐슬,84.98,202110,14,"10,000",6,2003,계룡로6길 18,,-,-
경상남도 거제시 고현동,959-5,959,5,고려1차(101-102동),67.66,202110,3,"13,400",5,1991,서문로1길 20,,-,-
경상남도 거제시 고현동,959-5,959,5,고려1차(101-102동),67.66,202110,6,"12,300",7,1991,서문로1길 20,,-,-
경상남도 거제시 고현동,959-5,959,5,고려1차(101-102동),67.66,202110,26,"12,000",7,1991,서문로1길 20,,-,-
경상남도 거제시 고현동,959-5,959,5,고려1차(101-102동),67.66,202110,27,"11,300",4,1991,서문로1길 20,,-,-
경상남도 거제시 고현동,963-12,963,12,고려3차(101동),54.46,202110,8,"10,200",11,1994,고현로13길 12,,-,-
경상남도 거제시 고현동,963-12,963,12,고려3차(101동),54.46,202110,29,"11,000",5,1994,고현로13길 12,,-,-
경상남도 거제시 고현동,1050,1050,0,고려3차(301-303동),84.69,202110,4,"18,000",7,1993,중곡로 14,,-,-
경상남도 거제시 고현동,1050,1050,0,고려3차(301-303동),74.88,202110,12,"13,400",1,1993,중곡로 14,,-,-
경상남도 거제시 고현동,1051,1051,0,고려4차(501-504동),106.45,202110,9,"22,400",14,1996,중곡로2길 25,,-,-
경상남도 거제시 고현동,1051,1051,0,고려4차(501-504동),59.95,202110,14,"12,000",8,1996,중곡로2길 25,,-,-
경상남도 거제시 고현동,1051,1051,0,고려4차(501-504동),59.95,202110,19,"13,500",11,1996,중곡로2길 25,,-,-
경상남도 거제시 고현동,1056,1056,0,고려5차(601-603동),84.03,202110,5,"17,800",14,1997,중곡로2길 31,,-,-
경상남도 거제시 고현동,1054,1054,0,고려5차(604-605동),84.03,202110,8,"18,000",3,1997,중곡로2길 22,,-,-
경상남도 거제시 고현동,1053,1053,0,고려6차(701-704동),59.781,202110,7,"13,000",14,1997,중곡로2길 12,,-,-
경상남도 거제시 고현동,963-1,963,1,고현주공,39.69,202110,1,"23,200",1,1989,고현로13길 30-8,,-,-
경상남도 거제시 고현동,1039,1039,0,덕산베스트타운,74.08,202110,1,"14,000",4,1998,중곡로 42,,-,-
경상남도 거제시 고현동,1039,1039,0,덕산베스트타운,59.31,202110,7,"13,000",15,1998,중곡로 42,,-,-
경상남도 거제시 고현동,1039,1039,0,덕산베스트타운,59.77,202110,7,"14,000",9,1998,중곡로 42,,-,-
경상남도 거제시 고현동,1039,1039,0,덕산베스트타운,59.31,202110,7,"10,600",2,1998,중곡로 42,,-,-
경상남도 거제시 고현동,1039,1039,0,덕산베스트타운,59.77,202110,11,"14,300",8,1998,중곡로 42,,-,-
경상남도 거제시 고현동,1039,1039,0,덕산베스트타운,59.77,202110,15,"12,400",13,1998,중곡로 42,,-,-
경상남도 거제시 고현동,1039,1039,0,덕산베스트타운,59.31,202110,15,"11,900",8,1998,중곡로 42,,-,-
경상남도 거제시 고현동,1039,1039,0,덕산베스트타운,59.31,202110,19,"14,000",12,1998,중곡로 42,,-,-
경상남도 거제시 고현동,1039,1039,0,덕산베스트타운,59.77,202110,22,"14,200",3,1998,중곡로 42,,-,-
경상남도 거제시 고현동,1039,1039,0,덕산베스트타운,59.77,202110,23,"13,200",4,1998,중곡로 42,,-,-
경상남도 거제시 고현동,161-6,161,6,성내,47.42,202110,8,"5,500",3,1985,거제중앙로13길 31-1,,-,-
경상남도 거제시 고현동,751-1,751,1,송림,54.36,202110,7,"4,000",1,1986,계룡로 168,,-,-
경상남도 거제시 고현동,600-2,600,2,송림파크맨션,84.24,202110,19,"9,911",1,1989,거제중앙로19길 41,,-,-
경상남도 거제시 고현동,1,1,0,스타힐스센트럴,84.991,202110,3,"28,700",3,2015,고현로 138-37,,-,-
경상남도 거제시 고현동,1,1,0,스타힐스센트럴,84.991,202110,4,"27,800",6,2015,고현로 138-37,,-,-
경상남도 거제시 고현동,1,1,0,스타힐스센트럴,84.9648,202110,25,"29,800",11,2015,고현로 138-37,,-,-
경상남도 거제시 고현동,414-2,414,2,주영에이스빌,84.563,202110,22,"16,000",7,2004,거제중앙로7길 18,,-,-
경상남도 거제시 고현동,08월 29일,29,8,한양훼미리,84.72,202110,7,"10,000",3,1991,고현로 121,,-,-
경상남도 거제시 고현동,755-8,755,8,화성타워맨션,59.79,202110,18,"9,100",3,1991,고현로6길 6,,-,-
경상남도 거제시 고현동,959-8,959,8,화인아트빌라(101-104동),68.76,202110,16,"23,700",4,1991,서문로3길 13,,-,-
경상남도 거제시 고현동,969,969,0,화인아트빌라(109-112동),68.76,202110,16,"23,500",1,1991,서문로3길 8,,-,-
경상남도 거제시 능포동,335,335,0,롯데캐슬아일랜드,84.951,202110,30,"17,500",12,2006,능포로2길 62,,-,-
경상남도 거제시 능포동,633-230,633,230,성수,84.77,202110,12,"7,000",9,1993,옥수로8길 31,,-,-
경상남도 거제시 능포동,224,224,0,옥명대우(2차),74.92,202110,11,"14,800",2,2003,능포로2길 38,,-,-
경상남도 거제시 능포동,224,224,0,옥명대우(2차),84.68,202110,27,"15,800",9,2003,능포로2길 38,,-,-
경상남도 거제시 덕포동,779-3,779,3,거제옥포도뮤토1단지,84.98,202110,12,"21,800",10,2017,덕포2길 23,,-,-
경상남도 거제시 덕포동,779-3,779,3,거제옥포도뮤토1단지,84.98,202110,18,"21,800",11,2017,덕포2길 23,,-,-
경상남도 거제시 덕포동,789,789,0,거제옥포도뮤토2단지,84.99,202110,7,"21,659",11,2017,성산로 169,,-,-
경상남도 거제시 덕포동,789,789,0,거제옥포도뮤토2단지,84.98,202110,7,"21,705",3,2017,성산로 169,,-,-
경상남도 거제시 덕포동,789,789,0,거제옥포도뮤토2단지,84.99,202110,12,"21,659",13,2017,성산로 169,,-,-
경상남도 거제시 덕포동,789,789,0,거제옥포도뮤토2단지,84.98,202110,18,"22,200",16,2017,성산로 169,,-,-
경상남도 거제시 덕포동,789,789,0,거제옥포도뮤토2단지,84.99,202110,18,"20,204",1,2017,성산로 169,,-,-
경상남도 거제시 덕포동,109-1,109,1,기산하브뷰,84.9898,202110,25,"14,000",6,2003,덕포6길 15-10,,-,-
경상남도 거제시 문동동,651-2,651,2,거제2차롯데인벤스가,84.8752,202110,16,"18,300",8,2008,거제중앙로 1515,,-,-
경상남도 거제시 문동동,756,756,0,거제센트럴푸르지오,62.9237,202110,5,"19,300",20,2018,문동1길 42,,-,-
경상남도 거제시 문동동,661,661,0,대아푸른솔마을,73.98,202110,5,"8,300",11,2002,거제중앙로 1509-22,,-,-
경상남도 거제시 문동동,661,661,0,대아푸른솔마을,59.99,202110,12,"7,000",5,2002,거제중앙로 1509-22,,-,-
경상남도 거제시 문동동,238,238,0,삼오르네상스,65.9777,202110,1,"7,600",5,2004,거제중앙로 1509-13,,-,-
경상남도 거제시 문동동,238,238,0,삼오르네상스,65.9777,202110,29,"7,000",2,2004,거제중앙로 1509-13,,-,-
경상남도 거제시 사등면 사곡리,918,918,0,거제경남아너스빌,59.49,202110,1,"17,000",5,2017,두동로 30,,-,-
경상남도 거제시 사등면 사곡리,918,918,0,거제경남아너스빌,84.85,202110,2,"22,500",17,2017,두동로 30,,-,-
경상남도 거제시 사등면 사곡리,918,918,0,거제경남아너스빌,59.61,202110,2,"18,000",7,2017,두동로 30,,-,-
경상남도 거제시 사등면 사곡리,918,918,0,거제경남아너스빌,84.85,202110,5,"20,100",22,2017,두동로 30,,-,-
경상남도 거제시 사등면 사곡리,918,918,0,거제경남아너스빌,74.77,202110,9,"16,500",3,2017,두동로 30,,-,-
경상남도 거제시 사등면 사곡리,918,918,0,거제경남아너스빌,84.91,202110,9,"22,000",5,2017,두동로 30,,-,-
경상남도 거제시 사등면 사곡리,918,918,0,거제경남아너스빌,84.85,202110,9,"21,000",10,2017,두동로 30,,-,-
경상남도 거제시 사등면 사곡리,918,918,0,거제경남아너스빌,59.49,202110,9,"16,600",2,2017,두동로 30,,-,-
경상남도 거제시 사등면 사곡리,918,918,0,거제경남아너스빌,74.77,202110,11,"18,200",10,2017,두동로 30,,-,-
경상남도 거제시 사등면 사곡리,918,918,0,거제경남아너스빌,59.49,202110,13,"18,000",15,2017,두동로 30,,-,-
경상남도 거제시 사등면 사곡리,918,918,0,거제경남아너스빌,84.85,202110,13,"22,000",10,2017,두동로 30,,-,-
경상남도 거제시 사등면 사곡리,918,918,0,거제경남아너스빌,84.85,202110,14,"22,500",5,2017,두동로 30,,-,-
경상남도 거제시 사등면 사곡리,918,918,0,거제경남아너스빌,74.77,202110,15,"17,900",11,2017,두동로 30,,-,-
경상남도 거제시 사등면 사곡리,832-3,832,3,사곡영진자이온1단지,73.6486,202110,5,"14,500",13,2014,두동로 54-42,,-,-
경상남도 거제시 사등면 사곡리,832-3,832,3,사곡영진자이온1단지,84.9954,202110,11,"16,900",20,2014,두동로 54-42,,-,-
경상남도 거제시 사등면 사곡리,832-3,832,3,사곡영진자이온1단지,73.6486,202110,17,"15,500",12,2014,두동로 54-42,,-,-
경상남도 거제시 사등면 사곡리,832-3,832,3,사곡영진자이온1단지,73.6486,202110,17,"14,900",5,2014,두동로 54-42,,-,-
경상남도 거제시 사등면 사곡리,832-3,832,3,사곡영진자이온1단지,73.6486,202110,18,"16,000",9,2014,두동로 54-42,,-,-
경상남도 거제시 사등면 사곡리,832-3,832,3,사곡영진자이온1단지,84.9954,202110,25,"18,300",6,2014,두동로 54-42,,-,-
경상남도 거제시 사등면 사곡리,832-9,832,9,사곡영진자이온2단지,84.986,202110,6,"17,500",18,2013,두동로 54-40,,-,-
경상남도 거제시 사등면 사곡리,832-9,832,9,사곡영진자이온2단지,73.6486,202110,9,"15,000",12,2013,두동로 54-40,,-,-
경상남도 거제시 사등면 사곡리,832-9,832,9,사곡영진자이온2단지,84.9954,202110,9,"17,300",15,2013,두동로 54-40,,-,-
경상남도 거제시 사등면 사곡리,832-9,832,9,사곡영진자이온2단지,84.9954,202110,12,"17,000",16,2013,두동로 54-40,,-,-
경상남도 거제시 사등면 사곡리,832-9,832,9,사곡영진자이온2단지,84.986,202110,12,"17,000",8,2013,두동로 54-40,,-,-
경상남도 거제시 사등면 사곡리,832-9,832,9,사곡영진자이온2단지,84.9954,202110,14,"17,600",7,2013,두동로 54-40,,-,-
경상남도 거제시 사등면 사곡리,832-9,832,9,사곡영진자이온2단지,84.9954,202110,15,"17,900",10,2013,두동로 54-40,,-,-
경상남도 거제시 사등면 사곡리,832-9,832,9,사곡영진자이온2단지,84.9954,202110,17,"18,000",3,2013,두동로 54-40,,-,-
경상남도 거제시 사등면 사곡리,832-9,832,9,사곡영진자이온2단지,73.6486,202110,18,"15,700",3,2013,두동로 54-40,,-,-
경상남도 거제시 상동동,1077,1077,0,거제더샵블루시티,84.85,202110,1,"30,500",3,2017,상동5길 100,,-,-
경상남도 거제시 상동동,1077,1077,0,거제더샵블루시티,84.96,202110,2,"32,500",15,2017,상동5길 100,,-,-
경상남도 거제시 상동동,1077,1077,0,거제더샵블루시티,84.96,202110,12,"28,700",2,2017,상동5길 100,,-,-
경상남도 거제시 상동동,1077,1077,0,거제더샵블루시티,84.85,202110,13,"31,000",23,2017,상동5길 100,,-,-
경상남도 거제시 상동동,1077,1077,0,거제더샵블루시티,84.96,202110,20,"28,800",4,2017,상동5길 100,,-,-
경상남도 거제시 상동동,1077,1077,0,거제더샵블루시티,84.85,202110,21,"30,700",10,2017,상동5길 100,,-,-
경상남도 거제시 상동동,1079,1079,0,거제상동벽산블루밍아파트,84.948,202110,7,"25,700",7,2018,상동5길 117-55,,-,-
경상남도 거제시 상동동,1079,1079,0,거제상동벽산블루밍아파트,84.948,202110,12,"25,600",19,2018,상동5길 117-55,,-,-
경상남도 거제시 상동동,1079,1079,0,거제상동벽산블루밍아파트,84.948,202110,18,"25,800",15,2018,상동5길 117-55,,-,-
경상남도 거제시 상동동,735,735,0,대동다숲,84.8354,202110,5,"17,800",5,2005,상동7길 30,,-,-
경상남도 거제시 상동동,735,735,0,대동다숲,116.8787,202110,9,"24,000",4,2005,상동7길 30,,-,-
경상남도 거제시 상동동,735,735,0,대동다숲,73.1692,202110,11,"16,000",6,2005,상동7길 30,,-,-
경상남도 거제시 상동동,735,735,0,대동다숲,73.1692,202110,11,"16,000",6,2005,상동7길 30,20211019,-,-
경상남도 거제시 상동동,735,735,0,대동다숲,116.8787,202110,13,"26,000",15,2005,상동7길 30,,-,-
경상남도 거제시 상동동,50,50,0,덕산3차베스트타운,59.5141,202110,6,"9,700",11,2004,상동1길 15-9,,-,-
경상남도 거제시 상동동,50,50,0,덕산3차베스트타운,59.5141,202110,9,"11,000",9,2004,상동1길 15-9,,-,-
경상남도 거제시 상동동,50,50,0,덕산3차베스트타운,59.5141,202110,22,"10,300",2,2004,상동1길 15-9,,-,-
경상남도 거제시 상동동,50,50,0,덕산3차베스트타운,59.5141,202110,27,"10,000",1,2004,상동1길 15-9,,-,-
경상남도 거제시 상동동,50,50,0,덕산3차베스트타운,59.5141,202110,29,"10,900",15,2004,상동1길 15-9,,-,-
경상남도 거제시 상동동,1041,1041,0,벽산e-솔렌스힐1차,59.9492,202110,1,"18,000",15,2013,상동5길 75-40,,-,-
경상남도 거제시 상동동,1041,1041,0,벽산e-솔렌스힐1차,59.9492,202110,9,"18,300",13,2013,상동5길 75-40,,-,-
경상남도 거제시 상동동,1041,1041,0,벽산e-솔렌스힐1차,84.9011,202110,11,"24,800",8,2013,상동5길 75-40,,-,-
경상남도 거제시 상동동,1041,1041,0,벽산e-솔렌스힐1차,59.9685,202110,19,"17,400",7,2013,상동5길 75-40,,-,-
경상남도 거제시 상동동,927-9,927,9,벽산e-솔렌스힐2차,59.8546,202110,13,"17,500",17,2015,상동5길 117-16,,-,-
경상남도 거제시 상동동,Sep-54,54,9,벽산e솔렌스힐3차,84.9851,202110,8,"21,000",8,2015,상동5길 117-50,,-,-
경상남도 거제시 상동동,479,479,0,삼성명가타운,78.035,202110,13,"15,700",10,2000,거제중앙로3길 15,,-,-
경상남도 거제시 상동동,479,479,0,삼성명가타운,84.91,202110,15,"18,500",6,2000,거제중앙로3길 15,,-,-
경상남도 거제시 상동동,72,72,0,상동에스케이뷰,59.7017,202110,4,"12,400",7,2008,상동1길 39,,-,-
경상남도 거제시 상동동,72,72,0,상동에스케이뷰,59.7017,202110,9,"12,400",4,2008,상동1길 39,,-,-
경상남도 거제시 상동동,72,72,0,상동에스케이뷰,84.7299,202110,12,"17,400",10,2008,상동1길 39,,-,-
경상남도 거제시 상동동,72,72,0,상동에스케이뷰,75.1259,202110,13,"14,500",11,2008,상동1길 39,,-,-
경상남도 거제시 상동동,72,72,0,상동에스케이뷰,75.1259,202110,14,"14,300",1,2008,상동1길 39,,-,-
경상남도 거제시 상동동,118-2,118,2,신우스위트빌,59.885,202110,5,"7,450",13,2001,상동1길 31,,-,-
경상남도 거제시 상동동,118-2,118,2,신우스위트빌,59.885,202110,8,"6,600",12,2001,상동1길 31,,-,-
경상남도 거제시 상동동,118-2,118,2,신우스위트빌,59.885,202110,28,"7,300",2,2001,상동1길 31,,-,-
경상남도 거제시 상동동,476-3,476,3,청운아트빌,84.6,202110,19,"9,350",3,2001,거제중앙로3길 22-11,,-,-
경상남도 거제시 상동동,476-3,476,3,청운아트빌,84.6,202110,19,"7,000",3,2001,거제중앙로3길 22-11,,-,-
경상남도 거제시 상동동,1080,1080,0,힐스테이트거제,84.9608,202110,1,"37,000",6,2018,상동3길 15,,-,-
경상남도 거제시 상동동,1080,1080,0,힐스테이트거제,84.9608,202110,1,"36,000",22,2018,상동3길 15,,-,-
경상남도 거제시 상동동,1080,1080,0,힐스테이트거제,84.9608,202110,2,"35,700",16,2018,상동3길 15,,-,-
경상남도 거제시 상동동,1080,1080,0,힐스테이트거제,84.9608,202110,12,"37,000",12,2018,상동3길 15,,-,-
경상남도 거제시 상동동,1080,1080,0,힐스테이트거제,84.9608,202110,14,"34,750",6,2018,상동3길 15,,-,-
경상남도 거제시 상동동,1080,1080,0,힐스테이트거제,84.9972,202110,15,"34,300",4,2018,상동3길 15,,-,-
경상남도 거제시 상동동,1080,1080,0,힐스테이트거제,84.9608,202110,27,"36,400",14,2018,상동3길 15,,-,-
경상남도 거제시 수월동,1092,1092,0,거제자이,84.768,202110,1,"38,000",25,2008,해명로 52,,-,-
경상남도 거제시 수월동,1092,1092,0,거제자이,84.654,202110,2,"36,700",5,2008,해명로 52,,-,-
경상남도 거제시 수월동,1092,1092,0,거제자이,84.654,202110,8,"33,800",2,2008,해명로 52,,-,-
경상남도 거제시 수월동,1092,1092,0,거제자이,84.654,202110,16,"36,500",4,2008,해명로 52,,-,-
경상남도 거제시 수월동,1092,1092,0,거제자이,84.654,202110,20,"40,400",18,2008,해명로 52,,-,-
경상남도 거제시 수월동,1092,1092,0,거제자이,84.654,202110,23,"37,800",15,2008,해명로 52,,-,-
경상남도 거제시 수월동,1140,1140,0,두산위브,84.9919,202110,14,"31,900",6,2008,수양로 435,,-,-
경상남도 거제시 수월동,1140,1140,0,두산위브,84.9919,202110,16,"30,200",9,2008,수양로 435,,-,-
경상남도 거제시 수월동,1140,1140,0,두산위브,123.7857,202110,18,"43,400",9,2008,수양로 435,,-,-
경상남도 거제시 수월동,987,987,0,춘광한빛,57.32,202110,7,"8,450",12,1998,해명로6길 11,,-,-
경상남도 거제시 수월동,987,987,0,춘광한빛,59.87,202110,22,"8,500",4,1998,해명로6길 11,,-,-
경상남도 거제시 아주동,1000,1000,0,거제마린푸르지오1단지,84.9794,202110,4,"24,700",8,2015,용소1길 17-17,,-,-
경상남도 거제시 아주동,1000,1000,0,거제마린푸르지오1단지,84.9794,202110,11,"23,300",4,2015,용소1길 17-17,,-,-
경상남도 거제시 아주동,1000,1000,0,거제마린푸르지오1단지,59.9609,202110,11,"18,400",13,2015,용소1길 17-17,,-,-
경상남도 거제시 아주동,1000,1000,0,거제마린푸르지오1단지,59.9609,202110,16,"18,000",19,2015,용소1길 17-17,,-,-
경상남도 거제시 아주동,1000,1000,0,거제마린푸르지오1단지,84.9794,202110,22,"23,000",3,2015,용소1길 17-17,,-,-
경상남도 거제시 아주동,1000,1000,0,거제마린푸르지오1단지,59.9609,202110,22,"18,400",8,2015,용소1길 17-17,,-,-
경상남도 거제시 아주동,1000,1000,0,거제마린푸르지오1단지,74.9957,202110,23,"19,800",6,2015,용소1길 17-17,,-,-
경상남도 거제시 아주동,590,590,0,거제마린푸르지오2단지,84.9794,202110,8,"23,850",11,2015,용소1길 17-7,,-,-
경상남도 거제시 아주동,590,590,0,거제마린푸르지오2단지,84.9832,202110,20,"23,800",11,2015,용소1길 71-7,20211020,-,-
경상남도 거제시 아주동,590,590,0,거제마린푸르지오2단지,84.9832,202110,20,"23,800",11,2015,용소1길 71-7,,-,-
경상남도 거제시 아주동,590,590,0,거제마린푸르지오2단지,84.9832,202110,29,"22,000",7,2015,용소1길 71-7,,-,-
경상남도 거제시 아주동,993,993,0,거제아주KCC스위첸,84.9569,202110,2,"29,500",13,2017,용소1길 17-10,,-,-
경상남도 거제시 아주동,993,993,0,거제아주KCC스위첸,59.9109,202110,5,"20,000",7,2017,용소1길 17-10,,-,-
경상남도 거제시 아주동,993,993,0,거제아주KCC스위첸,84.9388,202110,28,"26,400",11,2017,용소1길 17-10,,-,-
경상남도 거제시 아주동,744-1,744,1,거제아주현진에버빌,84.989,202110,29,"18,500",12,2008,용소1길 85,,-,-
경상남도 거제시 아주동,744-1,744,1,거제아주현진에버빌,84.989,202110,31,"17,800",9,2008,용소1길 85,,-,-
경상남도 거제시 아주동,1011,1011,0,대동다숲1단지,84.9084,202110,23,"27,000",12,2010,아주2로4길 10,,-,-
경상남도 거제시 아주동,370-1,370,1,미진참사랑,59.9673,202110,12,"8,900",7,2001,탑곡로2길 17,,-,-
경상남도 거제시 아주동,1200,1200,0,석호해와루,84.9926,202110,16,"16,400",12,2005,아주로 73,,-,-
경상남도 거제시 아주동,1200,1200,0,석호해와루,75.9032,202110,20,"15,000",12,2005,아주로 73,,-,-
경상남도 거제시 아주동,890,890,0,숲속의아침,72.4774,202110,5,"11,400",9,2005,용소7길 20,,-,-
경상남도 거제시 아주동,890,890,0,숲속의아침,79.2801,202110,9,"13,300",3,2005,용소7길 20,,-,-
경상남도 거제시 아주동,890,890,0,숲속의아침,79.2801,202110,29,"10,500",1,2005,용소7길 20,,-,-
경상남도 거제시 아주동,1680-7,1680,7,씨앤스타빌,45.8641,202110,18,"9,200",4,2013,아주로 116-15,,-,-
경상남도 거제시 아주동,1575,1575,0,아주e편한세상1단지,59.9725,202110,5,"17,700",16,2014,아주2로 138,,-,-
경상남도 거제시 아주동,1392,1392,0,아주e편한세상2단지,84.9513,202110,1,"23,500",3,2014,아주2로 137,,-,-
경상남도 거제시 아주동,1392,1392,0,아주e편한세상2단지,84.9513,202110,13,"23,000",2,2014,아주2로 137,,-,-
경상남도 거제시 아주동,320-22,320,22,혜성골든타워,52.81,202110,15,"4,950",8,1993,탑곡로 80,,-,-
경상남도 거제시 양정동,1097,1097,0,거제2차아이파크2단지,84.9797,202110,2,"26,000",8,2018,수양로 110,,-,-
경상남도 거제시 양정동,1097,1097,0,거제2차아이파크2단지,84.9051,202110,14,"27,300",16,2018,수양로 110,,-,-
경상남도 거제시 양정동,1097,1097,0,거제2차아이파크2단지,84.9797,202110,16,"25,800",19,2018,수양로 110,,-,-
경상남도 거제시 양정동,1097,1097,0,거제2차아이파크2단지,84.9051,202110,26,"25,900",20,2018,수양로 110,,-,-
경상남도 거제시 양정동,800,800,0,거제더샵,121.3667,202110,1,"42,200",20,2009,제산로 86,,-,-
경상남도 거제시 양정동,800,800,0,거제더샵,84.8872,202110,11,"30,000",7,2009,제산로 86,,-,-
경상남도 거제시 양정동,800,800,0,거제더샵,84.9785,202110,23,"32,300",5,2009,제산로 86,,-,-
경상남도 거제시 양정동,885,885,0,거제수월힐스테이트,84.7952,202110,8,"42,600",12,2012,제산로 51,,-,-
경상남도 거제시 양정동,885,885,0,거제수월힐스테이트,84.9281,202110,24,"40,800",8,2012,제산로 51,,-,-
경상남도 거제시 양정동,279,279,0,거제아이파크,84.9875,202110,10,"27,700",17,2017,양정5길 36,,-,-
경상남도 거제시 양정동,279,279,0,거제아이파크,84.8863,202110,11,"26,800",5,2017,양정5길 36,,-,-
경상남도 거제시 양정동,279,279,0,거제아이파크,84.9875,202110,18,"27,000",14,2017,양정5길 36,,-,-
경상남도 거제시 양정동,279,279,0,거제아이파크,84.9875,202110,20,"26,500",15,2017,양정5길 36,,-,-
경상남도 거제시 양정동,279,279,0,거제아이파크,84.8863,202110,29,"26,500",4,2017,양정5길 36,,-,-
경상남도 거제시 양정동,279,279,0,거제아이파크,84.9875,202110,30,"26,800",4,2017,양정5길 36,,-,-
경상남도 거제시 양정동,920,920,0,일성양정아리채,74.9262,202110,7,"17,700",11,2005,수양로 487,,-,-
경상남도 거제시 연초면 오비리,1056,1056,0,신우마리나,59.865,202110,4,"7,500",10,1997,연하해안로 419,,-,-
경상남도 거제시 옥포동,874-11,874,11,e편한세상옥포아파트1단지,84.97,202110,16,"31,750",21,2016,성산로 33,,-,-
경상남도 거제시 옥포동,874-11,874,11,e편한세상옥포아파트1단지,84.96,202110,23,"25,000",1,2016,성산로 33,,-,-
경상남도 거제시 옥포동,878-4,878,4,e편한세상옥포아파트2단지,84.96,202110,1,"27,800",19,2016,성산로 42,,-,-
경상남도 거제시 옥포동,878-4,878,4,e편한세상옥포아파트2단지,84.96,202110,8,"26,900",14,2016,성산로 42,,-,-
경상남도 거제시 옥포동,878-4,878,4,e편한세상옥포아파트2단지,84.97,202110,18,"26,200",2,2016,성산로 42,,-,-
경상남도 거제시 옥포동,308,308,0,거제엘크루랜드마크,84.9556,202110,4,"31,000",8,2015,서간도길 9-9,,-,-
경상남도 거제시 옥포동,222,222,0,그린파크맨션,80.515,202110,7,"7,500",11,1994,거제대로 3697-19,,-,-
경상남도 거제시 옥포동,1564,1564,0,대원,59.75,202110,15,"7,000",10,1992,거제대로 3801,,-,-
경상남도 거제시 옥포동,1284-3,1284,3,덕산1차,51.03,202110,16,"6,800",5,1987,진목1길 6,,-,-
경상남도 거제시 옥포동,1284-3,1284,3,덕산1차,51.03,202110,21,"7,300",2,1987,진목1길 6,,-,-
경상남도 거제시 옥포동,1284-1,1284,1,덕산3차,59.41,202110,7,"7,000",5,1990,옥포로 293-1,,-,-
경상남도 거제시 옥포동,1284-1,1284,1,덕산3차,59.41,202110,10,"9,000",1,1990,옥포로 293-1,,-,-
경상남도 거제시 옥포동,1279,1279,0,덕산4차,59.41,202110,27,"7,800",4,1990,옥포로 305,,-,-
경상남도 거제시 옥포동,878-2,878,2,무지개타운,72.375,202110,9,"8,500",5,1992,성산로 20,,-,-
경상남도 거제시 옥포동,878-2,878,2,무지개타운,80.865,202110,11,"11,700",2,1992,성산로 20,,-,-
경상남도 거제시 옥포동,551-5,551,5,미소안,84.6058,202110,29,"13,500",8,2004,거제대로 3708,,-,-
경상남도 거제시 옥포동,551-5,551,5,미소안,84.6058,202110,29,"13,700",12,2004,거제대로 3708,,-,-
경상남도 거제시 옥포동,195-3,195,3,미진비치힐,84.88,202110,6,"11,500",10,1998,거제대로 3679-6,,-,-
경상남도 거제시 옥포동,556-11,556,11,미진타워펠리스,84.9829,202110,1,"16,900",19,2006,거제대로 3696,,-,-
경상남도 거제시 옥포동,556-11,556,11,미진타워펠리스,126.9848,202110,2,"28,000",17,2006,거제대로 3696,,-,-
경상남도 거제시 옥포동,556-11,556,11,미진타워펠리스,84.9977,202110,2,"16,800",13,2006,거제대로 3696,,-,-
경상남도 거제시 옥포동,556-11,556,11,미진타워펠리스,74.9589,202110,17,"13,000",10,2006,거제대로 3696,,-,-
경상남도 거제시 옥포동,874-4,874,4,석천아트타운2차,59.81,202110,3,"7,500",3,1993,성산로 51,,-,-
경상남도 거제시 옥포동,874-4,874,4,석천아트타운2차,59.81,202110,5,"6,700",1,1993,성산로 51,,-,-
경상남도 거제시 옥포동,553-2,553,2,신성아트빌,68.16,202110,8,"9,500",9,2006,옥포로7길 3,,-,-
경상남도 거제시 옥포동,1265-5,1265,5,신원심포니하우스,64.48,202110,4,"5,000",11,2001,옥포로 365,,-,-
경상남도 거제시 옥포동,1265-5,1265,5,신원심포니하우스,59.1,202110,8,"5,000",12,2001,옥포로 365,,-,-
경상남도 거제시 옥포동,1265-5,1265,5,신원심포니하우스,64.48,202110,22,"5,000",7,2001,옥포로 365,,-,-
경상남도 거제시 옥포동,1287,1287,0,안성,59.935,202110,6,"7,100",15,1992,옥포로 280,,-,-
경상남도 거제시 옥포동,1287,1287,0,안성,59.935,202110,18,"7,000",15,1992,옥포로 280,,-,-
경상남도 거제시 옥포동,785-1,785,1,영진자이온,84.108,202110,12,"17,500",15,2007,옥포대첩로 115,,-,-
경상남도 거제시 옥포동,1274,1274,0,옥포5차덕산타운,59.925,202110,4,"9,000",14,1996,옥포로 328,,-,-
경상남도 거제시 옥포동,1274,1274,0,옥포5차덕산타운,59.925,202110,4,"8,500",5,1996,옥포로 328,,-,-
경상남도 거제시 옥포동,1274,1274,0,옥포5차덕산타운,59.925,202110,9,"8,000",14,1996,옥포로 328,,-,-
경상남도 거제시 옥포동,1274,1274,0,옥포5차덕산타운,59.925,202110,22,"7,000",19,1996,옥포로 315,,-,-
경상남도 거제시 옥포동,514-4,514,4,옥포국민주택,50.85,202110,20,"5,400",5,1984,옥포중앙로 34,,-,-
경상남도 거제시 옥포동,537-27,537,27,유경에버빌뷰,84.94,202110,9,"12,750",10,2005,거제대로 3768,,-,-
경상남도 거제시 옥포동,Jan-16,1916,1,한성아트빌1차,83.7,202110,5,"14,800",4,2003,옥포로4길 34,,-,-
경상남도 거제시 옥포동,877-1,877,1,혜성,59.95,202110,4,"8,500",4,1994,성산로 54,,-,-
경상남도 거제시 옥포동,877-1,877,1,혜성,59.95,202110,17,"9,300",3,1994,성산로 54,,-,-
경상남도 거제시 옥포동,877-1,877,1,혜성,59.95,202110,18,"9,000",1,1994,성산로 54,,-,-
경상남도 거제시 일운면 소동리,687,687,0,동성그린,53.0621,202110,15,"5,900",8,2000,반송재로 481-9,,-,-
경상남도 거제시 일운면 소동리,687,687,0,동성그린,59.9694,202110,16,"6,100",14,2000,반송재로 481-9,,-,-
경상남도 거제시 일운면 소동리,687,687,0,동성그린,39.84,202110,19,"5,170",14,2000,반송재로 481-9,20211019,-,-
경상남도 거제시 일운면 소동리,687,687,0,동성그린,59.9694,202110,28,"7,000",9,2000,반송재로 481-9,,-,-
경상남도 거제시 일운면 지세포리,756,756,0,거원비취,59.34,202110,24,"7,500",12,1992,거제대로 2454-6,,-,-
경상남도 거제시 일운면 지세포리,1412,1412,0,거제코아루파크드림,84.9073,202110,1,"24,500",22,2018,지세포1길 27,,-,-
경상남도 거제시 일운면 지세포리,1412,1412,0,거제코아루파크드림,59.9699,202110,6,"17,000",2,2018,지세포1길 27,,-,-
경상남도 거제시 일운면 지세포리,1412,1412,0,거제코아루파크드림,59.9699,202110,9,"17,450",3,2018,지세포1길 27,,-,-
경상남도 거제시 장승포동,270,270,0,노블레스빌,117.96,202110,5,"16,000",12,2005,신부로1길 34,,-,-
경상남도 거제시 장승포동,270,270,0,노블레스빌,117.96,202110,5,"16,000",12,2005,신부로1길 34,20211014,-,-
경상남도 거제시 장승포동,578-1,578,1,영승한마음타운,62.59,202110,31,"7,800",5,1997,마전5길 8-2,,-,-
경상남도 거제시 장승포동,631,631,0,장승포주공(마전마을),59.99,202110,15,"6,000",3,1998,장승로 26,,-,-
경상남도 거제시 장승포동,631,631,0,장승포주공(마전마을),59.84,202110,25,"7,000",7,1998,장승로 26,,-,-
경상남도 거제시 장승포동,631,631,0,장승포주공(마전마을),59.84,202110,26,"4,800",1,1998,장승로 26,,-,-
경상남도 거제시 장평동,1205-1,1205,1,거명모닝텔,84.9399,202110,11,"12,500",9,2003,장평1로 35,,-,-
경상남도 거제시 장평동,859-19,859,19,거제수창프라임시티,59.8617,202110,1,"7,700",10,2003,거제대로 4951,20211019,-,-
경상남도 거제시 장평동,859-19,859,19,거제수창프라임시티,59.8617,202110,1,"7,700",10,2003,거제대로 4951,,-,-
경상남도 거제시 장평동,859-19,859,19,거제수창프라임시티,59.8617,202110,21,"7,900",8,2003,거제대로 4951,,-,-
경상남도 거제시 장평동,1212-2,1212,2,거제장평유림노르웨이숲,84.9838,202110,2,"35,200",14,2017,장평1로 7,,-,-
경상남도 거제시 장평동,Feb-33,33,2,광우무지개,75.015,202110,30,"13,400",3,1994,장평로6길 7,,-,-
경상남도 거제시 장평동,01월 13일,13,1,대한1차,84.96,202110,2,"15,200",11,1993,장평로6길 23,,-,-
경상남도 거제시 장평동,01월 13일,13,1,대한1차,59.97,202110,16,"11,800",7,1993,장평로6길 23,,-,-
경상남도 거제시 장평동,32,32,0,대한2차,59.985,202110,20,"11,800",9,1994,장평로6길 20,,-,-
경상남도 거제시 장평동,32,32,0,대한2차,59.985,202110,26,"11,200",12,1994,장평로6길 20,,-,-
경상남도 거제시 장평동,143,143,0,덕산아내1차,84.9643,202110,4,"20,700",10,2008,장평2로 19,,-,-
경상남도 거제시 장평동,143,143,0,덕산아내1차,75.563,202110,7,"17,800",4,2008,장평2로 19,,-,-
경상남도 거제시 장평동,143,143,0,덕산아내1차,75.563,202110,14,"18,800",10,2008,장평2로 19,,-,-
경상남도 거제시 장평동,143,143,0,덕산아내1차,75.563,202110,15,"18,000",11,2008,장평2로 19,,-,-
경상남도 거제시 장평동,143,143,0,덕산아내1차,75.563,202110,16,"19,000",7,2008,장평2로 19,,-,-
경상남도 거제시 장평동,143,143,0,덕산아내1차,75.563,202110,26,"19,000",2,2008,장평2로 19,,-,-
경상남도 거제시 장평동,143,143,0,덕산아내1차,75.563,202110,28,"19,200",11,2008,장평2로 19,,-,-
경상남도 거제시 장평동,142,142,0,덕산아내2차,84.9643,202110,5,"22,000",9,2008,장평2로2길 10,,-,-
경상남도 거제시 장평동,142,142,0,덕산아내2차,84.9643,202110,19,"20,300",11,2008,장평2로2길 10,,-,-
경상남도 거제시 장평동,142,142,0,덕산아내2차,84.9643,202110,30,"20,500",13,2008,장평2로2길 10,,-,-
경상남도 거제시 장평동,647-46,647,46,덕진2차휴먼빌,47.6701,202110,22,"5,500",2,2006,장평1로16길 65,,-,-
경상남도 거제시 장평동,5,5,0,에스빌리지,143.403,202110,5,"51,961",15,2009,장평1로 86,,-,-
경상남도 거제시 장평동,726,726,0,일성한빛타운,59.94,202110,20,"8,400",4,1996,장평3로3길 41,,-,-
경상남도 거제시 장평동,14,14,0,장평성원(5동-8동),49.865,202110,11,"8,100",2,1995,장평로6길 30,,-,-
경상남도 거제시 장평동,247,247,0,제니스타운,59.895,202110,3,"12,000",8,2000,장평3로3길 7,,-,-
경상남도 거제시 장평동,247,247,0,제니스타운,59.925,202110,4,"9,700",2,2000,장평3로3길 7,,-,-
경상남도 거제시 장평동,247,247,0,제니스타운,59.925,202110,5,"11,600",8,2000,장평3로3길 7,,-,-
경상남도 거제시 장평동,247,247,0,제니스타운,129.855,202110,11,"18,500",9,2000,장평3로3길 7,,-,-
경상남도 거제시 장평동,247,247,0,제니스타운,59.925,202110,15,"10,000",5,2000,장평3로3길 7,,-,-
경상남도 거제시 장평동,247,247,0,제니스타운,59.925,202110,21,"12,000",12,2000,장평3로3길 7,,-,-
경상남도 거제시 장평동,660,660,0,태완노블리안,84.8475,202110,15,"15,700",3,2004,장평1로 180,,-,-
경상남도 거제시 장평동,660,660,0,태완노블리안,84.8475,202110,20,"15,000",3,2004,장평1로 180,,-,-
경상남도 거창군 거창읍 가지리,223,223,0,에이스타운,84.9841,202110,16,"19,350",5,2011,거열로4길 144-61,,-,-
경상남도 거창군 거창읍 가지리,211,211,0,티씨티,84.7184,202110,5,"23,000",3,2016,거열로4길 146,20211104,-,-
경상남도 거창군 거창읍 가지리,282,282,0,휴앤인더라움,84.7343,202110,18,"28,000",1,2021,거열로4길 145,,-,-
경상남도 거창군 거창읍 가지리,282,282,0,휴앤인더라움,84.7343,202110,18,"29,900",7,2021,거열로4길 145,,-,-
경상남도 거창군 거창읍 김천리,255-10,255,10,금천아뜨리에,66.21,202110,2,"9,700",3,2005,거함대로3길 27,,-,-
경상남도 거창군 거창읍 김천리,Jan-99,99,1,김천주공,49.96,202110,1,"10,800",4,1998,창남1길 40,,-,-
경상남도 거창군 거창읍 김천리,Jan-99,99,1,김천주공,39.99,202110,5,"8,200",4,1998,창남1길 40,,-,-
경상남도 거창군 거창읍 김천리,Jan-99,99,1,김천주공,49.96,202110,28,"10,800",14,1998,창남1길 40,,-,-
경상남도 거창군 거창읍 김천리,218-11,218,11,제일라이프주택,83.2,202110,5,"11,800",6,1998,장팔길 91,,-,-
경상남도 거창군 거창읍 김천리,218-11,218,11,제일라이프주택,59.41,202110,15,"7,800",1,1998,장팔길 91,,-,-
경상남도 거창군 거창읍 대동리,670,670,0,그린105동,83.81,202110,2,"9,300",4,1992,거열로2길 24,,-,-
경상남도 거창군 거창읍 대동리,97,97,0,대동주공,39.99,202110,4,"6,050",5,1991,동동4길 11,,-,-
경상남도 거창군 거창읍 대동리,97,97,0,대동주공,39.6,202110,22,"5,400",5,1991,동동4길 12,,-,-
경상남도 거창군 거창읍 대동리,97,97,0,대동주공,39.6,202110,25,"4,400",4,1991,동동4길 12,,-,-
경상남도 거창군 거창읍 대동리,13-31,13,31,베어스타운,84.86,202110,20,"13,350",1,1998,동동6길 107,,-,-
경상남도 거창군 거창읍 대동리,994-1,994,1,하나로2차,84.4158,202110,1,"21,800",8,2011,소만2길 10,,-,-
경상남도 거창군 거창읍 대동리,994-1,994,1,하나로2차,84.4158,202110,26,"24,500",5,2011,소만2길 10,,-,-
경상남도 거창군 거창읍 대평리,1513,1513,0,거창코아루에듀시티,84.986,202110,7,"33,000",16,2013,강남로 266,,-,-
경상남도 거창군 거창읍 대평리,1513,1513,0,거창코아루에듀시티,84.9762,202110,15,"31,400",8,2013,강남로 266,,-,-
경상남도 거창군 거창읍 대평리,1513,1513,0,거창코아루에듀시티,84.9762,202110,16,"30,500",7,2013,강남로 266,,-,-
경상남도 거창군 거창읍 대평리,1513,1513,0,거창코아루에듀시티,71.9728,202110,16,"28,000",23,2013,강남로 266,,-,-
경상남도 거창군 거창읍 대평리,567,567,0,남광빌라,59.96,202110,21,"8,500",2,1992,강남로 254-14,,-,-
경상남도 거창군 거창읍 대평리,567,567,0,남광빌라,59.96,202110,25,"7,000",7,1992,강남로 254-14,,-,-
경상남도 거창군 거창읍 상림리,772,772,0,대경넥스빌,84.87,202110,7,"23,000",13,2003,거열로7길 29,,-,-
경상남도 거창군 거창읍 상림리,772,772,0,대경넥스빌,84.87,202110,18,"23,200",14,2003,거열로7길 29,,-,-
경상남도 거창군 거창읍 상림리,539,539,0,대진파크맨션,141.3,202110,7,"8,450",5,1990,강변로 13,,-,-
경상남도 거창군 거창읍 상림리,393,393,0,사랑채2차,84.6091,202110,8,"28,000",2,2012,거열로8길 13,,-,-
경상남도 거창군 거창읍 상림리,771,771,0,상동주공,51.74,202110,7,"15,000",5,2003,거열로7길 39,,-,-
경상남도 거창군 거창읍 상림리,771,771,0,상동주공,59.79,202110,18,"16,609",2,2003,거열로7길 39,,-,-
경상남도 거창군 거창읍 상림리,367-3,367,3,현대,74.295,202110,12,"8,000",4,1991,거열로8길 57,,-,-
경상남도 거창군 거창읍 상림리,367-3,367,3,현대,74.295,202110,12,"8,000",4,1991,거열로8길 57,20211102,-,-
경상남도 거창군 거창읍 상림리,367-3,367,3,현대,84.945,202110,21,"12,500",7,1991,거열로8길 57,,-,-
경상남도 거창군 거창읍 송정리,1097,1097,0,거창푸르지오,62.9966,202110,2,"28,200",14,2018,송정2길 33,,-,-
경상남도 거창군 거창읍 송정리,1097,1097,0,거창푸르지오,62.9966,202110,2,"28,300",8,2018,송정2길 33,,-,-
경상남도 거창군 거창읍 송정리,1097,1097,0,거창푸르지오,62.9877,202110,16,"28,000",4,2018,송정2길 33,,-,-
경상남도 고성군 거류면 당동리,174,174,0,새평지늘푸른숲,84.8475,202110,5,"11,000",4,2006,거류로 645,,-,-
경상남도 고성군 거류면 당동리,174,174,0,새평지늘푸른숲,74.9032,202110,5,"10,000",9,2006,거류로 645,,-,-
경상남도 고성군 거류면 당동리,174,174,0,새평지늘푸른숲,84.8475,202110,14,"9,000",5,2006,거류로 645,,-,-
경상남도 고성군 거류면 당동리,174,174,0,새평지늘푸른숲,84.8475,202110,18,"11,000",4,2006,거류로 645,,-,-
경상남도 고성군 거류면 신용리,1405-2,1405,2,성일,58.71,202110,6,"2,600",3,1997,거류로 453,,-,-
경상남도 고성군 고성읍 교사리,122-1,122,1,덕성,54.29,202110,18,"3,800",2,1995,교사대독길 41,,-,-
경상남도 고성군 고성읍 교사리,Jan-45,45,1,디에스아이존빌,84.9582,202110,9,"23,350",2,2008,성내로 24-10,,-,-
경상남도 고성군 고성읍 교사리,Jan-45,45,1,디에스아이존빌,84.9582,202110,15,"23,000",5,2008,성내로 24-10,,-,-
경상남도 고성군 고성읍 교사리,Jan-45,45,1,디에스아이존빌,117.7083,202110,15,"29,500",7,2008,성내로 24-10,,-,-
경상남도 고성군 고성읍 교사리,20,20,0,협동그린타운,59.805,202110,1,"9,400",12,1997,성내로 27,,-,-
경상남도 고성군 고성읍 동외리,144-2,144,2,디에스아이존빌2차,80.1869,202110,4,"22,500",12,2011,동외로168번길 99,,-,-
경상남도 고성군 고성읍 동외리,144-2,144,2,디에스아이존빌2차,80.1869,202110,5,"21,800",12,2011,동외로168번길 99,,-,-
경상남도 고성군 고성읍 동외리,144-2,144,2,디에스아이존빌2차,80.1869,202110,6,"20,000",6,2011,동외로168번길 99,,-,-
경상남도 고성군 고성읍 동외리,144-2,144,2,디에스아이존빌2차,84.6925,202110,7,"24,300",4,2011,동외로168번길 99,,-,-
경상남도 고성군 고성읍 동외리,144-2,144,2,디에스아이존빌2차,80.1869,202110,15,"21,500",7,2011,동외로168번길 99,,-,-
경상남도 고성군 고성읍 동외리,162-1,162,1,정림무지개,65.17,202110,12,"7,400",13,1992,중앙로 87,,-,-
경상남도 고성군 고성읍 서외리,161-1,161,1,금강드림피아,84.4227,202110,30,"20,400",6,2004,성내로 62-12,,-,-
경상남도 고성군 고성읍 서외리,217-4,217,4,덕진5차휴먼빌,59.8457,202110,29,"14,200",14,2009,성내로 56,,-,-
경상남도 고성군 고성읍 수남리,528-1,528,1,비엠블루애,82.3054,202110,5,"19,500",8,2016,남포로58번길 10,,-,-
경상남도 고성군 고성읍 수남리,Feb-49,49,2,장미,69.18,202110,12,"6,500",2,1989,남포로80번길 67,,-,-
경상남도 고성군 고성읍 수남리,486,486,0,코아루더파크,84.99,202110,5,"23,500",2,2016,남포로 10,,-,-
경상남도 고성군 고성읍 수남리,486,486,0,코아루더파크,74.99,202110,8,"21,000",8,2016,남포로 10,,-,-
경상남도 고성군 고성읍 수남리,486,486,0,코아루더파크,84.99,202110,16,"23,500",2,2016,남포로 10,,-,-
경상남도 고성군 상리면 척번정리,473-1,473,1,인성시티빌,59.12,202110,4,"3,500",2,2004,척번정7길 106,,-,-
경상남도 고성군 하이면 덕호리,574-1,574,1,한미,58.62,202110,18,"4,250",1,1993,공룡로 17,,-,-
경상남도 고성군 회화면 배둔리,366-6,366,6,건영그린맨션,80.67,202110,12,"6,500",7,1997,배둔로59번길 70,,-,-
경상남도 고성군 회화면 배둔리,409-1,409,1,우정,76.26,202110,13,"3,000",3,1989,배둔로59번길 35,,-,-
경상남도 고성군 회화면 배둔리,347-36,347,36,한창,83.31,202110,13,"7,000",1,1997,배둔로 87,,-,-
경상남도 김해시 관동동,1165,1165,0,김해율하서희스타힐스,84.937,202110,23,"32,000",1,2017,관동로27번길 95,,-,-
경상남도 김해시 관동동,1165,1165,0,김해율하서희스타힐스,84.9815,202110,24,"37,900",12,2017,관동로27번길 95,,-,-
경상남도 김해시 관동동,1051,1051,0,율곡마을세영리첼,84.9911,202110,4,"24,400",4,2009,덕정로 187,,-,-
경상남도 김해시 관동동,1161,1161,0,율하일동미라주더스타,84.9924,202110,10,"32,000",20,2017,관동로27번길 117,,-,-
경상남도 김해시 관동동,1161,1161,0,율하일동미라주더스타,84.9873,202110,26,"30,600",11,2017,관동로27번길 117,,-,-
경상남도 김해시 관동동,1120,1120,0,죽림마을동원로얄듀크14단지,84.9923,202110,12,"26,500",1,2013,관동로 138,,-,-
경상남도 김해시 관동동,1121,1121,0,죽림마을한림풀에버7단지,84.9201,202110,1,"38,000",23,2013,율하3로 100,,-,-
경상남도 김해시 관동동,1121,1121,0,죽림마을한림풀에버7단지,84.9201,202110,2,"36,700",8,2013,율하3로 100,,-,-
경상남도 김해시 관동동,1121,1121,0,죽림마을한림풀에버7단지,64.7699,202110,8,"29,900",3,2013,율하3로 100,,-,-
경상남도 김해시 관동동,1121,1121,0,죽림마을한림풀에버7단지,64.7699,202110,9,"30,800",18,2013,율하3로 100,,-,-
경상남도 김해시 관동동,1121,1121,0,죽림마을한림풀에버7단지,84.9905,202110,9,"37,900",15,2013,율하3로 100,,-,-
경상남도 김해시 관동동,1121,1121,0,죽림마을한림풀에버7단지,84.9201,202110,13,"37,900",16,2013,율하3로 100,,-,-
경상남도 김해시 관동동,452-7,452,7,팔판마을4단지푸르지오,92.6737,202110,2,"31,000",9,2005,팔판로 93,,-,-
경상남도 김해시 관동동,452-7,452,7,팔판마을4단지푸르지오,91.1558,202110,7,"32,500",11,2005,팔판로 93,,-,-
경상남도 김해시 관동동,452-7,452,7,팔판마을4단지푸르지오,91.1558,202110,9,"29,700",12,2005,팔판로 93,,-,-
경상남도 김해시 관동동,452-7,452,7,팔판마을4단지푸르지오,92.6737,202110,29,"27,600",8,2005,팔판로 93,,-,-
경상남도 김해시 관동동,448-9,448,9,팔판마을6단지푸르지오,92.6737,202110,3,"25,500",3,2005,팔판로 27,,-,-
경상남도 김해시 관동동,448-9,448,9,팔판마을6단지푸르지오,95.4645,202110,6,"29,000",4,2005,팔판로 27,,-,-
경상남도 김해시 관동동,448-9,448,9,팔판마을6단지푸르지오,92.6737,202110,23,"26,000",3,2005,팔판로 27,,-,-
경상남도 김해시 관동동,448-1,448,1,팔판마을부영그린타운3차,59.9888,202110,1,"17,500",13,2004,덕정로 68,,-,-
경상남도 김해시 관동동,448-1,448,1,팔판마을부영그린타운3차,59.9888,202110,1,"16,000",1,2004,덕정로 68,,-,-
경상남도 김해시 관동동,448-1,448,1,팔판마을부영그린타운3차,59.9888,202110,1,"17,300",13,2004,덕정로 68,,-,-
경상남도 김해시 관동동,448-1,448,1,팔판마을부영그린타운3차,59.9888,202110,2,"17,000",5,2004,덕정로 68,,-,-
경상남도 김해시 관동동,448-1,448,1,팔판마을부영그린타운3차,59.9888,202110,4,"15,700",8,2004,덕정로 68,,-,-
경상남도 김해시 관동동,448-1,448,1,팔판마을부영그린타운3차,59.9888,202110,5,"16,300",5,2004,덕정로 68,,-,-
경상남도 김해시 관동동,448-1,448,1,팔판마을부영그린타운3차,59.9888,202110,8,"17,700",14,2004,덕정로 68,,-,-
경상남도 김해시 관동동,448-1,448,1,팔판마을부영그린타운3차,59.9888,202110,8,"18,650",9,2004,덕정로 68,,-,-
경상남도 김해시 관동동,448-1,448,1,팔판마을부영그린타운3차,59.9888,202110,8,"17,300",5,2004,덕정로 68,,-,-
경상남도 김해시 관동동,448-1,448,1,팔판마을부영그린타운3차,59.9888,202110,8,"17,800",14,2004,덕정로 68,,-,-
경상남도 김해시 관동동,448-1,448,1,팔판마을부영그린타운3차,59.9888,202110,9,"16,500",7,2004,덕정로 68,,-,-
경상남도 김해시 관동동,448-1,448,1,팔판마을부영그린타운3차,59.9888,202110,13,"17,800",9,2004,덕정로 68,,-,-
경상남도 김해시 관동동,448-1,448,1,팔판마을부영그린타운3차,59.9888,202110,15,"17,500",13,2004,덕정로 68,,-,-
경상남도 김해시 관동동,448-1,448,1,팔판마을부영그린타운3차,59.9888,202110,16,"17,300",3,2004,덕정로 68,,-,-
경상남도 김해시 관동동,448-1,448,1,팔판마을부영그린타운3차,59.9888,202110,22,"16,950",1,2004,덕정로 68,,-,-
경상남도 김해시 관동동,448-1,448,1,팔판마을부영그린타운3차,59.9888,202110,23,"17,800",9,2004,덕정로 68,,-,-
경상남도 김해시 관동동,448-1,448,1,팔판마을부영그린타운3차,59.9888,202110,25,"17,000",12,2004,덕정로 68,,-,-
경상남도 김해시 관동동,448-3,448,3,팔판마을부영그린타운8차,84.7888,202110,26,"17,500",11,2005,계동로 31,,-,-
경상남도 김해시 관동동,452-1,452,1,팔팔마을1단지부영이그린타운,84.7888,202110,23,"23,000",17,2005,덕정로 108,,-,-
경상남도 김해시 관동동,1169,1169,0,힐스테이트김해,59.8814,202110,4,"30,000",15,2019,관동로27번길 39,,-,-
경상남도 김해시 관동동,1169,1169,0,힐스테이트김해,84.7596,202110,9,"39,500",2,2019,관동로27번길 39,,-,-
경상남도 김해시 관동동,1169,1169,0,힐스테이트김해,84.7596,202110,9,"42,000",7,2019,관동로27번길 39,,-,-
경상남도 김해시 관동동,1169,1169,0,힐스테이트김해,84.7596,202110,16,"35,000",2,2019,관동로27번길 39,,-,-
경상남도 김해시 관동동,1169,1169,0,힐스테이트김해,59.8814,202110,23,"32,000",22,2019,관동로27번길 39,,-,-
경상남도 김해시 관동동,1169,1169,0,힐스테이트김해,59.8701,202110,24,"27,000",12,2019,관동로27번길 39,,-,-
경상남도 김해시 구산동,530,530,0,거송월드타운,80.26,202110,6,"12,500",7,1990,가락로 313,,-,-
경상남도 김해시 구산동,530,530,0,거송월드타운,84.96,202110,11,"15,000",3,1990,가락로 313,,-,-
경상남도 김해시 구산동,257,257,0,광남백조,60.08,202110,17,"15,100",12,1995,가락로 223,,-,-
경상남도 김해시 구산동,429,429,0,구산3주공,59.99,202110,4,"15,400",15,2000,가락로294번길 18,,-,-
경상남도 김해시 구산동,429,429,0,구산3주공,59.99,202110,7,"16,800",8,2000,가락로294번길 18,,-,-
경상남도 김해시 구산동,429,429,0,구산3주공,59.99,202110,9,"14,200",3,2000,가락로294번길 18,,-,-
경상남도 김해시 구산동,429,429,0,구산3주공,84.9,202110,11,"19,500",2,2000,가락로294번길 18,,-,-
경상남도 김해시 구산동,429,429,0,구산3주공,59.99,202110,12,"15,200",9,2000,가락로294번길 18,,-,-
경상남도 김해시 구산동,429,429,0,구산3주공,59.84,202110,26,"15,000",6,2000,가락로294번길 18,,-,-
경상남도 김해시 구산동,410,410,0,구산4주공,49.62,202110,3,"11,600",6,1999,가락로294번길 7,,-,-
경상남도 김해시 구산동,410,410,0,구산4주공,49.62,202110,10,"10,500",5,1999,가락로294번길 7,,-,-
경상남도 김해시 구산동,410,410,0,구산4주공,49.62,202110,16,"10,800",11,1999,가락로294번길 7,,-,-
경상남도 김해시 구산동,410,410,0,구산5주공,59.99,202110,1,"12,500",4,1999,가락로294번길 17-1,,-,-
경상남도 김해시 구산동,410,410,0,구산5주공,59.99,202110,14,"12,900",15,1999,가락로294번길 17-1,,-,-
경상남도 김해시 구산동,410,410,0,구산5주공,49.13,202110,16,"10,500",11,1999,가락로294번길 17-1,,-,-
경상남도 김해시 구산동,410,410,0,구산5주공,49.13,202110,21,"11,000",9,1999,가락로294번길 17-1,,-,-
경상남도 김해시 구산동,410,410,0,구산5주공,59.99,202110,21,"13,200",4,1999,가락로294번길 17-1,,-,-
경상남도 김해시 구산동,1076,1076,0,구산이진캐스빌2단지,84.9958,202110,16,"35,000",14,2013,김해대로1902번길 62,,-,-
경상남도 김해시 구산동,1076,1076,0,구산이진캐스빌2단지,73.1143,202110,23,"31,900",9,2013,김해대로1902번길 62,,-,-
경상남도 김해시 구산동,321,321,0,구산제2주공,41.85,202110,4,"7,000",9,1992,가락로 242-20,,-,-
경상남도 김해시 구산동,321,321,0,구산제2주공,41.85,202110,7,"7,000",13,1992,가락로 242-20,,-,-
경상남도 김해시 구산동,321,321,0,구산제2주공,41.85,202110,7,"7,500",13,1992,가락로 242-20,,-,-
경상남도 김해시 구산동,321,321,0,구산제2주공,41.85,202110,11,"8,100",15,1992,가락로 242-20,,-,-
경상남도 김해시 구산동,1052-3,1052,3,동원,59.982,202110,1,"17,500",20,2001,구산로5번길 57,,-,-
경상남도 김해시 구산동,1052-3,1052,3,동원,49.915,202110,4,"12,400",3,2001,구산로5번길 57,,-,-
경상남도 김해시 구산동,1052-3,1052,3,동원,49.915,202110,16,"12,000",6,2001,구산로5번길 57,,-,-
경상남도 김해시 구산동,256,256,0,시영,59.76,202110,15,"11,000",3,1994,가락로 237,,-,-
경상남도 김해시 구산동,256,256,0,시영,49.88,202110,18,"9,900",4,1994,가락로 237,,-,-
경상남도 김해시 구산동,256,256,0,시영,49.88,202110,19,"10,950",3,1994,가락로 237,,-,-
경상남도 김해시 구산동,256,256,0,시영,49.88,202110,23,"10,200",9,1994,가락로 237,,-,-
경상남도 김해시 구산동,491-5,491,5,유신주택,73.91,202110,13,"11,300",14,1992,가락로 301,,-,-
경상남도 김해시 구산동,1074,1074,0,일동미라주,59.887,202110,7,"22,400",5,2013,김해대로1902번길 30,,-,-
경상남도 김해시 구산동,1074,1074,0,일동미라주,84.5434,202110,9,"29,000",2,2013,김해대로1902번길 30,,-,-
경상남도 김해시 구산동,1074,1074,0,일동미라주,82.1001,202110,14,"28,000",4,2013,김해대로1902번길 30,,-,-
경상남도 김해시 구산동,1074,1074,0,일동미라주,82.1001,202110,19,"28,000",1,2013,김해대로1902번길 30,,-,-
경상남도 김해시 구산동,576,576,0,한라비발디,127.1628,202110,9,"47,000",12,2007,가락로332번길 13,,-,-
경상남도 김해시 구산동,576,576,0,한라비발디,155.586,202110,13,"49,150",14,2007,가락로332번길 13,,-,-
경상남도 김해시 구산동,576,576,0,한라비발디,84.982,202110,16,"33,500",6,2007,가락로332번길 13,,-,-
경상남도 김해시 구산동,576,576,0,한라비발디,84.982,202110,19,"33,900",6,2007,가락로332번길 13,,-,-
경상남도 김해시 구산동,576,576,0,한라비발디,127.1628,202110,23,"49,500",15,2007,가락로332번길 13,,-,-
경상남도 김해시 구산동,576,576,0,한라비발디,155.586,202110,25,"47,200",8,2007,가락로332번길 13,,-,-
경상남도 김해시 구산동,1052-1,1052,1,한일유앤아이,59.779,202110,2,"18,300",3,2004,구산로5번길 89,,-,-
경상남도 김해시 구산동,1052-1,1052,1,한일유앤아이,59.779,202110,2,"18,500",3,2004,구산로5번길 89,,-,-
경상남도 김해시 구산동,1052-1,1052,1,한일유앤아이,59.779,202110,2,"17,500",13,2004,구산로5번길 89,,-,-
경상남도 김해시 구산동,1052-1,1052,1,한일유앤아이,59.779,202110,10,"17,800",1,2004,구산로5번길 89,,-,-
경상남도 김해시 구산동,1052-1,1052,1,한일유앤아이,59.779,202110,13,"18,200",21,2004,구산로5번길 89,,-,-
경상남도 김해시 구산동,1052-1,1052,1,한일유앤아이,59.779,202110,13,"19,000",13,2004,구산로5번길 89,,-,-
경상남도 김해시 구산동,1052-1,1052,1,한일유앤아이,59.779,202110,16,"17,300",2,2004,구산로5번길 89,,-,-
경상남도 김해시 구산동,1052-1,1052,1,한일유앤아이,59.779,202110,18,"18,800",18,2004,구산로5번길 89,,-,-
경상남도 김해시 구산동,1052-1,1052,1,한일유앤아이,59.779,202110,27,"16,500",20,2004,구산로5번길 89,,-,-
경상남도 김해시 구산동,1052-1,1052,1,한일유앤아이,59.779,202110,29,"18,800",15,2004,구산로5번길 89,,-,-
경상남도 김해시 내덕동,775,775,0,내덕 서희스타힐스 아파트,59.9142,202110,1,"22,600",17,2016,금관대로 688,,-,-
경상남도 김해시 내덕동,775,775,0,내덕 서희스타힐스 아파트,74.6002,202110,5,"28,000",18,2016,금관대로 688,,-,-
경상남도 김해시 내덕동,775,775,0,내덕 서희스타힐스 아파트,74.6002,202110,7,"26,000",13,2016,금관대로 688,,-,-
경상남도 김해시 내덕동,775,775,0,내덕 서희스타힐스 아파트,65.792,202110,9,"24,300",14,2016,금관대로 688,,-,-
경상남도 김해시 내덕동,775,775,0,내덕 서희스타힐스 아파트,74.6002,202110,10,"27,800",13,2016,금관대로 688,,-,-
경상남도 김해시 내덕동,775,775,0,내덕 서희스타힐스 아파트,65.792,202110,13,"24,800",11,2016,금관대로 688,,-,-
경상남도 김해시 내덕동,775,775,0,내덕 서희스타힐스 아파트,65.792,202110,20,"24,500",14,2016,금관대로 688,,-,-
경상남도 김해시 내동,1125-2,1125,2,건영,99.96,202110,6,"29,900",1,1998,우암로 106,,-,-
경상남도 김해시 내동,1125-2,1125,2,건영,84.93,202110,11,"25,400",12,1998,우암로 106,,-,-
경상남도 김해시 내동,1125-3,1125,3,김해내외2차동아,134.777,202110,13,"43,000",5,1998,경원로55번길 9,,-,-
경상남도 김해시 내동,1130,1130,0,내외대우,59.82375,202110,2,"15,300",12,1994,내외중앙로 121,,-,-
경상남도 김해시 내동,1132-5,1132,5,동부,72.945,202110,5,"22,900",13,1994,구지로 63,,-,-
경상남도 김해시 내동,1132-5,1132,5,동부,59.983,202110,8,"17,300",11,1994,구지로 63,,-,-
경상남도 김해시 내동,1132-5,1132,5,동부,72.945,202110,23,"20,400",14,1994,구지로 63,,-,-
경상남도 김해시 내동,1132-5,1132,5,동부,84.923,202110,28,"27,300",6,1994,구지로 63,,-,-
경상남도 김해시 내동,1115-4,1115,4,동아,127.69,202110,10,"37,000",12,1996,내외로 55,,-,-
경상남도 김해시 내동,1115-4,1115,4,동아,127.69,202110,11,"32,600",1,1996,내외로 55,,-,-
경상남도 김해시 내동,1137-2,1137,2,삼성,84.996,202110,2,"29,000",7,1996,경원로 83,,-,-
경상남도 김해시 내동,1137-2,1137,2,삼성,84.996,202110,4,"29,000",10,1996,경원로 83,,-,-
경상남도 김해시 내동,121-3,121,3,한진그룹사원임대,49.68,202110,1,"19,600",13,1992,평전로 219,,-,-
경상남도 김해시 내동,121-3,121,3,한진그룹사원임대,49.68,202110,2,"14,950",1,1992,평전로 219,,-,-
경상남도 김해시 내동,121-3,121,3,한진그룹사원임대,49.68,202110,7,"18,500",6,1992,평전로 219,,-,-
경상남도 김해시 내동,121-3,121,3,한진그룹사원임대,49.68,202110,7,"19,900",13,1992,평전로 219,,-,-
경상남도 김해시 내동,121-3,121,3,한진그룹사원임대,49.68,202110,9,"19,800",5,1992,평전로 219,,-,-
경상남도 김해시 내동,121-3,121,3,한진그룹사원임대,49.68,202110,9,"13,500",3,1992,평전로 219,,-,-
경상남도 김해시 내동,1132-4,1132,4,현대1차,59.955,202110,7,"18,600",7,1995,구지로 55,,-,-
경상남도 김해시 내동,1132-4,1132,4,현대1차,59.955,202110,13,"17,400",10,1995,구지로 55,,-,-
경상남도 김해시 내동,1146-1,1146,1,현대2차,101.925,202110,10,"29,200",15,1996,경원로 84,,-,-
경상남도 김해시 내동,1146-1,1146,1,현대2차,101.925,202110,19,"33,800",7,1996,경원로 84,,-,-
경상남도 김해시 내동,121-1,121,1,홍익,59.78,202110,7,"17,900",5,1990,평전로 211,,-,-
경상남도 김해시 내동,121-1,121,1,홍익,59.78,202110,14,"17,700",6,1990,평전로 211,,-,-
경상남도 김해시 내동,121-1,121,1,홍익,59.78,202110,16,"17,800",1,1990,평전로 211,,-,-
경상남도 김해시 대성동,88,88,0,가람,71.46,202110,23,"14,000",10,1995,구지로 102-1,,-,-
경상남도 김해시 대성동,411-6,411,6,부림,59.355,202110,15,"8,500",3,1986,구지로124번길 26,,-,-
경상남도 김해시 대성동,413-4,413,4,홍익,81.41,202110,15,"12,000",2,1990,구지로112번길 14-12,,-,-
경상남도 김해시 대청동,321-1,321,1,갑오마을2단지주공2,51.49,202110,9,"13,000",4,2002,계동로102번길 9,,-,-
경상남도 김해시 대청동,321-1,321,1,갑오마을2단지주공2,51.74,202110,10,"13,500",6,2002,계동로102번길 9,,-,-
경상남도 김해시 대청동,321-1,321,1,갑오마을2단지주공2,51.72,202110,19,"13,850",19,2002,계동로102번길 9,,-,-
경상남도 김해시 대청동,321-1,321,1,갑오마을2단지주공2,59.64,202110,30,"17,850",6,2002,계동로102번길 9,,-,-
경상남도 김해시 대청동,333-3,333,3,갑오마을4단지부영8차,80.7474,202110,1,"19,900",8,2002,계동로102번길 24,20211023,-,-
경상남도 김해시 대청동,333-3,333,3,갑오마을4단지부영8차,80.7474,202110,4,"17,500",17,2002,계동로102번길 24,,-,-
경상남도 김해시 대청동,333-3,333,3,갑오마을4단지부영8차,80.7474,202110,12,"19,000",8,2002,계동로102번길 24,,-,-
경상남도 김해시 대청동,333-3,333,3,갑오마을4단지부영8차,80.7474,202110,16,"23,000",11,2002,계동로102번길 24,,-,-
경상남도 김해시 대청동,333-6,333,6,갑오마을5단지부영6차,80.7474,202110,13,"20,000",7,2002,계동로 86,,-,-
경상남도 김해시 대청동,333-6,333,6,갑오마을5단지부영6차,80.7474,202110,20,"19,900",6,2002,계동로 86,,-,-
경상남도 김해시 대청동,333-6,333,6,갑오마을5단지부영6차,80.7474,202110,23,"21,000",5,2002,계동로 86,,-,-
경상남도 김해시 대청동,334-4,334,4,갑오마을6단지부영9차,80.7474,202110,8,"20,000",11,2002,계동로 76-56,,-,-
경상남도 김해시 대청동,334-1,334,1,갑오마을7단지부영10차,59.1074,202110,4,"13,000",11,2002,계동로 76-22,,-,-
경상남도 김해시 대청동,334-1,334,1,갑오마을7단지부영10차,59.1074,202110,5,"13,000",3,2002,계동로 76-22,,-,-
경상남도 김해시 대청동,334-1,334,1,갑오마을7단지부영10차,59.1074,202110,9,"15,000",6,2002,계동로 76-22,,-,-
경상남도 김해시 대청동,334-1,334,1,갑오마을7단지부영10차,59.1074,202110,9,"16,500",9,2002,계동로 76-22,,-,-
경상남도 김해시 대청동,334-1,334,1,갑오마을7단지부영10차,59.1074,202110,17,"15,100",14,2002,계동로 76-22,,-,-
경상남도 김해시 대청동,319-5,319,5,갑오마을9단지푸르지오,121.012,202110,5,"38,000",15,2005,반룡로 65,,-,-
경상남도 김해시 대청동,319-5,319,5,갑오마을9단지푸르지오,102.0989,202110,22,"32,500",7,2005,반룡로 65,,-,-
경상남도 김해시 동상동,1100-1,1100,1,동상동베스티움,59.3658,202110,3,"17,800",3,2017,가야로463번길 15,20211008,-,-
경상남도 김해시 동상동,1100-1,1100,1,동상동베스티움,59.3658,202110,3,"17,800",3,2017,가야로463번길 15,,-,-
경상남도 김해시 동상동,1100-1,1100,1,동상동베스티움,59.9182,202110,6,"18,500",10,2017,가야로463번길 15,,-,-
경상남도 김해시 동상동,1100-1,1100,1,동상동베스티움,59.3658,202110,17,"18,800",6,2017,가야로463번길 15,,-,-
경상남도 김해시 동상동,1099,1099,0,롯데캐슬가야1단지,84.9895,202110,13,"23,500",1,2005,가야로451번길 9,,-,-
경상남도 김해시 동상동,1104,1104,0,롯데캐슬가야2단지,134.4329,202110,30,"32,000",7,2005,가야로463번길 14,,-,-
경상남도 김해시 동상동,1104,1104,0,롯데캐슬가야2단지,84.9895,202110,31,"21,900",1,2005,가야로463번길 14,,-,-
경상남도 김해시 동상동,495-7,495,7,한덕타워,123.18,202110,4,"14,500",13,1994,가야로515번길 7,,-,-
경상남도 김해시 동상동,495-7,495,7,한덕타워,84.99,202110,21,"14,000",13,1994,가야로515번길 7,,-,-
경상남도 김해시 무계동,566,566,0,e편한세상장유2차,59.9049,202110,5,"33,500",16,2018,무계로 47,,-,-
경상남도 김해시 무계동,566,566,0,e편한세상장유2차,63.2138,202110,8,"31,500",11,2018,무계로 47,,-,-
경상남도 김해시 무계동,110-3,110,3,백조,84.48,202110,7,"11,000",5,1991,장유로307번길 39-12,,-,-
경상남도 김해시 무계동,110-3,110,3,백조,74.2,202110,8,"7,800",1,1991,장유로307번길 39-12,,-,-
경상남도 김해시 무계동,156-5,156,5,석봉마을10단지대동1,59.88,202110,1,"15,800",11,2000,금관대로599번길 11,,-,-
경상남도 김해시 무계동,156-5,156,5,석봉마을10단지대동1,59.88,202110,5,"14,800",15,2000,금관대로599번길 11,,-,-
경상남도 김해시 무계동,156-5,156,5,석봉마을10단지대동1,59.88,202110,8,"14,400",22,2000,금관대로599번길 11,,-,-
경상남도 김해시 무계동,156-5,156,5,석봉마을10단지대동1,59.88,202110,8,"14,800",6,2000,금관대로599번길 11,,-,-
경상남도 김해시 무계동,156-5,156,5,석봉마을10단지대동1,59.88,202110,9,"15,800",19,2000,금관대로599번길 11,,-,-
경상남도 김해시 무계동,156-5,156,5,석봉마을10단지대동1,59.9,202110,9,"12,400",1,2000,금관대로599번길 11,,-,-
경상남도 김해시 무계동,156-5,156,5,석봉마을10단지대동1,59.9,202110,16,"14,800",9,2000,금관대로599번길 11,,-,-
경상남도 김해시 무계동,156-5,156,5,석봉마을10단지대동1,59.88,202110,19,"15,000",5,2000,금관대로599번길 11,,-,-
경상남도 김해시 무계동,156-1,156,1,석봉마을9단지부영5차,47.382,202110,2,"13,500",16,2002,금관대로599번길 27,,-,-
경상남도 김해시 무계동,156-1,156,1,석봉마을9단지부영5차,47.382,202110,5,"12,300",15,2002,금관대로599번길 27,,-,-
경상남도 김해시 무계동,156-1,156,1,석봉마을9단지부영5차,47.382,202110,7,"12,500",9,2002,금관대로599번길 27,,-,-
경상남도 김해시 무계동,156-1,156,1,석봉마을9단지부영5차,47.382,202110,7,"13,000",9,2002,금관대로599번길 27,,-,-
경상남도 김해시 무계동,156-1,156,1,석봉마을9단지부영5차,47.382,202110,7,"13,300",12,2002,금관대로599번길 27,,-,-
경상남도 김해시 무계동,156-1,156,1,석봉마을9단지부영5차,47.382,202110,16,"11,800",14,2002,금관대로599번길 27,,-,-
경상남도 김해시 무계동,156-1,156,1,석봉마을9단지부영5차,47.382,202110,16,"13,480",15,2002,금관대로599번길 27,,-,-
경상남도 김해시 무계동,156-1,156,1,석봉마을9단지부영5차,47.382,202110,18,"13,700",13,2002,금관대로599번길 27,,-,-
경상남도 김해시 무계동,156-1,156,1,석봉마을9단지부영5차,47.382,202110,20,"12,000",1,2002,금관대로599번길 27,,-,-
경상남도 김해시 무계동,288-2,288,2,장유the#,84.9978,202110,8,"21,000",2,2007,장유로288번길 15,,-,-
경상남도 김해시 무계동,288-2,288,2,장유the#,84.9978,202110,13,"21,700",8,2007,장유로288번길 15,,-,-
경상남도 김해시 무계동,288-2,288,2,장유the#,84.9978,202110,23,"21,000",8,2007,장유로288번길 15,,-,-
경상남도 김해시 봉황동,886,886,0,e편한세상봉황역,84.4684,202110,3,"55,500",31,2017,김해대로2324번길 54-27,,-,-
경상남도 김해시 봉황동,886,886,0,e편한세상봉황역,84.7227,202110,8,"56,000",20,2017,김해대로2324번길 54-27,,-,-
경상남도 김해시 봉황동,886,886,0,e편한세상봉황역,59.9612,202110,16,"41,500",28,2017,김해대로2324번길 54-27,,-,-
경상남도 김해시 봉황동,450-4,450,4,백조빌라(450-4)B동,101.74,202110,1,"24,200",2,1992,가야의길 112-12,,-,-
경상남도 김해시 봉황동,03월 26일,26,3,봉황,59.13,202110,18,"10,000",1,1984,가락로15번길 21,,-,-
경상남도 김해시 봉황동,119-2,119,2,성산맨션,72.46,202110,13,"10,000",3,1990,김해대로2283번길 23,,-,-
경상남도 김해시 봉황동,04월 18일,18,4,회현아파트,59,202110,8,"11,000",3,1984,가락로7번길 43-1,,-,-
경상남도 김해시 부곡동,1157-1,1157,1,석봉마을1단지대동2,84.78,202110,2,"23,000",14,2000,월산로 82-62,,-,-
경상남도 김해시 부곡동,1157-1,1157,1,석봉마을1단지대동2,84.78,202110,9,"21,000",3,2000,월산로 82-62,,-,-
경상남도 김해시 부곡동,1157-1,1157,1,석봉마을1단지대동2,84.82,202110,9,"22,800",17,2000,월산로 82-62,,-,-
경상남도 김해시 부곡동,1157-3,1157,3,석봉마을2단지대동피렌체(30-4),101.8308,202110,16,"32,500",9,2004,월산로 74,,-,-
경상남도 김해시 부곡동,1157-6,1157,6,석봉마을3단지대동피렌체(30-7),101.8308,202110,5,"33,000",16,2004,월산로 62,,-,-
경상남도 김해시 부곡동,1157-6,1157,6,석봉마을3단지대동피렌체(30-7),101.8308,202110,22,"30,000",9,2004,월산로 62,,-,-
경상남도 김해시 부곡동,1167,1167,0,석봉마을4단지부영17차,80.8839,202110,1,"21,000",7,2004,능동로 117,,-,-
경상남도 김해시 부곡동,1167,1167,0,석봉마을4단지부영17차,80.8839,202110,1,"18,100",3,2004,능동로 117,,-,-
경상남도 김해시 부곡동,1167,1167,0,석봉마을4단지부영17차,80.8839,202110,2,"19,900",17,2004,능동로 117,,-,-
경상남도 김해시 부곡동,1167,1167,0,석봉마을4단지부영17차,80.8839,202110,2,"14,500",16,2004,능동로 117,,-,-
경상남도 김해시 부곡동,1167,1167,0,석봉마을4단지부영17차,80.8839,202110,2,"23,000",14,2004,능동로 117,,-,-
경상남도 김해시 부곡동,1167,1167,0,석봉마을4단지부영17차,80.8839,202110,4,"20,000",5,2004,능동로 117,,-,-
경상남도 김해시 부곡동,1167,1167,0,석봉마을4단지부영17차,80.8839,202110,5,"21,500",2,2004,능동로 117,,-,-
경상남도 김해시 부곡동,1167,1167,0,석봉마을4단지부영17차,80.8839,202110,6,"23,000",9,2004,능동로 117,,-,-
경상남도 김해시 부곡동,1167,1167,0,석봉마을4단지부영17차,80.8839,202110,6,"21,000",6,2004,능동로 117,,-,-
경상남도 김해시 부곡동,1167,1167,0,석봉마을4단지부영17차,80.8839,202110,7,"22,000",15,2004,능동로 117,,-,-
경상남도 김해시 부곡동,1167,1167,0,석봉마을4단지부영17차,80.8839,202110,12,"21,000",13,2004,능동로 117,,-,-
경상남도 김해시 부곡동,1167,1167,0,석봉마을4단지부영17차,80.8839,202110,14,"21,000",4,2004,능동로 117,,-,-
경상남도 김해시 부곡동,1167,1167,0,석봉마을4단지부영17차,80.8839,202110,16,"21,000",4,2004,능동로 117,,-,-
경상남도 김해시 부곡동,1167,1167,0,석봉마을4단지부영17차,80.8839,202110,18,"18,800",3,2004,능동로 117,,-,-
경상남도 김해시 부곡동,1167,1167,0,석봉마을4단지부영17차,80.8839,202110,19,"20,300",12,2004,능동로 117,,-,-
경상남도 김해시 부곡동,1167,1167,0,석봉마을4단지부영17차,80.8839,202110,27,"19,500",13,2004,능동로 117,,-,-
경상남도 김해시 부곡동,1167,1167,0,석봉마을4단지부영17차,80.8839,202110,29,"21,000",4,2004,능동로 117,,-,-
경상남도 김해시 부곡동,1162-3,1162,3,석봉마을5단지대동3,145.515,202110,2,"31,300",10,2000,월산로 10,,-,-
경상남도 김해시 부곡동,1162-3,1162,3,석봉마을5단지대동3,122.39,202110,7,"30,500",23,2000,월산로 10,,-,-
경상남도 김해시 부곡동,1162-3,1162,3,석봉마을5단지대동3,126.48,202110,9,"27,800",6,2000,월산로 10,,-,-
경상남도 김해시 부곡동,1165-1,1165,1,석봉마을7단지부영15차,80.8839,202110,2,"23,000",13,2004,능동로 118,,-,-
경상남도 김해시 부곡동,1165-1,1165,1,석봉마을7단지부영15차,80.8839,202110,6,"21,700",15,2004,능동로 118,,-,-
경상남도 김해시 부곡동,1165-1,1165,1,석봉마을7단지부영15차,80.8839,202110,8,"21,500",11,2004,능동로 118,,-,-
경상남도 김해시 부곡동,1165-1,1165,1,석봉마을7단지부영15차,80.8839,202110,8,"22,600",14,2004,능동로 118,,-,-
경상남도 김해시 부곡동,1165-1,1165,1,석봉마을7단지부영15차,80.8839,202110,15,"21,500",4,2004,능동로 118,,-,-
경상남도 김해시 부곡동,1165-1,1165,1,석봉마을7단지부영15차,80.8839,202110,15,"22,000",6,2004,능동로 118,,-,-
경상남도 김해시 부곡동,1165-1,1165,1,석봉마을7단지부영15차,80.8839,202110,21,"21,500",13,2004,능동로 118,,-,-
경상남도 김해시 부곡동,1165-1,1165,1,석봉마을7단지부영15차,80.8839,202110,28,"21,500",6,2004,능동로 118,,-,-
경상남도 김해시 부곡동,1165-1,1165,1,석봉마을7단지부영15차,80.8839,202110,30,"21,500",19,2004,능동로 118,,-,-
경상남도 김해시 부곡동,1169,1169,0,석봉마을8단지부영14차,59.9888,202110,1,"16,300",2,2003,월산로 13-14,,-,-
경상남도 김해시 부곡동,1169,1169,0,석봉마을8단지부영14차,59.9888,202110,7,"16,400",12,2003,월산로 13-14,,-,-
경상남도 김해시 부곡동,1169,1169,0,석봉마을8단지부영14차,59.9888,202110,8,"16,950",5,2003,월산로 13-14,,-,-
경상남도 김해시 부곡동,1169,1169,0,석봉마을8단지부영14차,59.9888,202110,11,"14,000",1,2003,월산로 13-14,,-,-
경상남도 김해시 부곡동,1169,1169,0,석봉마을8단지부영14차,59.9888,202110,16,"15,900",3,2003,월산로 13-14,,-,-
경상남도 김해시 부곡동,1169,1169,0,석봉마을8단지부영14차,59.9888,202110,19,"17,000",5,2003,월산로 13-14,,-,-
경상남도 김해시 부곡동,1169,1169,0,석봉마을8단지부영14차,59.9888,202110,21,"17,000",14,2003,월산로 13-14,,-,-
경상남도 김해시 부곡동,1169,1169,0,석봉마을8단지부영14차,59.9888,202110,21,"17,700",11,2003,월산로 13-14,,-,-
경상남도 김해시 부곡동,1169,1169,0,석봉마을8단지부영14차,59.9888,202110,29,"12,900",11,2003,월산로 13-14,,-,-
경상남도 김해시 부곡동,806-9,806,9,월산마을10단지에스케이뷰,90.0715,202110,5,"23,000",11,2005,월산로 112-34,,-,-
경상남도 김해시 부곡동,806-9,806,9,월산마을10단지에스케이뷰,90.0715,202110,5,"23,000",12,2005,월산로 112-34,,-,-
경상남도 김해시 부곡동,806-9,806,9,월산마을10단지에스케이뷰,90.0715,202110,9,"24,000",12,2005,월산로 112-34,,-,-
경상남도 김해시 부곡동,806-6,806,6,월산마을13단지푸르지오1차,75.1787,202110,1,"22,300",7,2004,월산로 82-15,,-,-
경상남도 김해시 부곡동,806-6,806,6,월산마을13단지푸르지오1차,84.9292,202110,4,"26,500",14,2004,월산로 82-15,,-,-
경상남도 김해시 부곡동,806-6,806,6,월산마을13단지푸르지오1차,84.9292,202110,6,"25,500",4,2004,월산로 82-15,,-,-
경상남도 김해시 부곡동,806-6,806,6,월산마을13단지푸르지오1차,84.9292,202110,9,"26,000",4,2004,월산로 82-15,,-,-
경상남도 김해시 부곡동,801-2,801,2,월산마을1단지부영13차,47.382,202110,5,"8,800",13,2002,부곡로 78,,-,-
경상남도 김해시 부곡동,801-2,801,2,월산마을1단지부영13차,47.382,202110,12,"9,400",14,2002,부곡로 78,,-,-
경상남도 김해시 부곡동,801-2,801,2,월산마을1단지부영13차,47.382,202110,14,"9,600",10,2002,부곡로 78,,-,-
경상남도 김해시 부곡동,801-2,801,2,월산마을1단지부영13차,47.382,202110,16,"10,000",8,2002,부곡로 78,,-,-
경상남도 김해시 부곡동,801-2,801,2,월산마을1단지부영13차,47.382,202110,20,"10,000",7,2002,부곡로 78,,-,-
경상남도 김해시 부곡동,801-2,801,2,월산마을1단지부영13차,47.382,202110,22,"8,700",2,2002,부곡로 78,,-,-
경상남도 김해시 부곡동,801-2,801,2,월산마을1단지부영13차,47.382,202110,22,"8,700",1,2002,부곡로 78,,-,-
경상남도 김해시 부곡동,801-3,801,3,월산마을2단지부영7차,80.7474,202110,1,"16,600",10,2002,대청로 421,,-,-
경상남도 김해시 부곡동,801-3,801,3,월산마을2단지부영7차,80.7474,202110,9,"17,000",15,2002,대청로 421,,-,-
경상남도 김해시 부곡동,801-3,801,3,월산마을2단지부영7차,80.7474,202110,19,"15,900",15,2002,대청로 421,,-,-
경상남도 김해시 부곡동,801-6,801,6,월산마을3단지부영12차,80.7474,202110,2,"17,000",9,2002,월산로 142,,-,-
경상남도 김해시 부곡동,801-6,801,6,월산마을3단지부영12차,80.7474,202110,3,"16,000",15,2002,월산로 142,,-,-
경상남도 김해시 부곡동,800-3,800,3,월산마을4-1단지부영18차,80.8839,202110,4,"17,500",5,2004,월산로 151,,-,-
경상남도 김해시 부곡동,800-3,800,3,월산마을4-1단지부영18차,80.8839,202110,8,"16,500",3,2004,월산로 151,,-,-
경상남도 김해시 부곡동,880-3,880,3,월산마을4-2단지부영19차,80.8839,202110,2,"16,000",8,2004,부곡로 10,,-,-
경상남도 김해시 부곡동,880-3,880,3,월산마을4-2단지부영19차,80.8839,202110,8,"12,900",6,2004,부곡로 10,,-,-
경상남도 김해시 부곡동,880-3,880,3,월산마을4-2단지부영19차,80.8839,202110,26,"15,200",6,2004,부곡로 10,,-,-
경상남도 김해시 부곡동,802-2,802,2,월산마을5단지두산위브,84.9131,202110,22,"21,900",1,2004,월산로 112-55,,-,-
경상남도 김해시 부곡동,802-7,802,7,월산마을6단지부영1차,80.7474,202110,5,"18,300",4,2001,월산로 120,,-,-
경상남도 김해시 부곡동,802-7,802,7,월산마을6단지부영1차,80.7474,202110,6,"19,500",14,2001,월산로 120,,-,-
경상남도 김해시 부곡동,803-2,803,2,월산마을7단지주공4차,59.73,202110,4,"17,000",14,2004,월산로 119,,-,-
경상남도 김해시 부곡동,803-2,803,2,월산마을7단지주공4차,59.73,202110,5,"15,800",14,2004,월산로 119,,-,-
경상남도 김해시 부곡동,803-2,803,2,월산마을7단지주공4차,59.73,202110,14,"15,500",10,2004,월산로 119,,-,-
경상남도 김해시 부곡동,803-2,803,2,월산마을7단지주공4차,59.73,202110,29,"15,900",20,2004,월산로 119,,-,-
경상남도 김해시 부곡동,803-2,803,2,월산마을7단지주공4차,59.73,202110,29,"16,300",13,2004,월산로 119,,-,-
경상남도 김해시 부곡동,881-2,881,2,월산마을8단지부영16차,80.8839,202110,2,"19,300",8,2004,월산로 111-48,,-,-
경상남도 김해시 부곡동,881-2,881,2,월산마을8단지부영16차,80.8839,202110,15,"17,500",7,2004,월산로 111-48,,-,-
경상남도 김해시 부곡동,881-2,881,2,월산마을8단지부영16차,80.8839,202110,18,"18,300",13,2004,월산로 111-48,,-,-
경상남도 김해시 부곡동,806-1,806,1,월산마을9단지부영3차,80.7474,202110,5,"17,000",4,2002,월산로 112-56,,-,-
경상남도 김해시 부곡동,806-1,806,1,월산마을9단지부영3차,80.7474,202110,18,"20,500",19,2002,월산로 112-56,,-,-
경상남도 김해시 부원동,606-3,606,3,김해 부원역 그린코아 더 센텀,84.8293,202110,6,"55,000",34,2018,김해대로 2349,,-,-
경상남도 김해시 부원동,606-3,606,3,김해 부원역 그린코아 더 센텀,84.6961,202110,15,"51,800",23,2018,김해대로 2349,,-,-
경상남도 김해시 부원동,1043,1043,0,부원역푸르지오,84.995,202110,3,"55,300",6,2014,김해대로 2326,,-,-
경상남도 김해시 부원동,1043,1043,0,부원역푸르지오,84.995,202110,11,"55,500",4,2014,김해대로 2326,,-,-
경상남도 김해시 부원동,1043,1043,0,부원역푸르지오,81.841,202110,13,"55,800",13,2014,김해대로 2326,,-,-
경상남도 김해시 부원동,1043,1043,0,부원역푸르지오,84.995,202110,20,"60,000",15,2014,김해대로 2326,,-,-
경상남도 김해시 부원동,1043,1043,0,부원역푸르지오,81.841,202110,25,"56,500",17,2014,김해대로 2326,,-,-
경상남도 김해시 삼계동,1504-1,1504,1,구지마을3단지푸르지오,124.2404,202110,3,"48,900",3,2007,삼계로 35,,-,-
경상남도 김해시 삼계동,1504-1,1504,1,구지마을3단지푸르지오,84.9091,202110,7,"38,700",7,2007,삼계로 35,,-,-
경상남도 김해시 삼계동,1428-2,1428,2,김해북부7차부영,84.7888,202110,3,"23,700",17,2005,삼계로 248,,-,-
경상남도 김해시 삼계동,1428-2,1428,2,김해북부7차부영,84.7888,202110,17,"19,800",2,2005,삼계로 248,,-,-
경상남도 김해시 삼계동,1428-2,1428,2,김해북부7차부영,84.7888,202110,17,"21,900",14,2005,삼계로 248,,-,-
경상남도 김해시 삼계동,1428-2,1428,2,김해북부7차부영,84.7888,202110,20,"21,800",18,2005,삼계로 248,,-,-
경상남도 김해시 삼계동,1428-2,1428,2,김해북부7차부영,84.7888,202110,23,"21,900",12,2005,삼계로 248,,-,-
경상남도 김해시 삼계동,1428-2,1428,2,김해북부7차부영,84.7888,202110,27,"23,000",13,2005,삼계로 248,,-,-
경상남도 김해시 삼계동,1428-2,1428,2,김해북부7차부영,59.8404,202110,30,"17,000",2,2005,삼계로 248,,-,-
경상남도 김해시 삼계동,1521,1521,0,김해장신대역양우내안애,84.533,202110,7,"24,500",3,2013,김해대로 1868,,-,-
경상남도 김해시 삼계동,1521,1521,0,김해장신대역양우내안애,82.5343,202110,27,"26,000",7,2013,김해대로 1868,,-,-
경상남도 김해시 삼계동,1155-9,1155,9,동신,41.23,202110,1,"6,750",11,1994,김해대로 1784-14,,-,-
경상남도 김해시 삼계동,1155-9,1155,9,동신,49.72,202110,4,"7,600",10,1994,김해대로 1784-14,,-,-
경상남도 김해시 삼계동,1155-9,1155,9,동신,49.72,202110,6,"8,350",10,1994,김해대로 1784-14,,-,-
경상남도 김해시 삼계동,1428-1,1428,1,동원로얄듀크,67.9598,202110,1,"17,950",11,2005,가야로 60,,-,-
경상남도 김해시 삼계동,1428-1,1428,1,동원로얄듀크,84.9741,202110,6,"25,800",2,2005,가야로 60,,-,-
경상남도 김해시 삼계동,1428-1,1428,1,동원로얄듀크,84.9741,202110,14,"26,400",9,2005,가야로 60,,-,-
경상남도 김해시 삼계동,1428-1,1428,1,동원로얄듀크,67.9598,202110,18,"19,000",3,2005,가야로 60,,-,-
경상남도 김해시 삼계동,1428-1,1428,1,동원로얄듀크,67.9598,202110,21,"20,900",20,2005,가야로 60,,-,-
경상남도 김해시 삼계동,1428-1,1428,1,동원로얄듀크,84.9741,202110,24,"27,500",17,2005,가야로 60,,-,-
경상남도 김해시 삼계동,1428-1,1428,1,동원로얄듀크,67.9598,202110,26,"18,300",15,2005,가야로 60,,-,-
경상남도 김해시 삼계동,301,301,0,명지세인트빌,84.9443,202110,1,"21,000",7,2008,김해대로 1832,,-,-
경상남도 김해시 삼계동,301,301,0,명지세인트빌,118.0531,202110,1,"28,800",12,2008,김해대로 1832,,-,-
경상남도 김해시 삼계동,301,301,0,명지세인트빌,84.9443,202110,14,"22,700",13,2008,김해대로 1832,,-,-
경상남도 김해시 삼계동,301,301,0,명지세인트빌,118.0531,202110,25,"28,900",4,2008,김해대로 1832,,-,-
경상남도 김해시 삼계동,1428-5,1428,5,분성마을4단지한솔솔파크,77.4926,202110,12,"20,500",9,2005,삼계로 218,,-,-
경상남도 김해시 삼계동,1428-5,1428,5,분성마을4단지한솔솔파크,77.4926,202110,12,"21,400",15,2005,삼계로 218,,-,-
경상남도 김해시 삼계동,1428-5,1428,5,분성마을4단지한솔솔파크,84.9902,202110,13,"22,500",5,2005,삼계로 218,,-,-
경상남도 김해시 삼계동,1428-5,1428,5,분성마을4단지한솔솔파크,84.9902,202110,13,"22,900",9,2005,삼계로 218,,-,-
경상남도 김해시 삼계동,1428-5,1428,5,분성마을4단지한솔솔파크,84.9902,202110,13,"22,500",11,2005,삼계로 218,,-,-
경상남도 김해시 삼계동,1410-2,1410,2,분성마을5단지푸르지오,59.6447,202110,7,"20,300",4,2006,가야로 19,,-,-
경상남도 김해시 삼계동,1410-2,1410,2,분성마을5단지푸르지오,59.6447,202110,8,"21,500",17,2006,가야로 19,,-,-
경상남도 김해시 삼계동,1410-2,1410,2,분성마을5단지푸르지오,84.9378,202110,20,"28,000",12,2006,가야로 19,,-,-
경상남도 김해시 삼계동,1410-2,1410,2,분성마을5단지푸르지오,84.9378,202110,28,"26,000",12,2006,가야로 19,,-,-
경상남도 김해시 삼계동,1428-4,1428,4,분성마을현대I아파트1,84.9806,202110,21,"21,400",6,2001,삼계로 232,,-,-
경상남도 김해시 삼계동,1428-4,1428,4,분성마을현대I아파트1,84.9806,202110,27,"21,500",8,2001,삼계로 232,,-,-
경상남도 김해시 삼계동,1428-4,1428,4,분성마을현대I아파트2,84.9611,202110,2,"22,000",9,2002,삼계로 232,,-,-
경상남도 김해시 삼계동,1428-4,1428,4,분성마을현대I아파트3,84.9806,202110,1,"21,000",14,2003,삼계로 232,,-,-
경상남도 김해시 삼계동,1428-4,1428,4,분성마을현대I아파트3,84.9611,202110,9,"20,800",16,2003,삼계로 232,,-,-
경상남도 김해시 삼계동,1428-4,1428,4,분성마을현대I아파트3,77.0945,202110,16,"18,300",14,2003,삼계로 232,,-,-
경상남도 김해시 삼계동,1428-4,1428,4,분성마을현대I아파트3,84.9806,202110,20,"20,000",3,2003,삼계로 232,,-,-
경상남도 김해시 삼계동,1428-4,1428,4,분성마을현대I아파트3,84.9611,202110,22,"20,000",4,2003,삼계로 232,,-,-
경상남도 김해시 삼계동,1543,1543,0,삼계구산아이파크1단지,84.9968,202110,3,"33,000",7,2013,김해대로 1870,,-,-
경상남도 김해시 삼계동,1543,1543,0,삼계구산아이파크1단지,84.9968,202110,19,"33,000",11,2013,김해대로 1870,,-,-
경상남도 김해시 삼계동,1543,1543,0,삼계구산아이파크1단지,84.9568,202110,31,"33,600",10,2013,김해대로 1870,,-,-
경상남도 김해시 삼계동,1545,1545,0,삼계서희스타힐스,59.9633,202110,2,"27,000",11,2019,해반천로 280,,-,-
경상남도 김해시 삼계동,1545,1545,0,삼계서희스타힐스,59.9738,202110,11,"26,900",13,2019,해반천로 280,,-,-
경상남도 김해시 삼계동,1545,1545,0,삼계서희스타힐스,59.9738,202110,13,"26,000",6,2019,해반천로 280,,-,-
경상남도 김해시 삼계동,1545,1545,0,삼계서희스타힐스,59.9793,202110,27,"25,700",21,2019,해반천로 280,,-,-
경상남도 김해시 삼계동,1545,1545,0,삼계서희스타힐스,74.9527,202110,28,"35,300",16,2019,해반천로 280,,-,-
경상남도 김해시 삼계동,610,610,0,삼계이안,129.0568,202110,8,"38,000",4,2007,해반천로278번길 12-27,,-,-
경상남도 김해시 삼계동,610,610,0,삼계이안,123.6231,202110,15,"37,500",9,2007,해반천로278번길 12-27,,-,-
경상남도 김해시 삼계동,610,610,0,삼계이안,84.9523,202110,15,"30,000",10,2007,해반천로278번길 12-27,,-,-
경상남도 김해시 삼계동,610,610,0,삼계이안,84.9523,202110,20,"28,000",14,2007,해반천로278번길 12-27,,-,-
경상남도 김해시 삼계동,1547,1547,0,해반천한라비발디,84.9362,202110,1,"44,000",6,2020,김해대로1765번길 7,,-,-
경상남도 김해시 삼계동,1439-1,1439,1,화정마을1단지,84.9814,202110,1,"19,500",11,2003,삼계로 253,,-,-
경상남도 김해시 삼계동,1439-1,1439,1,화정마을1단지,84.9814,202110,5,"21,200",19,2003,삼계로 253,,-,-
경상남도 김해시 삼계동,1439-1,1439,1,화정마을1단지,84.9814,202110,14,"21,600",16,2003,삼계로 253,,-,-
경상남도 김해시 삼계동,1439-1,1439,1,화정마을1단지,84.9814,202110,23,"19,000",2,2003,삼계로 253,,-,-
경상남도 김해시 삼계동,1439-4,1439,4,화정마을부영1차,84.9814,202110,2,"23,650",10,2002,해반천로168번길 7,,-,-
경상남도 김해시 삼계동,1439-4,1439,4,화정마을부영1차,84.9814,202110,4,"23,000",11,2002,해반천로168번길 7,20211007,-,-
경상남도 김해시 삼계동,1439-4,1439,4,화정마을부영1차,84.9814,202110,4,"23,000",11,2002,해반천로168번길 7,,-,-
경상남도 김해시 삼계동,1439-4,1439,4,화정마을부영1차,84.9814,202110,5,"22,200",9,2002,해반천로168번길 7,,-,-
경상남도 김해시 삼계동,1439-4,1439,4,화정마을부영1차,84.9814,202110,7,"20,300",8,2002,해반천로168번길 7,,-,-
경상남도 김해시 삼계동,1439-4,1439,4,화정마을부영1차,84.9814,202110,9,"21,900",8,2002,해반천로168번길 7,,-,-
경상남도 김해시 삼계동,1439-4,1439,4,화정마을부영1차,84.9814,202110,9,"24,700",8,2002,해반천로168번길 7,,-,-
경상남도 김해시 삼계동,1439-4,1439,4,화정마을부영1차,84.9814,202110,22,"23,700",15,2002,해반천로168번길 7,,-,-
경상남도 김해시 삼계동,1439-4,1439,4,화정마을부영1차,84.9814,202110,30,"22,700",7,2002,해반천로168번길 7,,-,-
경상남도 김해시 삼계동,1439-4,1439,4,화정마을부영1차,84.9814,202110,31,"20,400",21,2002,해반천로168번길 7,,-,-
경상남도 김해시 삼계동,1439-2,1439,2,화정마을부영2차,84.9814,202110,12,"21,000",18,2002,삼계로 239,,-,-
경상남도 김해시 삼계동,1439-2,1439,2,화정마을부영2차,84.9814,202110,12,"19,000",12,2002,삼계로 239,,-,-
경상남도 김해시 삼계동,1439-2,1439,2,화정마을부영2차,84.9814,202110,19,"19,400",5,2002,삼계로 239,,-,-
경상남도 김해시 삼계동,1439-2,1439,2,화정마을부영2차,84.9814,202110,27,"19,500",6,2002,삼계로 239,,-,-
경상남도 김해시 삼계동,1439-2,1439,2,화정마을부영2차,84.9814,202110,30,"20,500",9,2002,삼계로 239,,-,-
경상남도 김해시 삼계동,1439-6,1439,6,화정마을부영3차,84.9814,202110,9,"21,200",6,2002,삼계로 223,,-,-
경상남도 김해시 삼계동,1439-6,1439,6,화정마을부영3차,84.9814,202110,19,"22,800",8,2002,삼계로 223,,-,-
경상남도 김해시 삼계동,1439-6,1439,6,화정마을부영3차,84.9814,202110,28,"19,000",1,2002,삼계로 223,,-,-
경상남도 김해시 삼계동,1435,1435,0,화정마을부영6차,49.842,202110,4,"10,900",11,2003,김해대로 1864,,-,-
경상남도 김해시 삼계동,1435,1435,0,화정마을부영6차,49.842,202110,4,"13,000",14,2003,김해대로 1864,,-,-
경상남도 김해시 삼계동,1435,1435,0,화정마을부영6차,49.842,202110,7,"10,100",1,2003,김해대로 1864,,-,-
경상남도 김해시 삼계동,1435,1435,0,화정마을부영6차,49.842,202110,7,"12,000",3,2003,김해대로 1864,,-,-
경상남도 김해시 삼계동,1435,1435,0,화정마을부영6차,49.842,202110,7,"12,500",8,2003,김해대로 1864,,-,-
경상남도 김해시 삼계동,1435,1435,0,화정마을부영6차,59.8404,202110,7,"16,500",8,2003,김해대로 1864,,-,-
경상남도 김해시 삼계동,1435,1435,0,화정마을부영6차,59.8404,202110,13,"17,000",3,2003,김해대로 1864,,-,-
경상남도 김해시 삼계동,1435,1435,0,화정마을부영6차,59.8404,202110,18,"16,600",14,2003,김해대로 1864,,-,-
경상남도 김해시 삼계동,1435,1435,0,화정마을부영6차,49.842,202110,20,"12,500",6,2003,김해대로 1864,,-,-
경상남도 김해시 삼계동,1435,1435,0,화정마을부영6차,49.842,202110,22,"11,500",14,2003,김해대로 1864,,-,-
경상남도 김해시 삼계동,1435,1435,0,화정마을부영6차,49.842,202110,22,"11,000",13,2003,김해대로 1864,,-,-
경상남도 김해시 삼계동,1435,1435,0,화정마을부영6차,49.842,202110,22,"12,000",10,2003,김해대로 1864,,-,-
경상남도 김해시 삼계동,1435,1435,0,화정마을부영6차,49.842,202110,23,"12,000",9,2003,김해대로 1864,,-,-
경상남도 김해시 삼계동,1435,1435,0,화정마을부영6차,49.842,202110,30,"11,250",9,2003,김해대로 1864,,-,-
경상남도 김해시 삼계동,1439-5,1439,5,화정마을아이파크가야,101.967,202110,6,"33,500",1,2004,해반천로168번길 23,,-,-
경상남도 김해시 삼계동,1439-5,1439,5,화정마을아이파크가야,84.965,202110,6,"29,500",6,2004,해반천로168번길 23,,-,-
경상남도 김해시 삼계동,1439-5,1439,5,화정마을아이파크가야,101.967,202110,6,"41,500",14,2004,해반천로168번길 23,,-,-
경상남도 김해시 삼계동,1439-5,1439,5,화정마을아이파크가야,119.974,202110,13,"44,800",7,2004,해반천로168번길 23,,-,-
경상남도 김해시 삼계동,1439-5,1439,5,화정마을아이파크가야,119.974,202110,16,"44,000",7,2004,해반천로168번길 23,,-,-
경상남도 김해시 삼문동,583-3,583,3,갑오마을11단지부영e그린타운,59.9888,202110,4,"15,400",2,2003,삼문로 88,,-,-
경상남도 김해시 삼문동,583-3,583,3,갑오마을11단지부영e그린타운,59.9888,202110,6,"15,800",7,2003,삼문로 88,,-,-
경상남도 김해시 삼문동,583-7,583,7,갑오마을11단지부영그린타운2,80.8839,202110,4,"20,300",9,2003,반룡로 87-12,,-,-
경상남도 김해시 삼문동,583-7,583,7,갑오마을11단지부영그린타운2,80.8839,202110,5,"19,800",2,2003,반룡로 87-12,,-,-
경상남도 김해시 삼문동,1266,1266,0,신장유일동미라주더파크아파트,84.937,202110,1,"35,000",17,2017,장유로334번길 73,,-,-
경상남도 김해시 삼문동,1266,1266,0,신장유일동미라주더파크아파트,84.937,202110,6,"34,000",19,2017,장유로334번길 73,,-,-
경상남도 김해시 삼문동,1266,1266,0,신장유일동미라주더파크아파트,84.937,202110,12,"34,700",8,2017,장유로334번길 73,,-,-
경상남도 김해시 삼문동,1266,1266,0,신장유일동미라주더파크아파트,74.9314,202110,18,"30,500",13,2017,장유로334번길 73,,-,-
경상남도 김해시 삼문동,1266,1266,0,신장유일동미라주더파크아파트,59.9365,202110,20,"27,500",20,2017,장유로334번길 73,,-,-
경상남도 김해시 삼문동,1266,1266,0,신장유일동미라주더파크아파트,74.9912,202110,25,"31,900",18,2017,장유로334번길 73,,-,-
경상남도 김해시 삼문동,1266,1266,0,신장유일동미라주더파크아파트,74.9314,202110,29,"30,000",16,2017,장유로334번길 73,,-,-
경상남도 김해시 삼문동,1267,1267,0,장유덕산아내에코캐슬,84.9213,202110,1,"37,000",20,2018,대청로 237,,-,-
경상남도 김해시 삼문동,1267,1267,0,장유덕산아내에코캐슬,84.9213,202110,1,"29,000",14,2018,대청로 237,,-,-
경상남도 김해시 삼문동,1267,1267,0,장유덕산아내에코캐슬,84.8188,202110,3,"38,000",18,2018,대청로 237,,-,-
경상남도 김해시 삼문동,1267,1267,0,장유덕산아내에코캐슬,69.0307,202110,4,"28,500",12,2018,대청로 237,,-,-
경상남도 김해시 삼문동,1267,1267,0,장유덕산아내에코캐슬,100.7366,202110,9,"42,500",12,2018,대청로 237,,-,-
경상남도 김해시 삼문동,1267,1267,0,장유덕산아내에코캐슬,69.0307,202110,12,"28,500",15,2018,대청로 237,,-,-
경상남도 김해시 삼문동,1267,1267,0,장유덕산아내에코캐슬,84.9213,202110,16,"35,000",15,2018,대청로 237,,-,-
경상남도 김해시 삼문동,1267,1267,0,장유덕산아내에코캐슬,69.0307,202110,20,"28,000",9,2018,대청로 237,,-,-
경상남도 김해시 삼문동,Jan-64,64,1,젤미마을10단지한림리츠빌,144.4607,202110,4,"34,700",5,2004,번화1로 168,,-,-
경상남도 김해시 삼문동,Jan-64,64,1,젤미마을10단지한림리츠빌,109.0286,202110,27,"28,000",15,2004,번화1로 168,,-,-
경상남도 김해시 삼문동,Mar-60,60,3,젤미마을1단지부영11차,47.382,202110,2,"12,000",9,2002,번화2로 90,,-,-
경상남도 김해시 삼문동,Mar-60,60,3,젤미마을1단지부영11차,47.382,202110,3,"11,500",11,2002,번화2로 90,,-,-
경상남도 김해시 삼문동,Mar-60,60,3,젤미마을1단지부영11차,47.382,202110,4,"11,000",14,2002,번화2로 90,,-,-
경상남도 김해시 삼문동,Mar-60,60,3,젤미마을1단지부영11차,47.382,202110,5,"12,000",8,2002,번화2로 90,,-,-
경상남도 김해시 삼문동,Mar-60,60,3,젤미마을1단지부영11차,47.382,202110,5,"11,900",16,2002,번화2로 90,,-,-
경상남도 김해시 삼문동,Mar-60,60,3,젤미마을1단지부영11차,47.382,202110,9,"12,000",11,2002,번화2로 90,,-,-
경상남도 김해시 삼문동,Mar-60,60,3,젤미마을1단지부영11차,47.382,202110,9,"11,500",1,2002,번화2로 90,,-,-
경상남도 김해시 삼문동,Mar-60,60,3,젤미마을1단지부영11차,47.382,202110,12,"12,500",7,2002,번화2로 90,,-,-
경상남도 김해시 삼문동,Mar-60,60,3,젤미마을1단지부영11차,47.382,202110,13,"13,800",9,2002,번화2로 90,,-,-
경상남도 김해시 삼문동,Mar-60,60,3,젤미마을1단지부영11차,47.382,202110,14,"13,300",8,2002,번화2로 90,,-,-
경상남도 김해시 삼문동,Mar-60,60,3,젤미마을1단지부영11차,47.382,202110,19,"12,700",9,2002,번화2로 90,,-,-
경상남도 김해시 삼문동,Mar-60,60,3,젤미마을1단지부영11차,47.382,202110,20,"13,500",11,2002,번화2로 90,,-,-
경상남도 김해시 삼문동,Mar-60,60,3,젤미마을1단지부영11차,47.382,202110,25,"10,100",1,2002,번화2로 90,,-,-
경상남도 김해시 삼문동,Mar-60,60,3,젤미마을1단지부영11차,47.382,202110,31,"11,500",1,2002,번화2로 90,,-,-
경상남도 김해시 삼문동,Jan-61,61,1,젤미마을3단지대동피렌체앙코르,104.6808,202110,12,"27,500",14,2004,번화1로 104,,-,-
경상남도 김해시 삼문동,Jan-61,61,1,젤미마을3단지대동피렌체앙코르,104.6808,202110,15,"28,700",23,2004,번화1로 104,,-,-
경상남도 김해시 삼문동,Apr-62,62,4,젤미마을4단지부영그린타운7차,84.752,202110,1,"21,000",10,2004,능동로 32,,-,-
경상남도 김해시 삼문동,Apr-62,62,4,젤미마을4단지부영그린타운7차,84.752,202110,23,"20,500",6,2004,능동로 32,,-,-
경상남도 김해시 삼문동,Feb-62,62,2,젤미마을5단지푸르지오7차,84.9941,202110,23,"24,800",12,2005,능동로 10,,-,-
경상남도 김해시 삼문동,Feb-62,62,2,젤미마을5단지푸르지오7차,84.9881,202110,27,"25,550",19,2005,능동로 10,,-,-
경상남도 김해시 삼문동,May-61,61,5,젤미마을6단지주공,59.26,202110,2,"16,200",4,2003,번화1로84번길 29,,-,-
경상남도 김해시 삼문동,Aug-61,61,8,젤미마을7단지부영그린타운6차,80.8839,202110,8,"18,000",1,2004,번화1로84번길 9,,-,-
경상남도 김해시 삼문동,Aug-61,61,8,젤미마을7단지부영그린타운6차,80.8839,202110,27,"19,000",3,2004,번화1로84번길 9,,-,-
경상남도 김해시 삼문동,Jul-62,62,7,젤미마을8단지파크뷰,59.961,202110,1,"18,000",13,2002,대청로210번길 35,,-,-
경상남도 김해시 삼문동,Oct-62,62,10,젤미마을9단지부영그린타운5차,84.752,202110,4,"19,200",1,2004,대청로210번길 13,,-,-
경상남도 김해시 삼문동,Oct-62,62,10,젤미마을9단지부영그린타운5차,84.752,202110,12,"18,800",4,2004,대청로210번길 13,,-,-
경상남도 김해시 삼문동,Oct-62,62,10,젤미마을9단지부영그린타운5차,84.752,202110,18,"19,500",11,2004,대청로210번길 13,,-,-
경상남도 김해시 삼방동,193,193,0,대동,65.57,202110,18,"9,700",5,1990,활천로285번길 4,,-,-
경상남도 김해시 삼방동,189,189,0,동성,59.94,202110,28,"15,500",2,1991,삼안로 207,,-,-
경상남도 김해시 삼방동,189,189,0,동성,59.94,202110,28,"15,500",2,1991,삼안로 207,20211028,-,-
경상남도 김해시 삼방동,690-1,690,1,동원,59.96,202110,8,"12,000",13,1991,삼안로 226,,-,-
경상남도 김해시 삼방동,690-1,690,1,동원,59.96,202110,10,"8,000",13,1991,삼안로 226,,-,-
경상남도 김해시 삼방동,690-1,690,1,동원,59.96,202110,12,"8,900",3,1991,삼안로 226,,-,-
경상남도 김해시 삼방동,690-1,690,1,동원,59.96,202110,12,"12,000",10,1991,삼안로 226,,-,-
경상남도 김해시 삼방동,690-1,690,1,동원,59.96,202110,20,"9,000",5,1991,삼안로 226,,-,-
경상남도 김해시 삼방동,690-1,690,1,동원,59.96,202110,25,"10,150",1,1991,삼안로 226,,-,-
경상남도 김해시 삼방동,691-2,691,2,한일,84.86,202110,14,"12,300",12,1992,삼안로 244,,-,-
경상남도 김해시 삼방동,691-2,691,2,한일,84.86,202110,19,"12,000",13,1992,삼안로 244,,-,-
경상남도 김해시 삼방동,691-2,691,2,한일,84.86,202110,23,"13,200",7,1992,삼안로 244,,-,-
경상남도 김해시 삼방동,691-2,691,2,한일,84.86,202110,26,"12,400",4,1992,삼안로 244,,-,-
경상남도 김해시 삼방동,692,692,0,화인,84.46,202110,15,"13,400",3,1992,삼안로 264,,-,-
경상남도 김해시 삼정동,652-8,652,8,가야아파트(3차),84.81,202110,1,"15,200",8,2001,인제로25번길 22,,-,-
경상남도 김해시 삼정동,652-8,652,8,가야아파트(3차),84.81,202110,2,"15,000",3,2001,인제로25번길 22,,-,-
경상남도 김해시 삼정동,640-10,640,10,경남,78.59,202110,21,"8,000",6,2000,김해대로2511번길 44,,-,-
경상남도 김해시 삼정동,637-5,637,5,삼성골드빌라,84.51,202110,16,"12,900",6,2000,인제로51번길 24,,-,-
경상남도 김해시 삼정동,641-2,641,2,샛별코디빌,82.1,202110,21,"16,500",8,2002,김해대로2511번길 49,,-,-
경상남도 김해시 삼정동,661-12,661,12,성우그랜드빌A,84.835,202110,27,"19,000",4,2003,김해대로2491번길 6-6,,-,-
경상남도 김해시 삼정동,143-26,143,26,유신그린코아맨션,66.34,202110,13,"11,000",2,1991,분성로494번길 27,,-,-
경상남도 김해시 삼정동,Apr-79,79,4,유신파크맨션,65.14,202110,12,"8,000",5,1990,활천로68번길 10,,-,-
경상남도 김해시 삼정동,267-7,267,7,유한미소안,84.9889,202110,1,"19,400",4,2006,활천로36번길 16,,-,-
경상남도 김해시 생림면 봉림리,659,659,0,AK휴엘아파트,64.9851,202110,10,"13,400",3,2017,봉림로 46,,-,-
경상남도 김해시 신문동,498-7,498,7,SG이너스,22.925,202110,28,"4,500",13,2012,장유로330번길 5,,-,-
경상남도 김해시 신문동,527-2,527,2,장유2차쌍용예가,84.9927,202110,1,"27,400",6,2008,장유로 362,,-,-
경상남도 김해시 신문동,527-2,527,2,장유2차쌍용예가,129.2394,202110,2,"36,200",4,2008,장유로 362,,-,-
경상남도 김해시 신문동,527-2,527,2,장유2차쌍용예가,149.8192,202110,6,"47,100",10,2008,장유로 362,,-,-
경상남도 김해시 신문동,527-2,527,2,장유2차쌍용예가,119.721,202110,14,"37,800",3,2008,장유로 362,,-,-
경상남도 김해시 신문동,527-2,527,2,장유2차쌍용예가,119.721,202110,16,"33,000",7,2008,장유로 362,,-,-
경상남도 김해시 신문동,1333,1333,0,장유E-편한세상,84.974,202110,5,"27,600",10,2007,장유로334번길 76,,-,-
경상남도 김해시 신문동,1333,1333,0,장유E-편한세상,84.974,202110,8,"26,300",2,2007,장유로334번길 76,,-,-
경상남도 김해시 신문동,1333,1333,0,장유E-편한세상,84.974,202110,15,"26,000",10,2007,장유로334번길 76,,-,-
경상남도 김해시 신문동,1521,1521,0,장유경동리인하이스트,65.9936,202110,1,"26,700",5,2019,장유로334번길 9,,-,-
경상남도 김해시 신문동,1521,1521,0,장유경동리인하이스트,73.8892,202110,1,"30,000",4,2019,장유로334번길 9,,-,-
경상남도 김해시 신문동,1521,1521,0,장유경동리인하이스트,65.9936,202110,6,"26,000",3,2019,장유로334번길 9,,-,-
경상남도 김해시 신문동,1521,1521,0,장유경동리인하이스트,78.9971,202110,9,"36,500",22,2019,장유로334번길 9,,-,-
경상남도 김해시 신문동,1521,1521,0,장유경동리인하이스트,65.6949,202110,23,"29,000",33,2019,장유로334번길 9,,-,-
경상남도 김해시 신문동,1521,1521,0,장유경동리인하이스트,65.9936,202110,24,"26,000",2,2019,장유로334번길 9,,-,-
경상남도 김해시 신문동,1521,1521,0,장유경동리인하이스트,65.9936,202110,27,"27,386",35,2019,장유로334번길 9,,-,-
경상남도 김해시 신문동,1521,1521,0,장유경동리인하이스트,73.8892,202110,28,"34,800",37,2019,장유로334번길 9,,-,-
경상남도 김해시 신문동,1521,1521,0,장유경동리인하이스트,65.9936,202110,31,"27,500",7,2019,장유로334번길 9,,-,-
경상남도 김해시 신문동,530-2,530,2,장유쌍용예가,119.6384,202110,2,"31,700",9,2007,장유로 360,,-,-
경상남도 김해시 신문동,530-2,530,2,장유쌍용예가,84.9918,202110,10,"25,700",5,2007,장유로 360,,-,-
경상남도 김해시 안동,333-1,333,1,한효,109.11,202110,1,"15,950",6,1995,삼안로112번길 4,,-,-
경상남도 김해시 안동,333-1,333,1,한효,84.9,202110,2,"12,000",17,1995,삼안로112번길 4,,-,-
경상남도 김해시 안동,333-1,333,1,한효,84.51,202110,20,"15,000",11,1995,삼안로112번길 4,,-,-
경상남도 김해시 어방동,1112-1,1112,1,가야아파트5차,84.93,202110,15,"14,000",2,2004,인제로11번길 12-24,,-,-
경상남도 김해시 어방동,1109-9,1109,9,금림3차,82.82,202110,2,"17,800",4,2014,인제로25번길 12,,-,-
경상남도 김해시 어방동,499,499,0,대우유토피아,116.73,202110,2,"19,000",8,1994,인제로 167,,-,-
경상남도 김해시 어방동,499,499,0,대우유토피아,59.99,202110,2,"10,100",7,1994,인제로 167,,-,-
경상남도 김해시 어방동,499,499,0,대우유토피아,59.99,202110,2,"11,500",14,1994,인제로 167,,-,-
경상남도 김해시 어방동,499,499,0,대우유토피아,59.99,202110,4,"11,200",12,1994,인제로 167,,-,-
경상남도 김해시 어방동,499,499,0,대우유토피아,77.56,202110,4,"14,000",2,1994,인제로 167,,-,-
경상남도 김해시 어방동,499,499,0,대우유토피아,140.34,202110,13,"20,700",4,1994,인제로 167,,-,-
경상남도 김해시 어방동,499,499,0,대우유토피아,116.73,202110,15,"20,900",11,1994,인제로 167,,-,-
경상남도 김해시 어방동,499,499,0,대우유토피아,59.99,202110,16,"11,300",9,1994,인제로 167,,-,-
경상남도 김해시 어방동,499,499,0,대우유토피아,59.99,202110,16,"12,200",1,1994,인제로 167,,-,-
경상남도 김해시 어방동,458-8,458,8,시영,59.88,202110,3,"10,900",5,1991,인제로169번길 9,,-,-
경상남도 김해시 어방동,458-8,458,8,시영,49.88,202110,23,"10,000",9,1991,인제로169번길 9,,-,-
경상남도 김해시 어방동,680,680,0,어방동원,84.93,202110,1,"15,000",2,1998,활천로 181,,-,-
경상남도 김해시 어방동,680,680,0,어방동원,84.93,202110,2,"15,100",1,1998,활천로 181,,-,-
경상남도 김해시 어방동,577,577,0,어방화인아파트,59.84,202110,8,"10,500",5,1996,인제로 167-1,,-,-
경상남도 김해시 어방동,577,577,0,어방화인아파트,84.75,202110,18,"15,750",15,1996,인제로 167-1,,-,-
경상남도 김해시 어방동,458-1,458,1,우신그린피아,98.76,202110,3,"21,000",11,1997,인제로169번길 27,,-,-
경상남도 김해시 어방동,458-1,458,1,우신그린피아,98.82,202110,12,"20,000",2,1997,인제로169번길 27,,-,-
경상남도 김해시 외동,1421,1421,0,김해외동이진캐스빌2차,84.9981,202110,7,"28,500",7,2013,분성로 26,,-,-
경상남도 김해시 외동,1421,1421,0,김해외동이진캐스빌2차,84.9981,202110,21,"29,400",14,2013,분성로 26,,-,-
경상남도 김해시 외동,1427,1427,0,김해외동협성엘리시안,59.9166,202110,17,"32,500",19,2019,분성로 4,,-,-
경상남도 김해시 외동,1251,1251,0,내외대동한마음,59.8,202110,1,"15,500",15,1993,함박로101번길 19,,-,-
경상남도 김해시 외동,1251,1251,0,내외대동한마음,59.63,202110,4,"18,000",5,1993,함박로101번길 19,,-,-
경상남도 김해시 외동,1251,1251,0,내외대동한마음,59.8,202110,5,"16,200",4,1993,함박로101번길 19,,-,-
경상남도 김해시 외동,1251,1251,0,내외대동한마음,59.8,202110,8,"18,000",4,1993,함박로101번길 19,,-,-
경상남도 김해시 외동,1251,1251,0,내외대동한마음,59.63,202110,9,"18,600",15,1993,함박로101번길 19,,-,-
경상남도 김해시 외동,1251,1251,0,내외대동한마음,59.8,202110,10,"18,900",6,1993,함박로101번길 19,,-,-
경상남도 김해시 외동,1251,1251,0,내외대동한마음,59.63,202110,16,"17,400",7,1993,함박로101번길 19,,-,-
경상남도 김해시 외동,1325,1325,0,다온채,80.915,202110,13,"14,500",3,2014,분성로172번길 38,,-,-
경상남도 김해시 외동,1260-1,1260,1,덕산베스트타운,59.958,202110,1,"17,000",2,1997,함박로119번길 6,,-,-
경상남도 김해시 외동,1260-1,1260,1,덕산베스트타운,59.958,202110,2,"17,000",1,1997,함박로119번길 6,,-,-
경상남도 김해시 외동,1260-1,1260,1,덕산베스트타운,59.958,202110,2,"17,400",2,1997,함박로119번길 6,,-,-
경상남도 김해시 외동,1260-1,1260,1,덕산베스트타운,59.82,202110,6,"18,400",6,1997,함박로119번길 6,,-,-
경상남도 김해시 외동,1260-1,1260,1,덕산베스트타운,59.958,202110,9,"17,500",15,1997,함박로119번길 6,,-,-
경상남도 김해시 외동,1260-1,1260,1,덕산베스트타운,59.958,202110,12,"17,000",4,1997,함박로119번길 6,,-,-
경상남도 김해시 외동,1260-1,1260,1,덕산베스트타운,59.82,202110,26,"15,300",1,1997,함박로119번길 6,,-,-
경상남도 김해시 외동,705-1,705,1,동성,59.97,202110,5,"14,000",4,1989,평전로 33,,-,-
경상남도 김해시 외동,7,7,0,동아그린,59.89,202110,1,"10,800",2,1994,전하로 251,,-,-
경상남도 김해시 외동,7,7,0,동아그린,59.97,202110,16,"11,500",4,1994,전하로 251,,-,-
경상남도 김해시 외동,1261-1,1261,1,동일,59.85,202110,8,"13,500",1,1995,함박로 162,,-,-
경상남도 김해시 외동,1250-1,1250,1,뜨란채,59.99,202110,4,"17,600",3,1996,우암로 36,,-,-
경상남도 김해시 외동,1250-1,1250,1,뜨란채,59.99,202110,5,"15,000",12,1996,우암로 36,,-,-
경상남도 김해시 외동,1250-1,1250,1,뜨란채,59.99,202110,15,"14,400",1,1996,우암로 36,,-,-
경상남도 김해시 외동,1250-1,1250,1,뜨란채,59.99,202110,19,"13,200",1,1996,우암로 36,,-,-
경상남도 김해시 외동,1250-1,1250,1,뜨란채,59.99,202110,23,"15,500",4,1996,우암로 36,,-,-
경상남도 김해시 외동,1250-1,1250,1,뜨란채,59.99,202110,27,"16,000",15,1996,우암로 36,,-,-
경상남도 김해시 외동,1260-3,1260,3,서광,59.8,202110,1,"17,500",5,1995,함박로 149,,-,-
경상남도 김해시 외동,1260-3,1260,3,서광,59.8,202110,3,"15,000",1,1995,함박로 149,,-,-
경상남도 김해시 외동,1260-3,1260,3,서광,59.8,202110,4,"16,450",6,1995,함박로 149,,-,-
경상남도 김해시 외동,1260-3,1260,3,서광,59.8,202110,11,"16,800",15,1995,함박로 149,,-,-
경상남도 김해시 외동,1260-3,1260,3,서광,59.8,202110,25,"16,200",9,1995,함박로 149,,-,-
경상남도 김해시 외동,1249-7,1249,7,성원,49.89,202110,2,"11,400",2,1996,우암로 8,,-,-
경상남도 김해시 외동,1249-7,1249,7,성원,49.89,202110,5,"10,500",3,1996,우암로 8,,-,-
경상남도 김해시 외동,1249-7,1249,7,성원,49.89,202110,9,"11,500",5,1996,우암로 8,,-,-
경상남도 김해시 외동,1249-7,1249,7,성원,49.89,202110,19,"10,950",2,1996,우암로 8,,-,-
경상남도 김해시 외동,550,550,0,쌍용스윗닷홈,84.979,202110,11,"25,900",5,2005,분성로134번길 7,,-,-
경상남도 김해시 외동,1334,1334,0,우림파크빌,84.625,202110,27,"14,500",5,2003,분성로194번길 29,,-,-
경상남도 김해시 외동,883,883,0,일동한신,84.94,202110,1,"19,000",8,1999,분성로 14,,-,-
경상남도 김해시 외동,883,883,0,일동한신,59.98,202110,7,"13,500",12,1999,분성로 14,,-,-
경상남도 김해시 외동,883,883,0,일동한신,59.98,202110,16,"11,000",14,1999,분성로 14,,-,-
경상남도 김해시 외동,883,883,0,일동한신,84.94,202110,31,"18,900",4,1999,분성로 14,,-,-
경상남도 김해시 외동,705,705,0,주공2,39.69,202110,1,"17,100",1,1989,평전로 3,,-,-
경상남도 김해시 외동,705,705,0,주공2,39.3,202110,16,"17,500",4,1989,평전로 3,,-,-
경상남도 김해시 외동,1373,1373,0,진풍아트빌,46.44,202110,14,"7,500",7,2006,분성로172번길 64,,-,-
경상남도 김해시 외동,1331,1331,0,청아빌라,84.84,202110,13,"14,050",8,2010,분성로172번길 44,,-,-
경상남도 김해시 외동,1261-9,1261,9,한국,59.54,202110,2,"16,800",7,1997,함박로 122,,-,-
경상남도 김해시 외동,1261-9,1261,9,한국,59.54,202110,5,"18,000",9,1997,함박로 122,,-,-
경상남도 김해시 외동,1261-9,1261,9,한국,39.6,202110,9,"12,000",9,1997,함박로 122,,-,-
경상남도 김해시 외동,1261-9,1261,9,한국,49.56,202110,11,"13,500",2,1997,함박로 122,,-,-
경상남도 김해시 외동,1261-9,1261,9,한국,59.54,202110,13,"15,000",1,1997,함박로 122,,-,-
경상남도 김해시 외동,1261-9,1261,9,한국,59.54,202110,16,"17,500",5,1997,함박로 122,,-,-
경상남도 김해시 외동,1261-9,1261,9,한국,49.65,202110,18,"14,400",13,1997,함박로 122,,-,-
경상남도 김해시 외동,1261-9,1261,9,한국,49.41,202110,18,"15,000",13,1997,함박로 122,,-,-
경상남도 김해시 외동,1261-9,1261,9,한국,39.6,202110,20,"10,800",3,1997,함박로 122,,-,-
경상남도 김해시 외동,1261-9,1261,9,한국,39.6,202110,21,"11,500",3,1997,함박로 122,,-,-
경상남도 김해시 외동,1261-9,1261,9,한국,49.35,202110,28,"14,000",8,1997,함박로 122,,-,-
경상남도 김해시 외동,1249-4,1249,4,한국2,59.82,202110,2,"17,000",7,1998,분성로 155,,-,-
경상남도 김해시 외동,1249-4,1249,4,한국2,59.946,202110,3,"19,000",10,1998,분성로 155,,-,-
경상남도 김해시 외동,1249-4,1249,4,한국2,59.946,202110,5,"17,700",6,1998,분성로 155,,-,-
경상남도 김해시 외동,1249-4,1249,4,한국2,59.946,202110,5,"18,000",15,1998,분성로 155,,-,-
경상남도 김해시 외동,1249-4,1249,4,한국2,59.886,202110,6,"15,500",4,1998,분성로 155,,-,-
경상남도 김해시 외동,1249-4,1249,4,한국2,59.946,202110,6,"16,475",2,1998,분성로 155,,-,-
경상남도 김해시 외동,1249-4,1249,4,한국2,59.946,202110,6,"18,000",2,1998,분성로 155,,-,-
경상남도 김해시 외동,1249-4,1249,4,한국2,27.648,202110,6,"8,100",9,1998,분성로 155,,-,-
경상남도 김해시 외동,1249-4,1249,4,한국2,59.946,202110,7,"15,500",14,1998,분성로 155,,-,-
경상남도 김해시 외동,1249-4,1249,4,한국2,27.648,202110,11,"6,100",2,1998,분성로 155,,-,-
경상남도 김해시 외동,1249-4,1249,4,한국2,27.648,202110,12,"7,600",11,1998,분성로 155,,-,-
경상남도 김해시 외동,1249-4,1249,4,한국2,27.648,202110,12,"6,900",13,1998,분성로 155,,-,-
경상남도 김해시 외동,1249-4,1249,4,한국2,59.946,202110,12,"18,950",7,1998,분성로 155,,-,-
경상남도 김해시 외동,1249-4,1249,4,한국2,59.946,202110,15,"18,500",15,1998,분성로 155,,-,-
경상남도 김해시 외동,1249-4,1249,4,한국2,27.648,202110,16,"7,600",12,1998,분성로 155,,-,-
경상남도 김해시 외동,1249-4,1249,4,한국2,59.886,202110,16,"19,000",10,1998,분성로 155,,-,-
경상남도 김해시 외동,1249-4,1249,4,한국2,59.946,202110,16,"17,900",3,1998,분성로 155,,-,-
경상남도 김해시 외동,1249-4,1249,4,한국2,59.946,202110,18,"17,700",14,1998,분성로 155,,-,-
경상남도 김해시 외동,1249-4,1249,4,한국2,59.886,202110,20,"17,500",4,1998,분성로 155,,-,-
경상남도 김해시 외동,1249-4,1249,4,한국2,27.648,202110,23,"6,950",9,1998,분성로 155,,-,-
경상남도 김해시 외동,1249-4,1249,4,한국2,59.946,202110,23,"17,800",11,1998,분성로 155,,-,-
경상남도 김해시 외동,1249-4,1249,4,한국2,27.648,202110,29,"8,000",4,1998,분성로 155,,-,-
경상남도 김해시 외동,916,916,0,한덕한신타워,84.98,202110,2,"15,600",1,1992,분성로48번길 16,,-,-
경상남도 김해시 외동,916,916,0,한덕한신타워,109.66,202110,6,"17,700",17,1992,분성로48번길 16,,-,-
경상남도 김해시 외동,916,916,0,한덕한신타워,81.49,202110,12,"11,800",13,1992,분성로48번길 16,,-,-
경상남도 김해시 외동,916,916,0,한덕한신타워,81.49,202110,16,"13,900",1,1992,분성로48번길 16,,-,-
경상남도 김해시 외동,518-1,518,1,한솔빌리지,84.97,202110,8,"19,400",7,2004,분성로 94-21,,-,-
경상남도 김해시 율하동,1371,1371,0,신리마을중앙하이츠8단지,107.9416,202110,1,"44,800",25,2009,율하3로 76,,-,-
경상남도 김해시 율하동,1371,1371,0,신리마을중앙하이츠8단지,130.6765,202110,4,"52,800",12,2009,율하3로 76,,-,-
경상남도 김해시 율하동,1316,1316,0,율상마을모아미래도5단지,84.9292,202110,1,"41,000",9,2012,율하2로 87,,-,-
경상남도 김해시 율하동,1316,1316,0,율상마을모아미래도5단지,84.9271,202110,4,"39,400",17,2012,율하2로 87,,-,-
경상남도 김해시 율하동,1316,1316,0,율상마을모아미래도5단지,84.9292,202110,9,"41,000",22,2012,율하2로 87,,-,-
경상남도 김해시 율하동,1316,1316,0,율상마을모아미래도5단지,84.9271,202110,9,"39,800",12,2012,율하2로 87,,-,-
경상남도 김해시 율하동,1316,1316,0,율상마을모아미래도5단지,84.9292,202110,10,"35,800",1,2012,율하2로 87,,-,-
경상남도 김해시 율하동,1316,1316,0,율상마을모아미래도5단지,84.9292,202110,17,"41,400",8,2012,율하2로 87,,-,-
경상남도 김해시 율하동,1316,1316,0,율상마을모아미래도5단지,84.9292,202110,23,"38,900",7,2012,율하2로 87,,-,-
경상남도 김해시 율하동,1316,1316,0,율상마을모아미래도5단지,84.9292,202110,30,"42,500",19,2012,율하2로 87,,-,-
경상남도 김해시 율하동,1317,1317,0,율상마을모아미래도6단지,84.9646,202110,16,"40,700",7,2014,율하1로 90,,-,-
경상남도 김해시 율하동,1297,1297,0,율상마을푸르지오3단지(1차),84.986,202110,1,"33,300",7,2008,율하2로 57,,-,-
경상남도 김해시 율하동,1297,1297,0,율상마을푸르지오3단지(1차),84.986,202110,4,"33,000",4,2008,율하2로 57,,-,-
경상남도 김해시 율하동,1297,1297,0,율상마을푸르지오3단지(1차),84.965,202110,7,"33,800",4,2008,율하2로 57,,-,-
경상남도 김해시 율하동,1297,1297,0,율상마을푸르지오3단지(1차),84.996,202110,9,"33,800",1,2008,율하2로 57,,-,-
경상남도 김해시 율하동,1297,1297,0,율상마을푸르지오3단지(1차),84.965,202110,16,"35,900",25,2008,율하2로 57,,-,-
경상남도 김해시 율하동,1297,1297,0,율상마을푸르지오3단지(1차),84.965,202110,17,"36,300",19,2008,율하2로 57,,-,-
경상남도 김해시 율하동,1297,1297,0,율상마을푸르지오3단지(1차),84.965,202110,24,"36,500",19,2008,율하2로 57,,-,-
경상남도 김해시 율하동,1296,1296,0,율상마을푸르지오4단지(2차),116.492,202110,2,"49,000",18,2008,율하1로 64,,-,-
경상남도 김해시 율하동,1296,1296,0,율상마을푸르지오4단지(2차),144.658,202110,5,"59,900",15,2008,율하1로 64,,-,-
경상남도 김해시 율하동,1296,1296,0,율상마을푸르지오4단지(2차),116.492,202110,6,"49,800",11,2008,율하1로 64,,-,-
경상남도 김해시 율하동,1296,1296,0,율상마을푸르지오4단지(2차),116.492,202110,13,"49,800",6,2008,율하1로 64,,-,-
경상남도 김해시 율하동,1296,1296,0,율상마을푸르지오4단지(2차),116.492,202110,20,"50,200",21,2008,율하1로 64,,-,-
경상남도 김해시 율하동,1369,1369,0,율현마을동원로얄듀크1차,84.9828,202110,2,"37,500",15,2013,율하2로 125,,-,-
경상남도 김해시 율하동,1369,1369,0,율현마을동원로얄듀크1차,84.9916,202110,2,"37,550",25,2013,율하2로 125,,-,-
경상남도 김해시 율하동,1369,1369,0,율현마을동원로얄듀크1차,84.9828,202110,8,"36,500",10,2013,율하2로 125,,-,-
경상남도 김해시 율하동,1369,1369,0,율현마을동원로얄듀크1차,84.9916,202110,8,"36,450",6,2013,율하2로 125,,-,-
경상남도 김해시 율하동,1369,1369,0,율현마을동원로얄듀크1차,84.9828,202110,8,"36,200",7,2013,율하2로 125,,-,-
경상남도 김해시 율하동,1369,1369,0,율현마을동원로얄듀크1차,84.9916,202110,9,"37,300",11,2013,율하2로 125,,-,-
경상남도 김해시 율하동,1369,1369,0,율현마을동원로얄듀크1차,84.9916,202110,30,"38,900",23,2013,율하2로 125,,-,-
경상남도 김해시 율하동,1405,1405,0,율현마을율하e-편한세상,84.835,202110,4,"35,850",13,2009,율하2로 198,,-,-
경상남도 김해시 율하동,1405,1405,0,율현마을율하e-편한세상,84.866,202110,8,"35,500",13,2009,율하2로 198,,-,-
경상남도 김해시 율하동,1405,1405,0,율현마을율하e-편한세상,84.866,202110,8,"35,800",9,2009,율하2로 198,,-,-
경상남도 김해시 율하동,1405,1405,0,율현마을율하e-편한세상,84.866,202110,14,"35,700",17,2009,율하2로 198,,-,-
경상남도 김해시 율하동,1370,1370,0,율현마을이편한세상9단지,84.977,202110,1,"40,900",15,2013,율하1로 130,,-,-
경상남도 김해시 율하동,1370,1370,0,율현마을이편한세상9단지,84.977,202110,6,"40,950",9,2013,율하1로 130,,-,-
경상남도 김해시 율하동,1370,1370,0,율현마을이편한세상9단지,84.847,202110,11,"42,800",7,2013,율하1로 130,,-,-
경상남도 김해시 율하동,1370,1370,0,율현마을이편한세상9단지,84.977,202110,20,"44,000",13,2013,율하1로 130,,-,-
경상남도 김해시 장유동,870,870,0,김해율하시티프라디움,128.0959,202110,21,"69,500",3,2019,율하5로 11,,-,-
경상남도 김해시 장유동,846,846,0,원메이저자이,84.9639,202110,8,"53,000",20,2018,율하6로 18,,-,-
경상남도 김해시 장유동,846,846,0,원메이저자이,84.9639,202110,12,"50,900",5,2018,율하6로 18,,-,-
경상남도 김해시 장유동,849,849,0,원메이저푸르지오,84.9639,202110,12,"53,500",5,2018,율하로 479,,-,-
경상남도 김해시 장유동,873,873,0,원메이저힐스테이트,84.9639,202110,2,"53,800",4,2018,율하5로 99,,-,-
경상남도 김해시 장유동,873,873,0,원메이저힐스테이트,119.4105,202110,16,"69,000",3,2018,율하5로 99,,-,-
경상남도 김해시 장유동,847,847,0,율하자이힐스테이트,74.71,202110,2,"48,200",3,2019,율하6로 17,,-,-
경상남도 김해시 장유동,847,847,0,율하자이힐스테이트,74.71,202110,2,"52,500",11,2019,율하6로 17,,-,-
경상남도 김해시 장유동,847,847,0,율하자이힐스테이트,84.99,202110,3,"57,500",13,2019,율하6로 17,,-,-
경상남도 김해시 장유동,847,847,0,율하자이힐스테이트,84.97,202110,3,"53,000",8,2019,율하6로 17,,-,-
경상남도 김해시 장유동,847,847,0,율하자이힐스테이트,84.97,202110,4,"59,500",12,2019,율하6로 17,,-,-
경상남도 김해시 장유동,847,847,0,율하자이힐스테이트,84.97,202110,4,"53,300",5,2019,율하6로 17,,-,-
경상남도 김해시 장유동,847,847,0,율하자이힐스테이트,84.99,202110,6,"57,250",17,2019,율하6로 17,,-,-
경상남도 김해시 장유동,847,847,0,율하자이힐스테이트,84.97,202110,8,"54,000",5,2019,율하6로 17,,-,-
경상남도 김해시 장유동,847,847,0,율하자이힐스테이트,84.67,202110,14,"57,700",12,2019,율하6로 17,,-,-
경상남도 김해시 장유동,847,847,0,율하자이힐스테이트,84.97,202110,15,"54,800",7,2019,율하6로 17,,-,-
경상남도 김해시 전하동,439,439,0,반도보라,59.94,202110,1,"16,500",10,1998,전하로176번길 71,,-,-
경상남도 김해시 전하동,439,439,0,반도보라,59.94,202110,5,"18,500",12,1998,전하로176번길 71,,-,-
경상남도 김해시 전하동,439,439,0,반도보라,59.94,202110,8,"17,500",9,1998,전하로176번길 71,,-,-
경상남도 김해시 주촌면 선지리,1476,1476,0,김해 센텀Q시티,59.9625,202110,5,"30,000",11,2018,선지로 85,,-,-
경상남도 김해시 주촌면 선지리,1476,1476,0,김해 센텀Q시티,59.9771,202110,16,"32,800",9,2018,선지로 85,,-,-
경상남도 김해시 주촌면 선지리,1476,1476,0,김해 센텀Q시티,84.9514,202110,23,"44,800",9,2018,선지로 85,,-,-
경상남도 김해시 주촌면 선지리,1476,1476,0,김해 센텀Q시티,59.9625,202110,23,"29,700",6,2018,선지로 85,,-,-
경상남도 김해시 주촌면 선지리,1374,1374,0,김해주촌두산위브더제니스,84.9765,202110,27,"43,000",26,2019,주선로 34,,-,-
경상남도 김해시 주촌면 천곡리,1531,1531,0,김해센텀두산위브더제니스,75.8601,202110,1,"44,500",25,2019,천곡로 26,,-,-
경상남도 김해시 주촌면 천곡리,1531,1531,0,김해센텀두산위브더제니스,75.9258,202110,1,"44,700",24,2019,천곡로 26,,-,-
경상남도 김해시 주촌면 천곡리,1531,1531,0,김해센텀두산위브더제니스,75.9258,202110,2,"42,000",21,2019,천곡로 26,,-,-
경상남도 김해시 주촌면 천곡리,1531,1531,0,김해센텀두산위브더제니스,84.983,202110,5,"48,500",5,2019,천곡로 26,,-,-
경상남도 김해시 주촌면 천곡리,1531,1531,0,김해센텀두산위브더제니스,59.916,202110,5,"35,000",3,2019,천곡로 26,,-,-
경상남도 김해시 주촌면 천곡리,1531,1531,0,김해센텀두산위브더제니스,75.9258,202110,6,"46,800",24,2019,천곡로 26,,-,-
경상남도 김해시 주촌면 천곡리,1531,1531,0,김해센텀두산위브더제니스,75.9258,202110,9,"44,800",7,2019,천곡로 26,,-,-
경상남도 김해시 주촌면 천곡리,1531,1531,0,김해센텀두산위브더제니스,84.983,202110,9,"55,000",20,2019,천곡로 26,,-,-
경상남도 김해시 주촌면 천곡리,1531,1531,0,김해센텀두산위브더제니스,59.916,202110,12,"34,500",27,2019,천곡로 26,,-,-
경상남도 김해시 주촌면 천곡리,1531,1531,0,김해센텀두산위브더제니스,84.9954,202110,13,"55,700",9,2019,천곡로 26,,-,-
경상남도 김해시 주촌면 천곡리,1531,1531,0,김해센텀두산위브더제니스,75.9258,202110,15,"39,000",2,2019,천곡로 26,,-,-
경상남도 김해시 주촌면 천곡리,1531,1531,0,김해센텀두산위브더제니스,75.9258,202110,15,"42,200",25,2019,천곡로 26,,-,-
경상남도 김해시 주촌면 천곡리,1531,1531,0,김해센텀두산위브더제니스,75.8601,202110,21,"47,000",21,2019,천곡로 26,,-,-
경상남도 김해시 주촌면 천곡리,1531,1531,0,김해센텀두산위브더제니스,84.983,202110,23,"50,800",8,2019,천곡로 26,,-,-
경상남도 김해시 주촌면 천곡리,1531,1531,0,김해센텀두산위브더제니스,75.9258,202110,24,"44,000",27,2019,천곡로 26,,-,-
경상남도 김해시 주촌면 천곡리,1532,1532,0,김해주촌서희스타힐스,59.8821,202110,14,"29,600",16,2021,천곡로 52-1,,-,-
경상남도 김해시 주촌면 천곡리,1532,1532,0,김해주촌서희스타힐스,84.9478,202110,20,"38,500",13,2021,천곡로 52-1,,-,-
경상남도 김해시 주촌면 천곡리,1532,1532,0,김해주촌서희스타힐스,84.9478,202110,22,"39,200",20,2021,천곡로 52-1,,-,-
경상남도 김해시 주촌면 천곡리,1532,1532,0,김해주촌서희스타힐스,84.9478,202110,29,"34,935",2,2021,천곡로 52-1,,-,-
경상남도 김해시 지내동,67,67,0,1차동원,84.93,202110,5,"20,600",12,2000,분성로727번길 16,,-,-
경상남도 김해시 지내동,67,67,0,1차동원,77.45,202110,7,"21,000",12,2000,분성로727번길 16,,-,-
경상남도 김해시 지내동,67,67,0,1차동원,59.76,202110,21,"15,750",5,2000,분성로727번길 16,,-,-
경상남도 김해시 지내동,75,75,0,21세기,59.5672,202110,9,"13,000",2,2003,분성로727번길 26-41,,-,-
경상남도 김해시 지내동,75,75,0,21세기,59.5672,202110,22,"13,000",3,2003,분성로727번길 26-41,,-,-
경상남도 김해시 지내동,360,360,0,지내동2차양지마을동원,59.4832,202110,2,"14,950",12,2002,분성로727번길 21,,-,-
경상남도 김해시 지내동,561,561,0,태림리치몬드하임,78.7567,202110,22,"20,500",14,2017,분성로707번길 58,,-,-
경상남도 김해시 진례면 송정리,205,205,0,태신아파트,79.8224,202110,20,"17,000",10,2015,진례로 226-31,,-,-
경상남도 김해시 진례면 초전리,558-2,558,2,진례동원,59.88,202110,25,"6,900",1,1998,송현로 56,,-,-
경상남도 김해시 진영읍 여래리,149,149,0,김해진영마루애주상복합,84.5828,202110,16,"18,500",20,2014,진영로 273,,-,-
경상남도 김해시 진영읍 여래리,149,149,0,김해진영마루애주상복합,84.5828,202110,28,"18,900",9,2014,진영로 273,,-,-
경상남도 김해시 진영읍 여래리,690,690,0,온누리,75.68,202110,5,"9,400",14,1992,여래로19번길 10-20,,-,-
경상남도 김해시 진영읍 여래리,790-2,790,2,원창시인의마을,84.989,202110,26,"13,200",3,2004,하계로 415,,-,-
경상남도 김해시 진영읍 여래리,344,344,0,장복(2단지),59.96,202110,8,"4,765",1,1992,진영로 262-24,,-,-
경상남도 김해시 진영읍 여래리,344,344,0,장복(2단지),59.96,202110,13,"6,500",3,1992,진영로 262-24,,-,-
경상남도 김해시 진영읍 여래리,1012,1012,0,협성휴포레진영,70.0627,202110,12,"17,500",2,2017,진영로 284,,-,-
경상남도 김해시 진영읍 여래리,1012,1012,0,협성휴포레진영,68.3988,202110,12,"19,500",13,2017,진영로 284,,-,-
경상남도 김해시 진영읍 좌곤리,02월 11일,2,11,대근(다라),71.89,202110,9,"5,400",6,1991,진남로 9,,-,-
경상남도 김해시 진영읍 좌곤리,02월 11일,2,11,대근(다라),71.89,202110,13,"4,700",6,1991,진남로 9,,-,-
경상남도 김해시 진영읍 좌곤리,02월 11일,2,11,대근(다라),57.945,202110,22,"4,500",5,1991,진남로 9,,-,-
경상남도 김해시 진영읍 좌곤리,02월 11일,2,11,대근(다라),63.285,202110,30,"5,000",1,1991,진남로 9,,-,-
경상남도 김해시 진영읍 좌곤리,377,377,0,동창원IC하우스토리,84.9162,202110,14,"18,100",10,2008,하계로 9-29,,-,-
경상남도 김해시 진영읍 좌곤리,377,377,0,동창원IC하우스토리,84.9162,202110,18,"18,300",11,2008,하계로 9-29,,-,-
경상남도 김해시 진영읍 좌곤리,377,377,0,동창원IC하우스토리,126.6492,202110,30,"24,000",8,2008,하계로 9-29,,-,-
경상남도 김해시 진영읍 좌곤리,377,377,0,동창원IC하우스토리,126.6492,202110,30,"25,000",4,2008,하계로 9-29,,-,-
경상남도 김해시 진영읍 죽곡리,240,240,0,세일,59.6632,202110,5,"6,000",9,2001,서부로 190,,-,-
경상남도 김해시 진영읍 죽곡리,240,240,0,세일,59.6632,202110,8,"6,300",5,2001,서부로 190,,-,-
경상남도 김해시 진영읍 죽곡리,240,240,0,세일,59.6632,202110,16,"5,800",5,2001,서부로 190,,-,-
경상남도 김해시 진영읍 죽곡리,240,240,0,세일,59.6632,202110,30,"6,100",5,2001,서부로 190,,-,-
경상남도 김해시 진영읍 진영리,348,348,0,갑목빙그레(101동102동),83.92,202110,16,"8,200",6,1995,진영로 88-7,,-,-
경상남도 김해시 진영읍 진영리,1881,1881,0,김해진영동문굿모닝힐1차,72.57,202110,2,"18,000",5,2015,진영산복로 20,,-,-
경상남도 김해시 진영읍 진영리,1881,1881,0,김해진영동문굿모닝힐1차,72.57,202110,4,"21,000",9,2015,진영산복로 20,,-,-
경상남도 김해시 진영읍 진영리,1881,1881,0,김해진영동문굿모닝힐1차,59.9603,202110,4,"17,200",9,2015,진영산복로 20,,-,-
경상남도 김해시 진영읍 진영리,1881,1881,0,김해진영동문굿모닝힐1차,72.57,202110,4,"18,300",9,2015,진영산복로 20,,-,-
경상남도 김해시 진영읍 진영리,1881,1881,0,김해진영동문굿모닝힐1차,72.9828,202110,23,"20,000",5,2015,진영산복로 20,,-,-
경상남도 김해시 진영읍 진영리,1881,1881,0,김해진영동문굿모닝힐1차,72.9828,202110,25,"19,500",5,2015,진영산복로 20,,-,-
경상남도 김해시 진영읍 진영리,1881,1881,0,김해진영동문굿모닝힐1차,72.9828,202110,26,"20,000",15,2015,진영산복로 20,,-,-
경상남도 김해시 진영읍 진영리,1881,1881,0,김해진영동문굿모닝힐1차,72.57,202110,27,"17,500",6,2015,진영산복로 20,,-,-
경상남도 김해시 진영읍 진영리,1882,1882,0,김해진영동문굿모닝힐2차,59.9986,202110,12,"17,400",11,2015,진영산복로 19,,-,-
경상남도 김해시 진영읍 진영리,1611-2,1611,2,김해진영코아루,84.9408,202110,2,"25,000",8,2007,김해대로361번길 34,,-,-
경상남도 김해시 진영읍 진영리,1611-2,1611,2,김해진영코아루,84.3748,202110,6,"22,000",6,2007,김해대로361번길 34,,-,-
경상남도 김해시 진영읍 진영리,1611-2,1611,2,김해진영코아루,84.3748,202110,10,"23,400",18,2007,김해대로361번길 34,,-,-
경상남도 김해시 진영읍 진영리,1611-2,1611,2,김해진영코아루,84.9408,202110,15,"24,400",13,2007,김해대로361번길 34,,-,-
경상남도 김해시 진영읍 진영리,1611-2,1611,2,김해진영코아루,84.9408,202110,22,"24,550",17,2007,김해대로361번길 34,,-,-
경상남도 김해시 진영읍 진영리,1611-2,1611,2,김해진영코아루,84.9408,202110,24,"23,400",3,2007,김해대로361번길 34,,-,-
경상남도 김해시 진영읍 진영리,1710,1710,0,김해진영휴먼빌아파트,84.9923,202110,6,"24,500",2,2016,장등1로31번길 7,,-,-
경상남도 김해시 진영읍 진영리,1710,1710,0,김해진영휴먼빌아파트,84.9923,202110,9,"26,350",7,2016,장등1로31번길 7,,-,-
경상남도 김해시 진영읍 진영리,1710,1710,0,김해진영휴먼빌아파트,84.9923,202110,23,"25,600",12,2016,장등1로31번길 7,,-,-
경상남도 김해시 진영읍 진영리,1710,1710,0,김해진영휴먼빌아파트,84.9923,202110,26,"25,100",1,2016,장등1로31번길 7,,-,-
경상남도 김해시 진영읍 진영리,276,276,0,대한,59.96,202110,8,"7,800",4,1995,여래로20번길 64-63,,-,-
경상남도 김해시 진영읍 진영리,638-117,638,117,도남아트빌,59.88,202110,8,"6,650",8,2000,진남로 18-5,,-,-
경상남도 김해시 진영읍 진영리,638-117,638,117,도남아트빌,59.88,202110,9,"7,000",5,2000,진남로 18-5,,-,-
경상남도 김해시 진영읍 진영리,1569,1569,0,수홍하이랜드7차,72.0709,202110,8,"10,000",3,2007,김해대로332번길 46-11,,-,-
경상남도 김해시 진영읍 진영리,1883,1883,0,신우희가로아파트,74.8552,202110,20,"20,000",14,2016,김해대로332번길 79,,-,-
경상남도 김해시 진영읍 진영리,533-2,533,2,연합그린파크(3동4동5동),84.93,202110,4,"5,000",5,1992,진영로50번길 16,,-,-
경상남도 김해시 진영읍 진영리,1690,1690,0,중흥에스-클래스에코시티,84.774,202110,1,"34,800",22,2019,진산대로 59,,-,-
경상남도 김해시 진영읍 진영리,1690,1690,0,중흥에스-클래스에코시티,84.9538,202110,2,"36,200",24,2019,진산대로 59,,-,-
경상남도 김해시 진영읍 진영리,1690,1690,0,중흥에스-클래스에코시티,84.9538,202110,5,"35,450",22,2019,진산대로 59,,-,-
경상남도 김해시 진영읍 진영리,1690,1690,0,중흥에스-클래스에코시티,99.6863,202110,7,"43,000",2,2019,진산대로 59,,-,-
경상남도 김해시 진영읍 진영리,1690,1690,0,중흥에스-클래스에코시티,84.774,202110,8,"35,500",8,2019,진산대로 59,,-,-
경상남도 김해시 진영읍 진영리,1690,1690,0,중흥에스-클래스에코시티,84.9538,202110,9,"35,000",11,2019,진산대로 59,,-,-
경상남도 김해시 진영읍 진영리,1690,1690,0,중흥에스-클래스에코시티,84.9538,202110,10,"34,000",5,2019,진산대로 59,,-,-
경상남도 김해시 진영읍 진영리,1690,1690,0,중흥에스-클래스에코시티,84.9538,202110,11,"35,500",21,2019,진산대로 59,,-,-
경상남도 김해시 진영읍 진영리,1690,1690,0,중흥에스-클래스에코시티,84.774,202110,12,"35,900",24,2019,진산대로 59,,-,-
경상남도 김해시 진영읍 진영리,1690,1690,0,중흥에스-클래스에코시티,84.9538,202110,12,"36,000",22,2019,진산대로 59,,-,-
경상남도 김해시 진영읍 진영리,1690,1690,0,중흥에스-클래스에코시티,79.9609,202110,21,"32,450",8,2019,진산대로 59,,-,-
경상남도 김해시 진영읍 진영리,1690,1690,0,중흥에스-클래스에코시티,84.9538,202110,24,"36,000",23,2019,진산대로 59,,-,-
경상남도 김해시 진영읍 진영리,1690,1690,0,중흥에스-클래스에코시티,84.9538,202110,27,"34,850",19,2019,진산대로 59,,-,-
경상남도 김해시 진영읍 진영리,1611-3,1611,3,중흥에스-클래스진영1단지,59.9769,202110,1,"16,000",9,2006,장등로 55,,-,-
경상남도 김해시 진영읍 진영리,1611-3,1611,3,중흥에스-클래스진영1단지,59.9769,202110,2,"15,700",13,2006,장등로 55,,-,-
경상남도 김해시 진영읍 진영리,1611-3,1611,3,중흥에스-클래스진영1단지,59.9769,202110,2,"16,000",13,2006,장등로 55,,-,-
경상남도 김해시 진영읍 진영리,1611-3,1611,3,중흥에스-클래스진영1단지,59.9769,202110,3,"14,000",4,2006,장등로 55,,-,-
경상남도 김해시 진영읍 진영리,1611-3,1611,3,중흥에스-클래스진영1단지,59.9769,202110,4,"15,200",17,2006,장등로 55,,-,-
경상남도 김해시 진영읍 진영리,1611-3,1611,3,중흥에스-클래스진영1단지,59.9769,202110,6,"15,600",17,2006,장등로 55,20211019,-,-
경상남도 김해시 진영읍 진영리,1611-3,1611,3,중흥에스-클래스진영1단지,59.9769,202110,6,"15,600",17,2006,장등로 55,,-,-
경상남도 김해시 진영읍 진영리,1611-3,1611,3,중흥에스-클래스진영1단지,59.9769,202110,8,"16,000",18,2006,장등로 55,,-,-
경상남도 김해시 진영읍 진영리,1611-3,1611,3,중흥에스-클래스진영1단지,59.9769,202110,8,"17,500",14,2006,장등로 55,,-,-
경상남도 김해시 진영읍 진영리,1611-3,1611,3,중흥에스-클래스진영1단지,59.9769,202110,8,"15,500",13,2006,장등로 55,,-,-
경상남도 김해시 진영읍 진영리,1611-3,1611,3,중흥에스-클래스진영1단지,59.9769,202110,9,"17,000",15,2006,장등로 55,,-,-
경상남도 김해시 진영읍 진영리,1611-3,1611,3,중흥에스-클래스진영1단지,59.9769,202110,9,"15,500",5,2006,장등로 55,,-,-
경상남도 김해시 진영읍 진영리,1611-3,1611,3,중흥에스-클래스진영1단지,59.9769,202110,13,"15,400",7,2006,장등로 55,,-,-
경상남도 김해시 진영읍 진영리,1611-3,1611,3,중흥에스-클래스진영1단지,59.9769,202110,18,"17,100",18,2006,장등로 55,,-,-
경상남도 김해시 진영읍 진영리,1611-3,1611,3,중흥에스-클래스진영1단지,59.9769,202110,20,"16,400",13,2006,장등로 55,,-,-
경상남도 김해시 진영읍 진영리,1611-3,1611,3,중흥에스-클래스진영1단지,59.9769,202110,20,"16,000",6,2006,장등로 55,,-,-
경상남도 김해시 진영읍 진영리,1611-3,1611,3,중흥에스-클래스진영1단지,59.9769,202110,21,"15,500",14,2006,장등로 55,,-,-
경상남도 김해시 진영읍 진영리,1611-3,1611,3,중흥에스-클래스진영1단지,59.9769,202110,23,"14,500",1,2006,장등로 55,,-,-
경상남도 김해시 진영읍 진영리,1611-3,1611,3,중흥에스-클래스진영1단지,59.9769,202110,31,"15,800",14,2006,장등로 55,,-,-
경상남도 김해시 진영읍 진영리,1611-4,1611,4,중흥에스-클래스진영2단지,84.961,202110,2,"20,500",7,2006,장등로19번길 18,,-,-
경상남도 김해시 진영읍 진영리,1611-4,1611,4,중흥에스-클래스진영2단지,84.9845,202110,6,"21,800",16,2006,장등로19번길 18,,-,-
경상남도 김해시 진영읍 진영리,1611-4,1611,4,중흥에스-클래스진영2단지,84.961,202110,9,"21,900",14,2006,장등로19번길 18,,-,-
경상남도 김해시 진영읍 진영리,1611-4,1611,4,중흥에스-클래스진영2단지,84.961,202110,11,"24,000",14,2006,장등로19번길 18,,-,-
경상남도 김해시 진영읍 진영리,1611-4,1611,4,중흥에스-클래스진영2단지,84.961,202110,28,"22,000",19,2006,장등로19번길 18,,-,-
경상남도 김해시 진영읍 진영리,1611-4,1611,4,중흥에스-클래스진영2단지,84.961,202110,30,"22,900",15,2006,장등로19번길 18,,-,-
경상남도 김해시 진영읍 진영리,623-1,623,1,진영거성,58.91,202110,5,"5,000",10,1997,진영로 10,,-,-
경상남도 김해시 진영읍 진영리,623-1,623,1,진영거성,58.91,202110,5,"5,000",8,1997,진영로 10,,-,-
경상남도 김해시 진영읍 진영리,1691,1691,0,진영이진캐스빌,84.919,202110,1,"30,000",23,2017,진산대로 61,,-,-
경상남도 김해시 진영읍 진영리,1691,1691,0,진영이진캐스빌,70.809,202110,12,"27,000",18,2017,진산대로 61,,-,-
경상남도 김해시 진영읍 진영리,1691,1691,0,진영이진캐스빌,84.9443,202110,14,"31,800",7,2017,진산대로 61,,-,-
경상남도 김해시 진영읍 진영리,1691,1691,0,진영이진캐스빌,84.919,202110,21,"31,000",16,2017,진산대로 61,,-,-
경상남도 김해시 진영읍 진영리,1691,1691,0,진영이진캐스빌,84.919,202110,28,"29,600",6,2017,진산대로 61,,-,-
경상남도 김해시 진영읍 진영리,1610,1610,0,진영자이,84.9717,202110,5,"23,400",6,2007,김해대로361번길 31,,-,-
경상남도 김해시 진영읍 진영리,1610,1610,0,진영자이,84.9693,202110,11,"26,900",8,2007,김해대로361번길 31,,-,-
경상남도 김해시 진영읍 진영리,1610,1610,0,진영자이,84.9693,202110,16,"25,500",7,2007,김해대로361번길 31,,-,-
경상남도 김해시 진영읍 진영리,1610,1610,0,진영자이,84.9693,202110,19,"25,500",7,2007,김해대로361번길 31,,-,-
경상남도 김해시 진영읍 진영리,1610,1610,0,진영자이,75.8443,202110,31,"21,900",7,2007,김해대로361번길 31,,-,-
경상남도 김해시 진영읍 진영리,1884,1884,0,진영한림풀에버1단지,74.9311,202110,20,"24,000",24,2018,김해대로 258,,-,-
경상남도 김해시 진영읍 진영리,1885,1885,0,진영한림풀에버2단지,59.9362,202110,8,"18,900",5,2018,김해대로 256,,-,-
경상남도 김해시 진영읍 진영리,598-3,598,3,협성팔레스타운,74.52,202110,6,"12,000",2,2001,김해대로244번길 10,,-,-
경상남도 김해시 진영읍 진영리,598-3,598,3,협성팔레스타운,43.86,202110,9,"5,600",2,2001,김해대로244번길 10,,-,-
경상남도 김해시 진영읍 진영리,598-3,598,3,협성팔레스타운,59.75,202110,9,"9,400",1,2001,김해대로244번길 10,,-,-
경상남도 김해시 진영읍 진영리,598-3,598,3,협성팔레스타운,59.75,202110,29,"9,900",14,2001,김해대로244번길 10,,-,-
경상남도 김해시 진영읍 진영리,598-3,598,3,협성팔레스타운,59.75,202110,29,"9,000",9,2001,김해대로244번길 10,,-,-
경상남도 김해시 한림면 장방리,226-1,226,1,청원한마을,49.92,202110,11,"4,250",3,1998,한림로342번길 24,,-,-
경상남도 김해시 흥동,산64-3,64,3,한빛드림빌2차,98.06,202110,12,"8,000",3,2005,흥동로 116,,-,-
경상남도 김해시 흥동,418-10,418,10,한빛빌라4차,117.45,202110,12,"16,800",5,2007,흥동로 162,,-,-
경상남도 남해군 남해읍 북변리,636,636,0,더나음아파트,81.1749,202110,20,"22,601",4,2019,화전로122번길 16,,-,-
경상남도 남해군 남해읍 북변리,463-2,463,2,양지빌2차,70.9706,202110,12,"15,900",2,2011,화전로122번길 37-16,,-,-
경상남도 남해군 남해읍 아산리,316-1,316,1,"신흥(가,나,상가동)",59.85,202110,19,"4,020",5,1989,망운로10번가길 53-4,,-,-
경상남도 밀양시 가곡동,545-4,545,4,경남,74.65,202110,4,"8,900",15,1990,가곡7길 23,,-,-
경상남도 밀양시 가곡동,444-1,444,1,대송파크,84.93,202110,1,"9,600",4,2002,중앙로 38,,-,-
경상남도 밀양시 가곡동,444-1,444,1,대송파크,59.4,202110,2,"7,100",1,2002,중앙로 38,,-,-
경상남도 밀양시 가곡동,444-1,444,1,대송파크,59.4,202110,2,"6,500",13,2002,중앙로 38,,-,-
경상남도 밀양시 가곡동,455,455,0,밀양가곡주공2,49.44,202110,11,"5,800",15,1995,중앙로 47,,-,-
경상남도 밀양시 가곡동,455,455,0,밀양가곡주공2,42.9,202110,12,"5,200",11,1995,중앙로 47,,-,-
경상남도 밀양시 가곡동,455,455,0,밀양가곡주공2,42.9,202110,13,"5,300",11,1995,중앙로 47,,-,-
경상남도 밀양시 가곡동,455,455,0,밀양가곡주공2,42.9,202110,26,"5,250",9,1995,중앙로 47,,-,-
경상남도 밀양시 가곡동,828,828,0,밀양강푸르지오,84.5471,202110,2,"30,500",17,2019,역앞광장로 15,,-,-
경상남도 밀양시 가곡동,828,828,0,밀양강푸르지오,84.5471,202110,6,"32,000",3,2019,역앞광장로 15,,-,-
경상남도 밀양시 가곡동,828,828,0,밀양강푸르지오,74.1744,202110,9,"28,900",5,2019,역앞광장로 15,,-,-
경상남도 밀양시 가곡동,828,828,0,밀양강푸르지오,74.1744,202110,11,"26,900",3,2019,역앞광장로 15,,-,-
경상남도 밀양시 가곡동,828,828,0,밀양강푸르지오,84.4227,202110,14,"31,500",4,2019,역앞광장로 15,,-,-
경상남도 밀양시 가곡동,586-39,586,39,삼우,39.96,202110,26,"3,450",4,1988,가곡8길 7,,-,-
경상남도 밀양시 가곡동,745-8,745,8,우영타워,54.06,202110,31,"5,200",1,1991,가곡벚꽃길 63,,-,-
경상남도 밀양시 교동,858-3,858,3,교동맨션,56.91,202110,7,"3,600",6,1991,새미4길 8-3,,-,-
경상남도 밀양시 교동,936,936,0,교동타워맨션,59.86,202110,14,"4,900",2,1992,북성로7길 9,,-,-
경상남도 밀양시 교동,1232,1232,0,밀양우신그린피아,59.81,202110,15,"7,000",2,1997,교동로 76,,-,-
경상남도 밀양시 교동,1232,1232,0,밀양우신그린피아,39.75,202110,15,"4,500",12,1997,교동로 76,,-,-
경상남도 밀양시 교동,1232,1232,0,밀양우신그린피아,59.81,202110,16,"7,200",1,1997,교동로 76,,-,-
경상남도 밀양시 교동,1232,1232,0,밀양우신그린피아,39.75,202110,28,"5,100",13,1997,교동로 76,,-,-
경상남도 밀양시 교동,1225,1225,0,아침해오름,84.0867,202110,17,"10,000",2,2006,교동로5길 6,,-,-
경상남도 밀양시 교동,1227,1227,0,한마음타운,59.41,202110,4,"5,100",15,1994,교동로5길 18,,-,-
경상남도 밀양시 교동,1227,1227,0,한마음타운,59.41,202110,28,"6,000",10,1994,교동로5길 18,,-,-
경상남도 밀양시 교동,1227,1227,0,한마음타운,59.41,202110,30,"6,000",14,1994,교동로5길 18,,-,-
경상남도 밀양시 내이동,1397,1397,0,e편한세상밀양강,84.7996,202110,11,"34,500",9,2019,점필재로 67,,-,-
경상남도 밀양시 내이동,1397,1397,0,e편한세상밀양강,84.9143,202110,20,"39,000",19,2019,점필재로 67,,-,-
경상남도 밀양시 내이동,1515,1515,0,내이현대,59.958,202110,2,"8,000",2,1997,시청로2길 6,,-,-
경상남도 밀양시 내이동,1515,1515,0,내이현대,84.96,202110,18,"12,600",3,1997,시청로2길 6,,-,-
경상남도 밀양시 내이동,1515,1515,0,내이현대,75.18,202110,25,"12,200",11,1997,시청로2길 6,,-,-
경상남도 밀양시 내이동,271,271,0,도원베드하임,78.07,202110,17,"17,000",3,2016,창밀로 3569-13,,-,-
경상남도 밀양시 내이동,1390,1390,0,롯데인벤스가,125.6764,202110,11,"32,000",10,2007,점필재로 65,,-,-
경상남도 밀양시 내이동,136,136,0,밀양나노시티한신더휴,67.9885,202110,10,"24,000",17,2020,창밀로 3530,,-,-
경상남도 밀양시 내이동,1015-22,1015,22,삼우2,59.97,202110,21,"6,700",3,1991,해천안길 31,,-,-
경상남도 밀양시 내이동,405,405,0,쌍용더플래티넘밀양,73.9169,202110,13,"25,025",16,2019,내이신촌1길 17,,-,-
경상남도 밀양시 내이동,405,405,0,쌍용더플래티넘밀양,73.9169,202110,15,"24,200",19,2019,내이신촌1길 17,,-,-
경상남도 밀양시 내이동,405,405,0,쌍용더플래티넘밀양,73.9169,202110,23,"25,900",8,2019,내이신촌1길 17,,-,-
경상남도 밀양시 삼문동,760,760,0,e편한세상밀양삼문,84.9773,202110,9,"38,200",16,2018,미리벌중앙로 10,,-,-
경상남도 밀양시 삼문동,760,760,0,e편한세상밀양삼문,84.9773,202110,18,"38,800",32,2018,미리벌중앙로 10,,-,-
경상남도 밀양시 삼문동,Aug-63,63,8,강변타운,84.82,202110,2,"12,400",4,1992,삼문강변로 60,,-,-
경상남도 밀양시 삼문동,356-1,356,1,동화팰리스7차,74.6025,202110,27,"16,000",6,2018,삼문2길 13-17,,-,-
경상남도 밀양시 삼문동,755,755,0,밀양domuto,84.875,202110,16,"27,000",4,2015,점필재로 45-25,,-,-
경상남도 밀양시 삼문동,01월 15일,15,1,밀양대우,84.88,202110,7,"18,800",2,1999,중앙로 234-17,,-,-
경상남도 밀양시 삼문동,623,623,0,삼문동지엘리베라움,84.957,202110,8,"31,500",8,2014,미리벌중앙로3길 46,,-,-
경상남도 밀양시 삼문동,623,623,0,삼문동지엘리베라움,76.9131,202110,27,"25,500",6,2014,미리벌중앙로3길 46,,-,-
경상남도 밀양시 삼문동,756,756,0,삼문동지엘리베라움2단지,84.988,202110,9,"25,700",4,2016,미리벌로3길 11,,-,-
경상남도 밀양시 삼문동,123-11,123,11,성원플러스7차,99.146,202110,16,"15,600",7,2005,밀양중2길 43,,-,-
경상남도 밀양시 삼문동,Jan-63,63,1,성조에이스,59.95,202110,5,"7,000",9,1993,삼문강변로 58,,-,-
경상남도 밀양시 삼문동,358-7,358,7,세광맨션,77.13,202110,8,"8,850",12,1993,삼문2길 3,,-,-
경상남도 밀양시 삼문동,15-26,15,26,유성청구타운,59.98,202110,6,"12,900",3,1994,중앙로 238-8,,-,-
경상남도 밀양시 삼문동,15-26,15,26,유성청구타운,84.94,202110,7,"10,300",7,1994,중앙로 238-8,,-,-
경상남도 밀양시 삼문동,15-26,15,26,유성청구타운,77.69,202110,9,"16,300",15,1994,중앙로 238-8,,-,-
경상남도 밀양시 삼문동,Mar-34,34,3,일성문화맨션,61.53,202110,23,"5,800",1,1989,중앙로 234-22,,-,-
경상남도 밀양시 삼문동,556,556,0,제일훼미리,59.88,202110,2,"9,250",1,1993,밀양대로 1755,,-,-
경상남도 밀양시 삼문동,467,467,0,코아루,84.9903,202110,16,"20,000",11,2006,미리벌로3길 45,,-,-
경상남도 밀양시 상남면 예림리,1326-1,1326,1,밀양예림대동타운,74.43,202110,5,"10,400",6,1997,상남로 1187-15,,-,-
경상남도 밀양시 상남면 예림리,1326-1,1326,1,밀양예림대동타운,59.82,202110,6,"7,450",15,1997,상남로 1187-15,,-,-
경상남도 밀양시 상남면 예림리,1326-1,1326,1,밀양예림대동타운,59.82,202110,8,"8,100",11,1997,상남로 1187-15,,-,-
경상남도 밀양시 상남면 예림리,1326-1,1326,1,밀양예림대동타운,59.82,202110,19,"7,000",12,1997,상남로 1187-15,,-,-
경상남도 밀양시 상남면 예림리,1326-1,1326,1,밀양예림대동타운,84.96,202110,19,"10,500",1,1997,상남로 1187-15,,-,-
경상남도 밀양시 상남면 예림리,1326-1,1326,1,밀양예림대동타운,59.82,202110,21,"8,300",1,1997,상남로 1187-15,,-,-
경상남도 밀양시 하남읍 수산리,489-14,489,14,동촌,39.2,202110,7,"4,000",7,1996,수산동촌3길 24,,-,-
경상남도 밀양시 하남읍 수산리,489-14,489,14,동촌,39.2,202110,12,"4,000",9,1996,수산동촌3길 24,,-,-
경상남도 밀양시 하남읍 수산리,426-7,426,7,삼우가,49.02,202110,13,"4,200",3,1990,수산로 100-1,,-,-
경상남도 밀양시 하남읍 수산리,426-7,426,7,삼우가,49.02,202110,25,"4,200",1,1990,수산로 100-1,,-,-
경상남도 밀양시 하남읍 수산리,426-7,426,7,삼우가,49.02,202110,31,"2,100",6,1990,수산로 100-1,,-,-
경상남도 밀양시 하남읍 수산리,420-41,420,41,수산사랑채뷰,84.7458,202110,7,"22,800",10,2016,수산제방길 71,,-,-
경상남도 밀양시 하남읍 수산리,420-41,420,41,수산사랑채뷰,84.7458,202110,25,"23,000",14,2016,수산제방길 71,,-,-
경상남도 밀양시 하남읍 수산리,843-1,843,1,수페온,84.853,202110,20,"19,200",7,2019,초하로 743,,-,-
경상남도 밀양시 하남읍 수산리,843-1,843,1,수페온,84.853,202110,29,"19,600",16,2019,초하로 743,,-,-
경상남도 밀양시 하남읍 수산리,856-4,856,4,해인강변맨션,84.93,202110,15,"8,000",6,1996,내서4길 8,,-,-
경상남도 밀양시 하남읍 양동리,615-9,615,9,동명1,69.87,202110,14,"3,500",5,1996,수산중앙로 96-6,,-,-
경상남도 사천시 곤양면 남문외리,51,51,0,월드파크,83.7734,202110,11,"16,400",8,2016,서삼로 10-11,,-,-
경상남도 사천시 대방동,205-1,205,1,웰뷰파크,56.946,202110,16,"8,800",7,2007,대방길 138,,-,-
경상남도 사천시 대방동,205-1,205,1,웰뷰파크,56.946,202110,20,"8,500",4,2007,대방길 138,,-,-
경상남도 사천시 대방동,205-1,205,1,웰뷰파크,56.946,202110,30,"8,000",6,2007,대방길 138,,-,-
경상남도 사천시 동금동,582,582,0,가양라끄빌5차아파트,84.9081,202110,6,"24,800",2,2017,숲뫼길 11,,-,-
경상남도 사천시 동금동,583,583,0,금성백조예미지,59.9303,202110,10,"17,700",3,2019,신항로 64,,-,-
경상남도 사천시 동금동,583,583,0,금성백조예미지,59.9303,202110,19,"20,500",7,2019,신항로 64,,-,-
경상남도 사천시 동금동,583,583,0,금성백조예미지,84.9041,202110,26,"28,800",20,2019,신항로 64,,-,-
경상남도 사천시 동금동,583,583,0,금성백조예미지,84.9041,202110,30,"29,000",18,2019,신항로 64,,-,-
경상남도 사천시 동금동,May-86,86,5,동금세진빌,84.7884,202110,22,"14,000",4,2009,동금4길 12-13,,-,-
경상남도 사천시 동동,06월 05일,6,5,비룡파크,51.84,202110,20,"3,700",2,1990,새동네1길 109,,-,-
경상남도 사천시 벌리동,03월 30일,30,3,경상동네102,52.0896,202110,19,"5,000",4,2001,벌용길 61,,-,-
경상남도 사천시 벌리동,245-8,245,8,경상마을,51.19,202110,2,"4,800",2,1997,벌리5길 14,,-,-
경상남도 사천시 벌리동,259,259,0,벌리주공2단지,58.14,202110,2,"8,150",9,1995,주공1길 50,,-,-
경상남도 사천시 벌리동,259,259,0,벌리주공2단지,58.14,202110,8,"9,000",3,1995,주공1길 50,,-,-
경상남도 사천시 벌리동,259,259,0,벌리주공2단지,37.67,202110,22,"5,450",10,1995,주공1길 50,,-,-
경상남도 사천시 벌리동,06월 02일,6,2,비룡광장타운,35.93,202110,1,"4,500",7,1994,주공로 50,,-,-
경상남도 사천시 벌리동,06월 02일,6,2,비룡광장타운,35.93,202110,1,"4,000",8,1994,주공로 50,,-,-
경상남도 사천시 벌리동,06월 02일,6,2,비룡광장타운,35.93,202110,30,"4,200",14,1994,주공로 50,,-,-
경상남도 사천시 벌리동,123,123,0,송림프라자,59.85,202110,6,"4,900",7,1994,벌리6길 29,,-,-
경상남도 사천시 벌리동,434-2,434,2,태산더밸리스빌,84.8952,202110,25,"16,500",6,2009,삼상로 71,,-,-
경상남도 사천시 사남면 월성리,574,574,0,사천엘크루,84.98,202110,11,"21,500",1,2012,조동길 49-43,,-,-
경상남도 사천시 사남면 월성리,574,574,0,사천엘크루,101.7498,202110,17,"26,500",10,2012,조동길 49-43,,-,-
경상남도 사천시 사남면 월성리,574,574,0,사천엘크루,140.619,202110,27,"29,000",12,2012,조동길 49-43,,-,-
경상남도 사천시 사남면 월성리,574,574,0,사천엘크루,101.7498,202110,29,"29,000",9,2012,조동길 49-43,,-,-
경상남도 사천시 사남면 월성리,451,451,0,사천푸르지오,120.9616,202110,1,"27,500",6,2006,조동길 61,,-,-
경상남도 사천시 사남면 월성리,451,451,0,사천푸르지오,75.5438,202110,2,"14,000",1,2006,조동길 61,,-,-
경상남도 사천시 사남면 월성리,451,451,0,사천푸르지오,75.5438,202110,4,"15,000",5,2006,조동길 61,,-,-
경상남도 사천시 사남면 월성리,451,451,0,사천푸르지오,84.9817,202110,8,"18,300",12,2006,조동길 61,,-,-
경상남도 사천시 사남면 월성리,451,451,0,사천푸르지오,84.9817,202110,9,"18,000",1,2006,조동길 61,,-,-
경상남도 사천시 사남면 월성리,451,451,0,사천푸르지오,75.5438,202110,14,"17,200",3,2006,조동길 61,,-,-
경상남도 사천시 사남면 월성리,451,451,0,사천푸르지오,75.5438,202110,14,"17,500",13,2006,조동길 61,,-,-
경상남도 사천시 사남면 월성리,451,451,0,사천푸르지오,84.9817,202110,15,"18,000",15,2006,조동길 61,,-,-
경상남도 사천시 사남면 월성리,451,451,0,사천푸르지오,84.9817,202110,16,"17,000",5,2006,조동길 61,,-,-
경상남도 사천시 사남면 월성리,451,451,0,사천푸르지오,84.9817,202110,18,"20,000",10,2006,조동길 61,,-,-
경상남도 사천시 사남면 월성리,451,451,0,사천푸르지오,59.6447,202110,19,"14,400",10,2006,조동길 61,,-,-
경상남도 사천시 사남면 월성리,451,451,0,사천푸르지오,75.5438,202110,22,"16,000",7,2006,조동길 61,,-,-
경상남도 사천시 사남면 월성리,451,451,0,사천푸르지오,75.5438,202110,25,"15,000",1,2006,조동길 61,,-,-
경상남도 사천시 사남면 월성리,451,451,0,사천푸르지오,59.6447,202110,29,"14,800",2,2006,조동길 61,,-,-
경상남도 사천시 사남면 월성리,12월 01일,12,1,사천한주빌라트,59.87,202110,2,"8,400",8,1999,진삼로 1279,,-,-
경상남도 사천시 사남면 월성리,12월 01일,12,1,사천한주빌라트,84.93,202110,2,"11,500",3,1999,진삼로 1279,,-,-
경상남도 사천시 사남면 월성리,12월 01일,12,1,사천한주빌라트,59.87,202110,8,"7,500",6,1999,진삼로 1279,,-,-
경상남도 사천시 사남면 월성리,12월 01일,12,1,사천한주빌라트,59.87,202110,9,"8,800",8,1999,진삼로 1279,,-,-
경상남도 사천시 사남면 월성리,12월 01일,12,1,사천한주빌라트,59.87,202110,11,"8,100",7,1999,진삼로 1279,,-,-
경상남도 사천시 사남면 월성리,12월 01일,12,1,사천한주빌라트,59.87,202110,16,"8,900",3,1999,진삼로 1279,,-,-
경상남도 사천시 사남면 월성리,12월 01일,12,1,사천한주빌라트,59.87,202110,18,"7,000",1,1999,진삼로 1279,,-,-
경상남도 사천시 사남면 월성리,12월 01일,12,1,사천한주빌라트,59.87,202110,23,"8,500",6,1999,진삼로 1279,,-,-
경상남도 사천시 사남면 월성리,12월 01일,12,1,사천한주빌라트,59.87,202110,25,"9,900",5,1999,진삼로 1279,,-,-
경상남도 사천시 사남면 월성리,12월 01일,12,1,사천한주빌라트,59.87,202110,26,"6,000",1,1999,진삼로 1279,,-,-
경상남도 사천시 사남면 월성리,12월 01일,12,1,사천한주빌라트,84.93,202110,30,"11,000",3,1999,진삼로 1279,,-,-
경상남도 사천시 사남면 월성리,12월 01일,12,1,사천한주빌라트,84.93,202110,30,"10,500",1,1999,진삼로 1279,,-,-
경상남도 사천시 사남면 월성리,Feb-30,30,2,엘아이지사천리가,84.9757,202110,2,"20,800",10,2010,월성1길 89,,-,-
경상남도 사천시 사남면 월성리,Feb-30,30,2,엘아이지사천리가,84.9463,202110,15,"20,800",7,2010,월성1길 89,,-,-
경상남도 사천시 사남면 월성리,Feb-30,30,2,엘아이지사천리가,84.9463,202110,20,"18,700",8,2010,월성1길 89,,-,-
경상남도 사천시 사남면 월성리,Feb-30,30,2,엘아이지사천리가,84.9867,202110,20,"20,000",7,2010,월성1길 89,,-,-
경상남도 사천시 사남면 월성리,Feb-30,30,2,엘아이지사천리가,84.9463,202110,20,"18,500",4,2010,월성1길 89,,-,-
경상남도 사천시 사남면 월성리,Feb-30,30,2,엘아이지사천리가,84.9463,202110,20,"19,000",9,2010,월성1길 89,,-,-
경상남도 사천시 사남면 월성리,Feb-30,30,2,엘아이지사천리가,123.669,202110,20,"28,300",11,2010,월성1길 89,,-,-
경상남도 사천시 사남면 월성리,Feb-30,30,2,엘아이지사천리가,123.669,202110,21,"29,700",12,2010,월성1길 89,,-,-
경상남도 사천시 사남면 월성리,Feb-30,30,2,엘아이지사천리가,84.9463,202110,22,"20,900",7,2010,월성1길 89,,-,-
경상남도 사천시 사남면 월성리,Feb-30,30,2,엘아이지사천리가,84.9463,202110,25,"23,300",14,2010,월성1길 89,,-,-
경상남도 사천시 사남면 월성리,Feb-30,30,2,엘아이지사천리가,84.9867,202110,28,"19,000",5,2010,월성1길 89,,-,-
경상남도 사천시 사남면 월성리,Feb-30,30,2,엘아이지사천리가,84.9463,202110,31,"20,500",6,2010,월성1길 89,,-,-
경상남도 사천시 사남면 유천리,928,928,0,사천흥한에르가,59.96,202110,22,"16,500",1,2018,유천길 281,,-,-
경상남도 사천시 사천읍 구암리,1864,1864,0,사천대화파크리네르,79.6649,202110,13,"19,500",13,2017,두량로 10-12,,-,-
경상남도 사천시 사천읍 구암리,1864,1864,0,사천대화파크리네르,79.6649,202110,18,"19,400",4,2017,두량로 10-12,,-,-
경상남도 사천시 사천읍 구암리,524,524,0,원광이안애,84.678,202110,6,"9,400",10,2005,구암두문로 254-9,,-,-
경상남도 사천시 사천읍 구암리,524,524,0,원광이안애,84.678,202110,14,"9,800",7,2005,구암두문로 254-9,,-,-
경상남도 사천시 사천읍 구암리,524,524,0,원광이안애,84.678,202110,29,"9,500",5,2005,구암두문로 254-9,,-,-
경상남도 사천시 사천읍 구암리,524,524,0,원광이안애,55.5026,202110,30,"6,000",11,2005,구암두문로 254-9,,-,-
경상남도 사천시 사천읍 사주리,482,482,0,사천꿈에그린,80.8526,202110,2,"23,000",13,2018,진삼로 1315,,-,-
경상남도 사천시 사천읍 사주리,482,482,0,사천꿈에그린,80.8526,202110,13,"22,000",3,2018,진삼로 1315,,-,-
경상남도 사천시 사천읍 사주리,482,482,0,사천꿈에그린,80.8526,202110,16,"22,000",4,2018,진삼로 1315,,-,-
경상남도 사천시 사천읍 사주리,482,482,0,사천꿈에그린,80.9844,202110,19,"25,500",14,2018,진삼로 1315,,-,-
경상남도 사천시 사천읍 사주리,482,482,0,사천꿈에그린,80.8787,202110,24,"22,400",8,2018,진삼로 1315,,-,-
경상남도 사천시 사천읍 선인리,213,213,0,대경,59.9825,202110,7,"6,500",3,2000,서당길 1-5,,-,-
경상남도 사천시 사천읍 선인리,213,213,0,대경,59.9825,202110,15,"7,700",2,2000,서당길 1-5,,-,-
경상남도 사천시 사천읍 선인리,213,213,0,대경,59.9825,202110,22,"7,400",4,2000,서당길 1-5,,-,-
경상남도 사천시 사천읍 선인리,213,213,0,대경,59.9825,202110,23,"6,700",2,2000,서당길 1-5,,-,-
경상남도 사천시 사천읍 선인리,213,213,0,대경,59.9825,202110,28,"7,000",3,2000,서당길 1-5,,-,-
경상남도 사천시 사천읍 선인리,641,641,0,대경파미르,84.95,202110,9,"15,500",7,2005,사천향교로 13,,-,-
경상남도 사천시 사천읍 선인리,277-5,277,5,덕진봄,59.9616,202110,12,"14,600",10,2012,옥산로 97,,-,-
경상남도 사천시 사천읍 선인리,277-5,277,5,덕진봄,59.9616,202110,13,"13,500",14,2012,옥산로 97,,-,-
경상남도 사천시 사천읍 선인리,277-5,277,5,덕진봄,77.6916,202110,15,"19,000",11,2012,옥산로 97,,-,-
경상남도 사천시 사천읍 선인리,277-5,277,5,덕진봄,59.9616,202110,23,"13,200",7,2012,옥산로 97,,-,-
경상남도 사천시 사천읍 수석리,36,36,0,신성,59.51,202110,21,"7,300",4,2000,운동장길 3-23,,-,-
경상남도 사천시 사천읍 정의리,Oct-70,70,10,서일2,59.41,202110,5,"7,500",6,1994,동문로 126,,-,-
경상남도 사천시 사천읍 정의리,01월 30일,30,1,원정그린빌,59.785,202110,11,"11,600",2,2012,수양로 111,,-,-
경상남도 사천시 사천읍 정의리,01월 30일,30,1,원정그린빌,59.785,202110,14,"12,000",4,2012,수양로 111,,-,-
경상남도 사천시 송포동,275,275,0,남양현대,59.96,202110,7,"6,400",8,1996,삼천포대교로 836,,-,-
경상남도 사천시 송포동,275,275,0,남양현대,59.96,202110,11,"5,000",7,1996,삼천포대교로 836,,-,-
경상남도 사천시 송포동,275,275,0,남양현대,59.89,202110,15,"5,000",2,1996,삼천포대교로 836,,-,-
경상남도 사천시 용강동,798-3,798,3,경상고을,56.92,202110,1,"6,500",6,1999,강청길 98,,-,-
경상남도 사천시 용강동,717,717,0,경상누리,55.86,202110,13,"5,000",5,2001,강청길 48,,-,-
경상남도 사천시 용강동,501,501,0,대경파미르,84.9996,202110,17,"19,800",1,2013,상강청길 14,,-,-
경상남도 사천시 용강동,501,501,0,대경파미르,84.9996,202110,26,"19,000",6,2013,상강청길 14,,-,-
경상남도 사천시 용강동,501,501,0,대경파미르,84.9996,202110,28,"18,000",3,2013,상강청길 14,,-,-
경상남도 사천시 용강동,925,925,0,사천서희스타힐스,84.978,202110,2,"27,600",5,2021,중앙로 258,,-,-
경상남도 사천시 용강동,925,925,0,사천서희스타힐스,74.49,202110,7,"25,300",18,2021,중앙로 258,,-,-
경상남도 사천시 용강동,925,925,0,사천서희스타힐스,64.683,202110,24,"21,500",10,2021,중앙로 258,,-,-
경상남도 사천시 용강동,925,925,0,사천서희스타힐스,84.978,202110,27,"26,874",2,2021,중앙로 258,,-,-
경상남도 사천시 용강동,925,925,0,사천서희스타힐스,74.49,202110,27,"23,532",2,2021,중앙로 258,,-,-
경상남도 사천시 용강동,925,925,0,사천서희스타힐스,84.978,202110,27,"27,782",3,2021,중앙로 258,,-,-
경상남도 사천시 용강동,925,925,0,사천서희스타힐스,84.978,202110,27,"26,874",2,2021,중앙로 258,,-,-
경상남도 사천시 용강동,925,925,0,사천서희스타힐스,74.49,202110,27,"23,532",2,2021,중앙로 258,,-,-
경상남도 사천시 용강동,925,925,0,사천서희스타힐스,74.49,202110,27,"24,000",18,2021,중앙로 258,,-,-
경상남도 사천시 용강동,925,925,0,사천서희스타힐스,74.49,202110,28,"24,000",18,2021,중앙로 258,,-,-
경상남도 사천시 용강동,800-1,800,1,삼보신우타운,49.94,202110,2,"7,700",10,1994,주공로 51,,-,-
경상남도 사천시 용강동,800-1,800,1,삼보신우타운,49.94,202110,23,"7,000",15,1994,주공로 51,,-,-
경상남도 사천시 용강동,837-1,837,1,용강주공1차,49.85,202110,1,"8,400",11,1999,주공로 70,,-,-
경상남도 사천시 용강동,837-1,837,1,용강주공1차,49.85,202110,13,"7,500",13,1999,주공로 70,,-,-
경상남도 사천시 용강동,837-1,837,1,용강주공1차,49.85,202110,22,"7,350",3,1999,주공로 70,,-,-
경상남도 사천시 용강동,923,923,0,탑클래스,81.2051,202110,29,"21,000",4,2018,강청길 58-20,,-,-
경상남도 사천시 용강동,838,838,0,현대,55.44,202110,2,"8,200",1,1992,주공로 64,,-,-
경상남도 사천시 용강동,838,838,0,현대,71.175,202110,11,"10,900",4,1992,주공로 64,,-,-
경상남도 사천시 용강동,838,838,0,현대,55.44,202110,11,"8,450",13,1992,주공로 64,,-,-
경상남도 사천시 용강동,838,838,0,현대,71.175,202110,16,"9,400",1,1992,주공로 64,,-,-
경상남도 사천시 용강동,838,838,0,현대,55.44,202110,18,"8,300",14,1992,주공로 64,,-,-
경상남도 사천시 용강동,838,838,0,현대,71.175,202110,22,"10,500",5,1992,주공로 64,,-,-
경상남도 사천시 용강동,838,838,0,현대,55.44,202110,26,"8,050",5,1992,주공로 64,,-,-
경상남도 사천시 용현면 덕곡리,559,559,0,덕산아내,76.6671,202110,2,"15,000",12,2011,용현로 87,,-,-
경상남도 사천시 용현면 덕곡리,559,559,0,덕산아내,84.9755,202110,9,"18,000",6,2011,용현로 87,,-,-
경상남도 사천시 용현면 덕곡리,559,559,0,덕산아내,84.9755,202110,13,"18,300",11,2011,용현로 87,,-,-
경상남도 사천시 용현면 덕곡리,559,559,0,덕산아내,76.6671,202110,22,"15,000",5,2011,용현로 87,,-,-
경상남도 사천시 용현면 신복리,07월 01일,7,1,동강아뜨리에,59.3343,202110,2,"6,800",9,2005,죽천강길 56,,-,-
경상남도 사천시 용현면 신복리,07월 01일,7,1,동강아뜨리에,84.9723,202110,8,"8,900",7,2005,죽천강길 56,,-,-
경상남도 사천시 용현면 신복리,07월 01일,7,1,동강아뜨리에,59.3343,202110,10,"6,400",11,2005,죽천강길 56,,-,-
경상남도 사천시 용현면 신복리,07월 01일,7,1,동강아뜨리에,59.3343,202110,11,"7,400",14,2005,죽천강길 56,,-,-
경상남도 사천시 용현면 신복리,07월 01일,7,1,동강아뜨리에,49.7,202110,13,"5,500",15,2005,죽천강길 56,,-,-
경상남도 사천시 용현면 신복리,07월 01일,7,1,동강아뜨리에,49.7,202110,15,"4,800",2,2005,죽천강길 56,,-,-
경상남도 사천시 용현면 신복리,07월 01일,7,1,동강아뜨리에,59.3634,202110,18,"6,500",8,2005,죽천강길 56,,-,-
경상남도 사천시 용현면 신복리,07월 01일,7,1,동강아뜨리에,84.9723,202110,18,"9,300",10,2005,죽천강길 56,,-,-
경상남도 사천시 용현면 신복리,07월 01일,7,1,동강아뜨리에,84.9723,202110,18,"9,900",15,2005,죽천강길 56,,-,-
경상남도 사천시 용현면 신복리,07월 01일,7,1,동강아뜨리에,59.3634,202110,19,"6,130",1,2005,죽천강길 56,,-,-
경상남도 사천시 용현면 신복리,07월 01일,7,1,동강아뜨리에,59.3634,202110,26,"6,050",4,2005,죽천강길 56,,-,-
경상남도 사천시 용현면 신복리,07월 01일,7,1,동강아뜨리에,59.3343,202110,29,"6,400",11,2005,죽천강길 56,,-,-
경상남도 사천시 정동면 고읍리,545-1,545,1,대영풀리비안,84.763,202110,6,"20,500",15,2005,동계길 48,,-,-
경상남도 사천시 정동면 고읍리,570-1,570,1,사천한보3차,59.94,202110,23,"10,800",13,1998,진삼로 1386,,-,-
경상남도 사천시 정동면 고읍리,466-5,466,5,유정맨션2차,59.58,202110,11,"4,850",4,1994,동계길 15-12,,-,-
경상남도 사천시 정동면 고읍리,466-5,466,5,유정맨션2차,59.58,202110,16,"4,800",3,1994,동계길 15-12,,-,-
경상남도 사천시 정동면 고읍리,466-5,466,5,유정맨션2차,59.58,202110,22,"4,500",5,1994,동계길 15-12,,-,-
경상남도 사천시 정동면 고읍리,546-1,546,1,청구,74.6,202110,26,"12,900",9,2000,읍동길 27,,-,-
경상남도 사천시 정동면 고읍리,601-2,601,2,토산아델리움2단지,59.7884,202110,20,"10,000",6,2005,진삼로 1382-12,,-,-
경상남도 사천시 정동면 고읍리,438-15,438,15,한빛타운,59.96,202110,12,"7,700",12,1995,옥산로 50-27,,-,-
경상남도 사천시 정동면 고읍리,438-15,438,15,한빛타운,59.94,202110,23,"7,500",6,1995,옥산로 50-27,,-,-
경상남도 사천시 정동면 예수리,847,847,0,사천 KCC 스위첸,59.9544,202110,3,"19,000",3,2020,반룡1로 52,,-,-
경상남도 사천시 정동면 예수리,847,847,0,사천 KCC 스위첸,81.5927,202110,12,"23,496",1,2020,반룡1로 52,,-,-
경상남도 사천시 정동면 예수리,847,847,0,사천 KCC 스위첸,84.9621,202110,22,"27,800",13,2020,반룡1로 52,,-,-
경상남도 사천시 정동면 예수리,847,847,0,사천 KCC 스위첸,59.9544,202110,23,"20,300",11,2020,반룡1로 52,,-,-
경상남도 사천시 정동면 풍정리,388-1,388,1,삼성,59.886,202110,5,"6,900",13,1994,옥산로 328,,-,-
경상남도 사천시 정동면 풍정리,388-1,388,1,삼성,59.886,202110,9,"7,700",13,1994,옥산로 328,,-,-
경상남도 사천시 정동면 풍정리,388-1,388,1,삼성,59.886,202110,14,"7,400",6,1994,옥산로 328,,-,-
경상남도 사천시 정동면 풍정리,520,520,0,송보파인빌,59.8956,202110,11,"6,200",5,2001,여옥길 36,,-,-
경상남도 사천시 정동면 풍정리,520,520,0,송보파인빌,59.8956,202110,12,"4,800",2,2001,여옥길 36,,-,-
경상남도 사천시 정동면 풍정리,520,520,0,송보파인빌,59.8956,202110,16,"5,500",15,2001,여옥길 36,,-,-
경상남도 사천시 정동면 풍정리,520,520,0,송보파인빌,59.8956,202110,17,"5,400",10,2001,여옥길 36,,-,-
경상남도 사천시 정동면 풍정리,520,520,0,송보파인빌,49.8006,202110,21,"4,200",1,2001,여옥길 36,,-,-
경상남도 사천시 정동면 풍정리,520,520,0,송보파인빌,59.8956,202110,25,"6,000",4,2001,여옥길 36,,-,-
경상남도 사천시 정동면 풍정리,520,520,0,송보파인빌,59.8956,202110,25,"5,000",12,2001,여옥길 36,,-,-
경상남도 사천시 정동면 풍정리,520,520,0,송보파인빌,84.6256,202110,26,"9,950",7,2001,여옥길 36,,-,-
경상남도 사천시 정동면 풍정리,520,520,0,송보파인빌,59.8956,202110,30,"5,000",1,2001,여옥길 36,,-,-
경상남도 사천시 죽림동,918-1,918,1,사천죽림아리안2차,84.9822,202110,14,"16,000",11,2009,죽계1길 6,,-,-
경상남도 사천시 죽림동,918-1,918,1,사천죽림아리안2차,84.9822,202110,16,"14,500",1,2009,죽계1길 6,,-,-
경상남도 사천시 죽림동,918-1,918,1,사천죽림아리안2차,84.7236,202110,23,"16,500",8,2009,죽계1길 6,,-,-
경상남도 사천시 향촌동,922-3,922,3,대도,41.97,202110,1,"2,500",6,1988,숲뫼1길 55,,-,-
경상남도 사천시 향촌동,919-11,919,11,해성쉐르빌,84.9947,202110,6,"14,800",2,2008,안숲뫼길 115,,-,-
경상남도 산청군 신안면 하정리,726-3,726,3,원지대동타운,59.85,202110,21,"13,900",12,1996,원지강변로61번길 24,,-,-
경상남도 산청군 신안면 하정리,738-3,738,3,태한빌라,84.96,202110,7,"8,900",5,1995,원지로4번길 13,,-,-
경상남도 양산시 교동,1022,1022,0,양산교동월드메르디앙1단지,72.0612,202110,18,"22,900",8,2019,교동1길 65,,-,-
경상남도 양산시 교동,605,605,0,일동미라주,84.94,202110,2,"24,200",15,2008,회현1길 48,,-,-
경상남도 양산시 교동,605,605,0,일동미라주,109.41,202110,9,"28,500",12,2008,회현1길 48,,-,-
경상남도 양산시 교동,605,605,0,일동미라주,109.41,202110,14,"27,500",18,2008,회현1길 48,,-,-
경상남도 양산시 교동,605,605,0,일동미라주,84.88,202110,16,"24,000",19,2008,회현1길 48,,-,-
경상남도 양산시 교동,605,605,0,일동미라주,84.98,202110,30,"21,500",10,2008,회현1길 48,,-,-
경상남도 양산시 교동,241-6,241,6,창조,84.9,202110,18,"15,800",3,1991,회현1길 6,,-,-
경상남도 양산시 교동,245-2,245,2,협성강변,76.81,202110,4,"15,500",10,1991,회현1길 3,,-,-
경상남도 양산시 교동,245-2,245,2,협성강변,60.52,202110,15,"9,500",1,1991,회현1길 3,,-,-
경상남도 양산시 남부동,553-1,553,1,e-편한세상,100.73,202110,14,"41,000",7,2006,양주로 33,,-,-
경상남도 양산시 남부동,608-4,608,4,동원로얄듀크,59.9648,202110,4,"25,400",15,2005,양주로 32,,-,-
경상남도 양산시 남부동,608-4,608,4,동원로얄듀크,59.9648,202110,19,"20,800",1,2005,양주로 32,,-,-
경상남도 양산시 남부동,467-3,467,3,무지개타운,84.93,202110,26,"10,000",7,1992,옥곡6길 14,,-,-
경상남도 양산시 남부동,608-1,608,1,상록경남아너스빌,84.88,202110,13,"29,300",5,2005,양주로 16,,-,-
경상남도 양산시 남부동,608-1,608,1,상록경남아너스빌,114.69,202110,15,"41,300",23,2005,양주로 16,,-,-
경상남도 양산시 남부동,608-1,608,1,상록경남아너스빌,84.88,202110,16,"31,800",1,2005,양주로 16,,-,-
경상남도 양산시 남부동,608-1,608,1,상록경남아너스빌,84.88,202110,16,"30,800",15,2005,양주로 16,,-,-
경상남도 양산시 남부동,608-1,608,1,상록경남아너스빌,84.88,202110,23,"27,800",3,2005,양주로 16,,-,-
경상남도 양산시 남부동,608-1,608,1,상록경남아너스빌,84.88,202110,25,"30,300",5,2005,양주로 16,,-,-
경상남도 양산시 남부동,608-1,608,1,상록경남아너스빌,84.88,202110,30,"31,300",19,2005,양주로 16,,-,-
경상남도 양산시 남부동,601-1,601,1,신도시쌍용,84.982,202110,8,"36,900",11,2004,양주로 97,,-,-
경상남도 양산시 남부동,601-1,601,1,신도시쌍용,84.982,202110,9,"34,700",6,2004,양주로 97,,-,-
경상남도 양산시 남부동,601-1,601,1,신도시쌍용,84.982,202110,10,"33,000",4,2004,양주로 97,,-,-
경상남도 양산시 남부동,601-1,601,1,신도시쌍용,73.202,202110,18,"32,000",12,2004,양주로 97,,-,-
경상남도 양산시 남부동,565-1,565,1,양산신도시 벽산블루밍,59.92,202110,2,"24,500",19,2003,양주로 39,,-,-
경상남도 양산시 남부동,565-1,565,1,양산신도시 벽산블루밍,59.92,202110,6,"22,400",13,2003,양주로 39,,-,-
경상남도 양산시 남부동,565-1,565,1,양산신도시 벽산블루밍,59.92,202110,6,"22,400",13,2003,양주로 39,20211018,-,-
경상남도 양산시 남부동,565-1,565,1,양산신도시 벽산블루밍,59.92,202110,16,"24,000",20,2003,양주로 39,,-,-
경상남도 양산시 남부동,565-1,565,1,양산신도시 벽산블루밍,59.92,202110,16,"24,300",7,2003,양주로 39,,-,-
경상남도 양산시 남부동,565-1,565,1,양산신도시 벽산블루밍,59.92,202110,27,"23,700",8,2003,양주로 39,,-,-
경상남도 양산시 남부동,602-1,602,1,현대롯데청어람,59.773,202110,2,"24,000",13,2005,양주로 94,,-,-
경상남도 양산시 남부동,602-1,602,1,현대롯데청어람,84.843,202110,5,"31,700",2,2005,양주로 94,,-,-
경상남도 양산시 남부동,602-1,602,1,현대롯데청어람,84.843,202110,9,"34,500",10,2005,양주로 94,,-,-
경상남도 양산시 남부동,602-1,602,1,현대롯데청어람,84.843,202110,11,"33,850",18,2005,양주로 94,,-,-
경상남도 양산시 덕계동,1220,1220,0,경보1,79.635,202110,2,"8,800",15,1992,덕계회야길 7,,-,-
경상남도 양산시 덕계동,1220,1220,0,경보1,40.55,202110,8,"4,000",2,1992,덕계회야길 7,,-,-
경상남도 양산시 덕계동,1220,1220,0,경보1,68.475,202110,13,"7,400",4,1992,덕계회야길 7,,-,-
경상남도 양산시 덕계동,1220,1220,0,경보1,74.055,202110,25,"6,500",2,1992,덕계회야길 7,,-,-
경상남도 양산시 덕계동,362,362,0,대승하이아트1,59.765,202110,4,"8,300",14,1993,웅상대로 866,,-,-
경상남도 양산시 덕계동,362,362,0,대승하이아트1,59.765,202110,9,"7,600",15,1993,웅상대로 866,,-,-
경상남도 양산시 덕계동,362,362,0,대승하이아트1,59.765,202110,24,"8,400",23,1993,웅상대로 866,,-,-
경상남도 양산시 덕계동,811-45,811,45,대승하이아트2,59.9,202110,16,"6,500",1,1994,덕계북길 9,,-,-
경상남도 양산시 덕계동,811-45,811,45,대승하이아트2,84.99,202110,17,"13,500",9,1994,덕계북길 9,,-,-
경상남도 양산시 덕계동,811-45,811,45,대승하이아트2,59.89,202110,30,"8,450",24,1994,덕계북길 9,,-,-
경상남도 양산시 덕계동,724-1,724,1,덕계대일아이브1차,50.7562,202110,1,"10,840",6,2019,덕계12길 10,,-,-
경상남도 양산시 덕계동,724-1,724,1,덕계대일아이브1차,50.7562,202110,5,"15,900",12,2019,덕계12길 10,,-,-
경상남도 양산시 덕계동,724-1,724,1,덕계대일아이브1차,50.7562,202110,6,"12,300",9,2019,덕계12길 10,,-,-
경상남도 양산시 덕계동,724-1,724,1,덕계대일아이브1차,50.7562,202110,11,"16,000",10,2019,덕계12길 10,,-,-
경상남도 양산시 덕계동,724-1,724,1,덕계대일아이브1차,68.5526,202110,21,"15,300",5,2019,덕계12길 10,,-,-
경상남도 양산시 덕계동,724-1,724,1,덕계대일아이브1차,50.7562,202110,22,"9,920",5,2019,덕계12길 10,,-,-
경상남도 양산시 덕계동,724-1,724,1,덕계대일아이브1차,68.5526,202110,29,"16,500",10,2019,덕계12길 10,,-,-
경상남도 양산시 덕계동,724-1,724,1,덕계대일아이브1차,68.5526,202110,29,"16,500",12,2019,덕계12길 10,20211101,-,-
경상남도 양산시 덕계동,1103,1103,0,동일스위트2,84.994,202110,4,"22,000",10,2003,덕계5길 14,,-,-
경상남도 양산시 덕계동,1103,1103,0,동일스위트2,59.983,202110,12,"16,500",23,2003,덕계5길 14,,-,-
경상남도 양산시 덕계동,1103,1103,0,동일스위트2,59.983,202110,14,"17,400",12,2003,덕계5길 14,,-,-
경상남도 양산시 덕계동,1103,1103,0,동일스위트2,84.994,202110,23,"24,500",13,2003,덕계5길 14,,-,-
경상남도 양산시 덕계동,1103,1103,0,동일스위트2,84.994,202110,26,"24,000",4,2003,덕계5길 14,,-,-
경상남도 양산시 덕계동,1103,1103,0,동일스위트2,84.994,202110,27,"21,000",2,2003,덕계5길 14,,-,-
경상남도 양산시 덕계동,881,881,0,부영벽산,84.905,202110,1,"19,500",9,1999,덕계11길 12,,-,-
경상남도 양산시 덕계동,881,881,0,부영벽산,74.01,202110,3,"16,500",5,1999,덕계11길 12,,-,-
경상남도 양산시 덕계동,881,881,0,부영벽산,84.905,202110,6,"21,400",22,1999,덕계11길 12,,-,-
경상남도 양산시 덕계동,881,881,0,부영벽산,84.905,202110,14,"19,500",3,1999,덕계11길 12,,-,-
경상남도 양산시 덕계동,881,881,0,부영벽산,59.97,202110,19,"14,150",19,1999,덕계11길 12,,-,-
경상남도 양산시 덕계동,881,881,0,부영벽산,59.97,202110,25,"14,400",20,1999,덕계11길 12,,-,-
경상남도 양산시 덕계동,881,881,0,부영벽산,59.97,202110,28,"13,500",5,1999,덕계11길 12,,-,-
경상남도 양산시 덕계동,881,881,0,부영벽산,59.97,202110,29,"13,300",8,1999,덕계11길 12,,-,-
경상남도 양산시 덕계동,758-10,758,10,세신상가,42.39,202110,16,"4,500",5,1998,덕계2길 5-21,,-,-
경상남도 양산시 덕계동,1589,1589,0,양산두산위브,76.9785,202110,1,"38,800",17,2019,신덕계3길 36,,-,-
경상남도 양산시 덕계동,1589,1589,0,양산두산위브,84.9864,202110,2,"39,000",6,2019,신덕계3길 36,,-,-
경상남도 양산시 덕계동,1589,1589,0,양산두산위브,84.9864,202110,6,"40,000",22,2019,신덕계3길 36,,-,-
경상남도 양산시 덕계동,1589,1589,0,양산두산위브,84.9864,202110,6,"40,000",22,2019,신덕계3길 36,20211022,-,-
경상남도 양산시 덕계동,1589,1589,0,양산두산위브,84.9864,202110,13,"41,500",23,2019,신덕계3길 36,,-,-
경상남도 양산시 덕계동,1589,1589,0,양산두산위브,84.9864,202110,13,"41,000",18,2019,신덕계3길 36,,-,-
경상남도 양산시 덕계동,1589,1589,0,양산두산위브,59.9927,202110,19,"29,000",20,2019,신덕계3길 36,,-,-
경상남도 양산시 덕계동,1589,1589,0,양산두산위브,84.9864,202110,23,"40,000",20,2019,신덕계3길 36,,-,-
경상남도 양산시 덕계동,1590,1590,0,양산두산위브2차(1단지),84.697,202110,2,"42,000",13,2021,신덕계8길 37,,-,-
경상남도 양산시 덕계동,718-45,718,45,진명웅상쇼핑,59.4,202110,12,"5,975",8,1997,덕계로 105,,-,-
경상남도 양산시 동면 금산리,763,763,0,금산훼미리,70.02,202110,12,"8,800",7,1992,금산3길 7,,-,-
경상남도 양산시 동면 금산리,763,763,0,금산훼미리,70.02,202110,18,"9,000",2,1992,금산3길 7,,-,-
경상남도 양산시 동면 금산리,587-2,587,2,센스빌라트,84.88,202110,8,"11,400",4,2002,금산5길 8-14,,-,-
경상남도 양산시 동면 석산리,1448-2,1448,2,e편한세상남양산,84.963,202110,7,"34,800",4,2013,금오16길 65,,-,-
경상남도 양산시 동면 석산리,1448-2,1448,2,e편한세상남양산,84.694,202110,14,"39,000",17,2013,금오16길 65,,-,-
경상남도 양산시 동면 석산리,1448-2,1448,2,e편한세상남양산,59.576,202110,23,"26,500",5,2013,금오16길 65,,-,-
경상남도 양산시 동면 석산리,1450-1,1450,1,e편한세상남양산2차,84.831,202110,2,"36,400",12,2013,금오13길 71,,-,-
경상남도 양산시 동면 석산리,1450-1,1450,1,e편한세상남양산2차,59.815,202110,9,"25,800",1,2013,금오13길 71,,-,-
경상남도 양산시 동면 석산리,1450-1,1450,1,e편한세상남양산2차,84.831,202110,12,"39,500",18,2013,금오13길 71,,-,-
경상남도 양산시 동면 석산리,1450-1,1450,1,e편한세상남양산2차,140.903,202110,25,"74,700",18,2013,금오13길 71,,-,-
경상남도 양산시 동면 석산리,300,300,0,극동,59.79,202110,15,"10,000",2,1995,계석로 10,,-,-
경상남도 양산시 동면 석산리,300,300,0,극동,59.79,202110,22,"9,500",13,1995,계석로 10,,-,-
경상남도 양산시 동면 석산리,300,300,0,극동,84.97,202110,27,"15,800",9,1995,계석로 10,,-,-
경상남도 양산시 동면 석산리,300,300,0,극동,59.79,202110,30,"9,000",20,1995,계석로 10,,-,-
경상남도 양산시 동면 석산리,1450-4,1450,4,남양산금호어울림,74.9774,202110,11,"38,800",10,2018,금오15길 10,,-,-
경상남도 양산시 동면 석산리,1450-4,1450,4,남양산금호어울림,84.8987,202110,30,"42,900",27,2018,금오15길 10,,-,-
경상남도 양산시 동면 석산리,1447-4,1447,4,남양산역반도유보라아이비파크5,74.5066,202110,2,"35,300",6,2016,금오16길 122,,-,-
경상남도 양산시 동면 석산리,1447-4,1447,4,남양산역반도유보라아이비파크5,93.874,202110,3,"45,000",20,2016,금오16길 122,,-,-
경상남도 양산시 동면 석산리,1447-4,1447,4,남양산역반도유보라아이비파크5,59.9466,202110,4,"31,500",22,2016,금오16길 122,,-,-
경상남도 양산시 동면 석산리,1447-4,1447,4,남양산역반도유보라아이비파크5,74.5066,202110,6,"37,200",14,2016,금오16길 122,,-,-
경상남도 양산시 동면 석산리,1447-4,1447,4,남양산역반도유보라아이비파크5,59.9466,202110,9,"28,800",18,2016,금오16길 122,,-,-
경상남도 양산시 동면 석산리,1447-4,1447,4,남양산역반도유보라아이비파크5,59.9466,202110,9,"28,800",3,2016,금오16길 122,,-,-
경상남도 양산시 동면 석산리,1447-4,1447,4,남양산역반도유보라아이비파크5,59.9466,202110,11,"28,900",4,2016,금오16길 122,,-,-
경상남도 양산시 동면 석산리,1447-4,1447,4,남양산역반도유보라아이비파크5,74.5724,202110,11,"36,600",12,2016,금오16길 122,,-,-
경상남도 양산시 동면 석산리,1447-4,1447,4,남양산역반도유보라아이비파크5,74.5066,202110,14,"34,500",16,2016,금오16길 122,,-,-
경상남도 양산시 동면 석산리,1447-4,1447,4,남양산역반도유보라아이비파크5,74.5724,202110,16,"39,000",22,2016,금오16길 122,,-,-
경상남도 양산시 동면 석산리,1447-4,1447,4,남양산역반도유보라아이비파크5,93.874,202110,16,"45,800",14,2016,금오16길 122,,-,-
경상남도 양산시 동면 석산리,1447-4,1447,4,남양산역반도유보라아이비파크5,59.9466,202110,16,"31,000",12,2016,금오16길 122,,-,-
경상남도 양산시 동면 석산리,1447-4,1447,4,남양산역반도유보라아이비파크5,93.874,202110,21,"42,800",2,2016,금오16길 122,,-,-
경상남도 양산시 동면 석산리,1448-5,1448,5,남양산역반도유보라아이비파크6,80.2942,202110,2,"41,300",10,2017,금오13길 38,,-,-
경상남도 양산시 동면 석산리,1448-5,1448,5,남양산역반도유보라아이비파크6,80.2942,202110,2,"41,300",10,2017,금오13길 38,,-,-
경상남도 양산시 동면 석산리,1448-5,1448,5,남양산역반도유보라아이비파크6,80.2942,202110,7,"41,700",25,2017,금오13길 38,,-,-
경상남도 양산시 동면 석산리,1448-5,1448,5,남양산역반도유보라아이비파크6,80.2942,202110,26,"41,500",29,2017,금오13길 38,,-,-
경상남도 양산시 동면 석산리,1448-5,1448,5,남양산역반도유보라아이비파크6,87.768,202110,30,"45,000",14,2017,금오13길 38,,-,-
경상남도 양산시 동면 석산리,145,145,0,대정그린파크2,104.44,202110,11,"8,700",5,1991,계석3길 15,,-,-
경상남도 양산시 동면 석산리,518,518,0,석산한신휴플러스,84.952,202110,1,"22,300",19,2006,석산1길 10,,-,-
경상남도 양산시 동면 석산리,518,518,0,석산한신휴플러스,84.952,202110,2,"21,700",8,2006,석산1길 10,,-,-
경상남도 양산시 동면 석산리,518,518,0,석산한신휴플러스,84.952,202110,7,"22,700",18,2006,석산1길 10,,-,-
경상남도 양산시 동면 석산리,518,518,0,석산한신휴플러스,84.952,202110,7,"19,800",13,2006,석산1길 10,,-,-
경상남도 양산시 동면 석산리,518,518,0,석산한신휴플러스,84.952,202110,8,"24,000",6,2006,석산1길 10,,-,-
경상남도 양산시 동면 석산리,518,518,0,석산한신휴플러스,59.9748,202110,10,"19,200",2,2006,석산1길 10,,-,-
경상남도 양산시 동면 석산리,518,518,0,석산한신휴플러스,84.952,202110,15,"20,000",17,2006,석산1길 10,,-,-
경상남도 양산시 동면 석산리,1451-3,1451,3,양산신도시2차동원로얄듀크,59.9702,202110,16,"25,700",8,2013,금오15길 9,,-,-
경상남도 양산시 동면 석산리,1447-1,1447,1,양산이지더원리버포레,72.548,202110,1,"34,000",23,2017,금오16길 100,,-,-
경상남도 양산시 동면 석산리,1447-1,1447,1,양산이지더원리버포레,72.548,202110,6,"33,700",3,2017,금오16길 100,,-,-
경상남도 양산시 동면 석산리,1447-1,1447,1,양산이지더원리버포레,78.299,202110,7,"39,800",8,2017,금오16길 100,,-,-
경상남도 양산시 동면 석산리,1447-1,1447,1,양산이지더원리버포레,72.548,202110,8,"36,800",22,2017,금오16길 100,,-,-
경상남도 양산시 동면 석산리,1447-1,1447,1,양산이지더원리버포레,72.548,202110,10,"34,000",9,2017,금오16길 100,,-,-
경상남도 양산시 동면 석산리,1447-1,1447,1,양산이지더원리버포레,78.299,202110,14,"39,500",21,2017,금오16길 100,,-,-
경상남도 양산시 동면 석산리,1447-1,1447,1,양산이지더원리버포레,72.548,202110,16,"34,800",3,2017,금오16길 100,,-,-
경상남도 양산시 동면 석산리,1447-1,1447,1,양산이지더원리버포레,72.548,202110,22,"35,000",19,2017,금오16길 100,,-,-
경상남도 양산시 동면 석산리,1447-1,1447,1,양산이지더원리버포레,72.548,202110,26,"34,000",10,2017,금오16길 100,,-,-
경상남도 양산시 동면 석산리,1451-1,1451,1,양우내안애6차에코뷰아파트,59.7659,202110,2,"27,300",6,2017,금오15길 29,,-,-
경상남도 양산시 동면 석산리,1451-1,1451,1,양우내안애6차에코뷰아파트,70.1148,202110,2,"33,900",7,2017,금오15길 29,,-,-
경상남도 양산시 동면 석산리,1451-1,1451,1,양우내안애6차에코뷰아파트,59.7659,202110,6,"24,800",1,2017,금오15길 29,,-,-
경상남도 양산시 동면 석산리,1451-1,1451,1,양우내안애6차에코뷰아파트,59.7659,202110,8,"26,700",12,2017,금오15길 29,,-,-
경상남도 양산시 동면 석산리,1451-1,1451,1,양우내안애6차에코뷰아파트,59.7659,202110,12,"25,400",6,2017,금오15길 29,,-,-
경상남도 양산시 동면 석산리,1451-1,1451,1,양우내안애6차에코뷰아파트,59.7659,202110,14,"28,000",9,2017,금오15길 29,,-,-
경상남도 양산시 동면 석산리,1451-1,1451,1,양우내안애6차에코뷰아파트,70.1148,202110,15,"37,000",27,2017,금오15길 29,,-,-
경상남도 양산시 동면 석산리,1451-1,1451,1,양우내안애6차에코뷰아파트,59.7659,202110,28,"27,000",13,2017,금오15길 29,,-,-
경상남도 양산시 동면 석산리,864-12,864,12,일동미라주,76.11,202110,15,"15,000",15,2003,석금산로 171,,-,-
경상남도 양산시 동면 석산리,864-12,864,12,일동미라주,76.11,202110,18,"15,800",17,2003,석금산로 171,,-,-
경상남도 양산시 동면 석산리,699-3,699,3,해강,84.71,202110,2,"15,000",2,1992,석산4길 28,,-,-
경상남도 양산시 동면 석산리,699-3,699,3,해강,59.37,202110,2,"10,500",6,1992,석산5길 5,,-,-
경상남도 양산시 동면 석산리,699-3,699,3,해강,46.32,202110,21,"9,300",9,1992,석산6길 28,,-,-
경상남도 양산시 명동,1079-3,1079,3,명동삼한사랑채아파트,59.988,202110,2,"20,400",9,2015,대운로 145,,-,-
경상남도 양산시 명동,1079-3,1079,3,명동삼한사랑채아파트,71.852,202110,7,"25,800",16,2015,대운로 145,,-,-
경상남도 양산시 명동,1079-3,1079,3,명동삼한사랑채아파트,71.852,202110,8,"23,000",6,2015,대운로 145,,-,-
경상남도 양산시 명동,1079-3,1079,3,명동삼한사랑채아파트,59.988,202110,9,"20,000",3,2015,대운로 145,,-,-
경상남도 양산시 명동,1079-3,1079,3,명동삼한사랑채아파트,84.861,202110,18,"29,600",11,2015,대운로 145,,-,-
경상남도 양산시 명동,1079-3,1079,3,명동삼한사랑채아파트,59.988,202110,19,"20,650",2,2015,대운로 145,,-,-
경상남도 양산시 명동,1079-3,1079,3,명동삼한사랑채아파트,59.988,202110,24,"21,500",14,2015,대운로 145,,-,-
경상남도 양산시 명동,1079-3,1079,3,명동삼한사랑채아파트,84.8985,202110,24,"28,800",6,2015,대운로 145,,-,-
경상남도 양산시 명동,1079-3,1079,3,명동삼한사랑채아파트,59.988,202110,27,"21,700",23,2015,대운로 145,,-,-
경상남도 양산시 명동,1079-3,1079,3,명동삼한사랑채아파트,59.988,202110,27,"20,000",8,2015,대운로 145,,-,-
경상남도 양산시 명동,994,994,0,석호가람휘,84.8675,202110,14,"16,500",1,2005,덕명로 320,,-,-
경상남도 양산시 명동,994,994,0,석호가람휘,84.763,202110,15,"16,500",5,2005,덕명로 320,,-,-
경상남도 양산시 명동,1080-7,1080,7,화성파크드림,84.8492,202110,10,"23,800",19,2008,대운5길 7,,-,-
경상남도 양산시 명동,1080-7,1080,7,화성파크드림,84.76,202110,17,"22,500",13,2008,대운5길 7,,-,-
경상남도 양산시 명동,1080-7,1080,7,화성파크드림,84.8492,202110,20,"22,200",4,2008,대운5길 7,,-,-
경상남도 양산시 명동,1080-7,1080,7,화성파크드림,117.9996,202110,21,"29,700",1,2008,대운5길 7,,-,-
경상남도 양산시 명동,1080-7,1080,7,화성파크드림,117.9996,202110,25,"32,900",16,2008,대운5길 7,,-,-
경상남도 양산시 물금읍 가촌리,1273-1,1273,1,양산대방노블랜드7차메가시티,84.9615,202110,1,"53,500",2,2017,새실로 11,,-,-
경상남도 양산시 물금읍 가촌리,1273-1,1273,1,양산대방노블랜드7차메가시티,59.9914,202110,2,"36,800",3,2017,새실로 11,,-,-
경상남도 양산시 물금읍 가촌리,1273-1,1273,1,양산대방노블랜드7차메가시티,116.4225,202110,4,"71,500",18,2017,새실로 11,,-,-
경상남도 양산시 물금읍 가촌리,1273-1,1273,1,양산대방노블랜드7차메가시티,84.922,202110,6,"54,900",21,2017,새실로 11,,-,-
경상남도 양산시 물금읍 가촌리,1273-1,1273,1,양산대방노블랜드7차메가시티,84.922,202110,8,"55,000",9,2017,새실로 11,,-,-
경상남도 양산시 물금읍 가촌리,1273-1,1273,1,양산대방노블랜드7차메가시티,59.7512,202110,11,"35,000",17,2017,새실로 11,,-,-
경상남도 양산시 물금읍 가촌리,1273-1,1273,1,양산대방노블랜드7차메가시티,59.7512,202110,16,"35,600",6,2017,새실로 11,,-,-
경상남도 양산시 물금읍 가촌리,1273-1,1273,1,양산대방노블랜드7차메가시티,59.9914,202110,17,"38,000",27,2017,새실로 11,,-,-
경상남도 양산시 물금읍 가촌리,1273-1,1273,1,양산대방노블랜드7차메가시티,59.7512,202110,18,"36,300",19,2017,새실로 11,,-,-
경상남도 양산시 물금읍 가촌리,1273-1,1273,1,양산대방노블랜드7차메가시티,59.9914,202110,19,"37,200",14,2017,새실로 11,,-,-
경상남도 양산시 물금읍 가촌리,1273-1,1273,1,양산대방노블랜드7차메가시티,59.9914,202110,19,"37,200",14,2017,새실로 11,20211101,-,-
경상남도 양산시 물금읍 가촌리,1273-1,1273,1,양산대방노블랜드7차메가시티,59.7512,202110,19,"34,300",16,2017,새실로 11,,-,-
경상남도 양산시 물금읍 가촌리,1304-1,1304,1,양산대방노블랜드8차로얄카운티,84.9935,202110,2,"56,200",4,2018,야리로 50,,-,-
경상남도 양산시 물금읍 가촌리,1304-1,1304,1,양산대방노블랜드8차로얄카운티,102.9982,202110,7,"74,000",9,2018,야리로 50,,-,-
경상남도 양산시 물금읍 가촌리,1304-1,1304,1,양산대방노블랜드8차로얄카운티,84.9888,202110,14,"64,000",12,2018,야리로 50,,-,-
경상남도 양산시 물금읍 가촌리,1303-1,1303,1,양산대방노블랜드연리지(2차),59.9857,202110,1,"36,900",12,2015,야리로 76,,-,-
경상남도 양산시 물금읍 가촌리,1303-1,1303,1,양산대방노블랜드연리지(2차),84.9956,202110,8,"56,000",21,2015,야리로 76,,-,-
경상남도 양산시 물금읍 가촌리,1303-1,1303,1,양산대방노블랜드연리지(2차),84.9956,202110,12,"51,400",5,2015,야리로 76,,-,-
경상남도 양산시 물금읍 가촌리,1303-1,1303,1,양산대방노블랜드연리지(2차),59.9857,202110,22,"37,000",10,2015,야리로 76,,-,-
경상남도 양산시 물금읍 가촌리,1302-1,1302,1,양산대방노블랜드연리지(3차),84.9818,202110,9,"60,000",24,2015,야리로 90,,-,-
경상남도 양산시 물금읍 가촌리,1302-1,1302,1,양산대방노블랜드연리지(3차),84.9818,202110,11,"55,800",13,2015,야리로 90,,-,-
경상남도 양산시 물금읍 가촌리,1302-1,1302,1,양산대방노블랜드연리지(3차),84.9818,202110,16,"55,000",6,2015,야리로 90,,-,-
경상남도 양산시 물금읍 가촌리,1302-1,1302,1,양산대방노블랜드연리지(3차),84.9818,202110,16,"60,000",21,2015,야리로 90,,-,-
경상남도 양산시 물금읍 가촌리,1302-1,1302,1,양산대방노블랜드연리지(3차),59.9857,202110,20,"39,100",6,2015,야리로 90,,-,-
경상남도 양산시 물금읍 가촌리,1302-1,1302,1,양산대방노블랜드연리지(3차),84.9818,202110,28,"59,900",21,2015,야리로 90,,-,-
경상남도 양산시 물금읍 가촌리,1277-2,1277,2,양산물금대방노블랜드5차에듀카운티,59.9423,202110,1,"32,950",3,2016,새실로 115,,-,-
경상남도 양산시 물금읍 가촌리,1277-2,1277,2,양산물금대방노블랜드5차에듀카운티,59.9901,202110,1,"35,000",32,2016,새실로 115,,-,-
경상남도 양산시 물금읍 가촌리,1277-2,1277,2,양산물금대방노블랜드5차에듀카운티,59.9901,202110,2,"35,500",21,2016,새실로 115,,-,-
경상남도 양산시 물금읍 가촌리,1277-2,1277,2,양산물금대방노블랜드5차에듀카운티,59.9901,202110,3,"34,900",14,2016,새실로 115,,-,-
경상남도 양산시 물금읍 가촌리,1277-2,1277,2,양산물금대방노블랜드5차에듀카운티,59.9901,202110,8,"34,900",5,2016,새실로 115,,-,-
경상남도 양산시 물금읍 가촌리,1277-2,1277,2,양산물금대방노블랜드5차에듀카운티,59.9901,202110,11,"35,500",13,2016,새실로 115,,-,-
경상남도 양산시 물금읍 가촌리,1277-2,1277,2,양산물금대방노블랜드5차에듀카운티,59.9901,202110,11,"34,500",23,2016,새실로 115,,-,-
경상남도 양산시 물금읍 가촌리,1277-2,1277,2,양산물금대방노블랜드5차에듀카운티,59.9901,202110,15,"34,000",7,2016,새실로 115,,-,-
경상남도 양산시 물금읍 가촌리,1277-2,1277,2,양산물금대방노블랜드5차에듀카운티,59.9901,202110,16,"36,000",27,2016,새실로 115,,-,-
경상남도 양산시 물금읍 가촌리,1277-2,1277,2,양산물금대방노블랜드5차에듀카운티,59.9423,202110,19,"35,300",26,2016,새실로 115,20211023,-,-
경상남도 양산시 물금읍 가촌리,1277-2,1277,2,양산물금대방노블랜드5차에듀카운티,59.9423,202110,19,"35,300",26,2016,새실로 115,,-,-
경상남도 양산시 물금읍 가촌리,1278-2,1278,2,양산물금대방노블랜드6차더클래스,84.993,202110,1,"57,000",18,2016,새실로 116,,-,-
경상남도 양산시 물금읍 가촌리,1278-2,1278,2,양산물금대방노블랜드6차더클래스,84.993,202110,2,"60,000",20,2016,새실로 116,,-,-
경상남도 양산시 물금읍 가촌리,1278-2,1278,2,양산물금대방노블랜드6차더클래스,117.7501,202110,4,"79,500",23,2016,새실로 116,,-,-
경상남도 양산시 물금읍 가촌리,1278-2,1278,2,양산물금대방노블랜드6차더클래스,84.9966,202110,6,"59,700",15,2016,새실로 116,,-,-
경상남도 양산시 물금읍 가촌리,1278-2,1278,2,양산물금대방노블랜드6차더클래스,84.9966,202110,6,"59,700",15,2016,새실로 116,20211008,-,-
경상남도 양산시 물금읍 가촌리,1278-2,1278,2,양산물금대방노블랜드6차더클래스,84.9966,202110,9,"60,500",28,2016,새실로 116,,-,-
경상남도 양산시 물금읍 가촌리,1278-2,1278,2,양산물금대방노블랜드6차더클래스,84.993,202110,16,"62,000",31,2016,새실로 116,,-,-
경상남도 양산시 물금읍 가촌리,1278-2,1278,2,양산물금대방노블랜드6차더클래스,84.993,202110,18,"59,000",15,2016,새실로 116,,-,-
경상남도 양산시 물금읍 가촌리,1278-2,1278,2,양산물금대방노블랜드6차더클래스,116.302,202110,19,"78,000",10,2016,새실로 116,,-,-
경상남도 양산시 물금읍 가촌리,720,720,0,양산물금동일스위트,59.9991,202110,2,"21,300",18,2013,가촌서로 93,,-,-
경상남도 양산시 물금읍 가촌리,720,720,0,양산물금동일스위트,84.9894,202110,4,"28,800",12,2013,가촌서로 93,,-,-
경상남도 양산시 물금읍 가촌리,720,720,0,양산물금동일스위트,59.9991,202110,5,"21,500",16,2013,가촌서로 93,,-,-
경상남도 양산시 물금읍 가촌리,720,720,0,양산물금동일스위트,84.9286,202110,6,"30,000",8,2013,가촌서로 93,,-,-
경상남도 양산시 물금읍 가촌리,720,720,0,양산물금동일스위트,75.5426,202110,9,"24,500",1,2013,가촌서로 93,,-,-
경상남도 양산시 물금읍 가촌리,720,720,0,양산물금동일스위트,84.9286,202110,9,"31,200",17,2013,가촌서로 93,,-,-
경상남도 양산시 물금읍 가촌리,720,720,0,양산물금동일스위트,59.9991,202110,18,"21,700",11,2013,가촌서로 93,,-,-
경상남도 양산시 물금읍 가촌리,720,720,0,양산물금동일스위트,84.9894,202110,19,"31,000",13,2013,가촌서로 93,,-,-
경상남도 양산시 물금읍 가촌리,720,720,0,양산물금동일스위트,59.9991,202110,30,"21,800",16,2013,가촌서로 93,,-,-
경상남도 양산시 물금읍 가촌리,1282,1282,0,양산물금양우내안애3차센트럴아파트,100.3943,202110,4,"59,990",21,2016,야리로 89,,-,-
경상남도 양산시 물금읍 가촌리,1285,1285,0,양산신도시4차동원로얄듀크비스타,84.982,202110,5,"47,000",8,2017,백호로 155,,-,-
경상남도 양산시 물금읍 가촌리,1285,1285,0,양산신도시4차동원로얄듀크비스타,84.9794,202110,5,"48,000",11,2017,백호로 155,,-,-
경상남도 양산시 물금읍 가촌리,1290-3,1290,3,양산신도시삼정그린코아더시티,30.5163,202110,15,"13,800",10,2018,메기로 199,,-,-
경상남도 양산시 물금읍 가촌리,1276-1,1276,1,양산신도시한양수자인더퍼스트,84.05,202110,2,"41,000",3,2018,물금로 76,,-,-
경상남도 양산시 물금읍 가촌리,1276-1,1276,1,양산신도시한양수자인더퍼스트,84.05,202110,2,"39,800",9,2018,물금로 76,,-,-
경상남도 양산시 물금읍 가촌리,1276-1,1276,1,양산신도시한양수자인더퍼스트,74.36,202110,4,"36,200",20,2018,물금로 76,,-,-
경상남도 양산시 물금읍 가촌리,1276-1,1276,1,양산신도시한양수자인더퍼스트,74.22,202110,4,"34,900",16,2018,물금로 76,,-,-
경상남도 양산시 물금읍 가촌리,1276-1,1276,1,양산신도시한양수자인더퍼스트,84.3,202110,8,"40,700",15,2018,물금로 76,,-,-
경상남도 양산시 물금읍 가촌리,1276-1,1276,1,양산신도시한양수자인더퍼스트,84.3,202110,8,"40,700",15,2018,물금로 76,20211018,-,-
경상남도 양산시 물금읍 가촌리,1276-1,1276,1,양산신도시한양수자인더퍼스트,84.3,202110,9,"40,000",23,2018,물금로 76,,-,-
경상남도 양산시 물금읍 가촌리,1276-1,1276,1,양산신도시한양수자인더퍼스트,74.36,202110,9,"34,800",9,2018,물금로 76,,-,-
경상남도 양산시 물금읍 가촌리,1276-1,1276,1,양산신도시한양수자인더퍼스트,74.36,202110,10,"35,800",28,2018,물금로 76,,-,-
경상남도 양산시 물금읍 가촌리,1276-1,1276,1,양산신도시한양수자인더퍼스트,84.05,202110,11,"41,500",11,2018,물금로 76,,-,-
경상남도 양산시 물금읍 가촌리,1276-1,1276,1,양산신도시한양수자인더퍼스트,84.05,202110,17,"41,400",11,2018,물금로 76,,-,-
경상남도 양산시 물금읍 가촌리,1290-2,1290,2,양산유림노르웨이아침,30.9669,202110,13,"13,000",12,2018,메기로 203,,-,-
경상남도 양산시 물금읍 가촌리,1290-2,1290,2,양산유림노르웨이아침,100.1642,202110,20,"45,000",16,2018,메기로 203,,-,-
경상남도 양산시 물금읍 가촌리,1290-2,1290,2,양산유림노르웨이아침,100.1642,202110,20,"45,000",15,2018,메기로 203,,-,-
경상남도 양산시 물금읍 가촌리,1323,1323,0,양산코오롱하늘채,70.0348,202110,1,"33,000",21,2020,가촌서로 45,,-,-
경상남도 양산시 물금읍 가촌리,1323,1323,0,양산코오롱하늘채,59.836,202110,3,"28,000",13,2020,가촌서로 45,,-,-
경상남도 양산시 물금읍 가촌리,1323,1323,0,양산코오롱하늘채,59.836,202110,6,"26,800",20,2020,가촌서로 45,,-,-
경상남도 양산시 물금읍 가촌리,1323,1323,0,양산코오롱하늘채,70.0348,202110,7,"34,300",19,2020,가촌서로 45,,-,-
경상남도 양산시 물금읍 가촌리,1323,1323,0,양산코오롱하늘채,59.836,202110,11,"26,900",5,2020,가촌서로 45,,-,-
경상남도 양산시 물금읍 가촌리,1323,1323,0,양산코오롱하늘채,59.836,202110,12,"28,500",10,2020,가촌서로 45,,-,-
경상남도 양산시 물금읍 가촌리,1323,1323,0,양산코오롱하늘채,59.836,202110,15,"22,500",11,2020,가촌서로 45,,-,-
경상남도 양산시 물금읍 가촌리,1323,1323,0,양산코오롱하늘채,59.8016,202110,15,"22,500",13,2020,가촌서로 45,,-,-
경상남도 양산시 물금읍 가촌리,1323,1323,0,양산코오롱하늘채,59.8016,202110,24,"27,000",24,2020,가촌서로 45,,-,-
경상남도 양산시 물금읍 가촌리,1323,1323,0,양산코오롱하늘채,70.0348,202110,30,"33,800",25,2020,가촌서로 45,,-,-
경상남도 양산시 물금읍 가촌리,1271-3,1271,3,양우내안애1차,59.9781,202110,2,"29,900",9,2014,야리로 30,,-,-
경상남도 양산시 물금읍 가촌리,1271-3,1271,3,양우내안애1차,59.9674,202110,2,"31,000",6,2014,야리로 30,,-,-
경상남도 양산시 물금읍 가촌리,1271-3,1271,3,양우내안애1차,59.9674,202110,10,"29,000",9,2014,야리로 30,,-,-
경상남도 양산시 물금읍 가촌리,1271-3,1271,3,양우내안애1차,59.9674,202110,11,"31,300",21,2014,야리로 30,,-,-
경상남도 양산시 물금읍 가촌리,1271-3,1271,3,양우내안애1차,59.9674,202110,15,"31,500",20,2014,야리로 30,,-,-
경상남도 양산시 물금읍 가촌리,1271-3,1271,3,양우내안애1차,59.9674,202110,16,"30,700",6,2014,야리로 30,,-,-
경상남도 양산시 물금읍 가촌리,1271-3,1271,3,양우내안애1차,59.9674,202110,27,"31,100",4,2014,야리로 30,,-,-
경상남도 양산시 물금읍 가촌리,1271-3,1271,3,양우내안애1차,59.9674,202110,30,"31,700",8,2014,야리로 30,,-,-
경상남도 양산시 물금읍 가촌리,1271-1,1271,1,양우내안애2차아파트,84.8594,202110,1,"46,000",9,2016,물금로 160,,-,-
경상남도 양산시 물금읍 가촌리,1271-1,1271,1,양우내안애2차아파트,84.6701,202110,7,"45,000",6,2016,물금로 160,,-,-
경상남도 양산시 물금읍 가촌리,1271-1,1271,1,양우내안애2차아파트,84.6701,202110,16,"44,500",2,2016,물금로 160,,-,-
경상남도 양산시 물금읍 가촌리,1272-10,1272,10,이지더원1차에듀파크,59.9906,202110,2,"29,500",12,2016,새실로 53,,-,-
경상남도 양산시 물금읍 가촌리,1272-10,1272,10,이지더원1차에듀파크,59.9906,202110,6,"30,000",9,2016,새실로 53,,-,-
경상남도 양산시 물금읍 가촌리,1272-10,1272,10,이지더원1차에듀파크,59.9906,202110,8,"29,000",9,2016,새실로 53,,-,-
경상남도 양산시 물금읍 가촌리,1272-10,1272,10,이지더원1차에듀파크,59.9906,202110,11,"30,000",15,2016,새실로 53,,-,-
경상남도 양산시 물금읍 가촌리,1272-10,1272,10,이지더원1차에듀파크,59.9906,202110,11,"29,500",9,2016,새실로 53,,-,-
경상남도 양산시 물금읍 가촌리,1272-10,1272,10,이지더원1차에듀파크,59.9906,202110,19,"29,500",5,2016,새실로 53,,-,-
경상남도 양산시 물금읍 가촌리,1274-1,1274,1,이지더원2차,72.8,202110,5,"36,800",6,2017,물금로 75,,-,-
경상남도 양산시 물금읍 가촌리,1274-1,1274,1,이지더원2차,72.8,202110,9,"35,650",11,2017,물금로 75,,-,-
경상남도 양산시 물금읍 가촌리,1274-1,1274,1,이지더원2차,72.8,202110,11,"35,700",10,2017,물금로 75,,-,-
경상남도 양산시 물금읍 가촌리,1274-1,1274,1,이지더원2차,75.7475,202110,13,"42,000",10,2017,물금로 75,,-,-
경상남도 양산시 물금읍 가촌리,1274-1,1274,1,이지더원2차,72.8,202110,14,"36,000",5,2017,물금로 75,,-,-
경상남도 양산시 물금읍 가촌리,1274-1,1274,1,이지더원2차,84.8509,202110,27,"45,000",28,2017,물금로 75,,-,-
경상남도 양산시 물금읍 가촌리,1281,1281,0,힐데스하임,77.9627,202110,6,"38,800",9,2016,야리로 75,,-,-
경상남도 양산시 물금읍 가촌리,1281,1281,0,힐데스하임,73.5388,202110,13,"36,000",5,2016,야리로 75,,-,-
경상남도 양산시 물금읍 가촌리,1281,1281,0,힐데스하임,73.5388,202110,23,"36,600",8,2016,야리로 75,,-,-
경상남도 양산시 물금읍 가촌리,1281,1281,0,힐데스하임,69.6192,202110,28,"29,850",4,2016,야리로 75,,-,-
경상남도 양산시 물금읍 물금리,496,496,0,삼전무지개,65.685,202110,11,"8,300",1,1992,원동로 59,,-,-
경상남도 양산시 물금읍 물금리,800-5,800,5,양산물금양우내안애5차리버파크,95.202,202110,1,"49,000",7,2016,물금로 41,,-,-
경상남도 양산시 물금읍 물금리,800-5,800,5,양산물금양우내안애5차리버파크,95.202,202110,15,"56,800",20,2016,물금로 41,,-,-
경상남도 양산시 물금읍 물금리,800-5,800,5,양산물금양우내안애5차리버파크,95.202,202110,28,"53,000",14,2016,물금로 41,,-,-
경상남도 양산시 물금읍 물금리,800-2,800,2,양산이지더원5차아파트,72.572,202110,2,"37,000",17,2017,물금로 57,,-,-
경상남도 양산시 물금읍 물금리,800-2,800,2,양산이지더원5차아파트,84.912,202110,7,"46,900",9,2017,물금로 57,,-,-
경상남도 양산시 물금읍 물금리,800-2,800,2,양산이지더원5차아파트,75.914,202110,10,"39,000",19,2017,물금로 57,,-,-
경상남도 양산시 물금읍 물금리,800-2,800,2,양산이지더원5차아파트,75.914,202110,15,"38,000",4,2017,물금로 57,,-,-
경상남도 양산시 물금읍 범어리,682-3,682,3,경민,63.6,202110,6,"14,100",7,1994,황산로 707,,-,-
경상남도 양산시 물금읍 범어리,682-3,682,3,경민,63.6,202110,18,"13,900",15,1994,황산로 707,,-,-
경상남도 양산시 물금읍 범어리,682-3,682,3,경민,84.76,202110,25,"18,800",1,1994,황산로 707,,-,-
경상남도 양산시 물금읍 범어리,502-3,502,3,그린피아,49.74,202110,1,"15,000",2,1990,오봉로 185,,-,-
경상남도 양산시 물금읍 범어리,502-3,502,3,그린피아,49.94,202110,8,"17,000",4,1990,오봉로 185,,-,-
경상남도 양산시 물금읍 범어리,502-3,502,3,그린피아,49.94,202110,12,"15,000",5,1990,오봉로 185,,-,-
경상남도 양산시 물금읍 범어리,502-1,502,1,대동타운,59.63,202110,1,"12,500",7,1995,오봉로 165,,-,-
경상남도 양산시 물금읍 범어리,502-1,502,1,대동타운,59.63,202110,2,"12,200",9,1995,오봉로 165,,-,-
경상남도 양산시 물금읍 범어리,502-1,502,1,대동타운,59.63,202110,7,"11,800",7,1995,오봉로 165,,-,-
경상남도 양산시 물금읍 범어리,502-1,502,1,대동타운,49.98,202110,7,"7,500",3,1995,오봉로 165,,-,-
경상남도 양산시 물금읍 범어리,502-1,502,1,대동타운,59.63,202110,13,"11,800",10,1995,오봉로 165,,-,-
경상남도 양산시 물금읍 범어리,502-1,502,1,대동타운,59.8,202110,18,"11,200",2,1995,오봉로 165,,-,-
경상남도 양산시 물금읍 범어리,502-1,502,1,대동타운,49.98,202110,18,"7,500",12,1995,오봉로 165,,-,-
경상남도 양산시 물금읍 범어리,502-1,502,1,대동타운,49.98,202110,19,"8,000",3,1995,오봉로 165,,-,-
경상남도 양산시 물금읍 범어리,502-1,502,1,대동타운,49.98,202110,21,"8,000",13,1995,오봉로 165,,-,-
경상남도 양산시 물금읍 범어리,502-1,502,1,대동타운,39.715,202110,29,"5,500",15,1995,오봉로 165,,-,-
경상남도 양산시 물금읍 범어리,502-1,502,1,대동타운,49.98,202110,30,"8,500",13,1995,오봉로 165,,-,-
경상남도 양산시 물금읍 범어리,549,549,0,덕산타운,85.52,202110,4,"16,800",2,1993,오봉로 29,,-,-
경상남도 양산시 물금읍 범어리,549,549,0,덕산타운,85.57,202110,30,"17,500",9,1993,오봉로 29,,-,-
경상남도 양산시 물금읍 범어리,Jan-76,2676,1,반도보라빌,59.909,202110,19,"25,000",2,2007,신주로 16,,-,-
경상남도 양산시 물금읍 범어리,Apr-85,2785,4,반도유보라3차아파트,59.9551,202110,3,"31,000",15,2013,서들로 179,,-,-
경상남도 양산시 물금읍 범어리,Apr-85,2785,4,반도유보라3차아파트,59.9486,202110,15,"28,800",12,2013,서들로 179,,-,-
경상남도 양산시 물금읍 범어리,Feb-68,2768,2,반도유보라4차,84.94,202110,10,"54,800",11,2014,백호로 91,,-,-
경상남도 양산시 물금읍 범어리,Feb-68,2768,2,반도유보라4차,84.94,202110,11,"52,500",24,2014,백호로 91,,-,-
경상남도 양산시 물금읍 범어리,Feb-68,2768,2,반도유보라4차,84.94,202110,16,"54,500",5,2014,백호로 91,,-,-
경상남도 양산시 물금읍 범어리,Feb-68,2768,2,반도유보라4차,84.94,202110,16,"51,900",28,2014,백호로 91,,-,-
경상남도 양산시 물금읍 범어리,Feb-68,2768,2,반도유보라4차,93.851,202110,17,"61,000",22,2014,백호로 91,,-,-
경상남도 양산시 물금읍 범어리,Feb-68,2768,2,반도유보라4차,93.851,202110,22,"57,000",18,2014,백호로 91,,-,-
경상남도 양산시 물금읍 범어리,Feb-68,2768,2,반도유보라4차,84.94,202110,29,"48,500",9,2014,백호로 91,,-,-
경상남도 양산시 물금읍 범어리,717-1,717,1,삼위로얄,58.5,202110,2,"10,300",10,1992,동중7길 21,,-,-
경상남도 양산시 물금읍 범어리,Jan-13,2713,1,신창비바패밀리,84.839,202110,2,"33,950",2,2009,신주로 69,,-,-
경상남도 양산시 물금읍 범어리,Jan-13,2713,1,신창비바패밀리,84.839,202110,2,"36,000",22,2009,신주로 69,,-,-
경상남도 양산시 물금읍 범어리,Jan-13,2713,1,신창비바패밀리,84.839,202110,9,"38,800",19,2009,신주로 69,,-,-
경상남도 양산시 물금읍 범어리,Jan-13,2713,1,신창비바패밀리,115.093,202110,11,"48,700",6,2009,신주로 69,,-,-
경상남도 양산시 물금읍 범어리,Aug-73,2673,8,양산2차e-편한세상,84.67,202110,15,"34,500",13,2007,신주로 35,,-,-
경상남도 양산시 물금읍 범어리,476,476,0,양산경동메르빌,75.1299,202110,1,"22,500",3,2013,동중7길 24,,-,-
경상남도 양산시 물금읍 범어리,476,476,0,양산경동메르빌,75.1299,202110,16,"21,600",8,2013,동중7길 24,,-,-
경상남도 양산시 물금읍 범어리,Apr-73,2673,4,양산물금대방노블랜드1차,84.9409,202110,1,"41,900",8,2014,신주1길 46,,-,-
경상남도 양산시 물금읍 범어리,Apr-73,2673,4,양산물금대방노블랜드1차,84.9409,202110,7,"41,800",19,2014,신주1길 46,,-,-
경상남도 양산시 물금읍 범어리,Apr-73,2673,4,양산물금대방노블랜드1차,59.9948,202110,8,"29,700",5,2014,신주1길 46,,-,-
경상남도 양산시 물금읍 범어리,Apr-73,2673,4,양산물금대방노블랜드1차,59.9948,202110,9,"30,900",19,2014,신주1길 46,,-,-
경상남도 양산시 물금읍 범어리,Apr-73,2673,4,양산물금대방노블랜드1차,59.9711,202110,11,"29,500",19,2014,신주1길 46,,-,-
경상남도 양산시 물금읍 범어리,Apr-73,2673,4,양산물금대방노블랜드1차,59.9948,202110,13,"30,900",11,2014,신주1길 46,,-,-
경상남도 양산시 물금읍 범어리,Apr-73,2673,4,양산물금대방노블랜드1차,59.9948,202110,14,"29,600",6,2014,신주1길 46,,-,-
경상남도 양산시 물금읍 범어리,Apr-73,2673,4,양산물금대방노블랜드1차,59.9948,202110,16,"29,800",9,2014,신주1길 46,,-,-
경상남도 양산시 물금읍 범어리,Apr-73,2673,4,양산물금대방노블랜드1차,84.9409,202110,16,"41,000",1,2014,신주1길 46,,-,-
경상남도 양산시 물금읍 범어리,Apr-73,2673,4,양산물금대방노블랜드1차,84.9409,202110,17,"42,000",12,2014,신주1길 46,,-,-
경상남도 양산시 물금읍 범어리,Apr-73,2673,4,양산물금대방노블랜드1차,59.9948,202110,18,"30,800",17,2014,신주1길 46,,-,-
경상남도 양산시 물금읍 범어리,Apr-73,2673,4,양산물금대방노블랜드1차,59.9948,202110,23,"30,850",11,2014,신주1길 46,,-,-
경상남도 양산시 물금읍 범어리,Apr-10,2710,4,양산신도시3차동원로얄듀크비스타,84.9959,202110,1,"54,500",36,2017,범구로 28,,-,-
경상남도 양산시 물금읍 범어리,Apr-10,2710,4,양산신도시3차동원로얄듀크비스타,84.9959,202110,1,"49,000",2,2017,범구로 28,,-,-
경상남도 양산시 물금읍 범어리,Apr-10,2710,4,양산신도시3차동원로얄듀크비스타,84.9959,202110,4,"54,500",17,2017,범구로 28,,-,-
경상남도 양산시 물금읍 범어리,Apr-10,2710,4,양산신도시3차동원로얄듀크비스타,84.9959,202110,26,"54,700",23,2017,범구로 28,,-,-
경상남도 양산시 물금읍 범어리,2712-14,2712,14,양산신도시반도유보라2차,63.743,202110,2,"34,500",25,2013,범어로 57,,-,-
경상남도 양산시 물금읍 범어리,2712-14,2712,14,양산신도시반도유보라2차,84.973,202110,14,"45,000",27,2013,범어로 57,,-,-
경상남도 양산시 물금읍 범어리,2712-14,2712,14,양산신도시반도유보라2차,63.743,202110,15,"34,800",24,2013,범어로 57,,-,-
경상남도 양산시 물금읍 범어리,2712-14,2712,14,양산신도시반도유보라2차,63.743,202110,30,"35,000",20,2013,범어로 57,,-,-
경상남도 양산시 물금읍 범어리,Jan-12,2712,1,양산신도시현진에버빌,116.361,202110,2,"50,400",8,2008,신주로 64,,-,-
경상남도 양산시 물금읍 범어리,Jan-12,2712,1,양산신도시현진에버빌,95.287,202110,12,"41,000",14,2008,신주로 64,,-,-
경상남도 양산시 물금읍 범어리,Jan-10,2710,1,양산유림노르웨이숲,84.6343,202110,1,"59,000",38,2018,범구로 14,,-,-
경상남도 양산시 물금읍 범어리,Jan-10,2710,1,양산유림노르웨이숲,84.6343,202110,14,"54,750",7,2018,범구로 14,,-,-
경상남도 양산시 물금읍 범어리,Jun-76,2676,6,우남퍼스트빌,84.7602,202110,2,"35,000",16,2007,신주로 40,,-,-
경상남도 양산시 물금읍 범어리,Jun-76,2676,6,우남퍼스트빌,59.9093,202110,2,"25,500",16,2007,신주로 40,,-,-
경상남도 양산시 물금읍 범어리,Jun-76,2676,6,우남퍼스트빌,59.9093,202110,2,"24,200",5,2007,신주로 40,,-,-
경상남도 양산시 물금읍 범어리,Jun-76,2676,6,우남퍼스트빌,59.9093,202110,12,"24,500",6,2007,신주로 40,,-,-
경상남도 양산시 물금읍 범어리,Jun-76,2676,6,우남퍼스트빌,84.9673,202110,12,"34,800",10,2007,신주로 40,,-,-
경상남도 양산시 물금읍 범어리,Jun-76,2676,6,우남퍼스트빌,59.9093,202110,25,"23,800",11,2007,신주로 40,,-,-
경상남도 양산시 물금읍 범어리,Jun-76,2676,6,우남퍼스트빌,59.9093,202110,27,"24,000",12,2007,신주로 40,,-,-
경상남도 양산시 물금읍 범어리,Dec-12,2712,12,우미린,59.9747,202110,8,"28,100",1,2013,범어로 77,,-,-
경상남도 양산시 물금읍 범어리,Dec-12,2712,12,우미린,59.9915,202110,8,"30,000",28,2013,범어로 77,,-,-
경상남도 양산시 물금읍 범어리,Dec-12,2712,12,우미린,59.9768,202110,27,"32,300",21,2013,범어로 77,,-,-
경상남도 양산시 물금읍 범어리,2676-15,2676,15,일신건영휴먼빌,84.9603,202110,1,"34,500",26,2007,범어로 11,,-,-
경상남도 양산시 물금읍 범어리,2676-15,2676,15,일신건영휴먼빌,84.9603,202110,9,"35,100",28,2007,범어로 11,,-,-
경상남도 양산시 물금읍 범어리,2676-15,2676,15,일신건영휴먼빌,59.9958,202110,29,"23,900",1,2007,범어로 11,,-,-
경상남도 양산시 물금읍 범어리,823,823,0,주공2,39.3,202110,6,"19,900",4,1990,동중1길 21,,-,-
경상남도 양산시 물금읍 범어리,682-1,682,1,현대1,60.75,202110,1,"12,500",5,1996,오봉로 180,,-,-
경상남도 양산시 물금읍 범어리,682-1,682,1,현대1,60.75,202110,9,"13,500",7,1996,오봉로 180,,-,-
경상남도 양산시 물금읍 범어리,682-1,682,1,현대1,84.837,202110,16,"19,800",13,1996,오봉로 180,,-,-
경상남도 양산시 물금읍 범어리,682-1,682,1,현대2,60.75,202110,8,"12,450",8,1996,오봉로 180,,-,-
경상남도 양산시 물금읍 범어리,682-1,682,1,현대2,75.02,202110,13,"18,000",8,1996,오봉로 180,,-,-
경상남도 양산시 물금읍 범어리,682-1,682,1,현대2,75.02,202110,17,"14,400",1,1996,오봉로 180,,-,-
경상남도 양산시 물금읍 범어리,682-1,682,1,현대2,60.75,202110,30,"12,800",13,1996,오봉로 180,,-,-
경상남도 양산시 물금읍 범어리,549-1,549,1,황전범어타운,112.02,202110,15,"27,500",15,1994,오봉로 15,,-,-
경상남도 양산시 물금읍 범어리,549-1,549,1,황전범어타운,112.02,202110,18,"26,700",10,1994,오봉로 15,,-,-
경상남도 양산시 물금읍 범어리,549-1,549,1,황전범어타운,112.02,202110,19,"26,700",14,1994,오봉로 15,,-,-
경상남도 양산시 물금읍 범어리,2676-13,2676,13,효성백년가약,84.991,202110,4,"33,700",2,2007,범어로 33,,-,-
경상남도 양산시 물금읍 범어리,2676-13,2676,13,효성백년가약,123.483,202110,7,"44,500",2,2007,범어로 33,,-,-
경상남도 양산시 물금읍 범어리,2676-13,2676,13,효성백년가약,59.981,202110,19,"26,900",17,2007,범어로 33,,-,-
경상남도 양산시 북부동,484-13,484,13,(484-13),41.63,202110,2,"7,750",8,2014,북안남2길 25,,-,-
경상남도 양산시 북부동,147-1,147,1,양산,47.97,202110,5,"5,300",3,1984,북안북7길 39,,-,-
경상남도 양산시 북부동,201-3,201,3,푸르나아파트,54.57,202110,14,"16,000",9,2016,중앙우회로 111,20211101,-,-
경상남도 양산시 북부동,201-3,201,3,푸르나아파트,54.57,202110,14,"16,000",9,2016,중앙우회로 111,,-,-
경상남도 양산시 북부동,201-3,201,3,푸르나아파트,54.57,202110,18,"17,500",8,2016,중앙우회로 111,,-,-
경상남도 양산시 북부동,201-3,201,3,푸르나아파트,54.57,202110,20,"16,700",4,2016,중앙우회로 111,,-,-
경상남도 양산시 북정동,434,434,0,대동,49.71,202110,2,"7,250",10,1993,북정중앙로 62,,-,-
경상남도 양산시 북정동,434,434,0,대동,49.71,202110,2,"7,300",10,1993,북정중앙로 62,,-,-
경상남도 양산시 북정동,434,434,0,대동,49.71,202110,8,"7,700",1,1993,북정중앙로 62,,-,-
경상남도 양산시 북정동,434,434,0,대동,49.71,202110,11,"7,300",5,1993,북정중앙로 62,,-,-
경상남도 양산시 북정동,434,434,0,대동,49.71,202110,16,"7,000",6,1993,북정중앙로 62,,-,-
경상남도 양산시 북정동,563,563,0,대동2,74.12,202110,7,"13,000",11,1997,북정로 86,,-,-
경상남도 양산시 북정동,563,563,0,대동2,84.95,202110,8,"15,700",12,1997,북정로 86,,-,-
경상남도 양산시 북정동,436,436,0,대동빌라트,71.95,202110,1,"14,500",6,1998,북정로 118,,-,-
경상남도 양산시 북정동,436,436,0,대동빌라트,71.95,202110,30,"13,200",10,1998,북정로 118,,-,-
경상남도 양산시 북정동,708,708,0,동부,59.99,202110,29,"6,500",6,1998,고향의봄10길 27,,-,-
경상남도 양산시 북정동,437,437,0,동원,59.84,202110,2,"11,000",7,1995,북정로 116,,-,-
경상남도 양산시 북정동,437,437,0,동원,59.84,202110,8,"10,900",13,1995,북정로 116,,-,-
경상남도 양산시 북정동,437,437,0,동원,59.84,202110,22,"11,300",6,1995,북정로 116,,-,-
경상남도 양산시 북정동,437,437,0,동원,59.84,202110,26,"10,500",14,1995,북정로 116,,-,-
경상남도 양산시 북정동,884-2,884,2,새롬성원네오파트,84.8633,202110,1,"24,000",7,2005,북정서길 16,,-,-
경상남도 양산시 북정동,884-2,884,2,새롬성원네오파트,84.9991,202110,7,"24,000",14,2005,북정서길 16,,-,-
경상남도 양산시 북정동,884-2,884,2,새롬성원네오파트,84.8633,202110,15,"23,800",9,2005,북정서길 16,,-,-
경상남도 양산시 북정동,884-2,884,2,새롬성원네오파트,84.8633,202110,18,"24,000",21,2005,북정서길 16,,-,-
경상남도 양산시 삼호동,991-1,991,1,대근파크1차,59.885,202110,30,"5,300",2,1989,삼호4길 22,,-,-
경상남도 양산시 삼호동,169,169,0,대동이미지타운1,59.3538,202110,1,"11,800",12,2004,대운로 354,,-,-
경상남도 양산시 삼호동,169,169,0,대동이미지타운1,59.3538,202110,2,"11,400",4,2004,대운로 354,,-,-
경상남도 양산시 삼호동,169,169,0,대동이미지타운1,59.3538,202110,2,"9,200",15,2004,대운로 354,,-,-
경상남도 양산시 삼호동,169,169,0,대동이미지타운1,59.3538,202110,11,"9,400",4,2004,대운로 354,,-,-
경상남도 양산시 삼호동,169,169,0,대동이미지타운1,59.3538,202110,13,"10,800",13,2004,대운로 354,,-,-
경상남도 양산시 삼호동,169,169,0,대동이미지타운1,59.3538,202110,13,"10,800",13,2004,대운로 354,20211025,-,-
경상남도 양산시 삼호동,169,169,0,대동이미지타운1,59.3538,202110,13,"9,700",9,2004,대운로 354,,-,-
경상남도 양산시 삼호동,169,169,0,대동이미지타운1,59.3538,202110,21,"10,750",10,2004,대운로 354,,-,-
경상남도 양산시 삼호동,169,169,0,대동이미지타운1,59.3538,202110,21,"10,750",10,2004,대운로 354,20211102,-,-
경상남도 양산시 삼호동,171,171,0,대동이미지타운2,59.3538,202110,11,"10,000",9,2004,대운로 338,,-,-
경상남도 양산시 삼호동,171,171,0,대동이미지타운2,59.3538,202110,13,"10,700",12,2004,대운로 338,,-,-
경상남도 양산시 삼호동,171,171,0,대동이미지타운2,59.3538,202110,16,"10,000",4,2004,대운로 338,,-,-
경상남도 양산시 삼호동,171,171,0,대동이미지타운2,59.3538,202110,20,"12,400",10,2004,대운로 338,,-,-
경상남도 양산시 삼호동,651-1,651,1,대진칸트리타운1,73.9,202110,14,"10,650",11,1991,서창서1길 15,20211019,-,-
경상남도 양산시 삼호동,651-1,651,1,대진칸트리타운1,73.9,202110,14,"10,650",11,1991,서창서1길 15,,-,-
경상남도 양산시 삼호동,779-14,779,14,동주맨션,72.54,202110,17,"6,000",1,1991,삼호9길 2,,-,-
경상남도 양산시 삼호동,861,861,0,웅상신도시푸르지오,84.963,202110,1,"22,000",6,2007,삼호로 74,,-,-
경상남도 양산시 삼호동,861,861,0,웅상신도시푸르지오,84.963,202110,6,"24,000",6,2007,삼호로 74,,-,-
경상남도 양산시 삼호동,861,861,0,웅상신도시푸르지오,84.963,202110,6,"24,500",15,2007,삼호로 74,,-,-
경상남도 양산시 삼호동,857,857,0,유승한내들,84.9246,202110,2,"17,200",14,2008,삼호로 98,,-,-
경상남도 양산시 삼호동,857,857,0,유승한내들,84.9246,202110,9,"22,450",9,2008,삼호로 98,,-,-
경상남도 양산시 삼호동,857,857,0,유승한내들,84.9246,202110,9,"19,300",5,2008,삼호로 98,,-,-
경상남도 양산시 삼호동,714-5,714,5,해강대성타운,64.05,202110,12,"6,600",4,1990,서창로 133,,-,-
경상남도 양산시 삼호동,714-5,714,5,해강대성타운,78.29,202110,16,"10,400",8,1990,서창로 133,,-,-
경상남도 양산시 삼호동,860,860,0,해인그린빌,80.4587,202110,3,"15,000",7,2001,삼호로 86,,-,-
경상남도 양산시 삼호동,860,860,0,해인그린빌,80.4587,202110,7,"14,000",8,2001,삼호로 86,,-,-
경상남도 양산시 삼호동,860,860,0,해인그린빌,80.4587,202110,15,"15,200",13,2001,삼호로 86,,-,-
경상남도 양산시 삼호동,860,860,0,해인그린빌,80.4587,202110,16,"14,000",4,2001,삼호로 86,,-,-
경상남도 양산시 삼호동,860,860,0,해인그린빌,80.4587,202110,18,"15,750",2,2001,삼호로 86,,-,-
경상남도 양산시 삼호동,986-5,986,5,화목빌라트,84.92,202110,13,"13,000",2,2004,서창동2길 19,,-,-
경상남도 양산시 상북면 대석리,665,665,0,일양하이츠타운,59.96,202110,20,"7,500",14,1992,공암길 26,,-,-
경상남도 양산시 상북면 석계리,236-6,236,6,광림그린파크,82.05,202110,13,"8,700",1,1992,삼계1길 9-3,,-,-
경상남도 양산시 상북면 석계리,236-1,236,1,동우강변타워1,59.94,202110,5,"7,000",12,1992,삼계1길 9,,-,-
경상남도 양산시 상북면 석계리,236-1,236,1,동우강변타워1,59.94,202110,6,"7,800",2,1992,삼계1길 9,,-,-
경상남도 양산시 상북면 석계리,236-1,236,1,동우강변타워1,59.94,202110,24,"6,700",6,1992,삼계1길 9,,-,-
경상남도 양산시 상북면 석계리,179-1,179,1,반회새진흥,49.27,202110,18,"4,650",5,1989,반회서3길 28,,-,-
경상남도 양산시 상북면 석계리,78-32,78,32,삼영,42.12,202110,15,"4,000",1,1988,삼계1길 2,,-,-
경상남도 양산시 상북면 석계리,239-13,239,13,우신스포렉스프라자,57.51,202110,23,"6,700",7,1996,반회서5길 16,,-,-
경상남도 양산시 상북면 석계리,237-1,237,1,진일석계2,67.35,202110,4,"9,200",7,1992,반회서7길 20,,-,-
경상남도 양산시 상북면 석계리,237-1,237,1,진일석계2,73.8,202110,9,"9,600",7,1992,반회서7길 20,,-,-
경상남도 양산시 상북면 석계리,04월 15일,15,4,한성강변타운,84.87,202110,10,"10,300",14,1992,상북중앙로 437-3,,-,-
경상남도 양산시 상북면 소토리,908,908,0,대우마리나,59.97,202110,2,"8,500",15,1994,감결길 17,,-,-
경상남도 양산시 상북면 소토리,908,908,0,대우마리나,84.96,202110,16,"14,000",19,1994,감결길 17,,-,-
경상남도 양산시 상북면 소토리,908,908,0,대우마리나,141.78,202110,18,"15,000",2,1994,감결길 17,,-,-
경상남도 양산시 상북면 소토리,908,908,0,대우마리나,59.97,202110,20,"8,700",7,1994,감결길 17,,-,-
경상남도 양산시 상북면 소토리,908,908,0,대우마리나,59.97,202110,23,"9,000",13,1994,감결길 17,,-,-
경상남도 양산시 소주동,150,150,0,서창강변아이존빌스타아파트,59.9469,202110,8,"18,400",22,2016,소주회야로 93,,-,-
경상남도 양산시 소주동,150,150,0,서창강변아이존빌스타아파트,59.9469,202110,16,"19,000",23,2016,소주회야로 93,,-,-
경상남도 양산시 소주동,960-10,960,10,서창대동,59.92,202110,4,"6,000",7,1997,소주로 182,,-,-
경상남도 양산시 소주동,960-10,960,10,서창대동,59.92,202110,6,"5,500",5,1997,소주로 182,,-,-
경상남도 양산시 소주동,960-10,960,10,서창대동,59.54,202110,8,"5,500",15,1997,소주로 182,,-,-
경상남도 양산시 소주동,306,306,0,세신,59.92,202110,9,"6,950",9,1993,번영로 441,,-,-
경상남도 양산시 소주동,306,306,0,세신,66.54,202110,15,"6,050",10,1993,번영로 441,,-,-
경상남도 양산시 소주동,443,443,0,원진,47.72,202110,19,"5,250",11,1992,소주회야로 45-153,,-,-
경상남도 양산시 소주동,147-1,147,1,천성리버타운,49.8,202110,1,"6,000",2,1998,소주회야로 75,,-,-
경상남도 양산시 소주동,147-1,147,1,천성리버타운,49.8,202110,2,"5,250",9,1998,소주회야로 75,,-,-
경상남도 양산시 소주동,147-1,147,1,천성리버타운,49.8,202110,7,"6,800",19,1998,소주회야로 75,,-,-
경상남도 양산시 소주동,147-1,147,1,천성리버타운,49.8,202110,8,"6,800",7,1998,소주회야로 75,,-,-
경상남도 양산시 소주동,147-1,147,1,천성리버타운,49.8,202110,9,"6,500",8,1998,소주회야로 75,,-,-
경상남도 양산시 소주동,147-1,147,1,천성리버타운,49.8,202110,12,"5,650",16,1998,소주회야로 75,,-,-
경상남도 양산시 소주동,147-1,147,1,천성리버타운,49.8,202110,14,"6,300",5,1998,소주회야로 75,,-,-
경상남도 양산시 소주동,147-1,147,1,천성리버타운,49.8,202110,15,"5,700",17,1998,소주회야로 75,,-,-
경상남도 양산시 소주동,147-1,147,1,천성리버타운,49.8,202110,19,"4,500",20,1998,소주회야로 75,,-,-
경상남도 양산시 소주동,147-1,147,1,천성리버타운,49.8,202110,20,"6,150",16,1998,소주회야로 75,,-,-
경상남도 양산시 소주동,147-1,147,1,천성리버타운,49.8,202110,23,"7,200",20,1998,소주회야로 75,,-,-
경상남도 양산시 소주동,147-1,147,1,천성리버타운,49.8,202110,25,"7,000",17,1998,소주회야로 75,,-,-
경상남도 양산시 신기동,511-3,511,3,대동서안한마음,111.555,202110,15,"28,300",11,1993,신기서길 14,,-,-
경상남도 양산시 신기동,511-3,511,3,대동서안한마음,111.555,202110,16,"25,000",9,1993,신기서길 14,,-,-
경상남도 양산시 신기동,511-3,511,3,대동서안한마음,111.555,202110,30,"26,000",14,1993,신기서길 14,,-,-
경상남도 양산시 신기동,508-3,508,3,신기주공,38.64,202110,4,"9,700",15,1993,신기서길 23,,-,-
경상남도 양산시 신기동,508-3,508,3,신기주공,38.64,202110,4,"9,500",3,1993,신기서길 23,,-,-
경상남도 양산시 신기동,508-3,508,3,신기주공,49.94,202110,7,"15,500",15,1993,신기서길 23,,-,-
경상남도 양산시 신기동,508-3,508,3,신기주공,49.94,202110,9,"15,000",11,1993,신기서길 23,,-,-
경상남도 양산시 신기동,508-3,508,3,신기주공,44.94,202110,9,"10,400",5,1993,신기서길 23,,-,-
경상남도 양산시 신기동,508-3,508,3,신기주공,38.64,202110,11,"9,900",13,1993,신기서길 23,,-,-
경상남도 양산시 신기동,508-3,508,3,신기주공,44.94,202110,12,"10,500",10,1993,신기서길 23,,-,-
경상남도 양산시 신기동,508-3,508,3,신기주공,44.94,202110,12,"10,500",11,1993,신기서길 23,,-,-
경상남도 양산시 신기동,508-3,508,3,신기주공,44.94,202110,13,"11,200",15,1993,신기서길 23,,-,-
경상남도 양산시 신기동,508-3,508,3,신기주공,38.64,202110,14,"9,550",6,1993,신기서길 23,,-,-
경상남도 양산시 신기동,508-3,508,3,신기주공,41.3,202110,20,"10,500",11,1993,신기서길 23,,-,-
경상남도 양산시 신기동,508-3,508,3,신기주공,49.94,202110,23,"16,000",13,1993,신기서길 23,,-,-
경상남도 양산시 신기동,508-3,508,3,신기주공,38.64,202110,23,"10,400",4,1993,신기서길 23,,-,-
경상남도 양산시 신기동,508-3,508,3,신기주공,44.94,202110,23,"11,000",3,1993,신기서길 23,,-,-
경상남도 양산시 신기동,508-3,508,3,신기주공,38.64,202110,25,"9,500",7,1993,신기서길 23,,-,-
경상남도 양산시 신기동,508-3,508,3,신기주공,41.3,202110,25,"10,000",12,1993,신기서길 23,,-,-
경상남도 양산시 신기동,508-3,508,3,신기주공,44.94,202110,27,"8,700",1,1993,신기서길 23,,-,-
경상남도 양산시 신기동,508-3,508,3,신기주공,44.94,202110,27,"8,700",1,1993,신기서길 23,,-,-
경상남도 양산시 신기동,508-3,508,3,신기주공,38.64,202110,29,"8,800",15,1993,신기서길 23,,-,-
경상남도 양산시 신기동,508-3,508,3,신기주공,44.94,202110,29,"11,400",10,1993,신기서길 23,,-,-
경상남도 양산시 신기동,508-3,508,3,신기주공,38.64,202110,30,"9,200",11,1993,신기서길 23,,-,-
경상남도 양산시 신기동,508-3,508,3,신기주공,38.64,202110,30,"10,900",6,1993,신기서길 23,,-,-
경상남도 양산시 신기동,651-1,651,1,양산우방아이유쉘,84.8894,202110,2,"33,000",10,2014,신기강변1길 11,,-,-
경상남도 양산시 신기동,653,653,0,양산유탑유블레스하늘리에,59.967,202110,7,"20,800",12,2019,명곡로 141,20211101,-,-
경상남도 양산시 신기동,653,653,0,양산유탑유블레스하늘리에,70.611,202110,8,"23,000",10,2019,명곡로 141,,-,-
경상남도 양산시 신기동,653,653,0,양산유탑유블레스하늘리에,70.611,202110,15,"24,700",17,2019,명곡로 141,,-,-
경상남도 양산시 신기동,653,653,0,양산유탑유블레스하늘리에,59.967,202110,15,"22,000",15,2019,명곡로 141,,-,-
경상남도 양산시 신기동,653,653,0,양산유탑유블레스하늘리에,59.967,202110,15,"20,200",16,2019,명곡로 141,,-,-
경상남도 양산시 신기동,653,653,0,양산유탑유블레스하늘리에,59.967,202110,18,"20,000",2,2019,명곡로 141,,-,-
경상남도 양산시 신기동,653,653,0,양산유탑유블레스하늘리에,59.967,202110,21,"20,820",15,2019,명곡로 141,,-,-
경상남도 양산시 신기동,653,653,0,양산유탑유블레스하늘리에,59.865,202110,22,"21,300",12,2019,명곡로 141,,-,-
경상남도 양산시 신기동,653,653,0,양산유탑유블레스하늘리에,59.967,202110,22,"20,410",5,2019,명곡로 141,,-,-
경상남도 양산시 신기동,653,653,0,양산유탑유블레스하늘리에,59.967,202110,26,"20,800",15,2019,명곡로 141,,-,-
경상남도 양산시 신기동,169-4,169,4,해강,101.02,202110,15,"14,000",5,1989,고향의봄1길 22,,-,-
경상남도 양산시 어곡동,09월 03일,9,3,삼성로얄파크빌,75.649,202110,2,"12,300",12,2004,두전길 18,,-,-
경상남도 양산시 어곡동,09월 03일,9,3,삼성로얄파크빌,75.649,202110,5,"11,200",15,2004,두전길 18,,-,-
경상남도 양산시 어곡동,09월 03일,9,3,삼성로얄파크빌,59.429,202110,8,"8,200",15,2004,두전길 18,,-,-
경상남도 양산시 어곡동,09월 03일,9,3,삼성로얄파크빌,75.649,202110,9,"10,800",14,2004,두전길 18,,-,-
경상남도 양산시 어곡동,645-18,645,18,성신,46.42,202110,6,"5,200",6,1992,두전길 42-3,,-,-
경상남도 양산시 어곡동,645-18,645,18,성신,49.98,202110,9,"4,400",6,1992,두전길 42-3,,-,-
경상남도 양산시 어곡동,645-18,645,18,성신,49.98,202110,9,"3,750",9,1992,두전길 42-3,,-,-
경상남도 양산시 어곡동,645-18,645,18,성신,46.42,202110,13,"3,000",10,1992,두전길 42-3,,-,-
경상남도 양산시 어곡동,645-18,645,18,성신,46.42,202110,13,"3,000",12,1992,두전길 42-3,,-,-
경상남도 양산시 어곡동,645-18,645,18,성신,46.42,202110,13,"3,000",8,1992,두전길 42-3,,-,-
경상남도 양산시 어곡동,645-18,645,18,성신,46.42,202110,13,"3,000",9,1992,두전길 42-3,,-,-
경상남도 양산시 주남동,Jan-55,55,1,신원아침도시,84.9879,202110,4,"18,600",12,2008,대평들5길 16,,-,-
경상남도 양산시 주진동,182-1,182,1,로즈힐,49.92,202110,4,"6,000",10,2016,주진1길 43,,-,-
경상남도 양산시 주진동,182-1,182,1,로즈힐,49.92,202110,10,"5,500",5,2016,주진1길 43,,-,-
경상남도 양산시 주진동,182-1,182,1,로즈힐,39.96,202110,11,"4,500",10,2016,주진1길 43,,-,-
경상남도 양산시 주진동,182-1,182,1,로즈힐,39.96,202110,12,"4,100",7,2016,주진1길 43,,-,-
경상남도 양산시 주진동,182-1,182,1,로즈힐,59.4,202110,12,"6,000",2,2016,주진1길 43,,-,-
경상남도 양산시 주진동,182-1,182,1,로즈힐,39.96,202110,13,"4,500",17,2016,주진1길 43,,-,-
경상남도 양산시 주진동,182-1,182,1,로즈힐,49.92,202110,13,"5,800",6,2016,주진1길 43,,-,-
경상남도 양산시 주진동,182-1,182,1,로즈힐,49.92,202110,13,"4,200",10,2016,주진1길 43,,-,-
경상남도 양산시 주진동,182-1,182,1,로즈힐,49.92,202110,16,"5,200",12,2016,주진1길 43,,-,-
경상남도 양산시 주진동,182-1,182,1,로즈힐,39.96,202110,19,"5,000",9,2016,주진1길 43,,-,-
경상남도 양산시 주진동,182-1,182,1,로즈힐,59.4,202110,21,"7,500",2,2016,주진1길 43,,-,-
경상남도 양산시 주진동,182-1,182,1,로즈힐,39.96,202110,25,"4,200",13,2016,주진1길 43,,-,-
경상남도 양산시 주진동,182-1,182,1,로즈힐,59.4,202110,25,"7,000",8,2016,주진1길 43,,-,-
경상남도 양산시 주진동,182-1,182,1,로즈힐,49.92,202110,27,"5,000",4,2016,주진1길 43,,-,-
경상남도 양산시 주진동,697,697,0,양산롯데캐슬,59.912,202110,8,"22,550",4,2016,진등길 26,,-,-
경상남도 양산시 주진동,697,697,0,양산롯데캐슬,84.977,202110,13,"34,500",5,2016,진등길 26,,-,-
경상남도 양산시 주진동,697,697,0,양산롯데캐슬,59.912,202110,23,"22,600",16,2016,진등길 26,,-,-
경상남도 양산시 주진동,697,697,0,양산롯데캐슬,73.4649,202110,24,"27,000",16,2016,진등길 26,,-,-
경상남도 양산시 주진동,697,697,0,양산롯데캐슬,73.4649,202110,30,"25,000",1,2016,진등길 26,,-,-
경상남도 양산시 주진동,700,700,0,양산서희스타힐스,66.8275,202110,2,"25,400",16,2019,모래들길 57-27,,-,-
경상남도 양산시 주진동,700,700,0,양산서희스타힐스,74.8575,202110,3,"30,500",25,2019,모래들길 57-27,,-,-
경상남도 양산시 주진동,700,700,0,양산서희스타힐스,74.8575,202110,11,"30,900",20,2019,모래들길 57-27,,-,-
경상남도 양산시 주진동,707,707,0,양산양우내안애파크뷰,84.7233,202110,19,"32,500",19,2020,진등길 15,,-,-
경상남도 양산시 중부동,696-1,696,1,대동황토방,59.97,202110,4,"21,500",10,1999,양주로 154,,-,-
경상남도 양산시 중부동,696-1,696,1,대동황토방,84.91,202110,8,"29,000",25,1999,양주로 154,,-,-
경상남도 양산시 중부동,696-1,696,1,대동황토방,117.63,202110,27,"33,500",2,1999,양주로 154,,-,-
경상남도 양산시 중부동,314,314,0,더블루,82.95,202110,27,"19,700",6,2013,삼일로 110,,-,-
경상남도 양산시 중부동,694-1,694,1,양산신도시뜰안채아파트,39.86,202110,1,"14,200",9,2000,양주로 113,,-,-
경상남도 양산시 중부동,694-1,694,1,양산신도시뜰안채아파트,49.6,202110,7,"17,500",5,2000,양주로 113,,-,-
경상남도 양산시 중부동,694-1,694,1,양산신도시뜰안채아파트,59.61,202110,9,"21,000",3,2000,양주로 113,,-,-
경상남도 양산시 중부동,694-1,694,1,양산신도시뜰안채아파트,59.55,202110,18,"22,000",8,2000,양주로 113,,-,-
경상남도 양산시 중부동,697-1,697,1,현대1,59.79,202110,2,"20,500",5,1999,양주로 114,,-,-
경상남도 양산시 중부동,697-1,697,1,현대1,84.99,202110,9,"30,200",8,1999,양주로 114,,-,-
경상남도 양산시 중부동,697-1,697,1,현대1,59.99,202110,12,"22,900",17,1999,양주로 114,,-,-
경상남도 양산시 중부동,697-1,697,1,현대1,59.99,202110,12,"23,500",10,1999,양주로 114,,-,-
경상남도 양산시 중부동,697-1,697,1,현대1,59.99,202110,18,"21,500",6,1999,양주로 114,,-,-
경상남도 양산시 중부동,697-1,697,1,현대1,59.99,202110,18,"21,500",6,1999,양주로 114,,-,-
경상남도 양산시 평산동,1108-88,1108,88,경보2,59.86,202110,1,"8,400",13,1992,평산회야로 51,,-,-
경상남도 양산시 평산동,1108-88,1108,88,경보2,61.895,202110,6,"8,400",14,1992,평산회야로 51,,-,-
경상남도 양산시 평산동,1108-88,1108,88,경보2,84.97,202110,19,"13,000",6,1992,평산회야로 51,,-,-
경상남도 양산시 평산동,1108-88,1108,88,경보2,48.61,202110,28,"6,200",1,1992,평산회야로 51,,-,-
경상남도 양산시 평산동,1108-95,1108,95,경보3,59.91,202110,29,"6,400",4,1993,평산회야로 33,,-,-
경상남도 양산시 평산동,1108-22,1108,22,경보4,59.91,202110,2,"7,000",12,1993,평산회야로 17,,-,-
경상남도 양산시 평산동,1108-22,1108,22,경보4,59.91,202110,21,"5,300",10,1993,평산회야로 17,,-,-
경상남도 양산시 평산동,843-1,843,1,대근그린맨션,68.64,202110,18,"4,500",3,1991,장흥길 14,,-,-
경상남도 양산시 평산동,568-20,568,20,덕계동일스위트1,49.8472,202110,2,"7,500",7,2001,신명로 88,,-,-
경상남도 양산시 평산동,568-20,568,20,덕계동일스위트1,59.6913,202110,2,"9,300",4,2001,신명로 88,,-,-
경상남도 양산시 평산동,568-20,568,20,덕계동일스위트1,59.6913,202110,2,"9,000",8,2001,신명로 88,,-,-
경상남도 양산시 평산동,568,568,0,봉우,67.88,202110,1,"7,500",17,1994,신명로 87,,-,-
경상남도 양산시 평산동,568,568,0,봉우,74.53,202110,6,"8,400",19,1994,신명로 87,,-,-
경상남도 양산시 평산동,568,568,0,봉우,84.66,202110,7,"11,000",18,1994,신명로 87,,-,-
경상남도 양산시 평산동,568,568,0,봉우,74.53,202110,23,"9,400",14,1994,신명로 87,,-,-
경상남도 양산시 평산동,568,568,0,봉우,67.88,202110,30,"8,100",18,1994,신명로 87,,-,-
경상남도 양산시 평산동,41,41,0,삼성명가타운,59.9853,202110,1,"12,100",2,2002,평산중앙로 81,,-,-
경상남도 양산시 평산동,41,41,0,삼성명가타운,74.4657,202110,1,"15,850",20,2002,평산중앙로 81,,-,-
경상남도 양산시 평산동,41,41,0,삼성명가타운,59.9853,202110,5,"11,800",3,2002,평산중앙로 81,,-,-
경상남도 양산시 평산동,41,41,0,삼성명가타운,59.9853,202110,18,"13,000",3,2002,평산중앙로 81,20211028,-,-
경상남도 양산시 평산동,41,41,0,삼성명가타운,59.9853,202110,18,"13,000",3,2002,평산중앙로 81,,-,-
경상남도 양산시 평산동,391,391,0,새진흥5,66.58,202110,11,"4,950",1,1992,평산13길 19,,-,-
경상남도 양산시 평산동,391,391,0,새진흥5,66.58,202110,13,"7,300",15,1992,평산13길 19,,-,-
경상남도 양산시 평산동,391,391,0,새진흥5,53.17,202110,19,"5,350",1,1992,평산13길 19,,-,-
경상남도 양산시 평산동,391,391,0,새진흥5,66.58,202110,25,"6,100",14,1992,평산13길 19,,-,-
경상남도 양산시 평산동,391,391,0,새진흥5,77.65,202110,27,"8,000",15,1992,평산13길 19,,-,-
경상남도 양산시 평산동,391,391,0,새진흥5,66.58,202110,28,"6,300",4,1992,평산13길 19,,-,-
경상남도 양산시 평산동,398,398,0,새진흥6,59.64,202110,19,"4,900",4,1992,평산13길 19,,-,-
경상남도 양산시 평산동,May-51,51,5,새진흥7,68.59,202110,4,"6,950",7,1992,평산중앙4길 20,,-,-
경상남도 양산시 평산동,May-51,51,5,새진흥7,74.38,202110,9,"7,800",12,1992,평산중앙4길 20,,-,-
경상남도 양산시 평산동,May-51,51,5,새진흥7,68.59,202110,25,"9,500",12,1992,평산중앙4길 20,,-,-
경상남도 양산시 평산동,Jan-46,46,1,새진흥8,84.15,202110,28,"8,850",6,1993,신명2길 16-33,,-,-
경상남도 양산시 평산동,117-1,117,1,선우2,72.13,202110,1,"8,300",12,1992,평산11길 5,,-,-
경상남도 양산시 평산동,117-1,117,1,선우2,72.13,202110,9,"9,400",1,1992,평산11길 5,,-,-
경상남도 양산시 평산동,117-1,117,1,선우2,57.18,202110,26,"7,400",2,1992,평산11길 5,,-,-
경상남도 양산시 평산동,603,603,0,선우3,73.03,202110,27,"6,900",11,1992,평산로 102-13,,-,-
경상남도 양산시 평산동,163,163,0,선우4,73.76,202110,5,"7,100",1,1992,평산회야로 149,,-,-
경상남도 양산시 평산동,163,163,0,선우4,54.65,202110,27,"6,400",9,1992,평산회야로 149,,-,-
경상남도 양산시 평산동,163,163,0,선우4,84.7,202110,29,"11,000",5,1992,평산회야로 149,,-,-
경상남도 양산시 평산동,163,163,0,선우4,84.7,202110,30,"13,000",5,1992,평산회야로 149,,-,-
경상남도 양산시 평산동,1108-13,1108,13,선우5,71.24,202110,2,"8,500",10,1992,평산회야로 135,,-,-
경상남도 양산시 평산동,1108-13,1108,13,선우5,69.89,202110,9,"8,950",3,1992,평산회야로 135,,-,-
경상남도 양산시 평산동,600,600,0,양산천성산한일유앤아이아파트,84.9568,202110,1,"19,800",15,2008,평산로 116,,-,-
경상남도 양산시 평산동,600,600,0,양산천성산한일유앤아이아파트,84.9568,202110,1,"18,900",12,2008,평산로 116,,-,-
경상남도 양산시 평산동,600,600,0,양산천성산한일유앤아이아파트,84.9568,202110,2,"17,400",7,2008,평산로 116,,-,-
경상남도 양산시 평산동,600,600,0,양산천성산한일유앤아이아파트,84.9568,202110,5,"16,200",1,2008,평산로 116,,-,-
경상남도 양산시 평산동,600,600,0,양산천성산한일유앤아이아파트,84.9568,202110,8,"20,300",15,2008,평산로 116,,-,-
경상남도 양산시 평산동,600,600,0,양산천성산한일유앤아이아파트,84.9568,202110,12,"13,000",22,2008,평산로 116,,-,-
경상남도 양산시 평산동,600,600,0,양산천성산한일유앤아이아파트,84.9568,202110,13,"19,400",10,2008,평산로 116,,-,-
경상남도 양산시 평산동,600,600,0,양산천성산한일유앤아이아파트,84.9568,202110,16,"20,700",10,2008,평산로 116,,-,-
경상남도 양산시 평산동,600,600,0,양산천성산한일유앤아이아파트,84.9568,202110,25,"20,500",25,2008,평산로 116,,-,-
경상남도 양산시 평산동,600,600,0,양산천성산한일유앤아이아파트,84.9568,202110,26,"18,300",14,2008,평산로 116,,-,-
경상남도 양산시 평산동,600,600,0,양산천성산한일유앤아이아파트,84.9568,202110,28,"19,800",25,2008,평산로 116,,-,-
경상남도 양산시 평산동,1199,1199,0,양산코아루,84.9364,202110,12,"24,800",15,2008,평산북로 54,,-,-
경상남도 양산시 평산동,1202,1202,0,양산평산동삼한사랑채,59.9273,202110,7,"19,000",4,2017,평산로 101-20,,-,-
경상남도 양산시 평산동,1202,1202,0,양산평산동삼한사랑채,59.9273,202110,8,"17,200",3,2017,평산로 101-20,,-,-
경상남도 양산시 평산동,1202,1202,0,양산평산동삼한사랑채,50.9822,202110,9,"14,100",1,2017,평산로 101-20,,-,-
경상남도 양산시 평산동,1202,1202,0,양산평산동삼한사랑채,59.9273,202110,14,"17,300",3,2017,평산로 101-20,,-,-
경상남도 양산시 평산동,1202,1202,0,양산평산동삼한사랑채,73.8485,202110,16,"20,800",5,2017,평산로 101-20,,-,-
경상남도 양산시 평산동,Feb-83,83,2,장원하이드파크,55.1067,202110,2,"9,900",7,2015,평산6길 22,,-,-
경상남도 양산시 평산동,564,564,0,태원,84.66,202110,4,"13,000",16,1993,신명로 73,,-,-
경상남도 양산시 평산동,564,564,0,태원,58.84,202110,5,"7,250",8,1993,신명로 73,,-,-
경상남도 양산시 평산동,564,564,0,태원,58.84,202110,5,"6,500",5,1993,신명로 73,,-,-
경상남도 양산시 평산동,564,564,0,태원,74.53,202110,6,"7,400",5,1993,신명로 73,,-,-
경상남도 양산시 평산동,564,564,0,태원,116.5,202110,7,"16,300",5,1993,신명로 73,,-,-
경상남도 양산시 평산동,564,564,0,태원,116.5,202110,7,"16,300",5,1993,신명로 73,,-,-
경상남도 양산시 평산동,564,564,0,태원,116.5,202110,8,"14,700",19,1993,신명로 73,,-,-
경상남도 양산시 평산동,564,564,0,태원,116.5,202110,9,"15,000",9,1993,신명로 73,,-,-
경상남도 양산시 평산동,564,564,0,태원,58.84,202110,11,"7,000",18,1993,신명로 73,,-,-
경상남도 양산시 평산동,564,564,0,태원,116.5,202110,14,"14,400",10,1993,신명로 73,,-,-
경상남도 양산시 평산동,564,564,0,태원,84.66,202110,15,"10,500",1,1993,신명로 73,,-,-
경상남도 양산시 평산동,564,564,0,태원,116.5,202110,15,"13,500",12,1993,신명로 73,,-,-
경상남도 양산시 평산동,564,564,0,태원,116.5,202110,20,"14,500",14,1993,신명로 73,,-,-
경상남도 양산시 평산동,564,564,0,태원,116.5,202110,30,"16,700",17,1993,신명로 73,,-,-
경상남도 양산시 평산동,564,564,0,태원,74.53,202110,30,"8,800",17,1993,신명로 73,,-,-
경상남도 양산시 하북면 초산리,60,60,0,대영맨션,81.72,202110,15,"6,500",4,1989,지곡1길 8,,-,-
경상남도 의령군 부림면 신반리,380-1,380,1,상진들국화맨션,82.08,202110,6,"8,400",11,1991,대한로 1780,,-,-
경상남도 의령군 부림면 신반리,524-1,524,1,신반유니빌,68.32,202110,21,"8,500",3,2007,신번로9길 19,,-,-
경상남도 의령군 의령읍 동동리,1046-1,1046,1,우진빌라,79.9,202110,2,"6,800",1,1991,백산로3길 5,,-,-
경상남도 의령군 의령읍 중동리,395,395,0,진승VIEW주상복합아파트,84.16,202110,5,"24,000",11,2018,의병로22길 7-7,,-,-
경상남도 의령군 의령읍 중동리,395,395,0,진승VIEW주상복합아파트,84.16,202110,11,"24,000",13,2018,의병로22길 7-7,,-,-
경상남도 진주시 가좌동,660,660,0,가좌주공1차,44.94,202110,4,"11,500",2,1993,가호로 26,,-,-
경상남도 진주시 가좌동,660,660,0,가좌주공1차,44.94,202110,4,"12,500",4,1993,가호로 26,,-,-
경상남도 진주시 가좌동,660,660,0,가좌주공1차,38.64,202110,9,"10,000",15,1993,가호로 26,,-,-
경상남도 진주시 가좌동,660,660,0,가좌주공1차,49.94,202110,9,"15,200",7,1993,가호로 26,,-,-
경상남도 진주시 가좌동,660,660,0,가좌주공1차,49.94,202110,10,"15,000",11,1993,가호로 26,,-,-
경상남도 진주시 가좌동,660,660,0,가좌주공1차,41.3,202110,11,"11,500",12,1993,가호로 26,,-,-
경상남도 진주시 가좌동,660,660,0,가좌주공1차,49.94,202110,11,"14,700",11,1993,가호로 26,,-,-
경상남도 진주시 가좌동,660,660,0,가좌주공1차,49.94,202110,13,"12,950",1,1993,가호로 26,,-,-
경상남도 진주시 가좌동,660,660,0,가좌주공1차,41.3,202110,16,"11,600",2,1993,가호로 26,,-,-
경상남도 진주시 가좌동,660,660,0,가좌주공1차,41.3,202110,16,"11,200",2,1993,가호로 26,,-,-
경상남도 진주시 가좌동,660,660,0,가좌주공1차,38.64,202110,18,"9,470",1,1993,가호로 26,,-,-
경상남도 진주시 가좌동,660,660,0,가좌주공1차,41.3,202110,20,"12,150",15,1993,가호로 26,,-,-
경상남도 진주시 가좌동,660,660,0,가좌주공2차,44.94,202110,4,"12,700",3,1993,가호로 26,,-,-
경상남도 진주시 가좌동,660,660,0,가좌주공2차,44.94,202110,22,"13,200",15,1993,가호로 26,,-,-
경상남도 진주시 가좌동,1936,1936,0,가호에일린의뜰,77.8216,202110,2,"29,900",7,2012,강변길 31,,-,-
경상남도 진주시 가좌동,1936,1936,0,가호에일린의뜰,77.8216,202110,6,"28,200",2,2012,강변길 31,,-,-
경상남도 진주시 가좌동,1936,1936,0,가호에일린의뜰,77.8216,202110,9,"29,500",14,2012,강변길 31,,-,-
경상남도 진주시 가좌동,721-1,721,1,대화리네르빌,82.3136,202110,27,"21,500",4,2007,진주대로 652-15,,-,-
경상남도 진주시 가좌동,442,442,0,센트렐웰가,75.7795,202110,24,"49,900",18,2018,진주역로73번길 33,,-,-
경상남도 진주시 가좌동,1958,1958,0,스카이시티프라디움,84.991,202110,2,"46,700",4,2019,개양로 100,,-,-
경상남도 진주시 가좌동,1958,1958,0,스카이시티프라디움,84.9898,202110,3,"51,000",24,2019,개양로 100,,-,-
경상남도 진주시 가좌동,1958,1958,0,스카이시티프라디움,84.9898,202110,4,"48,800",13,2019,개양로 100,,-,-
경상남도 진주시 가좌동,1958,1958,0,스카이시티프라디움,84.9818,202110,6,"53,000",15,2019,개양로 100,,-,-
경상남도 진주시 가좌동,1958,1958,0,스카이시티프라디움,84.9898,202110,9,"55,800",31,2019,개양로 100,,-,-
경상남도 진주시 가좌동,1958,1958,0,스카이시티프라디움,84.9898,202110,15,"55,700",33,2019,개양로 100,,-,-
경상남도 진주시 가좌동,1958,1958,0,스카이시티프라디움,84.991,202110,21,"52,800",24,2019,개양로 100,,-,-
경상남도 진주시 가좌동,573-1,573,1,주공그린빌,59.27,202110,1,"18,900",15,2005,내동로348번길 10,,-,-
경상남도 진주시 가좌동,573-1,573,1,주공그린빌,84.9,202110,3,"24,000",11,2005,내동로348번길 10,,-,-
경상남도 진주시 가좌동,573-1,573,1,주공그린빌,59.27,202110,7,"18,000",18,2005,내동로348번길 10,,-,-
경상남도 진주시 가좌동,573-1,573,1,주공그린빌,59.27,202110,7,"18,300",14,2005,내동로348번길 10,,-,-
경상남도 진주시 가좌동,573-1,573,1,주공그린빌,51.74,202110,7,"16,300",2,2005,내동로348번길 10,,-,-
경상남도 진주시 가좌동,573-1,573,1,주공그린빌,51.74,202110,8,"17,100",11,2005,내동로348번길 10,,-,-
경상남도 진주시 가좌동,573-1,573,1,주공그린빌,59.27,202110,9,"19,500",12,2005,내동로348번길 10,,-,-
경상남도 진주시 가좌동,573-1,573,1,주공그린빌,84.9,202110,9,"24,000",15,2005,내동로348번길 10,,-,-
경상남도 진주시 가좌동,573-1,573,1,주공그린빌,51.74,202110,10,"16,500",16,2005,내동로348번길 10,,-,-
경상남도 진주시 가좌동,573-1,573,1,주공그린빌,59.27,202110,12,"17,800",12,2005,내동로348번길 10,,-,-
경상남도 진주시 가좌동,573-1,573,1,주공그린빌,51.74,202110,13,"17,300",13,2005,내동로348번길 10,,-,-
경상남도 진주시 가좌동,573-1,573,1,주공그린빌,84.9,202110,16,"27,700",15,2005,내동로348번길 10,,-,-
경상남도 진주시 가좌동,573-1,573,1,주공그린빌,51.74,202110,20,"17,500",12,2005,내동로348번길 10,,-,-
경상남도 진주시 가좌동,573-1,573,1,주공그린빌,59.27,202110,20,"17,900",15,2005,내동로348번길 10,,-,-
경상남도 진주시 가좌동,573-1,573,1,주공그린빌,59.27,202110,22,"19,300",6,2005,내동로348번길 10,,-,-
경상남도 진주시 가좌동,573-1,573,1,주공그린빌,84.9,202110,23,"25,000",7,2005,내동로348번길 10,,-,-
경상남도 진주시 가좌동,573-1,573,1,주공그린빌,51.74,202110,23,"17,500",10,2005,내동로348번길 10,,-,-
경상남도 진주시 가좌동,573-1,573,1,주공그린빌,59.27,202110,23,"19,000",8,2005,내동로348번길 10,,-,-
경상남도 진주시 강남동,233,233,0,대경강남타운,33.6,202110,17,"8,250",20,1997,진주대로891번길 16,,-,-
경상남도 진주시 강남동,219,219,0,동성가든타워,127.825,202110,15,"19,000",7,1994,진주대로 901,,-,-
경상남도 진주시 강남동,387,387,0,진주강남동일동미라주,84.9806,202110,7,"39,800",18,2021,진주대로891번길 56,,-,-
경상남도 진주시 강남동,387,387,0,진주강남동일동미라주,84.9831,202110,22,"39,200",33,2021,진주대로891번길 56,,-,-
경상남도 진주시 강남동,387,387,0,진주강남동일동미라주,84.9831,202110,22,"38,000",13,2021,진주대로891번길 56,,-,-
경상남도 진주시 강남동,387,387,0,진주강남동일동미라주,84.9831,202110,27,"35,000",11,2021,진주대로891번길 56,,-,-
경상남도 진주시 강남동,170,170,0,한주한보,84.14,202110,5,"16,700",8,1995,망경로296번길 17,,-,-
경상남도 진주시 강남동,170,170,0,한주한보,84.14,202110,15,"17,400",3,1995,망경로296번길 17,,-,-
경상남도 진주시 강남동,170,170,0,한주한보,84.14,202110,27,"15,350",1,1995,망경로296번길 17,,-,-
경상남도 진주시 금산면 장사리,768,768,0,금산e편한세상,84.9746,202110,1,"22,000",10,2008,금산순환로80번길 16,,-,-
경상남도 진주시 금산면 장사리,768,768,0,금산e편한세상,125.5173,202110,5,"23,500",2,2008,금산순환로80번길 16,,-,-
경상남도 진주시 금산면 장사리,768,768,0,금산e편한세상,121.9893,202110,8,"21,000",10,2008,금산순환로80번길 16,,-,-
경상남도 진주시 금산면 장사리,963-1,963,1,금산느티나무,59.42,202110,4,"11,400",16,2003,중천로 74,,-,-
경상남도 진주시 금산면 장사리,963-1,963,1,금산느티나무,59.42,202110,5,"10,400",10,2003,중천로 74,,-,-
경상남도 진주시 금산면 장사리,963-1,963,1,금산느티나무,74.88,202110,9,"11,000",1,2003,중천로 74,,-,-
경상남도 진주시 금산면 장사리,963-1,963,1,금산느티나무,84.74,202110,16,"16,100",7,2003,중천로 74,,-,-
경상남도 진주시 금산면 장사리,963-1,963,1,금산느티나무,59.42,202110,16,"11,800",15,2003,중천로 74,,-,-
경상남도 진주시 금산면 장사리,965-1,965,1,금산아이파크,84.17,202110,7,"18,800",14,2004,중천로 82,,-,-
경상남도 진주시 금산면 장사리,965-1,965,1,금산아이파크,84.17,202110,7,"18,800",14,2004,중천로 82,20211013,-,-
경상남도 진주시 금산면 장사리,965-1,965,1,금산아이파크,59.78,202110,12,"15,600",16,2004,중천로 82,,-,-
경상남도 진주시 금산면 장사리,965-1,965,1,금산아이파크,84.17,202110,16,"18,600",6,2004,중천로 82,,-,-
경상남도 진주시 금산면 장사리,965-1,965,1,금산아이파크,84.17,202110,16,"19,100",8,2004,중천로 82,,-,-
경상남도 진주시 금산면 장사리,965-1,965,1,금산아이파크,84.17,202110,23,"19,800",4,2004,중천로 82,,-,-
경상남도 진주시 금산면 장사리,1000,1000,0,금산흥한골든빌,58.12,202110,1,"11,000",10,2002,금산로 123,,-,-
경상남도 진주시 금산면 장사리,1000,1000,0,금산흥한골든빌,37.84,202110,2,"5,200",10,2002,금산로 123,,-,-
경상남도 진주시 금산면 장사리,1000,1000,0,금산흥한골든빌,73.61,202110,4,"12,800",10,2002,금산로 123,,-,-
경상남도 진주시 금산면 장사리,1000,1000,0,금산흥한골든빌,73.61,202110,7,"14,500",11,2002,금산로 123,,-,-
경상남도 진주시 금산면 장사리,1000,1000,0,금산흥한골든빌,37.84,202110,8,"5,250",10,2002,금산로 123,,-,-
경상남도 진주시 금산면 장사리,1000,1000,0,금산흥한골든빌,48.31,202110,8,"8,500",11,2002,금산로 123,,-,-
경상남도 진주시 금산면 장사리,1000,1000,0,금산흥한골든빌,37.84,202110,9,"5,000",6,2002,금산로 123,,-,-
경상남도 진주시 금산면 장사리,1000,1000,0,금산흥한골든빌,48.31,202110,12,"7,000",13,2002,금산로 123,,-,-
경상남도 진주시 금산면 장사리,1000,1000,0,금산흥한골든빌,73.61,202110,13,"11,950",15,2002,금산로 123,,-,-
경상남도 진주시 금산면 장사리,1000,1000,0,금산흥한골든빌,58.12,202110,14,"9,700",9,2002,금산로 123,,-,-
경상남도 진주시 금산면 장사리,1000,1000,0,금산흥한골든빌,84.88,202110,16,"15,100",13,2002,금산로 123,,-,-
경상남도 진주시 금산면 장사리,1000,1000,0,금산흥한골든빌,58.12,202110,17,"11,100",15,2002,금산로 123,,-,-
경상남도 진주시 금산면 장사리,1000,1000,0,금산흥한골든빌,48.31,202110,21,"7,850",7,2002,금산로 123,,-,-
경상남도 진주시 금산면 장사리,1000,1000,0,금산흥한골든빌,84.88,202110,23,"15,700",15,2002,금산로 123,,-,-
경상남도 진주시 금산면 장사리,1000,1000,0,금산흥한골든빌,48.31,202110,29,"7,900",11,2002,금산로 123,,-,-
경상남도 진주시 금산면 장사리,705,705,0,두산위브,84.991,202110,5,"21,200",6,2009,중장로154번길 49,,-,-
경상남도 진주시 금산면 장사리,705,705,0,두산위브,112.897,202110,5,"24,000",1,2009,중장로154번길 49,,-,-
경상남도 진주시 금산면 장사리,705,705,0,두산위브,112.397,202110,5,"23,300",3,2009,중장로154번길 49,,-,-
경상남도 진주시 금산면 장사리,705,705,0,두산위브,170.356,202110,7,"33,000",2,2009,중장로154번길 49,,-,-
경상남도 진주시 금산면 장사리,705,705,0,두산위브,84.991,202110,11,"21,400",16,2009,중장로154번길 49,,-,-
경상남도 진주시 금산면 장사리,705,705,0,두산위브,112.897,202110,18,"24,000",18,2009,중장로154번길 49,,-,-
경상남도 진주시 금산면 장사리,705,705,0,두산위브,113.801,202110,18,"24,900",15,2009,중장로154번길 49,,-,-
경상남도 진주시 금산면 장사리,705,705,0,두산위브,84.995,202110,25,"19,500",4,2009,중장로154번길 49,,-,-
경상남도 진주시 금산면 장사리,705,705,0,두산위브,84.994,202110,29,"18,900",20,2009,중장로154번길 49,,-,-
경상남도 진주시 금산면 장사리,962-1,962,1,진주푸르지오1단지,84.9726,202110,2,"22,800",8,2007,덕의길 15,,-,-
경상남도 진주시 금산면 장사리,962-1,962,1,진주푸르지오1단지,84.9414,202110,2,"20,000",15,2007,덕의길 15,,-,-
경상남도 진주시 금산면 장사리,962-1,962,1,진주푸르지오1단지,84.9726,202110,9,"21,900",10,2007,덕의길 15,,-,-
경상남도 진주시 금산면 장사리,962-1,962,1,진주푸르지오1단지,84.9414,202110,24,"22,700",12,2007,덕의길 15,,-,-
경상남도 진주시 금산면 장사리,964-1,964,1,진주푸르지오2단지,84.9414,202110,9,"23,200",20,2007,덕의길 11,,-,-
경상남도 진주시 금산면 중천리,02월 06일,2,6,금호맨션,77.9,202110,8,"6,300",3,1990,금산로 130,,-,-
경상남도 진주시 금산면 중천리,330,330,0,진흥더루벤스,84.9865,202110,9,"18,800",9,2009,금산로 22,,-,-
경상남도 진주시 금산면 중천리,330,330,0,진흥더루벤스,84.9865,202110,9,"17,900",5,2009,금산로 22,,-,-
경상남도 진주시 금산면 중천리,330,330,0,진흥더루벤스,84.9865,202110,9,"18,800",9,2009,금산로 22,20211102,-,-
경상남도 진주시 금산면 중천리,330,330,0,진흥더루벤스,122.956,202110,30,"22,900",13,2009,금산로 22,,-,-
경상남도 진주시 내동면 독산리,1104,1104,0,남강휴먼빌,84.9376,202110,7,"29,300",5,2010,순환로 425-61,,-,-
경상남도 진주시 망경동,253,253,0,망경한보타운,84.82,202110,12,"16,000",10,1997,망경로 234-5,,-,-
경상남도 진주시 망경동,253,253,0,망경한보타운,59.44,202110,21,"11,700",12,1997,망경로 234-5,,-,-
경상남도 진주시 망경동,253,253,0,망경한보타운,59.44,202110,24,"12,100",18,1997,망경로 234-5,,-,-
경상남도 진주시 망경동,253,253,0,망경한보타운,59.44,202110,27,"10,500",5,1997,망경로 234-5,,-,-
경상남도 진주시 명석면 우수리,110-1,110,1,동신,59.92,202110,9,"6,300",10,1992,광제산로 11-21,,-,-
경상남도 진주시 명석면 우수리,110-1,110,1,동신,59.92,202110,15,"5,100",2,1992,광제산로 11-21,,-,-
경상남도 진주시 명석면 우수리,110-1,110,1,동신,59.92,202110,17,"5,100",2,1992,광제산로 11-21,20211104,-,-
경상남도 진주시 명석면 우수리,102-1,102,1,명석블리시움아파트,81.7626,202110,1,"18,000",6,2020,광제산로26번길 5,,-,-
경상남도 진주시 명석면 우수리,102-1,102,1,명석블리시움아파트,81.6426,202110,22,"18,700",8,2020,광제산로26번길 5,,-,-
경상남도 진주시 문산읍 소문리,2421,2421,0,진주문산코아루,84.9867,202110,4,"23,000",24,2010,월아산로1117번길 5,,-,-
경상남도 진주시 문산읍 소문리,2421,2421,0,진주문산코아루,114.9123,202110,6,"27,800",3,2010,월아산로1117번길 5,,-,-
경상남도 진주시 문산읍 소문리,2421,2421,0,진주문산코아루,84.9867,202110,8,"23,000",6,2010,월아산로1117번길 5,,-,-
경상남도 진주시 문산읍 소문리,2421,2421,0,진주문산코아루,84.9867,202110,9,"21,000",24,2010,월아산로1117번길 5,,-,-
경상남도 진주시 문산읍 소문리,2421,2421,0,진주문산코아루,115.8775,202110,12,"29,600",22,2010,월아산로1117번길 5,,-,-
경상남도 진주시 문산읍 소문리,2421,2421,0,진주문산코아루,140.208,202110,16,"35,000",25,2010,월아산로1117번길 5,,-,-
경상남도 진주시 문산읍 소문리,2421,2421,0,진주문산코아루,84.9844,202110,22,"22,900",19,2010,월아산로1117번길 5,,-,-
경상남도 진주시 문산읍 소문리,2421,2421,0,진주문산코아루,84.9844,202110,23,"24,440",14,2010,월아산로1117번길 5,,-,-
경상남도 진주시 문산읍 소문리,2421,2421,0,진주문산코아루,84.591,202110,23,"23,000",3,2010,월아산로1117번길 5,,-,-
경상남도 진주시 상대동,249-1,249,1,동명,69.6462,202110,1,"19,700",3,2007,돗골로 165,,-,-
경상남도 진주시 상대동,304-4,304,4,상대한보타운,83.52,202110,7,"19,950",5,2002,도동천로 120,,-,-
경상남도 진주시 상대동,304-4,304,4,상대한보타운,59.88,202110,18,"15,500",2,2002,도동천로 120,,-,-
경상남도 진주시 상대동,772-1,772,1,새진주맨션,66.6,202110,12,"11,900",2,1986,모덕로64번길 12,,-,-
경상남도 진주시 상대동,472,472,0,현대,72.98,202110,13,"12,200",2,1991,모덕로181번길 7,,-,-
경상남도 진주시 상봉동,800-1,800,1,상봉1,40.44,202110,15,"9,500",3,1976,창렬로 129,,-,-
경상남도 진주시 상봉동,1446,1446,0,상봉2,53.85,202110,9,"9,200",1,1986,진주성로147번길 10,20211105,-,-
경상남도 진주시 상봉동,1096,1096,0,한주타운,84.63,202110,5,"16,000",19,1992,진주대로1208번길 20,,-,-
경상남도 진주시 상봉동,1096,1096,0,한주타운,74.95,202110,9,"15,200",8,1992,진주대로1208번길 20,,-,-
경상남도 진주시 상봉동,1096,1096,0,한주타운,84.63,202110,17,"16,000",16,1992,진주대로1208번길 20,,-,-
경상남도 진주시 상봉동,1096,1096,0,한주타운,84.63,202110,17,"16,300",19,1992,진주대로1208번길 20,,-,-
경상남도 진주시 상봉동,615-2,615,2,화인,83.435,202110,5,"12,000",10,1994,상봉대룡길 18,,-,-
경상남도 진주시 상봉동,615-2,615,2,화인,59.48,202110,7,"9,500",11,1994,상봉대룡길 18,,-,-
경상남도 진주시 상봉동,615-2,615,2,화인,65.07,202110,7,"7,900",11,1994,상봉대룡길 18,,-,-
경상남도 진주시 상평동,277-1,277,1,대림,84.46,202110,26,"12,800",9,1989,남강로 951,,-,-
경상남도 진주시 상평동,1068-1,1068,1,동일스위트,84.9164,202110,2,"21,900",4,2008,공단로 30,,-,-
경상남도 진주시 상평동,1068-1,1068,1,동일스위트,84.9164,202110,5,"20,900",25,2008,공단로 30,,-,-
경상남도 진주시 상평동,1068-1,1068,1,동일스위트,131.3163,202110,7,"25,700",5,2008,공단로 30,,-,-
경상남도 진주시 상평동,1068-1,1068,1,동일스위트,131.3163,202110,8,"27,100",3,2008,공단로 30,,-,-
경상남도 진주시 상평동,1068-1,1068,1,동일스위트,71.7507,202110,11,"19,000",17,2008,공단로 30,,-,-
경상남도 진주시 상평동,1068-1,1068,1,동일스위트,131.3163,202110,15,"26,300",5,2008,공단로 30,,-,-
경상남도 진주시 상평동,276-4,276,4,석류맨션,49.86,202110,21,"6,000",1,1987,공단로44번길 12,,-,-
경상남도 진주시 신안동,01월 27일,27,1,대경강변맨션,79.44,202110,2,"11,800",1,1991,남강로503번길 7,,-,-
경상남도 진주시 신안동,408-1,408,1,신안국제맨션,65.79,202110,11,"7,500",5,1987,석갑로 138,,-,-
경상남도 진주시 신안동,02월 12일,2,12,신안원정그린빌,59.99,202110,1,"14,700",5,2002,촉석로50번길 8,,-,-
경상남도 진주시 신안동,708-1,708,1,신안주공1,84.98,202110,9,"26,000",4,1998,신안들말길 17,,-,-
경상남도 진주시 신안동,708-1,708,1,신안주공1,84.53,202110,27,"25,000",6,1998,신안들말길 17,,-,-
경상남도 진주시 신안동,707-1,707,1,신안주공2,59.8,202110,1,"15,900",3,1996,신안들말길 47,,-,-
경상남도 진주시 신안동,707-1,707,1,신안주공2,59.8,202110,2,"17,000",12,1996,신안들말길 47,,-,-
경상남도 진주시 신안동,707-1,707,1,신안주공2,59.8,202110,5,"13,300",1,1996,신안들말길 47,,-,-
경상남도 진주시 신안동,707-1,707,1,신안주공2,39.99,202110,7,"10,800",14,1996,신안들말길 47,,-,-
경상남도 진주시 신안동,707-1,707,1,신안주공2,49.97,202110,7,"11,800",1,1996,신안들말길 47,,-,-
경상남도 진주시 신안동,707-1,707,1,신안주공2,39.99,202110,7,"9,700",3,1996,신안들말길 47,,-,-
경상남도 진주시 신안동,707-1,707,1,신안주공2,39.99,202110,7,"11,000",2,1996,신안들말길 47,,-,-
경상남도 진주시 신안동,707-1,707,1,신안주공2,59.8,202110,9,"15,800",4,1996,신안들말길 47,,-,-
경상남도 진주시 신안동,707-1,707,1,신안주공2,59.8,202110,10,"16,000",11,1996,신안들말길 47,,-,-
경상남도 진주시 신안동,707-1,707,1,신안주공2,59.8,202110,11,"16,750",14,1996,신안들말길 47,,-,-
경상남도 진주시 신안동,707-1,707,1,신안주공2,49.97,202110,12,"11,600",2,1996,신안들말길 47,,-,-
경상남도 진주시 신안동,707-1,707,1,신안주공2,59.8,202110,12,"15,600",11,1996,신안들말길 47,20211101,-,-
경상남도 진주시 신안동,707-1,707,1,신안주공2,59.8,202110,12,"15,600",11,1996,신안들말길 47,,-,-
경상남도 진주시 신안동,707-1,707,1,신안주공2,49.97,202110,14,"12,800",4,1996,신안들말길 47,,-,-
경상남도 진주시 신안동,707-1,707,1,신안주공2,39.99,202110,16,"10,000",5,1996,신안들말길 47,,-,-
경상남도 진주시 신안동,707-1,707,1,신안주공2,39.99,202110,18,"10,900",6,1996,신안들말길 47,,-,-
경상남도 진주시 신안동,707-1,707,1,신안주공2,39.99,202110,18,"10,800",6,1996,신안들말길 47,,-,-
경상남도 진주시 신안동,707-1,707,1,신안주공2,59.8,202110,26,"16,300",5,1996,신안들말길 47,,-,-
경상남도 진주시 신안동,707-1,707,1,신안주공2,59.8,202110,28,"15,900",5,1996,신안들말길 47,,-,-
경상남도 진주시 신안동,707-1,707,1,신안주공2,59.8,202110,28,"15,000",15,1996,신안들말길 47,,-,-
경상남도 진주시 신안동,705-1,705,1,신안주공3,59.8,202110,8,"15,800",11,1997,석갑로 58,,-,-
경상남도 진주시 신안동,705-1,705,1,신안주공3,59.8,202110,10,"16,400",12,1997,석갑로 58,,-,-
경상남도 진주시 신안동,705-1,705,1,신안주공3,59.8,202110,11,"16,000",14,1997,석갑로 58,,-,-
경상남도 진주시 신안동,705-1,705,1,신안주공3,59.8,202110,15,"16,500",11,1997,석갑로 58,,-,-
경상남도 진주시 신안동,705-1,705,1,신안주공3,59.8,202110,17,"16,400",4,1997,석갑로 58,,-,-
경상남도 진주시 신안동,705-1,705,1,신안주공3,39.99,202110,17,"9,700",8,1997,석갑로 58,,-,-
경상남도 진주시 신안동,705-1,705,1,신안주공3,49.96,202110,18,"13,600",14,1997,석갑로 58,,-,-
경상남도 진주시 신안동,705-1,705,1,신안주공3,59.8,202110,18,"16,500",5,1997,석갑로 58,,-,-
경상남도 진주시 신안동,705-1,705,1,신안주공3,49.96,202110,19,"14,400",8,1997,석갑로 58,,-,-
경상남도 진주시 신안동,705-1,705,1,신안주공3,39.99,202110,27,"10,000",2,1997,석갑로 58,,-,-
경상남도 진주시 신안동,705-1,705,1,신안주공3,59.8,202110,28,"15,000",10,1997,석갑로 58,,-,-
경상남도 진주시 신안동,454-2,454,2,평거현대2,59.92,202110,2,"16,000",9,1994,신안들말길 58,,-,-
경상남도 진주시 신안동,454-2,454,2,평거현대2,59.92,202110,18,"17,000",15,1994,신안들말길 58,,-,-
경상남도 진주시 신안동,454-2,454,2,평거현대2,84.832,202110,22,"20,100",4,1994,신안들말길 58,,-,-
경상남도 진주시 신안동,04월 28일,28,4,한보타워,80.9,202110,16,"11,200",5,1991,남강로491번길 12,,-,-
경상남도 진주시 신안동,04월 28일,28,4,한보타워,79.26,202110,20,"14,000",1,1991,남강로491번길 12,,-,-
경상남도 진주시 신안동,04월 28일,28,4,한보타워,79.26,202110,30,"12,000",6,1991,남강로491번길 12,,-,-
경상남도 진주시 신안동,Apr-34,34,4,한주빌라,130.47,202110,7,"21,300",3,1996,남강로477번길 7,,-,-
경상남도 진주시 신안동,33-16,33,16,한주파크맨션,83.79,202110,8,"16,200",5,1990,남강로 479,,-,-
경상남도 진주시 신안동,20,20,0,현대,70.96,202110,21,"13,000",4,1989,천수로 315,,-,-
경상남도 진주시 신안동,01월 14일,14,1,흥한스위트,59.73,202110,11,"11,600",5,1998,신안로 94,,-,-
경상남도 진주시 신안동,01월 14일,14,1,흥한스위트,84.87,202110,19,"16,400",4,1998,신안로 94,,-,-
경상남도 진주시 신안동,454-1,454,1,흥한타운1,59.73,202110,13,"13,000",9,1993,진양호로328번길 4,,-,-
경상남도 진주시 신안동,454-1,454,1,흥한타운1,59.73,202110,15,"12,000",4,1993,진양호로328번길 4,,-,-
경상남도 진주시 신안동,454-4,454,4,흥한타운2,59.935,202110,15,"14,300",11,1995,평거로139번길 11-3,,-,-
경상남도 진주시 옥봉동,805-3,805,3,남강한주,59.94,202110,5,"12,500",7,2000,남강로736번길 6-3,,-,-
경상남도 진주시 옥봉동,805-3,805,3,남강한주,59.82,202110,21,"12,500",12,2000,남강로736번길 6-3,,-,-
경상남도 진주시 옥봉동,176-1,176,1,대림,84.2,202110,1,"9,000",6,1993,향교로115번길 10,,-,-
경상남도 진주시 이현동,11-31,11,31,경남맨션,77.83,202110,6,"7,400",5,1988,평거로 293,,-,-
경상남도 진주시 이현동,270,270,0,우신파크맨션,83.64,202110,1,"9,350",7,1992,숙호산로 8,,-,-
경상남도 진주시 이현동,08월 01일,8,1,이현주공,49.22,202110,4,"16,700",4,1983,서장대로 235,,-,-
경상남도 진주시 이현동,08월 01일,8,1,이현주공,48.6,202110,7,"17,000",5,1983,서장대로 235,,-,-
경상남도 진주시 이현동,08월 01일,8,1,이현주공,48.6,202110,20,"14,000",1,1983,서장대로 235,,-,-
경상남도 진주시 이현동,08월 01일,8,1,이현주공,48.6,202110,20,"14,400",5,1983,서장대로 235,,-,-
경상남도 진주시 이현동,08월 01일,8,1,이현주공,48.6,202110,21,"15,700",3,1983,서장대로 235,,-,-
경상남도 진주시 이현동,1180,1180,0,이현하이클래스웰가,84.07,202110,12,"31,000",6,2008,진주대로 1317,,-,-
경상남도 진주시 이현동,1180,1180,0,이현하이클래스웰가,75.07,202110,12,"18,800",2,2008,진주대로 1317,,-,-
경상남도 진주시 이현동,1180,1180,0,이현하이클래스웰가,75.07,202110,25,"25,000",7,2008,진주대로 1317,,-,-
경상남도 진주시 이현동,1180,1180,0,이현하이클래스웰가,84.98,202110,31,"27,000",7,2008,진주대로 1317,,-,-
경상남도 진주시 일반성면 창촌리,617-4,617,4,대주엘리시안,59.142,202110,19,"9,080",4,2016,동부로1959번길 11,,-,-
경상남도 진주시 일반성면 창촌리,617-4,617,4,대주엘리시안,58.284,202110,19,"8,980",10,2016,동부로1959번길 11,,-,-
경상남도 진주시 일반성면 창촌리,617-4,617,4,대주엘리시안,58.284,202110,19,"8,980",4,2016,동부로1959번길 11,,-,-
경상남도 진주시 일반성면 창촌리,617-4,617,4,대주엘리시안,58.284,202110,19,"8,980",3,2016,동부로1959번길 11,,-,-
경상남도 진주시 정촌면 예하리,1296,1296,0,진주우방아이유쉘,84.9758,202110,3,"28,700",5,2017,삼일로 13,,-,-
경상남도 진주시 정촌면 예하리,1296,1296,0,진주우방아이유쉘,84.9756,202110,16,"30,000",12,2017,삼일로 13,,-,-
경상남도 진주시 정촌면 예하리,1296,1296,0,진주우방아이유쉘,84.9578,202110,16,"30,300",11,2017,삼일로 13,20211026,-,-
경상남도 진주시 정촌면 예하리,1296,1296,0,진주우방아이유쉘,84.9758,202110,16,"30,000",6,2017,삼일로 13,,-,-
경상남도 진주시 정촌면 예하리,1296,1296,0,진주우방아이유쉘,84.9578,202110,16,"30,300",11,2017,삼일로 13,,-,-
경상남도 진주시 정촌면 예하리,1286,1286,0,진주정촌대경파미르아파트,84.9426,202110,7,"33,500",11,2019,삼일로106번길 8,,-,-
경상남도 진주시 정촌면 예하리,1286,1286,0,진주정촌대경파미르아파트,84.9426,202110,7,"34,800",18,2019,삼일로106번길 8,,-,-
경상남도 진주시 정촌면 예하리,1286,1286,0,진주정촌대경파미르아파트,84.9625,202110,15,"35,000",16,2019,삼일로106번길 8,,-,-
경상남도 진주시 정촌면 예하리,1286,1286,0,진주정촌대경파미르아파트,66.1957,202110,23,"28,700",17,2019,삼일로106번길 8,,-,-
경상남도 진주시 정촌면 예하리,1286,1286,0,진주정촌대경파미르아파트,84.9426,202110,25,"34,500",18,2019,삼일로106번길 8,,-,-
경상남도 진주시 주약동,407-1,407,1,금호석류,84.87,202110,1,"23,500",17,1999,강남로 45,,-,-
경상남도 진주시 주약동,407-1,407,1,금호석류,84.87,202110,8,"25,000",18,1999,강남로 45,,-,-
경상남도 진주시 주약동,407-1,407,1,금호석류,84.87,202110,8,"23,000",20,1999,강남로 45,,-,-
경상남도 진주시 주약동,407-1,407,1,금호석류,84.87,202110,20,"22,800",12,1999,강남로 45,,-,-
경상남도 진주시 주약동,407-1,407,1,금호석류,59.99,202110,23,"19,200",5,1999,강남로 45,,-,-
경상남도 진주시 주약동,407-1,407,1,금호석류,84.87,202110,24,"25,000",14,1999,강남로 45,,-,-
경상남도 진주시 주약동,407-1,407,1,금호석류,84.87,202110,25,"20,000",1,1999,강남로 45,,-,-
경상남도 진주시 주약동,360-2,360,2,한보은빛마을,84.86,202110,7,"21,300",5,2002,천수로 30,,-,-
경상남도 진주시 주약동,360-2,360,2,한보은빛마을,84.86,202110,18,"18,000",11,2002,천수로 30,,-,-
경상남도 진주시 주약동,156,156,0,한주럭키타운,84.81,202110,2,"21,500",10,1990,진주대로 859,,-,-
경상남도 진주시 주약동,156,156,0,한주럭키타운,76.58,202110,17,"18,000",7,1990,진주대로 859,,-,-
경상남도 진주시 주약동,156,156,0,한주럭키타운,84.81,202110,23,"20,800",1,1990,진주대로 859,,-,-
경상남도 진주시 주약동,360,360,0,현대,59.92,202110,3,"18,500",2,2000,진주대로815번길 11,,-,-
경상남도 진주시 주약동,360,360,0,현대,59.92,202110,3,"18,500",2,2000,진주대로815번길 11,,-,-
경상남도 진주시 주약동,360,360,0,현대,59.92,202110,13,"18,500",9,2000,진주대로815번길 11,,-,-
경상남도 진주시 주약동,360,360,0,현대,102.68,202110,15,"26,000",9,2000,진주대로815번길 11,,-,-
경상남도 진주시 주약동,360,360,0,현대,59.92,202110,16,"18,200",3,2000,진주대로815번길 11,,-,-
경상남도 진주시 주약동,360,360,0,현대,59.92,202110,16,"18,100",4,2000,진주대로815번길 11,,-,-
경상남도 진주시 주약동,156-1,156,1,현대성우트리팰리스,134.53,202110,30,"27,850",10,2006,진주대로879번길 19,,-,-
경상남도 진주시 집현면 봉강리,249,249,0,현대금빛마을,84.876,202110,1,"8,000",8,2000,진산로 675,,-,-
경상남도 진주시 집현면 봉강리,249,249,0,현대금빛마을,59.28,202110,4,"8,000",15,2000,진산로 675,,-,-
경상남도 진주시 집현면 봉강리,249,249,0,현대금빛마을,59.28,202110,7,"6,400",15,2000,진산로 675,,-,-
경상남도 진주시 집현면 봉강리,249,249,0,현대금빛마을,84.876,202110,19,"12,500",9,2000,진산로 675,,-,-
경상남도 진주시 집현면 봉강리,249,249,0,현대금빛마을,84.876,202110,21,"11,750",6,2000,진산로 675,,-,-
경상남도 진주시 집현면 봉강리,249,249,0,현대금빛마을,59.28,202110,22,"6,900",5,2000,진산로 675,,-,-
경상남도 진주시 집현면 봉강리,249,249,0,현대금빛마을,84.876,202110,23,"9,700",14,2000,진산로 675,,-,-
경상남도 진주시 초전동,702-22,702,22,대림,79.29,202110,7,"14,400",6,1995,말티고개로 113,,-,-
경상남도 진주시 초전동,702-22,702,22,대림,84.44,202110,9,"14,500",13,1995,말티고개로 113,,-,-
경상남도 진주시 초전동,702-22,702,22,대림,59.91,202110,12,"10,500",11,1995,말티고개로 113,,-,-
경상남도 진주시 초전동,702-22,702,22,대림,59.91,202110,23,"9,700",5,1995,말티고개로 113,,-,-
경상남도 진주시 초전동,1673,1673,0,이지더원아파트,113.588,202110,1,"56,700",16,2018,초장로 120,,-,-
경상남도 진주시 초전동,1673,1673,0,이지더원아파트,73.2086,202110,11,"37,000",7,2018,초장로 120,,-,-
경상남도 진주시 초전동,1669,1669,0,진주초장엠코타운더이스턴파크,73.556,202110,2,"32,900",24,2014,초북로 77,,-,-
경상남도 진주시 초전동,1669,1669,0,진주초장엠코타운더이스턴파크,73.6669,202110,2,"30,800",13,2014,초북로 77,,-,-
경상남도 진주시 초전동,1640-1,1640,1,진주초전푸르지오1단지,101.977,202110,2,"37,000",1,2009,초장로14번길 27,,-,-
경상남도 진주시 초전동,1640-1,1640,1,진주초전푸르지오1단지,121.144,202110,11,"45,150",11,2009,초장로14번길 27,,-,-
경상남도 진주시 초전동,1640-1,1640,1,진주초전푸르지오1단지,84.77,202110,16,"38,000",11,2009,초장로14번길 27,,-,-
경상남도 진주시 초전동,1640-1,1640,1,진주초전푸르지오1단지,84.77,202110,27,"36,200",5,2009,초장로14번길 27,,-,-
경상남도 진주시 초전동,1637-1,1637,1,진주초전푸르지오2단지,125.029,202110,5,"46,000",17,2010,초장로14번길 29,,-,-
경상남도 진주시 초전동,1637-1,1637,1,진주초전푸르지오2단지,125.029,202110,6,"46,000",17,2010,초장로14번길 29,20211012,-,-
경상남도 진주시 초전동,1637-1,1637,1,진주초전푸르지오2단지,125.029,202110,8,"44,900",20,2010,초장로14번길 29,,-,-
경상남도 진주시 초전동,1637-1,1637,1,진주초전푸르지오2단지,101.977,202110,11,"38,000",3,2010,초장로14번길 29,,-,-
경상남도 진주시 초전동,1637-1,1637,1,진주초전푸르지오2단지,101.977,202110,21,"42,000",15,2010,초장로14번길 29,,-,-
경상남도 진주시 초전동,1431-3,1431,3,청구타운,59.99,202110,4,"13,500",3,1997,대신로475번길 16-5,,-,-
경상남도 진주시 초전동,1431-3,1431,3,청구타운,59.99,202110,4,"13,500",3,1997,대신로475번길 16-5,20211102,-,-
경상남도 진주시 초전동,1431-3,1431,3,청구타운,59.99,202110,7,"13,900",2,1997,대신로475번길 16-5,,-,-
경상남도 진주시 초전동,1431-3,1431,3,청구타운,59.99,202110,7,"14,500",4,1997,대신로475번길 16-5,,-,-
경상남도 진주시 초전동,1431-3,1431,3,청구타운,84.98,202110,8,"17,000",4,1997,대신로475번길 16-5,,-,-
경상남도 진주시 초전동,1431-3,1431,3,청구타운,134.97,202110,25,"21,000",7,1997,대신로475번길 16-5,,-,-
경상남도 진주시 초전동,1431-3,1431,3,청구타운,134.97,202110,25,"21,000",7,1997,대신로475번길 16-5,20211027,-,-
경상남도 진주시 초전동,1431-3,1431,3,청구타운,59.99,202110,26,"12,600",7,1997,대신로475번길 16-5,,-,-
경상남도 진주시 초전동,1667,1667,0,초전해모로루비채2단지,84.9671,202110,1,"36,000",14,2014,초북로 88,,-,-
경상남도 진주시 초전동,1667,1667,0,초전해모로루비채2단지,84.9671,202110,7,"37,000",19,2014,초북로 88,,-,-
경상남도 진주시 초전동,1667,1667,0,초전해모로루비채2단지,84.9671,202110,11,"38,800",15,2014,초북로 88,,-,-
경상남도 진주시 초전동,1667,1667,0,초전해모로루비채2단지,84.9671,202110,12,"38,600",6,2014,초북로 88,,-,-
경상남도 진주시 초전동,1667,1667,0,초전해모로루비채2단지,84.9671,202110,30,"34,000",12,2014,초북로 88,,-,-
경상남도 진주시 초전동,1670,1670,0,초전해모로루비채4단지,84.9671,202110,4,"36,800",19,2014,초북로 55,,-,-
경상남도 진주시 초전동,1670,1670,0,초전해모로루비채4단지,84.9908,202110,26,"38,000",1,2014,초북로 55,,-,-
경상남도 진주시 초전동,1670,1670,0,초전해모로루비채4단지,84.9671,202110,30,"36,000",19,2014,초북로 55,,-,-
경상남도 진주시 초전동,676-3,676,3,초전흥한,84.68,202110,13,"18,000",4,2001,초전남로 30,,-,-
경상남도 진주시 초전동,805,805,0,현대,84.955,202110,2,"17,300",1,1997,초전남로 60,,-,-
경상남도 진주시 초전동,805,805,0,현대,84.955,202110,4,"16,500",2,1997,초전남로 46,,-,-
경상남도 진주시 초전동,805,805,0,현대,84.955,202110,7,"16,400",1,1997,초전남로 60,,-,-
경상남도 진주시 초전동,805,805,0,현대,84.955,202110,11,"17,200",2,1997,초전남로 46,,-,-
경상남도 진주시 초전동,805,805,0,현대,84.955,202110,19,"18,900",6,1997,초전남로 46,,-,-
경상남도 진주시 초전동,1665,1665,0,힐스테이트초전,84.9196,202110,12,"53,000",32,2019,초북로 95,,-,-
경상남도 진주시 충무공동,296,296,0,진주혁신도시대방노블랜드더캐슬아파트,84.9899,202110,9,"62,700",2,2018,사들로 61,,-,-
경상남도 진주시 충무공동,195,195,0,진주혁신도시라온프라이빗아파트,84.9087,202110,7,"51,000",4,2017,대밭골로 92,,-,-
경상남도 진주시 충무공동,195,195,0,진주혁신도시라온프라이빗아파트,79.0385,202110,7,"47,000",8,2017,대밭골로 92,,-,-
경상남도 진주시 충무공동,195,195,0,진주혁신도시라온프라이빗아파트,84.9087,202110,7,"50,800",2,2017,대밭골로 92,,-,-
경상남도 진주시 충무공동,195,195,0,진주혁신도시라온프라이빗아파트,79.0385,202110,24,"51,700",22,2017,대밭골로 92,,-,-
경상남도 진주시 충무공동,191,191,0,진주혁신도시센텀리버파크,84.95,202110,1,"44,000",17,2013,사들로 157,,-,-
경상남도 진주시 충무공동,191,191,0,진주혁신도시센텀리버파크,75.54,202110,15,"42,000",18,2013,사들로 157,,-,-
경상남도 진주시 충무공동,191,191,0,진주혁신도시센텀리버파크,84.95,202110,16,"44,000",11,2013,사들로 157,,-,-
경상남도 진주시 충무공동,191,191,0,진주혁신도시센텀리버파크,75.76,202110,18,"42,700",20,2013,사들로 157,,-,-
경상남도 진주시 충무공동,191,191,0,진주혁신도시센텀리버파크,84.95,202110,20,"45,800",16,2013,사들로 157,,-,-
경상남도 진주시 충무공동,191,191,0,진주혁신도시센텀리버파크,84.95,202110,22,"44,600",16,2013,사들로 157,,-,-
경상남도 진주시 충무공동,191,191,0,진주혁신도시센텀리버파크,75.76,202110,28,"42,000",9,2013,사들로 157,,-,-
경상남도 진주시 충무공동,90,90,0,진주혁신도시중흥에스-클래스더프라임,97.7268,202110,2,"66,900",14,2019,소호로19번길 11,,-,-
경상남도 진주시 충무공동,90,90,0,진주혁신도시중흥에스-클래스더프라임,84.9912,202110,3,"58,000",18,2019,소호로19번길 11,,-,-
경상남도 진주시 충무공동,90,90,0,진주혁신도시중흥에스-클래스더프라임,84.9858,202110,8,"59,750",14,2019,소호로19번길 11,,-,-
경상남도 진주시 충무공동,90,90,0,진주혁신도시중흥에스-클래스더프라임,84.9858,202110,12,"57,000",20,2019,소호로19번길 11,,-,-
경상남도 진주시 충무공동,90,90,0,진주혁신도시중흥에스-클래스더프라임,84.9912,202110,16,"59,000",3,2019,소호로19번길 11,,-,-
경상남도 진주시 충무공동,90,90,0,진주혁신도시중흥에스-클래스더프라임,84.9858,202110,18,"59,900",24,2019,소호로19번길 11,,-,-
경상남도 진주시 충무공동,90,90,0,진주혁신도시중흥에스-클래스더프라임,84.9912,202110,23,"60,000",19,2019,소호로19번길 11,,-,-
경상남도 진주시 충무공동,77,77,0,한림풀에버,84.9088,202110,1,"46,000",21,2015,소호로 39,,-,-
경상남도 진주시 충무공동,77,77,0,한림풀에버,84.9644,202110,7,"47,000",10,2015,소호로 39,,-,-
경상남도 진주시 충무공동,77,77,0,한림풀에버,67.1597,202110,9,"36,000",2,2015,소호로 39,,-,-
경상남도 진주시 충무공동,77,77,0,한림풀에버,84.9088,202110,13,"38,500",3,2015,소호로 39,,-,-
경상남도 진주시 충무공동,77,77,0,한림풀에버,84.9644,202110,15,"50,000",16,2015,소호로 39,,-,-
경상남도 진주시 충무공동,77,77,0,한림풀에버,67.1597,202110,16,"38,800",3,2015,소호로 39,,-,-
경상남도 진주시 충무공동,77,77,0,한림풀에버,84.9088,202110,16,"48,000",17,2015,소호로 39,,-,-
경상남도 진주시 충무공동,77,77,0,한림풀에버,84.9088,202110,20,"45,100",2,2015,소호로 39,,-,-
경상남도 진주시 충무공동,77,77,0,한림풀에버,67.1597,202110,20,"37,900",3,2015,소호로 39,,-,-
경상남도 진주시 충무공동,77,77,0,한림풀에버,84.9644,202110,22,"50,700",13,2015,소호로 39,,-,-
경상남도 진주시 충무공동,77,77,0,한림풀에버,84.9088,202110,29,"43,800",1,2015,소호로 39,,-,-
경상남도 진주시 충무공동,77,77,0,한림풀에버,84.9088,202110,30,"50,000",25,2015,소호로 39,,-,-
경상남도 진주시 충무공동,230,230,0,혁신도시엘에이치4단지,84.95,202110,8,"42,800",6,2014,사들로 126,,-,-
경상남도 진주시 충무공동,230,230,0,혁신도시엘에이치4단지,84.95,202110,8,"42,000",11,2014,사들로 126,,-,-
경상남도 진주시 충무공동,230,230,0,혁신도시엘에이치4단지,84.95,202110,8,"41,800",7,2014,사들로 126,,-,-
경상남도 진주시 충무공동,230,230,0,혁신도시엘에이치4단지,84.95,202110,9,"41,300",10,2014,사들로 126,,-,-
경상남도 진주시 충무공동,230,230,0,혁신도시엘에이치4단지,84.95,202110,14,"43,000",18,2014,사들로 126,,-,-
경상남도 진주시 충무공동,230,230,0,혁신도시엘에이치4단지,84.95,202110,14,"44,800",13,2014,사들로 126,,-,-
경상남도 진주시 충무공동,230,230,0,혁신도시엘에이치4단지,84.95,202110,16,"43,700",16,2014,사들로 126,,-,-
경상남도 진주시 충무공동,230,230,0,혁신도시엘에이치4단지,84.95,202110,18,"41,000",15,2014,사들로 126,,-,-
경상남도 진주시 충무공동,230,230,0,혁신도시엘에이치4단지,84.95,202110,20,"43,000",8,2014,사들로 126,,-,-
경상남도 진주시 충무공동,230,230,0,혁신도시엘에이치4단지,84.95,202110,24,"42,900",20,2014,사들로 126,,-,-
경상남도 진주시 충무공동,230,230,0,혁신도시엘에이치4단지,84.95,202110,29,"35,000",12,2014,사들로 126,,-,-
경상남도 진주시 충무공동,234,234,0,혁신도시엘에이치5단지,84.95,202110,7,"40,500",6,2014,충의로 67,,-,-
경상남도 진주시 충무공동,234,234,0,혁신도시엘에이치5단지,84.95,202110,15,"42,800",14,2014,충의로 67,,-,-
경상남도 진주시 충무공동,300,300,0,혁신도시엘에이치아파트8단지,59.97,202110,4,"32,500",13,2015,사들로 35,,-,-
경상남도 진주시 충무공동,300,300,0,혁신도시엘에이치아파트8단지,59.97,202110,7,"31,000",8,2015,사들로 35,,-,-
경상남도 진주시 충무공동,300,300,0,혁신도시엘에이치아파트8단지,59.97,202110,8,"33,000",18,2015,사들로 35,,-,-
경상남도 진주시 충무공동,300,300,0,혁신도시엘에이치아파트8단지,59.97,202110,17,"30,800",3,2015,사들로 35,,-,-
경상남도 진주시 충무공동,302,302,0,혁신도시엘에이치아파트9단지,59.97,202110,2,"33,000",5,2017,사들로 13,,-,-
경상남도 진주시 충무공동,302,302,0,혁신도시엘에이치아파트9단지,59.97,202110,6,"35,000",17,2017,사들로 13,,-,-
경상남도 진주시 충무공동,302,302,0,혁신도시엘에이치아파트9단지,59.97,202110,7,"33,000",20,2017,사들로 13,,-,-
경상남도 진주시 충무공동,302,302,0,혁신도시엘에이치아파트9단지,59.97,202110,12,"33,000",4,2017,사들로 13,,-,-
경상남도 진주시 충무공동,302,302,0,혁신도시엘에이치아파트9단지,59.97,202110,19,"32,000",18,2017,사들로 13,,-,-
경상남도 진주시 충무공동,134,134,0,휴앤인엘리시움,84.7831,202110,5,"47,000",20,2019,에나로 100,,-,-
경상남도 진주시 충무공동,134,134,0,휴앤인엘리시움,117.768,202110,16,"57,000",10,2019,에나로 100,,-,-
경상남도 진주시 충무공동,134,134,0,휴앤인엘리시움,117.329,202110,21,"57,000",4,2019,에나로 100,,-,-
경상남도 진주시 칠암동,507-1,507,1,칠암대덕,59.97,202110,2,"13,800",5,2004,진주대로942번길 16,,-,-
경상남도 진주시 칠암동,507-1,507,1,칠암대덕,29.67,202110,5,"6,570",3,2004,진주대로942번길 16,,-,-
경상남도 진주시 판문동,269-13,269,13,현대,84.945,202110,10,"16,400",13,1992,진양호로51번길 6-7,,-,-
경상남도 진주시 평거동,141,141,0,건영아모리움,74.4647,202110,2,"28,200",23,2017,진양호로225번길 13,,-,-
경상남도 진주시 평거동,741-1,741,1,국민주택,33.39,202110,7,"5,350",8,1992,진양호로97번길 20,,-,-
경상남도 진주시 평거동,1130,1130,0,더퀸즈웰가,58.4018,202110,3,"32,500",20,2015,새평거로 25,,-,-
경상남도 진주시 평거동,1130,1130,0,더퀸즈웰가,58.7908,202110,9,"31,000",7,2015,새평거로 25,,-,-
경상남도 진주시 평거동,1130,1130,0,더퀸즈웰가,84.9163,202110,9,"49,800",19,2015,새평거로 25,,-,-
경상남도 진주시 평거동,1130,1130,0,더퀸즈웰가,58.7908,202110,12,"31,700",24,2015,새평거로 25,,-,-
경상남도 진주시 평거동,1130,1130,0,더퀸즈웰가,66.3912,202110,12,"34,500",21,2015,새평거로 25,,-,-
경상남도 진주시 평거동,1130,1130,0,더퀸즈웰가,58.4018,202110,14,"33,000",8,2015,새평거로 25,,-,-
경상남도 진주시 평거동,1130,1130,0,더퀸즈웰가,75.6705,202110,16,"40,700",1,2015,새평거로 25,,-,-
경상남도 진주시 평거동,1130,1130,0,더퀸즈웰가,65.6733,202110,26,"33,500",4,2015,새평거로 25,,-,-
경상남도 진주시 평거동,1130,1130,0,더퀸즈웰가,58.4018,202110,27,"34,600",30,2015,새평거로 25,,-,-
경상남도 진주시 평거동,190,190,0,들말대경,59.595,202110,1,"13,000",1,1998,석갑로53번길 10,,-,-
경상남도 진주시 평거동,190,190,0,들말대경,76.23,202110,2,"21,250",13,1998,석갑로53번길 10,,-,-
경상남도 진주시 평거동,190,190,0,들말대경,59.595,202110,4,"17,000",10,1998,석갑로53번길 10,,-,-
경상남도 진주시 평거동,190,190,0,들말대경,59.595,202110,7,"16,500",12,1998,석갑로53번길 10,,-,-
경상남도 진주시 평거동,190,190,0,들말대경,76.23,202110,8,"20,900",3,1998,석갑로53번길 10,,-,-
경상남도 진주시 평거동,190,190,0,들말대경,123.255,202110,10,"32,700",15,1998,석갑로53번길 10,,-,-
경상남도 진주시 평거동,190,190,0,들말대경,84.99,202110,16,"28,100",8,1998,석갑로53번길 10,20211028,-,-
경상남도 진주시 평거동,190,190,0,들말대경,84.99,202110,22,"26,800",4,1998,석갑로53번길 10,,-,-
경상남도 진주시 평거동,190,190,0,들말대경,123.255,202110,25,"33,000",8,1998,석갑로53번길 10,,-,-
경상남도 진주시 평거동,190,190,0,들말대경,84.99,202110,27,"28,100",8,1998,석갑로53번길 10,,-,-
경상남도 진주시 평거동,190,190,0,들말대경,59.595,202110,28,"16,900",14,1998,석갑로53번길 10,,-,-
경상남도 진주시 평거동,192-1,192,1,들말한보타운,150.59,202110,13,"35,500",3,1997,평거로39번길 9,,-,-
경상남도 진주시 평거동,192-1,192,1,들말한보타운,76.61,202110,19,"22,000",4,1997,평거로39번길 9,,-,-
경상남도 진주시 평거동,192-1,192,1,들말한보타운,59.8,202110,19,"18,500",11,1997,평거로39번길 9,,-,-
경상남도 진주시 평거동,192-1,192,1,들말한보타운,59.8,202110,26,"18,000",3,1997,평거로39번길 9,,-,-
경상남도 진주시 평거동,191-1,191,1,들말흥한타운,59.871,202110,2,"17,900",12,1998,석갑로 45,,-,-
경상남도 진주시 평거동,191-1,191,1,들말흥한타운,59.871,202110,2,"17,200",1,1998,석갑로 45,,-,-
경상남도 진주시 평거동,191-1,191,1,들말흥한타운,59.871,202110,9,"17,500",6,1998,석갑로 45,,-,-
경상남도 진주시 평거동,191-1,191,1,들말흥한타운,59.871,202110,27,"18,900",9,1998,석갑로 45,,-,-
경상남도 진주시 평거동,1132,1132,0,엠코타운더프라하,153.2116,202110,4,"81,000",7,2014,새평거로 30,,-,-
경상남도 진주시 평거동,1132,1132,0,엠코타운더프라하,100.8222,202110,4,"63,000",35,2014,새평거로 30,,-,-
경상남도 진주시 평거동,1132,1132,0,엠코타운더프라하,84.933,202110,13,"48,000",33,2014,새평거로 30,,-,-
경상남도 진주시 평거동,146,146,0,원정로얄팰리스,97.75,202110,7,"24,000",6,2005,진양호로225번길 8,,-,-
경상남도 진주시 평거동,919,919,0,진주평거엘크루,84.9195,202110,2,"56,400",12,2016,새평거로 112,,-,-
경상남도 진주시 평거동,919,919,0,진주평거엘크루,84.9624,202110,5,"53,000",10,2016,새평거로 112,,-,-
경상남도 진주시 평거동,919,919,0,진주평거엘크루,72.6786,202110,7,"42,500",8,2016,새평거로 112,,-,-
경상남도 진주시 평거동,1137,1137,0,진주평거우방아이유쉘스카이팰리스,84.2136,202110,2,"44,700",23,2019,진양호로 221,,-,-
경상남도 진주시 평거동,1137,1137,0,진주평거우방아이유쉘스카이팰리스,84.2136,202110,11,"43,000",30,2019,진양호로 221,,-,-
경상남도 진주시 평거동,1137,1137,0,진주평거우방아이유쉘스카이팰리스,84.2136,202110,15,"45,600",32,2019,진양호로 221,,-,-
경상남도 진주시 평거동,1137,1137,0,진주평거우방아이유쉘스카이팰리스,84.2136,202110,16,"44,000",10,2019,진양호로 221,,-,-
경상남도 진주시 평거동,1137,1137,0,진주평거우방아이유쉘스카이팰리스,84.2136,202110,24,"42,500",5,2019,진양호로 221,,-,-
경상남도 진주시 평거동,326,326,0,평거주공1차,46.68,202110,1,"15,000",4,1988,진양호로185번길 7,,-,-
경상남도 진주시 평거동,326,326,0,평거주공1차,46.68,202110,7,"15,000",3,1988,진양호로185번길 7,,-,-
경상남도 진주시 평거동,150-4,150,4,평거하우스토리,108.57,202110,2,"40,000",3,2009,진양호로239번길 13,,-,-
경상남도 진주시 평거동,897,897,0,평거휴먼시아3단지,84.98,202110,1,"36,000",12,2011,새평거로 111,,-,-
경상남도 진주시 평거동,897,897,0,평거휴먼시아3단지,84.95,202110,1,"42,900",10,2011,새평거로 111,,-,-
경상남도 진주시 평거동,897,897,0,평거휴먼시아3단지,84.98,202110,8,"37,500",2,2011,새평거로 111,,-,-
경상남도 진주시 평거동,897,897,0,평거휴먼시아3단지,84.95,202110,14,"35,700",1,2011,새평거로 111,,-,-
경상남도 진주시 평거동,797,797,0,평거휴먼시아4단지,84.98,202110,6,"35,000",4,2011,새평거로 75,,-,-
경상남도 진주시 평거동,797,797,0,평거휴먼시아4단지,84.95,202110,18,"34,500",2,2011,새평거로 75,,-,-
경상남도 진주시 평거동,797,797,0,평거휴먼시아4단지,84.98,202110,19,"36,500",3,2011,새평거로 75,,-,-
경상남도 진주시 평거동,797,797,0,평거휴먼시아4단지,84.95,202110,26,"40,950",15,2011,새평거로 75,,-,-
경상남도 진주시 평거동,742,742,0,하영그린맨션,67.98,202110,18,"8,700",6,1992,진양호로97번길 8-3,,-,-
경상남도 진주시 평거동,742,742,0,하영그린맨션,82.65,202110,26,"9,300",4,1992,진양호로97번길 8-3,,-,-
경상남도 진주시 평거동,345,345,0,하영무지개맨션,58.1,202110,1,"8,850",13,1993,진양호로 153,,-,-
경상남도 진주시 평거동,301-1,301,1,한보하이타운,84.51,202110,20,"14,000",13,1995,순환로553번길 7,,-,-
경상남도 진주시 평안동,47,47,0,진주롯데인벤스,146.83,202110,6,"36,500",10,2008,향교로 3,,-,-
경상남도 진주시 하대동,134-2,134,2,건일,51.61,202110,9,"5,600",2,1987,상대로119번길 20,,-,-
경상남도 진주시 하대동,134-2,134,2,건일,51.61,202110,20,"6,200",3,1987,상대로119번길 20,,-,-
경상남도 진주시 하대동,299-2,299,2,대경,59.85,202110,25,"7,100",15,1992,도동로264번길 31,,-,-
경상남도 진주시 하대동,107-3,107,3,대성주택조합,62.46,202110,17,"7,100",5,1985,모덕로 280,,-,-
경상남도 진주시 하대동,654-2,654,2,대영,65.97,202110,8,"10,100",14,1992,말티고개로 102-5,,-,-
경상남도 진주시 하대동,306-1,306,1,대화파크맨션,73.68,202110,19,"6,500",1,1991,하대로105번길 4,,-,-
경상남도 진주시 하대동,585-2,585,2,도동대림,84.23,202110,20,"17,000",14,1992,하대로40번길 4,,-,-
경상남도 진주시 하대동,111,111,0,도운,49.68,202110,14,"5,400",2,1986,남강로 1435,,-,-
경상남도 진주시 하대동,Mar-75,75,3,럭키강변,74.21,202110,6,"13,250",3,1991,남강로 1407,,-,-
경상남도 진주시 하대동,Mar-75,75,3,럭키강변,74.21,202110,13,"11,500",2,1991,남강로 1407,,-,-
경상남도 진주시 하대동,325,325,0,삼호맨션,76.55,202110,8,"9,500",1,1990,하대로106번길 13,,-,-
경상남도 진주시 하대동,72,72,0,상대주공,41.52,202110,2,"9,500",2,1980,상대로 101,,-,-
경상남도 진주시 하대동,72,72,0,상대주공,41.52,202110,5,"9,000",4,1980,상대로 101,,-,-
경상남도 진주시 하대동,72,72,0,상대주공,41.52,202110,5,"10,000",4,1980,상대로 101,,-,-
경상남도 진주시 하대동,72,72,0,상대주공,41.52,202110,5,"9,000",5,1980,상대로 101,,-,-
경상남도 진주시 하대동,72,72,0,상대주공,42.12,202110,9,"10,000",4,1980,상대로 101,,-,-
경상남도 진주시 하대동,72,72,0,상대주공,41.55,202110,9,"10,950",2,1980,상대로 101,,-,-
경상남도 진주시 하대동,72,72,0,상대주공,41.52,202110,14,"11,000",3,1980,상대로 101,20211101,-,-
경상남도 진주시 하대동,72,72,0,상대주공,41.52,202110,14,"11,000",5,1980,상대로 101,,-,-
경상남도 진주시 하대동,72,72,0,상대주공,41.52,202110,15,"10,000",4,1980,상대로 101,,-,-
경상남도 진주시 하대동,72,72,0,상대주공,41.55,202110,16,"9,000",4,1980,상대로 101,,-,-
경상남도 진주시 하대동,72,72,0,상대주공,41.55,202110,18,"9,500",5,1980,상대로 101,,-,-
경상남도 진주시 하대동,72,72,0,상대주공,40.99,202110,18,"8,200",4,1980,상대로 101,,-,-
경상남도 진주시 하대동,72,72,0,상대주공,41.52,202110,21,"10,500",3,1980,상대로 101,,-,-
경상남도 진주시 하대동,72,72,0,상대주공,41.55,202110,23,"10,000",4,1980,상대로 101,,-,-
경상남도 진주시 하대동,72,72,0,상대주공,40.99,202110,28,"10,975",2,1980,상대로 101,,-,-
경상남도 진주시 하대동,641-33,641,33,쌍용,53.18,202110,29,"9,000",1,1996,말티고개로108번길 5,,-,-
경상남도 진주시 하대동,610-2,610,2,일신,84.66,202110,17,"13,500",7,1991,하대로34번길 10,,-,-
경상남도 진주시 하대동,610-2,610,2,일신,84.66,202110,17,"10,900",10,1991,하대로34번길 10,,-,-
경상남도 진주시 하대동,104-3,104,3,임광,58.58,202110,21,"8,500",6,1989,모덕로 293,,-,-
경상남도 진주시 하대동,Jan-73,73,1,하대주공,44.3,202110,8,"12,500",1,1982,상대로 125,,-,-
경상남도 진주시 하대동,Jan-73,73,1,하대주공,36.2,202110,12,"10,700",4,1982,상대로 125,,-,-
경상남도 진주시 하대동,Jan-73,73,1,하대주공,44.03,202110,13,"13,000",1,1982,상대로 125,,-,-
경상남도 진주시 하대동,Jan-73,73,1,하대주공,35.64,202110,14,"10,900",4,1982,상대로 125,,-,-
경상남도 진주시 하대동,Jan-73,73,1,하대주공,36.2,202110,15,"10,000",1,1982,상대로 125,,-,-
경상남도 진주시 하대동,Jan-73,73,1,하대주공,35.64,202110,16,"10,300",2,1982,상대로 125,,-,-
경상남도 진주시 하대동,Jan-73,73,1,하대주공,36.2,202110,17,"10,700",1,1982,상대로 125,,-,-
경상남도 진주시 하대동,Jan-73,73,1,하대주공,35.64,202110,20,"10,600",5,1982,상대로 125,,-,-
경상남도 진주시 하대동,Jan-73,73,1,하대주공,36.2,202110,20,"10,400",1,1982,상대로 125,,-,-
경상남도 진주시 하대동,Jan-73,73,1,하대주공,36.2,202110,23,"10,300",3,1982,상대로 125,,-,-
경상남도 진주시 하대동,Jan-73,73,1,하대주공,35.64,202110,25,"10,500",4,1982,상대로 125,,-,-
경상남도 진주시 하대동,134-5,134,5,하대흥한골든빌,84.96,202110,14,"16,500",3,2002,남강로1413번길 23,,-,-
경상남도 진주시 하대동,75-17,75,17,한보(하대3차),58.5,202110,11,"9,900",11,1993,남강로 1399,20211022,-,-
경상남도 진주시 하대동,75-17,75,17,한보(하대3차),58.5,202110,11,"9,900",11,1993,남강로 1399,,-,-
경상남도 진주시 하대동,75-17,75,17,한보(하대3차),58.5,202110,13,"9,900",15,1993,남강로 1399,,-,-
경상남도 진주시 하대동,109-5,109,5,한보타워(하대1차),58.54,202110,5,"10,000",9,1992,모덕로306번길 2,,-,-
경상남도 진주시 하대동,109-5,109,5,한보타워(하대1차),53.32,202110,21,"7,700",6,1992,모덕로306번길 2,,-,-
경상남도 진주시 하대동,141-3,141,3,한보힐타워,59.88,202110,4,"9,000",13,1992,상대로143번길 11-2,,-,-
경상남도 진주시 하대동,141-3,141,3,한보힐타워,55.89,202110,19,"7,100",3,1992,상대로143번길 11-2,,-,-
경상남도 진주시 하대동,101,101,0,현대,59.89,202110,6,"13,600",7,1996,하대로 142,,-,-
경상남도 진주시 하대동,101,101,0,현대,84.93,202110,6,"19,500",4,1996,하대로 142,,-,-
경상남도 진주시 하대동,101,101,0,현대,59.89,202110,9,"12,900",2,1996,하대로 142,,-,-
경상남도 진주시 하대동,101,101,0,현대,59.89,202110,20,"13,800",16,1996,하대로 142,,-,-
경상남도 진주시 하대동,101,101,0,현대,59.89,202110,20,"13,800",16,1996,하대로 142,20211025,-,-
경상남도 진주시 호탄동,579-1,579,1,대동디지털황토,84.8805,202110,11,"26,700",8,2003,가호로44번길 7,,-,-
경상남도 진주시 호탄동,579-14,579,14,삼성,59.886,202110,6,"14,900",14,1996,동부로43번길 10-13,,-,-
경상남도 진주시 호탄동,579-14,579,14,삼성,84.93,202110,6,"17,000",2,1996,동부로43번길 10-13,,-,-
경상남도 진주시 호탄동,579-14,579,14,삼성,84.93,202110,16,"16,500",4,1996,동부로43번길 10-13,,-,-
경상남도 창녕군 남지읍 남지리,817-1,817,1,남지동아더프라임,84.9305,202110,25,"22,800",11,2010,남고길 47,,-,-
경상남도 창녕군 남지읍 남지리,795-6,795,6,덕진6차휴먼빌,59.069,202110,12,"11,800",6,2008,남포길 23,,-,-
경상남도 창녕군 남지읍 남지리,727-6,727,6,동호리버사이드,77.745,202110,30,"12,600",9,2008,낙동로 430,,-,-
경상남도 창녕군 남지읍 남지리,293-1,293,1,푸른마을,72.72,202110,6,"7,150",11,2005,동포로 46,,-,-
경상남도 창녕군 남지읍 남지리,293-1,293,1,푸른마을,68.31,202110,30,"5,900",4,2005,동포로 46,,-,-
경상남도 창녕군 남지읍 남지리,293-1,293,1,푸른마을,68.31,202110,30,"5,900",4,2005,동포로 46,20211104,-,-
경상남도 창녕군 남지읍 마산리,996,996,0,남지덕진7차봄,50.9867,202110,2,"8,100",12,2010,남지중앙1길 10,,-,-
경상남도 창녕군 남지읍 마산리,996,996,0,남지덕진7차봄,50.9867,202110,6,"7,200",5,2010,남지중앙1길 10,,-,-
경상남도 창녕군 남지읍 마산리,996,996,0,남지덕진7차봄,50.9867,202110,6,"7,200",6,2010,남지중앙1길 10,,-,-
경상남도 창녕군 남지읍 마산리,996,996,0,남지덕진7차봄,50.9867,202110,17,"7,700",3,2010,남지중앙1길 10,,-,-
경상남도 창녕군 남지읍 마산리,996,996,0,남지덕진7차봄,50.9867,202110,21,"8,200",5,2010,남지중앙1길 10,,-,-
경상남도 창녕군 남지읍 마산리,996,996,0,남지덕진7차봄,50.9867,202110,22,"8,300",11,2010,남지중앙1길 10,,-,-
경상남도 창녕군 남지읍 마산리,996,996,0,남지덕진7차봄,33.2945,202110,30,"5,100",14,2010,남지중앙1길 10,,-,-
경상남도 창녕군 남지읍 마산리,954-2,954,2,남지이원웰스타아파트,84.9835,202110,8,"23,900",18,2016,남고길 65,,-,-
경상남도 창녕군 남지읍 마산리,954-2,954,2,남지이원웰스타아파트,84.9835,202110,28,"23,200",12,2016,남고길 65,,-,-
경상남도 창녕군 남지읍 마산리,954-2,954,2,남지이원웰스타아파트,84.9835,202110,28,"22,000",19,2016,남고길 65,,-,-
경상남도 창녕군 대지면 효정리,35,35,0,동보하이빌,59.9695,202110,29,"7,000",1,2003,우포2로 1162,,-,-
경상남도 창녕군 도천면 송진리,169-2,169,2,삼호,84.7944,202110,4,"5,900",4,2001,영산도천로 54,,-,-
경상남도 창녕군 도천면 송진리,169-2,169,2,삼호,57.5804,202110,6,"4,390",2,2001,영산도천로 54,,-,-
경상남도 창녕군 도천면 송진리,169-2,169,2,삼호,58.7512,202110,25,"4,450",3,2001,영산도천로 54,,-,-
경상남도 창녕군 부곡면 부곡리,356,356,0,동문1,59.67,202110,5,"5,700",7,1991,원동길 34,,-,-
경상남도 창녕군 창녕읍 교리,242,242,0,건우,84.95,202110,25,"7,000",4,1991,향교길 8,,-,-
경상남도 창녕군 창녕읍 교리,1003-6,1003,6,삼우A,49.32,202110,6,"7,000",1,1989,군청길 8-2,,-,-
경상남도 창녕군 창녕읍 교리,981-2,981,2,현대맨션,59.935,202110,10,"5,800",5,1992,우포2로 1199-1,,-,-
경상남도 창녕군 창녕읍 교리,981-2,981,2,현대맨션,59.935,202110,20,"5,800",1,1992,우포2로 1199-1,,-,-
경상남도 창녕군 창녕읍 교하리,254-1,254,1,일흥,57.82,202110,14,"5,200",11,1992,창녕대로 107-1,,-,-
경상남도 창녕군 창녕읍 말흘리,743-1,743,1,목련,72.66,202110,20,"4,000",5,1990,남창녕로 20,,-,-
경상남도 창녕군 창녕읍 말흘리,344,344,0,창녕코아루더파크,59.98,202110,5,"18,400",12,2019,말흘5길 62,,-,-
경상남도 창녕군 창녕읍 말흘리,344,344,0,창녕코아루더파크,84.73,202110,5,"26,000",18,2019,말흘5길 62,,-,-
경상남도 창녕군 창녕읍 말흘리,344,344,0,창녕코아루더파크,84.73,202110,8,"26,500",12,2019,말흘5길 62,,-,-
경상남도 창녕군 창녕읍 말흘리,344,344,0,창녕코아루더파크,59.98,202110,9,"17,400",5,2019,말흘5길 62,,-,-
경상남도 창녕군 창녕읍 말흘리,748,748,0,청목,84.9297,202110,24,"16,300",2,2015,창녕대로 165,,-,-
경상남도 창녕군 창녕읍 송현리,53,53,0,도원,59.94,202110,11,"5,000",5,2003,창밀로 12-8,,-,-
경상남도 창녕군 창녕읍 술정리,283-3,283,3,신우희가로아파트,75.4456,202110,9,"19,200",8,2016,조산서재골로 69-3,,-,-
경상남도 창녕군 창녕읍 술정리,283-3,283,3,신우희가로아파트,84.9668,202110,21,"22,200",6,2016,조산서재골로 69-3,,-,-
경상남도 창녕군 창녕읍 술정리,283-3,283,3,신우희가로아파트,84.9668,202110,26,"22,100",3,2016,조산서재골로 69-3,,-,-
경상남도 창녕군 창녕읍 술정리,140-1,140,1,신창,82.11,202110,26,"9,000",3,1991,술정동탑길 16,,-,-
경상남도 창원마산합포구 가포동,508-47,508,47,건화그린맨션,84.52,202110,4,"11,500",10,1992,가포로 176-45,,-,-
경상남도 창원마산합포구 교방동,354-3,354,3,대양파크맨션,72,202110,9,"9,000",3,1986,회원서10길 87,,-,-
경상남도 창원마산합포구 교방동,510,510,0,무학산벽산블루밍1단지,84.9935,202110,2,"35,000",15,2009,교방시장2길 9,,-,-
경상남도 창원마산합포구 교방동,510,510,0,무학산벽산블루밍1단지,84.9918,202110,15,"28,500",7,2009,교방시장2길 9,,-,-
경상남도 창원마산합포구 교방동,355-1,355,1,무학산벽산블루밍2단지,84.9935,202110,2,"34,000",13,2009,노산서18길 142,,-,-
경상남도 창원마산합포구 교방동,355-1,355,1,무학산벽산블루밍2단지,122.2339,202110,4,"42,000",6,2009,노산서18길 142,,-,-
경상남도 창원마산합포구 교방동,355-1,355,1,무학산벽산블루밍2단지,122.2339,202110,4,"45,000",14,2009,노산서18길 142,,-,-
경상남도 창원마산합포구 교방동,355-1,355,1,무학산벽산블루밍2단지,122.2339,202110,7,"44,500",20,2009,노산서18길 142,,-,-
경상남도 창원마산합포구 교방동,355-1,355,1,무학산벽산블루밍2단지,84.9918,202110,18,"32,000",1,2009,노산서18길 142,,-,-
경상남도 창원마산합포구 교방동,355-1,355,1,무학산벽산블루밍2단지,59.8613,202110,30,"26,000",10,2009,노산서18길 142,,-,-
경상남도 창원마산합포구 교방동,377-1,377,1,배진,45.02,202110,8,"9,000",1,1987,교방서4길 18,,-,-
경상남도 창원마산합포구 교방동,379-9,379,9,수경,60.75,202110,12,"10,000",3,1985,교방서5길 45,20211020,-,-
경상남도 창원마산합포구 교방동,379-9,379,9,수경,60.75,202110,20,"10,000",3,1985,교방서5길 45,,-,-
경상남도 창원마산합포구 교방동,379-5,379,5,수영,45.18,202110,8,"10,000",1,1986,무학로 504,,-,-
경상남도 창원마산합포구 교방동,382-4,382,4,신교방빌라,61.74,202110,11,"11,500",1,1989,교방동1길 46,,-,-
경상남도 창원마산합포구 교원동,46,46,0,무학자이,128.3853,202110,2,"49,800",10,2011,노산서18길 19,,-,-
경상남도 창원마산합포구 교원동,46,46,0,무학자이,84.9877,202110,22,"40,000",6,2011,노산서18길 19,,-,-
경상남도 창원마산합포구 대내동,01월 17일,1,17,대내경남,174.78,202110,22,"16,900",6,1989,문화남11길 51,,-,-
경상남도 창원마산합포구 대내동,07월 14일,7,14,대내주공그린빌,45.32,202110,26,"14,800",9,2004,월영북15길 21,,-,-
경상남도 창원마산합포구 대외동,1,1,0,배진파크,84.77,202110,18,"15,800",16,1992,문화남4길 38,,-,-
경상남도 창원마산합포구 동성동,316,316,0,새롬미리내,134.79,202110,14,"27,000",8,2005,수산1길 181,,-,-
경상남도 창원마산합포구 두월동2가,08월 05일,8,5,무학빌라맨션,77.76,202110,2,"9,600",2,1985,고운로 10,,-,-
경상남도 창원마산합포구 두월동2가,08월 05일,8,5,무학빌라맨션,84.87,202110,5,"11,000",4,1985,고운로 10,,-,-
경상남도 창원마산합포구 두월동2가,08월 05일,8,5,무학빌라맨션,77.76,202110,26,"12,800",5,1985,고운로 10,,-,-
경상남도 창원마산합포구 산호동,332,332,0,국제비치타운,84.42,202110,1,"19,000",7,1996,합포동5길 22,,-,-
경상남도 창원마산합포구 산호동,332,332,0,국제비치타운,84.42,202110,1,"18,500",14,1996,합포동5길 22,,-,-
경상남도 창원마산합포구 산호동,332,332,0,국제비치타운,84.42,202110,1,"19,600",7,1996,합포동5길 22,,-,-
경상남도 창원마산합포구 산호동,332,332,0,국제비치타운,59.1,202110,2,"13,500",3,1996,합포동5길 23,,-,-
경상남도 창원마산합포구 산호동,332,332,0,국제비치타운,59.1,202110,20,"14,400",10,1996,합포동5길 23,,-,-
경상남도 창원마산합포구 산호동,10월 29일,10,29,대한맨션,67.615,202110,27,"11,700",13,1985,산호북5길 26,,-,-
경상남도 창원마산합포구 산호동,209-6,209,6,무궁화,53.88,202110,16,"8,000",1,1982,해안대로 553,,-,-
경상남도 창원마산합포구 산호동,646,646,0,산호경동리인,73.0884,202110,6,"26,800",2,2018,산호동4길 6,,-,-
경상남도 창원마산합포구 산호동,646,646,0,산호경동리인,97.0636,202110,11,"40,000",17,2018,산호동로 12,,-,-
경상남도 창원마산합포구 산호동,646,646,0,산호경동리인,68.0029,202110,30,"26,500",11,2018,산호동4길 6,,-,-
경상남도 창원마산합포구 산호동,06월 09일,6,9,산호국민주택,39.9,202110,24,"6,300",2,1987,산호북19길 16,,-,-
경상남도 창원마산합포구 산호동,06월 09일,6,9,산호국민주택,39.96,202110,30,"7,150",2,1987,산호북19길 16,,-,-
경상남도 창원마산합포구 산호동,644,644,0,산호베스티움,59.1162,202110,4,"23,500",20,2016,회원천북길 491,,-,-
경상남도 창원마산합포구 산호동,644,644,0,산호베스티움,83.1912,202110,7,"31,600",9,2016,회원천북길 491,,-,-
경상남도 창원마산합포구 산호동,644,644,0,산호베스티움,52.4418,202110,13,"17,000",7,2016,회원천북길 491,,-,-
경상남도 창원마산합포구 산호동,644,644,0,산호베스티움,83.1912,202110,24,"34,000",26,2016,회원천북길 491,,-,-
경상남도 창원마산합포구 산호동,644,644,0,산호베스티움,52.9634,202110,27,"16,550",14,2016,회원천북길 491,,-,-
경상남도 창원마산합포구 산호동,644,644,0,산호베스티움,83.1934,202110,27,"28,000",9,2016,회원천북길 491,,-,-
경상남도 창원마산합포구 산호동,11월 17일,17,11,산호빌라맨션,54.9,202110,17,"9,500",3,1986,산호북2길 27,,-,-
경상남도 창원마산합포구 산호동,01월 18일,18,1,삼성타운,59.61,202110,12,"14,300",3,1996,산호북1길 15,,-,-
경상남도 창원마산합포구 산호동,01월 18일,18,1,삼성타운,59.61,202110,16,"14,900",5,1996,산호북1길 15,,-,-
경상남도 창원마산합포구 산호동,01월 18일,18,1,삼성타운,59.61,202110,23,"15,000",17,1996,산호북1길 15,,-,-
경상남도 창원마산합포구 산호동,13-24,13,24,용마맨션,120.07,202110,3,"19,700",4,1978,산호북4길 30,,-,-
경상남도 창원마산합포구 산호동,13-24,13,24,용마맨션,79.67,202110,20,"11,700",2,1978,산호북4길 30,,-,-
경상남도 창원마산합포구 산호동,651,651,0,창원칸타빌오션뷰,74.869,202110,25,"29,800",20,2021,합포동6길 8,,-,-
경상남도 창원마산합포구 산호동,430-10,430,10,합포만썬빌,81.9885,202110,5,"12,000",6,2015,허당로 64,,-,-
경상남도 창원마산합포구 상남동,Feb-71,71,2,서광,84.86,202110,13,"14,500",1,1995,노산북6길 26,,-,-
경상남도 창원마산합포구 상남동,Feb-71,71,2,서광,84.86,202110,13,"14,000",6,1995,노산북6길 26,,-,-
경상남도 창원마산합포구 상남동,100-8,100,8,우신뉴타워,84.93,202110,9,"13,500",12,1996,천하장사로 87,,-,-
경상남도 창원마산합포구 상남동,100-8,100,8,우신뉴타워,59.96,202110,13,"8,000",2,1996,천하장사로 87,,-,-
경상남도 창원마산합포구 상남동,11월 26일,26,11,정우빌라,58.6375,202110,23,"13,300",4,2014,북성로 78-1,,-,-
경상남도 창원마산합포구 상남동,11월 26일,26,11,정우빌라,59.5994,202110,25,"13,400",2,2014,북성로 78-1,,-,-
경상남도 창원마산합포구 서성동,02월 01일,2,1,동서프라임,59.55,202110,11,"14,300",5,2014,동서북4길 10,,-,-
경상남도 창원마산합포구 신포동1가,76,76,0,마산만I'PARK,124.7331,202110,2,"59,800",12,2010,제2부두로 17,,-,-
경상남도 창원마산합포구 신포동1가,76,76,0,마산만I'PARK,84.9607,202110,2,"37,000",9,2010,제2부두로 17,,-,-
경상남도 창원마산합포구 신포동1가,76,76,0,마산만I'PARK,84.9075,202110,4,"44,000",18,2010,제2부두로 17,,-,-
경상남도 창원마산합포구 신포동1가,76,76,0,마산만I'PARK,154.0417,202110,5,"65,000",15,2010,제2부두로 17,,-,-
경상남도 창원마산합포구 신포동1가,76,76,0,마산만I'PARK,124.7331,202110,8,"59,000",13,2010,제2부두로 17,,-,-
경상남도 창원마산합포구 신포동1가,76,76,0,마산만I'PARK,84.9075,202110,14,"45,000",34,2010,제2부두로 17,,-,-
경상남도 창원마산합포구 신포동1가,76,76,0,마산만I'PARK,84.9607,202110,14,"44,500",32,2010,제2부두로 17,,-,-
경상남도 창원마산합포구 신포동1가,76,76,0,마산만I'PARK,84.9607,202110,14,"39,800",12,2010,제2부두로 17,,-,-
경상남도 창원마산합포구 신포동1가,76,76,0,마산만I'PARK,124.7331,202110,14,"62,500",20,2010,제2부두로 17,,-,-
경상남도 창원마산합포구 신포동1가,76,76,0,마산만I'PARK,84.9075,202110,15,"45,000",29,2010,제2부두로 17,,-,-
경상남도 창원마산합포구 신포동1가,76,76,0,마산만I'PARK,84.9607,202110,16,"49,000",9,2010,제2부두로 17,,-,-
경상남도 창원마산합포구 신포동1가,76,76,0,마산만I'PARK,124.7331,202110,22,"49,000",2,2010,제2부두로 17,,-,-
경상남도 창원마산합포구 신포동1가,76,76,0,마산만I'PARK,124.7331,202110,27,"52,800",5,2010,제2부두로 17,,-,-
경상남도 창원마산합포구 신포동1가,76,76,0,마산만I'PARK,124.7331,202110,30,"59,000",10,2010,제2부두로 17,,-,-
경상남도 창원마산합포구 신포동1가,1,1,0,새롬,84.9548,202110,14,"17,500",2,2003,동서동3길 39,,-,-
경상남도 창원마산합포구 신포동1가,1,1,0,새롬,84.9548,202110,17,"21,000",15,2003,동서동3길 39,,-,-
경상남도 창원마산합포구 신포동1가,1,1,0,새롬,119.2142,202110,27,"23,000",18,2003,동서동3길 39,,-,-
경상남도 창원마산합포구 신포동1가,01월 13일,13,1,센트럴,49.85,202110,7,"14,800",3,2001,서성로 23,,-,-
경상남도 창원마산합포구 신포동1가,01월 13일,13,1,센트럴,59.89,202110,9,"17,800",12,2001,서성로 23,,-,-
경상남도 창원마산합포구 신포동1가,01월 13일,13,1,센트럴,84.84,202110,11,"23,900",4,2001,서성로 23,,-,-
경상남도 창원마산합포구 신포동1가,01월 13일,13,1,센트럴,59.89,202110,13,"18,700",12,2001,서성로 23,,-,-
경상남도 창원마산합포구 신포동1가,01월 13일,13,1,센트럴,49.85,202110,25,"14,500",15,2001,서성로 23,,-,-
경상남도 창원마산합포구 신포동1가,02월 10일,2,10,신우희가로밀리온,84.9075,202110,22,"21,850",15,2004,동서동3길 16,,-,-
경상남도 창원마산합포구 신포동2가,54,54,0,삼익,84.26,202110,9,"16,000",4,1979,서성로 43,,-,-
경상남도 창원마산합포구 신포동2가,54,54,0,삼익,62.64,202110,30,"15,000",11,1979,서성로 43,,-,-
경상남도 창원마산합포구 오동동,18-61,18,61,기산상가,59.92,202110,13,"11,800",5,1997,오동동14길 29,,-,-
경상남도 창원마산합포구 오동동,18-61,18,61,기산상가,59.92,202110,29,"12,800",7,1997,오동동14길 29,,-,-
경상남도 창원마산합포구 오동동,01월 28일,28,1,오동동다:숲,44.8718,202110,13,"14,250",11,2017,오동북3길 5,,-,-
경상남도 창원마산합포구 오동동,01월 28일,28,1,오동동다:숲,44.8718,202110,18,"14,300",7,2017,오동북3길 5,,-,-
경상남도 창원마산합포구 오동동,322,322,0,중앙마린파이브,70.1442,202110,8,"28,700",21,2014,오동동14길 67,,-,-
경상남도 창원마산합포구 오동동,322,322,0,중앙마린파이브,70.1442,202110,9,"29,000",24,2014,오동동14길 67,,-,-
경상남도 창원마산합포구 오동동,322,322,0,중앙마린파이브,84.6822,202110,15,"35,000",26,2014,오동동14길 67,,-,-
경상남도 창원마산합포구 오동동,322,322,0,중앙마린파이브,70.1442,202110,19,"28,500",18,2014,오동동14길 67,,-,-
경상남도 창원마산합포구 완월동,116-12,116,12,기공,58.98,202110,6,"8,300",8,1995,완월북5길 74,,-,-
경상남도 창원마산합포구 완월동,116-12,116,12,기공,59.86,202110,12,"7,150",3,1995,완월북5길 74,,-,-
경상남도 창원마산합포구 완월동,330,330,0,대광품안애,84.5,202110,12,"13,500",6,2016,완월남14길 26,,-,-
경상남도 창원마산합포구 완월동,330,330,0,대광품안애,84.76,202110,13,"11,944",2,2016,완월남14길 26,,-,-
경상남도 창원마산합포구 완월동,330,330,0,대광품안애,84.5,202110,18,"11,944",2,2016,완월남14길 26,,-,-
경상남도 창원마산합포구 완월동,330,330,0,대광품안애,84.5,202110,19,"13,500",3,2016,완월남14길 26,,-,-
경상남도 창원마산합포구 완월동,306-9,306,9,대동한마음,84.98,202110,9,"12,500",9,1992,중앙서1길 55,,-,-
경상남도 창원마산합포구 완월동,146-3,146,3,서광2,59.84,202110,21,"10,500",21,1997,완월남로 54,,-,-
경상남도 창원마산합포구 완월동,320,320,0,신월경남,197.66,202110,5,"24,000",16,1992,완월남14길 12,,-,-
경상남도 창원마산합포구 완월동,218-1,218,1,완월경남,55.02,202110,13,"7,500",10,1984,장장군로 3,,-,-
경상남도 창원마산합포구 완월동,150,150,0,전원파크,83.39,202110,20,"8,350",3,1992,무학로 326,,-,-
경상남도 창원마산합포구 완월동,478,478,0,화인,59.93,202110,6,"8,400",11,1994,완월남8길 16,,-,-
경상남도 창원마산합포구 완월동,478,478,0,화인,84.22,202110,12,"9,000",3,1994,완월남8길 16,,-,-
경상남도 창원마산합포구 완월동,478,478,0,화인,59.93,202110,23,"7,800",15,1994,완월남8길 16,,-,-
경상남도 창원마산합포구 완월동,478,478,0,화인,84.22,202110,29,"10,500",9,1994,완월남8길 16,,-,-
경상남도 창원마산합포구 월남동1가,7,7,0,해바라기,59.34,202110,4,"8,300",4,1983,문화동3길 17,,-,-
경상남도 창원마산합포구 월남동1가,7,7,0,해바라기,59.34,202110,20,"9,000",3,1983,문화동3길 17,,-,-
경상남도 창원마산합포구 월남동1가,7,7,0,해바라기,67.62,202110,28,"11,000",3,1983,문화동3길 17,,-,-
경상남도 창원마산합포구 월남동1가,7,7,0,해바라기,59.34,202110,30,"11,000",1,1983,문화동3길 17,,-,-
경상남도 창원마산합포구 월남동3가,01월 01일,1,1,엘렌시아주상복합,59.8649,202110,14,"17,700",5,2016,문화동5길 6,,-,-
경상남도 창원마산합포구 월남동3가,01월 01일,1,1,엘렌시아주상복합,59.9525,202110,16,"19,500",4,2016,문화동5길 6,,-,-
경상남도 창원마산합포구 월남동5가,8,8,0,월영마크리움주상복합,63.5752,202110,2,"22,300",10,2017,3·15대로 9,,-,-
경상남도 창원마산합포구 월남동5가,8,8,0,월영마크리움주상복합,63.5752,202110,15,"23,500",13,2017,3·15대로 9,,-,-
경상남도 창원마산합포구 월영동,703-2,703,2,월영대동타운,59.175,202110,23,"16,000",8,1998,월영마을로 10,20211103,-,-
경상남도 창원마산합포구 월영동,703-2,703,2,월영대동타운,59.175,202110,23,"16,000",8,1998,월영마을로 10,,-,-
경상남도 창원마산합포구 월영동,736,736,0,월영동SK오션뷰,73.922,202110,4,"39,500",23,2017,월영남12길 12,,-,-
경상남도 창원마산합포구 월영동,736,736,0,월영동SK오션뷰,84.9988,202110,8,"50,000",31,2017,월영남12길 12,,-,-
경상남도 창원마산합포구 월영동,736,736,0,월영동SK오션뷰,100.7689,202110,9,"56,000",16,2017,월영남12길 12,,-,-
경상남도 창원마산합포구 월영동,736,736,0,월영동SK오션뷰,84.9988,202110,12,"45,800",2,2017,월영남12길 12,,-,-
경상남도 창원마산합포구 월영동,736,736,0,월영동SK오션뷰,114.6582,202110,13,"66,000",7,2017,월영남12길 12,,-,-
경상남도 창원마산합포구 월영동,736,736,0,월영동SK오션뷰,84.9431,202110,14,"44,900",31,2017,월영남12길 12,,-,-
경상남도 창원마산합포구 월영동,614-7,614,7,월영동아,59.526,202110,2,"17,000",17,1998,월영남로 59,,-,-
경상남도 창원마산합포구 월영동,614-7,614,7,월영동아,84.64,202110,4,"20,500",12,1998,월영남로 43,,-,-
경상남도 창원마산합포구 월영동,614-7,614,7,월영동아,84.64,202110,4,"24,500",18,1998,월영남로 43,,-,-
경상남도 창원마산합포구 월영동,614-7,614,7,월영동아,84.64,202110,4,"19,500",3,1998,월영남로 59,,-,-
경상남도 창원마산합포구 월영동,614-7,614,7,월영동아,59.526,202110,4,"16,500",15,1998,월영남로 43,,-,-
경상남도 창원마산합포구 월영동,614-7,614,7,월영동아,84.84,202110,7,"19,900",9,1998,월영남로 59,,-,-
경상남도 창원마산합포구 월영동,614-7,614,7,월영동아,59.526,202110,12,"16,450",17,1998,월영남로 59,,-,-
경상남도 창원마산합포구 월영동,614-7,614,7,월영동아,84.64,202110,15,"19,900",4,1998,월영남로 59,,-,-
경상남도 창원마산합포구 월영동,614-7,614,7,월영동아,84.84,202110,16,"21,000",9,1998,월영남로 59,,-,-
경상남도 창원마산합포구 월영동,614-7,614,7,월영동아,59.526,202110,23,"17,000",16,1998,월영남로 59,,-,-
경상남도 창원마산합포구 월영동,614-7,614,7,월영동아,84.84,202110,26,"20,000",13,1998,월영남로 59,,-,-
경상남도 창원마산합포구 월영동,614-7,614,7,월영동아,84.64,202110,28,"22,000",8,1998,월영남로 59,,-,-
경상남도 창원마산합포구 월영동,708-2,708,2,월영동아2,134.94,202110,4,"27,900",6,1998,월영마을로 29,,-,-
경상남도 창원마산합포구 월영동,708-2,708,2,월영동아2,146.31,202110,4,"25,000",18,1998,월영마을로 29,,-,-
경상남도 창원마산합포구 월영동,708-2,708,2,월영동아2,59.625,202110,9,"16,500",8,1998,월영마을로 29,,-,-
경상남도 창원마산합포구 월영동,708-2,708,2,월영동아2,59.625,202110,13,"16,650",15,1998,월영마을로 29,,-,-
경상남도 창원마산합포구 월영동,708-2,708,2,월영동아2,84.97,202110,20,"19,500",4,1998,월영마을로 29,,-,-
경상남도 창원마산합포구 월영동,708-2,708,2,월영동아2,84.97,202110,21,"21,800",17,1998,월영마을로 29,,-,-
경상남도 창원마산합포구 월영동,708-2,708,2,월영동아2,84.97,202110,23,"21,800",15,1998,월영마을로 29,,-,-
경상남도 창원마산합포구 월영동,708-2,708,2,월영동아2,84.97,202110,26,"23,200",11,1998,월영마을로 29,,-,-
경상남도 창원마산합포구 월영동,602-11,602,11,월영라이프,84.585,202110,16,"8,800",13,1998,월영서3길 95,20211026,-,-
경상남도 창원마산합포구 월영동,602-11,602,11,월영라이프,84.585,202110,16,"8,800",13,1998,월영서3길 95,,-,-
경상남도 창원마산합포구 월영동,709-1,709,1,월영현대3,84.978,202110,5,"20,500",2,2002,월영마을로 32,,-,-
경상남도 창원마산합포구 월영동,705-2,705,2,현대2,59.98,202110,8,"16,900",14,1998,월영마을로 7,,-,-
경상남도 창원마산합포구 월영동,705-2,705,2,현대2,134.15,202110,9,"24,900",10,1998,월영마을로 7,,-,-
경상남도 창원마산합포구 월영동,708-1,708,1,현대3,84.91,202110,2,"24,000",8,1998,월영마을로 27,,-,-
경상남도 창원마산합포구 월영동,708-1,708,1,현대3,59.98,202110,6,"15,200",16,1998,월영마을로 27,,-,-
경상남도 창원마산합포구 월영동,710-1,710,1,현대5,74.52,202110,2,"17,500",11,1998,월영마을로 52,,-,-
경상남도 창원마산합포구 월영동,710-1,710,1,현대5,84.94,202110,5,"26,000",14,1998,월영마을로 52,,-,-
경상남도 창원마산합포구 월영동,710-1,710,1,현대5,59.98,202110,9,"15,900",4,1998,월영마을로 52,,-,-
경상남도 창원마산합포구 월영동,710-1,710,1,현대5,114.24,202110,9,"27,000",10,1998,월영마을로 52,,-,-
경상남도 창원마산합포구 월영동,710-1,710,1,현대5,84.94,202110,12,"23,000",18,1998,월영마을로 52,,-,-
경상남도 창원마산합포구 월영동,710-1,710,1,현대5,84.94,202110,13,"20,250",4,1998,월영마을로 52,,-,-
경상남도 창원마산합포구 월영동,710-1,710,1,현대5,74.52,202110,15,"17,000",23,1998,월영마을로 52,,-,-
경상남도 창원마산합포구 월영동,704-1,704,1,현대건설1차,59.7,202110,11,"16,000",12,1998,월영마을로 12,,-,-
경상남도 창원마산합포구 월영동,704-1,704,1,현대건설1차,84.97,202110,23,"19,300",2,1998,월영마을로 12,,-,-
경상남도 창원마산합포구 월영동,593,593,0,화인아트빌라1,122.52,202110,1,"14,500",6,1991,무학로 32,,-,-
경상남도 창원마산합포구 월영동,593,593,0,화인아트빌라1,79.23,202110,2,"10,900",8,1991,무학로 32,,-,-
경상남도 창원마산합포구 월영동,593-2,593,2,화인아트빌라2,60.37,202110,2,"8,200",8,1992,밤밭고개로 371,,-,-
경상남도 창원마산합포구 월영동,593-2,593,2,화인아트빌라2,84.99,202110,4,"10,500",2,1992,밤밭고개로 371,,-,-
경상남도 창원마산합포구 월영동,593-2,593,2,화인아트빌라2,60.37,202110,4,"9,000",8,1992,밤밭고개로 371,,-,-
경상남도 창원마산합포구 월영동,593-2,593,2,화인아트빌라2,68.33,202110,17,"9,800",12,1992,밤밭고개로 371,,-,-
경상남도 창원마산합포구 월영동,593-2,593,2,화인아트빌라2,68.33,202110,18,"9,850",14,1992,밤밭고개로 371,,-,-
경상남도 창원마산합포구 월영동,593-2,593,2,화인아트빌라2,84.97,202110,19,"11,800",10,1992,밤밭고개로 371,,-,-
경상남도 창원마산합포구 월영동,593-2,593,2,화인아트빌라2,84.99,202110,23,"10,700",11,1992,밤밭고개로 371,,-,-
경상남도 창원마산합포구 월포동,1,1,0,경동메르빌,84.6923,202110,6,"35,000",5,2005,중앙동3길 22,,-,-
경상남도 창원마산합포구 월포동,1,1,0,경동메르빌,84.6923,202110,11,"34,000",14,2005,중앙동3길 22,,-,-
경상남도 창원마산합포구 월포동,1,1,0,경동메르빌,84.6923,202110,12,"35,000",11,2005,중앙동3길 22,,-,-
경상남도 창원마산합포구 월포동,1,1,0,경동메르빌,84.6923,202110,16,"33,300",10,2005,중앙동3길 22,,-,-
경상남도 창원마산합포구 월포동,1,1,0,경동메르빌,71.295,202110,16,"30,300",17,2005,중앙동3길 22,,-,-
경상남도 창원마산합포구 월포동,01월 01일,1,1,벽산블루밍,84.998,202110,6,"40,000",21,2007,3·15대로 154,,-,-
경상남도 창원마산합포구 월포동,01월 01일,1,1,벽산블루밍,84.998,202110,8,"39,700",22,2007,3·15대로 154,,-,-
경상남도 창원마산합포구 월포동,01월 01일,1,1,벽산블루밍,132.556,202110,13,"45,000",4,2007,3·15대로 154,,-,-
경상남도 창원마산합포구 월포동,02월 11일,2,11,월영맨션,92.61,202110,16,"9,500",5,1983,반월동6길 32,,-,-
경상남도 창원마산합포구 월포동,2-115,2,115,일양맨션,59.04,202110,15,"15,300",5,1985,반월동1길 30,,-,-
경상남도 창원마산합포구 월포동,2-115,2,115,일양맨션,59.04,202110,22,"13,600",2,1985,반월동1길 30,,-,-
경상남도 창원마산합포구 월포동,2-102,2,102,하이파이빌라,84.95,202110,3,"9,500",7,1992,해안대로 137,,-,-
경상남도 창원마산합포구 월포동,2-102,2,102,하이파이빌라,84.95,202110,6,"12,500",7,1992,해안대로 137,,-,-
경상남도 창원마산합포구 월포동,2-147,2,147,한성가고파,84.82,202110,21,"24,000",10,1991,반월동5길 23,,-,-
경상남도 창원마산합포구 월포동,2-163,2,163,해창아트빌,73.43,202110,5,"13,000",4,2003,반월동5길 33,,-,-
경상남도 창원마산합포구 월포동,2-163,2,163,해창아트빌,67.07,202110,18,"14,600",4,2003,반월동5길 33,,-,-
경상남도 창원마산합포구 자산동,06월 14일,14,6,대림공작2,84.66,202110,7,"10,600",5,1992,자산북4길 8,,-,-
경상남도 창원마산합포구 자산동,12월 05일,12,5,안성조흔,84.93,202110,28,"13,300",10,1991,자산삼거리로 84,,-,-
경상남도 창원마산합포구 자산동,02월 22일,22,2,영승,84.57,202110,28,"8,250",9,1992,자산북3길 23,,-,-
경상남도 창원마산합포구 자산동,325-10,325,10,우성,51.765,202110,28,"7,700",4,1987,무학로 378,,-,-
경상남도 창원마산합포구 자산동,325-10,325,10,우성,51.765,202110,29,"8,800",2,1987,무학로 378,,-,-
경상남도 창원마산합포구 자산동,256-4,256,4,자산,48.22,202110,20,"5,200",2,1991,자산서14길 26,,-,-
경상남도 창원마산합포구 자산동,01월 15일,15,1,팔도맨션,71.01,202110,2,"12,000",20,1995,자산삼거리로 97,,-,-
경상남도 창원마산합포구 자산동,01월 15일,15,1,팔도맨션,71.01,202110,9,"10,000",18,1995,자산삼거리로 97,,-,-
경상남도 창원마산합포구 자산동,01월 13일,13,1,한백푸른,137.7,202110,17,"19,500",13,1997,문신길 66,,-,-
경상남도 창원마산합포구 자산동,326-2,326,2,한우아파트,56.58,202110,7,"8,500",3,1986,자산서11길 6,,-,-
경상남도 창원마산합포구 자산동,326-2,326,2,한우아파트,57.85,202110,10,"10,250",3,1986,자산솔밭로 52,,-,-
경상남도 창원마산합포구 자산동,326-2,326,2,한우아파트,57.96,202110,16,"9,700",1,1986,자산서12길 3,,-,-
경상남도 창원마산합포구 자산동,326-2,326,2,한우아파트,58.77,202110,16,"9,300",5,1986,자산서13길 29,,-,-
경상남도 창원마산합포구 자산동,326-2,326,2,한우아파트,56.58,202110,22,"9,400",2,1986,자산서11길 6,,-,-
경상남도 창원마산합포구 자산동,326-2,326,2,한우아파트,47.91,202110,26,"6,000",5,1986,자산서13길 29,,-,-
경상남도 창원마산합포구 자산동,326-2,326,2,한우아파트,69.81,202110,27,"11,300",3,1986,자산서11길 6,,-,-
경상남도 창원마산합포구 자산동,326-2,326,2,한우아파트,58.77,202110,31,"10,000",5,1986,자산서13길 29,,-,-
경상남도 창원마산합포구 장군동5가,01월 12일,1,12,금강제이드,80.588,202110,6,"18,500",8,2007,완월동15길 8,,-,-
경상남도 창원마산합포구 중앙동1가,04월 01일,4,1,우성빌라,84.9,202110,22,"11,600",5,1993,반월북1길 26,,-,-
경상남도 창원마산합포구 중앙동2가,1-500,1,500,경동메르빌2차,84.9658,202110,2,"31,500",14,2007,중앙동3길 16,,-,-
경상남도 창원마산합포구 중앙동2가,1-500,1,500,경동메르빌2차,84.9658,202110,4,"32,000",8,2007,중앙동3길 16,,-,-
경상남도 창원마산합포구 중앙동2가,1-500,1,500,경동메르빌2차,84.9658,202110,15,"29,400",11,2007,중앙동3길 16,,-,-
경상남도 창원마산합포구 중앙동2가,3-38,3,38,남명세비앙,84.9844,202110,8,"18,000",5,2005,중앙남3길 10,,-,-
경상남도 창원마산합포구 중앙동2가,3-38,3,38,남명세비앙,84.9844,202110,8,"18,000",4,2005,중앙남3길 10,,-,-
경상남도 창원마산합포구 중앙동2가,3-38,3,38,남명세비앙,84.9844,202110,8,"18,000",9,2005,중앙남3길 10,,-,-
경상남도 창원마산합포구 중앙동2가,3-38,3,38,남명세비앙,84.9844,202110,9,"17,800",15,2005,중앙남3길 10,,-,-
경상남도 창원마산합포구 중앙동2가,3-38,3,38,남명세비앙,84.9844,202110,13,"18,000",6,2005,중앙남3길 10,,-,-
경상남도 창원마산합포구 중앙동2가,3-38,3,38,남명세비앙,84.9844,202110,13,"18,000",3,2005,중앙남3길 10,,-,-
경상남도 창원마산합포구 중앙동2가,3-38,3,38,남명세비앙,84.9844,202110,13,"18,000",5,2005,중앙남3길 10,,-,-
경상남도 창원마산합포구 중앙동2가,3-38,3,38,남명세비앙,84.9844,202110,13,"18,000",11,2005,중앙남3길 10,,-,-
경상남도 창원마산합포구 중앙동2가,3-38,3,38,남명세비앙,84.9844,202110,13,"18,000",5,2005,중앙남3길 10,,-,-
경상남도 창원마산합포구 중앙동2가,3-38,3,38,남명세비앙,84.9844,202110,13,"18,000",5,2005,중앙남3길 10,,-,-
경상남도 창원마산합포구 중앙동2가,3-38,3,38,남명세비앙,84.9844,202110,27,"20,000",7,2005,중앙남3길 10,,-,-
경상남도 창원마산합포구 중앙동2가,01월 02일,1,2,신한토탈,98.054,202110,14,"17,000",11,1997,장군천로 38,,-,-
경상남도 창원마산합포구 중앙동2가,01월 02일,1,2,신한토탈,59.654,202110,20,"13,400",10,1997,장군천로 38,,-,-
경상남도 창원마산합포구 중앙동2가,1-498,1,498,우방,139.93,202110,1,"25,500",2,1997,중앙동로 10,,-,-
경상남도 창원마산합포구 중앙동2가,1-498,1,498,우방,60,202110,5,"16,400",19,1997,중앙동로 10,,-,-
경상남도 창원마산합포구 중앙동2가,1-498,1,498,우방,60,202110,5,"16,400",19,1997,중앙동로 10,,-,-
경상남도 창원마산합포구 중앙동2가,05월 01일,5,1,현대가동,84.535,202110,5,"12,800",4,1985,중앙남8길 7,,-,-
경상남도 창원마산합포구 중앙동2가,05월 01일,5,1,현대가동,124.225,202110,18,"14,800",7,1985,중앙남8길 7,,-,-
경상남도 창원마산합포구 중앙동3가,4-191,4,191,동하라일락,82.855,202110,12,"12,500",3,1993,중앙북7길 28,,-,-
경상남도 창원마산합포구 중앙동3가,4-191,4,191,동하라일락,82.855,202110,18,"12,600",1,1993,중앙북7길 28,,-,-
경상남도 창원마산합포구 중앙동3가,4-207,4,207,삼우,36.69,202110,16,"8,500",2,1981,중앙북1길 20,,-,-
경상남도 창원마산합포구 중앙동3가,4-207,4,207,삼우,36.69,202110,18,"7,200",4,1981,중앙북1길 20,,-,-
경상남도 창원마산합포구 중앙동3가,4-323,4,323,성모아일린,78.4385,202110,2,"19,100",9,2012,중앙북4길 10,,-,-
경상남도 창원마산합포구 중앙동3가,4-330,4,330,신우희가로베스트,59.9295,202110,5,"16,000",1,2006,중앙북1길 19,,-,-
경상남도 창원마산합포구 중앙동3가,4-330,4,330,신우희가로베스트,59.9295,202110,5,"16,000",1,2006,중앙북1길 19,,-,-
경상남도 창원마산합포구 중앙동3가,4-330,4,330,신우희가로베스트,59.9295,202110,10,"23,000",5,2006,중앙북1길 19,,-,-
경상남도 창원마산합포구 중앙동3가,4-330,4,330,신우희가로베스트,59.9295,202110,16,"19,100",3,2006,중앙북1길 19,,-,-
경상남도 창원마산합포구 중앙동3가,4-330,4,330,신우희가로베스트,59.9295,202110,23,"25,000",19,2006,중앙북1길 19,,-,-
경상남도 창원마산합포구 진동면 사동리,292,292,0,건우맨션,59.95,202110,6,"7,200",17,1996,서촌바다길 108,,-,-
경상남도 창원마산합포구 진동면 사동리,292,292,0,건우맨션,59.95,202110,28,"7,000",8,1996,서촌바다길 108,,-,-
경상남도 창원마산합포구 진동면 요장리,393-2,393,2,혜창한마음비치,57.06,202110,8,"6,700",3,1994,요장1길 33,,-,-
경상남도 창원마산합포구 진동면 요장리,393-2,393,2,혜창한마음비치,82.17,202110,25,"7,900",2,1994,요장1길 33,,-,-
경상남도 창원마산합포구 진동면 진동리,494-3,494,3,대권한빛,78.063,202110,13,"9,800",11,2001,삼진의거대로 659,,-,-
경상남도 창원마산합포구 진동면 진동리,201,201,0,마산신화하니엘더마린,84.7458,202110,11,"20,800",20,2016,동촌길 185,,-,-
경상남도 창원마산합포구 진동면 진동리,201,201,0,마산신화하니엘더마린,59.9289,202110,30,"15,800",27,2016,동촌길 185,,-,-
경상남도 창원마산합포구 진동면 진동리,424,424,0,마산진동협성엠파이어,84.9789,202110,2,"20,800",8,2014,진북산업로 55,,-,-
경상남도 창원마산합포구 진동면 진동리,424,424,0,마산진동협성엠파이어,84.9789,202110,7,"17,000",11,2014,진북산업로 55,,-,-
경상남도 창원마산합포구 진동면 진동리,424,424,0,마산진동협성엠파이어,84.9789,202110,12,"20,900",7,2014,진북산업로 55,,-,-
경상남도 창원마산합포구 진동면 진동리,424,424,0,마산진동협성엠파이어,71.6764,202110,15,"19,600",10,2014,진북산업로 55,,-,-
경상남도 창원마산합포구 진동면 진동리,424,424,0,마산진동협성엠파이어,84.9789,202110,16,"19,700",17,2014,진북산업로 55,,-,-
경상남도 창원마산합포구 진동면 진동리,424,424,0,마산진동협성엠파이어,59.925,202110,16,"16,900",10,2014,진북산업로 55,,-,-
경상남도 창원마산합포구 진동면 진동리,424,424,0,마산진동협성엠파이어,59.925,202110,18,"17,500",6,2014,진북산업로 55,,-,-
경상남도 창원마산합포구 진동면 진동리,388,388,0,부국빌라,84.53,202110,14,"8,200",2,2003,서동촌길 17,,-,-
경상남도 창원마산합포구 진동면 진동리,209-1,209,1,신화하니엘더마린2단지,59.9811,202110,14,"16,800",19,2017,해양관광로 43,,-,-
경상남도 창원마산합포구 진동면 진동리,592,592,0,한일유앤아이,84.9986,202110,9,"17,500",11,2008,진북산업로 58,,-,-
경상남도 창원마산합포구 진동면 진동리,592,592,0,한일유앤아이,123.8726,202110,16,"24,800",6,2008,진북산업로 58,,-,-
경상남도 창원마산합포구 진동면 진동리,592,592,0,한일유앤아이,123.8726,202110,22,"26,300",10,2008,진북산업로 58,,-,-
경상남도 창원마산합포구 진동면 진동리,592,592,0,한일유앤아이,84.9813,202110,23,"17,000",2,2008,진북산업로 58,,-,-
경상남도 창원마산합포구 진동면 진동리,592,592,0,한일유앤아이,123.8726,202110,25,"23,800",4,2008,진북산업로 58,,-,-
경상남도 창원마산합포구 진북면 지산리,221-7,221,7,성원,69.76,202110,12,"5,030",4,1992,지산2길 31,,-,-
경상남도 창원마산합포구 창포동1가,20,20,0,창포한백,126.04,202110,5,"25,700",16,2000,문화동15길 95,,-,-
경상남도 창원마산합포구 창포동1가,20,20,0,창포한백,71.08,202110,14,"21,000",20,2000,문화동15길 95,,-,-
경상남도 창원마산합포구 창포동2가,2,2,0,경남,84.586,202110,13,"19,100",5,1990,문화동14길 74,,-,-
경상남도 창원마산합포구 추산동,Feb-36,36,2,다임아크로빌,84.9898,202110,2,"13,800",6,2002,성호동5길 15,,-,-
경상남도 창원마산합포구 추산동,Feb-36,36,2,다임아크로빌,84.9898,202110,18,"13,000",3,2002,성호동5길 15,,-,-
경상남도 창원마산합포구 해운동,58,58,0,경민시티빌,84.66,202110,1,"13,700",5,1998,해안대로 91,,-,-
경상남도 창원마산합포구 해운동,58,58,0,경민시티빌,84.66,202110,12,"19,300",5,1998,해안대로 91,,-,-
경상남도 창원마산합포구 해운동,58,58,0,경민시티빌,80.19,202110,13,"15,500",4,1998,해안대로 91,,-,-
경상남도 창원마산합포구 해운동,58,58,0,경민시티빌,84.66,202110,14,"18,800",10,1998,해안대로 91,,-,-
경상남도 창원마산합포구 해운동,58,58,0,경민시티빌,84.66,202110,20,"19,700",17,1998,해안대로 91,,-,-
경상남도 창원마산합포구 해운동,Apr-37,37,4,대동씨코아상가,70.4,202110,13,"10,800",13,1993,월영동로 8,,-,-
경상남도 창원마산합포구 해운동,38,38,0,두산1차,141.52,202110,6,"19,000",14,1991,월영동6길 39,,-,-
경상남도 창원마산합포구 해운동,38,38,0,두산1차,69,202110,16,"17,000",12,1991,월영동6길 39,,-,-
경상남도 창원마산합포구 해운동,50,50,0,두산2,84.84,202110,1,"19,400",18,1993,월영동로 19,,-,-
경상남도 창원마산합포구 해운동,50,50,0,두산2,132.72,202110,15,"24,600",1,1993,월영동로 19,,-,-
경상남도 창원마산합포구 해운동,49,49,0,두산3,84.84,202110,2,"23,300",16,1995,월영동11길 42,,-,-
경상남도 창원마산합포구 해운동,49,49,0,두산3,59.34,202110,10,"17,000",8,1995,월영동11길 42,,-,-
경상남도 창원마산합포구 해운동,49,49,0,두산3,84.84,202110,10,"20,000",3,1995,월영동11길 42,,-,-
경상남도 창원마산합포구 해운동,49,49,0,두산3,59.34,202110,15,"15,400",2,1995,월영동11길 42,,-,-
경상남도 창원마산합포구 해운동,52,52,0,평화골든타워,80.074,202110,9,"15,000",17,1993,월영동남로 16,,-,-
경상남도 창원마산합포구 해운동,47,47,0,평화리버타운,29.44,202110,8,"6,550",15,1999,월영동11길 29,,-,-
경상남도 창원마산합포구 해운동,47,47,0,평화리버타운,29.44,202110,9,"7,000",10,1999,월영동11길 29,,-,-
경상남도 창원마산합포구 해운동,47,47,0,평화리버타운,29.44,202110,14,"5,900",11,1999,월영동11길 29,,-,-
경상남도 창원마산합포구 해운동,47,47,0,평화리버타운,29.44,202110,22,"6,200",13,1999,월영동11길 29,,-,-
경상남도 창원마산합포구 해운동,47,47,0,평화리버타운,29.44,202110,27,"7,400",13,1999,월영동11길 29,,-,-
경상남도 창원마산합포구 해운동,47,47,0,평화리버타운,29.44,202110,28,"7,000",9,1999,월영동11길 29,,-,-
경상남도 창원마산합포구 해운동,47,47,0,평화리버타운,29.44,202110,29,"6,900",17,1999,월영동11길 29,,-,-
경상남도 창원마산합포구 해운동,47,47,0,평화리버타운,29.44,202110,31,"6,100",10,1999,월영동11길 29,,-,-
경상남도 창원마산합포구 해운동,47,47,0,평화리버타운,29.44,202110,31,"7,400",16,1999,월영동11길 29,,-,-
경상남도 창원마산합포구 해운동,53,53,0,한일비치,65.7,202110,10,"15,000",15,1996,월영동남로 22,,-,-
경상남도 창원마산합포구 해운동,53,53,0,한일비치,65.7,202110,15,"19,200",11,1996,월영동남로 22,,-,-
경상남도 창원마산합포구 해운동,48,48,0,해오름,111.0811,202110,1,"30,000",9,2005,월영동11길 57,,-,-
경상남도 창원마산합포구 해운동,48,48,0,해오름,84.9729,202110,2,"26,000",11,2005,월영동11길 57,,-,-
경상남도 창원마산합포구 해운동,48,48,0,해오름,84.9729,202110,3,"26,000",7,2005,월영동11길 57,,-,-
경상남도 창원마산합포구 해운동,48,48,0,해오름,84.9729,202110,7,"30,600",17,2005,월영동11길 57,,-,-
경상남도 창원마산합포구 해운동,48,48,0,해오름,84.9729,202110,9,"26,000",9,2005,월영동11길 57,,-,-
경상남도 창원마산합포구 해운동,48,48,0,해오름,84.9729,202110,11,"26,000",5,2005,월영동11길 57,,-,-
경상남도 창원마산합포구 해운동,48,48,0,해오름,111.0811,202110,11,"32,000",12,2005,월영동11길 57,,-,-
경상남도 창원마산합포구 해운동,48,48,0,해오름,111.0811,202110,11,"32,000",19,2005,월영동11길 57,,-,-
경상남도 창원마산합포구 해운동,48,48,0,해오름,111.0811,202110,14,"32,000",16,2005,월영동11길 57,,-,-
경상남도 창원마산합포구 해운동,48,48,0,해오름,111.0811,202110,15,"32,000",13,2005,월영동11길 57,,-,-
경상남도 창원마산합포구 해운동,48,48,0,해오름,111.0811,202110,16,"32,000",21,2005,월영동11길 57,,-,-
경상남도 창원마산합포구 해운동,48,48,0,해오름,84.9729,202110,16,"26,000",4,2005,월영동11길 57,,-,-
경상남도 창원마산합포구 해운동,48,48,0,해오름,84.9729,202110,18,"26,000",3,2005,월영동11길 57,,-,-
경상남도 창원마산합포구 해운동,48,48,0,해오름,111.0811,202110,19,"32,000",10,2005,월영동11길 57,,-,-
경상남도 창원마산합포구 해운동,48,48,0,해오름,84.9729,202110,20,"26,000",4,2005,월영동11길 57,,-,-
경상남도 창원마산합포구 해운동,48,48,0,해오름,111.0811,202110,20,"31,000",8,2005,월영동11길 57,,-,-
경상남도 창원마산합포구 해운동,48,48,0,해오름,111.0811,202110,22,"39,000",21,2005,월영동11길 57,,-,-
경상남도 창원마산합포구 해운동,48,48,0,해오름,111.0811,202110,26,"32,000",6,2005,월영동11길 57,,-,-
경상남도 창원마산합포구 해운동,48,48,0,해오름,111.0811,202110,27,"32,000",3,2005,월영동11길 57,,-,-
경상남도 창원마산합포구 해운동,48,48,0,해오름,84.9729,202110,27,"26,000",3,2005,월영동11길 57,,-,-
경상남도 창원마산합포구 해운동,48,48,0,해오름,84.9729,202110,27,"26,000",4,2005,월영동11길 57,,-,-
경상남도 창원마산합포구 해운동,59,59,0,해운동성,59.958,202110,8,"16,400",21,1996,월영동16길 17,,-,-
경상남도 창원마산합포구 해운동,59,59,0,해운동성,59.958,202110,9,"18,000",6,1996,월영동16길 17,20211015,-,-
경상남도 창원마산합포구 해운동,59,59,0,해운동성,59.958,202110,9,"18,000",6,1996,월영동16길 17,,-,-
경상남도 창원마산합포구 해운동,59,59,0,해운동성,84.97,202110,11,"18,300",3,1996,월영동16길 17,,-,-
경상남도 창원마산합포구 해운동,59,59,0,해운동성,59.958,202110,14,"17,000",14,1996,월영동16길 17,,-,-
경상남도 창원마산합포구 해운동,Feb-66,66,2,해운한백,54.06,202110,13,"9,100",17,2001,월영동13길 14,,-,-
경상남도 창원마산합포구 해운동,Jan-47,47,1,현대,59.95,202110,23,"16,500",15,1995,월영동11길 37,,-,-
경상남도 창원마산합포구 해운동,Jan-47,47,1,현대,59.95,202110,25,"15,000",14,1995,월영동11길 37,,-,-
경상남도 창원마산합포구 현동,620,620,0,엘에이치그린품애,84.95,202110,2,"23,000",3,2015,묘촌1길 28,,-,-
경상남도 창원마산합포구 현동,620,620,0,엘에이치그린품애,84.91,202110,8,"23,100",18,2015,묘촌1길 28,,-,-
경상남도 창원마산합포구 현동,620,620,0,엘에이치그린품애,59.96,202110,14,"19,700",11,2015,묘촌1길 28,,-,-
경상남도 창원마산합포구 현동,620,620,0,엘에이치그린품애,84.91,202110,15,"26,600",10,2015,묘촌1길 28,,-,-
경상남도 창원마산합포구 현동,620,620,0,엘에이치그린품애,84.91,202110,16,"24,000",15,2015,묘촌1길 28,,-,-
경상남도 창원마산합포구 현동,620,620,0,엘에이치그린품애,84.95,202110,19,"23,500",3,2015,묘촌1길 28,,-,-
경상남도 창원마산합포구 현동,620,620,0,엘에이치그린품애,84.95,202110,19,"23,500",3,2015,묘촌1길 28,20211103,-,-
경상남도 창원마산합포구 현동,620,620,0,엘에이치그린품애,59.96,202110,20,"20,500",11,2015,묘촌1길 28,,-,-
경상남도 창원마산합포구 현동,620,620,0,엘에이치그린품애,59.8,202110,23,"20,000",4,2015,묘촌1길 28,,-,-
경상남도 창원마산합포구 현동,620,620,0,엘에이치그린품애,59.8,202110,24,"19,450",6,2015,묘촌1길 28,,-,-
경상남도 창원마산합포구 현동,620,620,0,엘에이치그린품애,59.96,202110,31,"20,700",7,2015,묘촌1길 28,,-,-
경상남도 창원마산합포구 현동,210,210,0,중흥S클래스프라디움1차,84.99,202110,4,"24,000",8,2014,현동4길 20,,-,-
경상남도 창원마산합포구 현동,210,210,0,중흥S클래스프라디움1차,84.99,202110,9,"29,450",15,2014,현동4길 20,,-,-
경상남도 창원마산합포구 현동,210,210,0,중흥S클래스프라디움1차,84.99,202110,12,"26,500",19,2014,현동4길 20,,-,-
경상남도 창원마산합포구 현동,210,210,0,중흥S클래스프라디움1차,84.99,202110,14,"26,300",18,2014,현동4길 20,,-,-
경상남도 창원마산합포구 현동,210,210,0,중흥S클래스프라디움1차,84.99,202110,14,"28,000",7,2014,현동4길 20,,-,-
경상남도 창원마산합포구 현동,210,210,0,중흥S클래스프라디움1차,84.99,202110,18,"26,800",17,2014,현동4길 20,,-,-
경상남도 창원마산합포구 현동,606,606,0,중흥S클래스프라디움2차,84.9995,202110,2,"29,500",7,2015,현동9길 14,,-,-
경상남도 창원마산합포구 현동,606,606,0,중흥S클래스프라디움2차,84.9995,202110,2,"28,800",13,2015,현동9길 14,,-,-
경상남도 창원마산합포구 현동,606,606,0,중흥S클래스프라디움2차,84.9995,202110,11,"30,000",13,2015,현동9길 14,,-,-
경상남도 창원마산합포구 현동,606,606,0,중흥S클래스프라디움2차,84.9995,202110,14,"34,000",15,2015,현동9길 14,,-,-
경상남도 창원마산합포구 현동,606,606,0,중흥S클래스프라디움2차,84.9995,202110,19,"38,000",17,2015,현동9길 14,,-,-
경상남도 창원마산합포구 현동,700,700,0,중흥S클래스프라디움3차,107.9259,202110,1,"29,700",1,2017,현동1길 8,,-,-
경상남도 창원마산합포구 현동,700,700,0,중흥S클래스프라디움3차,84.9841,202110,2,"29,000",8,2017,현동1길 8,,-,-
경상남도 창원마산합포구 현동,700,700,0,중흥S클래스프라디움3차,84.9841,202110,2,"29,000",14,2017,현동1길 8,,-,-
경상남도 창원마산합포구 현동,700,700,0,중흥S클래스프라디움3차,84.9841,202110,3,"29,700",15,2017,현동1길 8,,-,-
경상남도 창원마산합포구 현동,700,700,0,중흥S클래스프라디움3차,84.9841,202110,5,"28,500",16,2017,현동1길 8,,-,-
경상남도 창원마산합포구 현동,700,700,0,중흥S클래스프라디움3차,84.9841,202110,6,"30,500",19,2017,현동1길 8,,-,-
경상남도 창원마산합포구 현동,700,700,0,중흥S클래스프라디움3차,84.9854,202110,7,"30,800",5,2017,현동1길 8,,-,-
경상남도 창원마산합포구 현동,700,700,0,중흥S클래스프라디움3차,84.9841,202110,8,"31,000",18,2017,현동1길 8,,-,-
경상남도 창원마산합포구 현동,700,700,0,중흥S클래스프라디움3차,84.9841,202110,8,"34,900",3,2017,현동1길 8,,-,-
경상남도 창원마산합포구 현동,700,700,0,중흥S클래스프라디움3차,107.9259,202110,9,"31,900",1,2017,현동1길 8,,-,-
경상남도 창원마산합포구 현동,700,700,0,중흥S클래스프라디움3차,84.9839,202110,16,"29,000",21,2017,현동1길 8,,-,-
경상남도 창원마산합포구 현동,700,700,0,중흥S클래스프라디움3차,84.9841,202110,16,"35,000",3,2017,현동1길 8,,-,-
경상남도 창원마산합포구 현동,700,700,0,중흥S클래스프라디움3차,84.9841,202110,23,"29,800",6,2017,현동1길 8,,-,-
경상남도 창원마산합포구 현동,700,700,0,중흥S클래스프라디움3차,84.9839,202110,23,"31,000",7,2017,현동1길 8,,-,-
경상남도 창원마산합포구 현동,700,700,0,중흥S클래스프라디움3차,84.9841,202110,26,"31,500",7,2017,현동1길 8,,-,-
경상남도 창원마산합포구 현동,608,608,0,창원현동하늘채,59.979,202110,1,"21,000",19,2018,현동9길 13,20211029,-,-
경상남도 창원마산합포구 현동,608,608,0,창원현동하늘채,59.979,202110,2,"19,500",4,2018,현동9길 13,,-,-
경상남도 창원마산합포구 현동,608,608,0,창원현동하늘채,59.979,202110,8,"22,000",7,2018,현동9길 13,,-,-
경상남도 창원마산합포구 현동,608,608,0,창원현동하늘채,59.979,202110,16,"22,500",14,2018,현동9길 13,,-,-
경상남도 창원마산합포구 현동,608,608,0,창원현동하늘채,59.979,202110,30,"26,850",18,2018,현동9길 13,,-,-
경상남도 창원마산회원구 구암동,1335,1335,0,경남(1335),48.015,202110,18,"11,500",4,1985,소계천서길 49,,-,-
경상남도 창원마산회원구 구암동,1335,1335,0,경남(1335),48.015,202110,21,"11,500",4,1985,소계천서길 49,,-,-
경상남도 창원마산회원구 구암동,1335,1335,0,경남(1335),48.015,202110,30,"12,000",1,1985,소계천서길 49,,-,-
경상남도 창원마산회원구 구암동,1336-1,1336,1,경남(1336),52.4175,202110,12,"11,600",1,1986,소계천서길 59,,-,-
경상남도 창원마산회원구 구암동,1336-1,1336,1,경남(1336),52.4175,202110,14,"9,800",5,1986,소계천서길 59,,-,-
경상남도 창원마산회원구 구암동,1336-1,1336,1,경남(1336),52.015,202110,17,"11,200",4,1986,소계천서길 59,,-,-
경상남도 창원마산회원구 구암동,87,87,0,구암대동,84.99,202110,2,"23,900",14,1998,구암남16길 54,,-,-
경상남도 창원마산회원구 구암동,87,87,0,구암대동,84.99,202110,16,"21,800",8,1998,구암남16길 54,,-,-
경상남도 창원마산회원구 구암동,87,87,0,구암대동,84.99,202110,22,"19,500",23,1998,구암남16길 54,,-,-
경상남도 창원마산회원구 구암동,87,87,0,구암대동,59.925,202110,23,"14,900",2,1998,구암남14길 13,,-,-
경상남도 창원마산회원구 구암동,87,87,0,구암대동,84.99,202110,25,"23,800",22,1998,구암남16길 54,,-,-
경상남도 창원마산회원구 구암동,Jan-51,51,1,구암동메트로하이츠,115.5933,202110,13,"31,000",1,2006,팔용로 215,,-,-
경상남도 창원마산회원구 구암동,Oct-96,96,10,삼우,37.49,202110,5,"4,750",1,1979,구암남11길 26,,-,-
경상남도 창원마산회원구 구암동,1212,1212,0,신우,48.5302,202110,1,"8,900",3,2001,구암남21길 3,,-,-
경상남도 창원마산회원구 구암동,1344,1344,0,한성(1344),54.99,202110,27,"11,900",4,1984,구암북11길 60,,-,-
경상남도 창원마산회원구 구암동,1337,1337,0,한우,57.75,202110,20,"12,000",1,1985,구암북12길 70,20211029,-,-
경상남도 창원마산회원구 구암동,1337,1337,0,한우,57.75,202110,23,"12,800",3,1985,구암북12길 70,20211104,-,-
경상남도 창원마산회원구 구암동,1337,1337,0,한우,57.75,202110,28,"11,350",4,1985,구암북12길 70,,-,-
경상남도 창원마산회원구 구암동,1337,1337,0,한우,57.75,202110,30,"13,500",1,1985,구암북12길 70,,-,-
경상남도 창원마산회원구 구암동,1337,1337,0,한우,57.75,202110,30,"13,500",1,1985,구암북12길 70,20211031,-,-
경상남도 창원마산회원구 구암동,07월 20일,20,7,한진,59.9,202110,5,"10,450",4,1978,구암서1길 3,,-,-
경상남도 창원마산회원구 구암동,26-17,26,17,한효이화맨션,70.335,202110,12,"12,300",3,1987,구암남2길 24,,-,-
경상남도 창원마산회원구 내서읍 삼계리,7,7,0,THE-푸른,59.99,202110,2,"12,100",3,1998,삼계10길 22,,-,-
경상남도 창원마산회원구 내서읍 삼계리,7,7,0,THE-푸른,59.99,202110,2,"13,000",12,1998,삼계10길 22,,-,-
경상남도 창원마산회원구 내서읍 삼계리,7,7,0,THE-푸른,59.99,202110,3,"11,400",15,1998,삼계10길 22,,-,-
경상남도 창원마산회원구 내서읍 삼계리,7,7,0,THE-푸른,49.62,202110,5,"9,500",14,1998,삼계10길 22,,-,-
경상남도 창원마산회원구 내서읍 삼계리,7,7,0,THE-푸른,49.62,202110,7,"9,300",13,1998,삼계10길 22,,-,-
경상남도 창원마산회원구 내서읍 삼계리,7,7,0,THE-푸른,59.99,202110,11,"12,900",4,1998,삼계10길 22,,-,-
경상남도 창원마산회원구 내서읍 삼계리,7,7,0,THE-푸른,59.99,202110,27,"12,300",10,1998,삼계10길 22,,-,-
경상남도 창원마산회원구 내서읍 삼계리,7,7,0,THE-푸른,49.62,202110,28,"9,500",14,1998,삼계10길 22,,-,-
경상남도 창원마산회원구 내서읍 삼계리,34,34,0,대동,70.65,202110,9,"18,000",6,1998,삼계5길 30,,-,-
경상남도 창원마산회원구 내서읍 삼계리,34,34,0,대동,70.8,202110,13,"15,500",5,1998,삼계5길 30,,-,-
경상남도 창원마산회원구 내서읍 삼계리,34,34,0,대동,70.65,202110,15,"15,500",5,1998,삼계5길 30,,-,-
경상남도 창원마산회원구 내서읍 삼계리,34,34,0,대동,59.9,202110,30,"13,500",14,1998,삼계5길 30,,-,-
경상남도 창원마산회원구 내서읍 삼계리,37,37,0,대동다:숲,76.99,202110,7,"18,200",15,1999,삼계2길 31,,-,-
경상남도 창원마산회원구 내서읍 삼계리,37,37,0,대동다:숲,76.99,202110,23,"16,400",14,1999,삼계2길 31,,-,-
경상남도 창원마산회원구 내서읍 삼계리,37,37,0,대동다:숲,84.97,202110,23,"18,000",11,1999,삼계2길 31,,-,-
경상남도 창원마산회원구 내서읍 삼계리,290,290,0,대동이미지1단지,84.9977,202110,3,"18,900",5,2003,광려로 28,,-,-
경상남도 창원마산회원구 내서읍 삼계리,290,290,0,대동이미지1단지,84.9977,202110,5,"17,900",3,2003,광려로 28,,-,-
경상남도 창원마산회원구 내서읍 삼계리,290,290,0,대동이미지1단지,84.9977,202110,9,"19,100",13,2003,광려로 28,,-,-
경상남도 창원마산회원구 내서읍 삼계리,260,260,0,대동이미지2단지,59.9841,202110,13,"12,500",11,2003,광려로 29,,-,-
경상남도 창원마산회원구 내서읍 삼계리,260,260,0,대동이미지2단지,59.9841,202110,27,"13,000",20,2003,광려로 29,,-,-
경상남도 창원마산회원구 내서읍 삼계리,505-1,505,1,마산삼계주공3단지,49.71,202110,14,"8,500",7,2001,삼계본동1길 86,,-,-
경상남도 창원마산회원구 내서읍 삼계리,507-1,507,1,숲속마을(507-1),75.95,202110,11,"18,400",2,2001,숲속로 30,,-,-
경상남도 창원마산회원구 내서읍 삼계리,507-1,507,1,숲속마을(507-1),75.95,202110,17,"19,500",15,2001,숲속로 30,,-,-
경상남도 창원마산회원구 내서읍 삼계리,507-1,507,1,숲속마을(507-1),75.95,202110,24,"18,500",13,2001,숲속로 30,,-,-
경상남도 창원마산회원구 내서읍 삼계리,507-1,507,1,숲속마을(507-1),84.45,202110,26,"22,000",12,2001,숲속로 30,,-,-
경상남도 창원마산회원구 내서읍 삼계리,507-1,507,1,숲속마을(507-1),84.45,202110,26,"21,950",9,2001,숲속로 30,,-,-
경상남도 창원마산회원구 내서읍 삼계리,507-1,507,1,숲속마을(507-1),75.95,202110,30,"18,300",10,2001,숲속로 30,,-,-
경상남도 창원마산회원구 내서읍 삼계리,506,506,0,숲속마을주공그린빌4단지,75.85,202110,1,"20,000",12,2002,숲속로 8,,-,-
경상남도 창원마산회원구 내서읍 삼계리,506,506,0,숲속마을주공그린빌4단지,59.26,202110,5,"14,100",13,2002,숲속로 8,,-,-
경상남도 창원마산회원구 내서읍 삼계리,506,506,0,숲속마을주공그린빌4단지,84.55,202110,6,"18,700",1,2002,숲속로 8,,-,-
경상남도 창원마산회원구 내서읍 삼계리,506,506,0,숲속마을주공그린빌4단지,75.85,202110,9,"19,000",4,2002,숲속로 8,,-,-
경상남도 창원마산회원구 내서읍 삼계리,38,38,0,한우리,59.865,202110,9,"10,900",14,2000,삼계1길 48,,-,-
경상남도 창원마산회원구 내서읍 삼계리,38,38,0,한우리,59.865,202110,13,"10,700",2,2000,삼계1길 48,,-,-
경상남도 창원마산회원구 내서읍 삼계리,21,21,0,현대,77.24,202110,11,"20,000",8,1998,삼풍로 82,,-,-
경상남도 창원마산회원구 내서읍 삼계리,21,21,0,현대,77.24,202110,11,"20,800",9,1998,삼풍로 82,,-,-
경상남도 창원마산회원구 내서읍 삼계리,21,21,0,현대,99.43,202110,20,"23,700",15,1998,삼풍로 82,,-,-
경상남도 창원마산회원구 내서읍 삼계리,21,21,0,현대,77.24,202110,21,"18,500",2,1998,삼풍로 82,,-,-
경상남도 창원마산회원구 내서읍 상곡리,194,194,0,가고파,49.964,202110,19,"5,900",5,1993,상곡로 35,,-,-
경상남도 창원마산회원구 내서읍 상곡리,67,67,0,삼계서진,39.9,202110,18,"4,400",11,1997,경남대로 1019,,-,-
경상남도 창원마산회원구 내서읍 상곡리,67,67,0,삼계서진,39.9,202110,21,"5,400",9,1997,경남대로 1019,,-,-
경상남도 창원마산회원구 내서읍 상곡리,195,195,0,신성,59.908,202110,1,"12,800",5,2003,상곡로 21,,-,-
경상남도 창원마산회원구 내서읍 상곡리,195,195,0,신성,59.908,202110,7,"12,950",6,2003,상곡로 21,,-,-
경상남도 창원마산회원구 내서읍 상곡리,192,192,0,중리근로복지,49.77,202110,2,"6,500",14,1993,상곡로 67,,-,-
경상남도 창원마산회원구 내서읍 상곡리,192,192,0,중리근로복지,41.85,202110,11,"4,850",3,1993,상곡로 67,,-,-
경상남도 창원마산회원구 내서읍 상곡리,192,192,0,중리근로복지,49.77,202110,13,"6,400",15,1993,상곡로 67,,-,-
경상남도 창원마산회원구 내서읍 원계리,832-49,832,49,한일유엔아이,84.4857,202110,16,"19,200",5,2005,광려천남로 245,,-,-
경상남도 창원마산회원구 내서읍 원계리,832-49,832,49,한일유엔아이,84.4857,202110,21,"20,000",17,2005,광려천남로 245,,-,-
경상남도 창원마산회원구 내서읍 중리,1038,1038,0,동신1,105.78,202110,5,"18,600",11,1994,중리상곡로 114,,-,-
경상남도 창원마산회원구 내서읍 중리,1038,1038,0,동신1,93.285,202110,6,"15,700",11,1994,중리상곡로 114,,-,-
경상남도 창원마산회원구 내서읍 중리,1038,1038,0,동신1,105.78,202110,10,"18,700",11,1994,중리상곡로 114,,-,-
경상남도 창원마산회원구 내서읍 중리,1036,1036,0,동신2,84.99,202110,25,"16,000",5,1996,중리상곡로 134,,-,-
경상남도 창원마산회원구 내서읍 중리,1056,1056,0,시영장미,47.61,202110,1,"6,700",5,1992,중리상곡로 18,,-,-
경상남도 창원마산회원구 내서읍 중리,1056,1056,0,시영장미,47.61,202110,20,"5,800",11,1992,중리상곡로 18,,-,-
경상남도 창원마산회원구 내서읍 중리,1056,1056,0,시영장미,47.61,202110,25,"7,050",9,1992,중리상곡로 18,,-,-
경상남도 창원마산회원구 내서읍 중리,1080-2,1080,2,아델존,66.64,202110,9,"8,950",3,2010,중리상곡로 51,,-,-
경상남도 창원마산회원구 내서읍 중리,1054,1054,0,중리백로,59.92,202110,7,"8,500",2,1995,중리상곡로 20-1,,-,-
경상남도 창원마산회원구 내서읍 중리,1054,1054,0,중리백로,59.97,202110,17,"9,000",12,1995,중리상곡로 20-1,,-,-
경상남도 창원마산회원구 내서읍 중리,1054,1054,0,중리백로,59.92,202110,25,"8,400",15,1995,중리상곡로 20-1,,-,-
경상남도 창원마산회원구 내서읍 중리,470-11,470,11,한주,59.25,202110,25,"7,000",5,1992,함마대로 2821,,-,-
경상남도 창원마산회원구 내서읍 중리,338-1,338,1,현대,74.295,202110,10,"8,100",12,1992,호원로 186-1,,-,-
경상남도 창원마산회원구 내서읍 중리,338-1,338,1,현대,84.945,202110,19,"10,000",8,1992,호원로 186-1,,-,-
경상남도 창원마산회원구 내서읍 중리,338-1,338,1,현대,84.945,202110,24,"11,700",15,1992,호원로 186-1,,-,-
경상남도 창원마산회원구 내서읍 호계리,300,300,0,서광맨션,84.15,202110,8,"7,900",7,1991,광려천동로 22,,-,-
경상남도 창원마산회원구 내서읍 호계리,300,300,0,서광맨션,52.11,202110,9,"6,400",5,1991,광려천동로 22,,-,-
경상남도 창원마산회원구 내서읍 호계리,289-7,289,7,정일맨션,74.28,202110,15,"11,300",9,1994,호원로 243,,-,-
경상남도 창원마산회원구 내서읍 호계리,348,348,0,중리2차서광,84.19,202110,22,"9,500",10,1992,호계안길 91,,-,-
경상남도 창원마산회원구 내서읍 호계리,348,348,0,중리2차서광,84.19,202110,30,"10,400",12,1992,호계안길 91,,-,-
경상남도 창원마산회원구 내서읍 호계리,348,348,0,중리2차서광,80.77,202110,30,"9,500",3,1992,호계안길 91,,-,-
경상남도 창원마산회원구 내서읍 호계리,10,10,0,코오롱하늘채1차아파트,59.946,202110,5,"15,700",10,2001,호원로 361-3,,-,-
경상남도 창원마산회원구 내서읍 호계리,10,10,0,코오롱하늘채1차아파트,71.886,202110,8,"17,000",5,2001,호원로 361-3,,-,-
경상남도 창원마산회원구 내서읍 호계리,10,10,0,코오롱하늘채1차아파트,59.946,202110,8,"16,000",13,2001,호원로 361-3,,-,-
경상남도 창원마산회원구 내서읍 호계리,10,10,0,코오롱하늘채1차아파트,84.967,202110,15,"17,500",23,2001,호원로 361-3,,-,-
경상남도 창원마산회원구 내서읍 호계리,10,10,0,코오롱하늘채1차아파트,59.946,202110,16,"16,000",16,2001,호원로 361-3,,-,-
경상남도 창원마산회원구 내서읍 호계리,10,10,0,코오롱하늘채1차아파트,84.967,202110,16,"17,300",4,2001,호원로 361-3,,-,-
경상남도 창원마산회원구 내서읍 호계리,10,10,0,코오롱하늘채1차아파트,127.862,202110,16,"27,200",20,2001,호원로 361-3,,-,-
경상남도 창원마산회원구 내서읍 호계리,10,10,0,코오롱하늘채1차아파트,84.959,202110,22,"21,800",6,2001,호원로 361-3,,-,-
경상남도 창원마산회원구 내서읍 호계리,10,10,0,코오롱하늘채1차아파트,59.946,202110,23,"17,000",9,2001,호원로 361-3,,-,-
경상남도 창원마산회원구 내서읍 호계리,10,10,0,코오롱하늘채1차아파트,59.946,202110,25,"15,500",18,2001,호원로 361-3,,-,-
경상남도 창원마산회원구 내서읍 호계리,10,10,0,코오롱하늘채1차아파트,104.636,202110,26,"21,200",1,2001,호원로 361-3,,-,-
경상남도 창원마산회원구 내서읍 호계리,10,10,0,코오롱하늘채1차아파트,59.946,202110,30,"15,800",13,2001,호원로 361-3,,-,-
경상남도 창원마산회원구 내서읍 호계리,80,80,0,코오롱하늘채2차,103.932,202110,4,"28,600",4,2005,호원로 359,,-,-
경상남도 창원마산회원구 내서읍 호계리,80,80,0,코오롱하늘채2차,74.188,202110,11,"23,000",22,2005,호원로 359,,-,-
경상남도 창원마산회원구 내서읍 호계리,80,80,0,코오롱하늘채2차,84.998,202110,15,"30,000",14,2005,호원로 359,,-,-
경상남도 창원마산회원구 내서읍 호계리,80,80,0,코오롱하늘채2차,84.99,202110,16,"22,700",6,2005,호원로 359,,-,-
경상남도 창원마산회원구 내서읍 호계리,80,80,0,코오롱하늘채2차,74.188,202110,18,"24,300",2,2005,호원로 359,,-,-
경상남도 창원마산회원구 내서읍 호계리,352,352,0,현대성우,65.8752,202110,18,"13,900",16,2004,광려천북로 58,,-,-
경상남도 창원마산회원구 내서읍 호계리,Jan-53,53,1,화인태양,58.59,202110,4,"7,000",1,1991,광려천북로 206,,-,-
경상남도 창원마산회원구 봉암동,277,277,0,봉암서광,59.34,202110,13,"8,600",3,2000,봉양로 241,,-,-
경상남도 창원마산회원구 봉암동,277,277,0,봉암서광,59.34,202110,29,"8,400",1,2000,봉양로 241,,-,-
경상남도 창원마산회원구 석전동,232-1,232,1,동도센트리움,84.574,202110,8,"26,000",2,2013,양덕옛2길 129,,-,-
경상남도 창원마산회원구 석전동,238-8,238,8,리치,80.573,202110,10,"22,000",8,2015,석전동8길 35,,-,-
경상남도 창원마산회원구 석전동,238-8,238,8,리치,80.573,202110,13,"23,000",12,2015,석전동8길 35,,-,-
경상남도 창원마산회원구 석전동,223-2,223,2,석전동다움,68.9048,202110,5,"20,500",22,2017,석전동15길 40,,-,-
경상남도 창원마산회원구 석전동,223-2,223,2,석전동다움,52.8953,202110,8,"17,700",10,2017,석전동15길 40,20211022,-,-
경상남도 창원마산회원구 석전동,223-2,223,2,석전동다움,52.8953,202110,8,"17,700",10,2017,석전동15길 40,,-,-
경상남도 창원마산회원구 석전동,252-1,252,1,우성,58.92,202110,19,"8,000",4,1985,석전동로 31,,-,-
경상남도 창원마산회원구 석전동,260-14,260,14,이미지피렌체,116.0746,202110,11,"26,000",6,2004,양덕옛1길 37,,-,-
경상남도 창원마산회원구 석전동,260-14,260,14,이미지피렌체,84.9381,202110,16,"20,400",18,2004,양덕옛1길 37,,-,-
경상남도 창원마산회원구 석전동,146-11,146,11,일우,84.94,202110,20,"15,600",2,1991,석전남23길 6,,-,-
경상남도 창원마산회원구 석전동,203-10,203,10,일우근주맨션,84.72,202110,2,"15,800",15,1994,석전북2길 64,,-,-
경상남도 창원마산회원구 석전동,203-10,203,10,일우근주맨션,84.72,202110,2,"15,800",15,1994,석전북2길 64,20211029,-,-
경상남도 창원마산회원구 석전동,203-10,203,10,일우근주맨션,84.72,202110,14,"15,900",14,1994,석전북2길 64,,-,-
경상남도 창원마산회원구 석전동,203-10,203,10,일우근주맨션,59.67,202110,26,"10,200",4,1994,석전북2길 64,20211029,-,-
경상남도 창원마산회원구 석전동,203-10,203,10,일우근주맨션,59.67,202110,26,"10,200",4,1994,석전북2길 64,,-,-
경상남도 창원마산회원구 석전동,203-10,203,10,일우근주맨션,59.67,202110,26,"10,800",2,1994,석전북2길 64,,-,-
경상남도 창원마산회원구 석전동,203-10,203,10,일우근주맨션,84.34,202110,29,"15,500",2,1994,석전북2길 64,,-,-
경상남도 창원마산회원구 석전동,300,300,0,창원메트로시티석전,71.2807,202110,6,"48,000",10,2019,석전남8길 40,,-,-
경상남도 창원마산회원구 석전동,300,300,0,창원메트로시티석전,84.9952,202110,7,"56,200",14,2019,석전남8길 40,,-,-
경상남도 창원마산회원구 석전동,300,300,0,창원메트로시티석전,84.9952,202110,8,"55,500",10,2019,석전남8길 40,,-,-
경상남도 창원마산회원구 석전동,300,300,0,창원메트로시티석전,59.6947,202110,9,"41,500",23,2019,석전남8길 40,,-,-
경상남도 창원마산회원구 석전동,300,300,0,창원메트로시티석전,72.1787,202110,11,"50,000",28,2019,석전남8길 40,,-,-
경상남도 창원마산회원구 석전동,300,300,0,창원메트로시티석전,72.1787,202110,14,"50,000",20,2019,석전남8길 40,,-,-
경상남도 창원마산회원구 석전동,300,300,0,창원메트로시티석전,59.6825,202110,15,"40,500",12,2019,석전남8길 40,,-,-
경상남도 창원마산회원구 석전동,300,300,0,창원메트로시티석전,84.9952,202110,15,"59,000",25,2019,석전남8길 40,,-,-
경상남도 창원마산회원구 석전동,300,300,0,창원메트로시티석전,84.9952,202110,15,"59,500",24,2019,석전남8길 40,,-,-
경상남도 창원마산회원구 석전동,300,300,0,창원메트로시티석전,59.6947,202110,16,"37,000",2,2019,석전남8길 40,,-,-
경상남도 창원마산회원구 석전동,300,300,0,창원메트로시티석전,84.9409,202110,17,"58,000",23,2019,석전남8길 40,,-,-
경상남도 창원마산회원구 석전동,300,300,0,창원메트로시티석전,84.9409,202110,18,"57,000",6,2019,석전남8길 40,,-,-
경상남도 창원마산회원구 석전동,300,300,0,창원메트로시티석전,59.6947,202110,19,"40,500",8,2019,석전남8길 40,,-,-
경상남도 창원마산회원구 석전동,300,300,0,창원메트로시티석전,59.6825,202110,22,"40,000",19,2019,석전남8길 40,,-,-
경상남도 창원마산회원구 양덕동,Jan-92,92,1,거북,48.15,202110,14,"10,500",1,1983,양덕북15길 3,,-,-
경상남도 창원마산회원구 양덕동,05월 02일,5,2,경남아파트2동3동,84.135,202110,12,"13,500",5,1992,양덕동17길 22,,-,-
경상남도 창원마산회원구 양덕동,161-1,161,1,대림하이빌,84.9365,202110,2,"23,700",14,2002,양덕동2길 76,,-,-
경상남도 창원마산회원구 양덕동,161-1,161,1,대림하이빌,120.8039,202110,5,"28,200",20,2002,양덕동2길 76,,-,-
경상남도 창원마산회원구 양덕동,161-1,161,1,대림하이빌,84.9365,202110,11,"25,800",11,2002,양덕동2길 76,,-,-
경상남도 창원마산회원구 양덕동,161-1,161,1,대림하이빌,84.9365,202110,18,"24,500",2,2002,양덕동2길 76,,-,-
경상남도 창원마산회원구 양덕동,96-13,96,13,대상,59.865,202110,22,"19,000",7,1999,양덕북17길 48,,-,-
경상남도 창원마산회원구 양덕동,153-6,153,6,드림타워,73.0959,202110,2,"16,200",6,2017,양덕남9길 10,,-,-
경상남도 창원마산회원구 양덕동,153-6,153,6,드림타워,73.0959,202110,7,"12,600",14,2017,양덕남9길 10,,-,-
경상남도 창원마산회원구 양덕동,153-6,153,6,드림타워,73.0959,202110,14,"12,600",9,2017,양덕남9길 10,,-,-
경상남도 창원마산회원구 양덕동,153-6,153,6,드림타워,79.379,202110,19,"16,600",5,2017,양덕남9길 10,,-,-
경상남도 창원마산회원구 양덕동,Sep-79,79,9,마산양덕4차한일타운,83.683,202110,6,"35,000",11,2004,양덕서로 45,,-,-
경상남도 창원마산회원구 양덕동,Sep-79,79,9,마산양덕4차한일타운,83.683,202110,6,"38,000",22,2004,양덕서로 45,,-,-
경상남도 창원마산회원구 양덕동,Sep-79,79,9,마산양덕4차한일타운,83.683,202110,12,"36,000",19,2004,양덕서로 45,,-,-
경상남도 창원마산회원구 양덕동,Sep-79,79,9,마산양덕4차한일타운,117.5604,202110,18,"46,000",18,2004,양덕서로 45,,-,-
경상남도 창원마산회원구 양덕동,Sep-79,79,9,마산양덕4차한일타운,83.683,202110,23,"39,500",16,2004,양덕서로 45,,-,-
경상남도 창원마산회원구 양덕동,Sep-79,79,9,마산양덕4차한일타운,83.683,202110,26,"39,700",11,2004,양덕서로 45,,-,-
경상남도 창원마산회원구 양덕동,Sep-79,79,9,마산양덕4차한일타운,117.5604,202110,27,"35,000",3,2004,양덕서로 45,,-,-
경상남도 창원마산회원구 양덕동,Aug-77,77,8,마산양덕동동아위드필하임,79.0133,202110,21,"31,300",21,2017,양덕서로 45-1,,-,-
경상남도 창원마산회원구 양덕동,Aug-77,77,8,마산양덕동동아위드필하임,79.0133,202110,21,"32,500",8,2017,양덕서로 45-1,,-,-
경상남도 창원마산회원구 양덕동,Aug-77,77,8,마산양덕동동아위드필하임,67.3711,202110,22,"25,000",7,2017,양덕서로 45-1,,-,-
경상남도 창원마산회원구 양덕동,Jan-84,84,1,메트로시티,124.4478,202110,1,"73,000",28,2009,양덕서로 30,,-,-
경상남도 창원마산회원구 양덕동,Jan-84,84,1,메트로시티,124.4478,202110,1,"68,000",20,2009,양덕서로 30,,-,-
경상남도 창원마산회원구 양덕동,Jan-84,84,1,메트로시티,134.6541,202110,4,"80,000",19,2009,양덕서로 30,,-,-
경상남도 창원마산회원구 양덕동,Jan-84,84,1,메트로시티,84.9933,202110,5,"56,000",3,2009,양덕서로 30,,-,-
경상남도 창원마산회원구 양덕동,Jan-84,84,1,메트로시티,84.6697,202110,6,"62,000",28,2009,양덕서로 30,,-,-
경상남도 창원마산회원구 양덕동,Jan-84,84,1,메트로시티,84.6697,202110,8,"61,000",31,2009,양덕서로 30,,-,-
경상남도 창원마산회원구 양덕동,Jan-84,84,1,메트로시티,84.6697,202110,12,"63,000",32,2009,양덕서로 30,,-,-
경상남도 창원마산회원구 양덕동,Jan-84,84,1,메트로시티,124.4478,202110,16,"70,800",11,2009,양덕서로 30,,-,-
경상남도 창원마산회원구 양덕동,Jan-84,84,1,메트로시티,84.9933,202110,18,"51,000",5,2009,양덕서로 30,,-,-
경상남도 창원마산회원구 양덕동,Jan-84,84,1,메트로시티,84.9933,202110,20,"58,000",21,2009,양덕서로 30,,-,-
경상남도 창원마산회원구 양덕동,Jan-84,84,1,메트로시티,101.263,202110,23,"64,600",7,2009,양덕서로 30,,-,-
경상남도 창원마산회원구 양덕동,84-14,84,14,메트로시티2단지,101.14,202110,2,"80,000",49,2015,삼호로 80,,-,-
경상남도 창원마산회원구 양덕동,84-14,84,14,메트로시티2단지,84.975,202110,2,"62,000",7,2015,삼호로 80,,-,-
경상남도 창원마산회원구 양덕동,84-14,84,14,메트로시티2단지,84.947,202110,4,"77,000",43,2015,삼호로 80,,-,-
경상남도 창원마산회원구 양덕동,84-14,84,14,메트로시티2단지,84.937,202110,7,"70,700",44,2015,삼호로 80,,-,-
경상남도 창원마산회원구 양덕동,84-14,84,14,메트로시티2단지,101.961,202110,8,"75,000",13,2015,삼호로 80,,-,-
경상남도 창원마산회원구 양덕동,84-14,84,14,메트로시티2단지,84.937,202110,12,"75,000",29,2015,삼호로 80,,-,-
경상남도 창원마산회원구 양덕동,84-14,84,14,메트로시티2단지,84.947,202110,30,"68,500",34,2015,삼호로 80,,-,-
경상남도 창원마산회원구 양덕동,148-3,148,3,삼성버킹궁,84.809,202110,21,"23,200",14,2002,용마로 142,,-,-
경상남도 창원마산회원구 양덕동,03월 26일,26,3,서안타운,59.82,202110,14,"13,000",17,1994,팔용로 62-1,,-,-
경상남도 창원마산회원구 양덕동,03월 26일,26,3,서안타운,84.72,202110,19,"14,800",5,1994,팔용로 62-1,,-,-
경상남도 창원마산회원구 양덕동,153-28,153,28,수피아,43.9048,202110,20,"10,000",8,2012,양덕남9길 20,,-,-
경상남도 창원마산회원구 양덕동,535,535,0,양덕코오롱하늘채,84.8939,202110,11,"55,000",6,2016,양덕서5길 15,,-,-
경상남도 창원마산회원구 양덕동,535,535,0,양덕코오롱하늘채,84.9783,202110,16,"57,000",20,2016,양덕서5길 15,,-,-
경상남도 창원마산회원구 양덕동,888-1,888,1,우성,84.72,202110,2,"26,000",11,1998,양덕옛2길 16,,-,-
경상남도 창원마산회원구 양덕동,888-1,888,1,우성,84.72,202110,5,"27,000",4,1998,양덕옛2길 16,,-,-
경상남도 창원마산회원구 양덕동,888-1,888,1,우성,84.72,202110,12,"26,800",7,1998,양덕옛2길 16,,-,-
경상남도 창원마산회원구 양덕동,888-1,888,1,우성,74.9,202110,21,"23,900",16,1998,양덕옛2길 16,20211102,-,-
경상남도 창원마산회원구 양덕동,888-1,888,1,우성,74.9,202110,21,"23,900",16,1998,양덕옛2길 16,,-,-
경상남도 창원마산회원구 양덕동,Mar-54,54,3,장미,51.39,202110,10,"8,000",3,1983,양덕동10길 10,,-,-
경상남도 창원마산회원구 양덕동,158-5,158,5,정우맨션,83.74,202110,1,"11,900",10,1979,양덕동2길 106,,-,-
경상남도 창원마산회원구 양덕동,158-5,158,5,정우맨션,83.74,202110,8,"12,300",11,1979,양덕동2길 106,,-,-
경상남도 창원마산회원구 양덕동,Apr-53,53,4,타워맨션,80.99,202110,25,"12,700",2,1979,양덕동9길 43,,-,-
경상남도 창원마산회원구 양덕동,31,31,0,한빛타운,57.09,202110,8,"11,500",3,1995,양덕동18길 38,,-,-
경상남도 창원마산회원구 양덕동,910,910,0,한일3,59.852,202110,1,"22,000",20,2003,삼호로 151,,-,-
경상남도 창원마산회원구 양덕동,910,910,0,한일3,59.9322,202110,4,"22,000",12,2003,삼호로 151,,-,-
경상남도 창원마산회원구 양덕동,910,910,0,한일3,59.9322,202110,22,"21,700",10,2003,삼호로 151,,-,-
경상남도 창원마산회원구 양덕동,910,910,0,한일3,59.852,202110,23,"22,000",4,2003,삼호로 151,,-,-
경상남도 창원마산회원구 양덕동,Jan-74,74,1,한일타운,59.94,202110,10,"16,000",6,1994,양덕서8길 25,,-,-
경상남도 창원마산회원구 양덕동,Jan-64,64,1,한일타운2,84.958,202110,11,"24,000",1,1996,양덕로 151,,-,-
경상남도 창원마산회원구 양덕동,Jan-64,64,1,한일타운2,84.958,202110,16,"24,100",3,1996,양덕로 151,,-,-
경상남도 창원마산회원구 합성동,358,358,0,롯데캐슬더퍼스트,84.9948,202110,4,"52,000",14,2018,합성북16길 197,,-,-
경상남도 창원마산회원구 합성동,358,358,0,롯데캐슬더퍼스트,84.9948,202110,4,"49,900",1,2018,합성북16길 197,,-,-
경상남도 창원마산회원구 합성동,358,358,0,롯데캐슬더퍼스트,84.9874,202110,4,"56,200",22,2018,합성북16길 197,,-,-
경상남도 창원마산회원구 합성동,358,358,0,롯데캐슬더퍼스트,84.9948,202110,9,"54,100",7,2018,합성북16길 197,,-,-
경상남도 창원마산회원구 합성동,358,358,0,롯데캐슬더퍼스트,84.9948,202110,11,"55,500",22,2018,합성북16길 197,,-,-
경상남도 창원마산회원구 합성동,694-1,694,1,무학,49.56,202110,23,"12,000",3,1987,금강로 35,,-,-
경상남도 창원마산회원구 합성동,694-1,694,1,무학,49.56,202110,29,"11,000",3,1987,금강로 35,,-,-
경상남도 창원마산회원구 합성동,167-2,167,2,백조,60.26,202110,19,"7,500",1,1978,합성동12길 36,,-,-
경상남도 창원마산회원구 회원동,33-14,33,14,대교,79.47,202110,8,"17,500",6,2003,회원동16길 10,,-,-
경상남도 창원마산회원구 회원동,415,415,0,한효,124.03,202110,19,"32,000",10,1994,회원동3길 38,,-,-
경상남도 창원성산구 가음동,03월 24일,24,3,상록,34.473,202110,18,"30,500",3,1981,대정로 9,,-,-
경상남도 창원성산구 가음동,04월 22일,22,4,센트럴시티,39.28,202110,7,"23,000",2,1987,원이대로883번길 11-21,,-,-
경상남도 창원성산구 가음동,07월 20일,20,7,월드산업개발아파트,44.64,202110,1,"24,300",5,1987,대정로40번길 12,,-,-
경상남도 창원성산구 가음동,07월 20일,20,7,월드산업개발아파트,44.64,202110,5,"25,000",4,1987,대정로40번길 12,,-,-
경상남도 창원성산구 가음동,13,13,0,창원가음한화꿈에그린,100.614,202110,3,"85,000",10,2017,원이대로878번길 9,,-,-
경상남도 창원성산구 가음동,13,13,0,창원가음한화꿈에그린,84.9763,202110,9,"74,000",23,2017,원이대로878번길 9,,-,-
경상남도 창원성산구 가음동,13,13,0,창원가음한화꿈에그린,84.9763,202110,15,"77,000",5,2017,원이대로878번길 9,,-,-
경상남도 창원성산구 가음동,13,13,0,창원가음한화꿈에그린,59.9921,202110,25,"57,500",24,2017,원이대로878번길 9,,-,-
경상남도 창원성산구 가음동,17,17,0,창원더샵센트럴파크1단지,84.8074,202110,1,"74,000",13,2017,대정로40번길 7,,-,-
경상남도 창원성산구 가음동,16,16,0,창원더샵센트럴파크2단지,98.8452,202110,2,"82,000",18,2017,원이대로863번길 19,,-,-
경상남도 창원성산구 가음동,16,16,0,창원더샵센트럴파크2단지,59.7504,202110,2,"58,900",6,2017,원이대로863번길 19,,-,-
경상남도 창원성산구 가음동,16,16,0,창원더샵센트럴파크2단지,84.8797,202110,5,"73,800",26,2017,원이대로863번길 19,,-,-
경상남도 창원성산구 가음동,15,15,0,창원더샵센트럴파크3단지,84.8797,202110,2,"72,000",19,2017,원이대로863번길 7,,-,-
경상남도 창원성산구 가음동,12,12,0,창원센텀푸르지오,84.9968,202110,2,"79,800",3,2018,가음정로 59,,-,-
경상남도 창원성산구 가음동,12,12,0,창원센텀푸르지오,73.7334,202110,4,"70,000",2,2018,가음정로 59,,-,-
경상남도 창원성산구 가음동,12,12,0,창원센텀푸르지오,84.9584,202110,9,"80,000",8,2018,가음정로 59,,-,-
경상남도 창원성산구 가음동,12,12,0,창원센텀푸르지오,84.9968,202110,13,"81,000",17,2018,가음정로 59,,-,-
경상남도 창원성산구 가음동,12,12,0,창원센텀푸르지오,84.9968,202110,23,"81,500",9,2018,가음정로 59,,-,-
경상남도 창원성산구 가음동,12,12,0,창원센텀푸르지오,84.9004,202110,23,"80,500",2,2018,가음정로 59,,-,-
경상남도 창원성산구 가음동,21-36,21,36,창원자이,157.3074,202110,15,"66,700",8,2008,원이대로883번길 23,,-,-
경상남도 창원성산구 가음동,06월 24일,24,6,풍성전기사원,36.81,202110,7,"30,900",2,1992,가음정로 107-28,,-,-
경상남도 창원성산구 가음동,8,8,0,한림풀에버,64.7699,202110,30,"49,500",13,2014,가음정로23번길 10-21,,-,-
경상남도 창원성산구 가음동,8,8,0,한림풀에버,64.7699,202110,30,"57,000",18,2014,가음정로23번길 10-21,,-,-
경상남도 창원성산구 가음정동,391-10,391,10,소라,59.94,202110,9,"11,900",4,1990,성산패총로178번길 51,,-,-
경상남도 창원성산구 가음정동,391-10,391,10,소라,59.94,202110,26,"13,000",6,1990,성산패총로178번길 51,,-,-
경상남도 창원성산구 가음정동,391-10,391,10,소라,59.94,202110,29,"12,000",10,1990,성산패총로178번길 51,,-,-
경상남도 창원성산구 남산동,601-26,601,26,남산효성해링턴플레이스,59.8625,202110,2,"23,800",8,2018,정동로162번길 78,,-,-
경상남도 창원성산구 남산동,601-26,601,26,남산효성해링턴플레이스,84.9013,202110,4,"31,000",6,2018,정동로162번길 78,,-,-
경상남도 창원성산구 남산동,601-26,601,26,남산효성해링턴플레이스,84.9051,202110,7,"29,500",13,2018,정동로162번길 78,,-,-
경상남도 창원성산구 남산동,601-26,601,26,남산효성해링턴플레이스,59.9192,202110,14,"23,000",3,2018,정동로162번길 78,,-,-
경상남도 창원성산구 남산동,601-26,601,26,남산효성해링턴플레이스,84.9051,202110,17,"33,000",13,2018,정동로162번길 78,,-,-
경상남도 창원성산구 남산동,601-26,601,26,남산효성해링턴플레이스,59.8625,202110,28,"24,300",11,2018,정동로162번길 78,,-,-
경상남도 창원성산구 남산동,601-1,601,1,대우2차아파트201동~203동,67.75,202110,19,"13,000",3,1991,정동로162번길 31,,-,-
경상남도 창원성산구 남산동,601-7,601,7,대우사원,48.84,202110,12,"7,800",11,1991,정동로162번길 81,,-,-
경상남도 창원성산구 남산동,601-7,601,7,대우사원,48.84,202110,20,"8,300",9,1991,정동로162번길 81,,-,-
경상남도 창원성산구 남산동,601-4,601,4,한양,63.72,202110,25,"8,000",1,1980,정동로162번길 69,,-,-
경상남도 창원성산구 남양동,1,1,0,동성,84.91,202110,16,"30,900",12,1990,대암로 64,,-,-
경상남도 창원성산구 남양동,1,1,0,동성,77.695,202110,21,"27,200",15,1990,대암로 64,,-,-
경상남도 창원성산구 남양동,1,1,0,동성,135.08,202110,29,"36,400",12,1990,대암로 64,,-,-
경상남도 창원성산구 남양동,20,20,0,성원1차,84.97,202110,2,"31,750",14,1991,대정로 73,,-,-
경상남도 창원성산구 남양동,20,20,0,성원1차,79.69,202110,13,"26,900",1,1991,대정로 73,,-,-
경상남도 창원성산구 남양동,20,20,0,성원1차,84.97,202110,15,"34,500",11,1991,대정로 73,20211104,-,-
경상남도 창원성산구 남양동,20,20,0,성원1차,84.97,202110,15,"34,500",10,1991,대정로 73,,-,-
경상남도 창원성산구 남양동,20,20,0,성원1차,84.97,202110,17,"29,200",9,1991,대정로 73,,-,-
경상남도 창원성산구 남양동,20,20,0,성원1차,118.97,202110,25,"40,000",15,1991,대정로 73,,-,-
경상남도 창원성산구 남양동,22,22,0,성원2차,84.92,202110,4,"30,500",11,1992,대정로 99,,-,-
경상남도 창원성산구 남양동,22,22,0,성원2차,84.92,202110,4,"30,000",12,1992,대정로 99,,-,-
경상남도 창원성산구 남양동,22,22,0,성원2차,84.92,202110,4,"30,000",3,1992,대정로 99,,-,-
경상남도 창원성산구 남양동,22,22,0,성원2차,79.69,202110,7,"30,600",9,1992,대정로 99,,-,-
경상남도 창원성산구 남양동,22,22,0,성원2차,84.92,202110,11,"30,000",4,1992,대정로 99,,-,-
경상남도 창원성산구 남양동,22,22,0,성원2차,84.92,202110,13,"30,600",1,1992,대정로 99,,-,-
경상남도 창원성산구 남양동,22,22,0,성원2차,79.69,202110,22,"29,750",5,1992,대정로 99,,-,-
경상남도 창원성산구 남양동,17,17,0,우성,73.35,202110,18,"35,000",11,1989,대암로 22,,-,-
경상남도 창원성산구 남양동,23,23,0,위드파크아파트,53.82,202110,2,"18,700",3,1998,가양로 99,,-,-
경상남도 창원성산구 남양동,23,23,0,위드파크아파트,58.451,202110,7,"24,300",9,1998,가양로 99,,-,-
경상남도 창원성산구 남양동,23,23,0,위드파크아파트,58.451,202110,12,"25,000",12,1998,가양로 99,,-,-
경상남도 창원성산구 남양동,23,23,0,위드파크아파트,53.82,202110,12,"20,100",10,1998,가양로 99,,-,-
경상남도 창원성산구 남양동,23,23,0,위드파크아파트,53.82,202110,16,"18,300",2,1998,가양로 99,,-,-
경상남도 창원성산구 남양동,23,23,0,위드파크아파트,59.651,202110,16,"23,000",12,1998,가양로 99,,-,-
경상남도 창원성산구 남양동,23,23,0,위드파크아파트,53.82,202110,22,"19,500",15,1998,가양로 99,,-,-
경상남도 창원성산구 남양동,24,24,0,피오르빌,49.51,202110,1,"17,900",2,1995,대정로 84,,-,-
경상남도 창원성산구 남양동,24,24,0,피오르빌,49.51,202110,1,"20,000",14,1995,대정로 84,,-,-
경상남도 창원성산구 남양동,24,24,0,피오르빌,49.51,202110,2,"19,700",12,1995,대정로 84,,-,-
경상남도 창원성산구 남양동,24,24,0,피오르빌,49.51,202110,2,"18,000",4,1995,대정로 84,,-,-
경상남도 창원성산구 남양동,24,24,0,피오르빌,49.51,202110,4,"18,700",11,1995,대정로 84,,-,-
경상남도 창원성산구 남양동,24,24,0,피오르빌,49.51,202110,5,"16,300",1,1995,대정로 84,,-,-
경상남도 창원성산구 남양동,24,24,0,피오르빌,49.51,202110,7,"18,000",3,1995,대정로 84,,-,-
경상남도 창원성산구 남양동,24,24,0,피오르빌,39.7,202110,8,"16,000",12,1995,대정로 84,,-,-
경상남도 창원성산구 남양동,24,24,0,피오르빌,49.51,202110,9,"18,300",6,1995,대정로 84,,-,-
경상남도 창원성산구 남양동,24,24,0,피오르빌,49.51,202110,12,"16,950",7,1995,대정로 84,,-,-
경상남도 창원성산구 남양동,24,24,0,피오르빌,39.7,202110,14,"15,900",9,1995,대정로 84,,-,-
경상남도 창원성산구 남양동,24,24,0,피오르빌,49.51,202110,16,"17,500",14,1995,대정로 84,,-,-
경상남도 창원성산구 남양동,24,24,0,피오르빌,39.7,202110,17,"13,900",13,1995,대정로 84,,-,-
경상남도 창원성산구 남양동,24,24,0,피오르빌,39.7,202110,19,"15,000",6,1995,대정로 84,,-,-
경상남도 창원성산구 남양동,24,24,0,피오르빌,49.51,202110,20,"18,500",7,1995,대정로 84,,-,-
경상남도 창원성산구 남양동,24,24,0,피오르빌,49.51,202110,21,"19,000",3,1995,대정로 84,,-,-
경상남도 창원성산구 남양동,24,24,0,피오르빌,49.51,202110,22,"19,500",14,1995,대정로 84,,-,-
경상남도 창원성산구 남양동,24,24,0,피오르빌,49.51,202110,23,"20,500",13,1995,대정로 84,,-,-
경상남도 창원성산구 남양동,24,24,0,피오르빌,49.51,202110,26,"19,000",8,1995,대정로 84,,-,-
경상남도 창원성산구 남양동,24,24,0,피오르빌,49.51,202110,27,"19,400",13,1995,대정로 84,,-,-
경상남도 창원성산구 남양동,16,16,0,한림엘리시온,84.8699,202110,2,"38,500",9,2002,대암로 8,,-,-
경상남도 창원성산구 내동,454-9,454,9,내동주공1단지,49.49,202110,8,"10,600",1,1976,삼동로128번길 60,,-,-
경상남도 창원성산구 내동,454-9,454,9,내동주공1단지,49.49,202110,9,"10,700",1,1976,삼동로128번길 60,,-,-
경상남도 창원성산구 내동,454-1,454,1,목련,41.223,202110,8,"9,650",4,1979,삼동로128번길 65,,-,-
경상남도 창원성산구 내동,454-1,454,1,목련,41.22,202110,9,"9,450",1,1979,삼동로128번길 65,,-,-
경상남도 창원성산구 내동,454-1,454,1,목련,41.22,202110,9,"9,450",4,1979,삼동로128번길 65,,-,-
경상남도 창원성산구 내동,454-1,454,1,목련,41.26,202110,16,"9,800",3,1979,삼동로128번길 65,,-,-
경상남도 창원성산구 내동,454-1,454,1,목련,41.223,202110,18,"10,000",4,1979,삼동로128번길 65,,-,-
경상남도 창원성산구 내동,454-11,454,11,삼미종합특수강,65.15,202110,15,"11,750",4,1976,연덕로 183,,-,-
경상남도 창원성산구 내동,452-15,452,15,올림픽,71.94,202110,21,"10,200",5,1990,삼동로128번길 29,,-,-
경상남도 창원성산구 내동,452-14,452,14,월드메르디앙웨스턴애비뉴,84.5558,202110,1,"28,350",10,2009,삼동로128번길 24,,-,-
경상남도 창원성산구 내동,452-14,452,14,월드메르디앙웨스턴애비뉴,59.9294,202110,10,"21,350",2,2009,삼동로128번길 24,,-,-
경상남도 창원성산구 대방동,357,357,0,개나리1차,42.18,202110,1,"14,650",6,1992,대정로 149,,-,-
경상남도 창원성산구 대방동,357,357,0,개나리1차,42.18,202110,2,"14,500",10,1992,대정로 149,,-,-
경상남도 창원성산구 대방동,357,357,0,개나리1차,42.18,202110,2,"14,300",7,1992,대정로 149,,-,-
경상남도 창원성산구 대방동,357,357,0,개나리1차,42.18,202110,4,"14,400",4,1992,대정로 149,,-,-
경상남도 창원성산구 대방동,357,357,0,개나리1차,49.41,202110,4,"16,700",10,1992,대정로 149,,-,-
경상남도 창원성산구 대방동,357,357,0,개나리1차,42.18,202110,5,"14,000",4,1992,대정로 149,,-,-
경상남도 창원성산구 대방동,357,357,0,개나리1차,42.18,202110,7,"14,000",15,1992,대정로 149,,-,-
경상남도 창원성산구 대방동,357,357,0,개나리1차,49.41,202110,8,"17,300",6,1992,대정로 149,,-,-
경상남도 창원성산구 대방동,357,357,0,개나리1차,49.41,202110,8,"17,000",8,1992,대정로 149,,-,-
경상남도 창원성산구 대방동,357,357,0,개나리1차,49.41,202110,8,"15,000",15,1992,대정로 149,,-,-
경상남도 창원성산구 대방동,357,357,0,개나리1차,42.18,202110,11,"13,800",2,1992,대정로 149,,-,-
경상남도 창원성산구 대방동,357,357,0,개나리1차,42.18,202110,15,"14,000",6,1992,대정로 149,,-,-
경상남도 창원성산구 대방동,357,357,0,개나리1차,42.18,202110,20,"14,500",11,1992,대정로 149,,-,-
경상남도 창원성산구 대방동,357,357,0,개나리1차,49.41,202110,23,"17,400",7,1992,대정로 149,,-,-
경상남도 창원성산구 대방동,357,357,0,개나리1차,42.18,202110,25,"14,200",15,1992,대정로 149,,-,-
경상남도 창원성산구 대방동,357,357,0,개나리1차,49.41,202110,25,"16,100",2,1992,대정로 149,,-,-
경상남도 창원성산구 대방동,357,357,0,개나리1차,49.41,202110,27,"18,500",4,1992,대정로 149,,-,-
경상남도 창원성산구 대방동,358,358,0,대동,49.94,202110,1,"17,200",3,1992,대정로 142,,-,-
경상남도 창원성산구 대방동,358,358,0,대동,49.94,202110,2,"19,100",11,1992,대정로 142,,-,-
경상남도 창원성산구 대방동,358,358,0,대동,49.94,202110,4,"19,800",7,1992,대정로 142,,-,-
경상남도 창원성산구 대방동,358,358,0,대동,49.94,202110,4,"18,200",16,1992,대정로 142,,-,-
경상남도 창원성산구 대방동,358,358,0,대동,49.94,202110,4,"17,900",2,1992,대정로 142,,-,-
경상남도 창원성산구 대방동,358,358,0,대동,59.99,202110,4,"25,200",15,1992,대정로 142,,-,-
경상남도 창원성산구 대방동,358,358,0,대동,126.36,202110,4,"44,500",11,1992,대정로 142,,-,-
경상남도 창원성산구 대방동,358,358,0,대동,59.99,202110,6,"25,000",16,1992,대정로 142,,-,-
경상남도 창원성산구 대방동,358,358,0,대동,49.94,202110,8,"18,800",17,1992,대정로 142,,-,-
경상남도 창원성산구 대방동,358,358,0,대동,49.94,202110,9,"19,000",19,1992,대정로 142,,-,-
경상남도 창원성산구 대방동,358,358,0,대동,49.94,202110,9,"19,000",11,1992,대정로 142,,-,-
경상남도 창원성산구 대방동,358,358,0,대동,49.94,202110,9,"19,000",17,1992,대정로 142,,-,-
경상남도 창원성산구 대방동,358,358,0,대동,59.99,202110,14,"25,000",3,1992,대정로 142,,-,-
경상남도 창원성산구 대방동,358,358,0,대동,49.94,202110,16,"18,400",5,1992,대정로 142,,-,-
경상남도 창원성산구 대방동,358,358,0,대동,59.99,202110,19,"24,500",8,1992,대정로 142,,-,-
경상남도 창원성산구 대방동,358,358,0,대동,49.94,202110,21,"18,800",19,1992,대정로 142,,-,-
경상남도 창원성산구 대방동,358,358,0,대동,59.99,202110,26,"25,300",10,1992,대정로 142,,-,-
경상남도 창원성산구 대방동,358,358,0,대동,49.94,202110,28,"19,000",6,1992,대정로 142,,-,-
경상남도 창원성산구 대방동,371,371,0,대동디지털황토방,59.7686,202110,8,"30,000",11,2001,창이대로881번길 8,,-,-
경상남도 창원성산구 대방동,367,367,0,대동황토방,84.1272,202110,4,"38,750",9,2001,창이대로881번길 19,,-,-
경상남도 창원성산구 대방동,367,367,0,대동황토방,114.9701,202110,7,"44,500",18,2001,창이대로881번길 19,,-,-
경상남도 창원성산구 대방동,376,376,0,대방그린빌,49.865,202110,2,"16,750",16,1996,대암로 256,,-,-
경상남도 창원성산구 대방동,376,376,0,대방그린빌,39.715,202110,4,"14,500",15,1996,대암로 256,,-,-
경상남도 창원성산구 대방동,376,376,0,대방그린빌,39.715,202110,4,"15,300",8,1996,대암로 256,,-,-
경상남도 창원성산구 대방동,376,376,0,대방그린빌,39.715,202110,7,"13,950",15,1996,대암로 256,,-,-
경상남도 창원성산구 대방동,376,376,0,대방그린빌,39.715,202110,9,"16,000",10,1996,대암로 256,20211009,-,-
경상남도 창원성산구 대방동,376,376,0,대방그린빌,39.715,202110,9,"16,000",10,1996,대암로 256,,-,-
경상남도 창원성산구 대방동,376,376,0,대방그린빌,39.715,202110,11,"13,300",1,1996,대암로 256,,-,-
경상남도 창원성산구 대방동,376,376,0,대방그린빌,39.715,202110,15,"13,300",8,1996,대암로 256,,-,-
경상남도 창원성산구 대방동,376,376,0,대방그린빌,49.865,202110,16,"17,800",3,1996,대암로 256,,-,-
경상남도 창원성산구 대방동,376,376,0,대방그린빌,39.715,202110,16,"13,400",9,1996,대암로 256,,-,-
경상남도 창원성산구 대방동,376,376,0,대방그린빌,49.865,202110,16,"18,500",13,1996,대암로 256,,-,-
경상남도 창원성산구 대방동,376,376,0,대방그린빌,39.715,202110,20,"12,200",1,1996,대암로 256,,-,-
경상남도 창원성산구 대방동,374,374,0,대방동성,84.97,202110,4,"33,500",3,1996,대암로 282,,-,-
경상남도 창원성산구 대방동,374,374,0,대방동성,60,202110,9,"25,800",12,1996,대암로 282,,-,-
경상남도 창원성산구 대방동,374,374,0,대방동성,84.97,202110,20,"30,000",2,1996,대암로 282,20211104,-,-
경상남도 창원성산구 대방동,374,374,0,대방동성,60,202110,23,"23,800",15,1996,대암로 282,,-,-
경상남도 창원성산구 대방동,374,374,0,대방동성,84.97,202110,23,"36,000",14,1996,대암로 282,,-,-
경상남도 창원성산구 대방동,356,356,0,덕산타운1,49.94,202110,7,"17,500",2,1990,대정로 131,,-,-
경상남도 창원성산구 대방동,356,356,0,덕산타운1,49.94,202110,12,"16,900",8,1990,대정로 131,,-,-
경상남도 창원성산구 대방동,356,356,0,덕산타운1,84.98,202110,13,"26,800",9,1990,대정로 131,,-,-
경상남도 창원성산구 대방동,356,356,0,덕산타운1,84.98,202110,16,"30,500",13,1990,대정로 131,,-,-
경상남도 창원성산구 대방동,356,356,0,덕산타운1,49.94,202110,16,"16,500",19,1990,대정로 131,,-,-
경상남도 창원성산구 대방동,356,356,0,덕산타운1,49.94,202110,26,"17,000",4,1990,대정로 131,,-,-
경상남도 창원성산구 대방동,375,375,0,덕산타운2,59.88,202110,15,"21,000",6,1996,대암로 272,,-,-
경상남도 창원성산구 대방동,375,375,0,덕산타운2,59.88,202110,19,"25,500",6,1996,대암로 272,,-,-
경상남도 창원성산구 대방동,355,355,0,성원남산3차,47.97,202110,1,"11,450",2,1992,대암로 126,,-,-
경상남도 창원성산구 대방동,355,355,0,성원남산3차,59.34,202110,1,"19,000",7,1992,대암로 82,,-,-
경상남도 창원성산구 대방동,355,355,0,성원남산3차,47.97,202110,5,"10,800",8,1992,대암로 126,,-,-
경상남도 창원성산구 대방동,355,355,0,성원남산3차,59.34,202110,6,"20,500",5,1992,대암로 82,,-,-
경상남도 창원성산구 대방동,355,355,0,성원남산3차,59.34,202110,6,"17,700",13,1992,대암로 82,,-,-
경상남도 창원성산구 대방동,355,355,0,성원남산3차,47.97,202110,7,"8,500",1,1992,대암로 126,,-,-
경상남도 창원성산구 대방동,355,355,0,성원남산3차,84.96,202110,7,"26,500",2,1992,대암로 82,,-,-
경상남도 창원성산구 대방동,355,355,0,성원남산3차,84.96,202110,7,"26,200",1,1992,대암로 82,,-,-
경상남도 창원성산구 대방동,355,355,0,성원남산3차,47.97,202110,8,"11,700",15,1992,대암로 126,,-,-
경상남도 창원성산구 대방동,355,355,0,성원남산3차,84.96,202110,8,"28,200",6,1992,대암로 82,,-,-
경상남도 창원성산구 대방동,355,355,0,성원남산3차,49.68,202110,8,"15,000",18,1992,대암로 82,,-,-
경상남도 창원성산구 대방동,355,355,0,성원남산3차,47.97,202110,8,"11,300",7,1992,대암로 126,,-,-
경상남도 창원성산구 대방동,355,355,0,성원남산3차,47.97,202110,8,"11,300",2,1992,대암로 126,,-,-
경상남도 창원성산구 대방동,355,355,0,성원남산3차,47.97,202110,9,"11,800",19,1992,대암로 126,,-,-
경상남도 창원성산구 대방동,355,355,0,성원남산3차,47.97,202110,11,"11,600",13,1992,대암로 126,,-,-
경상남도 창원성산구 대방동,355,355,0,성원남산3차,47.97,202110,12,"11,000",2,1992,대암로 126,,-,-
경상남도 창원성산구 대방동,355,355,0,성원남산3차,47.97,202110,12,"11,300",5,1992,대암로 126,,-,-
경상남도 창원성산구 대방동,355,355,0,성원남산3차,49.68,202110,15,"12,500",1,1992,대암로 82,,-,-
경상남도 창원성산구 대방동,355,355,0,성원남산3차,47.97,202110,15,"14,500",6,1992,대암로 126,,-,-
경상남도 창원성산구 대방동,355,355,0,성원남산3차,47.97,202110,19,"12,000",17,1992,대암로 126,,-,-
경상남도 창원성산구 대원동,80,80,0,대동2,145.9807,202110,2,"29,300",10,1999,538,,-,-
경상남도 창원성산구 대원동,80,80,0,대동2,145.9807,202110,15,"29,900",6,1999,538,,-,-
경상남도 창원성산구 대원동,40,40,0,포레나대원,84.353,202110,1,"82,000",20,2018,창원천로 34,,-,-
경상남도 창원성산구 대원동,40,40,0,포레나대원,59.2572,202110,2,"60,000",19,2018,창원천로 34,,-,-
경상남도 창원성산구 대원동,40,40,0,포레나대원,108.2567,202110,5,"104,500",22,2018,창원천로 34,,-,-
경상남도 창원성산구 대원동,40,40,0,포레나대원,59.0578,202110,5,"59,500",23,2018,창원천로 34,,-,-
경상남도 창원성산구 대원동,40,40,0,포레나대원,68.22,202110,9,"70,000",11,2018,창원천로 34,,-,-
경상남도 창원성산구 대원동,40,40,0,포레나대원,59.2572,202110,9,"60,000",12,2018,창원천로 34,,-,-
경상남도 창원성산구 대원동,40,40,0,포레나대원,59.0578,202110,11,"62,500",25,2018,창원천로 34,,-,-
경상남도 창원성산구 대원동,40,40,0,포레나대원,84.2843,202110,11,"79,500",10,2018,창원천로 34,,-,-
경상남도 창원성산구 대원동,40,40,0,포레나대원,68.22,202110,12,"67,000",22,2018,창원천로 34,,-,-
경상남도 창원성산구 반림동,10,10,0,노블파크,75.98,202110,16,"62,500",10,2007,원이대로 449,,-,-
경상남도 창원성산구 반림동,10,10,0,노블파크,148.66,202110,23,"85,000",1,2007,원이대로 449,,-,-
경상남도 창원성산구 반림동,10,10,0,노블파크,84.98,202110,25,"61,000",13,2007,원이대로 449,,-,-
경상남도 창원성산구 반림동,8,8,0,럭키,76.29,202110,1,"33,000",14,1989,반송로 105,,-,-
경상남도 창원성산구 반림동,8,8,0,럭키,49.485,202110,1,"21,000",13,1989,반송로 105,,-,-
경상남도 창원성산구 반림동,8,8,0,럭키,84.93,202110,5,"43,000",5,1989,반송로 105,,-,-
경상남도 창원성산구 반림동,8,8,0,럭키,84.87,202110,6,"41,000",4,1989,반송로 105,,-,-
경상남도 창원성산구 반림동,8,8,0,럭키,76.11,202110,7,"32,000",2,1989,반송로 105,,-,-
경상남도 창원성산구 반림동,8,8,0,럭키,59.22,202110,7,"27,500",12,1989,반송로 105,,-,-
경상남도 창원성산구 반림동,8,8,0,럭키,59.22,202110,9,"25,000",9,1989,반송로 105,,-,-
경상남도 창원성산구 반림동,8,8,0,럭키,84.93,202110,14,"44,500",14,1989,반송로 105,,-,-
경상남도 창원성산구 반림동,8,8,0,럭키,76.11,202110,19,"31,560",5,1989,반송로 105,,-,-
경상남도 창원성산구 반림동,8,8,0,럭키,49.485,202110,19,"20,000",15,1989,반송로 105,,-,-
경상남도 창원성산구 반림동,8,8,0,럭키,76.11,202110,21,"46,000",3,1989,반송로 105,,-,-
경상남도 창원성산구 반림동,8,8,0,럭키,84.93,202110,25,"43,200",3,1989,반송로 105,,-,-
경상남도 창원성산구 반림동,8,8,0,럭키,59.22,202110,26,"27,300",9,1989,반송로 105,,-,-
경상남도 창원성산구 반림동,8,8,0,럭키,49.485,202110,27,"23,000",14,1989,반송로 105,,-,-
경상남도 창원성산구 반림동,18,18,0,트리비앙,84.95,202110,7,"69,750",15,2006,원이대로 495,,-,-
경상남도 창원성산구 반림동,18,18,0,트리비앙,76.03,202110,7,"58,500",14,2006,원이대로 495,,-,-
경상남도 창원성산구 반림동,18,18,0,트리비앙,59.98,202110,13,"55,700",10,2006,원이대로 495,,-,-
경상남도 창원성산구 반림동,18,18,0,트리비앙,129.4,202110,15,"87,000",5,2006,원이대로 495,,-,-
경상남도 창원성산구 반림동,18,18,0,트리비앙,76.17,202110,18,"65,000",6,2006,원이대로 495,,-,-
경상남도 창원성산구 반림동,18,18,0,트리비앙,59.98,202110,23,"54,000",13,2006,원이대로 495,,-,-
경상남도 창원성산구 반림동,03월 01일,3,1,현대1차,84.51,202110,11,"47,000",14,1989,외동반림로 219,,-,-
경상남도 창원성산구 반림동,03월 01일,3,1,현대1차,84.51,202110,19,"45,500",14,1989,외동반림로 219,,-,-
경상남도 창원성산구 반림동,04월 01일,4,1,현대2차,44.24,202110,1,"22,500",12,1989,반송로 177,,-,-
경상남도 창원성산구 반지동,27,27,0,까치1차,31.45,202110,2,"20,000",2,1990,창원천로 254,,-,-
경상남도 창원성산구 반지동,27,27,0,까치1차,31.45,202110,11,"18,500",4,1990,창원천로 254,,-,-
경상남도 창원성산구 반지동,27,27,0,까치1차,30.24,202110,30,"20,000",2,1990,창원천로 254,,-,-
경상남도 창원성산구 반지동,27,27,0,까치1차,31.45,202110,30,"21,000",1,1990,창원천로 254,,-,-
경상남도 창원성산구 반지동,24,24,0,까치2차,54.09,202110,11,"16,800",8,1991,창원천로 256,,-,-
경상남도 창원성산구 반지동,24,24,0,까치2차,54.09,202110,15,"15,500",7,1991,창원천로 256,,-,-
경상남도 창원성산구 반지동,24,24,0,까치2차,54.09,202110,25,"15,300",13,1991,창원천로 256,,-,-
경상남도 창원성산구 반지동,24,24,0,까치2차,54.09,202110,29,"14,800",13,1991,창원천로 256,,-,-
경상남도 창원성산구 반지동,23,23,0,대동그린파크,70.11,202110,1,"22,500",13,1990,창원천로 292,,-,-
경상남도 창원성산구 반지동,23,23,0,대동그린파크,84.95,202110,4,"26,800",10,1990,창원천로 292,,-,-
경상남도 창원성산구 반지동,23,23,0,대동그린파크,123.69,202110,7,"38,200",10,1990,창원천로 292,,-,-
경상남도 창원성산구 반지동,23,23,0,대동그린파크,70.11,202110,8,"25,800",9,1990,창원천로 292,,-,-
경상남도 창원성산구 반지동,23,23,0,대동그린파크,70.11,202110,8,"23,500",13,1990,창원천로 292,,-,-
경상남도 창원성산구 반지동,23,23,0,대동그린파크,70.11,202110,9,"23,800",6,1990,창원천로 292,,-,-
경상남도 창원성산구 반지동,23,23,0,대동그린파크,123.69,202110,12,"34,500",2,1990,창원천로 292,,-,-
경상남도 창원성산구 반지동,23,23,0,대동그린파크,70.11,202110,14,"26,500",12,1990,창원천로 292,,-,-
경상남도 창원성산구 사파동,142,142,0,대동,69.29,202110,6,"49,000",2,1988,신사로 106,,-,-
경상남도 창원성산구 사파동,143,143,0,동서,52.31,202110,6,"36,500",2,1989,신사로 116,,-,-
경상남도 창원성산구 사파동,143,143,0,동서,41.92,202110,9,"32,000",2,1989,신사로 116,,-,-
경상남도 창원성산구 사파동,143,143,0,동서,52.31,202110,9,"37,500",5,1989,신사로 116,,-,-
경상남도 창원성산구 사파동,143,143,0,동서,41.92,202110,12,"31,000",3,1989,신사로 116,,-,-
경상남도 창원성산구 사파동,93,93,0,동성,133.56,202110,1,"35,800",7,1992,창이대로 737,,-,-
경상남도 창원성산구 사파동,93,93,0,동성,133.56,202110,1,"36,750",23,1992,창이대로 737,,-,-
경상남도 창원성산구 사파동,93,93,0,동성,49.5,202110,4,"17,800",18,1992,창이대로 737,,-,-
경상남도 창원성산구 사파동,93,93,0,동성,49.5,202110,4,"17,000",4,1992,창이대로 737,,-,-
경상남도 창원성산구 사파동,93,93,0,동성,59.92,202110,5,"24,000",13,1992,창이대로 737,,-,-
경상남도 창원성산구 사파동,93,93,0,동성,49.5,202110,5,"19,000",20,1992,창이대로 737,,-,-
경상남도 창원성산구 사파동,93,93,0,동성,49.5,202110,7,"18,700",9,1992,창이대로 737,,-,-
경상남도 창원성산구 사파동,93,93,0,동성,49.5,202110,8,"18,000",11,1992,창이대로 737,,-,-
경상남도 창원성산구 사파동,93,93,0,동성,49.5,202110,10,"18,900",11,1992,창이대로 737,,-,-
경상남도 창원성산구 사파동,93,93,0,동성,49.5,202110,11,"17,490",13,1992,창이대로 737,,-,-
경상남도 창원성산구 사파동,93,93,0,동성,49.5,202110,11,"17,400",16,1992,창이대로 737,,-,-
경상남도 창원성산구 사파동,93,93,0,동성,49.5,202110,12,"18,000",10,1992,창이대로 737,,-,-
경상남도 창원성산구 사파동,93,93,0,동성,84.71,202110,14,"29,750",19,1992,창이대로 737,,-,-
경상남도 창원성산구 사파동,93,93,0,동성,49.5,202110,14,"17,500",11,1992,창이대로 737,,-,-
경상남도 창원성산구 사파동,93,93,0,동성,49.5,202110,14,"17,000",9,1992,창이대로 737,,-,-
경상남도 창원성산구 사파동,93,93,0,동성,49.5,202110,14,"18,650",7,1992,창이대로 737,,-,-
경상남도 창원성산구 사파동,93,93,0,동성,49.5,202110,15,"17,500",1,1992,창이대로 737,,-,-
경상남도 창원성산구 사파동,93,93,0,동성,49.5,202110,19,"18,900",16,1992,창이대로 737,,-,-
경상남도 창원성산구 사파동,93,93,0,동성,49.5,202110,19,"17,000",20,1992,창이대로 737,,-,-
경상남도 창원성산구 사파동,148,148,0,무궁화,51.57,202110,4,"35,300",3,1988,동산로 148,,-,-
경상남도 창원성산구 사파동,148,148,0,무궁화,51.57,202110,13,"35,000",3,1988,동산로 148,,-,-
경상남도 창원성산구 사파동,147,147,0,삼익,59.88,202110,2,"47,000",5,1988,원이대로773번길 13,,-,-
경상남도 창원성산구 사파동,147,147,0,삼익,114.93,202110,5,"85,500",3,1988,원이대로773번길 13,,-,-
경상남도 창원성산구 사파동,147,147,0,삼익,49.76,202110,12,"40,500",3,1988,원이대로773번길 13,,-,-
경상남도 창원성산구 사파동,147,147,0,삼익,39.93,202110,16,"31,000",2,1988,원이대로773번길 13,,-,-
경상남도 창원성산구 상남동,Jan-65,65,1,꿈에그린,84.9248,202110,2,"71,000",24,2014,토월로27번길 18,,-,-
경상남도 창원성산구 상남동,Jan-65,65,1,꿈에그린,84.9248,202110,13,"69,500",2,2014,토월로27번길 18,,-,-
경상남도 창원성산구 상남동,Jan-44,44,1,대동,49.95,202110,5,"24,900",12,1994,동산로 115,,-,-
경상남도 창원성산구 상남동,Jan-44,44,1,대동,115.032,202110,5,"54,500",7,1994,동산로 115,,-,-
경상남도 창원성산구 상남동,Jan-44,44,1,대동,59.832,202110,5,"34,700",11,1994,동산로 115,,-,-
경상남도 창원성산구 상남동,Jan-44,44,1,대동,49.95,202110,8,"26,400",13,1994,동산로 115,,-,-
경상남도 창원성산구 상남동,Jan-44,44,1,대동,49.95,202110,9,"24,300",11,1994,동산로 115,,-,-
경상남도 창원성산구 상남동,Jan-44,44,1,대동,115.032,202110,11,"56,500",25,1994,동산로 115,,-,-
경상남도 창원성산구 상남동,Jan-44,44,1,대동,49.95,202110,12,"25,850",24,1994,동산로 115,,-,-
경상남도 창원성산구 상남동,Jan-44,44,1,대동,49.95,202110,15,"27,700",19,1994,동산로 115,,-,-
경상남도 창원성산구 상남동,Jan-44,44,1,대동,49.95,202110,15,"25,500",22,1994,동산로 115,,-,-
경상남도 창원성산구 상남동,Jan-44,44,1,대동,59.832,202110,18,"34,500",10,1994,동산로 115,,-,-
경상남도 창원성산구 상남동,Jan-44,44,1,대동,116.5713,202110,18,"53,000",9,1994,동산로 115,,-,-
경상남도 창원성산구 상남동,Jan-44,44,1,대동,116.5713,202110,18,"53,000",9,1994,동산로 115,20211029,-,-
경상남도 창원성산구 상남동,Jan-44,44,1,대동,49.95,202110,20,"23,500",20,1994,동산로 115,,-,-
경상남도 창원성산구 상남동,Jan-44,44,1,대동,59.292,202110,27,"37,000",18,1994,동산로 115,,-,-
경상남도 창원성산구 상남동,63,63,0,대우,49.16,202110,8,"46,000",3,1985,상남로 48,,-,-
경상남도 창원성산구 상남동,63,63,0,대우,42.17,202110,9,"37,000",2,1985,상남로 48,,-,-
경상남도 창원성산구 상남동,63,63,0,대우,49.05,202110,15,"47,000",2,1985,상남로 48,,-,-
경상남도 창원성산구 상남동,Jan-45,45,1,성원,49.98,202110,1,"22,000",9,1994,원이대로 774,,-,-
경상남도 창원성산구 상남동,Jan-45,45,1,성원,49.98,202110,1,"22,000",17,1994,원이대로 774,,-,-
경상남도 창원성산구 상남동,Jan-45,45,1,성원,59.97,202110,1,"30,400",6,1994,원이대로 774,,-,-
경상남도 창원성산구 상남동,Jan-45,45,1,성원,59.97,202110,2,"29,500",13,1994,원이대로 774,,-,-
경상남도 창원성산구 상남동,Jan-45,45,1,성원,84.91,202110,2,"45,000",25,1994,원이대로 774,,-,-
경상남도 창원성산구 상남동,Jan-45,45,1,성원,49.98,202110,2,"20,550",15,1994,원이대로 774,,-,-
경상남도 창원성산구 상남동,Jan-45,45,1,성원,59.97,202110,2,"30,000",20,1994,원이대로 774,,-,-
경상남도 창원성산구 상남동,Jan-45,45,1,성원,59.97,202110,4,"29,800",22,1994,원이대로 774,,-,-
경상남도 창원성산구 상남동,Jan-45,45,1,성원,108.5,202110,5,"58,000",19,1994,원이대로 774,,-,-
경상남도 창원성산구 상남동,Jan-45,45,1,성원,108.5,202110,5,"52,500",1,1994,원이대로 774,20211101,-,-
경상남도 창원성산구 상남동,Jan-45,45,1,성원,49.98,202110,6,"19,500",6,1994,원이대로 774,,-,-
경상남도 창원성산구 상남동,Jan-45,45,1,성원,49.98,202110,8,"15,000",8,1994,원이대로 774,,-,-
경상남도 창원성산구 상남동,Jan-45,45,1,성원,49.98,202110,8,"19,500",12,1994,원이대로 774,,-,-
경상남도 창원성산구 상남동,Jan-45,45,1,성원,59.97,202110,8,"29,900",18,1994,원이대로 774,,-,-
경상남도 창원성산구 상남동,Jan-45,45,1,성원,49.98,202110,9,"23,500",9,1994,원이대로 774,,-,-
경상남도 창원성산구 상남동,Jan-45,45,1,성원,49.98,202110,9,"25,800",19,1994,원이대로 774,,-,-
경상남도 창원성산구 상남동,Jan-45,45,1,성원,59.97,202110,9,"28,000",25,1994,원이대로 774,,-,-
경상남도 창원성산구 상남동,Jan-45,45,1,성원,59.97,202110,12,"30,000",22,1994,원이대로 774,,-,-
경상남도 창원성산구 상남동,Jan-45,45,1,성원,59.97,202110,13,"31,000",7,1994,원이대로 774,,-,-
경상남도 창원성산구 상남동,Jan-45,45,1,성원,59.97,202110,14,"31,000",19,1994,원이대로 774,,-,-
경상남도 창원성산구 상남동,Jan-45,45,1,성원,49.98,202110,20,"27,000",6,1994,원이대로 774,,-,-
경상남도 창원성산구 상남동,Jan-45,45,1,성원,84.91,202110,22,"50,000",10,1994,원이대로 774,,-,-
경상남도 창원성산구 상남동,Jan-45,45,1,성원,59.97,202110,23,"30,500",10,1994,원이대로 774,,-,-
경상남도 창원성산구 상남동,Jan-45,45,1,성원,49.98,202110,23,"22,200",20,1994,원이대로 774,,-,-
경상남도 창원성산구 상남동,Jan-45,45,1,성원,84.92,202110,23,"45,000",19,1994,원이대로 774,,-,-
경상남도 창원성산구 상남동,Jan-45,45,1,성원,84.92,202110,27,"45,000",18,1994,원이대로 774,,-,-
경상남도 창원성산구 상남동,Jan-45,45,1,성원,49.98,202110,28,"23,000",10,1994,원이대로 774,,-,-
경상남도 창원성산구 성주동,153,153,0,유니온빌리지,84.9457,202110,2,"43,900",13,2005,삼정자로 79,,-,-
경상남도 창원성산구 성주동,153,153,0,유니온빌리지,84.9457,202110,5,"43,000",4,2005,삼정자로 79,,-,-
경상남도 창원성산구 성주동,153,153,0,유니온빌리지,84.9457,202110,18,"45,000",5,2005,삼정자로 79,,-,-
경상남도 창원성산구 성주동,153,153,0,유니온빌리지,101.971,202110,23,"51,000",8,2005,삼정자로 79,,-,-
경상남도 창원성산구 성주동,153,153,0,유니온빌리지,181.4957,202110,23,"79,500",1,2005,삼정자로 79,,-,-
경상남도 창원성산구 성주동,101,101,0,프리빌리지,84.8782,202110,3,"45,000",4,2003,대암로 253,,-,-
경상남도 창원성산구 성주동,101,101,0,프리빌리지,134.9342,202110,7,"67,000",14,2003,대암로 253,,-,-
경상남도 창원성산구 성주동,101,101,0,프리빌리지,84.8782,202110,9,"49,500",4,2003,대암로 253,,-,-
경상남도 창원성산구 성주동,101,101,0,프리빌리지,101.9708,202110,23,"56,000",1,2003,대암로 253,,-,-
경상남도 창원성산구 성주동,168,168,0,프리빌리지2차,84.9695,202110,2,"51,000",6,2010,창원대로1209번길 22,,-,-
경상남도 창원성산구 성주동,168,168,0,프리빌리지2차,84.9795,202110,20,"54,500",15,2010,창원대로1209번길 22,,-,-
경상남도 창원성산구 성주동,168,168,0,프리빌리지2차,161.7775,202110,22,"69,500",12,2010,창원대로1209번길 22,,-,-
경상남도 창원성산구 성주동,168,168,0,프리빌리지2차,101.9089,202110,22,"59,500",7,2010,창원대로1209번길 22,,-,-
경상남도 창원성산구 성주동,168,168,0,프리빌리지2차,84.9795,202110,29,"49,500",20,2010,창원대로1209번길 22,,-,-
경상남도 창원성산구 신월동,93,93,0,은아,60.38,202110,1,"57,000",2,1988,663,,-,-
경상남도 창원성산구 신월동,93,93,0,은아,79.8,202110,4,"74,000",1,1988,663,,-,-
경상남도 창원성산구 신월동,93,93,0,은아,60.38,202110,11,"58,300",4,1988,663,,-,-
경상남도 창원성산구 신월동,90,90,0,주공,47.1,202110,9,"55,000",2,1987,64,,-,-
경상남도 창원성산구 신월동,90,90,0,주공,39.72,202110,30,"42,900",3,1987,64,,-,-
경상남도 창원성산구 신촌동,04월 22일,22,4,동성1차,59.82,202110,8,"11,950",3,1986,신촌로 95,,-,-
경상남도 창원성산구 신촌동,04월 22일,22,4,동성1차,59.76,202110,20,"8,000",5,1986,신촌로 95,,-,-
경상남도 창원성산구 신촌동,06월 21일,21,6,동성2차,59.73,202110,4,"11,900",3,1987,신촌로 63,,-,-
경상남도 창원성산구 신촌동,06월 21일,21,6,동성2차,59.97,202110,9,"10,500",3,1987,신촌로 63,,-,-
경상남도 창원성산구 신촌동,06월 21일,21,6,동성2차,59.97,202110,19,"10,800",1,1987,신촌로 63,,-,-
경상남도 창원성산구 신촌동,05월 21일,21,5,동성빌라2차,126.24,202110,1,"20,000",2,1989,신촌로 43,,-,-
경상남도 창원성산구 신촌동,05월 21일,21,5,동성빌라2차,126.24,202110,8,"20,000",5,1989,신촌로 43,,-,-
경상남도 창원성산구 신촌동,02월 21일,21,2,삼미특수강,52.33,202110,26,"9,800",4,1984,신촌로 51,,-,-
경상남도 창원성산구 신촌동,03월 21일,21,3,상림,47.61,202110,1,"8,500",1,1984,신촌로 77,,-,-
경상남도 창원성산구 신촌동,02월 23일,23,2,성원,50.91,202110,2,"9,500",5,1987,신촌로 123,,-,-
경상남도 창원성산구 신촌동,02월 23일,23,2,성원,51.24,202110,6,"7,100",5,1987,신촌로 123,,-,-
경상남도 창원성산구 신촌동,02월 23일,23,2,성원,51.24,202110,13,"7,000",5,1987,신촌로 123,,-,-
경상남도 창원성산구 신촌동,02월 23일,23,2,성원,52.71,202110,18,"8,200",5,1987,신촌로 123,,-,-
경상남도 창원성산구 신촌동,02월 23일,23,2,성원,50.91,202110,28,"9,300",4,1987,신촌로 123,,-,-
경상남도 창원성산구 신촌동,02월 23일,23,2,성원,59.16,202110,30,"10,800",5,1987,신촌로 123,,-,-
경상남도 창원성산구 신촌동,Jan-34,34,1,양곡,90.55,202110,13,"17,800",3,1978,신촌로 62,,-,-
경상남도 창원성산구 신촌동,Jan-34,34,1,양곡,90.55,202110,22,"17,200",5,1978,신촌로 62,,-,-
경상남도 창원성산구 신촌동,01월 22일,22,1,양곡상가,62.65,202110,2,"5,500",12,1979,신촌로 83,,-,-
경상남도 창원성산구 신촌동,01월 22일,22,1,양곡상가,62.65,202110,16,"7,700",4,1979,신촌로 83,,-,-
경상남도 창원성산구 신촌동,01월 22일,22,1,양곡상가,62.65,202110,30,"6,450",3,1979,신촌로 101,,-,-
경상남도 창원성산구 신촌동,01월 23일,23,1,영흥,41.655,202110,28,"7,000",3,1981,신촌로 107,,-,-
경상남도 창원성산구 신촌동,01월 15일,15,1,유신,43.14,202110,20,"6,100",5,1980,신촌로 7,,-,-
경상남도 창원성산구 신촌동,01월 26일,26,1,효성가든,58.74,202110,12,"7,900",1,1984,신촌로134번길 5,,-,-
경상남도 창원성산구 안민동,197,197,0,대동청솔,59.99,202110,14,"15,900",2,1999,안민로101번길 29,,-,-
경상남도 창원성산구 안민동,197,197,0,대동청솔,59.99,202110,24,"15,800",3,1999,안민로101번길 29,,-,-
경상남도 창원성산구 안민동,197,197,0,대동청솔,149.81,202110,27,"30,000",5,1999,안민로101번길 29,,-,-
경상남도 창원성산구 안민동,108,108,0,대동한솔마을,84.98,202110,2,"23,000",15,1999,안민로 161,,-,-
경상남도 창원성산구 안민동,143-7,143,7,신우에이스타운,84.93,202110,6,"14,800",1,1999,안민안길 8,,-,-
경상남도 창원성산구 안민동,143-7,143,7,신우에이스타운,59.76,202110,11,"12,500",6,1999,안민안길 8,,-,-
경상남도 창원성산구 안민동,196,196,0,안민동위드필하임,59.9746,202110,2,"25,000",12,2019,안민로 49-6,,-,-
경상남도 창원성산구 외동,853-20,853,20,경남맨션,63.15,202110,14,"9,200",5,1983,창원대로780번길 48,,-,-
경상남도 창원성산구 외동,853-33,853,33,두산기계사원,49.02,202110,12,"7,500",1,1993,창원대로780번길 23,,-,-
경상남도 창원성산구 외동,853-16,853,16,월드메르디앙이스턴애비뉴,59.9294,202110,6,"19,900",15,2009,창원대로780번길 34,,-,-
경상남도 창원성산구 외동,853-16,853,16,월드메르디앙이스턴애비뉴,59.9294,202110,23,"21,950",3,2009,창원대로780번길 34,,-,-
경상남도 창원성산구 용호동,63,63,0,롯데1단지,79.95,202110,1,"79,000",3,1984,229,,-,-
경상남도 창원성산구 용호동,69,69,0,용지더샵레이크파크,84.475,202110,6,"113,500",16,2017,외동반림로 156,,-,-
경상남도 창원성산구 용호동,69,69,0,용지더샵레이크파크,119.2427,202110,6,"171,000",23,2017,외동반림로 156,,-,-
경상남도 창원성산구 용호동,69,69,0,용지더샵레이크파크,59.9975,202110,14,"80,000",25,2017,외동반림로 156,,-,-
경상남도 창원성산구 용호동,70,70,0,용지아이파크,84.7227,202110,2,"110,000",25,2017,원이대로579번길 13,,-,-
경상남도 창원성산구 용호동,70,70,0,용지아이파크,84.7227,202110,5,"112,000",10,2017,원이대로579번길 13,,-,-
경상남도 창원성산구 용호동,70,70,0,용지아이파크,84.7227,202110,6,"111,500",17,2017,원이대로579번길 13,,-,-
경상남도 창원성산구 용호동,70,70,0,용지아이파크,84.7312,202110,21,"109,500",3,2017,원이대로579번길 13,,-,-
경상남도 창원성산구 용호동,70,70,0,용지아이파크,84.7312,202110,22,"112,000",14,2017,원이대로579번길 13,,-,-
경상남도 창원성산구 용호동,66,66,0,일동,50.99,202110,2,"42,000",2,1986,216,,-,-
경상남도 창원성산구 천선동,1155-13,1155,13,삼성그린빌,84.492,202110,13,"16,400",4,2000,안민로 177,,-,-
경상남도 창원의창구 대산면 가술리,108-1,108,1,해강그린,57.24,202110,5,"4,800",6,1994,진산대로 437,,-,-
경상남도 창원의창구 도계동,326-1,326,1,강남프라자,57.24,202110,27,"12,800",4,1995,하남천서길5번길 13,,-,-
경상남도 창원의창구 도계동,322-3,322,3,강남훼미리,75.27,202110,18,"15,900",7,1997,하남천서길21번길 8-14,,-,-
경상남도 창원의창구 도계동,398-2,398,2,건우맨션,59.4,202110,5,"10,000",5,1996,원이대로69번길 30-14,,-,-
경상남도 창원의창구 도계동,395-2,395,2,상강한주맨션,62.26,202110,21,"12,200",13,1993,하남천동길16번길 11,,-,-
경상남도 창원의창구 도계동,320-11,320,11,상아리더스맨션,61.4,202110,6,"11,700",7,1992,하남천서길51번길 3,,-,-
경상남도 창원의창구 도계동,315-1,315,1,수림맨션,76.45,202110,12,"13,200",3,1990,도계두리길 82,,-,-
경상남도 창원의창구 도계동,396-3,396,3,영남1,74.37,202110,8,"10,600",6,1990,도계로73번길 12,,-,-
경상남도 창원의창구 도계동,394-19,394,19,영남3,66.78,202110,9,"10,000",4,1991,도계두리길 174,,-,-
경상남도 창원의창구 도계동,415-5,415,5,영남양지맨션,84.86,202110,1,"15,500",2,1992,도계로95번길 14-16,,-,-
경상남도 창원의창구 도계동,414-10,414,10,중앙맨션,84.15,202110,5,"15,000",3,1992,도계로83번길 10-9,,-,-
경상남도 창원의창구 도계동,414-10,414,10,중앙맨션,59.19,202110,28,"10,700",4,1992,도계로83번길 10-9,,-,-
경상남도 창원의창구 도계동,315-4,315,4,태백산빌라2,44.97,202110,4,"9,900",4,1996,도계두리길 72,,-,-
경상남도 창원의창구 도계동,329,329,0,한마음코아,49.44,202110,4,"13,500",13,1992,도계로50번길 6-46,,-,-
경상남도 창원의창구 도계동,329,329,0,한마음코아,49.44,202110,11,"11,500",2,1992,도계로50번길 6-46,,-,-
경상남도 창원의창구 도계동,339,339,0,한효해바라기,84.9,202110,16,"23,500",4,1990,도계로50번길 6-33,,-,-
경상남도 창원의창구 도계동,422-1,422,1,황제빌라3,73.21,202110,21,"14,500",4,1994,태복산로13번길 29,,-,-
경상남도 창원의창구 동읍 무성리,152,152,0,우성전원,69.565,202110,4,"3,000",3,1991,무성길47번길 9,,-,-
경상남도 창원의창구 동읍 무성리,152,152,0,우성전원,69.565,202110,21,"4,200",3,1991,무성길47번길 9,,-,-
경상남도 창원의창구 동읍 송정리,08월 23일,23,8,동부산훼미리타운4차,78.8516,202110,24,"12,800",6,1999,자여로65번길 14,,-,-
경상남도 창원의창구 동읍 신방리,52,52,0,대한,59.88,202110,16,"8,000",18,1997,신방로 17,,-,-
경상남도 창원의창구 동읍 용잠리,250,250,0,삼진,49.6,202110,17,"5,000",5,1989,의창대로915번길 8,,-,-
경상남도 창원의창구 동읍 용잠리,250,250,0,삼진,52.15,202110,23,"5,500",1,1989,의창대로915번길 8,,-,-
경상남도 창원의창구 동읍 용잠리,250,250,0,삼진,49.6,202110,23,"4,800",1,1989,의창대로915번길 8,,-,-
경상남도 창원의창구 동읍 용잠리,419,419,0,신안맨션,84.95,202110,10,"12,800",15,1997,동읍로 7,,-,-
경상남도 창원의창구 동읍 용잠리,419,419,0,신안맨션,84.95,202110,18,"10,500",4,1997,동읍로 7,,-,-
경상남도 창원의창구 동읍 용정리,02월 22일,22,2,동부산3,81.2124,202110,4,"13,500",10,1999,용정길46번길 32,,-,-
경상남도 창원의창구 동읍 용정리,01월 20일,20,1,동부산훼미리타운1차,55.94,202110,1,"6,800",7,1997,용정길46번길 29,,-,-
경상남도 창원의창구 동읍 용정리,01월 20일,20,1,동부산훼미리타운1차,55.94,202110,5,"7,500",11,1997,용정길46번길 29,,-,-
경상남도 창원의창구 동읍 용정리,01월 20일,20,1,동부산훼미리타운1차,55.94,202110,15,"6,500",8,1997,용정길46번길 29,,-,-
경상남도 창원의창구 동정동,300-7,300,7,성신,84.29,202110,23,"11,500",2,1991,의창대로139번길 13,,-,-
경상남도 창원의창구 동정동,288,288,0,오성,59.97,202110,20,"12,500",1,1996,서상로 27,,-,-
경상남도 창원의창구 동정동,256-2,256,2,팔도그린,68.32,202110,18,"14,400",5,1995,천주로36번길 9,,-,-
경상남도 창원의창구 동정동,277,277,0,흥한웰가,84.91,202110,4,"35,300",11,2004,천주로 33,,-,-
경상남도 창원의창구 명서동,27,27,0,"명곡두산위브1,2차",84.99,202110,2,"53,000",3,2010,도계로 135,,-,-
경상남도 창원의창구 명서동,27,27,0,"명곡두산위브1,2차",168.18,202110,8,"75,000",9,2010,도계로 135,,-,-
경상남도 창원의창구 명서동,27,27,0,"명곡두산위브1,2차",168.18,202110,8,"74,900",5,2010,도계로 135,,-,-
경상남도 창원의창구 명서동,27,27,0,"명곡두산위브1,2차",189.35,202110,13,"79,800",9,2010,도계로 135,,-,-
경상남도 창원의창구 명서동,27,27,0,"명곡두산위브1,2차",167.45,202110,15,"71,900",5,2010,도계로 135,,-,-
경상남도 창원의창구 명서동,27,27,0,"명곡두산위브1,2차",84.99,202110,16,"53,000",3,2010,도계로 135,,-,-
경상남도 창원의창구 명서동,27,27,0,명곡두산위브1차,103.75,202110,4,"62,800",12,2011,도계로 135,,-,-
경상남도 창원의창구 명서동,27,27,0,명곡두산위브1차,103.75,202110,7,"64,500",14,2011,도계로 135,,-,-
경상남도 창원의창구 명서동,27,27,0,명곡두산위브1차,103.75,202110,29,"55,000",8,2011,도계로 135,,-,-
경상남도 창원의창구 봉곡동,66,66,0,늘푸른마을코오롱,84.384,202110,5,"26,900",1,1999,지귀로95번길 7,,-,-
경상남도 창원의창구 봉곡동,66,66,0,늘푸른마을코오롱,84.384,202110,22,"34,300",12,1999,지귀로95번길 7,,-,-
경상남도 창원의창구 봉림동,715,715,0,엘에이치피닉스포레,84.92,202110,3,"44,300",5,2011,대봉로 27,,-,-
경상남도 창원의창구 북면 감계리,227-2,227,2,감계아내에코프리미엄1차,84.9832,202110,4,"30,500",5,2014,감계로 277,,-,-
경상남도 창원의창구 북면 감계리,227-2,227,2,감계아내에코프리미엄1차,84.9832,202110,5,"32,000",19,2014,감계로 277,,-,-
경상남도 창원의창구 북면 감계리,227-2,227,2,감계아내에코프리미엄1차,84.9832,202110,5,"33,000",15,2014,감계로 277,,-,-
경상남도 창원의창구 북면 감계리,227-2,227,2,감계아내에코프리미엄1차,84.9832,202110,6,"32,500",16,2014,감계로 277,,-,-
경상남도 창원의창구 북면 감계리,227-2,227,2,감계아내에코프리미엄1차,84.9832,202110,7,"30,000",11,2014,감계로 277,,-,-
경상남도 창원의창구 북면 감계리,227-2,227,2,감계아내에코프리미엄1차,84.9832,202110,7,"29,600",1,2014,감계로 277,,-,-
경상남도 창원의창구 북면 감계리,227-2,227,2,감계아내에코프리미엄1차,84.9832,202110,7,"29,600",1,2014,감계로 277,20211104,-,-
경상남도 창원의창구 북면 감계리,232-1,232,1,감계아내에코프리미엄2차,84.5002,202110,2,"37,000",21,2019,감계로 342,,-,-
경상남도 창원의창구 북면 감계리,232-1,232,1,감계아내에코프리미엄2차,70.5902,202110,4,"29,803",5,2019,감계로 342,,-,-
경상남도 창원의창구 북면 감계리,232-1,232,1,감계아내에코프리미엄2차,84.8776,202110,6,"34,444",9,2019,감계로 342,,-,-
경상남도 창원의창구 북면 감계리,232-1,232,1,감계아내에코프리미엄2차,84.5002,202110,12,"34,138",3,2019,감계로 342,,-,-
경상남도 창원의창구 북면 감계리,232-1,232,1,감계아내에코프리미엄2차,59.8956,202110,13,"25,266",2,2019,감계로 342,,-,-
경상남도 창원의창구 북면 감계리,232-1,232,1,감계아내에코프리미엄2차,70.5902,202110,13,"29,203",2,2019,감계로 342,,-,-
경상남도 창원의창구 북면 감계리,232-1,232,1,감계아내에코프리미엄2차,84.5002,202110,13,"34,438",11,2019,감계로 342,,-,-
경상남도 창원의창구 북면 감계리,232-1,232,1,감계아내에코프리미엄2차,84.8776,202110,13,"43,000",12,2019,감계로 342,,-,-
경상남도 창원의창구 북면 감계리,232-1,232,1,감계아내에코프리미엄2차,84.5002,202110,13,"33,838",2,2019,감계로 342,,-,-
경상남도 창원의창구 북면 감계리,232-1,232,1,감계아내에코프리미엄2차,84.5002,202110,13,"34,138",4,2019,감계로 342,,-,-
경상남도 창원의창구 북면 감계리,232-1,232,1,감계아내에코프리미엄2차,84.8776,202110,13,"34,444",8,2019,감계로 342,,-,-
경상남도 창원의창구 북면 감계리,232-1,232,1,감계아내에코프리미엄2차,70.8981,202110,14,"36,000",19,2019,감계로 342,,-,-
경상남도 창원의창구 북면 감계리,232-1,232,1,감계아내에코프리미엄2차,70.8981,202110,14,"34,700",21,2019,감계로 342,,-,-
경상남도 창원의창구 북면 감계리,232-1,232,1,감계아내에코프리미엄2차,84.5002,202110,14,"34,138",4,2019,감계로 342,,-,-
경상남도 창원의창구 북면 감계리,232-1,232,1,감계아내에코프리미엄2차,84.5002,202110,14,"34,438",7,2019,감계로 342,,-,-
경상남도 창원의창구 북면 감계리,232-1,232,1,감계아내에코프리미엄2차,84.5002,202110,14,"34,438",11,2019,감계로 342,,-,-
경상남도 창원의창구 북면 감계리,232-1,232,1,감계아내에코프리미엄2차,84.5002,202110,14,"34,438",18,2019,감계로 342,,-,-
경상남도 창원의창구 북면 감계리,232-1,232,1,감계아내에코프리미엄2차,84.8776,202110,14,"34,444",14,2019,감계로 342,,-,-
경상남도 창원의창구 북면 감계리,232-1,232,1,감계아내에코프리미엄2차,84.5002,202110,14,"34,438",18,2019,감계로 342,,-,-
경상남도 창원의창구 북면 감계리,232-1,232,1,감계아내에코프리미엄2차,84.8776,202110,15,"34,444",5,2019,감계로 342,,-,-
경상남도 창원의창구 북면 감계리,232-1,232,1,감계아내에코프리미엄2차,84.8776,202110,15,"34,444",18,2019,감계로 342,,-,-
경상남도 창원의창구 북면 감계리,232-1,232,1,감계아내에코프리미엄2차,84.8776,202110,15,"34,444",13,2019,감계로 342,,-,-
경상남도 창원의창구 북면 감계리,232-1,232,1,감계아내에코프리미엄2차,84.8776,202110,15,"34,444",13,2019,감계로 342,,-,-
경상남도 창원의창구 북면 감계리,232-1,232,1,감계아내에코프리미엄2차,84.5002,202110,15,"34,438",14,2019,감계로 342,,-,-
경상남도 창원의창구 북면 감계리,232-1,232,1,감계아내에코프리미엄2차,84.8776,202110,15,"35,444",22,2019,감계로 342,,-,-
경상남도 창원의창구 북면 감계리,232-1,232,1,감계아내에코프리미엄2차,84.5002,202110,15,"34,438",9,2019,감계로 342,,-,-
경상남도 창원의창구 북면 감계리,232-1,232,1,감계아내에코프리미엄2차,84.8776,202110,15,"34,444",11,2019,감계로 342,,-,-
경상남도 창원의창구 북면 감계리,232-1,232,1,감계아내에코프리미엄2차,59.8956,202110,15,"26,900",8,2019,감계로 342,,-,-
경상남도 창원의창구 북면 감계리,232-1,232,1,감계아내에코프리미엄2차,70.8981,202110,18,"29,505",3,2019,감계로 342,,-,-
경상남도 창원의창구 북면 감계리,232-1,232,1,감계아내에코프리미엄2차,84.8776,202110,18,"34,444",6,2019,감계로 342,,-,-
경상남도 창원의창구 북면 감계리,232-1,232,1,감계아내에코프리미엄2차,70.5902,202110,18,"29,503",3,2019,감계로 342,,-,-
경상남도 창원의창구 북면 감계리,232-1,232,1,감계아내에코프리미엄2차,84.8776,202110,18,"34,444",9,2019,감계로 342,,-,-
경상남도 창원의창구 북면 감계리,232-1,232,1,감계아내에코프리미엄2차,70.5902,202110,18,"35,000",2,2019,감계로 342,,-,-
경상남도 창원의창구 북면 감계리,232-1,232,1,감계아내에코프리미엄2차,84.5002,202110,18,"34,438",17,2019,감계로 342,,-,-
경상남도 창원의창구 북면 감계리,232-1,232,1,감계아내에코프리미엄2차,59.8956,202110,18,"24,966",1,2019,감계로 342,,-,-
경상남도 창원의창구 북면 감계리,232-1,232,1,감계아내에코프리미엄2차,70.8981,202110,18,"28,905",1,2019,감계로 342,,-,-
경상남도 창원의창구 북면 감계리,232-1,232,1,감계아내에코프리미엄2차,84.8776,202110,19,"34,444",18,2019,감계로 342,,-,-
경상남도 창원의창구 북면 감계리,232-1,232,1,감계아내에코프리미엄2차,59.8956,202110,19,"27,500",17,2019,감계로 342,,-,-
경상남도 창원의창구 북면 감계리,232-1,232,1,감계아내에코프리미엄2차,84.8776,202110,19,"34,444",6,2019,감계로 342,,-,-
경상남도 창원의창구 북면 감계리,232-1,232,1,감계아내에코프리미엄2차,84.8776,202110,19,"34,444",14,2019,감계로 342,,-,-
경상남도 창원의창구 북면 감계리,232-1,232,1,감계아내에코프리미엄2차,84.8776,202110,19,"34,444",15,2019,감계로 342,,-,-
경상남도 창원의창구 북면 감계리,232-1,232,1,감계아내에코프리미엄2차,59.8956,202110,19,"25,566",4,2019,감계로 342,,-,-
경상남도 창원의창구 북면 감계리,232-1,232,1,감계아내에코프리미엄2차,84.8776,202110,19,"34,444",3,2019,감계로 342,,-,-
경상남도 창원의창구 북면 감계리,232-1,232,1,감계아내에코프리미엄2차,84.8776,202110,19,"34,444",2,2019,감계로 342,,-,-
경상남도 창원의창구 북면 감계리,232-1,232,1,감계아내에코프리미엄2차,70.8981,202110,19,"29,805",5,2019,감계로 342,,-,-
경상남도 창원의창구 북면 감계리,232-1,232,1,감계아내에코프리미엄2차,84.5002,202110,20,"34,438",9,2019,감계로 342,,-,-
경상남도 창원의창구 북면 감계리,232-1,232,1,감계아내에코프리미엄2차,84.8776,202110,20,"34,444",5,2019,감계로 342,,-,-
경상남도 창원의창구 북면 감계리,232-1,232,1,감계아내에코프리미엄2차,84.8776,202110,20,"34,444",6,2019,감계로 342,,-,-
경상남도 창원의창구 북면 감계리,232-1,232,1,감계아내에코프리미엄2차,84.5002,202110,20,"34,438",13,2019,감계로 342,,-,-
경상남도 창원의창구 북면 감계리,232-1,232,1,감계아내에코프리미엄2차,84.5002,202110,20,"34,438",16,2019,감계로 342,,-,-
경상남도 창원의창구 북면 감계리,232-1,232,1,감계아내에코프리미엄2차,84.5002,202110,20,"34,438",15,2019,감계로 342,,-,-
경상남도 창원의창구 북면 감계리,232-1,232,1,감계아내에코프리미엄2차,84.5002,202110,20,"33,838",2,2019,감계로 342,,-,-
경상남도 창원의창구 북면 감계리,232-1,232,1,감계아내에코프리미엄2차,84.8776,202110,21,"34,444",12,2019,감계로 342,,-,-
경상남도 창원의창구 북면 감계리,232-1,232,1,감계아내에코프리미엄2차,84.5002,202110,21,"34,438",12,2019,감계로 342,,-,-
경상남도 창원의창구 북면 감계리,232-1,232,1,감계아내에코프리미엄2차,84.5002,202110,21,"34,138",3,2019,감계로 342,,-,-
경상남도 창원의창구 북면 감계리,232-1,232,1,감계아내에코프리미엄2차,70.5902,202110,21,"29,503",4,2019,감계로 342,,-,-
경상남도 창원의창구 북면 감계리,232-1,232,1,감계아내에코프리미엄2차,84.5002,202110,21,"33,838",2,2019,감계로 342,,-,-
경상남도 창원의창구 북면 감계리,232-1,232,1,감계아내에코프리미엄2차,84.5002,202110,21,"34,138",4,2019,감계로 342,,-,-
경상남도 창원의창구 북면 감계리,232-1,232,1,감계아내에코프리미엄2차,84.8776,202110,22,"34,444",13,2019,감계로 342,,-,-
경상남도 창원의창구 북면 감계리,232-1,232,1,감계아내에코프리미엄2차,84.5002,202110,22,"34,438",12,2019,감계로 342,,-,-
경상남도 창원의창구 북면 감계리,232-1,232,1,감계아내에코프리미엄2차,70.8981,202110,23,"29,805",6,2019,감계로 342,,-,-
경상남도 창원의창구 북면 감계리,232-1,232,1,감계아내에코프리미엄2차,59.8956,202110,23,"25,566",3,2019,감계로 342,,-,-
경상남도 창원의창구 북면 감계리,232-1,232,1,감계아내에코프리미엄2차,70.8981,202110,23,"29,205",2,2019,감계로 342,,-,-
경상남도 창원의창구 북면 감계리,232-1,232,1,감계아내에코프리미엄2차,84.8776,202110,23,"34,144",3,2019,감계로 342,,-,-
경상남도 창원의창구 북면 감계리,232-1,232,1,감계아내에코프리미엄2차,84.8776,202110,23,"34,444",12,2019,감계로 342,,-,-
경상남도 창원의창구 북면 감계리,232-1,232,1,감계아내에코프리미엄2차,59.8956,202110,23,"25,566",4,2019,감계로 342,,-,-
경상남도 창원의창구 북면 감계리,232-1,232,1,감계아내에코프리미엄2차,84.5002,202110,25,"34,438",14,2019,감계로 342,,-,-
경상남도 창원의창구 북면 감계리,232-1,232,1,감계아내에코프리미엄2차,84.5002,202110,25,"34,438",13,2019,감계로 342,,-,-
경상남도 창원의창구 북면 감계리,232-1,232,1,감계아내에코프리미엄2차,70.8981,202110,26,"29,205",2,2019,감계로 342,,-,-
경상남도 창원의창구 북면 감계리,232-1,232,1,감계아내에코프리미엄2차,84.8776,202110,27,"34,444",5,2019,감계로 342,,-,-
경상남도 창원의창구 북면 감계리,232-1,232,1,감계아내에코프리미엄2차,70.8981,202110,28,"29,805",5,2019,감계로 342,,-,-
경상남도 창원의창구 북면 감계리,232-1,232,1,감계아내에코프리미엄2차,84.5002,202110,29,"34,438",8,2019,감계로 342,,-,-
경상남도 창원의창구 북면 감계리,232-1,232,1,감계아내에코프리미엄2차,84.5002,202110,29,"34,438",5,2019,감계로 342,,-,-
경상남도 창원의창구 북면 감계리,232-1,232,1,감계아내에코프리미엄2차,84.5002,202110,29,"34,438",6,2019,감계로 342,,-,-
경상남도 창원의창구 북면 감계리,232-1,232,1,감계아내에코프리미엄2차,70.8981,202110,29,"28,905",1,2019,감계로 342,,-,-
경상남도 창원의창구 북면 감계리,232-1,232,1,감계아내에코프리미엄2차,84.8776,202110,30,"34,444",4,2019,감계로 342,,-,-
경상남도 창원의창구 북면 감계리,232-1,232,1,감계아내에코프리미엄2차,70.5902,202110,30,"29,503",4,2019,감계로 342,,-,-
경상남도 창원의창구 북면 감계리,225-2,225,2,창원감계푸르지오,84.8853,202110,7,"38,000",12,2017,감계로 221,,-,-
경상남도 창원의창구 북면 감계리,225-2,225,2,창원감계푸르지오,59.9862,202110,11,"24,200",8,2017,감계로 221,,-,-
경상남도 창원의창구 북면 감계리,230-1,230,1,창원감계힐스테이트1차,84.9601,202110,1,"30,000",6,2014,동전로 86,,-,-
경상남도 창원의창구 북면 감계리,230-1,230,1,창원감계힐스테이트1차,84.8931,202110,2,"34,800",7,2014,동전로 86,,-,-
경상남도 창원의창구 북면 감계리,230-1,230,1,창원감계힐스테이트1차,84.8931,202110,4,"34,000",5,2014,동전로 86,,-,-
경상남도 창원의창구 북면 감계리,230-1,230,1,창원감계힐스테이트1차,68.8466,202110,8,"27,500",2,2014,동전로 86,,-,-
경상남도 창원의창구 북면 감계리,230-1,230,1,창원감계힐스테이트1차,84.8931,202110,9,"31,000",1,2014,동전로 86,,-,-
경상남도 창원의창구 북면 감계리,230-1,230,1,창원감계힐스테이트1차,84.8931,202110,11,"38,500",17,2014,동전로 86,,-,-
경상남도 창원의창구 북면 감계리,231-10,231,10,창원감계힐스테이트2차,84.1129,202110,2,"35,000",1,2017,감계로 341,,-,-
경상남도 창원의창구 북면 감계리,231-10,231,10,창원감계힐스테이트2차,59.2812,202110,2,"28,800",12,2017,감계로 341,,-,-
경상남도 창원의창구 북면 감계리,231-10,231,10,창원감계힐스테이트2차,59.2812,202110,2,"28,000",10,2017,감계로 341,,-,-
경상남도 창원의창구 북면 감계리,231-10,231,10,창원감계힐스테이트2차,70.1076,202110,4,"35,600",11,2017,감계로 341,,-,-
경상남도 창원의창구 북면 감계리,231-10,231,10,창원감계힐스테이트2차,70.1076,202110,4,"32,500",17,2017,감계로 341,,-,-
경상남도 창원의창구 북면 감계리,231-10,231,10,창원감계힐스테이트2차,70.1076,202110,4,"34,000",6,2017,감계로 341,,-,-
경상남도 창원의창구 북면 감계리,231-10,231,10,창원감계힐스테이트2차,59.2812,202110,9,"28,400",10,2017,감계로 341,,-,-
경상남도 창원의창구 북면 감계리,231-10,231,10,창원감계힐스테이트2차,101.3891,202110,9,"43,000",3,2017,감계로 341,,-,-
경상남도 창원의창구 북면 감계리,231-10,231,10,창원감계힐스테이트2차,101.3891,202110,17,"44,500",4,2017,감계로 341,,-,-
경상남도 창원의창구 북면 감계리,227-1,227,1,창원감계힐스테이트3차,84.7395,202110,1,"27,000",16,2014,감계로 259,,-,-
경상남도 창원의창구 북면 감계리,227-1,227,1,창원감계힐스테이트3차,84.7732,202110,1,"30,500",5,2014,감계로 259,,-,-
경상남도 창원의창구 북면 감계리,227-1,227,1,창원감계힐스테이트3차,84.7732,202110,6,"35,000",14,2014,감계로 259,,-,-
경상남도 창원의창구 북면 감계리,227-1,227,1,창원감계힐스테이트3차,84.7395,202110,7,"33,500",16,2014,감계로 259,,-,-
경상남도 창원의창구 북면 감계리,227-1,227,1,창원감계힐스테이트3차,101.6532,202110,9,"45,000",14,2014,감계로 259,,-,-
경상남도 창원의창구 북면 감계리,227-1,227,1,창원감계힐스테이트3차,84.7732,202110,9,"33,300",11,2014,감계로 259,,-,-
경상남도 창원의창구 북면 감계리,227-1,227,1,창원감계힐스테이트3차,84.7702,202110,11,"34,200",3,2014,감계로 259,,-,-
경상남도 창원의창구 북면 감계리,227-1,227,1,창원감계힐스테이트3차,84.7732,202110,12,"34,500",19,2014,감계로 259,,-,-
경상남도 창원의창구 북면 감계리,227-1,227,1,창원감계힐스테이트3차,84.7702,202110,20,"34,000",6,2014,감계로 259,,-,-
경상남도 창원의창구 북면 감계리,225-1,225,1,창원감계힐스테이트4차,78.9805,202110,2,"31,500",13,2017,감계로 233,,-,-
경상남도 창원의창구 북면 감계리,225-1,225,1,창원감계힐스테이트4차,68.9762,202110,2,"29,400",23,2017,감계로 233,,-,-
경상남도 창원의창구 북면 감계리,225-1,225,1,창원감계힐스테이트4차,78.8923,202110,2,"34,500",2,2017,감계로 233,,-,-
경상남도 창원의창구 북면 감계리,225-1,225,1,창원감계힐스테이트4차,68.7206,202110,4,"31,000",20,2017,감계로 233,,-,-
경상남도 창원의창구 북면 감계리,225-1,225,1,창원감계힐스테이트4차,68.9762,202110,6,"30,000",10,2017,감계로 233,,-,-
경상남도 창원의창구 북면 감계리,225-1,225,1,창원감계힐스테이트4차,68.9762,202110,7,"31,000",13,2017,감계로 233,,-,-
경상남도 창원의창구 북면 감계리,225-1,225,1,창원감계힐스테이트4차,68.9762,202110,7,"31,000",13,2017,감계로 233,20211102,-,-
경상남도 창원의창구 북면 감계리,225-1,225,1,창원감계힐스테이트4차,78.9805,202110,9,"31,500",1,2017,감계로 233,,-,-
경상남도 창원의창구 북면 감계리,225-1,225,1,창원감계힐스테이트4차,59.0283,202110,12,"24,900",21,2017,감계로 233,,-,-
경상남도 창원의창구 북면 감계리,225-1,225,1,창원감계힐스테이트4차,59.8544,202110,14,"25,000",15,2017,감계로 233,,-,-
경상남도 창원의창구 북면 감계리,225-1,225,1,창원감계힐스테이트4차,84.9743,202110,15,"36,000",20,2017,감계로 233,,-,-
경상남도 창원의창구 북면 감계리,225-1,225,1,창원감계힐스테이트4차,101.9291,202110,16,"45,500",16,2017,감계로 233,,-,-
경상남도 창원의창구 북면 감계리,225-1,225,1,창원감계힐스테이트4차,59.0283,202110,28,"24,800",13,2017,감계로 233,,-,-
경상남도 창원의창구 북면 감계리,229-1,229,1,휴먼빌,84.95,202110,2,"31,000",16,2014,감계로 297,,-,-
경상남도 창원의창구 북면 감계리,229-1,229,1,휴먼빌,84.93,202110,4,"34,000",15,2014,감계로 297,,-,-
경상남도 창원의창구 북면 감계리,229-1,229,1,휴먼빌,84.95,202110,6,"32,000",11,2014,감계로 297,,-,-
경상남도 창원의창구 북면 감계리,229-1,229,1,휴먼빌,84.93,202110,11,"34,000",20,2014,감계로 297,,-,-
경상남도 창원의창구 북면 감계리,229-1,229,1,휴먼빌,84.93,202110,13,"33,000",13,2014,감계로 297,,-,-
경상남도 창원의창구 북면 감계리,229-1,229,1,휴먼빌,84.93,202110,16,"28,000",11,2014,감계로 297,,-,-
경상남도 창원의창구 북면 감계리,229-1,229,1,휴먼빌,84.93,202110,21,"26,100",14,2014,감계로 297,,-,-
경상남도 창원의창구 북면 동전리,128,128,0,창원동전월드메르디앙,78.7292,202110,1,"19,500",1,2016,동전로224번길 3,,-,-
경상남도 창원의창구 북면 동전리,128,128,0,창원동전월드메르디앙,78.7292,202110,6,"21,000",2,2016,동전로224번길 3,,-,-
경상남도 창원의창구 북면 동전리,128,128,0,창원동전월드메르디앙,69.6248,202110,6,"18,000",3,2016,동전로224번길 3,,-,-
경상남도 창원의창구 북면 동전리,128,128,0,창원동전월드메르디앙,78.7292,202110,7,"21,000",2,2016,동전로224번길 3,20211015,-,-
경상남도 창원의창구 북면 동전리,128,128,0,창원동전월드메르디앙,67.6322,202110,9,"17,650",3,2016,동전로224번길 3,,-,-
경상남도 창원의창구 북면 동전리,128,128,0,창원동전월드메르디앙,78.7292,202110,18,"21,000",4,2016,동전로224번길 3,,-,-
경상남도 창원의창구 북면 무동리,104-1,104,1,창원무동STX칸1차,84.99,202110,2,"24,750",8,2015,무동서로 76,,-,-
경상남도 창원의창구 북면 무동리,104-1,104,1,창원무동STX칸1차,84.99,202110,4,"25,300",6,2015,무동서로 76,,-,-
경상남도 창원의창구 북면 무동리,104-1,104,1,창원무동STX칸1차,84.99,202110,9,"26,800",6,2015,무동서로 76,,-,-
경상남도 창원의창구 북면 무동리,104-1,104,1,창원무동STX칸1차,84.99,202110,13,"26,000",7,2015,무동서로 76,,-,-
경상남도 창원의창구 북면 무동리,104-1,104,1,창원무동STX칸1차,84.99,202110,16,"26,500",16,2015,무동서로 76,,-,-
경상남도 창원의창구 북면 무동리,104-1,104,1,창원무동STX칸1차,59.99,202110,21,"20,900",10,2015,무동서로 76,,-,-
경상남도 창원의창구 북면 무동리,104-1,104,1,창원무동STX칸1차,84.99,202110,22,"25,000",10,2015,무동서로 76,,-,-
경상남도 창원의창구 북면 무동리,104-1,104,1,창원무동STX칸1차,84.99,202110,30,"24,500",4,2015,무동서로 76,,-,-
경상남도 창원의창구 북면 무동리,155-1,155,1,창원무동STX칸2차,84.99,202110,27,"25,000",8,2015,무동로267번길 10,,-,-
경상남도 창원의창구 북면 무동리,124-1,124,1,창원무동센텀파라디아,59.9932,202110,8,"22,000",13,2018,무동서로 24,,-,-
경상남도 창원의창구 북면 무동리,124-1,124,1,창원무동센텀파라디아,59.9932,202110,9,"22,000",5,2018,무동서로 24,,-,-
경상남도 창원의창구 북면 무동리,124-1,124,1,창원무동센텀파라디아,59.9932,202110,9,"21,000",8,2018,무동서로 24,,-,-
경상남도 창원의창구 북면 무동리,124-1,124,1,창원무동센텀파라디아,59.9932,202110,10,"22,600",8,2018,무동서로 24,,-,-
경상남도 창원의창구 북면 무동리,124-1,124,1,창원무동센텀파라디아,59.9932,202110,10,"22,600",8,2018,무동서로 24,20211028,-,-
경상남도 창원의창구 북면 무동리,124-1,124,1,창원무동센텀파라디아,59.9932,202110,13,"21,500",6,2018,무동서로 24,,-,-
경상남도 창원의창구 북면 무동리,124-1,124,1,창원무동센텀파라디아,59.9932,202110,15,"18,000",11,2018,무동서로 24,,-,-
경상남도 창원의창구 북면 무동리,124-1,124,1,창원무동센텀파라디아,59.9932,202110,16,"23,000",21,2018,무동서로 24,,-,-
경상남도 창원의창구 북면 무동리,124-1,124,1,창원무동센텀파라디아,72.9942,202110,17,"26,000",10,2018,무동서로 24,,-,-
경상남도 창원의창구 북면 무동리,123-1,123,1,휴먼빌1단지,84.994,202110,1,"24,500",10,2013,동곡로 33,,-,-
경상남도 창원의창구 북면 무동리,123-1,123,1,휴먼빌1단지,84.994,202110,18,"25,000",12,2013,동곡로 33,,-,-
경상남도 창원의창구 북면 무동리,123-1,123,1,휴먼빌1단지,84.994,202110,18,"23,500",17,2013,동곡로 33,,-,-
경상남도 창원의창구 북면 무동리,123-1,123,1,휴먼빌1단지,84.994,202110,19,"24,000",11,2013,동곡로 33,,-,-
경상남도 창원의창구 북면 무동리,123-1,123,1,휴먼빌1단지,84.994,202110,25,"23,500",13,2013,동곡로 33,,-,-
경상남도 창원의창구 북면 무동리,123-1,123,1,휴먼빌1단지,84.99,202110,27,"25,000",15,2013,동곡로 33,,-,-
경상남도 창원의창구 북면 무동리,123-1,123,1,휴먼빌1단지,84.994,202110,28,"20,000",4,2013,동곡로 33,,-,-
경상남도 창원의창구 북면 무동리,122-1,122,1,휴먼빌2단지,84.99,202110,16,"23,400",10,2013,동곡로 35,,-,-
경상남도 창원의창구 북면 무동리,144-1,144,1,휴먼빌3단지,84.957,202110,4,"24,500",2,2014,무동로226번길 19,,-,-
경상남도 창원의창구 북면 무동리,144-1,144,1,휴먼빌3단지,84.957,202110,5,"25,000",18,2014,무동로226번길 19,,-,-
경상남도 창원의창구 북면 무동리,144-1,144,1,휴먼빌3단지,84.957,202110,8,"27,500",9,2014,무동로226번길 19,,-,-
경상남도 창원의창구 북면 무동리,144-1,144,1,휴먼빌3단지,84.957,202110,8,"26,300",7,2014,무동로226번길 19,,-,-
경상남도 창원의창구 북면 무동리,144-1,144,1,휴먼빌3단지,84.987,202110,11,"24,000",1,2014,무동로226번길 19,,-,-
경상남도 창원의창구 북면 무동리,144-1,144,1,휴먼빌3단지,59.975,202110,12,"19,500",8,2014,무동로226번길 19,,-,-
경상남도 창원의창구 북면 신촌리,905-6,905,6,신우,60,202110,19,"10,200",15,1999,신촌본포로 12-10,,-,-
경상남도 창원의창구 북면 신촌리,960-1,960,1,신한2,59.79,202110,9,"6,500",4,1998,천주로 1103,,-,-
경상남도 창원의창구 북면 신촌리,960-1,960,1,신한2,84.87,202110,21,"11,500",3,1998,천주로 1103,,-,-
경상남도 창원의창구 북면 신촌리,905-24,905,24,춘광2,39.41,202110,16,"4,900",10,1995,신촌본포로 12-13,,-,-
경상남도 창원의창구 북면 신촌리,905-24,905,24,춘광2,59.81,202110,23,"5,800",9,1995,신촌본포로 12-13,,-,-
경상남도 창원의창구 서상동,649,649,0,중동대동다:숲,84.9338,202110,5,"37,500",12,2005,팔용로 512,,-,-
경상남도 창원의창구 서상동,649,649,0,중동대동다:숲,84.9338,202110,23,"34,000",4,2005,팔용로 512,,-,-
경상남도 창원의창구 소계동,714-16,714,16,정원,54.61,202110,2,"6,500",4,1983,소계로90번길 8,,-,-
경상남도 창원의창구 소답동,129-5,129,5,금강매화,59.85,202110,5,"12,600",11,1998,의안로56번길 31,,-,-
경상남도 창원의창구 소답동,146-6,146,6,금강빌라가동,99.93,202110,15,"9,010",4,1992,의안로56번길 49,,-,-
경상남도 창원의창구 소답동,154-1,154,1,남도빌라,66.18,202110,11,"9,700",6,1992,의창대로299번길 16-2,,-,-
경상남도 창원의창구 소답동,410-3,410,3,오션빌리지,72.96,202110,7,"23,300",4,2012,의안로70번길 15,,-,-
경상남도 창원의창구 소답동,143-28,143,28,이조빌라3차,75.84,202110,19,"13,700",3,2001,의안로44번길 48,,-,-
경상남도 창원의창구 소답동,143-28,143,28,이조빌라3차,75.84,202110,19,"13,700",3,2001,의안로44번길 48,20211025,-,-
경상남도 창원의창구 소답동,145-4,145,4,익산소답빌라,79.3285,202110,16,"10,000",4,1991,의안로56번길 50,,-,-
경상남도 창원의창구 중동,790,790,0,창원중동유니시티1단지,135.7607,202110,2,"165,000",27,2019,중동로 34,,-,-
경상남도 창원의창구 중동,790,790,0,창원중동유니시티1단지,115.7299,202110,7,"130,000",6,2019,중동로 34,,-,-
경상남도 창원의창구 중동,790,790,0,창원중동유니시티1단지,59.9816,202110,9,"69,000",27,2019,중동로 34,,-,-
경상남도 창원의창구 중동,788,788,0,창원중동유니시티4단지,84.7171,202110,6,"97,000",26,2019,중동로 78,,-,-
경상남도 창원의창구 중동,788,788,0,창원중동유니시티4단지,84.7171,202110,12,"95,500",18,2019,중동로 78,,-,-
경상남도 창원의창구 팔용동,124-1,124,1,극동,59.34,202110,4,"20,000",18,1994,팔용로 446,,-,-
경상남도 창원의창구 팔용동,124-1,124,1,극동,59.34,202110,4,"20,500",6,1994,팔용로 446,,-,-
경상남도 창원의창구 팔용동,124-1,124,1,극동,108.72,202110,4,"32,000",2,1994,팔용로 446,,-,-
경상남도 창원의창구 팔용동,124-1,124,1,극동,59.34,202110,12,"21,700",14,1994,팔용로 446,,-,-
경상남도 창원의창구 팔용동,124-1,124,1,극동,59.34,202110,12,"21,700",14,1994,팔용로 446,20211015,-,-
경상남도 창원의창구 팔용동,124-1,124,1,극동,84.88,202110,15,"31,800",19,1994,팔용로 446,,-,-
경상남도 창원의창구 팔용동,124-1,124,1,극동,59.34,202110,21,"21,900",16,1994,팔용로 446,,-,-
경상남도 창원의창구 팔용동,124-1,124,1,극동,59.34,202110,25,"19,900",20,1994,팔용로 446,,-,-
경상남도 창원의창구 팔용동,124-2,124,2,대동중앙,59.9,202110,2,"23,400",8,1993,반계로 101,,-,-
경상남도 창원의창구 팔용동,124-2,124,2,대동중앙,59.92,202110,5,"25,000",12,1993,반계로 101,,-,-
경상남도 창원의창구 팔용동,124-2,124,2,대동중앙,59.66,202110,9,"22,500",8,1993,반계로 101,,-,-
경상남도 창원의창구 팔용동,124-2,124,2,대동중앙,59.9,202110,12,"22,800",10,1993,반계로 101,,-,-
경상남도 창원의창구 팔용동,124-2,124,2,대동중앙,59.9,202110,19,"25,000",14,1993,반계로 101,,-,-
경상남도 창원의창구 팔용동,123-1,123,1,벽산블루밍A,59.97,202110,23,"33,000",17,2000,반계로 104-9,,-,-
경상남도 창원의창구 팔용동,122,122,0,벽산블루밍B,74.01,202110,16,"34,400",9,1999,반계로 104-8,20211026,-,-
경상남도 창원의창구 팔용동,122,122,0,벽산블루밍B,74.01,202110,16,"34,400",9,1999,반계로 104-8,,-,-
경상남도 창원의창구 팔용동,122,122,0,벽산블루밍B,84.905,202110,18,"44,000",10,1999,반계로 104-8,,-,-
경상남도 창원의창구 팔용동,122,122,0,벽산블루밍B,74.01,202110,23,"36,000",6,1999,반계로 104-8,,-,-
경상남도 창원의창구 팔용동,122,122,0,벽산블루밍B,84.905,202110,25,"48,000",9,1999,반계로 104-8,,-,-
경상남도 창원의창구 팔용동,122,122,0,벽산블루밍B,84.905,202110,27,"43,500",3,1999,반계로 104-8,,-,-
경상남도 창원의창구 팔용동,122,122,0,벽산블루밍B,74.01,202110,30,"33,900",15,1999,반계로 104-8,,-,-
경상남도 창원의창구 팔용동,125,125,0,벽산블루밍C단지,59.97,202110,1,"28,000",14,1999,남산로 20,,-,-
경상남도 창원의창구 팔용동,125,125,0,벽산블루밍C단지,84.905,202110,7,"36,000",5,1999,남산로 20,,-,-
경상남도 창원의창구 팔용동,125,125,0,벽산블루밍C단지,84.905,202110,16,"40,000",16,1999,남산로 20,,-,-
경상남도 창원의창구 팔용동,125,125,0,벽산블루밍C단지,74.01,202110,28,"26,400",5,1999,남산로 20,,-,-
경상남도 창원의창구 팔용동,69,69,0,팔용원풍,84.5257,202110,7,"34,000",2,2000,사화로90번길 6,,-,-
경상남도 창원의창구 팔용동,69,69,0,팔용원풍,84.5257,202110,11,"35,000",10,2000,사화로90번길 6,,-,-
경상남도 창원의창구 팔용동,Jan-35,35,1,힐스테이트아티움시티,84.8615,202110,9,"63,500",19,2020,창원대로397번길 11,,-,-
경상남도 창원의창구 팔용동,Jan-35,35,1,힐스테이트아티움시티,84.8605,202110,15,"66,700",7,2020,창원대로397번길 11,,-,-
경상남도 창원진해구 경화동,904-2,904,2,경화,54.09,202110,21,"7,000",4,1985,경화시장로 34-3,,-,-
경상남도 창원진해구 경화동,1400,1400,0,경화동더샵,84.94,202110,13,"22,800",15,2005,조천북로 65,,-,-
경상남도 창원진해구 경화동,1400,1400,0,경화동더샵,84.93,202110,23,"21,300",8,2005,조천북로 65,,-,-
경상남도 창원진해구 경화동,1400,1400,0,경화동더샵,84.94,202110,23,"20,500",11,2005,조천북로 65,,-,-
경상남도 창원진해구 경화동,1334,1334,0,경화동두산위브,59.9236,202110,1,"30,800",13,2017,조천로 30,,-,-
경상남도 창원진해구 경화동,1334,1334,0,경화동두산위브,84.9052,202110,2,"35,700",2,2017,조천로 30,,-,-
경상남도 창원진해구 경화동,1334,1334,0,경화동두산위브,74.7176,202110,8,"32,000",2,2017,조천로 30,,-,-
경상남도 창원진해구 경화동,1334,1334,0,경화동두산위브,74.7176,202110,22,"33,800",2,2017,조천로 30,,-,-
경상남도 창원진해구 경화동,1334,1334,0,경화동두산위브,84.7539,202110,30,"37,500",12,2017,조천로 30,,-,-
경상남도 창원진해구 경화동,1316,1316,0,경화베스티움,84.5298,202110,2,"33,000",11,2018,조천북로 131,,-,-
경상남도 창원진해구 경화동,1316,1316,0,경화베스티움,84.9583,202110,23,"29,800",2,2018,조천북로 131,,-,-
경상남도 창원진해구 경화동,859,859,0,경화주공,31.98,202110,7,"8,800",2,1986,충장로345번길 50,,-,-
경상남도 창원진해구 경화동,859,859,0,경화주공,39.72,202110,8,"12,000",3,1986,충장로345번길 50,20211104,-,-
경상남도 창원진해구 경화동,859,859,0,경화주공,31.98,202110,8,"8,700",2,1986,충장로345번길 50,,-,-
경상남도 창원진해구 경화동,859,859,0,경화주공,31.98,202110,8,"9,500",3,1986,충장로345번길 50,,-,-
경상남도 창원진해구 경화동,859,859,0,경화주공,39.72,202110,8,"12,000",3,1986,충장로345번길 50,,-,-
경상남도 창원진해구 경화동,859,859,0,경화주공,31.98,202110,15,"9,500",4,1986,충장로345번길 50,,-,-
경상남도 창원진해구 경화동,859,859,0,경화주공,31.98,202110,22,"7,000",5,1986,충장로345번길 50,,-,-
경상남도 창원진해구 경화동,859,859,0,경화주공,31.98,202110,28,"9,800",5,1986,충장로345번길 50,,-,-
경상남도 창원진해구 경화동,859,859,0,경화주공,31.98,202110,30,"9,800",3,1986,충장로345번길 50,,-,-
경상남도 창원진해구 경화동,1388,1388,0,대동다:숲,130.2003,202110,1,"25,500",4,2006,조천북로 79,,-,-
경상남도 창원진해구 경화동,1388,1388,0,대동다:숲,84.995,202110,2,"19,000",8,2006,조천북로 79,,-,-
경상남도 창원진해구 경화동,1388,1388,0,대동다:숲,84.995,202110,6,"18,300",1,2006,조천북로 79,,-,-
경상남도 창원진해구 경화동,1388,1388,0,대동다:숲,84.995,202110,23,"22,800",15,2006,조천북로 79,,-,-
경상남도 창원진해구 경화동,900,900,0,보람더좋은큐브,48.44,202110,15,"10,800",4,2013,진해대로694번길 24,,-,-
경상남도 창원진해구 경화동,751,751,0,원창훼미리,59.68,202110,4,"7,000",6,1999,병암북로4번길 25,,-,-
경상남도 창원진해구 경화동,Jan-32,32,1,한빛프라자,59.88,202110,18,"12,500",3,2000,충장로 325,,-,-
경상남도 창원진해구 남문동,1293-1,1293,1,남문호반베르디움,71.991,202110,7,"29,500",25,2018,웅천동로43번길 19,,-,-
경상남도 창원진해구 남문동,1293-1,1293,1,남문호반베르디움,71.991,202110,9,"27,500",6,2018,웅천동로43번길 19,,-,-
경상남도 창원진해구 남문동,1293-1,1293,1,남문호반베르디움,71.9935,202110,14,"24,000",1,2018,웅천동로43번길 19,,-,-
경상남도 창원진해구 남문동,1293-1,1293,1,남문호반베르디움,84.9908,202110,17,"32,700",19,2018,웅천동로43번길 19,,-,-
경상남도 창원진해구 남문동,1293-1,1293,1,남문호반베르디움,71.991,202110,21,"22,000",15,2018,웅천동로43번길 19,,-,-
경상남도 창원진해구 남문동,1293-1,1293,1,남문호반베르디움,84.9908,202110,24,"30,000",9,2018,웅천동로43번길 19,,-,-
경상남도 창원진해구 남문동,1274-1,1274,1,시티프라디움1차아파트,59.9982,202110,2,"21,900",8,2017,웅천동로 16,,-,-
경상남도 창원진해구 남문동,1274-1,1274,1,시티프라디움1차아파트,59.9982,202110,5,"19,700",20,2017,웅천동로 16,,-,-
경상남도 창원진해구 남문동,1274-1,1274,1,시티프라디움1차아파트,59.978,202110,9,"18,500",10,2017,웅천동로 16,,-,-
경상남도 창원진해구 남문동,1274-1,1274,1,시티프라디움1차아파트,59.978,202110,9,"19,700",23,2017,웅천동로 16,,-,-
경상남도 창원진해구 남문동,1274-1,1274,1,시티프라디움1차아파트,59.9982,202110,22,"19,500",22,2017,웅천동로 16,,-,-
경상남도 창원진해구 남문동,1274-1,1274,1,시티프라디움1차아파트,59.9982,202110,23,"21,200",7,2017,웅천동로 16,,-,-
경상남도 창원진해구 남문동,1274-1,1274,1,시티프라디움1차아파트,59.978,202110,26,"18,500",3,2017,웅천동로 16,,-,-
경상남도 창원진해구 남문동,1274-1,1274,1,시티프라디움1차아파트,59.9808,202110,26,"19,000",19,2017,웅천동로 16,,-,-
경상남도 창원진해구 남문동,1274-1,1274,1,시티프라디움1차아파트,59.978,202110,28,"18,300",21,2017,웅천동로 16,,-,-
경상남도 창원진해구 남문동,1256-1,1256,1,시티프라디움2차,84.9908,202110,1,"29,000",12,2017,웅천동로 100,,-,-
경상남도 창원진해구 남문동,1256-1,1256,1,시티프라디움2차,74.1476,202110,8,"24,300",5,2017,웅천동로 100,,-,-
경상남도 창원진해구 남문동,1256-1,1256,1,시티프라디움2차,74.2787,202110,10,"25,500",16,2017,웅천동로 100,,-,-
경상남도 창원진해구 남문동,1256-1,1256,1,시티프라디움2차,84.9908,202110,10,"28,800",15,2017,웅천동로 100,,-,-
경상남도 창원진해구 남문동,1256-1,1256,1,시티프라디움2차,84.9908,202110,10,"29,800",10,2017,웅천동로 100,,-,-
경상남도 창원진해구 남문동,1256-1,1256,1,시티프라디움2차,84.9908,202110,17,"28,000",11,2017,웅천동로 100,,-,-
경상남도 창원진해구 남문동,1256-1,1256,1,시티프라디움2차,84.9908,202110,24,"30,000",8,2017,웅천동로 100,,-,-
경상남도 창원진해구 남문동,1256-1,1256,1,시티프라디움2차,84.9908,202110,24,"29,000",12,2017,웅천동로 100,,-,-
경상남도 창원진해구 남문동,1256-2,1256,2,진해남문하우스디,84.929,202110,8,"27,500",12,2019,웅천동로106번길 20,,-,-
경상남도 창원진해구 남문동,1256-2,1256,2,진해남문하우스디,72.9693,202110,13,"25,800",10,2019,웅천동로106번길 20,,-,-
경상남도 창원진해구 남문동,1256-2,1256,2,진해남문하우스디,84.9402,202110,21,"27,800",17,2019,웅천동로106번길 20,,-,-
경상남도 창원진해구 남문동,1256-2,1256,2,진해남문하우스디,84.9223,202110,23,"28,000",14,2019,웅천동로106번길 20,,-,-
경상남도 창원진해구 남양동,20,20,0,STX칸,84.9859,202110,1,"19,040",6,2009,월남로 142,,-,-
경상남도 창원진해구 남양동,20,20,0,STX칸,84.9859,202110,2,"19,040",4,2009,월남로 142,,-,-
경상남도 창원진해구 남양동,20,20,0,STX칸,84.9859,202110,2,"19,040",4,2009,월남로 142,,-,-
경상남도 창원진해구 남양동,20,20,0,STX칸,84.9859,202110,5,"19,040",6,2009,월남로 142,,-,-
경상남도 창원진해구 남양동,20,20,0,STX칸,84.9859,202110,6,"19,040",5,2009,월남로 142,,-,-
경상남도 창원진해구 남양동,20,20,0,STX칸,84.9859,202110,8,"19,040",5,2009,월남로 142,,-,-
경상남도 창원진해구 남양동,20,20,0,STX칸,84.9859,202110,11,"18,000",2,2009,월남로 142,,-,-
경상남도 창원진해구 남양동,20,20,0,STX칸,84.9859,202110,18,"18,700",1,2009,월남로 142,,-,-
경상남도 창원진해구 남양동,20,20,0,STX칸,84.9859,202110,19,"19,040",3,2009,월남로 142,,-,-
경상남도 창원진해구 남양동,20,20,0,STX칸,84.9859,202110,21,"19,040",5,2009,월남로 142,,-,-
경상남도 창원진해구 남양동,20,20,0,STX칸,84.9859,202110,22,"19,040",5,2009,월남로 142,,-,-
경상남도 창원진해구 남양동,20,20,0,STX칸,84.9859,202110,22,"19,000",12,2009,월남로 142,,-,-
경상남도 창원진해구 두동,1296-2,1296,2,희가로,76.1675,202110,8,"13,000",10,2008,웅동로 182,,-,-
경상남도 창원진해구 두동,1296-2,1296,2,희가로,84.999,202110,11,"13,300",10,2008,웅동로 182,,-,-
경상남도 창원진해구 마천동,Mar-99,99,3,남명플럼빌리지,59.8761,202110,1,"9,000",3,2004,웅동로 70,,-,-
경상남도 창원진해구 마천동,Mar-99,99,3,남명플럼빌리지,59.8761,202110,2,"10,050",7,2004,웅동로 70,,-,-
경상남도 창원진해구 마천동,Mar-99,99,3,남명플럼빌리지,59.8761,202110,3,"9,400",10,2004,웅동로 70,20211027,-,-
경상남도 창원진해구 마천동,Mar-99,99,3,남명플럼빌리지,59.8761,202110,26,"9,500",17,2004,웅동로 70,,-,-
경상남도 창원진해구 마천동,144-3,144,3,여명,59.73,202110,28,"7,300",3,1998,마천로 35,,-,-
경상남도 창원진해구 부흥동,01월 01일,1,1,데시앙,84.9554,202110,7,"23,500",12,2007,중원동로 38,,-,-
경상남도 창원진해구 석동,656,656,0,벚꽃그린빌3단지,84.97,202110,2,"28,800",5,2003,석동로 60,,-,-
경상남도 창원진해구 석동,656,656,0,벚꽃그린빌3단지,84.97,202110,25,"27,300",2,2003,석동로 60,,-,-
경상남도 창원진해구 석동,Jan-90,90,1,석동주공,42.48,202110,5,"14,100",2,1991,냉천로 52,,-,-
경상남도 창원진해구 석동,Jan-90,90,1,석동주공,32.76,202110,15,"10,500",3,1991,냉천로 52,,-,-
경상남도 창원진해구 석동,Jan-90,90,1,석동주공,32.76,202110,16,"10,500",1,1991,냉천로 52,,-,-
경상남도 창원진해구 석동,Jan-90,90,1,석동주공,32.76,202110,16,"11,000",2,1991,냉천로 52,,-,-
경상남도 창원진해구 석동,Jan-90,90,1,석동주공,42.48,202110,16,"13,300",3,1991,냉천로 52,,-,-
경상남도 창원진해구 석동,Jan-90,90,1,석동주공,32.76,202110,25,"11,000",1,1991,냉천로 52,,-,-
경상남도 창원진해구 석동,675,675,0,우림필유,161.75,202110,1,"53,500",6,2008,해원로 45,,-,-
경상남도 창원진해구 석동,675,675,0,우림필유,84.99,202110,2,"34,000",7,2008,해원로 45,,-,-
경상남도 창원진해구 석동,675,675,0,우림필유,84.86,202110,2,"45,000",7,2008,해원로 45,,-,-
경상남도 창원진해구 석동,675,675,0,우림필유,84.99,202110,5,"39,000",7,2008,해원로 45,,-,-
경상남도 창원진해구 석동,675,675,0,우림필유,133.37,202110,9,"55,000",7,2008,해원로 45,,-,-
경상남도 창원진해구 석동,675,675,0,우림필유,84.99,202110,11,"36,000",6,2008,해원로 45,,-,-
경상남도 창원진해구 석동,675,675,0,우림필유,132.09,202110,11,"55,000",1,2008,해원로 45,,-,-
경상남도 창원진해구 석동,675,675,0,우림필유,84.99,202110,16,"38,000",7,2008,해원로 45,,-,-
경상남도 창원진해구 석동,407,407,0,좋은아침,70.2225,202110,30,"15,800",4,2005,진해대로763번길 19,,-,-
경상남도 창원진해구 석동,551-1,551,1,진해석동푸르지오,84.979,202110,2,"27,500",5,2006,진해대로 727,,-,-
경상남도 창원진해구 석동,551-1,551,1,진해석동푸르지오,138.044,202110,6,"40,500",6,2006,진해대로 727,,-,-
경상남도 창원진해구 석동,551-1,551,1,진해석동푸르지오,84.979,202110,22,"29,000",3,2006,진해대로 727,,-,-
경상남도 창원진해구 석동,551-1,551,1,진해석동푸르지오,116.453,202110,23,"36,000",1,2006,진해대로 727,,-,-
경상남도 창원진해구 석동,551-1,551,1,진해석동푸르지오,84.979,202110,23,"28,000",8,2006,진해대로 727,,-,-
경상남도 창원진해구 석동,551-1,551,1,진해석동푸르지오,138.044,202110,26,"38,000",11,2006,진해대로 727,,-,-
경상남도 창원진해구 석동,232,232,0,진해자이,84.9407,202110,2,"30,500",4,2006,동진로21번길 26,,-,-
경상남도 창원진해구 석동,232,232,0,진해자이,84.9407,202110,2,"34,000",5,2006,동진로21번길 26,,-,-
경상남도 창원진해구 석동,232,232,0,진해자이,84.9407,202110,2,"30,600",13,2006,동진로21번길 26,,-,-
경상남도 창원진해구 석동,232,232,0,진해자이,84.9407,202110,4,"31,800",7,2006,동진로21번길 26,,-,-
경상남도 창원진해구 석동,232,232,0,진해자이,84.9407,202110,4,"31,800",7,2006,동진로21번길 26,20211014,-,-
경상남도 창원진해구 석동,232,232,0,진해자이,155.7312,202110,7,"47,000",12,2006,동진로21번길 26,,-,-
경상남도 창원진해구 석동,232,232,0,진해자이,84.9407,202110,11,"31,000",9,2006,동진로21번길 26,,-,-
경상남도 창원진해구 석동,232,232,0,진해자이,84.9407,202110,16,"35,000",10,2006,동진로21번길 26,,-,-
경상남도 창원진해구 석동,607,607,0,한림,59.72,202110,19,"10,600",1,1995,진해대로728번길 8-36,,-,-
경상남도 창원진해구 석동,351,351,0,한솔솔파크1단지,119.593,202110,2,"32,000",2,2009,진해대로789번길 24,,-,-
경상남도 창원진해구 석동,287-5,287,5,한솔솔파크2단지,108.729,202110,21,"35,000",3,2009,돌리로16번길 18,,-,-
경상남도 창원진해구 속천동,02월 07일,2,7,네오비치빌라,74.3818,202110,11,"11,900",7,2003,속천로 65,,-,-
경상남도 창원진해구 속천동,7,7,0,진해유진에코블루스카이,59.9874,202110,15,"22,500",11,2015,속천로 45,,-,-
경상남도 창원진해구 안골동,375,375,0,창원마린2차푸르지오,84.9925,202110,10,"34,700",9,2016,안골로298번길 26,,-,-
경상남도 창원진해구 안골동,375,375,0,창원마린2차푸르지오,84.9925,202110,11,"32,000",4,2016,안골로298번길 26,,-,-
경상남도 창원진해구 안골동,375,375,0,창원마린2차푸르지오,74.924,202110,12,"27,900",9,2016,안골로298번길 26,,-,-
경상남도 창원진해구 안골동,375,375,0,창원마린2차푸르지오,84.9925,202110,13,"33,900",5,2016,안골로298번길 26,,-,-
경상남도 창원진해구 안골동,375,375,0,창원마린2차푸르지오,84.9925,202110,14,"32,000",7,2016,안골로298번길 26,,-,-
경상남도 창원진해구 안골동,375,375,0,창원마린2차푸르지오,74.924,202110,25,"28,000",16,2016,안골로298번길 26,,-,-
경상남도 창원진해구 여좌동,761-48,761,48,금화골든파크,34.38,202110,6,"6,400",10,2004,충장로 79,,-,-
경상남도 창원진해구 여좌동,760-24,760,24,대광,84.8,202110,16,"14,500",8,1996,여명로16번길 22,,-,-
경상남도 창원진해구 여좌동,760-24,760,24,대광,84.63,202110,22,"13,700",2,1996,여명로16번길 22,,-,-
경상남도 창원진해구 여좌동,797-1,797,1,헤븐하임,78.79,202110,25,"23,500",4,2016,충장로 147,,-,-
경상남도 창원진해구 용원동,1338-2,1338,2,부산신항만이지더원1단지,84.8926,202110,8,"25,000",4,2014,신항동로 143,,-,-
경상남도 창원진해구 용원동,1338-2,1338,2,부산신항만이지더원1단지,84.8926,202110,9,"25,400",10,2014,신항동로 143,,-,-
경상남도 창원진해구 용원동,1338-3,1338,3,부산신항만이지더원2단지,59.9276,202110,2,"18,300",14,2014,신항북로 202,,-,-
경상남도 창원진해구 용원동,1338-3,1338,3,부산신항만이지더원2단지,84.8926,202110,5,"25,000",17,2014,신항북로 202,,-,-
경상남도 창원진해구 용원동,1338-3,1338,3,부산신항만이지더원2단지,84.8926,202110,6,"25,500",18,2014,신항북로 202,,-,-
경상남도 창원진해구 용원동,1338-3,1338,3,부산신항만이지더원2단지,84.8926,202110,7,"23,500",14,2014,신항북로 202,,-,-
경상남도 창원진해구 용원동,1338-3,1338,3,부산신항만이지더원2단지,84.8926,202110,11,"25,000",14,2014,신항북로 202,,-,-
경상남도 창원진해구 용원동,1338-3,1338,3,부산신항만이지더원2단지,84.8926,202110,16,"27,000",19,2014,신항북로 202,,-,-
경상남도 창원진해구 용원동,1338-3,1338,3,부산신항만이지더원2단지,84.8926,202110,18,"24,000",3,2014,신항북로 202,,-,-
경상남도 창원진해구 용원동,1338-3,1338,3,부산신항만이지더원2단지,84.8926,202110,23,"26,800",25,2014,신항북로 202,,-,-
경상남도 창원진해구 용원동,1208,1208,0,일신님,101.7235,202110,2,"24,800",2,2005,안골로 359,,-,-
경상남도 창원진해구 용원동,1208,1208,0,일신님,84.9886,202110,9,"20,400",12,2005,안골로 359,,-,-
경상남도 창원진해구 용원동,1208,1208,0,일신님,84.9886,202110,9,"20,500",8,2005,안골로 359,,-,-
경상남도 창원진해구 용원동,1208,1208,0,일신님,84.9886,202110,17,"21,200",13,2005,안골로 359,,-,-
경상남도 창원진해구 용원동,1208,1208,0,일신님,121.4142,202110,17,"32,000",7,2005,안골로 359,,-,-
경상남도 창원진해구 용원동,1208,1208,0,일신님,84.9886,202110,20,"20,200",6,2005,안골로 359,,-,-
경상남도 창원진해구 용원동,1206,1206,0,진해녹산현대,84.97,202110,1,"16,000",7,1998,안청북로 42,,-,-
경상남도 창원진해구 용원동,1206,1206,0,진해녹산현대,84.97,202110,15,"15,500",10,1998,안청북로 42,,-,-
경상남도 창원진해구 용원동,1209,1209,0,코아루,84.7156,202110,4,"21,500",14,2005,안골로 339,,-,-
경상남도 창원진해구 용원동,1209,1209,0,코아루,84.7156,202110,7,"19,500",3,2005,안골로 339,,-,-
경상남도 창원진해구 용원동,1209,1209,0,코아루,84.7156,202110,8,"22,900",11,2005,안골로 339,,-,-
경상남도 창원진해구 용원동,1209,1209,0,코아루,84.7156,202110,23,"20,400",2,2005,안골로 339,,-,-
경상남도 창원진해구 용원동,1209,1209,0,코아루,84.7156,202110,24,"22,000",13,2005,안골로 339,,-,-
경상남도 창원진해구 용원동,1209,1209,0,코아루,84.7156,202110,26,"22,000",9,2005,안골로 339,,-,-
경상남도 창원진해구 이동,418-1,418,1,남흥,77.21,202110,1,"14,000",2,1991,해원로 5,,-,-
경상남도 창원진해구 이동,418-1,418,1,남흥,77.21,202110,9,"13,500",6,1991,해원로 5,,-,-
경상남도 창원진해구 이동,398-2,398,2,뉴중앙하이츠,35.5833,202110,25,"8,900",6,2013,천자로 13,,-,-
경상남도 창원진해구 이동,520-4,520,4,보람더좋은퍼스트,48.5321,202110,14,"11,000",10,2014,병암로7번길 8-25,,-,-
경상남도 창원진해구 이동,445-2,445,2,진해이동디에스아이존빌,84.8366,202110,1,"28,900",6,2008,병암로 20,,-,-
경상남도 창원진해구 이동,445-2,445,2,진해이동디에스아이존빌,84.8366,202110,1,"32,700",8,2008,병암로 20,,-,-
경상남도 창원진해구 이동,445-2,445,2,진해이동디에스아이존빌,84.8366,202110,9,"34,800",9,2008,병암로 20,,-,-
경상남도 창원진해구 이동,445-2,445,2,진해이동디에스아이존빌,84.8366,202110,9,"30,800",1,2008,병암로 20,,-,-
경상남도 창원진해구 이동,445-2,445,2,진해이동디에스아이존빌,84.8366,202110,12,"32,900",2,2008,병암로 20,,-,-
경상남도 창원진해구 이동,02월 03일,2,3,진해이동미소지움,129.33,202110,9,"34,500",9,2007,동진로21번길 12,,-,-
경상남도 창원진해구 익선동,04월 01일,4,1,시티빌,84.59,202110,8,"12,000",4,2003,편백로14번길 9,,-,-
경상남도 창원진해구 자은동,382-1,382,1,로즈빌,102.71,202110,10,"20,500",5,2004,자은로88번길 31,,-,-
경상남도 창원진해구 자은동,834-1,834,1,벚꽃마을주공,75.81,202110,2,"19,800",8,2000,진해대로921번길 10,,-,-
경상남도 창원진해구 자은동,834-1,834,1,벚꽃마을주공,75.6,202110,9,"20,800",5,2000,진해대로921번길 10,,-,-
경상남도 창원진해구 자은동,834-1,834,1,벚꽃마을주공,59.97,202110,27,"16,400",8,2000,진해대로921번길 10,,-,-
경상남도 창원진해구 자은동,831,831,0,삼성2단지,59.92,202110,10,"11,900",5,1993,자은로64번길 39,,-,-
경상남도 창원진해구 자은동,831,831,0,삼성2단지,59.92,202110,11,"9,000",1,1993,자은로64번길 39,,-,-
경상남도 창원진해구 자은동,831,831,0,삼성2단지,59.92,202110,12,"11,500",9,1993,자은로64번길 39,,-,-
경상남도 창원진해구 자은동,911,911,0,성원,39.75,202110,2,"12,200",2,1995,냉천로108번길 6,,-,-
경상남도 창원진해구 자은동,911,911,0,성원,39.75,202110,3,"12,900",3,1995,냉천로108번길 6,,-,-
경상남도 창원진해구 자은동,911,911,0,성원,39.75,202110,5,"12,800",3,1995,냉천로108번길 6,,-,-
경상남도 창원진해구 자은동,911,911,0,성원,39.75,202110,11,"12,800",2,1995,냉천로108번길 6,,-,-
경상남도 창원진해구 자은동,911,911,0,성원,39.75,202110,14,"13,500",2,1995,냉천로108번길 6,,-,-
경상남도 창원진해구 자은동,525-3,525,3,자은동더샵,84.4192,202110,3,"23,800",2,2005,진해대로975번길 26,,-,-
경상남도 창원진해구 자은동,525-3,525,3,자은동더샵,84.4192,202110,4,"25,000",12,2005,진해대로975번길 26,,-,-
경상남도 창원진해구 자은동,525-3,525,3,자은동더샵,84.4192,202110,21,"25,000",15,2005,진해대로975번길 26,,-,-
경상남도 창원진해구 자은동,125,125,0,자은중흥에스-클래스,76.1615,202110,15,"45,800",20,2017,냉천로 262,,-,-
경상남도 창원진해구 자은동,121,121,0,자은프라임,59.81,202110,2,"23,600",5,2015,냉천로 257,,-,-
경상남도 창원진해구 자은동,121,121,0,자은프라임,59.96,202110,3,"24,000",7,2015,냉천로 257,,-,-
경상남도 창원진해구 자은동,121,121,0,자은프라임,59.96,202110,4,"22,750",12,2015,냉천로 257,,-,-
경상남도 창원진해구 자은동,121,121,0,자은프라임,59.9,202110,9,"22,900",1,2015,냉천로 257,,-,-
경상남도 창원진해구 자은동,121,121,0,자은프라임,59.9,202110,11,"22,000",1,2015,냉천로 257,,-,-
경상남도 창원진해구 자은동,121,121,0,자은프라임,74.56,202110,11,"32,500",10,2015,냉천로 257,,-,-
경상남도 창원진해구 자은동,121,121,0,자은프라임,84.89,202110,15,"38,500",21,2015,냉천로 257,,-,-
경상남도 창원진해구 자은동,121,121,0,자은프라임,74.97,202110,15,"29,500",7,2015,냉천로 257,,-,-
경상남도 창원진해구 자은동,121,121,0,자은프라임,59.9,202110,19,"23,900",6,2015,냉천로 257,,-,-
경상남도 창원진해구 자은동,121,121,0,자은프라임,74.97,202110,22,"30,500",14,2015,냉천로 257,,-,-
경상남도 창원진해구 자은동,121,121,0,자은프라임,59.9,202110,23,"24,100",3,2015,냉천로 257,,-,-
경상남도 창원진해구 자은동,114,114,0,창원자은에일린의뜰,114.79,202110,2,"57,500",8,2017,냉천로 235,,-,-
경상남도 창원진해구 자은동,114,114,0,창원자은에일린의뜰,84.94,202110,11,"41,000",2,2017,냉천로 235,,-,-
경상남도 창원진해구 자은동,114,114,0,창원자은에일린의뜰,114.79,202110,16,"52,000",4,2017,냉천로 235,,-,-
경상남도 창원진해구 자은동,114,114,0,창원자은에일린의뜰,84.84,202110,16,"41,300",12,2017,냉천로 235,,-,-
경상남도 창원진해구 자은동,114,114,0,창원자은에일린의뜰,84.84,202110,22,"40,300",5,2017,냉천로 235,,-,-
경상남도 창원진해구 자은동,114,114,0,창원자은에일린의뜰,84.94,202110,27,"47,000",17,2017,냉천로 235,,-,-
경상남도 창원진해구 자은동,663,663,0,협성DS이아이존빌,84.9792,202110,4,"30,000",11,2014,풍호로35번길 11,,-,-
경상남도 창원진해구 자은동,663,663,0,협성DS이아이존빌,59.9315,202110,18,"25,500",6,2014,풍호로35번길 11,,-,-
경상남도 창원진해구 장천동,132,132,0,벽산이솔렌스힐,84.9483,202110,2,"25,000",3,2008,진해대로1099번길 10,,-,-
경상남도 창원진해구 장천동,132,132,0,벽산이솔렌스힐,84.9483,202110,21,"23,000",11,2008,진해대로1099번길 10,,-,-
경상남도 창원진해구 장천동,119-12,119,12,진해장천대동다숲,122.0641,202110,3,"38,000",10,2007,행암로 25,,-,-
경상남도 창원진해구 장천동,119-12,119,12,진해장천대동다숲,122.0641,202110,8,"40,000",10,2007,행암로 25,,-,-
경상남도 창원진해구 장천동,119-12,119,12,진해장천대동다숲,84.9546,202110,8,"30,600",6,2007,행암로 25,,-,-
경상남도 창원진해구 장천동,119-12,119,12,진해장천대동다숲,84.8242,202110,8,"29,500",9,2007,행암로 25,,-,-
경상남도 창원진해구 장천동,119-12,119,12,진해장천대동다숲,141.4063,202110,13,"46,000",4,2007,행암로 25,,-,-
경상남도 창원진해구 장천동,119-12,119,12,진해장천대동다숲,84.8893,202110,28,"26,500",2,2007,행암로 25,,-,-
경상남도 창원진해구 장천동,119-12,119,12,진해장천대동다숲,59.9779,202110,30,"24,500",14,2007,행암로 25,,-,-
경상남도 창원진해구 장천동,260,260,0,창원한신휴플러스오션파크,69.9261,202110,2,"32,850",20,2016,행암로 5,,-,-
경상남도 창원진해구 장천동,260,260,0,창원한신휴플러스오션파크,84.7039,202110,4,"37,000",10,2016,행암로 5,,-,-
경상남도 창원진해구 장천동,260,260,0,창원한신휴플러스오션파크,69.9261,202110,9,"28,900",3,2016,행암로 5,,-,-
경상남도 창원진해구 장천동,260,260,0,창원한신휴플러스오션파크,69.793,202110,23,"30,800",2,2016,행암로 5,,-,-
경상남도 창원진해구 제황산동,04월 26일,26,4,평화그린파크,59.88,202110,3,"6,900",1,1996,제황로 10,,-,-
경상남도 창원진해구 청안동,477,477,0,부영1차,84.9538,202110,9,"15,500",4,2002,안청남로 13,,-,-
경상남도 창원진해구 청안동,477,477,0,부영1차,84.9538,202110,11,"16,300",6,2002,안청남로 13,,-,-
경상남도 창원진해구 청안동,477,477,0,부영1차,84.9538,202110,18,"15,700",7,2002,안청남로 13,,-,-
경상남도 창원진해구 청안동,474,474,0,부영2차,59.8404,202110,2,"11,000",9,2002,안청북로 12,,-,-
경상남도 창원진해구 청안동,474,474,0,부영2차,59.8404,202110,4,"10,100",4,2002,안청북로 12,,-,-
경상남도 창원진해구 청안동,474,474,0,부영2차,59.8404,202110,6,"10,000",1,2002,안청북로 12,,-,-
경상남도 창원진해구 청안동,474,474,0,부영2차,59.8404,202110,14,"11,800",12,2002,안청북로 12,20211103,-,-
경상남도 창원진해구 청안동,474,474,0,부영2차,59.8404,202110,19,"10,300",3,2002,안청북로 12,,-,-
경상남도 창원진해구 청안동,473,473,0,부영3차,59.8404,202110,1,"11,300",8,2003,안청북로 15,,-,-
경상남도 창원진해구 청안동,473,473,0,부영3차,49.842,202110,2,"7,450",4,2003,안청북로 15,,-,-
경상남도 창원진해구 청안동,473,473,0,부영3차,49.842,202110,7,"9,300",13,2003,안청북로 15,,-,-
경상남도 창원진해구 청안동,473,473,0,부영3차,59.8404,202110,7,"10,300",13,2003,안청북로 15,,-,-
경상남도 창원진해구 청안동,473,473,0,부영3차,59.8404,202110,8,"9,700",1,2003,안청북로 15,,-,-
경상남도 창원진해구 청안동,473,473,0,부영3차,59.8404,202110,13,"13,300",12,2003,안청북로 15,,-,-
경상남도 창원진해구 청안동,473,473,0,부영3차,59.8404,202110,16,"10,300",15,2003,안청북로 15,,-,-
경상남도 창원진해구 청안동,473,473,0,부영3차,59.8404,202110,17,"13,250",13,2003,안청북로 15,,-,-
경상남도 창원진해구 청안동,473,473,0,부영3차,59.8404,202110,21,"10,400",14,2003,안청북로 15,,-,-
경상남도 창원진해구 청안동,473,473,0,부영3차,59.8404,202110,26,"10,500",7,2003,안청북로 15,,-,-
경상남도 창원진해구 청안동,473,473,0,부영3차,49.842,202110,30,"8,350",11,2003,안청북로 15,,-,-
경상남도 창원진해구 청안동,473,473,0,부영3차,49.842,202110,30,"7,800",8,2003,안청북로 15,,-,-
경상남도 창원진해구 청안동,472,472,0,풍림,59.96,202110,1,"9,700",4,1999,안청북로 39,,-,-
경상남도 창원진해구 청안동,472,472,0,풍림,59.96,202110,2,"10,900",13,1999,안청북로 39,,-,-
경상남도 창원진해구 청안동,472,472,0,풍림,59.96,202110,4,"11,500",13,1999,안청북로 39,,-,-
경상남도 창원진해구 청안동,472,472,0,풍림,59.96,202110,8,"11,000",7,1999,안청북로 39,,-,-
경상남도 창원진해구 청안동,472,472,0,풍림,59.96,202110,9,"11,700",14,1999,안청북로 39,20211103,-,-
경상남도 창원진해구 청안동,472,472,0,풍림,59.96,202110,9,"11,700",14,1999,안청북로 39,,-,-
경상남도 창원진해구 청안동,472,472,0,풍림,59.96,202110,19,"11,200",14,1999,안청북로 39,,-,-
경상남도 창원진해구 청안동,471,471,0,해인로즈빌,59.9618,202110,7,"9,500",10,2002,안청로 126,,-,-
경상남도 창원진해구 청안동,471,471,0,해인로즈빌,59.9618,202110,13,"10,700",10,2002,안청로 126,,-,-
경상남도 창원진해구 청안동,471,471,0,해인로즈빌,59.9618,202110,13,"7,500",15,2002,안청로 126,,-,-
경상남도 창원진해구 태백동,04월 01일,4,1,시인의마을,59.743,202110,27,"12,800",7,2002,태백서로45번길 3,,-,-
경상남도 창원진해구 태평동,17,17,0,미래골든빌,80.9,202110,24,"14,800",11,2007,태평로7번길 3,,-,-
경상남도 창원진해구 풍호동,818-1,818,1,더아델리스,84.34,202110,1,"13,000",3,2013,천자로413번길 22,,-,-
경상남도 창원진해구 풍호동,83-101,83,101,디에스아이존빌,84.607,202110,13,"24,550",4,2002,풍호로42번길 15,,-,-
경상남도 창원진해구 풍호동,Mar-83,83,3,우성,84.77,202110,2,"17,700",6,1993,충장로 575-3,,-,-
경상남도 창원진해구 풍호동,Mar-83,83,3,우성,84.77,202110,2,"17,800",1,1993,충장로 575,,-,-
경상남도 창원진해구 풍호동,Mar-83,83,3,우성,59.85,202110,6,"11,800",8,1993,충장로 575,,-,-
경상남도 창원진해구 풍호동,Mar-83,83,3,우성,59.85,202110,7,"13,400",8,1993,충장로 575,,-,-
경상남도 창원진해구 풍호동,Mar-83,83,3,우성,59.85,202110,10,"11,500",3,1993,충장로 575,,-,-
경상남도 창원진해구 풍호동,Mar-83,83,3,우성,84.77,202110,11,"15,300",1,1993,충장로 575-3,,-,-
경상남도 창원진해구 풍호동,Mar-83,83,3,우성,84.77,202110,11,"18,000",4,1993,충장로 575-3,,-,-
경상남도 창원진해구 풍호동,Mar-83,83,3,우성,69.59,202110,12,"15,600",4,1993,충장로 575,,-,-
경상남도 창원진해구 풍호동,Mar-83,83,3,우성,59.85,202110,13,"13,500",12,1993,충장로 575,,-,-
경상남도 창원진해구 풍호동,Mar-83,83,3,우성,129.56,202110,13,"24,800",4,1993,충장로 575,,-,-
경상남도 창원진해구 풍호동,Mar-83,83,3,우성,69.59,202110,14,"15,400",2,1993,충장로 575,,-,-
경상남도 창원진해구 풍호동,Mar-83,83,3,우성,59.85,202110,14,"13,000",7,1993,충장로 575,,-,-
경상남도 창원진해구 풍호동,Mar-83,83,3,우성,69.59,202110,15,"15,000",6,1993,충장로 575,,-,-
경상남도 창원진해구 풍호동,Mar-83,83,3,우성,59.85,202110,16,"13,400",10,1993,충장로 575,,-,-
경상남도 창원진해구 풍호동,Mar-83,83,3,우성,84.77,202110,17,"16,700",4,1993,충장로 575-3,,-,-
경상남도 창원진해구 풍호동,Mar-83,83,3,우성,59.85,202110,19,"12,000",9,1993,충장로 575,,-,-
경상남도 창원진해구 풍호동,Mar-83,83,3,우성,59.85,202110,20,"13,500",3,1993,충장로 575,,-,-
경상남도 창원진해구 풍호동,Mar-83,83,3,우성,59.85,202110,20,"12,500",7,1993,충장로 575,,-,-
경상남도 창원진해구 풍호동,Mar-83,83,3,우성,84.77,202110,21,"19,500",8,1993,충장로 575-3,,-,-
경상남도 창원진해구 풍호동,Mar-83,83,3,우성,59.85,202110,23,"12,400",5,1993,충장로 575,,-,-
경상남도 창원진해구 풍호동,Mar-83,83,3,우성,59.85,202110,23,"13,200",9,1993,충장로 575,,-,-
경상남도 창원진해구 풍호동,305-8,305,8,창원마린푸르지오1단지,103.9696,202110,2,"50,000",8,2015,천자로 386,,-,-
경상남도 창원진해구 풍호동,305-8,305,8,창원마린푸르지오1단지,84.9735,202110,9,"48,800",17,2015,천자로 386,,-,-
경상남도 창원진해구 풍호동,305-8,305,8,창원마린푸르지오1단지,72.9898,202110,12,"40,400",21,2015,천자로 386,,-,-
경상남도 창원진해구 풍호동,305-8,305,8,창원마린푸르지오1단지,84.9849,202110,14,"46,800",6,2015,천자로 386,,-,-
경상남도 창원진해구 풍호동,305-8,305,8,창원마린푸르지오1단지,72.9898,202110,16,"39,500",14,2015,천자로 386,,-,-
경상남도 창원진해구 풍호동,305-8,305,8,창원마린푸르지오1단지,84.9626,202110,17,"47,800",7,2015,천자로 386,,-,-
경상남도 창원진해구 풍호동,305-8,305,8,창원마린푸르지오1단지,84.9626,202110,19,"46,800",8,2015,천자로 386,,-,-
경상남도 창원진해구 풍호동,305-8,305,8,창원마린푸르지오1단지,84.9735,202110,24,"48,000",19,2015,천자로 386,,-,-
경상남도 창원진해구 풍호동,305-8,305,8,창원마린푸르지오1단지,84.9849,202110,24,"48,500",9,2015,천자로 386,,-,-
경상남도 창원진해구 풍호동,305-8,305,8,창원마린푸르지오1단지,84.9849,202110,29,"47,600",23,2015,천자로 386,,-,-
경상남도 창원진해구 풍호동,305-8,305,8,창원마린푸르지오1단지,84.9626,202110,30,"48,500",26,2015,천자로 386,,-,-
경상남도 창원진해구 풍호동,305-17,305,17,창원마린푸르지오2단지,84.9591,202110,10,"38,800",3,2015,충장로657번길 35,,-,-
경상남도 창원진해구 풍호동,Jan-75,75,1,풍호시영,49.79,202110,1,"13,500",1,1991,진해대로1041번길 35,,-,-
경상남도 창원진해구 풍호동,Jan-75,75,1,풍호시영,49.79,202110,18,"12,700",2,1991,진해대로1041번길 35,,-,-
경상남도 창원진해구 풍호동,Jan-75,75,1,풍호시영,49.79,202110,29,"13,000",3,1991,진해대로1041번길 35,,-,-
경상남도 창원진해구 풍호동,Jan-75,75,1,풍호시영,49.79,202110,30,"11,000",1,1991,진해대로1041번길 35,,-,-
경상남도 창원진해구 풍호동,744,744,0,풍호주공,39.3,202110,2,"8,600",5,1990,동진로 166,,-,-
경상남도 창원진해구 풍호동,744,744,0,풍호주공,46.68,202110,6,"9,000",2,1990,동진로 166,,-,-
경상남도 창원진해구 풍호동,744,744,0,풍호주공,46.68,202110,6,"9,000",2,1990,동진로 166,20211104,-,-
경상남도 창원진해구 풍호동,744,744,0,풍호주공,46.68,202110,22,"11,600",2,1990,동진로 166,,-,-
경상남도 창원진해구 풍호동,83-77,83,77,한림리츠빌,84.9833,202110,4,"30,800",14,2005,풍호로 68,,-,-
경상남도 창원진해구 풍호동,83-77,83,77,한림리츠빌,131.6411,202110,8,"37,500",9,2005,풍호로 68,,-,-
경상남도 창원진해구 풍호동,83-77,83,77,한림리츠빌,84.9833,202110,8,"28,600",10,2005,풍호로 68,,-,-
경상남도 창원진해구 풍호동,83-77,83,77,한림리츠빌,84.9833,202110,9,"31,000",15,2005,풍호로 68,,-,-
경상남도 창원진해구 풍호동,83-77,83,77,한림리츠빌,131.6411,202110,11,"38,800",8,2005,풍호로 68,,-,-
경상남도 창원진해구 풍호동,83-77,83,77,한림리츠빌,84.9833,202110,20,"28,000",2,2005,풍호로 68,,-,-
경상남도 창원진해구 화천동,08월 01일,8,1,중앙아파트,83.815,202110,29,"17,600",9,2018,중원로85번길 17,,-,-
경상남도 창원진해구 화천동,08월 01일,8,1,중앙아파트,83.815,202110,29,"16,900",5,2018,중원로85번길 17,,-,-
경상남도 창원진해구 화천동,08월 01일,8,1,중앙아파트,84.6,202110,29,"18,150",8,2018,중원로85번길 17,,-,-
경상남도 창원진해구 화천동,08월 01일,8,1,중앙아파트,84.6,202110,29,"18,150",9,2018,중원로85번길 17,,-,-
경상남도 창원진해구 화천동,08월 01일,8,1,중앙아파트,83.815,202110,29,"16,740",2,2018,중원로85번길 17,,-,-
경상남도 창원진해구 화천동,08월 01일,8,1,중앙아파트,83.815,202110,29,"16,900",4,2018,중원로85번길 17,,-,-
경상남도 창원진해구 화천동,08월 01일,8,1,중앙아파트,84.6,202110,29,"16,820",2,2018,중원로85번길 17,,-,-
경상남도 창원진해구 화천동,08월 01일,8,1,중앙아파트,84.6,202110,29,"17,600",7,2018,중원로85번길 17,,-,-
경상남도 창원진해구 화천동,08월 01일,8,1,중앙아파트,84.6,202110,29,"16,820",3,2018,중원로85번길 17,,-,-
경상남도 창원진해구 화천동,08월 01일,8,1,중앙아파트,84.6,202110,29,"16,400",4,2018,중원로85번길 17,,-,-
경상남도 창원진해구 화천동,08월 01일,8,1,중앙아파트,84.6,202110,29,"17,000",5,2018,중원로85번길 17,,-,-
경상남도 창원진해구 화천동,08월 01일,8,1,중앙아파트,83.815,202110,29,"16,740",3,2018,중원로85번길 17,,-,-
경상남도 통영시 광도면 안정리,1075,1075,0,현대성우오스타1단지,65.649,202110,7,"14,250",16,2010,안정1길 53,,-,-
경상남도 통영시 광도면 안정리,1075,1075,0,현대성우오스타1단지,84.94,202110,8,"14,600",1,2010,안정1길 53,,-,-
경상남도 통영시 광도면 안정리,1075,1075,0,현대성우오스타1단지,84.91,202110,16,"17,000",7,2010,안정1길 53,,-,-
경상남도 통영시 광도면 안정리,1075,1075,0,현대성우오스타1단지,84.91,202110,16,"15,000",14,2010,안정1길 53,,-,-
경상남도 통영시 광도면 안정리,1075,1075,0,현대성우오스타1단지,84.94,202110,16,"14,800",6,2010,안정1길 53,,-,-
경상남도 통영시 광도면 안정리,1075,1075,0,현대성우오스타1단지,84.94,202110,20,"15,500",8,2010,안정1길 53,,-,-
경상남도 통영시 광도면 안정리,1075,1075,0,현대성우오스타1단지,84.94,202110,20,"15,500",5,2010,안정1길 53,,-,-
경상남도 통영시 광도면 안정리,1076,1076,0,현대성우오스타2단지,65.649,202110,8,"13,500",9,2010,안정1길 55,,-,-
경상남도 통영시 광도면 안정리,1076,1076,0,현대성우오스타2단지,84.91,202110,17,"15,500",3,2010,안정1길 55,,-,-
경상남도 통영시 광도면 죽림리,292-24,292,24,대우죽림빌라,59.88,202110,5,"9,550",3,1995,죽림2로 14-7,,-,-
경상남도 통영시 광도면 죽림리,1565-2,1565,2,신우희가로,59.8089,202110,10,"20,800",7,2014,죽림해안로 10,,-,-
경상남도 통영시 광도면 죽림리,1565-2,1565,2,신우희가로,59.8089,202110,11,"20,800",19,2014,죽림해안로 10,,-,-
경상남도 통영시 광도면 죽림리,280-5,280,5,일성유수안2차,84.8502,202110,8,"24,400",2,2014,죽림2로 9,,-,-
경상남도 통영시 광도면 죽림리,278-3,278,3,주영더팰리스3차,75.4772,202110,13,"26,400",12,2013,죽림3로 14,,-,-
경상남도 통영시 광도면 죽림리,278-3,278,3,주영더팰리스3차,84.9892,202110,14,"27,300",21,2013,죽림3로 14,,-,-
경상남도 통영시 광도면 죽림리,278-3,278,3,주영더팰리스3차,84.9892,202110,22,"27,300",19,2013,죽림3로 14,,-,-
경상남도 통영시 광도면 죽림리,1582-6,1582,6,주영더팰리스4차,84.9911,202110,2,"30,000",9,2014,신죽2길 112,,-,-
경상남도 통영시 광도면 죽림리,1582-6,1582,6,주영더팰리스4차,84.9911,202110,10,"29,300",3,2014,신죽2길 112,,-,-
경상남도 통영시 광도면 죽림리,1573-2,1573,2,주영더팰리스5차,84.9381,202110,3,"32,500",2,2018,죽림5로 56,,-,-
경상남도 통영시 광도면 죽림리,1573-2,1573,2,주영더팰리스5차,84.9381,202110,8,"38,500",23,2018,죽림5로 56,,-,-
경상남도 통영시 광도면 죽림리,1573-2,1573,2,주영더팰리스5차,74.827,202110,28,"31,800",19,2018,죽림5로 56,,-,-
경상남도 통영시 광도면 죽림리,1606,1606,0,코아루1단지,84.9931,202110,8,"26,900",3,2018,향교옆길 33-31,,-,-
경상남도 통영시 광도면 죽림리,1606,1606,0,코아루1단지,74.7599,202110,9,"26,600",15,2018,향교옆길 33-31,,-,-
경상남도 통영시 광도면 죽림리,1604,1604,0,코아루2단지,59.9186,202110,4,"22,000",5,2018,향교옆길 33-32,,-,-
경상남도 통영시 광도면 죽림리,1604,1604,0,코아루2단지,59.9186,202110,24,"22,450",7,2018,향교옆길 33-32,,-,-
경상남도 통영시 광도면 죽림리,1579,1579,0,푸르지오1차,66.41,202110,10,"26,300",7,2007,죽림1로 41-42,,-,-
경상남도 통영시 광도면 죽림리,1579-2,1579,2,푸르지오2차,73.378,202110,1,"28,300",9,2009,죽림2로 76-58,,-,-
경상남도 통영시 광도면 죽림리,1579-2,1579,2,푸르지오2차,84.917,202110,6,"31,400",7,2009,죽림2로 76-58,,-,-
경상남도 통영시 광도면 죽림리,1575,1575,0,푸르지오3차,101.9954,202110,8,"32,000",1,2009,죽림2로 31,,-,-
경상남도 통영시 광도면 죽림리,1578-2,1578,2,한선파라디움,84.9726,202110,2,"22,500",4,2006,죽림1로 41-23,,-,-
경상남도 통영시 광도면 죽림리,1578-1,1578,1,한선파라빌리지,84.9283,202110,19,"27,000",12,2005,죽림1로 41-55,,-,-
경상남도 통영시 광도면 죽림리,1579-3,1579,3,한선파라타운,84.9167,202110,6,"24,000",9,2004,죽림1로 41-14,,-,-
경상남도 통영시 광도면 죽림리,1579-3,1579,3,한선파라타운,84.9167,202110,8,"25,500",5,2004,죽림1로 41-14,,-,-
경상남도 통영시 광도면 죽림리,1579-3,1579,3,한선파라타운,75.1364,202110,24,"22,300",15,2004,죽림1로 41-14,,-,-
경상남도 통영시 광도면 죽림리,1579-3,1579,3,한선파라타운,130.3234,202110,31,"32,000",9,2004,죽림1로 41-14,,-,-
경상남도 통영시 도남동,410-1,410,1,도남청솔,58.8,202110,1,"8,300",8,2002,도남로 190,,-,-
경상남도 통영시 도남동,365-1,365,1,우주,54.36,202110,2,"4,300",2,1986,데메4길 32,,-,-
경상남도 통영시 도남동,365-1,365,1,우주,54.36,202110,8,"4,450",2,1986,데메4길 32,,-,-
경상남도 통영시 도남동,388,388,0,종우,54.36,202110,28,"3,500",5,1988,데메4길 6,20211103,-,-
경상남도 통영시 도남동,388,388,0,종우,54.36,202110,28,"3,500",5,1988,데메4길 6,,-,-
경상남도 통영시 도남동,484-4,484,4,통영성원(3동-5동),49.89,202110,11,"6,100",11,1996,데메4길 68,,-,-
경상남도 통영시 도남동,484-4,484,4,통영성원(3동-5동),49.89,202110,12,"5,000",3,1996,데메4길 68,,-,-
경상남도 통영시 도천동,1022,1022,0,월드비치타운,59.6852,202110,26,"14,000",6,2002,도천상가안길 47,,-,-
경상남도 통영시 동호동,359,359,0,동원비치맨션,84.99,202110,12,"8,000",1,1995,동호안길 86,,-,-
경상남도 통영시 동호동,361,361,0,만복동호비치,84.94,202110,15,"9,000",12,1993,장좌로 131-7,,-,-
경상남도 통영시 명정동,414-8,414,8,충렬,54.48,202110,16,"4,000",5,1976,정당샘길 6,,-,-
경상남도 통영시 무전동,984,984,0,국제,67.5,202110,18,"7,300",5,1983,안개로 36-43,,-,-
경상남도 통영시 무전동,279-27,279,27,다우드림캐슬,40.3936,202110,20,"9,350",5,2017,장대길 49-17,,-,-
경상남도 통영시 무전동,980-1,980,1,더뷰,44.3434,202110,28,"14,500",17,2018,중앙로 336,,-,-
경상남도 통영시 무전동,1015-1,1015,1,무전희가로,84.9825,202110,4,"30,000",3,2013,무전대로 12-50,,-,-
경상남도 통영시 무전동,1063,1063,0,일성르네상스,59.8748,202110,5,"17,800",2,2003,무전5길 45,,-,-
경상남도 통영시 무전동,1031-7,1031,7,진우하이빌2차,126.29,202110,26,"25,500",4,2002,무전8길 22-16,,-,-
경상남도 통영시 무전동,1054-2,1054,2,한진로즈힐1차,77.958,202110,11,"27,700",8,2004,무전1길 23,,-,-
경상남도 통영시 무전동,1054-5,1054,5,한진로즈힐2차,146.3129,202110,1,"45,700",3,2005,무전7길 135,,-,-
경상남도 통영시 무전동,1054-5,1054,5,한진로즈힐2차,146.3129,202110,8,"43,000",12,2005,무전7길 135,,-,-
경상남도 통영시 무전동,1025-2,1025,2,휴엔하임,79.3,202110,17,"21,900",6,2015,무전4길 29,,-,-
경상남도 통영시 미수동,450,450,0,경남,46.92,202110,1,"4,500",4,1987,미우지5길 17,,-,-
경상남도 통영시 미수동,382-2,382,2,대우1차공원,49.35,202110,27,"4,500",4,1991,선금산2길 28,,-,-
경상남도 통영시 미수동,589-1,589,1,대우2차상가,59.61,202110,19,"7,000",8,1991,미수로 91,,-,-
경상남도 통영시 미수동,589-1,589,1,대우2차상가,59.61,202110,20,"6,900",5,1991,미수로 91,,-,-
경상남도 통영시 미수동,292,292,0,동신1차,123.03,202110,7,"18,200",11,1991,미수해안로 54-21,,-,-
경상남도 통영시 미수동,292,292,0,동신1차,79.29,202110,21,"10,000",2,1991,미수해안로 54-21,,-,-
경상남도 통영시 미수동,292-107,292,107,동신2차,56.21,202110,26,"10,400",2,1996,미수해안로 52,,-,-
경상남도 통영시 미수동,381-1,381,1,서광빌라맨션,75.12,202110,1,"4,900",5,1990,선금산2길 18,,-,-
경상남도 통영시 미수동,381-1,381,1,서광빌라맨션,75.12,202110,5,"4,650",5,1990,선금산2길 18,,-,-
경상남도 통영시 미수동,381-1,381,1,서광빌라맨션,52.79,202110,6,"4,000",5,1990,선금산2길 18,,-,-
경상남도 통영시 미수동,423-1,423,1,수성맨션,56.73,202110,12,"4,000",3,1989,미우지5길 14-13,,-,-
경상남도 통영시 미수동,645,645,0,유성타워맨션,59.895,202110,1,"6,000",12,1991,미수로 64-10,,-,-
경상남도 통영시 미수동,645,645,0,유성타워맨션,59.895,202110,12,"8,700",4,1991,미수로 64-10,,-,-
경상남도 통영시 미수동,969,969,0,일성유수안,84.693,202110,19,"24,500",11,2015,미수해안로 38,,-,-
경상남도 통영시 미수동,454,454,0,주공,58.65,202110,1,"7,700",12,1995,미우지5길 35,,-,-
경상남도 통영시 미수동,454,454,0,주공,58.65,202110,20,"7,500",11,1995,미우지5길 35,,-,-
경상남도 통영시 미수동,291-3,291,3,현대,59.4,202110,8,"10,000",3,1994,미수해안로 36,,-,-
경상남도 통영시 봉평동,135-1,135,1,대성,65.79,202110,7,"5,900",3,1984,봉수로 21-19,,-,-
경상남도 통영시 봉평동,352,352,0,봉평주공,40.99,202110,10,"4,000",4,1980,봉수로 86,,-,-
경상남도 통영시 봉평동,352,352,0,봉평주공,41.52,202110,17,"4,500",1,1980,봉수로 86,,-,-
경상남도 통영시 봉평동,352,352,0,봉평주공,42.55,202110,23,"4,400",1,1980,봉수로 86,,-,-
경상남도 통영시 봉평동,352,352,0,봉평주공,40.99,202110,24,"4,400",2,1980,봉수로 86,,-,-
경상남도 통영시 북신동,83-25,83,25,광우로얄맨션,84.94,202110,20,"15,200",13,1990,북문2길 12,,-,-
경상남도 통영시 북신동,83-25,83,25,광우로얄맨션,84.94,202110,23,"14,200",3,1990,북문2길 12,,-,-
경상남도 통영시 북신동,694,694,0,일성한마음빌리지,59.94,202110,6,"13,300",13,1994,원문로 16,,-,-
경상남도 통영시 북신동,694,694,0,일성한마음빌리지,59.87,202110,6,"10,500",1,1994,원문로 16,,-,-
경상남도 통영시 북신동,694,694,0,일성한마음빌리지,59.94,202110,29,"14,500",13,1994,원문로 16,,-,-
경상남도 통영시 북신동,698,698,0,일성한빛타운,84.83,202110,6,"20,000",9,1995,원문로 35,,-,-
경상남도 통영시 북신동,698,698,0,일성한빛타운,59.9,202110,9,"11,000",4,1995,원문로 35,,-,-
경상남도 통영시 북신동,694-1,694,1,진우데파트,59.82,202110,10,"14,800",12,1994,원문로 12,,-,-
경상남도 통영시 북신동,697,697,0,진우마리나타운,59.42,202110,26,"14,400",12,1995,원문로 11,,-,-
경상남도 통영시 북신동,702,702,0,진우일성타운,59.53,202110,6,"10,000",13,1992,여황로 399-4,,-,-
경상남도 통영시 북신동,562-1,562,1,진우하이야트맨션,84.94,202110,11,"11,400",12,1990,여황로 389,,-,-
경상남도 통영시 북신동,714,714,0,통영해모로오션힐,100.2433,202110,12,"54,000",8,2018,북신로 22,,-,-
경상남도 통영시 북신동,714,714,0,통영해모로오션힐,84.9825,202110,22,"41,000",7,2018,북신로 22,,-,-
경상남도 통영시 용남면 동달리,1436,1436,0,미진이지비아2차,84.9268,202110,2,"25,500",14,2016,남해안대로 432,,-,-
경상남도 통영시 용남면 동달리,1436,1436,0,미진이지비아2차,59.977,202110,2,"17,800",14,2016,남해안대로 432,,-,-
경상남도 통영시 용남면 동달리,1436,1436,0,미진이지비아2차,59.977,202110,7,"18,000",13,2016,남해안대로 432,,-,-
경상남도 통영시 용남면 동달리,1436,1436,0,미진이지비아2차,84.9438,202110,10,"24,300",3,2016,남해안대로 432,,-,-
경상남도 통영시 용남면 동달리,1436,1436,0,미진이지비아2차,75.326,202110,18,"22,500",13,2016,남해안대로 432,,-,-
경상남도 통영시 용남면 동달리,1436,1436,0,미진이지비아2차,84.9268,202110,23,"23,800",3,2016,남해안대로 432,,-,-
경상남도 통영시 용남면 동달리,945-7,945,7,청구,134.85,202110,5,"23,800",11,2000,대곡길 12,,-,-
경상남도 통영시 용남면 동달리,945-7,945,7,청구,73.34,202110,12,"12,500",1,2000,대곡길 12,,-,-
경상남도 통영시 용남면 동달리,945-7,945,7,청구,60,202110,19,"10,500",6,2000,대곡길 12,,-,-
경상남도 통영시 용남면 장평리,222-2,222,2,덕진왈츠1차,26.8185,202110,5,"5,700",11,2013,견내량로 102,,-,-
경상남도 통영시 용남면 장평리,1203,1203,0,덕진왈츠2차,59.4826,202110,20,"13,700",2,2017,견내량로 91,,-,-
경상남도 통영시 용남면 장평리,400,400,0,동원로얄듀크1차,59.734,202110,1,"11,100",10,2003,장평신촌1길 29,,-,-
경상남도 통영시 용남면 장평리,400,400,0,동원로얄듀크1차,59.734,202110,8,"9,500",13,2003,장평신촌1길 29,,-,-
경상남도 통영시 용남면 장평리,400,400,0,동원로얄듀크1차,59.734,202110,16,"9,900",5,2003,장평신촌1길 29,,-,-
경상남도 통영시 용남면 장평리,400,400,0,동원로얄듀크1차,59.734,202110,21,"9,400",7,2003,장평신촌1길 29,,-,-
경상남도 통영시 용남면 화삼리,1041-2,1041,2,미진이지비아1차,76.9809,202110,5,"13,500",1,2010,화포1길 59-9,,-,-
경상남도 통영시 용남면 화삼리,1041-2,1041,2,미진이지비아1차,76.9809,202110,5,"15,000",9,2010,화포1길 59-9,,-,-
경상남도 통영시 용남면 화삼리,1041-2,1041,2,미진이지비아1차,76.9809,202110,5,"13,600",4,2010,화포1길 59-9,,-,-
경상남도 통영시 용남면 화삼리,1041-2,1041,2,미진이지비아1차,76.9809,202110,6,"12,300",3,2010,화포1길 59-9,,-,-
경상남도 통영시 용남면 화삼리,1041-2,1041,2,미진이지비아1차,77.6094,202110,14,"13,700",6,2010,화포1길 59-9,,-,-
경상남도 통영시 인평동,430-5,430,5,신우한실,59.82,202110,9,"6,300",8,1993,한실6길 10,,-,-
경상남도 통영시 인평동,402,402,0,인평주공,46.68,202110,12,"4,500",1,1989,평인일주로 82,,-,-
경상남도 통영시 인평동,402,402,0,인평주공,39.69,202110,13,"3,800",3,1989,평인일주로 82,,-,-
경상남도 통영시 인평동,402,402,0,인평주공,39.3,202110,18,"2,900",2,1989,평인일주로 82,,-,-
경상남도 통영시 정량동,1123,1123,0,대우미리내,59.93,202110,23,"8,300",5,1997,항북길 12-13,,-,-
경상남도 통영시 정량동,1127,1127,0,삼익,84.96,202110,22,"11,500",14,1987,항북길 12-27,,-,-
경상남도 통영시 정량동,1427,1427,0,정량동동원로얄듀크,73.67,202110,19,"27,000",10,2015,비석1길 28,,-,-
경상남도 통영시 정량동,1427,1427,0,정량동동원로얄듀크,73.67,202110,28,"27,100",13,2015,비석1길 28,,-,-
경상남도 하동군 진교면 고룡리,3,3,0,미진스위트빌,49.9537,202110,5,"6,400",14,2002,들포길 38,,-,-
경상남도 하동군 진교면 진교리,302-113,302,113,금강블레스,84.8312,202110,7,"23,300",8,2018,진교시장길 17-13,,-,-
경상남도 하동군 진교면 진교리,302-113,302,113,금강블레스,84.8312,202110,17,"23,300",9,2018,진교시장길 17-13,,-,-
경상남도 하동군 하동읍 광평리,428,428,0,대경송림타운,84.83,202110,16,"13,500",15,1992,경서대로 71,,-,-
경상남도 하동군 하동읍 광평리,428,428,0,대경송림타운,84.83,202110,25,"12,700",5,1992,경서대로 71,,-,-
경상남도 하동군 하동읍 두곡리,507-3,507,3,대망파크맨션,74.28,202110,1,"5,800",4,1992,산복1길 20,,-,-
경상남도 하동군 하동읍 비파리,400-2,400,2,그린나래아파트,84.9069,202110,28,"23,500",2,2019,산복2길 18,,-,-
경상남도 하동군 하동읍 비파리,611-53,611,53,흥한로얄맨션,84.89,202110,9,"7,900",1,1991,소재1길 21,,-,-
경상남도 하동군 하동읍 신기리,369,369,0,한영,56.67,202110,7,"3,600",5,1991,부두길 7,,-,-
경상남도 하동군 하동읍 신기리,369,369,0,한영,72.94,202110,19,"4,230",5,1991,부두길 7,,-,-
경상남도 하동군 하동읍 신기리,369,369,0,한영,56.67,202110,19,"3,453",5,1991,부두길 7,,-,-
경상남도 하동군 하동읍 읍내리,1494-21,1494,21,미도빌라,72.02,202110,17,"7,700",4,1991,섬진강대로 2174,,-,-
경상남도 하동군 하동읍 읍내리,970,970,0,송보파인빌,84.9886,202110,13,"17,000",15,2003,중앙로 103,,-,-
경상남도 함안군 가야읍 검암리,770,770,0,대경파미르(검암),67.3509,202110,5,"16,100",19,2012,가야로 155,,-,-
경상남도 함안군 가야읍 검암리,770,770,0,대경파미르(검암),78.0639,202110,14,"18,400",6,2012,가야로 155,,-,-
경상남도 함안군 가야읍 검암리,535-1,535,1,성진맨션,81.6,202110,8,"7,400",11,1992,검암천남길 2,,-,-
경상남도 함안군 가야읍 검암리,535-1,535,1,성진맨션,81.6,202110,28,"7,000",11,1992,검암천남길 2,,-,-
경상남도 함안군 가야읍 검암리,587,587,0,은하,59.7,202110,18,"5,200",3,1995,하검길 136,,-,-
경상남도 함안군 가야읍 검암리,932-1,932,1,천일아라,61.71,202110,6,"5,000",5,1990,가야20길 24,,-,-
경상남도 함안군 가야읍 도항리,214-2,214,2,남선하이츠,59.96,202110,13,"8,400",8,1996,도항2길 6,,-,-
경상남도 함안군 가야읍 도항리,310-2,310,2,도항주공1단지,51.56,202110,4,"12,000",2,2004,성내북길 25,,-,-
경상남도 함안군 가야읍 도항리,310-2,310,2,도항주공1단지,51.56,202110,12,"8,800",5,2004,성내북길 25,,-,-
경상남도 함안군 가야읍 도항리,310-2,310,2,도항주공1단지,51.56,202110,25,"12,000",2,2004,성내북길 25,,-,-
경상남도 함안군 가야읍 도항리,225-2,225,2,동신102동103동,58.4,202110,2,"6,300",6,1991,도항2길 55,,-,-
경상남도 함안군 가야읍 도항리,225-2,225,2,동신102동103동,58.4,202110,14,"5,200",11,1991,도항2길 55,,-,-
경상남도 함안군 가야읍 말산리,Mar-33,33,3,남경타운,59.92,202110,15,"8,000",15,1997,가야15길 26,,-,-
경상남도 함안군 가야읍 말산리,Mar-33,33,3,남경타운,59.92,202110,30,"8,400",3,1997,가야15길 26,,-,-
경상남도 함안군 가야읍 말산리,23,23,0,태완노블리안,84.7127,202110,6,"24,100",10,2014,가야18길 22,,-,-
경상남도 함안군 가야읍 말산리,23,23,0,태완노블리안,59.9694,202110,30,"18,800",14,2014,가야18길 22,,-,-
경상남도 함안군 군북면 중암리,209-2,209,2,문화스타맨션,65.56,202110,12,"5,500",2,1991,함마대로 755-1,,-,-
경상남도 함안군 대산면 구혜리,319-1,319,1,삼진,54.34,202110,15,"3,500",1,2001,대산중앙3길 88,,-,-
경상남도 함안군 칠서면 무릉리,1122,1122,0,칠서에이스1단지,59.52,202110,1,"8,000",2,2001,칠평로 63,,-,-
경상남도 함안군 칠서면 무릉리,1122,1122,0,칠서에이스1단지,39.15,202110,7,"4,800",13,2001,칠평로 63,,-,-
경상남도 함안군 칠서면 무릉리,1122,1122,0,칠서에이스1단지,59.52,202110,22,"7,750",8,2001,칠평로 63,,-,-
경상남도 함안군 칠서면 무릉리,1122,1122,0,칠서에이스1단지,59.52,202110,30,"7,000",13,2001,칠평로 63,,-,-
경상남도 함안군 칠서면 무릉리,1122-1,1122,1,칠서에이스2단지,39.15,202110,8,"4,450",13,2001,칠평로 62,,-,-
경상남도 함안군 칠원읍 구성리,561,561,0,대륭아트빌라,65.25,202110,1,"6,200",10,1991,운무로 12,,-,-
경상남도 함안군 칠원읍 구성리,950-4,950,4,칠원동성,59.4144,202110,2,"7,200",13,2003,원서로 89-21,,-,-
경상남도 함안군 칠원읍 구성리,950-4,950,4,칠원동성,84.5359,202110,5,"9,350",4,2003,원서로 89-21,,-,-
경상남도 함안군 칠원읍 무기리,1130-1,1130,1,선두,55.08,202110,2,"3,000",1,1991,동대이안길 77,,-,-
경상남도 함안군 칠원읍 무기리,1125,1125,0,선두2차,59.42,202110,7,"3,000",1,1994,동대이안길 67,,-,-
경상남도 함안군 칠원읍 무기리,878-2,878,2,칠원대동,74.57,202110,12,"6,900",11,1998,갈티길 18-3,,-,-
경상남도 함안군 칠원읍 오곡리,01월 01일,1,1,GS메트로자이,75.5034,202110,1,"17,800",4,2006,삼호길 181,,-,-
경상남도 함안군 칠원읍 오곡리,01월 01일,1,1,GS메트로자이,84.9906,202110,1,"17,900",1,2006,삼호길 181,,-,-
경상남도 함안군 칠원읍 오곡리,01월 01일,1,1,GS메트로자이,59.9934,202110,2,"15,450",17,2006,삼호길 181,,-,-
경상남도 함안군 칠원읍 오곡리,01월 01일,1,1,GS메트로자이,75.5034,202110,4,"17,000",6,2006,삼호길 181,,-,-
경상남도 함안군 칠원읍 오곡리,01월 01일,1,1,GS메트로자이,75.5034,202110,4,"18,000",18,2006,삼호길 181,,-,-
경상남도 함안군 칠원읍 오곡리,01월 01일,1,1,GS메트로자이,101.9928,202110,5,"23,800",2,2006,삼호길 181,,-,-
경상남도 함안군 칠원읍 오곡리,01월 01일,1,1,GS메트로자이,59.9934,202110,5,"13,500",5,2006,삼호길 181,,-,-
경상남도 함안군 칠원읍 오곡리,01월 01일,1,1,GS메트로자이,84.9906,202110,7,"18,200",6,2006,삼호길 181,,-,-
경상남도 함안군 칠원읍 오곡리,01월 01일,1,1,GS메트로자이,84.9906,202110,19,"20,000",12,2006,삼호길 181,,-,-
경상남도 함안군 칠원읍 오곡리,87,87,0,벽산블루밍,84.9721,202110,4,"17,000",10,2008,오곡로 103,,-,-
경상남도 함안군 칠원읍 오곡리,87,87,0,벽산블루밍,100.6926,202110,5,"23,200",4,2008,오곡로 103,,-,-
경상남도 함안군 칠원읍 오곡리,87,87,0,벽산블루밍,84.9721,202110,7,"18,900",17,2008,오곡로 103,,-,-
경상남도 함안군 칠원읍 오곡리,87,87,0,벽산블루밍,84.9721,202110,30,"19,300",16,2008,오곡로 103,,-,-
경상남도 함안군 칠원읍 오곡리,113,113,0,부영벽산블루밍2차,71.226,202110,5,"20,700",4,2014,호암길 6,,-,-
경상남도 함안군 칠원읍 오곡리,113,113,0,부영벽산블루밍2차,71.226,202110,6,"21,250",13,2014,호암길 6,,-,-
경상남도 함안군 칠원읍 오곡리,113,113,0,부영벽산블루밍2차,71.226,202110,9,"21,800",6,2014,호암길 6,,-,-
경상남도 함안군 칠원읍 오곡리,113,113,0,부영벽산블루밍2차,71.226,202110,14,"22,500",19,2014,호암길 6,,-,-
경상남도 함안군 칠원읍 오곡리,113,113,0,부영벽산블루밍2차,71.226,202110,18,"22,500",6,2014,호암길 6,,-,-
경상남도 함안군 칠원읍 오곡리,113,113,0,부영벽산블루밍2차,71.226,202110,28,"22,200",12,2014,호암길 6,,-,-
경상남도 함안군 칠원읍 용산리,317-4,317,4,신영장미맨션,83.57,202110,7,"8,700",8,1993,용산2길 80,,-,-
경상남도 함양군 안의면 당본리,05월 18일,5,18,화목그린빌라,84.35,202110,29,"10,000",1,2007,읍삼동길 17,,-,-
경상남도 함양군 함양읍 교산리,338,338,0,삼정그린코아,84.9626,202110,15,"28,000",12,2013,함양로 1231,,-,-
경상남도 함양군 함양읍 교산리,338,338,0,삼정그린코아,84.8883,202110,25,"28,000",11,2013,함양로 1231,,-,-
경상남도 함양군 함양읍 교산리,338,338,0,삼정그린코아,84.9626,202110,28,"28,000",11,2013,함양로 1231,,-,-
경상남도 함양군 함양읍 교산리,335,335,0,상림팰리스,84.6614,202110,4,"21,800",9,2008,원교길 9,,-,-
경상남도 함양군 함양읍 교산리,335,335,0,상림팰리스,84.6614,202110,12,"22,000",10,2008,원교길 9,,-,-
경상남도 함양군 함양읍 교산리,234,234,0,아크로폴리스,83.9165,202110,9,"25,000",5,2016,함양로 1198-37,,-,-
경상남도 함양군 함양읍 교산리,968-2,968,2,함양,82.26,202110,2,"10,000",2,1989,함양여중길 18-20,,-,-
경상남도 함양군 함양읍 교산리,160,160,0,함양한주,73.39,202110,6,"16,500",13,1997,교산3길 6,,-,-
경상남도 함양군 함양읍 교산리,160,160,0,함양한주,59.78,202110,12,"13,000",10,1997,교산3길 6,,-,-
경상남도 합천군 초계면 초계리,02월 24일,24,2,원창주택,56.36,202110,18,"2,700",4,1992,초계3길 4,,-,-
경상남도 합천군 합천읍 합천리,828-43,828,43,미가클래스3차B동,74.26,202110,2,"20,700",2,2012,충효로 23-9,,-,-
경상남도 합천군 합천읍 합천리,940-13,940,13,선우H타운,84.865,202110,4,"31,104",1,2021,장수로 18,,-,-
경상남도 합천군 합천읍 합천리,151,151,0,성은강변,59.77,202110,7,"8,000",2,1997,동서로 141-14,,-,-
경상북도 경산시 계양동,669,669,0,계양주공,39.63,202110,5,"12,000",5,1985,원효로32길 20,,-,-
경상북도 경산시 계양동,690,690,0,초원전원1차,59.94,202110,1,"4,800",5,1990,계양로8길 36,,-,-
경상북도 경산시 계양동,690,690,0,초원전원1차,59.94,202110,11,"6,400",1,1990,계양로8길 36,20211014,-,-
경상북도 경산시 계양동,690,690,0,초원전원1차,59.94,202110,11,"6,400",1,1990,계양로8길 36,,-,-
경상북도 경산시 계양동,690,690,0,초원전원1차,59.94,202110,24,"5,400",6,1990,계양로8길 36,,-,-
경상북도 경산시 계양동,691,691,0,초원전원2차,59.86,202110,12,"5,500",5,1990,장산로50길 17-4,,-,-
경상북도 경산시 계양동,691,691,0,초원전원2차,59.86,202110,12,"6,000",4,1990,장산로50길 17-4,,-,-
경상북도 경산시 계양동,691,691,0,초원전원2차,59.86,202110,25,"4,900",3,1990,장산로50길 17-4,,-,-
경상북도 경산시 대평동,428-1,428,1,대평그린빌,84.8,202110,2,"28,500",12,2004,경안로69길 12,,-,-
경상북도 경산시 대평동,428-1,428,1,대평그린빌,59.99,202110,7,"19,200",12,2004,경안로69길 12,,-,-
경상북도 경산시 대평동,428-1,428,1,대평그린빌,59.45,202110,10,"18,800",7,2004,경안로69길 12,,-,-
경상북도 경산시 대평동,428-1,428,1,대평그린빌,84.8,202110,12,"28,500",13,2004,경안로69길 12,,-,-
경상북도 경산시 대평동,428-1,428,1,대평그린빌,75.99,202110,15,"26,700",5,2004,경안로69길 12,,-,-
경상북도 경산시 대평동,428-1,428,1,대평그린빌,51.88,202110,15,"15,600",5,2004,경안로69길 12,,-,-
경상북도 경산시 대평동,428-1,428,1,대평그린빌,59.99,202110,16,"22,200",10,2004,경안로69길 12,,-,-
경상북도 경산시 대평동,428-1,428,1,대평그린빌,59.99,202110,17,"19,400",11,2004,경안로69길 12,,-,-
경상북도 경산시 대평동,428-1,428,1,대평그린빌,59.99,202110,20,"20,000",6,2004,경안로69길 12,,-,-
경상북도 경산시 대평동,428-1,428,1,대평그린빌,59.99,202110,23,"19,450",7,2004,경안로69길 12,,-,-
경상북도 경산시 대평동,463,463,0,협성휴포레경산대평,84.9303,202110,6,"30,900",1,2018,대평길 8,,-,-
경상북도 경산시 대평동,463,463,0,협성휴포레경산대평,67.9184,202110,8,"28,400",25,2018,대평길 8,,-,-
경상북도 경산시 대평동,463,463,0,협성휴포레경산대평,84.9438,202110,8,"31,800",9,2018,대평길 8,,-,-
경상북도 경산시 대평동,463,463,0,협성휴포레경산대평,84.9438,202110,17,"30,800",1,2018,대평길 8,,-,-
경상북도 경산시 백천동,619,619,0,경산 삼도뷰엔빌W,102.5876,202110,1,"42,000",14,2018,경청로222길 34,,-,-
경상북도 경산시 백천동,619,619,0,경산 삼도뷰엔빌W,75.9732,202110,2,"28,850",7,2018,경청로222길 34,,-,-
경상북도 경산시 백천동,619,619,0,경산 삼도뷰엔빌W,59.8493,202110,5,"25,700",12,2018,경청로222길 34,,-,-
경상북도 경산시 백천동,619,619,0,경산 삼도뷰엔빌W,70.9683,202110,6,"27,750",21,2018,경청로222길 34,,-,-
경상북도 경산시 백천동,619,619,0,경산 삼도뷰엔빌W,70.9683,202110,6,"27,300",15,2018,경청로222길 34,,-,-
경상북도 경산시 백천동,619,619,0,경산 삼도뷰엔빌W,70.9683,202110,8,"26,850",13,2018,경청로222길 34,,-,-
경상북도 경산시 백천동,619,619,0,경산 삼도뷰엔빌W,102.5876,202110,9,"41,000",4,2018,경청로222길 34,,-,-
경상북도 경산시 백천동,619,619,0,경산 삼도뷰엔빌W,70.9683,202110,11,"26,900",9,2018,경청로222길 34,,-,-
경상북도 경산시 백천동,619,619,0,경산 삼도뷰엔빌W,59.8493,202110,12,"25,000",8,2018,경청로222길 34,,-,-
경상북도 경산시 백천동,619,619,0,경산 삼도뷰엔빌W,70.9683,202110,16,"26,500",9,2018,경청로222길 34,,-,-
경상북도 경산시 백천동,619,619,0,경산 삼도뷰엔빌W,75.9732,202110,18,"31,650",9,2018,경청로222길 34,,-,-
경상북도 경산시 백천동,619,619,0,경산 삼도뷰엔빌W,75.9732,202110,18,"28,300",16,2018,경청로222길 34,,-,-
경상북도 경산시 백천동,619,619,0,경산 삼도뷰엔빌W,102.5876,202110,20,"41,800",10,2018,경청로222길 34,,-,-
경상북도 경산시 백천동,588-1,588,1,경산백천신나리,84.3706,202110,2,"16,700",4,2005,경청로222길 8,,-,-
경상북도 경산시 백천동,588-1,588,1,경산백천신나리,59.933,202110,4,"15,200",4,2005,경청로222길 8,,-,-
경상북도 경산시 백천동,588-1,588,1,경산백천신나리,84.3706,202110,5,"15,500",3,2005,경청로222길 8,,-,-
경상북도 경산시 백천동,588-1,588,1,경산백천신나리,84.3706,202110,8,"14,500",7,2005,경청로222길 8,,-,-
경상북도 경산시 백천동,588-1,588,1,경산백천신나리,59.933,202110,8,"15,300",14,2005,경청로222길 8,,-,-
경상북도 경산시 백천동,588-1,588,1,경산백천신나리,84.3706,202110,8,"18,500",12,2005,경청로222길 8,,-,-
경상북도 경산시 백천동,588-1,588,1,경산백천신나리,84.1909,202110,13,"16,800",14,2005,경청로222길 8,,-,-
경상북도 경산시 백천동,571-2,571,2,경산백천월드메르디앙,84.9481,202110,22,"24,000",2,2005,경청로221길 12,,-,-
경상북도 경산시 백천동,571-2,571,2,경산백천월드메르디앙,77.9979,202110,26,"24,950",10,2005,경청로221길 12,,-,-
경상북도 경산시 백천동,571-2,571,2,경산백천월드메르디앙,84.9481,202110,29,"26,000",6,2005,경청로221길 12,,-,-
경상북도 경산시 백천동,572-1,572,1,동화리버빌,121.1196,202110,5,"27,000",4,2005,경청로221길 17,,-,-
경상북도 경산시 백천동,572-1,572,1,동화리버빌,84.9456,202110,9,"21,500",11,2005,경청로221길 17,,-,-
경상북도 경산시 백천동,572-1,572,1,동화리버빌,84.9456,202110,15,"23,400",10,2005,경청로221길 17,,-,-
경상북도 경산시 백천동,572-1,572,1,동화리버빌,84.9456,202110,17,"23,000",13,2005,경청로221길 17,,-,-
경상북도 경산시 백천동,572-1,572,1,동화리버빌,84.9456,202110,23,"21,500",5,2005,경청로221길 17,,-,-
경상북도 경산시 백천동,115-7,115,7,윤성2차타운,59.94,202110,1,"9,350",10,1995,백천길 29,,-,-
경상북도 경산시 백천동,115-7,115,7,윤성2차타운,59.85,202110,12,"8,800",11,1995,백천길 29,,-,-
경상북도 경산시 백천동,115-7,115,7,윤성2차타운,59.94,202110,19,"8,300",11,1995,백천길 29,,-,-
경상북도 경산시 백천동,115-7,115,7,윤성2차타운,59.85,202110,20,"9,200",10,1995,백천길 29,,-,-
경상북도 경산시 백천동,551-7,551,7,전원,84.9344,202110,20,"12,900",1,2003,백천길 73-6,,-,-
경상북도 경산시 백천동,503-1,503,1,청담시티101동,104.8248,202110,25,"30,000",2,2018,경청로213길 5,,-,-
경상북도 경산시 사동,148,148,0,경산사동사랑으로부영6차,84.9834,202110,2,"29,500",14,2013,백자로10길 11,,-,-
경상북도 경산시 사동,600,600,0,동산,54.24,202110,7,"7,600",3,1991,원효로32길 45,,-,-
경상북도 경산시 사동,600,600,0,동산,54.24,202110,10,"7,600",1,1991,원효로32길 45,,-,-
경상북도 경산시 사동,600,600,0,동산,54.24,202110,18,"7,700",2,1991,원효로32길 45,,-,-
경상북도 경산시 사동,670-1,670,1,부영(5차)그린마을,84.9751,202110,1,"17,100",17,2003,백양로 181,,-,-
경상북도 경산시 사동,670-1,670,1,부영(5차)그린마을,84.9751,202110,6,"12,000",5,2003,백양로 181,,-,-
경상북도 경산시 사동,670-1,670,1,부영(5차)그린마을,84.9751,202110,10,"17,100",12,2003,백양로 181,,-,-
경상북도 경산시 사동,662-1,662,1,부영1차,59.889,202110,1,"13,700",13,2001,백자로20길 53,,-,-
경상북도 경산시 사동,662-1,662,1,부영1차,59.889,202110,4,"12,000",13,2001,백자로20길 53,,-,-
경상북도 경산시 사동,662-1,662,1,부영1차,59.889,202110,5,"9,800",11,2001,백자로20길 53,,-,-
경상북도 경산시 사동,662-1,662,1,부영1차,50.186,202110,8,"10,400",10,2001,백자로20길 53,,-,-
경상북도 경산시 사동,662-1,662,1,부영1차,50.186,202110,8,"10,470",12,2001,백자로20길 53,,-,-
경상북도 경산시 사동,662-1,662,1,부영1차,50.186,202110,29,"9,200",13,2001,백자로20길 53,,-,-
경상북도 경산시 사동,650-1,650,1,부영2차,84.9768,202110,17,"18,100",16,2001,장산로 319,,-,-
경상북도 경산시 사동,650-1,650,1,부영2차,84.9768,202110,19,"16,400",18,2001,장산로 319,,-,-
경상북도 경산시 사동,659-1,659,1,부영3차원앙마을,84.9751,202110,26,"17,700",9,2003,백자로20길 9,,-,-
경상북도 경산시 사동,659-1,659,1,부영3차원앙마을,84.9751,202110,28,"16,850",2,2003,백자로20길 9,,-,-
경상북도 경산시 사동,21,21,0,사동2지구화성파크드림,130.6372,202110,4,"50,800",5,2010,삼성현로91길 45,,-,-
경상북도 경산시 사동,600-5,600,5,창신백조1,59.49,202110,8,"8,000",3,1990,원효로36길 46,,-,-
경상북도 경산시 사동,600-5,600,5,창신백조1,44.325,202110,16,"5,700",5,1990,원효로36길 46,,-,-
경상북도 경산시 사동,600-5,600,5,창신백조1,44.325,202110,17,"5,250",5,1990,원효로36길 46,,-,-
경상북도 경산시 사동,600-1,600,1,창신백조2차,44.4,202110,11,"7,500",2,1990,원효로32길 57,,-,-
경상북도 경산시 사동,600-3,600,3,초원파크,59.95,202110,1,"6,350",11,1991,백양로 91,,-,-
경상북도 경산시 사동,600-3,600,3,초원파크,59.95,202110,12,"7,160",4,1991,백양로 91,,-,-
경상북도 경산시 사동,600-3,600,3,초원파크,59.95,202110,12,"6,900",1,1991,백양로 91,,-,-
경상북도 경산시 사동,600-3,600,3,초원파크,59.95,202110,21,"6,200",8,1991,백양로 91,,-,-
경상북도 경산시 사동,635-5,635,5,파스텔해비치,45.969,202110,13,"9,000",9,2012,박물관로1길 24,,-,-
경상북도 경산시 사동,310,310,0,팰리스부영1단지,84.9898,202110,4,"30,000",2,2019,삼성현로91길 9,,-,-
경상북도 경산시 사동,310,310,0,팰리스부영1단지,84.9898,202110,10,"34,700",14,2019,삼성현로91길 9,,-,-
경상북도 경산시 사정동,124,124,0,옥산삼산타운,23.1,202110,13,"4,350",3,1995,선비길 57,,-,-
경상북도 경산시 사정동,124,124,0,옥산삼산타운,23.1,202110,13,"4,350",3,1995,선비길 57,20211025,-,-
경상북도 경산시 삼북동,27,27,0,삼북주공,59.96,202110,6,"10,400",12,1997,장산로 152,,-,-
경상북도 경산시 삼북동,27,27,0,삼북주공,59.96,202110,8,"11,500",14,1997,장산로 152,,-,-
경상북도 경산시 삼북동,27,27,0,삼북주공,59.99,202110,8,"11,400",16,1997,장산로 152,,-,-
경상북도 경산시 삼북동,27,27,0,삼북주공,59.99,202110,13,"10,500",11,1997,장산로 152,,-,-
경상북도 경산시 삼북동,27,27,0,삼북주공,59.96,202110,14,"10,800",14,1997,장산로 152,,-,-
경상북도 경산시 삼북동,27,27,0,삼북주공,59.96,202110,25,"9,100",2,1997,장산로 152,,-,-
경상북도 경산시 삼북동,27,27,0,삼북주공,59.99,202110,25,"10,500",19,1997,장산로 152,,-,-
경상북도 경산시 삼풍동,500-1,500,1,태왕드림하이츠,59.972,202110,6,"15,200",5,2001,삼풍로 13-7,,-,-
경상북도 경산시 삼풍동,500-1,500,1,태왕드림하이츠,85,202110,12,"21,000",5,2001,삼풍로 13-7,,-,-
경상북도 경산시 삼풍동,500-1,500,1,태왕드림하이츠,73.444,202110,19,"18,400",8,2001,삼풍로 13-7,,-,-
경상북도 경산시 삼풍동,500-1,500,1,태왕드림하이츠,59.972,202110,23,"16,300",16,2001,삼풍로 13-7,,-,-
경상북도 경산시 삼풍동,500-1,500,1,태왕드림하이츠,73.444,202110,31,"19,000",13,2001,삼풍로 13-7,,-,-
경상북도 경산시 삼풍동,500-1,500,1,태왕드림하이츠,59.972,202110,31,"16,000",13,2001,삼풍로 13-7,,-,-
경상북도 경산시 상방동,298,298,0,경산남천리버뷰우방아이유쉘,74.9654,202110,5,"29,500",3,2019,삼성현로 347,,-,-
경상북도 경산시 상방동,298,298,0,경산남천리버뷰우방아이유쉘,74.9654,202110,13,"29,900",3,2019,삼성현로 347,,-,-
경상북도 경산시 상방동,130,130,0,태성맨션,84.91,202110,8,"12,600",4,1995,남매로6길 20,,-,-
경상북도 경산시 상방동,130,130,0,태성맨션,59.95,202110,12,"7,000",1,1995,남매로6길 20,,-,-
경상북도 경산시 서상동,131-7,131,7,동남,59.086,202110,13,"7,500",8,1990,서상길 23,,-,-
경상북도 경산시 신교동,Feb-60,60,2,은하맨션,84.985,202110,23,"13,000",10,1996,경안로 74,,-,-
경상북도 경산시 압량읍 부적리,777,777,0,부적주공,59.99,202110,15,"13,700",8,1997,26,,-,-
경상북도 경산시 압량읍 부적리,777,777,0,부적주공,59.84,202110,21,"10,400",5,1997,26,,-,-
경상북도 경산시 압량읍 부적리,777,777,0,부적주공,59.99,202110,22,"11,700",15,1997,26,,-,-
경상북도 경산시 압량읍 부적리,263-1,263,1,압량세익로얄,79.13,202110,7,"10,000",6,1994,10,,-,-
경상북도 경산시 압량읍 부적리,263-1,263,1,압량세익로얄,72.81,202110,23,"9,700",3,1994,10,,-,-
경상북도 경산시 압량읍 신대리,482,482,0,경산우미린더포레스트,73.7903,202110,3,"30,200",12,2016,37,,-,-
경상북도 경산시 압량읍 신대리,482,482,0,경산우미린더포레스트,84.9844,202110,31,"36,000",13,2016,37,,-,-
경상북도 경산시 압량읍 신대리,481,481,0,경산코아루아파트,84.9886,202110,16,"38,000",13,2015,압독3로 36,,-,-
경상북도 경산시 압량읍 신대리,703,703,0,경산푸르지오,62.992,202110,8,"29,500",19,2015,12,,-,-
경상북도 경산시 압량읍 신대리,703,703,0,경산푸르지오,84.962,202110,16,"37,700",15,2015,12,,-,-
경상북도 경산시 압량읍 신대리,703,703,0,경산푸르지오,62.968,202110,19,"29,500",18,2015,12,,-,-
경상북도 경산시 압량읍 신대리,703,703,0,경산푸르지오,84.962,202110,21,"34,700",2,2015,12,,-,-
경상북도 경산시 압량읍 신대리,485,485,0,부영사랑으로1차,59.9605,202110,1,"18,000",3,2011,45,,-,-
경상북도 경산시 압량읍 신대리,485,485,0,부영사랑으로1차,59.9605,202110,10,"19,000",15,2011,45,,-,-
경상북도 경산시 압량읍 신대리,485,485,0,부영사랑으로1차,59.9605,202110,15,"16,500",1,2011,45,,-,-
경상북도 경산시 압량읍 신대리,485,485,0,부영사랑으로1차,59.9605,202110,21,"18,000",5,2011,45,,-,-
경상북도 경산시 압량읍 신대리,485,485,0,부영사랑으로1차,59.9605,202110,30,"18,000",6,2011,45,,-,-
경상북도 경산시 압량읍 인안리,47,47,0,윤성3차,59.94,202110,2,"6,000",11,1996,152,,-,-
경상북도 경산시 압량읍 인안리,47,47,0,윤성3차,59.94,202110,28,"6,000",5,1996,152,,-,-
경상북도 경산시 옥곡동,03월 01일,3,1,경산우방유쉘,126.4142,202110,12,"45,500",7,2009,강변서로 111,,-,-
경상북도 경산시 옥곡동,830,830,0,동화프라임빌,84.7754,202110,9,"23,500",6,2004,경산로 25,,-,-
경상북도 경산시 옥곡동,830,830,0,동화프라임빌,70.5794,202110,10,"18,200",2,2004,경산로 25,,-,-
경상북도 경산시 옥곡동,830,830,0,동화프라임빌,70.5794,202110,14,"18,400",2,2004,경산로 25,,-,-
경상북도 경산시 옥곡동,830,830,0,동화프라임빌,84.7754,202110,22,"23,500",11,2004,경산로 25,,-,-
경상북도 경산시 옥곡동,832-1,832,1,부영두리마을(3단지),84.9751,202110,4,"21,500",6,2006,강변서로 17,,-,-
경상북도 경산시 옥곡동,832-1,832,1,부영두리마을(3단지),84.9751,202110,7,"20,000",2,2006,강변서로 17,,-,-
경상북도 경산시 옥곡동,832-1,832,1,부영두리마을(3단지),84.9751,202110,8,"22,500",7,2006,강변서로 17,,-,-
경상북도 경산시 옥곡동,832-1,832,1,부영두리마을(3단지),84.9751,202110,10,"19,300",1,2006,강변서로 17,,-,-
경상북도 경산시 옥곡동,832-1,832,1,부영두리마을(3단지),59.987,202110,16,"15,300",1,2006,강변서로 17,,-,-
경상북도 경산시 옥곡동,832-1,832,1,부영두리마을(3단지),84.9751,202110,16,"22,000",5,2006,강변서로 17,,-,-
경상북도 경산시 옥곡동,829-1,829,1,부영우리마을(2단지),84.9751,202110,3,"18,900",1,2005,경산로 26,,-,-
경상북도 경산시 옥곡동,829-1,829,1,부영우리마을(2단지),84.9751,202110,9,"20,500",10,2005,경산로 26,,-,-
경상북도 경산시 옥곡동,829-1,829,1,부영우리마을(2단지),84.9751,202110,9,"20,900",12,2005,경산로 26,,-,-
경상북도 경산시 옥곡동,829-1,829,1,부영우리마을(2단지),84.9751,202110,11,"20,000",5,2005,경산로 26,,-,-
경상북도 경산시 옥곡동,829-1,829,1,부영우리마을(2단지),84.9751,202110,30,"20,500",14,2005,경산로 26,,-,-
경상북도 경산시 옥곡동,831-1,831,1,부영조은마을(1단지),59.987,202110,4,"14,000",9,2004,경산로 21,,-,-
경상북도 경산시 옥곡동,831-1,831,1,부영조은마을(1단지),84.9751,202110,7,"18,900",15,2004,경산로 21,,-,-
경상북도 경산시 옥곡동,831-1,831,1,부영조은마을(1단지),59.987,202110,9,"16,000",1,2004,경산로 21,,-,-
경상북도 경산시 옥곡동,831-1,831,1,부영조은마을(1단지),59.987,202110,13,"15,500",4,2004,경산로 21,,-,-
경상북도 경산시 옥곡동,831-1,831,1,부영조은마을(1단지),59.987,202110,22,"15,000",7,2004,경산로 21,,-,-
경상북도 경산시 옥곡동,Jan-85,85,1,성암산신동아파밀리에,134.855,202110,5,"43,000",5,2009,장산로4길 10,,-,-
경상북도 경산시 옥곡동,Jan-85,85,1,성암산신동아파밀리에,134.081,202110,13,"41,500",4,2009,장산로4길 10,,-,-
경상북도 경산시 옥곡동,Jan-85,85,1,성암산신동아파밀리에,124.51,202110,15,"40,000",7,2009,장산로4길 10,,-,-
경상북도 경산시 옥곡동,Jan-85,85,1,성암산신동아파밀리에,131.349,202110,20,"43,500",6,2009,장산로4길 10,,-,-
경상북도 경산시 옥곡동,Dec-85,85,12,옥곡태왕아너스고은아파트,84.9832,202110,30,"28,000",7,2015,옥실길 56,,-,-
경상북도 경산시 옥곡동,Apr-61,61,4,옥곡투윈뷰102동,44.76,202110,15,"9,900",4,2014,선비길 7-6,,-,-
경상북도 경산시 옥곡동,Apr-61,61,4,옥곡투윈뷰102동,38.42,202110,20,"7,500",5,2014,선비길 7-6,,-,-
경상북도 경산시 옥곡동,80,80,0,웰리치성암,115.0099,202110,31,"29,000",11,2006,삼성현로 203,,-,-
경상북도 경산시 옥곡동,828,828,0,한일유앤아이,77.8034,202110,5,"23,500",9,2005,경산로 40,,-,-
경상북도 경산시 옥곡동,828,828,0,한일유앤아이,65.732,202110,9,"19,600",11,2005,경산로 40,,-,-
경상북도 경산시 옥산동,725-2,725,2,옥산신화평광,84.98,202110,7,"20,900",1,1996,경산로44길 29,,-,-
경상북도 경산시 옥산동,725-2,725,2,옥산신화평광,84.98,202110,13,"28,500",4,1996,경산로44길 29,,-,-
경상북도 경산시 옥산동,725-2,725,2,옥산신화평광,84.98,202110,19,"27,300",12,1996,경산로44길 29,,-,-
경상북도 경산시 옥산동,884-4,884,4,옥산해오름,59.955,202110,27,"13,850",5,1994,삼성현로31길 7,,-,-
경상북도 경산시 옥산동,884-1,884,1,우방타운,84.995,202110,15,"18,500",9,1993,성암로 26,,-,-
경상북도 경산시 옥산동,885,885,0,창신성암타운,53.82,202110,11,"11,000",5,1993,삼성현로31길 12,,-,-
경상북도 경산시 옥산동,885,885,0,창신성암타운,53.82,202110,26,"11,000",8,1993,삼성현로31길 12,,-,-
경상북도 경산시 옥산동,884,884,0,협화타운,65.87,202110,1,"15,000",7,1994,성암로 8,,-,-
경상북도 경산시 옥산동,884,884,0,협화타운,65.87,202110,6,"12,900",3,1994,성암로 8,,-,-
경상북도 경산시 옥산동,884,884,0,협화타운,56.56,202110,7,"11,050",8,1994,성암로 8,,-,-
경상북도 경산시 옥산동,884,884,0,협화타운,56.56,202110,11,"11,000",14,1994,성암로 8,,-,-
경상북도 경산시 옥산동,884,884,0,협화타운,56.56,202110,21,"9,400",7,1994,성암로 8,,-,-
경상북도 경산시 옥산동,884,884,0,협화타운,65.87,202110,22,"13,300",13,1994,성암로 8,,-,-
경상북도 경산시 임당동,522,522,0,영남대역코아루더테라스,82.795,202110,12,"23,300",4,2016,궁당로 55,,-,-
경상북도 경산시 정평동,151,151,0,LIG캐스빌1단지,84.8176,202110,13,"32,700",12,2005,대학로9길 15-9,,-,-
경상북도 경산시 정평동,154,154,0,LIG캐스빌2단지,84.8176,202110,5,"29,000",2,2005,대학로9길 27-12,,-,-
경상북도 경산시 정평동,154,154,0,LIG캐스빌2단지,84.8176,202110,15,"29,500",2,2005,대학로9길 27-12,,-,-
경상북도 경산시 정평동,138-4,138,4,우방맨션2차,84.89,202110,7,"28,000",6,1991,대학로12길 6,,-,-
경상북도 경산시 정평동,138-4,138,4,우방맨션2차,84.89,202110,15,"26,000",7,1991,대학로12길 6,,-,-
경상북도 경산시 정평동,138-4,138,4,우방맨션2차,72.17,202110,15,"25,000",13,1991,대학로12길 6,,-,-
경상북도 경산시 정평동,222,222,0,태왕귀빈타운,84.99,202110,12,"23,713",13,1993,대학로12길 24,,-,-
경상북도 경산시 정평동,222,222,0,태왕귀빈타운,59.34,202110,14,"15,200",15,1993,대학로12길 24,,-,-
경상북도 경산시 정평동,123,123,0,한솔1차,134.995,202110,18,"25,000",5,1997,대학로9길 34,,-,-
경상북도 경산시 정평동,123,123,0,한솔1차,59.92,202110,26,"17,400",10,1997,대학로9길 34,,-,-
경상북도 경산시 정평동,255-35,255,35,한솔2차,59.92,202110,21,"16,500",3,1998,대학로13길 42,,-,-
경상북도 경산시 정평동,130,130,0,현대타운,59.82,202110,15,"22,500",18,1996,대학로9길 8,,-,-
경상북도 경산시 조영동,572-2,572,2,강산애,75.5331,202110,16,"16,700",3,2004,둥지로 32,,-,-
경상북도 경산시 조영동,572-2,572,2,강산애,84.5694,202110,25,"17,000",3,2004,둥지로 32,,-,-
경상북도 경산시 조영동,572-2,572,2,강산애,84.762,202110,25,"18,400",1,2004,둥지로 32,,-,-
경상북도 경산시 중방동,319-83,319,83,광명,53.23,202110,8,"9,750",3,1981,중앙초등길5길 8-8,,-,-
경상북도 경산시 중방동,304-1,304,1,은호,48.34,202110,9,"11,700",2,1987,경안로41길 44-3,,-,-
경상북도 경산시 중방동,895,895,0,중방e-편한세상3단지,146.065,202110,23,"68,000",13,2010,경안로56길 14,,-,-
경상북도 경산시 중방동,831-1,831,1,초원하이츠,71.12,202110,5,"12,000",7,1989,중방로 32-1,,-,-
경상북도 경산시 중방동,831-1,831,1,초원하이츠,71.12,202110,22,"15,000",11,1989,중방로 32-1,,-,-
경상북도 경산시 중산동,Mar-35,35,3,경남신성,59.94,202110,2,"17,000",2,1996,성암로21길 69,,-,-
경상북도 경산시 중산동,Mar-35,35,3,경남신성,59.94,202110,8,"16,900",8,1996,성암로21길 69,,-,-
경상북도 경산시 중산동,Mar-35,35,3,경남신성,59.94,202110,11,"15,500",14,1996,성암로21길 69,,-,-
경상북도 경산시 중산동,Mar-35,35,3,경남신성,59.94,202110,13,"16,850",5,1996,성암로21길 69,,-,-
경상북도 경산시 중산동,Mar-35,35,3,경남신성,59.94,202110,24,"16,900",4,1996,성암로21길 69,,-,-
경상북도 경산시 중산동,Feb-36,36,2,옥산태왕ㆍ한라타운,59.99,202110,1,"17,500",6,1996,대학로8길 32,,-,-
경상북도 경산시 중산동,Feb-36,36,2,옥산태왕ㆍ한라타운,59.99,202110,3,"15,800",3,1996,대학로8길 32,,-,-
경상북도 경산시 중산동,Feb-36,36,2,옥산태왕ㆍ한라타운,59.99,202110,4,"18,600",8,1996,대학로8길 32,,-,-
경상북도 경산시 중산동,Feb-36,36,2,옥산태왕ㆍ한라타운,59.99,202110,5,"16,000",13,1996,대학로8길 32,,-,-
경상북도 경산시 중산동,Feb-36,36,2,옥산태왕ㆍ한라타운,59.99,202110,7,"16,700",13,1996,대학로8길 32,,-,-
경상북도 경산시 중산동,Feb-36,36,2,옥산태왕ㆍ한라타운,59.99,202110,9,"16,000",4,1996,대학로8길 32,,-,-
경상북도 경산시 중산동,Feb-36,36,2,옥산태왕ㆍ한라타운,59.99,202110,9,"18,000",2,1996,대학로8길 32,,-,-
경상북도 경산시 중산동,Feb-36,36,2,옥산태왕ㆍ한라타운,59.99,202110,11,"16,100",2,1996,대학로8길 32,,-,-
경상북도 경산시 중산동,Feb-36,36,2,옥산태왕ㆍ한라타운,59.99,202110,13,"16,000",2,1996,대학로8길 32,,-,-
경상북도 경산시 중산동,Feb-36,36,2,옥산태왕ㆍ한라타운,59.99,202110,17,"16,800",3,1996,대학로8길 32,,-,-
경상북도 경산시 중산동,693,693,0,중산하늘채더퍼스트,113.1152,202110,1,"52,000",23,2021,경산로 280,,-,-
경상북도 경산시 중산동,693,693,0,중산하늘채더퍼스트,84.8381,202110,12,"42,000",13,2021,경산로 280,,-,-
경상북도 경산시 중산동,643,643,0,펜타힐즈더샵1차,72.7097,202110,5,"48,800",25,2017,펜타힐즈2로 60,,-,-
경상북도 경산시 중산동,643,643,0,펜타힐즈더샵1차,84.9772,202110,13,"58,900",17,2017,펜타힐즈2로 60,,-,-
경상북도 경산시 중산동,655,655,0,펜타힐즈더샵2차,84.9492,202110,6,"58,900",22,2018,펜타힐즈2로 60,,-,-
경상북도 경산시 중산동,655,655,0,펜타힐즈더샵2차,108.9242,202110,11,"73,000",8,2018,펜타힐즈2로 60,,-,-
경상북도 경산시 중산동,655,655,0,펜타힐즈더샵2차,108.9242,202110,16,"70,000",8,2018,펜타힐즈2로 60,,-,-
경상북도 경산시 중산동,624,624,0,펜타힐즈서한이다음,59.8949,202110,15,"38,000",13,2014,옥산로 217,,-,-
경상북도 경산시 중산동,663,663,0,펜타힐즈푸르지오,84.2875,202110,13,"58,600",24,2019,펜타힐즈2로 20,,-,-
경상북도 경산시 중산동,663,663,0,펜타힐즈푸르지오,72.3077,202110,15,"51,300",12,2019,펜타힐즈2로 20,,-,-
경상북도 경산시 진량읍 봉회리,Jan-71,71,1,경산1차삼주봉황타운,59.26,202110,3,"7,000",16,1996,봉황길 31,,-,-
경상북도 경산시 진량읍 봉회리,Jan-71,71,1,경산1차삼주봉황타운,59.26,202110,4,"7,300",7,1996,봉황길 31,,-,-
경상북도 경산시 진량읍 봉회리,Jan-71,71,1,경산1차삼주봉황타운,59.26,202110,4,"7,000",4,1996,봉황길 31,,-,-
경상북도 경산시 진량읍 봉회리,Jan-71,71,1,경산1차삼주봉황타운,33.54,202110,6,"3,465",2,1996,봉황길 31,,-,-
경상북도 경산시 진량읍 봉회리,Jan-71,71,1,경산1차삼주봉황타운,59.26,202110,12,"7,000",20,1996,봉황길 31,,-,-
경상북도 경산시 진량읍 봉회리,Jan-71,71,1,경산1차삼주봉황타운,59.26,202110,13,"7,000",7,1996,봉황길 31,,-,-
경상북도 경산시 진량읍 봉회리,Jan-71,71,1,경산1차삼주봉황타운,59.26,202110,13,"7,200",14,1996,봉황길 31,,-,-
경상북도 경산시 진량읍 봉회리,Jan-71,71,1,경산1차삼주봉황타운,33.54,202110,15,"4,500",23,1996,봉황길 31,,-,-
경상북도 경산시 진량읍 봉회리,Jan-71,71,1,경산1차삼주봉황타운,33.54,202110,19,"4,100",17,1996,봉황길 31,,-,-
경상북도 경산시 진량읍 봉회리,Jan-71,71,1,경산1차삼주봉황타운,59.26,202110,20,"8,500",17,1996,봉황길 31,,-,-
경상북도 경산시 진량읍 봉회리,Apr-81,81,4,경산2차삼주봉황타운,59.26,202110,2,"7,300",16,1996,봉황길 36,,-,-
경상북도 경산시 진량읍 봉회리,Apr-81,81,4,경산2차삼주봉황타운,59.26,202110,27,"8,000",6,1996,봉황길 36,,-,-
경상북도 경산시 진량읍 봉회리,62-16,62,16,경산3차삼주봉황타운,59.62,202110,31,"8,100",13,1997,봉황길 21,,-,-
경상북도 경산시 진량읍 부기리,565-2,565,2,창신무학타운,59.91,202110,13,"7,700",19,1996,금호강변로 820,,-,-
경상북도 경산시 진량읍 부기리,565-2,565,2,창신무학타운,59.91,202110,18,"7,500",2,1996,금호강변로 820,,-,-
경상북도 경산시 진량읍 부기리,565-2,565,2,창신무학타운,59.91,202110,22,"7,200",17,1996,금호강변로 820,,-,-
경상북도 경산시 진량읍 부기리,565-2,565,2,창신무학타운,59.91,202110,23,"7,400",15,1996,금호강변로 820,,-,-
경상북도 경산시 진량읍 부기리,565-2,565,2,창신무학타운,59.91,202110,26,"7,300",8,1996,금호강변로 820,,-,-
경상북도 경산시 진량읍 부기리,565-2,565,2,창신무학타운,59.91,202110,30,"7,500",12,1996,금호강변로 820,,-,-
경상북도 경산시 진량읍 북리,100,100,0,경산4차삼주봉황타운,59.62,202110,2,"8,100",12,1998,봉황길 72,,-,-
경상북도 경산시 진량읍 북리,100,100,0,경산4차삼주봉황타운,59.62,202110,4,"8,100",1,1998,봉황길 72,,-,-
경상북도 경산시 진량읍 북리,100,100,0,경산4차삼주봉황타운,59.62,202110,8,"7,900",6,1998,봉황길 72,,-,-
경상북도 경산시 진량읍 북리,100,100,0,경산4차삼주봉황타운,59.62,202110,9,"8,900",15,1998,봉황길 72,,-,-
경상북도 경산시 진량읍 북리,100,100,0,경산4차삼주봉황타운,34.2,202110,29,"3,800",12,1998,봉황길 72,,-,-
경상북도 경산시 진량읍 북리,122-3,122,3,우림필유,84.9019,202110,23,"21,000",3,2007,봉황길 53,,-,-
경상북도 경산시 진량읍 북리,122-3,122,3,우림필유,84.9019,202110,26,"22,000",11,2007,봉황길 53,,-,-
경상북도 경산시 진량읍 선화리,1089,1089,0,경산1차윤성,40.58,202110,1,"4,000",1,1995,선화로20길 25,,-,-
경상북도 경산시 진량읍 선화리,1089,1089,0,경산1차윤성,59.94,202110,2,"7,000",7,1995,선화로20길 25,,-,-
경상북도 경산시 진량읍 선화리,1089,1089,0,경산1차윤성,40.58,202110,5,"3,480",16,1995,선화로20길 25,,-,-
경상북도 경산시 진량읍 선화리,1089,1089,0,경산1차윤성,40.58,202110,11,"3,500",6,1995,선화로20길 25,,-,-
경상북도 경산시 진량읍 선화리,1089,1089,0,경산1차윤성,59.94,202110,15,"6,900",3,1995,선화로20길 25,,-,-
경상북도 경산시 진량읍 선화리,1089,1089,0,경산1차윤성,59.94,202110,16,"6,700",1,1995,선화로20길 25,,-,-
경상북도 경산시 진량읍 선화리,1089,1089,0,경산1차윤성,59.94,202110,18,"9,000",11,1995,선화로20길 25,,-,-
경상북도 경산시 진량읍 선화리,1089,1089,0,경산1차윤성,40.58,202110,21,"3,500",23,1995,선화로20길 25,,-,-
경상북도 경산시 진량읍 선화리,1089,1089,0,경산1차윤성,59.94,202110,23,"7,000",1,1995,선화로20길 25,,-,-
경상북도 경산시 진량읍 선화리,1089,1089,0,경산1차윤성,59.94,202110,29,"4,150",8,1995,선화로20길 25,,-,-
경상북도 경산시 진량읍 선화리,1089,1089,0,경산1차윤성,40.58,202110,29,"3,400",14,1995,선화로20길 25,,-,-
경상북도 경산시 진량읍 선화리,731,731,0,경산선화청구타운,59.91,202110,2,"7,600",2,1997,영청길 22,,-,-
경상북도 경산시 진량읍 선화리,731,731,0,경산선화청구타운,59.91,202110,3,"8,300",5,1997,영청길 22,,-,-
경상북도 경산시 진량읍 선화리,731,731,0,경산선화청구타운,84.975,202110,4,"16,300",18,1997,영청길 22,,-,-
경상북도 경산시 진량읍 선화리,731,731,0,경산선화청구타운,59.91,202110,23,"8,650",2,1997,영청길 22,,-,-
경상북도 경산시 진량읍 선화리,731,731,0,경산선화청구타운,59.91,202110,25,"8,750",13,1997,영청길 22,,-,-
경상북도 경산시 진량읍 선화리,731,731,0,경산선화청구타운,59.91,202110,26,"8,550",8,1997,영청길 22,,-,-
경상북도 경산시 진량읍 선화리,731,731,0,경산선화청구타운,84.975,202110,29,"17,000",10,1997,영청길 22,,-,-
경상북도 경산시 진량읍 선화리,1990,1990,0,이안경산진량아파트,84.891,202110,13,"26,450",4,2017,일연로 747,,-,-
경상북도 경산시 진량읍 신상리,868,868,0,경산우방힐타운,59.99,202110,7,"9,500",19,1999,공단로 527,,-,-
경상북도 경산시 진량읍 신상리,205-1,205,1,보국웰리치,84.49,202110,2,"22,300",14,2005,해든길 11,,-,-
경상북도 경산시 진량읍 신상리,205-1,205,1,보국웰리치,59.84,202110,9,"11,700",2,2005,해든길 11,,-,-
경상북도 경산시 진량읍 양기리,403-3,403,3,초원장미타운,59.88,202110,14,"7,500",13,1996,초원길 53-4,,-,-
경상북도 경산시 진량읍 양기리,403-3,403,3,초원장미타운,59.88,202110,23,"6,500",5,1996,초원길 53-4,,-,-
경상북도 경산시 진량읍 양기리,403-3,403,3,초원장미타운,59.88,202110,23,"5,500",1,1996,초원길 53-4,,-,-
경상북도 경산시 진량읍 황제리,Jan-70,70,1,창신황제타운,59.91,202110,2,"5,500",4,1996,황제1길 86-31,,-,-
경상북도 경산시 진량읍 황제리,Jan-70,70,1,창신황제타운,59.91,202110,6,"5,900",3,1996,황제1길 86-31,,-,-
경상북도 경산시 진량읍 황제리,Jan-70,70,1,창신황제타운,59.91,202110,9,"5,450",1,1996,황제1길 86-31,,-,-
경상북도 경산시 진량읍 황제리,Jan-70,70,1,창신황제타운,59.91,202110,15,"5,700",8,1996,황제1길 86-31,,-,-
경상북도 경산시 진량읍 황제리,Jan-70,70,1,창신황제타운,59.91,202110,15,"6,400",16,1996,황제1길 86-31,,-,-
경상북도 경산시 진량읍 황제리,Jan-70,70,1,창신황제타운,59.91,202110,15,"5,700",2,1996,황제1길 86-31,,-,-
경상북도 경산시 진량읍 황제리,Jan-70,70,1,창신황제타운,59.91,202110,19,"7,200",7,1996,황제1길 86-31,,-,-
경상북도 경산시 진량읍 황제리,Jan-70,70,1,창신황제타운,59.91,202110,20,"7,000",6,1996,황제1길 86-31,,-,-
경상북도 경산시 진량읍 황제리,Jan-70,70,1,창신황제타운,59.91,202110,25,"5,800",18,1996,황제1길 86-31,,-,-
경상북도 경산시 하양읍 금락리,392-1,392,1,경산하양롯데,138.08,202110,1,"32,800",19,1999,대학로298길 20-9,,-,-
경상북도 경산시 하양읍 금락리,392-1,392,1,경산하양롯데,84.89,202110,8,"19,000",17,1999,대학로298길 20-9,,-,-
경상북도 경산시 하양읍 금락리,392-1,392,1,경산하양롯데,59.94,202110,23,"16,000",1,1999,대학로298길 20-9,,-,-
경상북도 경산시 하양읍 금락리,12월 02일,12,2,인텔파크,84.6151,202110,1,"22,700",5,2016,대학로305길 6,,-,-
경상북도 경산시 하양읍 금락리,618,618,0,천호,40.3855,202110,28,"6,500",7,2003,대경로 771,,-,-
경상북도 경산시 하양읍 금락리,116-58,116,58,하나맨션(1차),84.795,202110,5,"15,400",14,1992,대경로 683-7,,-,-
경상북도 경산시 하양읍 금락리,407-1,407,1,하양2차롯데낙천대,59.9675,202110,4,"17,200",5,2006,대학로295길 26,,-,-
경상북도 경산시 하양읍 금락리,407-1,407,1,하양2차롯데낙천대,84.97,202110,9,"34,000",17,2006,대학로295길 26,,-,-
경상북도 경산시 하양읍 금락리,407-1,407,1,하양2차롯데낙천대,59.9675,202110,9,"16,500",6,2006,대학로295길 26,,-,-
경상북도 경산시 하양읍 금락리,407-1,407,1,하양2차롯데낙천대,84.97,202110,10,"32,000",11,2006,대학로295길 26,,-,-
경상북도 경산시 하양읍 금락리,407-1,407,1,하양2차롯데낙천대,84.97,202110,10,"32,500",20,2006,대학로295길 26,,-,-
경상북도 경산시 하양읍 금락리,407-1,407,1,하양2차롯데낙천대,113.916,202110,13,"40,000",21,2006,대학로295길 26,,-,-
경상북도 경산시 하양읍 금락리,391-1,391,1,하양금락우방(4차),43.26,202110,21,"8,900",7,1997,대학로298길 19-3,,-,-
경상북도 경산시 하양읍 금락리,391-1,391,1,하양금락우방(4차),84.97,202110,22,"20,700",9,1997,대학로298길 19-3,,-,-
경상북도 경산시 하양읍 금락리,130-8,130,8,하양우방3차,59.43,202110,4,"15,500",10,1994,문화로 3,,-,-
경상북도 경산시 하양읍 금락리,408-1,408,1,하양평광아파트,59.95,202110,7,"14,500",11,1998,대학로295길 42,,-,-
경상북도 경산시 하양읍 금락리,408-1,408,1,하양평광아파트,59.95,202110,31,"14,100",5,1998,대학로295길 42,,-,-
경상북도 경산시 하양읍 도리리,112-6,112,6,하양동신,59.86,202110,1,"10,600",10,1997,무학로 6,,-,-
경상북도 경산시 하양읍 도리리,112-6,112,6,하양동신,59.86,202110,11,"10,400",9,1997,무학로 6,,-,-
경상북도 경산시 하양읍 동서리,1218,1218,0,하양2차코아루,75.9929,202110,13,"23,900",7,2017,하양로37길 19,,-,-
경상북도 경산시 하양읍 동서리,1218,1218,0,하양2차코아루,84.9152,202110,16,"26,300",16,2017,하양로37길 19,,-,-
경상북도 경산시 하양읍 동서리,1218,1218,0,하양2차코아루,75.9994,202110,16,"25,800",29,2017,하양로37길 19,,-,-
경상북도 경산시 하양읍 동서리,1218,1218,0,하양2차코아루,75.9929,202110,19,"24,600",7,2017,하양로37길 19,,-,-
경상북도 경산시 하양읍 동서리,1082-1,1082,1,하양청구1차,84.99,202110,6,"15,000",3,1994,하양로33길 6,,-,-
경상북도 경산시 하양읍 동서리,1082-1,1082,1,하양청구1차,84.99,202110,31,"19,000",15,1994,하양로33길 6,,-,-
경상북도 경산시 하양읍 동서리,1216,1216,0,하양코아루,73.9533,202110,15,"24,000",9,2016,하양로37길 17,,-,-
경상북도 경주시 감포읍 감포리,605,605,0,남호비치타워,59.95,202110,8,"7,750",9,1995,동해안로 2233,,-,-
경상북도 경주시 감포읍 감포리,454,454,0,자연과사람,49.6703,202110,18,"8,100",8,2013,감포로7길 43-3,,-,-
경상북도 경주시 강동면 유금리,1020-2,1020,2,벽산반도,59.48,202110,3,"5,000",1,1996,강동로 66-26,,-,-
경상북도 경주시 강동면 유금리,1020-2,1020,2,벽산반도,59.48,202110,21,"5,200",13,1996,강동로 66-26,,-,-
경상북도 경주시 강동면 유금리,378,378,0,위덕삼성타운,39.9912,202110,8,"4,500",2,1999,동해대로 166-11,,-,-
경상북도 경주시 강동면 유금리,378,378,0,위덕삼성타운,39.9912,202110,14,"4,500",1,1999,동해대로 166-11,,-,-
경상북도 경주시 강동면 유금리,378,378,0,위덕삼성타운,39.9912,202110,15,"3,700",4,1999,동해대로 166-11,,-,-
경상북도 경주시 강동면 유금리,378,378,0,위덕삼성타운,39.9912,202110,25,"3,700",5,1999,동해대로 166-11,,-,-
경상북도 경주시 강동면 유금리,378,378,0,위덕삼성타운,39.9912,202110,25,"3,500",4,1999,동해대로 166-11,,-,-
경상북도 경주시 건천읍 건천리,236-3,236,3,청우,62.21,202110,29,"6,800",1,1990,작원3길 14,,-,-
경상북도 경주시 건천읍 건천리,242-10,242,10,해밀튼카운티,83.985,202110,25,"19,000",3,2016,용명공단길 7-6,,-,-
경상북도 경주시 건천읍 천포리,366,366,0,전원타운,49.16,202110,15,"2,200",6,1993,작원3길 81-7,,-,-
경상북도 경주시 건천읍 천포리,1109,1109,0,전원홈그린,39.9625,202110,18,"2,900",5,2000,단석로 1830-6,,-,-
경상북도 경주시 건천읍 천포리,1109,1109,0,전원홈그린,39.9625,202110,19,"4,200",3,2000,단석로 1830-6,,-,-
경상북도 경주시 건천읍 천포리,1109,1109,0,전원홈그린,39.9625,202110,25,"3,400",4,2000,단석로 1830-6,,-,-
경상북도 경주시 구정동,399,399,0,한미하나로타운,59.89,202110,1,"6,100",1,1995,천사1길 26,,-,-
경상북도 경주시 노서동,74,74,0,그랜드파크,122.49,202110,21,"28,000",6,2007,원효로 79,,-,-
경상북도 경주시 도지동,가-41-1,41,1,비룡벨로스텔라,79.937,202110,15,"12,070",6,2014,도지2길 16,,-,-
경상북도 경주시 도지동,1018,1018,0,코아루그랑블,84.9983,202110,6,"18,500",12,2010,능원길 22,,-,-
경상북도 경주시 도지동,1018,1018,0,코아루그랑블,84.9983,202110,7,"20,100",6,2010,능원길 22,,-,-
경상북도 경주시 도지동,1018,1018,0,코아루그랑블,84.9983,202110,12,"17,500",1,2010,능원길 22,,-,-
경상북도 경주시 도지동,1018,1018,0,코아루그랑블,84.9983,202110,14,"18,000",6,2010,능원길 22,,-,-
경상북도 경주시 도지동,1018,1018,0,코아루그랑블,236.074,202110,20,"53,500",13,2010,능원길 22,20211104,-,-
경상북도 경주시 도지동,1018,1018,0,코아루그랑블,236.074,202110,20,"53,500",13,2010,능원길 22,,-,-
경상북도 경주시 도지동,1018,1018,0,코아루그랑블,190.4665,202110,23,"35,500",5,2010,능원길 22,,-,-
경상북도 경주시 도지동,1018,1018,0,코아루그랑블,190.4665,202110,24,"35,000",11,2010,능원길 22,,-,-
경상북도 경주시 도지동,1018,1018,0,코아루그랑블,190.4665,202110,25,"31,000",1,2010,능원길 22,,-,-
경상북도 경주시 도지동,1018,1018,0,코아루그랑블,190.4665,202110,30,"34,500",3,2010,능원길 22,,-,-
경상북도 경주시 동천동,820,820,0,경원은하,70.555,202110,8,"6,000",5,1990,동천로50번길 8,,-,-
경상북도 경주시 동천동,681-1,681,1,경주우방타운,59.99,202110,2,"15,850",4,1997,백률로57번길 22,,-,-
경상북도 경주시 동천동,681-1,681,1,경주우방타운,75.6,202110,15,"17,500",9,1997,백률로57번길 22,,-,-
경상북도 경주시 동천동,937,937,0,동원맨션,84.91,202110,19,"9,100",5,1993,초당길43번길 23,,-,-
경상북도 경주시 동천동,817-5,817,5,보우523동,55.98,202110,28,"4,200",5,1989,동천로 51,,-,-
경상북도 경주시 동천동,807-3,807,3,"보우535,536동",58.95,202110,12,"3,900",3,1990,양정로240번길 17-3,,-,-
경상북도 경주시 동천동,944-1,944,1,삼성101동,59.73,202110,13,"12,500",14,1994,초당길55번길 10,,-,-
경상북도 경주시 동천동,702-12,702,12,우주로얄맨션,84.93,202110,23,"14,300",14,1992,대안길35번길 12-1,,-,-
경상북도 경주시 동천동,989,989,0,푸르지오,101.343,202110,13,"38,500",15,2010,백률로 7,,-,-
경상북도 경주시 동천동,989,989,0,푸르지오,125.12,202110,14,"43,500",1,2010,백률로 7,,-,-
경상북도 경주시 마동,1082-6,1082,6,대복,74.52,202110,9,"5,700",5,1993,광산안길 7,,-,-
경상북도 경주시 서부동,19,19,0,경주우방명사마을,145.89,202110,22,"37,500",5,2002,북성로 61,,-,-
경상북도 경주시 성건동,178-70,178,70,경동아파트,116.28,202110,6,"15,200",3,1990,금성로347번길 7-6,,-,-
경상북도 경주시 성건동,411-9,411,9,보우205동,66.6,202110,29,"14,000",3,1984,동성로 7,,-,-
경상북도 경주시 안강읍 근계리,May-92,92,5,대흥강변,84.84,202110,15,"3,000",4,1991,칠평남길 25,,-,-
경상북도 경주시 안강읍 산대리,Jan-85,2085,1,봉림주택,59.94,202110,27,"2,500",1,1992,화전길 123-4,,-,-
경상북도 경주시 안강읍 산대리,2086-20,2086,20,신우,59.54,202110,1,"2,800",1,1989,화전길 121,,-,-
경상북도 경주시 안강읍 산대리,Feb-93,2393,2,안강삼도타운,59.94,202110,4,"6,300",10,1994,구부랑4길 24-1,,-,-
경상북도 경주시 안강읍 산대리,2378,2378,0,안강에덴타운,40,202110,4,"3,600",1,1996,구부랑두림길 56,,-,-
경상북도 경주시 안강읍 산대리,2378,2378,0,안강에덴타운,40,202110,8,"2,600",3,1996,구부랑두림길 56,,-,-
경상북도 경주시 안강읍 산대리,2378,2378,0,안강에덴타운,40,202110,8,"3,500",1,1996,구부랑두림길 56,,-,-
경상북도 경주시 안강읍 산대리,2378,2378,0,안강에덴타운,40,202110,11,"3,650",1,1996,구부랑두림길 56,,-,-
경상북도 경주시 안강읍 산대리,2378,2378,0,안강에덴타운,40,202110,13,"2,800",3,1996,구부랑두림길 56,,-,-
경상북도 경주시 안강읍 산대리,2378,2378,0,안강에덴타운,40,202110,14,"3,500",1,1996,구부랑두림길 56,,-,-
경상북도 경주시 안강읍 산대리,2378,2378,0,안강에덴타운,40,202110,23,"3,200",2,1996,구부랑두림길 56,,-,-
경상북도 경주시 안강읍 산대리,2380,2380,0,안강우방타운1차,59.985,202110,1,"6,000",14,1993,구부랑길 73,,-,-
경상북도 경주시 안강읍 산대리,2380,2380,0,안강우방타운1차,84.995,202110,1,"9,000",4,1993,구부랑길 73,,-,-
경상북도 경주시 안강읍 산대리,2380,2380,0,안강우방타운1차,84.995,202110,14,"13,000",14,1993,구부랑길 73,,-,-
경상북도 경주시 안강읍 산대리,2380,2380,0,안강우방타운2차,59.985,202110,1,"5,200",5,1993,구부랑길 74,,-,-
경상북도 경주시 안강읍 산대리,2380,2380,0,안강우방타운2차,59.985,202110,22,"7,000",7,1993,구부랑길 74,,-,-
경상북도 경주시 안강읍 산대리,2442,2442,0,안강이안지안스아파트,59.872,202110,1,"17,000",18,2019,화전길 99,,-,-
경상북도 경주시 안강읍 산대리,Jan-80,1980,1,오성그린,59.845,202110,6,"6,200",7,1994,화전중앙길 54-7,,-,-
경상북도 경주시 안강읍 산대리,2028,2028,0,우성한빛2차,56.812,202110,9,"6,000",2,2001,화전길 71-4,,-,-
경상북도 경주시 안강읍 산대리,2028,2028,0,우성한빛2차,56.812,202110,9,"8,300",10,2001,화전길 71-4,,-,-
경상북도 경주시 안강읍 산대리,1897-3,1897,3,초원빌라,67.445,202110,18,"4,400",2,1990,화전남3길 4,,-,-
경상북도 경주시 안강읍 산대리,1346-3,1346,3,한동화성타운,59.97,202110,16,"5,000",2,1998,피일길 86-17,,-,-
경상북도 경주시 안강읍 산대리,1346-3,1346,3,한동화성타운,39.85,202110,22,"2,700",4,1998,피일길 86-17,,-,-
경상북도 경주시 외동읍 구어리,200,200,0,벽산천마,75.3,202110,4,"4,500",6,1993,송계길 4-3,,-,-
경상북도 경주시 외동읍 모화리,산115-2,115,2,부성,74.97,202110,26,"6,300",7,1993,산업로 1762,,-,-
경상북도 경주시 외동읍 모화리,210,210,0,성도대자연,59.84,202110,31,"4,400",13,1995,산업로 1768-16,,-,-
경상북도 경주시 외동읍 입실리,1397,1397,0,경주외동미소지움시티,39.9381,202110,5,"12,500",11,2018,순금1길 7,,-,-
경상북도 경주시 외동읍 입실리,170-2,170,2,영수,37.8,202110,25,"1,900",11,1995,외남로 1773-128,,-,-
경상북도 경주시 외동읍 입실리,1396,1396,0,외동미소지움,59.8931,202110,2,"16,300",15,2018,외남로 1737-15,,-,-
경상북도 경주시 외동읍 입실리,1396,1396,0,외동미소지움,59.8931,202110,8,"14,400",8,2018,외남로 1737-15,,-,-
경상북도 경주시 외동읍 입실리,1396,1396,0,외동미소지움,59.649,202110,11,"13,900",5,2018,외남로 1737-15,,-,-
경상북도 경주시 외동읍 입실리,1396,1396,0,외동미소지움,84.8618,202110,30,"20,500",8,2018,외남로 1737-15,,-,-
경상북도 경주시 용강동,1291,1291,0,계림시영,49.2,202110,2,"7,600",9,1993,승삼2길 8,,-,-
경상북도 경주시 용강동,1291,1291,0,계림시영,49.2,202110,6,"6,800",15,1993,승삼2길 8,,-,-
경상북도 경주시 용강동,1384,1384,0,삼환나우빌,84.95,202110,1,"27,000",8,2010,다불로 49,,-,-
경상북도 경주시 용강동,1384,1384,0,삼환나우빌,128.49,202110,5,"35,000",11,2010,다불로 49,,-,-
경상북도 경주시 용강동,1384,1384,0,삼환나우빌,128.49,202110,6,"33,000",4,2010,다불로 49,,-,-
경상북도 경주시 용강동,1384,1384,0,삼환나우빌,84.95,202110,8,"28,200",2,2010,다불로 49,,-,-
경상북도 경주시 용강동,1384,1384,0,삼환나우빌,84.95,202110,20,"27,500",1,2010,다불로 49,,-,-
경상북도 경주시 용강동,BL-84-1,84,1,용황kcc스위첸,72.947,202110,2,"28,800",4,2013,용황로10길 42,,-,-
경상북도 경주시 용강동,BL-84-1,84,1,용황kcc스위첸,72.947,202110,27,"29,500",7,2013,용황로10길 42,,-,-
경상북도 경주시 용강동,1291-1,1291,1,우주용강타운,65.79,202110,5,"9,800",2,1993,승삼2길 18,,-,-
경상북도 경주시 용강동,1291-1,1291,1,우주용강타운,65.79,202110,5,"10,500",15,1993,승삼2길 18,,-,-
경상북도 경주시 용강동,1291-1,1291,1,우주용강타운,66,202110,6,"9,350",3,1993,승삼2길 18,,-,-
경상북도 경주시 용강동,1291-1,1291,1,우주용강타운,66,202110,8,"11,000",14,1993,승삼2길 18,,-,-
경상북도 경주시 용강동,1291-1,1291,1,우주용강타운,66,202110,20,"9,500",15,1993,승삼2길 18,,-,-
경상북도 경주시 용강동,1291-2,1291,2,장미타워맨션,66,202110,23,"10,800",1,1993,승삼2길 30,,-,-
경상북도 경주시 용강동,1380,1380,0,현진에버빌2차,108.876,202110,2,"32,800",5,2009,광중길 73-6,,-,-
경상북도 경주시 용강동,1380,1380,0,현진에버빌2차,120.811,202110,8,"31,300",3,2009,광중길 73-6,,-,-
경상북도 경주시 용강동,1380,1380,0,현진에버빌2차,84.933,202110,9,"31,800",10,2009,광중길 73-6,,-,-
경상북도 경주시 용강동,1380,1380,0,현진에버빌2차,108.876,202110,21,"33,000",15,2009,광중길 73-6,,-,-
경상북도 경주시 용강동,1611,1611,0,협성휴포레용황,74.2841,202110,1,"37,300",20,2017,용황로7길 8,,-,-
경상북도 경주시 용강동,1611,1611,0,협성휴포레용황,79.1376,202110,2,"39,300",22,2017,용황로7길 8,,-,-
경상북도 경주시 용강동,1611,1611,0,협성휴포레용황,84.9531,202110,4,"41,900",24,2017,용황로7길 8,,-,-
경상북도 경주시 용강동,1611,1611,0,협성휴포레용황,84.8592,202110,5,"43,700",10,2017,용황로7길 8,,-,-
경상북도 경주시 용강동,1611,1611,0,협성휴포레용황,84.9531,202110,5,"41,700",9,2017,용황로7길 8,,-,-
경상북도 경주시 용강동,1611,1611,0,협성휴포레용황,84.9531,202110,7,"42,000",17,2017,용황로7길 8,,-,-
경상북도 경주시 용강동,1611,1611,0,협성휴포레용황,59.988,202110,9,"33,000",13,2017,용황로7길 8,,-,-
경상북도 경주시 용강동,1611,1611,0,협성휴포레용황,74.2841,202110,13,"37,000",17,2017,용황로7길 8,,-,-
경상북도 경주시 용강동,1611,1611,0,협성휴포레용황,59.988,202110,15,"32,500",25,2017,용황로7길 8,,-,-
경상북도 경주시 용강동,1611,1611,0,협성휴포레용황,84.9531,202110,15,"42,900",6,2017,용황로7길 8,,-,-
경상북도 경주시 용강동,1611,1611,0,협성휴포레용황,74.2841,202110,27,"39,500",12,2017,용황로7길 8,,-,-
경상북도 경주시 진현동,1012,1012,0,경주두산위브,45.5697,202110,14,"18,500",9,2017,진현로 23,,-,-
경상북도 경주시 진현동,1012,1012,0,경주두산위브,84.9698,202110,25,"29,000",3,2017,진현로 23,,-,-
경상북도 경주시 천북면 동산리,913,913,0,경주휴엔하임퍼스트,74.9853,202110,29,"23,000",13,2019,동산3길 23-1,,-,-
경상북도 경주시 천북면 모아리,1146-53,1146,53,양지타워빌,59.46,202110,22,"3,000",9,2015,모아동산길 20,,-,-
경상북도 경주시 충효동,3022,3022,0,경주충효신원아침도시,84.8054,202110,11,"23,500",1,2015,충효1길 8,,-,-
경상북도 경주시 충효동,3014,3014,0,대신그린빌라,141.457,202110,22,"10,000",3,1995,충효1길 33,,-,-
경상북도 경주시 충효동,2935,2935,0,대신그린타운,59.85,202110,5,"7,500",3,1996,충효녹지길 134-9,,-,-
경상북도 경주시 충효동,2935,2935,0,대신그린타운,59.85,202110,5,"7,500",3,1996,충효녹지길 134-9,20211022,-,-
경상북도 경주시 충효동,2935,2935,0,대신그린타운,24.34,202110,30,"2,600",8,1996,충효녹지길 134-9,,-,-
경상북도 경주시 충효동,79,79,0,대신유니하우스,21,202110,14,"2,300",5,1997,충효1길 34,,-,-
경상북도 경주시 충효동,2927,2927,0,대우1차,84.954,202110,3,"14,000",15,1996,충효녹지길 142-9,,-,-
경상북도 경주시 충효동,2927,2927,0,대우1차,84.954,202110,5,"13,700",13,1996,충효녹지길 142-9,,-,-
경상북도 경주시 충효동,2927,2927,0,대우1차,59.964,202110,9,"11,800",11,1996,충효녹지길 142-9,,-,-
경상북도 경주시 충효동,2927,2927,0,대우1차,59.964,202110,13,"11,000",3,1996,충효녹지길 142-9,,-,-
경상북도 경주시 충효동,2942,2942,0,대우2차,84.954,202110,1,"13,500",7,1996,충효5길 13,,-,-
경상북도 경주시 충효동,2942,2942,0,대우2차,84.954,202110,5,"13,300",14,1996,충효5길 13,,-,-
경상북도 경주시 충효동,2942,2942,0,대우2차,59.998,202110,16,"11,000",10,1996,충효5길 13,,-,-
경상북도 경주시 충효동,Jun-44,44,6,삼정그린뷰경주본가2단지,84.2023,202110,18,"19,000",4,2004,충효1길 22-10,,-,-
경상북도 경주시 충효동,Jun-44,44,6,삼정그린뷰경주본가2단지,84.2023,202110,29,"18,200",8,2004,충효1길 22-10,,-,-
경상북도 경주시 충효동,BL-53-1,53,1,이안,84.9925,202110,2,"26,800",8,2010,태종로 399,,-,-
경상북도 경주시 충효동,BL-53-1,53,1,이안,84.9844,202110,3,"27,000",10,2010,태종로 399,,-,-
경상북도 경주시 충효동,BL-53-1,53,1,이안,84.99,202110,20,"25,500",6,2010,태종로 399,,-,-
경상북도 경주시 현곡면 금장리,399-2,399,2,삼성강변타운,59.94,202110,16,"13,700",16,1996,금장5길 20-12,,-,-
경상북도 경주시 현곡면 금장리,399-2,399,2,삼성강변타운,84.98,202110,23,"16,300",1,1996,금장5길 20-14,,-,-
경상북도 경주시 현곡면 금장리,347-4,347,4,새한센시빌,83.9902,202110,3,"21,600",10,2006,안현로 68-7,,-,-
경상북도 경주시 현곡면 금장리,347-4,347,4,새한센시빌,83.9902,202110,8,"22,400",9,2006,안현로 68-7,,-,-
경상북도 경주시 현곡면 금장리,407,407,0,성호마루한뷰,84.994,202110,20,"28,000",4,2018,용담로 174,,-,-
경상북도 경주시 현곡면 금장리,439,439,0,세정스위츠리버,84.7324,202110,3,"25,500",4,2007,안현로 43-9,,-,-
경상북도 경주시 현곡면 금장리,439,439,0,세정스위츠리버,129.1931,202110,10,"31,200",14,2007,안현로 43-9,,-,-
경상북도 경주시 현곡면 금장리,369,369,0,신한토탈,84.13,202110,5,"19,600",16,1998,금장5길 34,,-,-
경상북도 경주시 현곡면 금장리,369,369,0,신한토탈,59.212,202110,8,"13,700",9,1998,금장5길 34,,-,-
경상북도 경주시 현곡면 금장리,369,369,0,신한토탈,59.212,202110,21,"13,150",14,1998,금장5길 34,,-,-
경상북도 경주시 현곡면 금장리,369,369,0,신한토탈,84.13,202110,30,"18,000",8,1998,금장5길 34,,-,-
경상북도 경주시 현곡면 금장리,354-67,354,67,신흥아델리움,84.912,202110,3,"16,200",3,2004,안현로 68-12,,-,-
경상북도 경주시 현곡면 금장리,447-1,447,1,우남리버빌,46.915,202110,4,"9,000",4,2001,금장2길 4,,-,-
경상북도 경주시 현곡면 금장리,447-1,447,1,우남리버빌,46.915,202110,7,"9,300",6,2001,금장2길 4,,-,-
경상북도 경주시 현곡면 금장리,447-1,447,1,우남리버빌,46.915,202110,23,"9,800",3,2001,금장2길 4,,-,-
경상북도 경주시 현곡면 금장리,447,447,0,우남시티빌,59.94,202110,14,"13,000",4,2005,용담로 177,,-,-
경상북도 경주시 현곡면 라원리,453-2,453,2,아진하이웰빙,59.9404,202110,25,"7,000",5,2006,안현로 428-4,,-,-
경상북도 경주시 현곡면 하구리,1285,1285,0,경주센트럴푸르지오,84.5924,202110,2,"34,000",21,2019,용담로 548,,-,-
경상북도 경주시 현곡면 하구리,1285,1285,0,경주센트럴푸르지오,84.7943,202110,7,"37,000",7,2019,용담로 548,,-,-
경상북도 경주시 현곡면 하구리,1285,1285,0,경주센트럴푸르지오,84.7016,202110,27,"37,500",9,2019,용담로 548,,-,-
경상북도 경주시 현곡면 하구리,1285,1285,0,경주센트럴푸르지오,84.8725,202110,27,"37,000",17,2019,용담로 548,,-,-
경상북도 경주시 현곡면 하구리,1285,1285,0,경주센트럴푸르지오,84.5924,202110,30,"38,000",8,2019,용담로 548,,-,-
경상북도 경주시 현곡면 하구리,1282,1282,0,경주현곡푸르지오,84.7093,202110,2,"32,900",21,2018,새안현로 23,,-,-
경상북도 경주시 현곡면 하구리,1282,1282,0,경주현곡푸르지오,84.6919,202110,8,"33,000",12,2018,새안현로 23,,-,-
경상북도 경주시 현곡면 하구리,1282,1282,0,경주현곡푸르지오,59.8849,202110,9,"23,650",2,2018,새안현로 23,,-,-
경상북도 경주시 현곡면 하구리,1282,1282,0,경주현곡푸르지오,59.6824,202110,10,"25,000",4,2018,새안현로 23,,-,-
경상북도 경주시 현곡면 하구리,1282,1282,0,경주현곡푸르지오,59.8849,202110,18,"26,000",7,2018,새안현로 23,,-,-
경상북도 경주시 황성동,537-2,537,2,대흥그린파크,53.76,202110,8,"5,500",5,2001,용담로116번길 45,,-,-
경상북도 경주시 황성동,343-5,343,5,동보에이스3차,84.7572,202110,18,"17,400",1,2004,용담로 24-3,,-,-
경상북도 경주시 황성동,511,511,0,럭키황성101동~105동,84.9,202110,26,"17,000",6,1992,황성로 35-6,,-,-
경상북도 경주시 황성동,309-1,309,1,삼보타운3차(106동),73.645,202110,8,"12,800",9,1993,용담로54번길 30-3,,-,-
경상북도 경주시 황성동,643-6,643,6,삼익세라믹,62.73,202110,6,"8,400",11,1992,유림로33번길 10,,-,-
경상북도 경주시 황성동,508-1,508,1,신안그린파크,67.16,202110,1,"11,500",9,1993,용담로92번길 38,,-,-
경상북도 경주시 황성동,513-3,513,3,신흥로얄맨션1차(101동),84.92,202110,7,"14,500",14,1994,용담로92번길 53-8,,-,-
경상북도 경주시 황성동,545,545,0,"신흥로얄맨션2차(102,103동)",84.36,202110,3,"18,800",14,1995,용담로116번길 61-5,,-,-
경상북도 경주시 황성동,545,545,0,"신흥로얄맨션2차(102,103동)",59.94,202110,14,"11,900",8,1995,용담로116번길 61-5,,-,-
경상북도 경주시 황성동,545,545,0,"신흥로얄맨션2차(102,103동)",59.94,202110,26,"11,400",1,1995,용담로116번길 61-5,,-,-
경상북도 경주시 황성동,634-1,634,1,제일타운,59.76,202110,15,"10,800",15,1999,유림로 6-9,,-,-
경상북도 경주시 황성동,634-1,634,1,제일타운,59.76,202110,17,"9,700",11,1999,유림로 6-9,,-,-
경상북도 경주시 황성동,444-2,444,2,진홍빌리지,35.28,202110,25,"4,000",9,1995,용담로92번길 7-9,,-,-
경상북도 경주시 황성동,241-4,241,4,청우3차(301~303동),59.98,202110,9,"15,000",3,1997,황성로69번길 10,,-,-
경상북도 경주시 황성동,241-4,241,4,청우3차(301~303동),59.98,202110,19,"9,000",9,1997,황성로69번길 10,,-,-
경상북도 경주시 황성동,241-4,241,4,청우3차(301~303동),135.36,202110,19,"27,000",13,1997,황성로69번길 13-6,,-,-
경상북도 경주시 황성동,552-2,552,2,청우4차(401동),135.36,202110,18,"23,000",15,1997,황성로69번길 18,,-,-
경상북도 경주시 황성동,1163,1163,0,현진에버빌1차,120.127,202110,2,"36,800",9,2009,광중길 73-16,,-,-
경상북도 경주시 황성동,1163,1163,0,현진에버빌1차,132.411,202110,9,"41,800",9,2009,광중길 73-16,,-,-
경상북도 경주시 황성동,1074-2,1074,2,협성휴포레황성,101.9903,202110,1,"41,500",5,2018,유림로 21,,-,-
경상북도 경주시 황성동,1074-2,1074,2,협성휴포레황성,64.9452,202110,6,"26,000",3,2018,유림로 21,,-,-
경상북도 경주시 황성동,1074-2,1074,2,협성휴포레황성,64.9452,202110,9,"25,950",2,2018,유림로 21,,-,-
경상북도 경주시 황성동,1074-2,1074,2,협성휴포레황성,84.9645,202110,10,"36,500",16,2018,유림로 21,,-,-
경상북도 경주시 황성동,1074-2,1074,2,협성휴포레황성,64.9977,202110,14,"23,000",4,2018,유림로 21,,-,-
경상북도 경주시 황성동,1074-2,1074,2,협성휴포레황성,84.9779,202110,18,"37,000",4,2018,유림로 21,,-,-
경상북도 경주시 황성동,1074-1,1074,1,황성KCC스위첸,84.4943,202110,1,"34,000",15,2018,유림로 23,,-,-
경상북도 경주시 황성동,1074-1,1074,1,황성KCC스위첸,84.4943,202110,14,"34,000",18,2018,유림로 23,,-,-
경상북도 경주시 황성동,1074-1,1074,1,황성KCC스위첸,84.4943,202110,27,"36,000",15,2018,유림로 23,,-,-
경상북도 경주시 황성동,1074-1,1074,1,황성KCC스위첸,84.4943,202110,29,"35,500",8,2018,유림로 23,,-,-
경상북도 경주시 황성동,513-10,513,10,황성나라빌,84.1563,202110,22,"21,500",6,2014,용담로92번길 53-3,,-,-
경상북도 경주시 황성동,295,295,0,황성주공1차,31.98,202110,6,"15,800",2,1986,황성로16번길 39,,-,-
경상북도 경주시 황성동,295,295,0,황성주공1차,47.1,202110,6,"23,500",3,1986,황성로16번길 39,,-,-
경상북도 경주시 황성동,295,295,0,황성주공1차,39.72,202110,11,"19,800",5,1986,황성로16번길 39,,-,-
경상북도 경주시 황성동,295,295,0,황성주공1차,39.72,202110,15,"20,700",5,1986,황성로16번길 39,,-,-
경상북도 경주시 황성동,295,295,0,황성주공1차,47.1,202110,16,"23,850",5,1986,황성로16번길 39,,-,-
경상북도 경주시 황성동,295,295,0,황성주공1차,39.72,202110,18,"21,000",2,1986,황성로16번길 39,,-,-
경상북도 경주시 황성동,893,893,0,황성주공2차,47.31,202110,6,"17,900",5,1991,용담로116번길 15,,-,-
경상북도 경주시 황성동,893,893,0,황성주공2차,39.3,202110,8,"14,950",1,1991,용담로116번길 15,,-,-
경상북도 경주시 황성동,893,893,0,황성주공2차,39.69,202110,9,"14,800",5,1991,용담로116번길 15,,-,-
경상북도 경주시 황성동,893,893,0,황성주공2차,47.31,202110,27,"15,900",1,1991,용담로116번길 15,,-,-
경상북도 경주시 황성동,533,533,0,황성현대1차,71.175,202110,1,"14,800",8,1991,용담로92번길 27,,-,-
경상북도 경주시 황성동,533-2,533,2,황성현대2차,84.945,202110,1,"15,500",1,1992,황성로27번길 24,,-,-
경상북도 경주시 황성동,533-2,533,2,황성현대2차,84.945,202110,7,"16,500",9,1992,황성로27번길 24,,-,-
경상북도 경주시 황성동,533-2,533,2,황성현대2차,84.945,202110,7,"15,900",5,1992,황성로27번길 24,,-,-
경상북도 경주시 황성동,533-2,533,2,황성현대2차,84.945,202110,8,"15,800",6,1992,황성로27번길 24,,-,-
경상북도 경주시 황성동,533-2,533,2,황성현대2차,84.945,202110,8,"15,600",3,1992,황성로27번길 24,,-,-
경상북도 경주시 황성동,277-6,277,6,황성현대5,84.6,202110,8,"23,500",17,1998,황성로 60,,-,-
경상북도 경주시 황성동,277-6,277,6,황성현대5,84.6,202110,16,"22,500",13,1998,황성로 60,,-,-
경상북도 경주시 황성동,277-6,277,6,황성현대5,84.6,202110,17,"22,500",17,1998,황성로 60,,-,-
경상북도 경주시 황성동,277-6,277,6,황성현대5,84.6,202110,18,"23,700",2,1998,황성로 60,,-,-
경상북도 경주시 황성동,277-6,277,6,황성현대5,84.6,202110,23,"23,700",11,1998,황성로 60,,-,-
경상북도 경주시 황성동,277-6,277,6,황성현대5,84.6,202110,27,"23,700",6,1998,황성로 60,,-,-
경상북도 고령군 다산면 상곡리,150-1,150,1,2차금류강남타운,59.98,202110,3,"10,000",11,1997,상곡3길 28,,-,-
경상북도 고령군 다산면 상곡리,150-1,150,1,2차금류강남타운,59.98,202110,7,"11,000",5,1997,상곡3길 28,,-,-
경상북도 고령군 다산면 상곡리,150-1,150,1,2차금류강남타운,59.98,202110,13,"10,000",14,1997,상곡3길 28,,-,-
경상북도 고령군 다산면 상곡리,358,358,0,금류강남타운,26.94,202110,5,"4,450",14,1996,상곡1길 15,,-,-
경상북도 고령군 다산면 상곡리,358,358,0,금류강남타운,59.85,202110,7,"10,000",15,1996,상곡1길 15,,-,-
경상북도 고령군 다산면 상곡리,358,358,0,금류강남타운,59.85,202110,11,"9,200",20,1996,상곡1길 15,,-,-
경상북도 고령군 다산면 상곡리,358,358,0,금류강남타운,84.99,202110,15,"15,800",6,1996,상곡1길 15,,-,-
경상북도 고령군 다산면 상곡리,358,358,0,금류강남타운,84.99,202110,16,"16,700",5,1996,상곡1길 15,,-,-
경상북도 고령군 다산면 상곡리,358,358,0,금류강남타운,84.99,202110,16,"18,700",17,1996,상곡1길 15,,-,-
경상북도 고령군 다산면 상곡리,358,358,0,금류강남타운,59.85,202110,21,"9,750",4,1996,상곡1길 15,,-,-
경상북도 고령군 다산면 상곡리,358,358,0,금류강남타운,59.85,202110,26,"9,300",15,1996,상곡1길 15,,-,-
경상북도 고령군 다산면 평리리,236-7,236,7,허브리치(103동),81.1612,202110,8,"23,000",5,2015,다산로 703,,-,-
경상북도 고령군 대가야읍 고아리,107-4,107,4,고령국민주택,45.45,202110,20,"4,500",5,1986,고헌1길 14,,-,-
경상북도 고령군 대가야읍 연조리,486-1,486,1,가야,40,202110,30,"4,600",5,1983,연조2길 23,,-,-
경상북도 고령군 대가야읍 헌문리,331-2,331,2,대가야스카이뷰201,73.7405,202110,7,"23,800",13,2021,대가야로 1340-1,,-,-
경상북도 고령군 대가야읍 헌문리,331-2,331,2,대가야스카이뷰201,73.7405,202110,22,"23,800",15,2021,대가야로 1340-1,,-,-
경상북도 구미시 거의동,617,617,0,신나리1차,59.9696,202110,3,"15,200",8,2002,산호대로21길 6,,-,-
경상북도 구미시 거의동,617,617,0,신나리1차,26.6394,202110,19,"4,650",1,2002,산호대로21길 6,,-,-
경상북도 구미시 고아읍 괴평리,377,377,0,무지개,75.53,202110,5,"5,800",8,1995,송평구길 62,,-,-
경상북도 구미시 고아읍 문성리,1324-1,1324,1,구미문성태왕아너스,59.62,202110,9,"16,700",6,2015,들성로13길 6-17,,-,-
경상북도 구미시 고아읍 문성리,814-1,814,1,금오골든타워,59.52,202110,1,"3,300",7,1996,지산25길 8,,-,-
경상북도 구미시 고아읍 문성리,1098,1098,0,문성경남아너스빌,122.1764,202110,10,"40,500",13,2009,들성로7길 21,,-,-
경상북도 구미시 고아읍 문성리,1098,1098,0,문성경남아너스빌,84.889,202110,12,"27,000",14,2009,들성로7길 21,,-,-
경상북도 구미시 고아읍 문성리,1796,1796,0,문성서희스타힐스,59.97,202110,8,"23,000",25,2018,문성로 30,,-,-
경상북도 구미시 고아읍 문성리,1796,1796,0,문성서희스타힐스,84.98,202110,9,"33,600",18,2018,문성로 30,,-,-
경상북도 구미시 고아읍 문성리,1796,1796,0,문성서희스타힐스,84.98,202110,14,"36,000",18,2018,문성로 30,,-,-
경상북도 구미시 고아읍 문성리,1796,1796,0,문성서희스타힐스,84.98,202110,14,"34,800",3,2018,문성로 30,,-,-
경상북도 구미시 고아읍 문성리,1796,1796,0,문성서희스타힐스,59.97,202110,16,"22,000",3,2018,문성로 30,,-,-
경상북도 구미시 고아읍 문성리,1796,1796,0,문성서희스타힐스,74.2,202110,16,"31,000",19,2018,문성로 30,,-,-
경상북도 구미시 고아읍 문성리,1796,1796,0,문성서희스타힐스,84.98,202110,18,"35,800",20,2018,문성로 30,,-,-
경상북도 구미시 고아읍 문성리,1796,1796,0,문성서희스타힐스,59.97,202110,22,"24,500",16,2018,문성로 30,,-,-
경상북도 구미시 고아읍 문성리,1795,1795,0,문성파크자이,84.8892,202110,7,"36,500",2,2017,문성로 20,,-,-
경상북도 구미시 고아읍 문성리,1795,1795,0,문성파크자이,74.9592,202110,30,"32,800",4,2017,문성로 20,,-,-
경상북도 구미시 고아읍 문성리,1190,1190,0,미도힐스,59.9136,202110,4,"12,700",10,2015,들성로9길 22,,-,-
경상북도 구미시 고아읍 봉한리,911-101,911,101,금류타운,84.99,202110,4,"6,800",1,1992,봉한4길 17,,-,-
경상북도 구미시 고아읍 봉한리,911-114,911,114,삼우힐타운,84.15,202110,6,"6,600",20,1994,선산대로 610,,-,-
경상북도 구미시 고아읍 봉한리,911-114,911,114,삼우힐타운,59.88,202110,20,"3,850",20,1994,선산대로 610,,-,-
경상북도 구미시 고아읍 오로리,460-1,460,1,에덴,60,202110,4,"4,400",8,1999,선산대로 1220,,-,-
경상북도 구미시 고아읍 오로리,460-1,460,1,에덴,60,202110,18,"4,200",13,1999,선산대로 1220,,-,-
경상북도 구미시 고아읍 원호리,533,533,0,구미고아세영리첼레이크뷰,65.2734,202110,11,"27,800",16,2016,들성로 171-21,,-,-
경상북도 구미시 고아읍 원호리,533,533,0,구미고아세영리첼레이크뷰,71.0964,202110,22,"29,500",11,2016,들성로 171-21,,-,-
경상북도 구미시 고아읍 원호리,533,533,0,구미고아세영리첼레이크뷰,65.2734,202110,26,"29,500",24,2016,들성로 171-21,,-,-
경상북도 구미시 고아읍 원호리,199-1,199,1,구미원호푸르지오,84.814,202110,22,"29,300",4,2010,들성로 121,,-,-
경상북도 구미시 고아읍 원호리,199-1,199,1,구미원호푸르지오,116.67,202110,29,"30,000",7,2010,들성로 121,,-,-
경상북도 구미시 고아읍 원호리,449,449,0,원호대우,99.95,202110,2,"20,000",9,1997,문장로26길 11,,-,-
경상북도 구미시 고아읍 원호리,449,449,0,원호대우,89.55,202110,11,"18,300",11,1997,문장로26길 11,,-,-
경상북도 구미시 고아읍 원호리,449,449,0,원호대우,89.55,202110,21,"17,500",1,1997,문장로26길 11,,-,-
경상북도 구미시 고아읍 원호리,449,449,0,원호대우,99.95,202110,22,"18,500",3,1997,문장로26길 11,,-,-
경상북도 구미시 고아읍 원호리,455,455,0,원호점보타운,59.76,202110,9,"9,200",5,1997,문장로22길 20,,-,-
경상북도 구미시 고아읍 원호리,455,455,0,원호점보타운,59.76,202110,13,"8,600",8,1997,문장로22길 20,,-,-
경상북도 구미시 고아읍 원호리,447,447,0,원호한누리타운,84.87,202110,9,"15,200",13,1997,문장로22길 33,,-,-
경상북도 구미시 고아읍 원호리,447,447,0,원호한누리타운,84.87,202110,13,"15,000",9,1997,문장로22길 33,,-,-
경상북도 구미시 고아읍 원호리,447,447,0,원호한누리타운,84.87,202110,21,"16,700",2,1997,문장로22길 33,,-,-
경상북도 구미시 고아읍 원호리,447,447,0,원호한누리타운,80.75,202110,25,"12,000",3,1997,문장로22길 33,,-,-
경상북도 구미시 고아읍 원호리,454,454,0,원호한누리타운2,59.82,202110,2,"9,700",8,1997,문장로22길 40,,-,-
경상북도 구미시 고아읍 원호리,454,454,0,원호한누리타운2,59.96,202110,9,"8,000",2,1997,문장로22길 40,,-,-
경상북도 구미시 고아읍 원호리,454,454,0,원호한누리타운2,59.96,202110,26,"8,000",15,1997,문장로22길 40,,-,-
경상북도 구미시 고아읍 원호리,454,454,0,원호한누리타운2,59.82,202110,28,"8,000",5,1997,문장로22길 40,,-,-
경상북도 구미시 고아읍 이례리,318-1,318,1,럭키,64.5,202110,2,"3,950",10,1991,선산대로 955,,-,-
경상북도 구미시 고아읍 이례리,318-1,318,1,럭키,84.72,202110,10,"4,300",10,1991,선산대로 955,,-,-
경상북도 구미시 고아읍 항곡리,368,368,0,초원맨션,59.88,202110,9,"3,400",10,1994,항곡7길 16-2,,-,-
경상북도 구미시 공단동,601,601,0,e편한세상구미파크밸리,84.997,202110,9,"33,000",3,2017,신비로7길 10,,-,-
경상북도 구미시 공단동,601,601,0,e편한세상구미파크밸리,84.997,202110,9,"35,000",10,2017,신비로7길 10,,-,-
경상북도 구미시 공단동,601,601,0,e편한세상구미파크밸리,59.996,202110,13,"26,200",20,2017,신비로7길 10,,-,-
경상북도 구미시 공단동,601,601,0,e편한세상구미파크밸리,84.997,202110,16,"33,300",11,2017,신비로7길 10,,-,-
경상북도 구미시 공단동,761,761,0,강변뉴타운효성해링턴플레이스,84.8932,202110,4,"35,000",11,2019,신비로 100,,-,-
경상북도 구미시 공단동,761,761,0,강변뉴타운효성해링턴플레이스,84.9502,202110,6,"33,500",5,2019,신비로 100,,-,-
경상북도 구미시 공단동,761,761,0,강변뉴타운효성해링턴플레이스,84.8932,202110,12,"35,000",14,2019,신비로 100,,-,-
경상북도 구미시 공단동,761,761,0,강변뉴타운효성해링턴플레이스,59.9073,202110,14,"24,000",16,2019,신비로 100,,-,-
경상북도 구미시 공단동,761,761,0,강변뉴타운효성해링턴플레이스,84.815,202110,16,"36,000",15,2019,신비로 100,,-,-
경상북도 구미시 공단동,761,761,0,강변뉴타운효성해링턴플레이스,74.6423,202110,19,"31,000",18,2019,신비로 100,,-,-
경상북도 구미시 공단동,759,759,0,강변파라디아,59.984,202110,3,"22,500",18,2017,수출대로3길 118,,-,-
경상북도 구미시 공단동,759,759,0,강변파라디아,84.9392,202110,11,"32,700",16,2017,수출대로3길 118,,-,-
경상북도 구미시 공단동,759,759,0,강변파라디아,84.9392,202110,22,"33,000",12,2017,수출대로3길 118,,-,-
경상북도 구미시 공단동,256,256,0,공단3주공,68.87,202110,18,"6,900",3,1984,1공단로9길 44,,-,-
경상북도 구미시 공단동,256,256,0,공단3주공,77.82,202110,26,"8,000",5,1984,1공단로9길 44,,-,-
경상북도 구미시 공단동,109-1,109,1,삼성사원(109-1),46.26,202110,15,"8,400",5,1980,수출대로3길 119,,-,-
경상북도 구미시 공단동,109-1,109,1,삼성사원(109-1),46.26,202110,15,"8,400",3,1980,수출대로3길 119,,-,-
경상북도 구미시 공단동,109-1,109,1,삼성사원(109-1),57.99,202110,21,"12,000",2,1980,수출대로3길 119,,-,-
경상북도 구미시 공단동,758,758,0,우림필유,84.8287,202110,4,"25,500",14,2012,수출대로3길 130,,-,-
경상북도 구미시 공단동,758,758,0,우림필유,84.8287,202110,9,"27,500",15,2012,수출대로3길 130,,-,-
경상북도 구미시 공단동,758,758,0,우림필유,84.8287,202110,9,"27,500",15,2012,수출대로3길 130,20211023,-,-
경상북도 구미시 공단동,758,758,0,우림필유,84.8287,202110,19,"24,900",8,2012,수출대로3길 130,,-,-
경상북도 구미시 공단동,758,758,0,우림필유,84.8287,202110,30,"26,300",8,2012,수출대로3길 130,,-,-
경상북도 구미시 공단동,2,2,0,우석,47.265,202110,23,"4,800",5,1986,신비로 36,,-,-
경상북도 구미시 공단동,251,251,0,파라디아,84.8872,202110,2,"20,000",13,2011,1공단로9길 30-12,,-,-
경상북도 구미시 공단동,251,251,0,파라디아,84.9057,202110,2,"20,000",17,2011,1공단로9길 30-12,,-,-
경상북도 구미시 공단동,251,251,0,파라디아,71.4675,202110,4,"17,700",12,2011,1공단로9길 30-12,,-,-
경상북도 구미시 공단동,251,251,0,파라디아,71.4675,202110,4,"17,500",7,2011,1공단로9길 30-12,,-,-
경상북도 구미시 공단동,251,251,0,파라디아,56.7615,202110,15,"12,850",9,2011,1공단로9길 30-12,,-,-
경상북도 구미시 공단동,251,251,0,파라디아,84.9057,202110,16,"20,000",19,2011,1공단로9길 30-12,,-,-
경상북도 구미시 공단동,251,251,0,파라디아,84.9057,202110,16,"20,000",7,2011,1공단로9길 30-12,,-,-
경상북도 구미시 공단동,251,251,0,파라디아,84.9057,202110,21,"19,200",19,2011,1공단로9길 30-12,,-,-
경상북도 구미시 공단동,114-4,114,4,행복,49.55,202110,13,"5,700",1,1993,수출대로3길 68-27,,-,-
경상북도 구미시 공단동,114-4,114,4,행복,49.55,202110,15,"4,200",14,1993,수출대로3길 68-27,,-,-
경상북도 구미시 공단동,114-4,114,4,행복,49.46,202110,15,"3,650",6,1993,수출대로3길 68-27,,-,-
경상북도 구미시 광평동,792-15,792,15,광평푸르지오1차,134.968,202110,2,"26,700",6,2009,구미대로 186-20,,-,-
경상북도 구미시 광평동,792-15,792,15,광평푸르지오1차,134.968,202110,3,"26,700",12,2009,구미대로 186-20,,-,-
경상북도 구미시 광평동,792-15,792,15,광평푸르지오1차,82.885,202110,4,"18,500",17,2009,구미대로 186-20,,-,-
경상북도 구미시 광평동,792-15,792,15,광평푸르지오1차,134.968,202110,7,"26,000",10,2009,구미대로 186-20,,-,-
경상북도 구미시 광평동,792-15,792,15,광평푸르지오1차,134.968,202110,14,"25,000",4,2009,구미대로 186-20,,-,-
경상북도 구미시 광평동,792-15,792,15,광평푸르지오1차,115.723,202110,25,"23,000",2,2009,구미대로 186-20,,-,-
경상북도 구미시 광평동,792-7,792,7,광평푸르지오2차,84.993,202110,8,"17,900",10,2009,구미대로 186-19,,-,-
경상북도 구미시 광평동,792-7,792,7,광평푸르지오2차,84.987,202110,20,"19,000",3,2009,구미대로 186-19,,-,-
경상북도 구미시 광평동,792-7,792,7,광평푸르지오2차,84.987,202110,30,"17,400",7,2009,구미대로 186-19,,-,-
경상북도 구미시 구평동,476,476,0,구미구평푸르지오,59.9317,202110,2,"16,700",9,2003,인동36길 31,,-,-
경상북도 구미시 구평동,476,476,0,구미구평푸르지오,59.9317,202110,2,"17,200",12,2003,인동36길 31,,-,-
경상북도 구미시 구평동,476,476,0,구미구평푸르지오,59.9317,202110,4,"15,500",2,2003,인동36길 31,,-,-
경상북도 구미시 구평동,476,476,0,구미구평푸르지오,59.9317,202110,6,"15,400",1,2003,인동36길 31,,-,-
경상북도 구미시 구평동,476,476,0,구미구평푸르지오,59.9317,202110,9,"16,900",11,2003,인동36길 31,,-,-
경상북도 구미시 구평동,476,476,0,구미구평푸르지오,84.9033,202110,19,"21,500",2,2003,인동36길 31,,-,-
경상북도 구미시 구평동,941,941,0,구평동영무예다음2차,59.2081,202110,3,"17,400",18,2013,인동가산로 337-7,,-,-
경상북도 구미시 구평동,941,941,0,구평동영무예다음2차,59.2081,202110,7,"16,700",2,2013,인동가산로 337-7,,-,-
경상북도 구미시 구평동,941,941,0,구평동영무예다음2차,59.2081,202110,13,"17,000",3,2013,인동가산로 337-7,,-,-
경상북도 구미시 구평동,941,941,0,구평동영무예다음2차,59.2081,202110,22,"17,500",14,2013,인동가산로 337-7,,-,-
경상북도 구미시 구평동,941,941,0,구평동영무예다음2차,59.2081,202110,27,"17,500",5,2013,인동가산로 337-7,,-,-
경상북도 구미시 구평동,430,430,0,부영1,45.8895,202110,7,"7,500",5,2001,인동45길 7,,-,-
경상북도 구미시 구평동,430,430,0,부영1,45.8895,202110,11,"7,500",4,2001,인동45길 7,,-,-
경상북도 구미시 구평동,430,430,0,부영1,45.8895,202110,12,"6,900",4,2001,인동45길 7,,-,-
경상북도 구미시 구평동,430,430,0,부영1,45.8895,202110,14,"8,500",6,2001,인동45길 7,,-,-
경상북도 구미시 구평동,430,430,0,부영1,45.8895,202110,20,"7,400",6,2001,인동45길 7,,-,-
경상북도 구미시 구평동,430,430,0,부영1,45.8895,202110,23,"7,450",6,2001,인동45길 7,,-,-
경상북도 구미시 구평동,430,430,0,부영1,45.8895,202110,25,"7,000",15,2001,인동45길 7,,-,-
경상북도 구미시 구평동,430,430,0,부영1,45.8895,202110,27,"6,400",15,2001,인동45길 7,,-,-
경상북도 구미시 구평동,430,430,0,부영1,45.8895,202110,29,"6,950",12,2001,인동45길 7,,-,-
경상북도 구미시 구평동,430,430,0,부영1,45.8895,202110,29,"7,100",9,2001,인동45길 7,,-,-
경상북도 구미시 구평동,429,429,0,부영2,80.9537,202110,1,"16,000",2,2001,인동43길 22-42,,-,-
경상북도 구미시 구평동,429,429,0,부영2,80.9537,202110,16,"15,500",1,2001,인동43길 22-42,,-,-
경상북도 구미시 구평동,453,453,0,부영3,80.9537,202110,4,"19,300",4,2002,인동36길 23-31,,-,-
경상북도 구미시 구평동,453,453,0,부영3,80.9537,202110,16,"16,500",5,2002,인동36길 23-31,,-,-
경상북도 구미시 구평동,453,453,0,부영3,80.9537,202110,18,"18,500",1,2002,인동36길 23-31,,-,-
경상북도 구미시 구평동,453,453,0,부영3,80.9537,202110,19,"18,000",15,2002,인동36길 23-31,,-,-
경상북도 구미시 구평동,453,453,0,부영3,80.9537,202110,23,"18,300",4,2002,인동36길 23-31,,-,-
경상북도 구미시 구평동,454,454,0,부영5,45.8895,202110,12,"9,400",10,2001,인동가산로 250-9,,-,-
경상북도 구미시 구평동,454,454,0,부영5,45.8895,202110,12,"8,300",3,2001,인동가산로 250-9,,-,-
경상북도 구미시 구평동,454,454,0,부영5,45.8895,202110,14,"7,800",15,2001,인동가산로 250-9,,-,-
경상북도 구미시 구평동,454,454,0,부영5,45.8895,202110,14,"9,650",12,2001,인동가산로 250-9,,-,-
경상북도 구미시 구평동,454,454,0,부영5,45.8895,202110,18,"8,800",5,2001,인동가산로 250-9,,-,-
경상북도 구미시 구평동,454,454,0,부영5,45.8895,202110,19,"10,100",10,2001,인동가산로 250-9,,-,-
경상북도 구미시 구평동,454,454,0,부영5,45.8895,202110,22,"9,500",3,2001,인동가산로 250-9,,-,-
경상북도 구미시 구평동,455,455,0,부영6,81.1718,202110,8,"17,200",10,2002,인동46길 6,,-,-
경상북도 구미시 구평동,455,455,0,부영6,81.1718,202110,8,"18,400",1,2002,인동46길 6,,-,-
경상북도 구미시 구평동,475,475,0,부영7,59.987,202110,1,"14,800",15,2004,인동36길 23-34,,-,-
경상북도 구미시 구평동,475,475,0,부영7,59.987,202110,2,"12,500",5,2004,인동36길 23-34,,-,-
경상북도 구미시 구평동,475,475,0,부영7,59.987,202110,2,"14,500",7,2004,인동36길 23-34,,-,-
경상북도 구미시 구평동,475,475,0,부영7,59.987,202110,4,"14,400",13,2004,인동36길 23-34,,-,-
경상북도 구미시 구평동,475,475,0,부영7,81.1718,202110,5,"18,200",1,2004,인동36길 23-34,,-,-
경상북도 구미시 구평동,475,475,0,부영7,59.987,202110,5,"14,500",14,2004,인동36길 23-34,,-,-
경상북도 구미시 구평동,475,475,0,부영7,59.987,202110,6,"13,800",15,2004,인동36길 23-34,,-,-
경상북도 구미시 구평동,475,475,0,부영7,59.987,202110,7,"13,000",3,2004,인동36길 23-34,,-,-
경상북도 구미시 구평동,475,475,0,부영7,59.987,202110,9,"13,500",5,2004,인동36길 23-34,,-,-
경상북도 구미시 구평동,475,475,0,부영7,59.987,202110,9,"14,400",9,2004,인동36길 23-34,,-,-
경상북도 구미시 구평동,475,475,0,부영7,59.987,202110,15,"15,400",4,2004,인동36길 23-34,,-,-
경상북도 구미시 구평동,474-4,474,4,부영8,59.987,202110,13,"12,600",7,2003,인동46길 28,,-,-
경상북도 구미시 구평동,474-4,474,4,부영8,59.987,202110,21,"12,300",2,2003,인동46길 28,,-,-
경상북도 구미시 구평동,474-4,474,4,부영8,59.987,202110,28,"13,000",9,2003,인동46길 28,,-,-
경상북도 구미시 구포동,536-2,536,2,구포전원타운,50.58,202110,23,"6,000",1,1991,옥계2공단로 282,,-,-
경상북도 구미시 구포동,528,528,0,성원,59.982,202110,5,"8,000",2,1998,옥계2공단로 264-11,,-,-
경상북도 구미시 구포동,528,528,0,성원,59.982,202110,12,"7,900",10,1998,옥계2공단로 264-11,,-,-
경상북도 구미시 구포동,528,528,0,성원,59.982,202110,13,"7,350",12,1998,옥계2공단로 264-11,,-,-
경상북도 구미시 구포동,528,528,0,성원,59.982,202110,14,"8,400",11,1998,옥계2공단로 264-11,,-,-
경상북도 구미시 구포동,528,528,0,성원,59.982,202110,16,"8,050",16,1998,옥계2공단로 264-11,,-,-
경상북도 구미시 구포동,528,528,0,성원,59.982,202110,26,"8,950",14,1998,옥계2공단로 264-11,,-,-
경상북도 구미시 남통동,417,417,0,금오산금호어울림1단지,84.9951,202110,14,"25,800",11,2010,선기로3길 51,,-,-
경상북도 구미시 남통동,417,417,0,금오산금호어울림1단지,96.2288,202110,15,"29,000",11,2010,선기로3길 51,,-,-
경상북도 구미시 남통동,417,417,0,금오산금호어울림1단지,96.2288,202110,30,"27,200",2,2010,선기로3길 51,,-,-
경상북도 구미시 남통동,417,417,0,금오산금호어울림1단지,84.9951,202110,31,"25,400",6,2010,선기로3길 51,,-,-
경상북도 구미시 남통동,04월 05일,4,5,금오청구타운,84.95,202110,1,"18,000",8,1997,원남로 12-13,,-,-
경상북도 구미시 남통동,04월 05일,4,5,금오청구타운,59.97,202110,6,"12,300",4,1997,원남로 12-13,,-,-
경상북도 구미시 남통동,415,415,0,남통e-편한세상,84.6174,202110,4,"28,300",17,2009,선기로 77,,-,-
경상북도 구미시 남통동,415,415,0,남통e-편한세상,110.73,202110,8,"36,000",11,2009,선기로 77,,-,-
경상북도 구미시 남통동,415,415,0,남통e-편한세상,160.2805,202110,8,"46,400",15,2009,선기로 77,,-,-
경상북도 구미시 남통동,415,415,0,남통e-편한세상,125.7825,202110,13,"35,200",10,2009,선기로 77,,-,-
경상북도 구미시 남통동,415,415,0,남통e-편한세상,84.6174,202110,15,"27,500",13,2009,선기로 77,,-,-
경상북도 구미시 남통동,415,415,0,남통e-편한세상,84.6174,202110,17,"30,000",17,2009,선기로 77,,-,-
경상북도 구미시 남통동,415,415,0,남통e-편한세상,125.7825,202110,23,"36,000",3,2009,선기로 77,,-,-
경상북도 구미시 남통동,415,415,0,남통e-편한세상,84.6174,202110,24,"27,800",11,2009,선기로 77,,-,-
경상북도 구미시 남통동,415,415,0,남통e-편한세상,84.6174,202110,27,"25,400",10,2009,선기로 77,,-,-
경상북도 구미시 남통동,415,415,0,남통e-편한세상,84.6174,202110,27,"26,600",15,2009,선기로 77,,-,-
경상북도 구미시 남통동,01월 20일,20,1,두산그린맨션(20-1),59.87,202110,12,"6,050",1,1994,선기로1길 21,,-,-
경상북도 구미시 남통동,01월 20일,20,1,두산그린맨션(20-1),59.87,202110,19,"8,000",10,1994,선기로1길 21,,-,-
경상북도 구미시 남통동,01월 20일,20,1,두산그린맨션(20-1),59.87,202110,23,"8,700",17,1994,선기로1길 21,,-,-
경상북도 구미시 도량동,222,222,0,구미도량뜨란채5단지,84.76,202110,5,"24,570",15,2006,도봉로 67,,-,-
경상북도 구미시 도량동,222,222,0,구미도량뜨란채5단지,75.17,202110,23,"18,500",13,2006,도봉로 67,,-,-
경상북도 구미시 도량동,670,670,0,귀빈맨션,70.44,202110,12,"9,000",6,1993,문장로 125,,-,-
경상북도 구미시 도량동,670,670,0,귀빈맨션,70.44,202110,12,"8,200",5,1993,문장로 125,,-,-
경상북도 구미시 도량동,114,114,0,도량4주공아파트,59.81,202110,1,"8,400",1,1995,송동로 128,,-,-
경상북도 구미시 도량동,114,114,0,도량4주공아파트,59.81,202110,21,"8,700",14,1995,송동로 128,,-,-
경상북도 구미시 도량동,114,114,0,도량4주공아파트,59.81,202110,28,"7,400",14,1995,송동로 128,,-,-
경상북도 구미시 도량동,868,868,0,도량롯데캐슬골드파크,59.9464,202110,2,"30,000",3,2019,문장로 111,,-,-
경상북도 구미시 도량동,77,77,0,도량파크맨션,88.73,202110,14,"16,500",3,1994,송동로 154,,-,-
경상북도 구미시 도량동,77,77,0,도량파크맨션,134.985,202110,16,"18,700",11,1994,송동로 154,,-,-
경상북도 구미시 도량동,77,77,0,도량파크맨션,134.985,202110,19,"19,000",7,1994,송동로 154,,-,-
경상북도 구미시 도량동,77,77,0,도량파크맨션,134.985,202110,28,"19,000",8,1994,송동로 154,,-,-
경상북도 구미시 도량동,626,626,0,도량화진,69.49,202110,15,"4,700",5,1989,문장로10안길 6-18,,-,-
경상북도 구미시 도량동,659,659,0,두산맨션,59.48,202110,4,"5,800",10,1995,문장로 121-14,,-,-
경상북도 구미시 도량동,659,659,0,두산맨션,59.48,202110,13,"6,600",4,1995,문장로 121-14,,-,-
경상북도 구미시 도량동,558-20,558,20,럭키원앙,49.93,202110,9,"5,700",9,1993,문장로3길 18-4,,-,-
경상북도 구미시 도량동,750,750,0,럭키전원맨션,84.72,202110,6,"7,600",12,1991,문장로14길 22,,-,-
경상북도 구미시 도량동,750,750,0,럭키전원맨션,70.26,202110,31,"7,700",11,1991,문장로14길 22,,-,-
경상북도 구미시 도량동,759,759,0,미광전원맨션,84.99,202110,7,"7,100",13,1991,문장로14길 46,,-,-
경상북도 구미시 도량동,88,88,0,주공3,37.67,202110,6,"4,185",8,1993,송동로 147,,-,-
경상북도 구미시 도량동,88,88,0,주공3,58.14,202110,15,"8,000",12,1993,송동로 147,,-,-
경상북도 구미시 도량동,88,88,0,주공3,41.85,202110,16,"4,500",13,1993,송동로 147,,-,-
경상북도 구미시 도량동,88,88,0,주공3,51.66,202110,22,"6,900",8,1993,송동로 147,,-,-
경상북도 구미시 도량동,88,88,0,주공3,41.85,202110,24,"4,000",12,1993,송동로 147,,-,-
경상북도 구미시 도량동,88,88,0,주공3,41.85,202110,26,"4,100",10,1993,송동로 147,,-,-
경상북도 구미시 도량동,88,88,0,주공3,51.66,202110,29,"6,450",4,1993,송동로 147,,-,-
경상북도 구미시 도량동,88,88,0,주공3,41.85,202110,30,"4,100",7,1993,송동로 147,,-,-
경상북도 구미시 도량동,88,88,0,주공3,51.66,202110,30,"6,900",12,1993,송동로 147,,-,-
경상북도 구미시 도량동,220,220,0,주공그린빌2,84.84,202110,11,"22,000",8,2003,도봉로5길 21,,-,-
경상북도 구미시 도량동,220,220,0,주공그린빌2,84.84,202110,19,"20,000",4,2003,도봉로5길 21,,-,-
경상북도 구미시 도량동,112,112,0,한빛타운,46.8,202110,1,"4,500",14,1995,송동로 105,,-,-
경상북도 구미시 도량동,112,112,0,한빛타운,46.8,202110,9,"5,200",8,1995,송동로 105,,-,-
경상북도 구미시 도량동,112,112,0,한빛타운,46.8,202110,11,"5,700",9,1995,송동로 105,,-,-
경상북도 구미시 도량동,112,112,0,한빛타운,46.8,202110,20,"5,700",9,1995,송동로 105,,-,-
경상북도 구미시 도량동,112,112,0,한빛타운,46.8,202110,23,"5,800",13,1995,송동로 105,,-,-
경상북도 구미시 도량동,224,224,0,휴먼시아4단지,75.95,202110,7,"20,600",4,2007,도봉로 62,,-,-
경상북도 구미시 도량동,224,224,0,휴먼시아4단지,75.95,202110,14,"21,600",9,2007,도봉로 62,,-,-
경상북도 구미시 도량동,224,224,0,휴먼시아4단지,84.95,202110,21,"21,500",3,2007,도봉로 62,,-,-
경상북도 구미시 봉곡동,764,764,0,e편한세상봉곡,84.988,202110,9,"38,500",17,2016,봉곡로24길 33-11,,-,-
경상북도 구미시 봉곡동,764,764,0,e편한세상봉곡,84.9729,202110,26,"35,900",14,2016,봉곡로24길 33-11,,-,-
경상북도 구미시 봉곡동,5,5,0,구미도량2지구1단지,51.74,202110,9,"13,600",5,2003,도봉로5길 13,,-,-
경상북도 구미시 봉곡동,5,5,0,구미도량2지구1단지,59.79,202110,12,"15,900",8,2003,도봉로5길 13,,-,-
경상북도 구미시 봉곡동,657,657,0,구미봉곡코아루,84.3359,202110,2,"23,000",19,2011,봉곡북로7길 25,,-,-
경상북도 구미시 봉곡동,657,657,0,구미봉곡코아루,84.69,202110,8,"24,900",14,2011,봉곡북로7길 25,,-,-
경상북도 구미시 봉곡동,657,657,0,구미봉곡코아루,84.3359,202110,21,"23,000",6,2011,봉곡북로7길 25,,-,-
경상북도 구미시 봉곡동,105-1,105,1,미가,80.25,202110,16,"15,000",9,2015,봉곡서로12길 12,,-,-
경상북도 구미시 봉곡동,392,392,0,봉곡2차아이파크,142.7382,202110,5,"37,000",13,2005,봉곡남로20길 15,,-,-
경상북도 구미시 봉곡동,219,219,0,봉곡대웅솔랜드,59.9615,202110,24,"13,250",9,2015,봉곡동로4길 13-8,,-,-
경상북도 구미시 봉곡동,105,105,0,세양청마루,66.0291,202110,2,"13,500",17,2005,봉곡서로 82,,-,-
경상북도 구미시 봉곡동,105,105,0,세양청마루,66.0291,202110,21,"12,000",4,2005,봉곡서로 82,,-,-
경상북도 구미시 봉곡동,105,105,0,세양청마루,84.875,202110,23,"18,700",17,2005,봉곡서로 82,,-,-
경상북도 구미시 봉곡동,528,528,0,영남네오빌2단지,69.7983,202110,7,"17,400",12,2005,봉곡로23길 6-20,,-,-
경상북도 구미시 봉곡동,528,528,0,영남네오빌2단지,69.7983,202110,31,"17,900",20,2005,봉곡로23길 6-20,,-,-
경상북도 구미시 봉곡동,527,527,0,영남네오빌시티1단지,117.1545,202110,9,"22,500",2,2005,봉곡로23길 6-6,,-,-
경상북도 구미시 봉곡동,22,22,0,현진에버빌,84.8717,202110,3,"31,000",6,2005,도봉로 10,,-,-
경상북도 구미시 봉곡동,22,22,0,현진에버빌,127.6372,202110,5,"33,000",7,2005,도봉로 10,,-,-
경상북도 구미시 봉곡동,22,22,0,현진에버빌,127.6372,202110,6,"37,800",12,2005,도봉로 10,,-,-
경상북도 구미시 봉곡동,22,22,0,현진에버빌,127.6372,202110,9,"40,000",8,2005,도봉로 10,,-,-
경상북도 구미시 비산동,28,28,0,강변보성타운,84.87,202110,12,"11,000",11,1997,산호대로 423,,-,-
경상북도 구미시 비산동,28,28,0,강변보성타운,59.87,202110,15,"7,700",7,1997,산호대로 423,,-,-
경상북도 구미시 비산동,28,28,0,강변보성타운,84.87,202110,23,"11,500",15,1997,산호대로 423,,-,-
경상북도 구미시 비산동,599,599,0,구미강변코오롱하늘채,69.9474,202110,8,"27,900",17,2017,낙동강변로 761,,-,-
경상북도 구미시 비산동,599,599,0,구미강변코오롱하늘채,75.844,202110,11,"34,900",17,2017,낙동강변로 761,,-,-
경상북도 구미시 비산동,599,599,0,구미강변코오롱하늘채,75.844,202110,16,"33,000",2,2017,낙동강변로 761,,-,-
경상북도 구미시 비산동,599,599,0,구미강변코오롱하늘채,75.844,202110,16,"36,700",29,2017,낙동강변로 761,,-,-
경상북도 구미시 비산동,599,599,0,구미강변코오롱하늘채,69.9474,202110,20,"31,800",27,2017,낙동강변로 761,,-,-
경상북도 구미시 비산동,599,599,0,구미강변코오롱하늘채,69.6689,202110,20,"29,700",19,2017,낙동강변로 761,,-,-
경상북도 구미시 비산동,368,368,0,벽산,116.85,202110,5,"16,500",10,1997,비산로5길 19,,-,-
경상북도 구미시 비산동,368,368,0,벽산,59.71,202110,16,"8,000",12,1997,비산로5길 19,,-,-
경상북도 구미시 비산동,368,368,0,벽산,59.71,202110,17,"8,500",17,1997,비산로5길 19,,-,-
경상북도 구미시 비산동,489-1,489,1,전원리빙필,48.88,202110,12,"6,900",11,1995,비산로1길 4,,-,-
경상북도 구미시 사곡동,697-7,697,7,라이프파크빌201,84.89,202110,16,"13,195",11,2003,사곡로2길 16,,-,-
경상북도 구미시 사곡동,669-5,669,5,라이프파크빌301동,84.5474,202110,27,"13,300",7,2004,상사동로24길 18,,-,-
경상북도 구미시 사곡동,656-9,656,9,보성2황실타운,84.975,202110,21,"16,700",16,2001,상사동로28길 11,,-,-
경상북도 구미시 사곡동,697-1,697,1,보성황실타운,49.98,202110,9,"9,300",1,2001,상사서로 128,,-,-
경상북도 구미시 사곡동,503-2,503,2,상모사곡화성파크드림,137.3994,202110,15,"40,700",10,2008,박정희로 236-8,,-,-
경상북도 구미시 사곡동,683-7,683,7,서경미리내,84.73,202110,8,"10,500",4,2003,사곡로1길 6-21,,-,-
경상북도 구미시 산동읍 신당리,1388,1388,0,구미확장단지골드클래스,74.9499,202110,2,"34,900",5,2017,신당3로 43,,-,-
경상북도 구미시 산동읍 신당리,1388,1388,0,구미확장단지골드클래스,74.9499,202110,2,"36,200",7,2017,신당3로 43,,-,-
경상북도 구미시 산동읍 신당리,1388,1388,0,구미확장단지골드클래스,59.9011,202110,4,"29,900",14,2017,신당3로 43,,-,-
경상북도 구미시 산동읍 신당리,1388,1388,0,구미확장단지골드클래스,59.9011,202110,9,"28,000",10,2017,신당3로 43,,-,-
경상북도 구미시 산동읍 신당리,1388,1388,0,구미확장단지골드클래스,59.9011,202110,23,"29,800",11,2017,신당3로 43,,-,-
경상북도 구미시 산동읍 신당리,1383,1383,0,우미린센트럴파크,59.9527,202110,3,"29,000",14,2017,신당3로 16,,-,-
경상북도 구미시 산동읍 신당리,1383,1383,0,우미린센트럴파크,59.9527,202110,4,"27,000",10,2017,신당3로 16,,-,-
경상북도 구미시 산동읍 신당리,1383,1383,0,우미린센트럴파크,59.9527,202110,14,"28,000",17,2017,신당3로 16,,-,-
경상북도 구미시 산동읍 신당리,1383,1383,0,우미린센트럴파크,84.7474,202110,16,"40,000",1,2017,신당3로 16,,-,-
경상북도 구미시 산동읍 신당리,1383,1383,0,우미린센트럴파크,84.9495,202110,26,"46,300",16,2017,신당3로 16,,-,-
경상북도 구미시 산동읍 신당리,1383,1383,0,우미린센트럴파크,59.9527,202110,29,"27,600",21,2017,신당3로 16,,-,-
경상북도 구미시 산동읍 인덕리,1107,1107,0,구미중흥에스-클래스에코시티,84.8922,202110,4,"37,000",3,2017,신당인덕1로 135,,-,-
경상북도 구미시 산동읍 인덕리,1107,1107,0,구미중흥에스-클래스에코시티,84.8922,202110,5,"36,500",3,2017,신당인덕1로 135,,-,-
경상북도 구미시 산동읍 인덕리,1107,1107,0,구미중흥에스-클래스에코시티,84.8922,202110,6,"37,300",4,2017,신당인덕1로 135,,-,-
경상북도 구미시 산동읍 인덕리,1107,1107,0,구미중흥에스-클래스에코시티,84.8922,202110,15,"34,600",4,2017,신당인덕1로 135,,-,-
경상북도 구미시 산동읍 인덕리,1107,1107,0,구미중흥에스-클래스에코시티,84.8922,202110,16,"36,000",3,2017,신당인덕1로 135,,-,-
경상북도 구미시 산동읍 인덕리,1107,1107,0,구미중흥에스-클래스에코시티,84.8922,202110,23,"38,800",20,2017,신당인덕1로 135,,-,-
경상북도 구미시 산동읍 인덕리,1107,1107,0,구미중흥에스-클래스에코시티,84.8922,202110,24,"37,200",6,2017,신당인덕1로 135,,-,-
경상북도 구미시 산동읍 인덕리,1102,1102,0,확장단지 우미린풀하우스,84.9495,202110,1,"35,000",3,2016,신당인덕3로 1,,-,-
경상북도 구미시 산동읍 인덕리,1102,1102,0,확장단지 우미린풀하우스,84.9528,202110,23,"37,000",21,2016,신당인덕3로 1,,-,-
경상북도 구미시 산동읍 인덕리,1102,1102,0,확장단지 우미린풀하우스,84.9528,202110,29,"37,500",14,2016,신당인덕3로 1,,-,-
경상북도 구미시 산동읍 인덕리,1102,1102,0,확장단지 우미린풀하우스,84.8523,202110,29,"36,000",11,2016,신당인덕3로 1,,-,-
경상북도 구미시 상모동,541,541,0,구미상모한신휴플러스,82.698,202110,1,"37,750",7,2015,박정희로 76,,-,-
경상북도 구미시 상모동,541,541,0,구미상모한신휴플러스,82.698,202110,6,"36,700",12,2015,박정희로 76,,-,-
경상북도 구미시 상모동,541,541,0,구미상모한신휴플러스,70.615,202110,10,"28,400",6,2015,박정희로 76,,-,-
경상북도 구미시 상모동,541,541,0,구미상모한신휴플러스,59.989,202110,18,"23,950",17,2015,박정희로 76,,-,-
경상북도 구미시 상모동,541,541,0,구미상모한신휴플러스,59.989,202110,18,"24,600",25,2015,박정희로 76,,-,-
경상북도 구미시 상모동,541,541,0,구미상모한신휴플러스,59.997,202110,21,"24,500",16,2015,박정희로 76,,-,-
경상북도 구미시 상모동,Mar-58,58,3,미성오딧세이,56.975,202110,12,"9,750",5,2002,상모로8길 19-6,,-,-
경상북도 구미시 상모동,271,271,0,세양청마루,122.8136,202110,10,"26,500",4,2007,박정희로 90-14,,-,-
경상북도 구미시 상모동,271,271,0,세양청마루,84.986,202110,28,"21,500",4,2007,박정희로 90-14,,-,-
경상북도 구미시 상모동,Jan-77,77,1,신세계타운1,84.93,202110,5,"17,400",8,1999,상사서로 18,,-,-
경상북도 구미시 상모동,Jan-77,77,1,신세계타운1,84.94,202110,9,"17,000",15,1999,상사서로 18,,-,-
경상북도 구미시 상모동,Jan-77,77,1,신세계타운1,84.94,202110,12,"13,500",11,1999,상사서로 18,,-,-
경상북도 구미시 상모동,Jan-77,77,1,신세계타운1,145.71,202110,21,"27,300",9,1999,상사서로 18,,-,-
경상북도 구미시 상모동,Jan-77,77,1,신세계타운1,59.99,202110,22,"14,000",15,1999,상사서로 18,,-,-
경상북도 구미시 상모동,Jan-76,76,1,신세계타운2단지,99.89,202110,12,"18,400",6,1999,상사서로 17,,-,-
경상북도 구미시 상모동,Jan-76,76,1,신세계타운2단지,84.93,202110,19,"17,300",5,1999,상사서로 17,,-,-
경상북도 구미시 상모동,72,72,0,화성파크프레지던트1단지,59.9568,202110,6,"17,800",14,2004,상모로10길 40,,-,-
경상북도 구미시 상모동,72,72,0,화성파크프레지던트1단지,59.9568,202110,23,"17,800",12,2004,상모로10길 40,,-,-
경상북도 구미시 상모동,70,70,0,화성파크프레지던트2단지,84.9024,202110,4,"23,800",5,2004,상모로10길 31,,-,-
경상북도 구미시 상모동,70,70,0,화성파크프레지던트2단지,84.9024,202110,8,"26,700",10,2004,상모로10길 31,,-,-
경상북도 구미시 상모동,70,70,0,화성파크프레지던트2단지,84.9024,202110,9,"25,400",9,2004,상모로10길 31,,-,-
경상북도 구미시 선산읍 교리,1172,1172,0,e편한세상구미교리,84.9,202110,4,"20,300",5,2016,선산향교길 16,,-,-
경상북도 구미시 선산읍 교리,1172,1172,0,e편한세상구미교리,59.73,202110,7,"16,500",7,2016,선산향교길 16,,-,-
경상북도 구미시 선산읍 교리,1172,1172,0,e편한세상구미교리,84.9,202110,9,"20,300",5,2016,선산향교길 16,,-,-
경상북도 구미시 선산읍 교리,1165,1165,0,동우비봉,76.03,202110,12,"5,000",1,1995,동교3길 20-5,,-,-
경상북도 구미시 선산읍 교리,1165,1165,0,동우비봉,59.76,202110,26,"4,900",7,1995,동교3길 20-5,,-,-
경상북도 구미시 선산읍 노상리,96,96,0,우공2차한효,64.8,202110,2,"4,000",3,1993,단계서길 83-5,,-,-
경상북도 구미시 선산읍 노상리,96,96,0,우공2차한효,64.8,202110,11,"3,100",15,1993,단계서길 83-5,,-,-
경상북도 구미시 선산읍 이문리,694-2,694,2,우공1,69.93,202110,23,"5,000",10,1991,선상서로14길 17,,-,-
경상북도 구미시 선산읍 화조리,268-1,268,1,청자,75.9,202110,13,"2,000",2,1990,조남로 97,,-,-
경상북도 구미시 선산읍 화조리,268-1,268,1,청자,75.9,202110,19,"2,500",2,1990,조남로 97,,-,-
경상북도 구미시 송정동,527,527,0,구미송정미소지움,59.9573,202110,15,"17,000",5,2018,송정대로10길 22,,-,-
경상북도 구미시 송정동,527,527,0,구미송정미소지움,81.9608,202110,21,"20,400",9,2018,송정대로10길 22,,-,-
경상북도 구미시 송정동,527,527,0,구미송정미소지움,59.9573,202110,27,"15,800",8,2018,송정대로10길 22,,-,-
경상북도 구미시 송정동,300-6,300,6,대웅솔랜드103,84.953,202110,9,"16,300",10,2005,화신로 166-8,,-,-
경상북도 구미시 송정동,183,183,0,동양한신,114.2,202110,5,"19,500",20,1996,백산로 153,,-,-
경상북도 구미시 송정동,183,183,0,동양한신,84.81,202110,5,"13,500",1,1996,백산로 153,,-,-
경상북도 구미시 송정동,183,183,0,동양한신,59.88,202110,8,"11,600",5,1996,백산로 153,,-,-
경상북도 구미시 송정동,183,183,0,동양한신,84.81,202110,12,"14,400",1,1996,백산로 153,,-,-
경상북도 구미시 송정동,183,183,0,동양한신,84.81,202110,16,"14,300",6,1996,백산로 153,,-,-
경상북도 구미시 송정동,183,183,0,동양한신,81.07,202110,18,"14,500",19,1996,백산로 153,,-,-
경상북도 구미시 송정동,183,183,0,동양한신,59.88,202110,18,"12,000",22,1996,백산로 153,,-,-
경상북도 구미시 송정동,183,183,0,동양한신,59.88,202110,18,"11,500",14,1996,백산로 153,,-,-
경상북도 구미시 송정동,183,183,0,동양한신,59.88,202110,20,"11,000",13,1996,백산로 153,,-,-
경상북도 구미시 송정동,183,183,0,동양한신,59.88,202110,22,"11,500",10,1996,백산로 153,,-,-
경상북도 구미시 송정동,183,183,0,동양한신,59.88,202110,23,"12,000",8,1996,백산로 153,,-,-
경상북도 구미시 송정동,183,183,0,동양한신,59.88,202110,26,"13,000",1,1996,백산로 153,,-,-
경상북도 구미시 송정동,497,497,0,두산맨션(497),40.47,202110,3,"2,800",1,1992,백산로 199-1,,-,-
경상북도 구미시 송정동,40,40,0,로얄맨션,50.36,202110,2,"8,700",4,1990,송원동로 35,,-,-
경상북도 구미시 송정동,40,40,0,로얄맨션,40.73,202110,9,"8,300",1,1990,송원동로 35,,-,-
경상북도 구미시 송정동,40,40,0,로얄맨션,50.36,202110,18,"8,800",5,1990,송원동로 35,,-,-
경상북도 구미시 송정동,40,40,0,로얄맨션,40.73,202110,21,"7,600",5,1990,송원동로 35,,-,-
경상북도 구미시 송정동,42,42,0,벨라,68.93,202110,1,"12,300",2,1980,백산로5길 26,,-,-
경상북도 구미시 송정동,42,42,0,벨라,69.09,202110,1,"12,500",4,1980,백산로5길 26,,-,-
경상북도 구미시 송정동,454-2,454,2,삼성직장조합(삼성장미),74.65,202110,1,"10,500",8,1990,신시로16길 141,,-,-
경상북도 구미시 송정동,454-2,454,2,삼성직장조합(삼성장미),74.65,202110,28,"8,300",1,1990,신시로16길 141,,-,-
경상북도 구미시 송정동,41,41,0,송림,60.03,202110,1,"10,000",2,1984,백산로5길 50,,-,-
경상북도 구미시 송정동,41,41,0,송림,60.03,202110,6,"10,500",1,1984,백산로5길 50,,-,-
경상북도 구미시 송정동,41,41,0,송림,60.03,202110,14,"10,000",5,1984,백산로5길 50,,-,-
경상북도 구미시 송정동,442-4,442,4,신화오페라101,84.918,202110,14,"11,000",4,2001,구미중앙로42길 10,,-,-
경상북도 구미시 송정동,445-4,445,4,신화오페라201,59.9667,202110,24,"8,200",15,2002,구미중앙로42길 5-20,,-,-
경상북도 구미시 송정동,455-1,455,1,우방타운1,118.78,202110,18,"26,120",1,1988,백산로 186,,-,-
경상북도 구미시 송정동,455-1,455,1,우방타운1,66.01,202110,23,"15,000",5,1988,백산로 183,,-,-
경상북도 구미시 송정동,1,1,0,푸르지오 캐슬B단지,160.204,202110,19,"53,500",12,2007,산책길 7,,-,-
경상북도 구미시 송정동,2,2,0,푸르지오 캐슬C단지,84.9106,202110,16,"27,200",3,2007,박정희로 616,,-,-
경상북도 구미시 송정동,2,2,0,푸르지오 캐슬C단지,84.9106,202110,30,"25,400",1,2007,박정희로 616,,-,-
경상북도 구미시 송정동,3,3,0,푸르지오캐슬A단지,59.9259,202110,2,"22,000",6,2007,박정희로 599,,-,-
경상북도 구미시 송정동,3,3,0,푸르지오캐슬A단지,84.9106,202110,4,"32,400",4,2007,박정희로 599,,-,-
경상북도 구미시 송정동,3,3,0,푸르지오캐슬A단지,84.9106,202110,4,"30,000",3,2007,박정희로 599,,-,-
경상북도 구미시 송정동,3,3,0,푸르지오캐슬A단지,84.9106,202110,7,"26,000",16,2007,박정희로 599,,-,-
경상북도 구미시 송정동,3,3,0,푸르지오캐슬A단지,137.1293,202110,9,"45,000",18,2007,박정희로 599,,-,-
경상북도 구미시 송정동,3,3,0,푸르지오캐슬A단지,137.1293,202110,9,"36,000",3,2007,박정희로 599,,-,-
경상북도 구미시 송정동,3,3,0,푸르지오캐슬A단지,84.9106,202110,9,"27,900",1,2007,박정희로 599,,-,-
경상북도 구미시 송정동,3,3,0,푸르지오캐슬A단지,59.9259,202110,11,"22,900",14,2007,박정희로 599,,-,-
경상북도 구미시 송정동,3,3,0,푸르지오캐슬A단지,84.9106,202110,15,"33,000",18,2007,박정희로 599,,-,-
경상북도 구미시 송정동,3,3,0,푸르지오캐슬A단지,84.9106,202110,15,"33,000",18,2007,박정희로 599,,-,-
경상북도 구미시 송정동,3,3,0,푸르지오캐슬A단지,84.9106,202110,16,"30,000",5,2007,박정희로 599,,-,-
경상북도 구미시 송정동,3,3,0,푸르지오캐슬A단지,107.248,202110,21,"32,000",3,2007,박정희로 599,,-,-
경상북도 구미시 송정동,3,3,0,푸르지오캐슬A단지,59.9259,202110,26,"25,000",14,2007,박정희로 599,,-,-
경상북도 구미시 송정동,3,3,0,푸르지오캐슬A단지,77.6872,202110,29,"28,275",16,2007,박정희로 599,,-,-
경상북도 구미시 송정동,3,3,0,푸르지오캐슬A단지,77.6872,202110,31,"28,000",5,2007,박정희로 599,,-,-
경상북도 구미시 송정동,45,45,0,한가람빌리지,49.14,202110,24,"5,700",4,1988,백산로5길 6,,-,-
경상북도 구미시 송정동,45,45,0,한가람빌리지,49.14,202110,28,"5,850",4,1988,백산로5길 6,,-,-
경상북도 구미시 송정동,38,38,0,한솔,59.94,202110,6,"7,000",15,1996,박정희로 545,,-,-
경상북도 구미시 송정동,38,38,0,한솔,59.94,202110,6,"7,150",3,1996,박정희로 545,,-,-
경상북도 구미시 송정동,38,38,0,한솔,59.94,202110,6,"6,800",1,1996,박정희로 545,,-,-
경상북도 구미시 송정동,38,38,0,한솔,59.94,202110,6,"7,100",1,1996,박정희로 545,,-,-
경상북도 구미시 송정동,38,38,0,한솔,59.94,202110,6,"7,000",14,1996,박정희로 545,,-,-
경상북도 구미시 송정동,38,38,0,한솔,59.94,202110,8,"10,300",15,1996,박정희로 545,,-,-
경상북도 구미시 송정동,38,38,0,한솔,59.94,202110,24,"7,100",1,1996,박정희로 545,,-,-
경상북도 구미시 송정동,38,38,0,한솔,59.94,202110,24,"7,100",15,1996,박정희로 545,,-,-
경상북도 구미시 송정동,38,38,0,한솔,59.94,202110,24,"7,100",15,1996,박정희로 545,,-,-
경상북도 구미시 송정동,65,65,0,한우1,40.8307,202110,5,"4,000",2,1981,백산로 141-6,,-,-
경상북도 구미시 송정동,65,65,0,한우1,40.8307,202110,5,"4,200",3,1981,백산로 141-6,,-,-
경상북도 구미시 송정동,65,65,0,한우1,40.8307,202110,6,"5,000",3,1981,백산로 141-6,,-,-
경상북도 구미시 송정동,65,65,0,한우1,40.8307,202110,7,"4,700",3,1981,백산로 141-6,,-,-
경상북도 구미시 송정동,65,65,0,한우1,40.8307,202110,10,"4,700",4,1981,백산로 141-6,,-,-
경상북도 구미시 송정동,65,65,0,한우1,40.8307,202110,10,"5,200",2,1981,백산로 141-6,,-,-
경상북도 구미시 송정동,65,65,0,한우1,40.8307,202110,11,"5,450",1,1981,백산로 141-6,,-,-
경상북도 구미시 송정동,65,65,0,한우1,40.8307,202110,18,"4,300",5,1981,백산로 141-6,,-,-
경상북도 구미시 송정동,65,65,0,한우1,40.8307,202110,20,"5,100",1,1981,백산로 141-6,,-,-
경상북도 구미시 송정동,65,65,0,한우1,40.8307,202110,27,"4,500",1,1981,백산로 141-6,,-,-
경상북도 구미시 송정동,81,81,0,한우2,31.4663,202110,10,"5,700",2,1982,송정대로 119,,-,-
경상북도 구미시 송정동,81,81,0,한우2,31.4663,202110,10,"5,800",3,1982,송정대로 119,,-,-
경상북도 구미시 송정동,81,81,0,한우2,31.4663,202110,10,"4,980",4,1982,송정대로 119,,-,-
경상북도 구미시 송정동,81,81,0,한우2,31.4663,202110,10,"4,700",5,1982,송정대로 119,,-,-
경상북도 구미시 송정동,81,81,0,한우2,40.09,202110,11,"5,500",3,1982,송정대로 119,,-,-
경상북도 구미시 송정동,81,81,0,한우2,40.09,202110,31,"6,850",4,1982,송정대로 119,,-,-
경상북도 구미시 송정동,Apr-38,38,4,혜성,55.02,202110,7,"8,295",4,1989,박정희로 525,,-,-
경상북도 구미시 송정동,Apr-38,38,4,혜성,49.44,202110,9,"6,200",2,1989,박정희로 525,,-,-
경상북도 구미시 송정동,Apr-38,38,4,혜성,84.9,202110,14,"12,200",4,1989,박정희로 525,,-,-
경상북도 구미시 송정동,Apr-38,38,4,혜성,84.9,202110,17,"13,300",3,1989,박정희로 525,,-,-
경상북도 구미시 송정동,Apr-38,38,4,혜성,76.68,202110,24,"10,800",1,1989,박정희로 525,,-,-
경상북도 구미시 송정동,Apr-38,38,4,혜성,84.9,202110,30,"12,200",4,1989,박정희로 525,,-,-
경상북도 구미시 송정동,529,529,0,힐스테이트송정1단지,59.9645,202110,3,"30,000",4,2020,백산로5길 9,,-,-
경상북도 구미시 송정동,529,529,0,힐스테이트송정1단지,59.9645,202110,5,"32,000",11,2020,백산로5길 9,,-,-
경상북도 구미시 신평동,150-61,150,61,구미신평동지엘리베라움,80.2215,202110,5,"22,500",15,2018,구미대로 409,,-,-
경상북도 구미시 신평동,150-61,150,61,구미신평동지엘리베라움,59.9785,202110,30,"18,500",15,2018,구미대로 409,,-,-
경상북도 구미시 오태동,761,761,0,대동명문타운,59.44,202110,14,"5,100",5,1994,금오대로20길 33,,-,-
경상북도 구미시 오태동,761,761,0,대동명문타운,84.76,202110,22,"8,800",9,1994,금오대로20길 33,,-,-
경상북도 구미시 오태동,744-1,744,1,대동타운3차(101동102동),76.83,202110,2,"12,700",9,1996,금오대로12길 11-2,,-,-
경상북도 구미시 오태동,744-1,744,1,대동타운3차(101동102동),84.24,202110,31,"15,200",4,1996,금오대로12길 11-2,,-,-
경상북도 구미시 오태동,753-4,753,4,대동타운3차(103동),59.62,202110,8,"7,350",2,1996,금오대로16길 16,,-,-
경상북도 구미시 오태동,753-4,753,4,대동타운3차(103동),59.62,202110,21,"7,800",6,1996,금오대로16길 16,,-,-
경상북도 구미시 오태동,753-4,753,4,대동타운3차(103동),59.62,202110,31,"8,000",16,1996,금오대로16길 16,,-,-
경상북도 구미시 오태동,764,764,0,대원가든타운1,59.795,202110,13,"5,250",4,1994,금오대로22길 29-28,,-,-
경상북도 구미시 오태동,764,764,0,대원가든타운1,49.97,202110,19,"3,850",11,1994,금오대로22길 29-28,,-,-
경상북도 구미시 오태동,758-1,758,1,대원가든타운2,76.38,202110,1,"9,650",12,1995,금오대로16길 24,,-,-
경상북도 구미시 오태동,735-2,735,2,미림오태빌라12차,83.93,202110,1,"7,600",5,2001,금오대로3길 16-4,,-,-
경상북도 구미시 옥계동,936,936,0,구미옥계세영리첼더프라임,84.9749,202110,22,"36,000",35,2019,산호대로 955,,-,-
경상북도 구미시 옥계동,936,936,0,구미옥계세영리첼더프라임,84.9628,202110,24,"34,000",24,2019,산호대로 955,,-,-
경상북도 구미시 옥계동,936,936,0,구미옥계세영리첼더프라임,73.9647,202110,26,"31,500",23,2019,산호대로 955,,-,-
경상북도 구미시 옥계동,936,936,0,구미옥계세영리첼더프라임,84.9628,202110,30,"34,000",33,2019,산호대로 955,,-,-
경상북도 구미시 옥계동,906,906,0,구미옥계우미린,84.924,202110,2,"31,800",11,2010,해마루공원로 111,,-,-
경상북도 구미시 옥계동,906,906,0,구미옥계우미린,129.067,202110,6,"43,500",1,2010,해마루공원로 111,,-,-
경상북도 구미시 옥계동,906,906,0,구미옥계우미린,84.924,202110,8,"29,800",3,2010,해마루공원로 111,,-,-
경상북도 구미시 옥계동,906,906,0,구미옥계우미린,147.224,202110,12,"45,000",25,2010,해마루공원로 111,,-,-
경상북도 구미시 옥계동,906,906,0,구미옥계우미린,84.543,202110,14,"30,500",7,2010,해마루공원로 111,,-,-
경상북도 구미시 옥계동,906,906,0,구미옥계우미린,84.924,202110,17,"26,000",1,2010,해마루공원로 111,,-,-
경상북도 구미시 옥계동,906,906,0,구미옥계우미린,84.924,202110,21,"31,500",4,2010,해마루공원로 111,,-,-
경상북도 구미시 옥계동,539,539,0,대동한마음타운,59.63,202110,4,"8,000",6,1995,흥안로 75,,-,-
경상북도 구미시 옥계동,539,539,0,대동한마음타운,59.63,202110,12,"7,500",10,1995,흥안로 75,,-,-
경상북도 구미시 옥계동,540,540,0,동우대백타운,59.85,202110,1,"6,500",11,1994,흥안로 63,,-,-
경상북도 구미시 옥계동,540,540,0,동우대백타운,59.85,202110,1,"5,500",4,1994,흥안로 63,,-,-
경상북도 구미시 옥계동,540,540,0,동우대백타운,59.85,202110,2,"6,000",1,1994,흥안로 63,,-,-
경상북도 구미시 옥계동,540,540,0,동우대백타운,59.85,202110,3,"6,500",5,1994,흥안로 63,,-,-
경상북도 구미시 옥계동,540,540,0,동우대백타운,59.85,202110,4,"7,000",9,1994,흥안로 63,,-,-
경상북도 구미시 옥계동,540,540,0,동우대백타운,59.85,202110,8,"6,800",12,1994,흥안로 63,,-,-
경상북도 구미시 옥계동,540,540,0,동우대백타운,59.85,202110,9,"7,500",13,1994,흥안로 63,,-,-
경상북도 구미시 옥계동,540,540,0,동우대백타운,59.85,202110,15,"6,500",3,1994,흥안로 63,,-,-
경상북도 구미시 옥계동,540,540,0,동우대백타운,59.85,202110,21,"6,500",12,1994,흥안로 63,,-,-
경상북도 구미시 옥계동,540,540,0,동우대백타운,59.85,202110,23,"5,900",3,1994,흥안로 63,,-,-
경상북도 구미시 옥계동,540,540,0,동우대백타운,59.85,202110,27,"6,300",5,1994,흥안로 63,,-,-
경상북도 구미시 옥계동,907,907,0,삼구트리니엔,158.5488,202110,5,"44,800",14,2008,옥계북로 33,20211102,-,-
경상북도 구미시 옥계동,907,907,0,삼구트리니엔,158.5488,202110,5,"44,800",14,2008,옥계북로 33,,-,-
경상북도 구미시 옥계동,907,907,0,삼구트리니엔,84.9605,202110,16,"31,500",12,2008,옥계북로 33,,-,-
경상북도 구미시 옥계동,640-1,640,1,신나리2차,48.4605,202110,8,"10,200",12,2005,산호대로25길 15,,-,-
경상북도 구미시 옥계동,640-1,640,1,신나리2차,48.4605,202110,14,"11,000",9,2005,산호대로25길 15,,-,-
경상북도 구미시 옥계동,640-1,640,1,신나리2차,48.4605,202110,19,"10,000",14,2005,산호대로25길 15,,-,-
경상북도 구미시 옥계동,640-1,640,1,신나리2차,48.4605,202110,20,"9,450",3,2005,산호대로25길 15,,-,-
경상북도 구미시 옥계동,640-1,640,1,신나리2차,49.2173,202110,28,"10,600",9,2005,산호대로25길 15,,-,-
경상북도 구미시 옥계동,905-1,905,1,옥계 더힐 아파트,74.84,202110,2,"27,000",16,2011,옥계북로 43-48,,-,-
경상북도 구미시 옥계동,905-1,905,1,옥계 더힐 아파트,84.99,202110,16,"28,600",13,2011,옥계북로 43-48,,-,-
경상북도 구미시 옥계동,905-1,905,1,옥계 더힐 아파트,84.87,202110,22,"28,500",17,2011,옥계북로 43-48,,-,-
경상북도 구미시 옥계동,905-1,905,1,옥계 더힐 아파트,84.87,202110,23,"27,500",5,2011,옥계북로 43-48,,-,-
경상북도 구미시 옥계동,905-1,905,1,옥계 더힐 아파트,84.87,202110,26,"28,200",29,2011,옥계북로 43-48,,-,-
경상북도 구미시 옥계동,905-1,905,1,옥계 더힐 아파트,74.84,202110,31,"26,500",22,2011,옥계북로 43-48,,-,-
경상북도 구미시 옥계동,935,935,0,옥계e편한세상,84.3396,202110,5,"26,500",6,2008,산호대로39길 25,,-,-
경상북도 구미시 옥계동,935,935,0,옥계e편한세상,103.0598,202110,9,"27,000",7,2008,산호대로39길 25,,-,-
경상북도 구미시 옥계동,935,935,0,옥계e편한세상,103.0598,202110,10,"26,400",19,2008,산호대로39길 25,,-,-
경상북도 구미시 옥계동,935,935,0,옥계e편한세상,84.7613,202110,11,"27,800",11,2008,산호대로39길 25,,-,-
경상북도 구미시 옥계동,935,935,0,옥계e편한세상,84.3396,202110,21,"28,000",22,2008,산호대로39길 25,,-,-
경상북도 구미시 옥계동,935,935,0,옥계e편한세상,120.5588,202110,24,"38,000",7,2008,산호대로39길 25,,-,-
경상북도 구미시 옥계동,935,935,0,옥계e편한세상,84.8702,202110,30,"27,900",8,2008,산호대로39길 25,,-,-
경상북도 구미시 옥계동,935,935,0,옥계e편한세상,84.7613,202110,30,"27,500",19,2008,산호대로39길 25,,-,-
경상북도 구미시 옥계동,545,545,0,옥계동화타운,59.95,202110,1,"9,200",1,1998,흥안로 43,,-,-
경상북도 구미시 옥계동,545,545,0,옥계동화타운,59.95,202110,2,"10,400",4,1998,흥안로 43,,-,-
경상북도 구미시 옥계동,545,545,0,옥계동화타운,59.95,202110,5,"10,900",8,1998,흥안로 43,,-,-
경상북도 구미시 옥계동,545,545,0,옥계동화타운,59.95,202110,7,"11,500",7,1998,흥안로 43,,-,-
경상북도 구미시 옥계동,545,545,0,옥계동화타운,59.74,202110,8,"8,850",1,1998,흥안로 43,,-,-
경상북도 구미시 옥계동,545,545,0,옥계동화타운,59.95,202110,8,"11,000",6,1998,흥안로 43,,-,-
경상북도 구미시 옥계동,545,545,0,옥계동화타운,59.95,202110,9,"10,900",9,1998,흥안로 43,,-,-
경상북도 구미시 옥계동,545,545,0,옥계동화타운,59.95,202110,19,"11,400",5,1998,흥안로 43,,-,-
경상북도 구미시 옥계동,545,545,0,옥계동화타운,84.84,202110,24,"18,600",13,1998,흥안로 43,,-,-
경상북도 구미시 옥계동,616-1,616,1,옥계부영1차,49.14,202110,8,"8,800",2,1999,산호대로25길 53,,-,-
경상북도 구미시 옥계동,616-1,616,1,옥계부영1차,49.14,202110,9,"8,000",7,1999,산호대로25길 53,,-,-
경상북도 구미시 옥계동,616-1,616,1,옥계부영1차,49.14,202110,12,"8,300",2,1999,산호대로25길 53,,-,-
경상북도 구미시 옥계동,616-1,616,1,옥계부영1차,49.14,202110,13,"9,300",9,1999,산호대로25길 53,20211018,-,-
경상북도 구미시 옥계동,616-1,616,1,옥계부영1차,49.14,202110,13,"9,300",9,1999,산호대로25길 53,,-,-
경상북도 구미시 옥계동,616-1,616,1,옥계부영1차,49.14,202110,18,"8,600",3,1999,산호대로25길 53,,-,-
경상북도 구미시 옥계동,616-1,616,1,옥계부영1차,49.14,202110,20,"8,200",10,1999,산호대로25길 53,,-,-
경상북도 구미시 옥계동,616-1,616,1,옥계부영1차,49.14,202110,23,"8,800",10,1999,산호대로25길 53,,-,-
경상북도 구미시 옥계동,616-1,616,1,옥계부영1차,49.14,202110,23,"8,500",5,1999,산호대로25길 53,,-,-
경상북도 구미시 옥계동,616-1,616,1,옥계부영1차,49.14,202110,25,"8,000",3,1999,산호대로25길 53,,-,-
경상북도 구미시 옥계동,616-1,616,1,옥계부영1차,49.14,202110,26,"8,500",9,1999,산호대로25길 53,,-,-
경상북도 구미시 옥계동,616-1,616,1,옥계부영1차,49.14,202110,30,"8,000",11,1999,산호대로25길 53,,-,-
경상북도 구미시 옥계동,617,617,0,옥계부영2차,49.14,202110,3,"7,000",13,1999,산호대로25길 39,,-,-
경상북도 구미시 옥계동,617,617,0,옥계부영2차,49.14,202110,7,"7,500",5,1999,산호대로25길 39,,-,-
경상북도 구미시 옥계동,617,617,0,옥계부영2차,49.14,202110,16,"8,500",11,1999,산호대로25길 39,,-,-
경상북도 구미시 옥계동,617,617,0,옥계부영2차,85.35,202110,16,"19,000",4,1999,산호대로25길 39,,-,-
경상북도 구미시 옥계동,617,617,0,옥계부영2차,49.14,202110,18,"7,400",9,1999,산호대로25길 39,,-,-
경상북도 구미시 옥계동,617,617,0,옥계부영2차,49.14,202110,29,"7,300",11,1999,산호대로25길 39,,-,-
경상북도 구미시 옥계동,617,617,0,옥계부영2차,49.14,202110,29,"7,300",2,1999,산호대로25길 39,,-,-
경상북도 구미시 옥계동,543,543,0,옥계에덴,60,202110,2,"9,000",15,1996,흥안로 46,,-,-
경상북도 구미시 옥계동,543,543,0,옥계에덴,60,202110,2,"9,500",15,1996,흥안로 46,,-,-
경상북도 구미시 옥계동,543,543,0,옥계에덴,60,202110,15,"10,500",12,1996,흥안로 46,,-,-
경상북도 구미시 옥계동,543,543,0,옥계에덴,60,202110,18,"11,000",13,1996,흥안로 46,,-,-
경상북도 구미시 옥계동,543,543,0,옥계에덴,60,202110,26,"9,800",15,1996,흥안로 46,,-,-
경상북도 구미시 옥계동,922,922,0,옥계우미린더스카이,84.9667,202110,1,"35,000",33,2015,산호대로 925,,-,-
경상북도 구미시 옥계동,922,922,0,옥계우미린더스카이,79.7065,202110,2,"29,700",31,2015,산호대로 925,,-,-
경상북도 구미시 옥계동,922,922,0,옥계우미린더스카이,79.7065,202110,2,"28,800",20,2015,산호대로 925,,-,-
경상북도 구미시 옥계동,922,922,0,옥계우미린더스카이,79.7065,202110,9,"29,500",10,2015,산호대로 925,,-,-
경상북도 구미시 옥계동,922,922,0,옥계우미린더스카이,79.7065,202110,11,"30,000",20,2015,산호대로 925,,-,-
경상북도 구미시 옥계동,922,922,0,옥계우미린더스카이,79.7065,202110,21,"29,700",5,2015,산호대로 925,,-,-
경상북도 구미시 옥계동,922,922,0,옥계우미린더스카이,79.7065,202110,23,"29,400",10,2015,산호대로 925,,-,-
경상북도 구미시 옥계동,922,922,0,옥계우미린더스카이,84.9939,202110,30,"34,000",26,2015,산호대로 925,,-,-
경상북도 구미시 옥계동,922,922,0,옥계우미린더스카이,84.9667,202110,30,"34,400",16,2015,산호대로 925,,-,-
경상북도 구미시 옥계동,909,909,0,옥계현진에버빌엠파이어,154.88,202110,1,"57,000",7,2009,옥계북로 69,,-,-
경상북도 구미시 옥계동,909,909,0,옥계현진에버빌엠파이어,103.51,202110,15,"42,200",14,2009,옥계북로 69,20211103,-,-
경상북도 구미시 옥계동,909,909,0,옥계현진에버빌엠파이어,91.58,202110,16,"32,000",5,2009,옥계북로 69,,-,-
경상북도 구미시 옥계동,909,909,0,옥계현진에버빌엠파이어,91.58,202110,20,"37,800",2,2009,옥계북로 69,,-,-
경상북도 구미시 옥계동,909,909,0,옥계현진에버빌엠파이어,103.51,202110,25,"43,900",8,2009,옥계북로 69,,-,-
경상북도 구미시 옥계동,919,919,0,중흥S클래스에듀힐스,75.9637,202110,2,"32,000",3,2016,해마루공원로 80,,-,-
경상북도 구미시 옥계동,919,919,0,중흥S클래스에듀힐스,84.9623,202110,8,"38,000",15,2016,해마루공원로 80,,-,-
경상북도 구미시 원평동,Feb-81,81,2,대영파크에비앙,55.0593,202110,5,"7,000",4,2004,원남로4길 13,,-,-
경상북도 구미시 원평동,Feb-81,81,2,대영파크에비앙,55.0593,202110,6,"7,500",7,2004,원남로4길 13,,-,-
경상북도 구미시 원평동,Feb-81,81,2,대영파크에비앙,55.0593,202110,6,"7,500",11,2004,원남로4길 13,,-,-
경상북도 구미시 원평동,1076-1,1076,1,두산맨션,54.48,202110,13,"3,300",6,1993,산업로 320-12,,-,-
경상북도 구미시 원평동,1076-1,1076,1,두산맨션,42.8,202110,14,"4,100",14,1993,산업로 320-12,,-,-
경상북도 구미시 원평동,1076-1,1076,1,두산맨션,84.89,202110,19,"8,500",8,1993,산업로 320-12,,-,-
경상북도 구미시 원평동,83-13,83,13,원평대동타운,59.975,202110,5,"6,500",2,1993,원남로4길 5,,-,-
경상북도 구미시 인의동,986,986,0,구미인의푸르지오,84.95,202110,5,"14,000",3,1999,인동35길 33,,-,-
경상북도 구미시 인의동,986,986,0,구미인의푸르지오,84.95,202110,7,"17,300",14,1999,인동35길 33,,-,-
경상북도 구미시 인의동,986,986,0,구미인의푸르지오,84.95,202110,15,"17,900",14,1999,인동35길 33,,-,-
경상북도 구미시 인의동,652,652,0,구미청구하이츠,60,202110,6,"11,000",6,2000,인동19길 36-11,,-,-
경상북도 구미시 인의동,652,652,0,구미청구하이츠,60,202110,9,"12,200",14,2000,인동19길 36-11,,-,-
경상북도 구미시 인의동,652,652,0,구미청구하이츠,59.97,202110,9,"11,000",5,2000,인동19길 36-11,,-,-
경상북도 구미시 인의동,652,652,0,구미청구하이츠,60,202110,16,"11,000",3,2000,인동19길 36-11,20211019,-,-
경상북도 구미시 인의동,652,652,0,구미청구하이츠,60,202110,16,"11,000",3,2000,인동19길 36-11,,-,-
경상북도 구미시 인의동,652,652,0,구미청구하이츠,60,202110,18,"10,200",3,2000,인동19길 36-11,,-,-
경상북도 구미시 인의동,652,652,0,구미청구하이츠,59.97,202110,18,"12,000",8,2000,인동19길 36-11,,-,-
경상북도 구미시 인의동,652,652,0,구미청구하이츠,60,202110,20,"11,200",18,2000,인동19길 36-11,,-,-
경상북도 구미시 인의동,652,652,0,구미청구하이츠,60,202110,25,"12,300",9,2000,인동19길 36-11,,-,-
경상북도 구미시 인의동,652,652,0,구미청구하이츠,60,202110,25,"12,800",16,2000,인동19길 36-11,,-,-
경상북도 구미시 인의동,652,652,0,구미청구하이츠,60,202110,29,"11,000",4,2000,인동19길 36-11,,-,-
경상북도 구미시 인의동,651,651,0,대동다숲,76.3499,202110,22,"16,800",11,2006,인동17길 36,,-,-
경상북도 구미시 인의동,816,816,0,이화,44.326,202110,10,"4,300",7,1991,검성로 54-17,,-,-
경상북도 구미시 인의동,816,816,0,이화,44.326,202110,28,"5,000",7,1991,검성로 54-17,,-,-
경상북도 구미시 인의동,483,483,0,인동2차서한이다음,70.5236,202110,11,"24,000",4,2008,여헌로7길 8,,-,-
경상북도 구미시 인의동,483,483,0,인동2차서한이다음,84.98,202110,15,"27,000",8,2008,여헌로7길 8,,-,-
경상북도 구미시 인의동,483,483,0,인동2차서한이다음,84.9332,202110,18,"23,500",7,2008,여헌로7길 8,,-,-
경상북도 구미시 인의동,483,483,0,인동2차서한이다음,84.9054,202110,24,"24,000",7,2008,여헌로7길 8,,-,-
경상북도 구미시 인의동,483,483,0,인동2차서한이다음,84.9054,202110,26,"27,300",7,2008,여헌로7길 8,,-,-
경상북도 구미시 인의동,483,483,0,인동2차서한이다음,70.5236,202110,28,"26,500",12,2008,여헌로7길 8,,-,-
경상북도 구미시 인의동,578,578,0,인동서한이다음,84.652,202110,2,"24,500",12,2007,여헌로 21-11,,-,-
경상북도 구미시 인의동,578,578,0,인동서한이다음,84.652,202110,20,"23,500",3,2007,여헌로 21-11,,-,-
경상북도 구미시 인의동,818,818,0,인의시영,31.32,202110,6,"4,200",8,1992,수출대로33길 48,20211018,-,-
경상북도 구미시 인의동,818,818,0,인의시영,51.66,202110,11,"5,550",4,1992,수출대로33길 48,,-,-
경상북도 구미시 인의동,818,818,0,인의시영,31.32,202110,21,"2,300",11,1992,수출대로33길 48,,-,-
경상북도 구미시 인의동,818,818,0,인의시영,31.32,202110,26,"3,950",8,1992,수출대로33길 48,,-,-
경상북도 구미시 인의동,817-11,817,11,인의이화B,58.74,202110,14,"4,650",6,1991,검성로 54-21,,-,-
경상북도 구미시 임은동,822,822,0,구미임은삼도뷰엔빌W,84.9785,202110,3,"28,500",9,2015,왕산로 28-12,,-,-
경상북도 구미시 임은동,822,822,0,구미임은삼도뷰엔빌W,59.9618,202110,3,"19,000",12,2015,왕산로 28-12,,-,-
경상북도 구미시 임은동,822,822,0,구미임은삼도뷰엔빌W,59.9618,202110,5,"19,000",11,2015,왕산로 28-12,,-,-
경상북도 구미시 임은동,822,822,0,구미임은삼도뷰엔빌W,59.9618,202110,11,"18,300",3,2015,왕산로 28-12,,-,-
경상북도 구미시 임은동,158,158,0,노블레스(103동),84.989,202110,5,"10,900",5,2009,왕산로5길 6-1,,-,-
경상북도 구미시 임은동,371-2,371,2,임은대동타운,59.9675,202110,13,"5,000",6,1994,임은길 55-2,,-,-
경상북도 구미시 임은동,818,818,0,코오롱하늘채,133.9758,202110,15,"31,800",2,2009,왕산로 28-13,,-,-
경상북도 구미시 진평동,1028-3,1028,3,남경앳홈비앙채,26.4449,202110,1,"5,300",8,2014,삼일로 18,,-,-
경상북도 구미시 진평동,1028-3,1028,3,남경앳홈비앙채,49.791,202110,4,"12,000",14,2014,삼일로 18,,-,-
경상북도 구미시 진평동,1028-3,1028,3,남경앳홈비앙채,49.791,202110,15,"12,900",14,2014,삼일로 18,,-,-
경상북도 구미시 진평동,1028-3,1028,3,남경앳홈비앙채,26.4449,202110,19,"5,800",8,2014,삼일로 18,,-,-
경상북도 구미시 진평동,1048-1,1048,1,대성하이츠801,84.24,202110,9,"12,200",8,2004,인동32길 44-17,,-,-
경상북도 구미시 진평동,1063,1063,0,진평미래타운,59.99,202110,3,"10,000",8,1999,인동26길 65,,-,-
경상북도 구미시 진평동,1063,1063,0,진평미래타운,49.29,202110,5,"8,100",5,1999,인동26길 65,,-,-
경상북도 구미시 진평동,1063,1063,0,진평미래타운,59.99,202110,5,"12,000",17,1999,인동26길 65,,-,-
경상북도 구미시 진평동,1063,1063,0,진평미래타운,49.79,202110,5,"8,000",12,1999,인동26길 65,,-,-
경상북도 구미시 진평동,1063,1063,0,진평미래타운,49.79,202110,5,"7,850",12,1999,인동26길 65,,-,-
경상북도 구미시 진평동,1063,1063,0,진평미래타운,49.79,202110,5,"8,000",13,1999,인동26길 65,,-,-
경상북도 구미시 진평동,1063,1063,0,진평미래타운,59.99,202110,7,"9,300",8,1999,인동26길 65,,-,-
경상북도 구미시 진평동,1063,1063,0,진평미래타운,59.99,202110,8,"11,700",9,1999,인동26길 65,,-,-
경상북도 구미시 진평동,1063,1063,0,진평미래타운,49.79,202110,9,"8,500",11,1999,인동26길 65,,-,-
경상북도 구미시 진평동,1063,1063,0,진평미래타운,59.99,202110,9,"10,500",2,1999,인동26길 65,,-,-
경상북도 구미시 진평동,1063,1063,0,진평미래타운,59.99,202110,10,"12,000",12,1999,인동26길 65,,-,-
경상북도 구미시 진평동,1063,1063,0,진평미래타운,59.99,202110,11,"9,000",8,1999,인동26길 65,,-,-
경상북도 구미시 진평동,1063,1063,0,진평미래타운,59.99,202110,13,"12,500",12,1999,인동26길 65,,-,-
경상북도 구미시 진평동,1063,1063,0,진평미래타운,59.99,202110,14,"11,000",5,1999,인동26길 65,,-,-
경상북도 구미시 진평동,1063,1063,0,진평미래타운,49.29,202110,15,"8,950",9,1999,인동26길 65,,-,-
경상북도 구미시 진평동,1063,1063,0,진평미래타운,59.99,202110,15,"11,300",14,1999,인동26길 65,,-,-
경상북도 구미시 진평동,1063,1063,0,진평미래타운,59.99,202110,18,"11,000",15,1999,인동26길 65,,-,-
경상북도 구미시 진평동,1063,1063,0,진평미래타운,59.99,202110,18,"11,850",4,1999,인동26길 65,,-,-
경상북도 구미시 진평동,1063,1063,0,진평미래타운,59.99,202110,19,"10,900",18,1999,인동26길 65,,-,-
경상북도 구미시 진평동,1063,1063,0,진평미래타운,59.99,202110,21,"13,300",12,1999,인동26길 65,,-,-
경상북도 구미시 진평동,1063,1063,0,진평미래타운,59.99,202110,22,"11,300",17,1999,인동26길 65,,-,-
경상북도 구미시 진평동,1063,1063,0,진평미래타운,59.99,202110,22,"12,000",3,1999,인동26길 65,,-,-
경상북도 구미시 진평동,1063,1063,0,진평미래타운,59.99,202110,25,"12,000",16,1999,인동26길 65,,-,-
경상북도 구미시 형곡동,183-1,183,1,가든맨션,78.54,202110,7,"6,000",1,1991,형곡로41길 6-6,,-,-
경상북도 구미시 형곡동,333-2,333,2,경남타운101,63.66,202110,1,"3,100",5,1991,형곡동로6길 9-5,,-,-
경상북도 구미시 형곡동,74,74,0,구미형곡금호어울림포레1차,59.6495,202110,9,"31,000",17,2017,신시로 119,,-,-
경상북도 구미시 형곡동,196,196,0,대성하이츠빌2차,74.22,202110,16,"10,700",8,2001,형곡로 232-3,,-,-
경상북도 구미시 형곡동,143-9,143,9,두산2,84.52,202110,12,"12,800",4,1996,신시로7길 22,,-,-
경상북도 구미시 형곡동,305-4,305,4,백조맨션,61.38,202110,16,"4,200",2,1992,형곡서로 33-10,,-,-
경상북도 구미시 형곡동,120-6,120,6,보영캐슬,84.78,202110,30,"21,000",1,2014,형곡로8길 28-5,,-,-
경상북도 구미시 형곡동,176,176,0,삼우902,74.58,202110,13,"5,700",1,1990,형곡로41길 16-1,,-,-
경상북도 구미시 형곡동,176,176,0,삼우902,74.58,202110,13,"6,800",1,1990,형곡로41길 16-1,20211014,-,-
경상북도 구미시 형곡동,376,376,0,삼우912,68.35,202110,19,"4,000",5,1991,형곡동로1길 3,,-,-
경상북도 구미시 형곡동,313-4,313,4,삼우916,60.59,202110,8,"3,000",2,1991,형곡동로3길 8,,-,-
경상북도 구미시 형곡동,313-4,313,4,삼우916,60.59,202110,23,"3,300",3,1991,형곡동로3길 8,,-,-
경상북도 구미시 형곡동,291,291,0,삼우918,75.57,202110,15,"3,500",5,1992,형곡로26길 6-13,,-,-
경상북도 구미시 형곡동,860,860,0,삼우초원,64.62,202110,6,"3,000",6,1990,새마을로 9-18,,-,-
경상북도 구미시 형곡동,860,860,0,삼우초원,64.62,202110,13,"4,200",3,1990,새마을로 9-18,,-,-
경상북도 구미시 형곡동,185-6,185,6,상록하이츠501,59.58,202110,4,"5,400",2,1994,형곡로39길 6-7,,-,-
경상북도 구미시 형곡동,185-6,185,6,상록하이츠501,59.58,202110,26,"4,000",4,1994,형곡로39길 6-7,,-,-
경상북도 구미시 형곡동,145-22,145,22,신세계타운,59.43,202110,28,"7,300",13,1995,형곡중앙로 51,,-,-
경상북도 구미시 형곡동,140-13,140,13,신화오페라하우스(301),71.72,202110,21,"8,750",4,2002,형곡로 88,,-,-
경상북도 구미시 형곡동,141,141,0,우방3차,84.98,202110,6,"15,500",13,1990,형곡로 73,,-,-
경상북도 구미시 형곡동,141,141,0,우방3차,84.98,202110,18,"15,600",2,1990,형곡로 73,,-,-
경상북도 구미시 형곡동,143-18,143,18,우원,195.22,202110,21,"27,000",10,1992,경은로 82,,-,-
경상북도 구미시 형곡동,169-3,169,3,이구로얄1,81.18,202110,6,"9,400",10,1992,형곡로33길 39,,-,-
경상북도 구미시 형곡동,169-3,169,3,이구로얄1,81.18,202110,10,"10,200",5,1992,형곡로33길 39,,-,-
경상북도 구미시 형곡동,169-3,169,3,이구로얄1,81.18,202110,18,"9,200",2,1992,형곡로33길 39,,-,-
경상북도 구미시 형곡동,168-6,168,6,이구로얄2,59.1,202110,9,"8,500",11,1993,형곡동로 81,,-,-
경상북도 구미시 형곡동,168-6,168,6,이구로얄2,59.1,202110,10,"8,500",5,1993,형곡동로 81,,-,-
경상북도 구미시 형곡동,146-7,146,7,전원리빙필,59.4,202110,8,"8,400",14,1996,형곡동로 103,,-,-
경상북도 구미시 형곡동,146-7,146,7,전원리빙필,59.4,202110,8,"8,500",15,1996,형곡동로 103,,-,-
경상북도 구미시 형곡동,143-2,143,2,제일맨션,83.04,202110,4,"7,300",3,1991,신시로7길 12-19,,-,-
경상북도 구미시 형곡동,237,237,0,태성맨션,83.14,202110,15,"7,100",2,1991,형곡로27길 18,,-,-
경상북도 구미시 형곡동,151-10,151,10,풍림2차,84.81,202110,3,"17,000",9,1990,형곡로 109,,-,-
경상북도 구미시 형곡동,151-10,151,10,풍림2차,84.81,202110,14,"15,950",3,1990,형곡로 109,,-,-
경상북도 구미시 형곡동,151-10,151,10,풍림2차,84.81,202110,19,"15,300",3,1990,형곡로 109,,-,-
경상북도 구미시 형곡동,117-6,117,6,형곡금오맨션,58.4,202110,21,"7,300",3,1997,형곡로 49,,-,-
경상북도 구미시 형곡동,368,368,0,형곡시영,50.04,202110,3,"5,900",12,1992,형곡서로 11-15,,-,-
경상북도 구미시 형곡동,368,368,0,형곡시영,50.04,202110,8,"3,000",11,1992,형곡서로 11-15,,-,-
경상북도 구미시 형곡동,368,368,0,형곡시영,50.04,202110,9,"6,600",2,1992,형곡서로 11-15,,-,-
경상북도 구미시 형곡동,368,368,0,형곡시영,50.04,202110,11,"6,350",11,1992,형곡서로 11-15,,-,-
경상북도 구미시 형곡동,368,368,0,형곡시영,50.04,202110,15,"6,100",6,1992,형곡서로 11-15,,-,-
경상북도 구미시 형곡동,368,368,0,형곡시영,50.04,202110,31,"5,900",11,1992,형곡서로 11-15,,-,-
경상북도 구미시 형곡동,143-5,143,5,형곡오딧세이,34.281,202110,10,"3,400",8,2000,신시로7길 12-5,,-,-
경상북도 구미시 형곡동,143-5,143,5,형곡오딧세이,34.281,202110,20,"3,900",14,2000,신시로7길 12-5,,-,-
경상북도 구미시 형곡동,143-5,143,5,형곡오딧세이,34.281,202110,28,"3,200",2,2000,신시로7길 12-5,,-,-
경상북도 구미시 형곡동,143-5,143,5,형곡오딧세이,34.281,202110,30,"3,500",3,2000,신시로7길 12-5,,-,-
경상북도 구미시 형곡동,143-5,143,5,형곡오딧세이,34.281,202110,30,"3,650",6,2000,신시로7길 12-5,,-,-
경상북도 구미시 형곡동,169,169,0,형곡주공4,51.02,202110,16,"23,000",4,1988,신시로 37,,-,-
경상북도 구미시 형곡동,138,138,0,효성로즈타운,84.9116,202110,7,"15,000",4,2003,형곡로14길 13,,-,-
경상북도 구미시 황상동,339-7,339,7,드림뷰,84.99,202110,28,"18,600",11,2006,인동중앙로7길 28,,-,-
경상북도 구미시 황상동,275-11,275,11,현대,59.34,202110,21,"9,350",6,1993,수출대로27길 11,,-,-
경상북도 구미시 황상동,118-5,118,5,화진금봉5,59.85,202110,15,"6,400",8,1995,검성로 103-53,,-,-
경상북도 구미시 황상동,149-3,149,3,화진금봉타운3,82.25,202110,26,"7,500",1,1994,검성로 103-48,,-,-
경상북도 구미시 황상동,210,210,0,황상1주공,39.69,202110,5,"8,300",2,1991,검성로 69,,-,-
경상북도 구미시 황상동,210,210,0,황상1주공,39.69,202110,6,"8,500",3,1991,검성로 69,,-,-
경상북도 구미시 황상동,210,210,0,황상1주공,46.68,202110,9,"10,000",1,1991,검성로 69,,-,-
경상북도 구미시 황상동,210,210,0,황상1주공,46.68,202110,9,"10,300",3,1991,검성로 69,20211028,-,-
경상북도 구미시 황상동,210,210,0,황상1주공,39.69,202110,10,"8,800",3,1991,검성로 69,,-,-
경상북도 구미시 황상동,210,210,0,황상1주공,39.3,202110,13,"8,900",1,1991,검성로 69,,-,-
경상북도 구미시 황상동,210,210,0,황상1주공,39.3,202110,15,"9,000",1,1991,검성로 69,,-,-
경상북도 구미시 황상동,210,210,0,황상1주공,46.68,202110,15,"9,800",5,1991,검성로 69,,-,-
경상북도 구미시 황상동,210,210,0,황상1주공,39.69,202110,15,"8,500",4,1991,검성로 69,,-,-
경상북도 구미시 황상동,210,210,0,황상1주공,39.69,202110,16,"8,500",5,1991,검성로 69,,-,-
경상북도 구미시 황상동,210,210,0,황상1주공,39.3,202110,19,"8,800",4,1991,검성로 69,,-,-
경상북도 구미시 황상동,210,210,0,황상1주공,39.3,202110,20,"9,000",4,1991,검성로 69,,-,-
경상북도 구미시 황상동,210,210,0,황상1주공,39.3,202110,20,"7,400",5,1991,검성로 69,,-,-
경상북도 구미시 황상동,210,210,0,황상1주공,39.3,202110,22,"8,500",1,1991,검성로 69,,-,-
경상북도 구미시 황상동,210,210,0,황상1주공,39.3,202110,29,"9,000",2,1991,검성로 69,,-,-
경상북도 구미시 황상동,210,210,0,황상1주공,46.68,202110,29,"10,300",3,1991,검성로 69,,-,-
경상북도 구미시 황상동,161,161,0,황상2주공,46.98,202110,1,"7,700",4,1991,검성로 87,,-,-
경상북도 구미시 황상동,161,161,0,황상2주공,39.6,202110,6,"7,300",5,1991,검성로 87,,-,-
경상북도 구미시 황상동,161,161,0,황상2주공,46.98,202110,6,"9,200",3,1991,검성로 87,,-,-
경상북도 구미시 황상동,161,161,0,황상2주공,46.98,202110,11,"8,500",1,1991,검성로 87,,-,-
경상북도 구미시 황상동,161,161,0,황상2주공,47.31,202110,12,"8,700",2,1991,검성로 87,,-,-
경상북도 구미시 황상동,161,161,0,황상2주공,39.6,202110,13,"9,000",4,1991,검성로 87,,-,-
경상북도 구미시 황상동,161,161,0,황상2주공,39.99,202110,22,"6,000",5,1991,검성로 87,,-,-
경상북도 구미시 황상동,161,161,0,황상2주공,46.98,202110,23,"9,200",4,1991,검성로 87,,-,-
경상북도 구미시 황상동,161,161,0,황상2주공,39.99,202110,29,"8,650",3,1991,검성로 87,,-,-
경상북도 군위군 군위읍 동부리,387-7,387,7,부국타워B,84.59,202110,13,"29,400",4,2016,동서길 89-31,,-,-
경상북도 군위군 군위읍 서부리,432-1,432,1,부국아파트名家,83.115,202110,1,"25,000",4,2019,중앙5길 17,,-,-
경상북도 군위군 군위읍 서부리,494,494,0,서원,59.84,202110,7,"7,000",4,1989,중앙6길 13-45,,-,-
경상북도 군위군 군위읍 서부리,494,494,0,서원,59.6,202110,30,"7,750",4,1989,중앙6길 13-45,,-,-
경상북도 김천시 교동,592-3,592,3,금류,74.53,202110,26,"2,000",1,1991,한일길 34,,-,-
경상북도 김천시 교동,566-23,566,23,대동주택,69.84,202110,13,"4,000",1,1990,대학로 78,,-,-
경상북도 김천시 교동,950,950,0,코아루1차,59.9311,202110,23,"13,200",4,2006,삼락택지길 132,,-,-
경상북도 김천시 교동,899,899,0,호반,59.67,202110,27,"6,300",1,1995,연화지2길 25,,-,-
경상북도 김천시 남산동,182-4,182,4,남산,61.15,202110,25,"2,000",5,1977,남산공원길 46,,-,-
경상북도 김천시 남산동,Feb-68,68,2,우창파크,68.56,202110,12,"3,000",5,1991,노실고개3길 24,,-,-
경상북도 김천시 다수동,123,123,0,실라1,59,202110,19,"3,500",6,1991,영남대로 1272,,-,-
경상북도 김천시 덕곡동,1466,1466,0,김천덕곡월드메르디앙,110.3453,202110,11,"25,000",10,2012,영남대로 2040-20,,-,-
경상북도 김천시 덕곡동,1466,1466,0,김천덕곡월드메르디앙,84.7192,202110,12,"19,500",10,2012,영남대로 2040-20,,-,-
경상북도 김천시 덕곡동,1466,1466,0,김천덕곡월드메르디앙,76.8547,202110,22,"17,300",2,2012,영남대로 2040-20,,-,-
경상북도 김천시 덕곡동,1466,1466,0,김천덕곡월드메르디앙,84.7192,202110,25,"20,000",14,2012,영남대로 2040-20,,-,-
경상북도 김천시 덕곡동,1196-1,1196,1,덕곡한마음타운,37.02,202110,5,"4,500",14,1999,한마음길 8,,-,-
경상북도 김천시 덕곡동,1196-1,1196,1,덕곡한마음타운,59.64,202110,7,"8,650",3,1999,한마음길 8,,-,-
경상북도 김천시 덕곡동,1196-1,1196,1,덕곡한마음타운,59.64,202110,16,"8,800",12,1999,한마음길 8,,-,-
경상북도 김천시 덕곡동,1196-1,1196,1,덕곡한마음타운,37.02,202110,18,"3,500",13,1999,한마음길 8,,-,-
경상북도 김천시 덕곡동,1196-1,1196,1,덕곡한마음타운,49.5,202110,19,"5,000",3,1999,한마음길 8,,-,-
경상북도 김천시 덕곡동,1467,1467,0,코아루푸르나임,84.8654,202110,9,"21,300",4,2018,무실7길 45,,-,-
경상북도 김천시 덕곡동,1467,1467,0,코아루푸르나임,59.9834,202110,20,"17,500",13,2018,무실7길 45,,-,-
경상북도 김천시 덕곡동,1467,1467,0,코아루푸르나임,69.9586,202110,20,"20,500",7,2018,무실7길 45,,-,-
경상북도 김천시 덕곡동,1467,1467,0,코아루푸르나임,59.9834,202110,20,"17,500",13,2018,무실7길 45,20211021,-,-
경상북도 김천시 덕곡동,1467,1467,0,코아루푸르나임,69.9586,202110,21,"21,800",17,2018,무실7길 45,,-,-
경상북도 김천시 모암동,181-1,181,1,대동맨션,76.74,202110,9,"4,500",2,1989,모암사랑1길 43,,-,-
경상북도 김천시 백옥동,243-1,243,1,건화백옥타운,84.66,202110,5,"5,000",1,1992,백옥길 50,,-,-
경상북도 김천시 백옥동,66,66,0,백옥동한보,59.6475,202110,8,"3,350",6,1996,백옥길 5,,-,-
경상북도 김천시 부곡동,1558,1558,0,김천센트럴자이,59.977,202110,2,"26,000",27,2019,부곡길 137,,-,-
경상북도 김천시 부곡동,1558,1558,0,김천센트럴자이,74.4602,202110,8,"33,900",28,2019,부곡길 137,,-,-
경상북도 김천시 부곡동,1558,1558,0,김천센트럴자이,74.4602,202110,8,"31,200",1,2019,부곡길 137,,-,-
경상북도 김천시 부곡동,981-3,981,3,미주2,75.33,202110,26,"2,450",5,1990,고래실길 36,,-,-
경상북도 김천시 부곡동,1328,1328,0,부곡3주공아파트(및상가),42.9,202110,11,"5,100",3,1995,문지왈길 68,,-,-
경상북도 김천시 부곡동,1328,1328,0,부곡3주공아파트(및상가),42.9,202110,15,"4,000",2,1995,문지왈길 68,,-,-
경상북도 김천시 부곡동,1530,1530,0,부곡우방,59.84,202110,1,"10,100",6,1999,부곡길 206,,-,-
경상북도 김천시 부곡동,1530,1530,0,부곡우방,59.84,202110,1,"9,500",4,1999,부곡길 206,,-,-
경상북도 김천시 부곡동,1530,1530,0,부곡우방,138.68,202110,2,"24,500",14,1999,부곡길 206,,-,-
경상북도 김천시 부곡동,1530,1530,0,부곡우방,78.15,202110,4,"12,500",15,1999,부곡길 206,,-,-
경상북도 김천시 부곡동,1530,1530,0,부곡우방,59.84,202110,7,"11,450",13,1999,부곡길 206,,-,-
경상북도 김천시 부곡동,1530,1530,0,부곡우방,78.15,202110,8,"12,700",5,1999,부곡길 206,,-,-
경상북도 김천시 부곡동,1530,1530,0,부곡우방,106.53,202110,9,"16,800",1,1999,부곡길 206,,-,-
경상북도 김천시 부곡동,1530,1530,0,부곡우방,78.15,202110,12,"12,800",3,1999,부곡길 206,,-,-
경상북도 김천시 부곡동,1530,1530,0,부곡우방,106.53,202110,16,"19,500",12,1999,부곡길 206,,-,-
경상북도 김천시 부곡동,1530,1530,0,부곡우방,78.15,202110,19,"13,000",6,1999,부곡길 206,,-,-
경상북도 김천시 부곡동,1530,1530,0,부곡우방,78.15,202110,19,"13,300",8,1999,부곡길 206,,-,-
경상북도 김천시 부곡동,1530,1530,0,부곡우방,59.84,202110,21,"10,700",5,1999,부곡길 206,,-,-
경상북도 김천시 부곡동,1530,1530,0,부곡우방,78.15,202110,24,"13,300",8,1999,부곡길 206,,-,-
경상북도 김천시 부곡동,1530,1530,0,부곡우방,106.53,202110,29,"17,000",6,1999,부곡길 206,,-,-
경상북도 김천시 부곡동,1530,1530,0,부곡우방,78.15,202110,30,"12,600",1,1999,부곡길 206,,-,-
경상북도 김천시 부곡동,1035-35,1035,35,부곡화산아파트,74.81,202110,24,"7,200",2,2012,고래실2길 26,,-,-
경상북도 김천시 부곡동,1529,1529,0,부곡화성,59.96,202110,16,"11,500",9,1999,부곡길 162,,-,-
경상북도 김천시 부곡동,1529,1529,0,부곡화성,59.96,202110,21,"10,500",4,1999,부곡길 162,,-,-
경상북도 김천시 부곡동,1529,1529,0,부곡화성,84.908,202110,25,"16,000",12,1999,부곡길 162,,-,-
경상북도 김천시 부곡동,1529,1529,0,부곡화성,84.908,202110,29,"16,000",10,1999,부곡길 162,,-,-
경상북도 김천시 부곡동,458-1,458,1,삼보로얄,68.97,202110,11,"4,400",4,1990,구농고6길 40,20211105,-,-
경상북도 김천시 부곡동,257,257,0,삼보전원,54.51,202110,14,"1,900",5,1992,가메실길 62,,-,-
경상북도 김천시 부곡동,393-4,393,4,상아,59.65,202110,13,"1,600",5,1991,구농고9길 16,,-,-
경상북도 김천시 부곡동,765,765,0,아주아트빌,59.985,202110,4,"7,500",2,2002,문지왈3길 14,,-,-
경상북도 김천시 부곡동,765,765,0,아주아트빌,84.97,202110,18,"11,000",12,2002,문지왈3길 14,,-,-
경상북도 김천시 부곡동,765,765,0,아주아트빌,84.97,202110,27,"11,400",2,2002,문지왈3길 14,,-,-
경상북도 김천시 부곡동,1040-1,1040,1,주공1,35.64,202110,15,"8,300",5,1980,송설로 32,,-,-
경상북도 김천시 부곡동,1040-1,1040,1,주공1,35.145,202110,22,"8,500",3,1980,송설로 32,,-,-
경상북도 김천시 부곡동,1040-1,1040,1,주공1,36.19,202110,22,"8,300",1,1980,송설로 32,,-,-
경상북도 김천시 부곡동,595,595,0,한일백합,59.98,202110,28,"5,000",2,1995,가메실1길 12-6,,-,-
경상북도 김천시 부곡동,960-8,960,8,한일부곡1,59.79,202110,13,"5,850",14,1998,고래실3길 45-14,,-,-
경상북도 김천시 부곡동,960-8,960,8,한일부곡1,59.79,202110,19,"5,400",14,1998,고래실3길 45-14,,-,-
경상북도 김천시 부곡동,960-8,960,8,한일부곡1,59.79,202110,29,"6,000",12,1998,고래실3길 45-14,,-,-
경상북도 김천시 부곡동,1050,1050,0,현대,71.175,202110,13,"8,900",2,1991,문지왈길 38,,-,-
경상북도 김천시 성내동,62,62,0,항도,84.66,202110,7,"9,400",12,1991,충효길 88,,-,-
경상북도 김천시 신음동,847-2,847,2,금류,84.76,202110,1,"9,400",6,1994,시청2길 30,,-,-
경상북도 김천시 신음동,847-2,847,2,금류,84.76,202110,5,"9,100",4,1994,시청2길 30,,-,-
경상북도 김천시 신음동,847-2,847,2,금류,59.5,202110,10,"4,850",5,1994,시청2길 30,,-,-
경상북도 김천시 신음동,1318,1318,0,김천삼도뷰엔빌W아파트1단지,59.6488,202110,16,"18,800",6,2019,시청7길 62,,-,-
경상북도 김천시 신음동,1319,1319,0,김천삼도뷰엔빌W아파트2단지,67.8257,202110,15,"24,300",7,2019,시청7길 60,,-,-
경상북도 김천시 신음동,1307,1307,0,김천주공해돋이타운,49.81,202110,6,"8,000",10,2002,신음새동네길 110,,-,-
경상북도 김천시 신음동,1307,1307,0,김천주공해돋이타운,59.89,202110,8,"11,500",12,2002,신음새동네길 110,,-,-
경상북도 김천시 신음동,1307,1307,0,김천주공해돋이타운,49.81,202110,19,"10,000",11,2002,신음새동네길 110,,-,-
경상북도 김천시 신음동,1276,1276,0,목련,49.68,202110,5,"4,300",2,1993,시청4길 6,,-,-
경상북도 김천시 신음동,1030,1030,0,이원베르빌,84.81,202110,12,"16,800",2,2003,신양3길 3,,-,-
경상북도 김천시 신음동,1309,1309,0,주공그린빌,84.8,202110,3,"20,000",6,2003,신음새동네길 111,,-,-
경상북도 김천시 신음동,1309,1309,0,주공그린빌,84.8,202110,5,"20,500",9,2003,신음새동네길 111,,-,-
경상북도 김천시 신음동,588-2,588,2,지브로(ZIVRO),59.969,202110,12,"9,400",5,2013,아홉사리길 139,,-,-
경상북도 김천시 신음동,394-3,394,3,현대1,59.969,202110,4,"12,000",11,1996,시청로 46,,-,-
경상북도 김천시 신음동,394-3,394,3,현대1,59.969,202110,4,"12,000",11,1996,시청로 46,,-,-
경상북도 김천시 신음동,394-3,394,3,현대1,59.969,202110,11,"11,500",6,1996,시청로 46,,-,-
경상북도 김천시 신음동,394-3,394,3,현대1,84.602,202110,16,"16,500",22,1996,시청로 46,,-,-
경상북도 김천시 신음동,394-3,394,3,현대1,84.602,202110,19,"17,300",20,1996,시청로 46,,-,-
경상북도 김천시 신음동,394-9,394,9,현대2,59.925,202110,6,"11,800",6,1999,시청로 42,,-,-
경상북도 김천시 아포읍 국사리,1119,1119,0,아포덕일한마음,55.67,202110,3,"5,500",8,2004,한지2길 64-9,,-,-
경상북도 김천시 아포읍 국사리,1119,1119,0,아포덕일한마음,55.67,202110,7,"5,200",11,2004,한지2길 64-9,,-,-
경상북도 김천시 아포읍 국사리,1119,1119,0,아포덕일한마음,29.25,202110,8,"1,850",5,2004,한지2길 64-9,,-,-
경상북도 김천시 아포읍 국사리,1119,1119,0,아포덕일한마음,29.25,202110,10,"1,700",3,2004,한지2길 64-9,,-,-
경상북도 김천시 아포읍 국사리,1119,1119,0,아포덕일한마음,55.67,202110,15,"5,100",4,2004,한지2길 64-9,,-,-
경상북도 김천시 아포읍 국사리,1119,1119,0,아포덕일한마음,55.67,202110,16,"5,100",1,2004,한지2길 64-9,,-,-
경상북도 김천시 아포읍 국사리,1119,1119,0,아포덕일한마음,55.67,202110,16,"5,100",1,2004,한지2길 64-9,,-,-
경상북도 김천시 아포읍 국사리,1119,1119,0,아포덕일한마음,55.67,202110,19,"5,400",2,2004,한지2길 64-9,,-,-
경상북도 김천시 아포읍 국사리,1119,1119,0,아포덕일한마음,29.25,202110,19,"1,900",6,2004,한지2길 64-9,,-,-
경상북도 김천시 아포읍 국사리,1119,1119,0,아포덕일한마음,29.25,202110,21,"1,900",5,2004,한지2길 64-9,,-,-
경상북도 김천시 아포읍 국사리,1119,1119,0,아포덕일한마음,29.25,202110,21,"1,900",5,2004,한지2길 64-9,,-,-
경상북도 김천시 아포읍 국사리,1119,1119,0,아포덕일한마음,29.25,202110,21,"1,900",3,2004,한지2길 64-9,,-,-
경상북도 김천시 아포읍 국사리,1119,1119,0,아포덕일한마음,29.25,202110,21,"1,900",4,2004,한지2길 64-9,,-,-
경상북도 김천시 아포읍 국사리,1119,1119,0,아포덕일한마음,55.67,202110,22,"5,400",9,2004,한지2길 64-9,,-,-
경상북도 김천시 아포읍 국사리,1119,1119,0,아포덕일한마음,55.67,202110,28,"5,700",2,2004,한지2길 64-9,,-,-
경상북도 김천시 율곡동,408,408,0,경북혁신케이씨씨스위첸,84.84,202110,3,"30,000",2,2013,혁신5로 11,,-,-
경상북도 김천시 율곡동,408,408,0,경북혁신케이씨씨스위첸,84.88,202110,23,"35,800",24,2013,혁신5로 11,,-,-
경상북도 김천시 율곡동,415,415,0,김천혁신도시영무예다음1차,84.6182,202110,3,"33,500",16,2014,혁신8로 66,,-,-
경상북도 김천시 율곡동,415,415,0,김천혁신도시영무예다음1차,84.6182,202110,9,"33,700",23,2014,혁신8로 66,,-,-
경상북도 김천시 율곡동,415,415,0,김천혁신도시영무예다음1차,84.6182,202110,15,"33,500",18,2014,혁신8로 66,,-,-
경상북도 김천시 율곡동,415,415,0,김천혁신도시영무예다음1차,84.6182,202110,18,"32,000",8,2014,혁신8로 66,,-,-
경상북도 김천시 율곡동,415,415,0,김천혁신도시영무예다음1차,84.6182,202110,18,"34,000",4,2014,혁신8로 66,,-,-
경상북도 김천시 율곡동,769,769,0,김천혁신도시영무예다음2차,84.6182,202110,23,"32,000",8,2015,용전3로 24,,-,-
경상북도 김천시 율곡동,769,769,0,김천혁신도시영무예다음2차,84.6182,202110,23,"33,000",6,2015,용전3로 24,,-,-
경상북도 김천시 율곡동,8,8,0,김천혁신도시이지더원,84.4865,202110,4,"39,500",3,2016,해오름1로 37,,-,-
경상북도 김천시 율곡동,8,8,0,김천혁신도시이지더원,110.861,202110,16,"57,950",14,2016,해오름1로 37,,-,-
경상북도 김천시 율곡동,8,8,0,김천혁신도시이지더원,84.5988,202110,21,"42,000",16,2016,해오름1로 37,,-,-
경상북도 김천시 율곡동,8,8,0,김천혁신도시이지더원,84.5988,202110,28,"39,000",20,2016,해오름1로 37,,-,-
경상북도 김천시 율곡동,771,771,0,사랑으로부영1단지,84.675,202110,15,"33,800",14,2016,용전로 47,,-,-
경상북도 김천시 율곡동,772,772,0,한신더휴 퍼스트리움,84.9682,202110,9,"42,000",23,2016,혁신4로 46,,-,-
경상북도 김천시 율곡동,772,772,0,한신더휴 퍼스트리움,75.689,202110,10,"40,000",25,2016,혁신4로 46,,-,-
경상북도 김천시 율곡동,772,772,0,한신더휴 퍼스트리움,84.9682,202110,16,"41,500",2,2016,혁신4로 46,,-,-
경상북도 김천시 율곡동,773,773,0,힐스테이트 율곡,84.9704,202110,10,"44,800",25,2015,용전1로 9,,-,-
경상북도 김천시 율곡동,773,773,0,힐스테이트 율곡,84.9704,202110,26,"44,800",6,2015,용전1로 9,,-,-
경상북도 김천시 응명동,1028,1028,0,김천대신코아루,59.8587,202110,2,"13,000",15,2014,아홉사리길 130,,-,-
경상북도 김천시 응명동,1028,1028,0,김천대신코아루,59.8587,202110,3,"14,000",6,2014,아홉사리길 130,,-,-
경상북도 김천시 응명동,1028,1028,0,김천대신코아루,84.9826,202110,4,"17,200",13,2014,아홉사리길 130,,-,-
경상북도 김천시 응명동,1028,1028,0,김천대신코아루,59.8587,202110,7,"14,000",5,2014,아홉사리길 130,,-,-
경상북도 김천시 응명동,1028,1028,0,김천대신코아루,59.8587,202110,9,"14,000",15,2014,아홉사리길 130,,-,-
경상북도 김천시 응명동,1028,1028,0,김천대신코아루,59.8587,202110,15,"14,000",16,2014,아홉사리길 130,,-,-
경상북도 김천시 응명동,1028,1028,0,김천대신코아루,59.9984,202110,23,"14,000",13,2014,아홉사리길 130,20211102,-,-
경상북도 김천시 응명동,1028,1028,0,김천대신코아루,59.9984,202110,23,"14,000",13,2014,아홉사리길 130,,-,-
경상북도 김천시 응명동,1028,1028,0,김천대신코아루,84.9826,202110,26,"19,700",11,2014,아홉사리길 130,,-,-
경상북도 김천시 지좌동,700-1,700,1,건화동부,59.82,202110,30,"6,000",15,1993,성의1길 6,,-,-
경상북도 김천시 지좌동,408-2,408,2,골든뷰,71.238,202110,1,"8,500",3,2016,체육공원길 60,,-,-
경상북도 김천시 지좌동,482-3,482,3,덕일2,49.76,202110,1,"2,300",5,1988,지좌길 13,,-,-
경상북도 김천시 지좌동,482-3,482,3,덕일2,49.76,202110,1,"3,000",4,1988,지좌길 13,,-,-
경상북도 김천시 지좌동,482-3,482,3,덕일2,49.79,202110,12,"1,900",6,1988,지좌길 13,,-,-
경상북도 김천시 지좌동,482-3,482,3,덕일2,49.76,202110,19,"2,300",4,1988,지좌길 13,,-,-
경상북도 김천시 지좌동,759-2,759,2,동양강변타운1,59.97,202110,1,"2,100",2,1991,금감로 2137,,-,-
경상북도 김천시 평화동,110-53,110,53,삼보초원,78.71,202110,8,"3,000",5,1992,후생2길 49,,-,-
경상북도 김천시 평화동,Mar-51,51,3,한일가든맨션,79.46,202110,5,"4,950",4,1990,평화장미1길 17-10,,-,-
경상북도 김천시 평화동,Sep-72,72,9,한일장미,60,202110,9,"4,800",3,1993,평화장미3길 25,,-,-
경상북도 김천시 평화동,Sep-72,72,9,한일장미,60,202110,29,"4,800",8,1993,평화장미3길 25,,-,-
경상북도 문경시 모전동,61-21,61,21,(61-21),83.8265,202110,5,"24,800",12,2020,중신기4길 11,,-,-
경상북도 문경시 모전동,61-21,61,21,(61-21),83.8265,202110,19,"25,000",6,2020,중신기4길 11,,-,-
경상북도 문경시 모전동,914-5,914,5,뉴글로벌시티,59.6645,202110,8,"23,000",8,2016,매봉로 61,,-,-
경상북도 문경시 모전동,869,869,0,대동타운,59.65,202110,2,"12,800",5,1997,매봉4길 15,,-,-
경상북도 문경시 모전동,869,869,0,대동타운,84.87,202110,14,"21,500",4,1997,매봉4길 15,,-,-
경상북도 문경시 모전동,869,869,0,대동타운,59.65,202110,21,"13,400",13,1997,매봉4길 15,,-,-
경상북도 문경시 모전동,869,869,0,대동타운,59.65,202110,26,"12,800",5,1997,매봉4길 15,,-,-
경상북도 문경시 모전동,660,660,0,대원양지마을,84.9086,202110,2,"19,300",8,2002,양지4길 14,,-,-
경상북도 문경시 모전동,660,660,0,대원양지마을,59.9781,202110,13,"15,400",4,2002,양지4길 14,,-,-
경상북도 문경시 모전동,660,660,0,대원양지마을,59.9781,202110,21,"14,300",11,2002,양지4길 14,,-,-
경상북도 문경시 모전동,660,660,0,대원양지마을,84.9086,202110,25,"19,900",7,2002,양지4길 14,,-,-
경상북도 문경시 모전동,660,660,0,대원양지마을,59.9781,202110,25,"14,400",12,2002,양지4길 14,,-,-
경상북도 문경시 모전동,868,868,0,문경영풍마드레빌,84.8934,202110,22,"26,300",4,2004,매봉4길 9,,-,-
경상북도 문경시 모전동,948,948,0,문경점촌코아루아파트,83.3039,202110,12,"27,700",15,2019,상신로 115,,-,-
경상북도 문경시 모전동,948,948,0,문경점촌코아루아파트,83.3039,202110,26,"28,500",13,2019,상신로 115,,-,-
경상북도 문경시 모전동,1150,1150,0,문경코아루,84.98,202110,4,"33,000",9,2014,당교6길 25,,-,-
경상북도 문경시 모전동,1150,1150,0,문경코아루,84.98,202110,5,"33,000",2,2014,당교6길 25,,-,-
경상북도 문경시 모전동,949,949,0,신원아침도시,84.9746,202110,1,"26,700",16,2008,여중1길 30,,-,-
경상북도 문경시 모전동,949,949,0,신원아침도시,124.1643,202110,15,"33,000",4,2008,여중1길 30,,-,-
경상북도 문경시 모전동,908,908,0,주공매봉마을(1단지)201-206동,59.47,202110,15,"11,000",7,1998,매봉1길 35,,-,-
경상북도 문경시 모전동,908,908,0,주공매봉마을(1단지)201-206동,59.47,202110,20,"14,000",7,1998,매봉1길 35,,-,-
경상북도 문경시 모전동,908,908,0,주공매봉마을(1단지)201-206동,49.76,202110,30,"10,500",13,1998,매봉1길 35,,-,-
경상북도 문경시 점촌동,121-23,121,23,거산으뜸,59.98,202110,5,"8,000",3,1994,신흥로 74,,-,-
경상북도 문경시 점촌동,450,450,0,단봉,47.16,202110,2,"4,300",2,1986,점촌4길 3,,-,-
경상북도 문경시 점촌동,271-34,271,34,브리티시에스2차,84.9274,202110,28,"29,000",3,2019,신흥로 131,,-,-
경상북도 문경시 흥덕동,691-13,691,13,대화3차,59.53,202110,13,"6,800",2,1990,중앙로 256-18,,-,-
경상북도 문경시 흥덕동,776,776,0,황제,84.955,202110,15,"8,300",6,1989,신흥6길 5,,-,-
경상북도 문경시 흥덕동,577,577,0,흥덕시영,57.19,202110,6,"3,800",4,1992,흥덕9길 13,,-,-
경상북도 문경시 흥덕동,330,330,0,흥덕주공,40.45,202110,28,"3,100",5,1983,돈달로 160,,-,-
경상북도 봉화군 봉화읍 내성리,376-6,376,6,명가(376-1),84.499,202110,1,"28,000",8,2015,보밑길 24-5,,-,-
경상북도 봉화군 봉화읍 내성리,376-6,376,6,명가(376-1),84.499,202110,19,"27,000",2,2015,보밑길 24-5,,-,-
경상북도 봉화군 봉화읍 내성리,376-1,376,1,명성센시빌2차,59.9916,202110,28,"16,000",11,2013,보밑길 32,,-,-
경상북도 봉화군 봉화읍 내성리,186,186,0,명성한빛,59.9642,202110,22,"7,150",6,2001,교촌길 64,,-,-
경상북도 상주시 낙양동,145-1,145,1,경희삼백101동,59.4,202110,16,"7,500",6,1995,낙양3길 29,,-,-
경상북도 상주시 낙양동,145-1,145,1,경희삼백101동,59.4,202110,21,"8,000",6,1995,낙양3길 29,,-,-
경상북도 상주시 낙양동,145-1,145,1,경희삼백101동,59.4,202110,22,"6,900",1,1995,낙양3길 29,,-,-
경상북도 상주시 낙양동,132,132,0,낙양주공,49.97,202110,7,"9,300",9,1997,상서문1길 25,,-,-
경상북도 상주시 낙양동,132,132,0,낙양주공,39.99,202110,15,"7,130",11,1997,상서문1길 25,,-,-
경상북도 상주시 낙양동,132,132,0,낙양주공,49.97,202110,17,"8,300",1,1997,상서문1길 25,,-,-
경상북도 상주시 낙양동,132,132,0,낙양주공,39.99,202110,21,"7,500",6,1997,상서문1길 25,,-,-
경상북도 상주시 낙양동,132,132,0,낙양주공,49.97,202110,22,"9,500",5,1997,상서문1길 25,,-,-
경상북도 상주시 낙양동,199-1,199,1,명지1차,59.74,202110,6,"4,400",5,1994,경상대로 2930-10,,-,-
경상북도 상주시 낙양동,199-1,199,1,명지1차,59.74,202110,12,"5,200",5,1994,경상대로 2930-10,,-,-
경상북도 상주시 낙양동,444,444,0,상주낙양지엘리베라움,84.8453,202110,2,"25,700",18,2017,경상대로 2910,,-,-
경상북도 상주시 낙양동,444,444,0,상주낙양지엘리베라움,64.2021,202110,13,"21,300",12,2017,경상대로 2910,,-,-
경상북도 상주시 낙양동,186-4,186,4,이원파크빌,84.6848,202110,19,"20,300",6,2010,신서문1길 130,,-,-
경상북도 상주시 낙양동,219-1,219,1,해오름101동,81.4299,202110,29,"12,000",1,2012,토성로 22,,-,-
경상북도 상주시 남성동,165-2,165,2,이원시티빌,118.64,202110,14,"26,500",8,2005,왕산로 86,,-,-
경상북도 상주시 남성동,106-5,106,5,현대하임파크,84.365,202110,23,"18,000",13,2005,남성3길 35,,-,-
경상북도 상주시 냉림동,78,78,0,"냉림3,4주공아파트",38.64,202110,20,"5,400",5,1995,냉림2길 111,,-,-
경상북도 상주시 냉림동,377,377,0,냉림동현대하임팰리스,84.7882,202110,29,"18,500",12,2007,상산로 385,,-,-
경상북도 상주시 냉림동,209-1,209,1,냉림드림뷰103동,84.9234,202110,15,"21,000",10,2011,냉림로 35,,-,-
경상북도 상주시 냉림동,209-1,209,1,냉림드림뷰103동,84.9234,202110,27,"22,000",4,2011,냉림로 35,,-,-
경상북도 상주시 냉림동,209-4,209,4,냉림드림뷰105동,84.9234,202110,11,"22,300",6,2011,냉림로 33-6,,-,-
경상북도 상주시 냉림동,Jan-43,43,1,냉림지엘리더스파크,76.0589,202110,13,"16,500",5,2011,냉림2길 36,,-,-
경상북도 상주시 냉림동,172,172,0,주공1,49.22,202110,20,"9,500",3,1984,상산로 366,,-,-
경상북도 상주시 냉림동,119,119,0,주공2,39.3,202110,18,"4,200",4,1989,상산로 384,,-,-
경상북도 상주시 냉림동,111-5,111,5,지엘리더스파크골드(201동202동),84.0714,202110,7,"21,500",4,2011,영남제일로 1649,,-,-
경상북도 상주시 냉림동,155,155,0,진주맨션2차,59.91,202110,2,"6,400",5,1994,냉림안길 52,,-,-
경상북도 상주시 냉림동,155,155,0,진주맨션2차,59.91,202110,9,"6,350",7,1994,냉림안길 52,,-,-
경상북도 상주시 무양동,175,175,0,동보고층(3차),63.96,202110,9,"6,450",5,1991,동수3길 90,,-,-
경상북도 상주시 무양동,175,175,0,동보고층(3차),63.96,202110,11,"6,400",1,1991,동수3길 85,,-,-
경상북도 상주시 무양동,281-4,281,4,무양동대림다미아S,24.5689,202110,23,"8,500",15,2014,삼백로 88,,-,-
경상북도 상주시 무양동,299,299,0,상주무양엘에이치천년나무8단지,74.7,202110,10,"25,900",4,2013,동수4길 33,,-,-
경상북도 상주시 무양동,299,299,0,상주무양엘에이치천년나무8단지,74.97,202110,24,"24,900",4,2013,동수4길 33,,-,-
경상북도 상주시 무양동,315,315,0,지엘리베라움아파트,69.6238,202110,9,"23,400",4,2015,봉양1길 126,20211014,-,-
경상북도 상주시 무양동,315,315,0,지엘리베라움아파트,69.6238,202110,29,"24,000",15,2015,봉양1길 126,,-,-
경상북도 상주시 복룡동,486,486,0,새빛힐즈2차,84.8403,202110,15,"22,200",2,2018,냉림로 4,,-,-
경상북도 상주시 복룡동,230-11,230,11,우방1,59.73,202110,6,"9,000",15,1995,복룡3길 7,,-,-
경상북도 상주시 복룡동,230-11,230,11,우방1,84.96,202110,8,"15,000",10,1995,복룡3길 7,20211101,-,-
경상북도 상주시 복룡동,230-11,230,11,우방1,59.73,202110,11,"9,400",7,1995,복룡3길 7,,-,-
경상북도 상주시 복룡동,230-11,230,11,우방1,59.73,202110,19,"11,500",14,1995,복룡3길 7,,-,-
경상북도 상주시 복룡동,230-11,230,11,우방1,59.73,202110,27,"10,400",9,1995,복룡3길 7,,-,-
경상북도 상주시 복룡동,206-6,206,6,우방2,84.96,202110,6,"14,500",6,1995,복룡3길 29,,-,-
경상북도 상주시 복룡동,206-6,206,6,우방2,84.96,202110,7,"13,000",5,1995,복룡3길 29,,-,-
경상북도 상주시 복룡동,206-6,206,6,우방2,59.73,202110,10,"9,500",13,1995,복룡3길 29,,-,-
경상북도 상주시 복룡동,206-6,206,6,우방2,59.73,202110,26,"9,700",14,1995,복룡3길 29,,-,-
경상북도 상주시 복룡동,206-6,206,6,우방2,84.96,202110,30,"16,500",6,1995,복룡3길 29,,-,-
경상북도 상주시 복룡동,245,245,0,주공6,49.81,202110,1,"10,300",8,2001,삼백로 257,,-,-
경상북도 상주시 복룡동,245,245,0,주공6,49.81,202110,12,"9,700",6,2001,삼백로 257,,-,-
경상북도 상주시 복룡동,245,245,0,주공6,39.64,202110,30,"8,000",5,2001,삼백로 257,,-,-
경상북도 상주시 성동동,626-1,626,1,백합맨션,84.87,202110,5,"8,100",4,1990,성동로 24-8,,-,-
경상북도 상주시 성동동,626-1,626,1,백합맨션,84.87,202110,22,"8,000",1,1990,성동로 24-8,,-,-
경상북도 상주시 신봉동,179-4,179,4,동아,84.83,202110,4,"10,200",15,1991,상산로 147,,-,-
경상북도 상주시 신봉동,179-4,179,4,동아,84.83,202110,8,"11,300",8,1991,상산로 147,,-,-
경상북도 상주시 신봉동,179-4,179,4,동아,84.83,202110,30,"10,000",14,1991,상산로 147,,-,-
경상북도 상주시 신봉동,603-1,603,1,명지3차,59.632,202110,1,"8,000",14,2001,경상대로 2749-10,,-,-
경상북도 상주시 신봉동,603-1,603,1,명지3차,59.804,202110,2,"9,600",12,2001,경상대로 2749-10,,-,-
경상북도 상주시 신봉동,603-1,603,1,명지3차,59.632,202110,15,"10,400",8,2001,경상대로 2749-10,,-,-
경상북도 상주시 신봉동,603-1,603,1,명지3차,59.804,202110,21,"9,300",8,2001,경상대로 2749-10,,-,-
경상북도 상주시 신봉동,537-1,537,1,청구,59.99,202110,1,"8,150",8,1997,경상대로 2811,,-,-
경상북도 상주시 신봉동,537-1,537,1,청구,59.99,202110,4,"8,200",7,1997,경상대로 2811,,-,-
경상북도 상주시 신봉동,537-1,537,1,청구,59.99,202110,6,"8,300",9,1997,경상대로 2811,,-,-
경상북도 상주시 신봉동,537-1,537,1,청구,73.34,202110,12,"9,250",5,1997,경상대로 2811,,-,-
경상북도 상주시 신봉동,537-1,537,1,청구,84.975,202110,16,"12,000",3,1997,경상대로 2811,,-,-
경상북도 상주시 신봉동,164-5,164,5,태암2차프라임로즈201동,83.6332,202110,5,"19,500",9,2011,왕산로 22,,-,-
경상북도 상주시 신봉동,165-2,165,2,현대,75.3,202110,15,"9,200",13,1993,상산로 174,,-,-
경상북도 상주시 외답동,270,270,0,전원타운,41.11,202110,12,"1,500",2,1998,외답6길 16,,-,-
경상북도 상주시 외답동,270,270,0,전원타운,41.11,202110,12,"1,900",5,1998,외답6길 16,,-,-
경상북도 상주시 함창읍 구향리,609,609,0,상주함창엘에이치천년나무2단지,67.86,202110,25,"21,900",2,2016,구향4길 15,,-,-
경상북도 성주군 성주읍 성산리,2094,2094,0,청일가야,59.9025,202110,26,"8,000",10,1992,성주읍1길 20,,-,-
경상북도 안동시 남선면 이천리,829-103,829,103,용마,36.77,202110,13,"2,450",3,1994,샘들윗길 58,,-,-
경상북도 안동시 남선면 이천리,829-103,829,103,용마,36.77,202110,18,"2,600",4,1994,샘들윗길 58,,-,-
경상북도 안동시 남선면 이천리,829-103,829,103,용마,36.77,202110,23,"2,900",12,1994,샘들윗길 58,,-,-
경상북도 안동시 노하동,899,899,0,신안동역코아루미소지움,82.5267,202110,2,"24,900",5,2018,노하길 142,,-,-
경상북도 안동시 노하동,899,899,0,신안동역코아루미소지움,82.5267,202110,4,"27,500",14,2018,노하길 142,,-,-
경상북도 안동시 노하동,899,899,0,신안동역코아루미소지움,82.5267,202110,18,"21,000",1,2018,노하길 142,,-,-
경상북도 안동시 당북동,333-8,333,8,당북,78.55,202110,8,"4,500",5,1984,배움길 17,,-,-
경상북도 안동시 당북동,446,446,0,안동센트럴자이,65.952,202110,13,"32,800",11,2015,배움길 77,,-,-
경상북도 안동시 동부동,Jun-75,75,6,한양,75.81,202110,1,"12,500",11,1986,영가로 26,,-,-
경상북도 안동시 동부동,Jun-75,75,6,한양,83.46,202110,27,"10,000",6,1986,영가로 26,,-,-
경상북도 안동시 법상동,78-20,78,20,대신법상,84.99,202110,22,"7,150",3,1991,단원로 202,,-,-
경상북도 안동시 서후면 명리,489,489,0,학산아파트,38.1401,202110,6,"4,050",10,2005,명리두솔원길 5-8,,-,-
경상북도 안동시 서후면 명리,489,489,0,학산아파트,38.1401,202110,11,"3,200",15,2005,명리두솔원길 5-8,,-,-
경상북도 안동시 서후면 명리,489,489,0,학산아파트,27.7,202110,16,"3,200",5,2005,명리두솔원길 5-8,,-,-
경상북도 안동시 서후면 명리,489,489,0,학산아파트,27.7,202110,19,"2,000",13,2005,명리두솔원길 5-8,,-,-
경상북도 안동시 서후면 명리,489,489,0,학산아파트,38.1401,202110,21,"4,200",13,2005,명리두솔원길 5-8,,-,-
경상북도 안동시 서후면 명리,489,489,0,학산아파트,27.7,202110,21,"2,200",9,2005,명리두솔원길 5-8,,-,-
경상북도 안동시 서후면 명리,489,489,0,학산아파트,27.7,202110,25,"2,800",13,2005,명리두솔원길 5-8,,-,-
경상북도 안동시 서후면 명리,489,489,0,학산아파트,27.7,202110,25,"3,000",8,2005,명리두솔원길 5-8,,-,-
경상북도 안동시 서후면 명리,489,489,0,학산아파트,38.1401,202110,27,"4,200",4,2005,명리두솔원길 5-8,,-,-
경상북도 안동시 서후면 명리,489,489,0,학산아파트,38.1401,202110,28,"5,000",3,2005,명리두솔원길 5-8,,-,-
경상북도 안동시 송현동,338,338,0,무궁화맨션,84.93,202110,13,"5,500",4,1991,송하2길 32,,-,-
경상북도 안동시 송현동,516-5,516,5,삼성명가타운1차,32.4785,202110,1,"5,900",10,2000,송현길 154-19,,-,-
경상북도 안동시 송현동,516-5,516,5,삼성명가타운1차,32.4785,202110,11,"5,900",8,2000,송현길 154-19,,-,-
경상북도 안동시 송현동,516-5,516,5,삼성명가타운1차,32.4785,202110,15,"5,900",14,2000,송현길 154-19,,-,-
경상북도 안동시 송현동,271,271,0,송현1주공,59.3,202110,16,"16,000",5,1984,합전1길 64-6,,-,-
경상북도 안동시 송현동,295,295,0,송현2주공,42.48,202110,3,"10,350",3,1991,합전2길 12,,-,-
경상북도 안동시 송현동,295,295,0,송현2주공,42.48,202110,5,"8,700",3,1991,합전2길 12,,-,-
경상북도 안동시 송현동,295,295,0,송현2주공,42.48,202110,13,"8,400",1,1991,합전2길 12,,-,-
경상북도 안동시 송현동,316,316,0,송현2주공(316),42.48,202110,2,"8,900",3,1990,경북대로 467,,-,-
경상북도 안동시 송현동,316,316,0,송현2주공(316),42.48,202110,13,"9,000",2,1990,경북대로 467,,-,-
경상북도 안동시 송현동,316,316,0,송현2주공(316),32.76,202110,15,"7,900",5,1990,경북대로 467,,-,-
경상북도 안동시 송현동,316,316,0,송현2주공(316),32.76,202110,22,"8,000",5,1990,경북대로 467,,-,-
경상북도 안동시 송현동,316,316,0,송현2주공(316),42.48,202110,23,"9,100",2,1990,경북대로 467,,-,-
경상북도 안동시 송현동,316,316,0,송현2주공(316),32.76,202110,27,"5,000",2,1990,경북대로 467,,-,-
경상북도 안동시 송현동,527,527,0,송현삼성명가타운2차,74.414,202110,4,"16,000",14,2001,송현길 154-16,,-,-
경상북도 안동시 송현동,1135,1135,0,안동송현이안,84.4145,202110,1,"30,100",10,2009,송현길 23,,-,-
경상북도 안동시 송현동,1135,1135,0,안동송현이안,84.4145,202110,15,"29,800",13,2009,송현길 23,,-,-
경상북도 안동시 송현동,288,288,0,우성,59.85,202110,4,"13,950",15,1993,합전길 12,,-,-
경상북도 안동시 송현동,288,288,0,우성,84.994,202110,23,"16,000",3,1993,합전길 12,,-,-
경상북도 안동시 송현동,516-2,516,2,청구송현하이츠,84.91,202110,22,"20,000",14,2001,송현길 84-29,,-,-
경상북도 안동시 송현동,515,515,0,청구하이츠,84.89,202110,7,"17,300",10,2000,송현길 84-8,,-,-
경상북도 안동시 수상동,895,895,0,안동코오롱하늘채,75.85,202110,1,"26,000",19,2020,앙실로 25,,-,-
경상북도 안동시 신안동,27-34,27,34,백두센트로빌,84.77,202110,27,"15,500",7,2013,상지길 19,,-,-
경상북도 안동시 신안동,Jan-62,62,1,현대,73.67,202110,4,"6,500",15,1991,퇴계로 214,20211104,-,-
경상북도 안동시 안기동,204-1,204,1,까치,42.045,202110,18,"5,000",2,1992,제비원로 240-3,,-,-
경상북도 안동시 안기동,168-6,168,6,대원타운,149.94,202110,14,"17,500",9,1994,안기1길 39,,-,-
경상북도 안동시 안기동,168-6,168,6,대원타운,59.64,202110,30,"6,400",12,1994,안기1길 39,,-,-
경상북도 안동시 안기동,223-34,223,34,동아,59.41,202110,29,"7,300",8,1995,제비원로 268-7,,-,-
경상북도 안동시 안기동,285,285,0,안기세영,59.91,202110,8,"6,000",4,1998,제비원로 373,,-,-
경상북도 안동시 안기동,285,285,0,안기세영,32.76,202110,26,"3,100",2,1998,제비원로 373,,-,-
경상북도 안동시 안기동,285,285,0,안기세영,32.76,202110,26,"3,200",1,1998,제비원로 373,,-,-
경상북도 안동시 안막동,Nov-69,69,11,계림플러스101동,58.769,202110,19,"6,500",10,2002,퇴계로 233-22,,-,-
경상북도 안동시 안막동,77-15,77,15,안막화성,40.8,202110,1,"3,700",6,1995,퇴계로 259,,-,-
경상북도 안동시 안막동,77-15,77,15,안막화성,40.8,202110,7,"3,500",2,1995,퇴계로 259,,-,-
경상북도 안동시 안막동,77-15,77,15,안막화성,49.23,202110,20,"5,000",8,1995,퇴계로 259,,-,-
경상북도 안동시 안막동,Sep-71,71,9,현대,59.76,202110,2,"5,500",2,1996,퇴계로 220-34,,-,-
경상북도 안동시 안막동,Sep-71,71,9,현대,74.162,202110,16,"7,300",3,1996,퇴계로 220-16,,-,-
경상북도 안동시 안막동,Sep-71,71,9,현대,84.902,202110,21,"10,800",6,1996,퇴계로 220-16,,-,-
경상북도 안동시 옥동,974,974,0,옥동3주공,58.14,202110,7,"9,800",15,1995,은행나무로 106-6,,-,-
경상북도 안동시 옥동,974,974,0,옥동3주공,58.14,202110,9,"9,800",11,1995,은행나무로 106-6,,-,-
경상북도 안동시 옥동,974,974,0,옥동3주공,58.14,202110,24,"9,400",3,1995,은행나무로 106-6,,-,-
경상북도 안동시 옥동,974,974,0,옥동3주공,58.14,202110,26,"8,500",5,1995,은행나무로 106-6,,-,-
경상북도 안동시 옥동,974,974,0,옥동3주공,37.67,202110,28,"7,350",5,1995,은행나무로 106-6,,-,-
경상북도 안동시 옥동,739-1,739,1,옥동4주공,59.83,202110,15,"16,200",4,2002,복주길 65,,-,-
경상북도 안동시 옥동,739-1,739,1,옥동4주공,59.83,202110,25,"11,000",7,2002,복주길 65,,-,-
경상북도 안동시 옥동,740-1,740,1,옥동5주공,46.2,202110,20,"11,700",3,2002,복주길 66,,-,-
경상북도 안동시 옥동,740-1,740,1,옥동5주공,46.2,202110,23,"11,500",10,2002,복주길 66,,-,-
경상북도 안동시 옥동,638-1,638,1,옥동삼성1차,74.016,202110,9,"17,800",15,1998,옥광1길 17,,-,-
경상북도 안동시 옥동,638-1,638,1,옥동삼성1차,84.962,202110,13,"20,600",10,1998,옥광1길 17,,-,-
경상북도 안동시 옥동,638-1,638,1,옥동삼성1차,84.962,202110,23,"18,400",10,1998,옥광1길 17,,-,-
경상북도 안동시 옥동,920-1,920,1,옥동휴먼시아8단지,84.95,202110,2,"30,500",8,2010,옥서1길 90,,-,-
경상북도 안동시 옥동,920-1,920,1,옥동휴먼시아8단지,84.95,202110,11,"30,500",6,2010,옥서1길 90,,-,-
경상북도 안동시 용상동,1632,1632,0,안동세영리첼,84.5946,202110,2,"25,900",11,2011,중평길 39,,-,-
경상북도 안동시 용상동,1640,1640,0,용상 화성파크드림,59.5181,202110,5,"24,400",15,2019,경동로 951,,-,-
경상북도 안동시 용상동,985-1,985,1,용상1주공,36.208,202110,5,"7,900",1,1980,경동로 905,20211025,-,-
경상북도 안동시 용상동,985-1,985,1,용상1주공,36.208,202110,5,"7,900",1,1980,경동로 905,,-,-
경상북도 안동시 용상동,985-1,985,1,용상1주공,35.215,202110,11,"6,500",4,1980,경동로 903,,-,-
경상북도 안동시 용상동,985-1,985,1,용상1주공,35.638,202110,16,"7,350",1,1980,경동로 905,,-,-
경상북도 안동시 용상동,985-1,985,1,용상1주공,36.208,202110,23,"7,050",3,1980,경동로 905,,-,-
경상북도 안동시 용상동,1606,1606,0,용상3주공,59.3,202110,1,"7,350",3,1984,전거리8길 73,,-,-
경상북도 안동시 용상동,1606,1606,0,용상3주공,59.3,202110,7,"6,200",5,1984,전거리8길 73,,-,-
경상북도 안동시 용상동,1557,1557,0,용상4주공,39.3,202110,5,"6,900",5,1987,전거리5길 14,,-,-
경상북도 안동시 용상동,1557,1557,0,용상4주공,39.69,202110,11,"7,800",2,1987,전거리5길 14,,-,-
경상북도 안동시 용상동,1557,1557,0,용상4주공,39.69,202110,14,"8,400",1,1987,전거리5길 13,,-,-
경상북도 안동시 용상동,1557,1557,0,용상4주공,39.3,202110,20,"7,000",2,1987,전거리5길 13,,-,-
경상북도 안동시 용상동,1557,1557,0,용상4주공,39.69,202110,23,"7,300",4,1987,전거리5길 14,,-,-
경상북도 안동시 용상동,1557,1557,0,용상4주공,39.69,202110,26,"8,000",4,1987,전거리5길 14,,-,-
경상북도 안동시 용상동,1625,1625,0,용상5-1주공,49.62,202110,11,"8,300",8,1998,경동로 977-6,,-,-
경상북도 안동시 용상동,1625,1625,0,용상5-1주공,59.99,202110,12,"10,000",9,1998,경동로 977-6,,-,-
경상북도 안동시 용상동,1629,1629,0,용상6주공,59.99,202110,13,"12,400",16,1999,경동로 977-5,,-,-
경상북도 안동시 용상동,1629,1629,0,용상6주공,59.99,202110,16,"12,800",1,1999,경동로 977-5,,-,-
경상북도 안동시 용상동,1636,1636,0,용상세영리첼2차,59.2996,202110,2,"20,400",7,2014,중평길 55,,-,-
경상북도 안동시 용상동,1636,1636,0,용상세영리첼2차,59.2996,202110,15,"21,500",15,2014,중평길 55,,-,-
경상북도 안동시 용상동,1636,1636,0,용상세영리첼2차,59.2996,202110,15,"21,000",7,2014,중평길 55,,-,-
경상북도 안동시 용상동,1636,1636,0,용상세영리첼2차,59.2996,202110,28,"18,000",5,2014,중평길 55,,-,-
경상북도 안동시 용상동,600,600,0,현대2,134.438,202110,2,"22,500",5,1994,길주길 101-12,,-,-
경상북도 안동시 용상동,600,600,0,현대2,59.4,202110,2,"7,000",14,1994,길주길 101-12,,-,-
경상북도 안동시 용상동,600,600,0,현대2,59.4,202110,5,"9,000",11,1994,길주길 101-12,,-,-
경상북도 안동시 용상동,600,600,0,현대2,59.4,202110,6,"7,700",2,1994,길주길 101-12,,-,-
경상북도 안동시 용상동,600,600,0,현대2,84.98,202110,14,"13,500",9,1994,길주길 101-12,,-,-
경상북도 안동시 용상동,600,600,0,현대2,59.4,202110,16,"6,400",1,1994,길주길 101-12,20211021,-,-
경상북도 안동시 용상동,600,600,0,현대2,59.4,202110,17,"6,400",1,1994,길주길 101-12,,-,-
경상북도 안동시 용상동,600,600,0,현대2,59.4,202110,30,"7,350",5,1994,길주길 101-12,,-,-
경상북도 안동시 운안동,331,331,0,대원한숲타운,54.1485,202110,24,"6,800",10,2001,한화길 37,,-,-
경상북도 안동시 운안동,331,331,0,대원한숲타운,54.1485,202110,30,"6,800",4,2001,한화길 37,,-,-
경상북도 안동시 운안동,345,345,0,명성한마음,59.85,202110,5,"8,700",13,2002,단원로 81-8,,-,-
경상북도 안동시 운안동,345,345,0,명성한마음,59.85,202110,27,"8,800",8,2002,단원로 81-8,,-,-
경상북도 안동시 정하동,371-1,371,1,강남시영,43.01,202110,28,"3,300",4,1993,운동장길 17,,-,-
경상북도 안동시 정하동,240-2,240,2,현진에버빌1차,84.9611,202110,4,"18,250",15,2001,강남5길 92,,-,-
경상북도 안동시 정하동,240-2,240,2,현진에버빌1차,80.8242,202110,5,"17,000",8,2001,강남5길 92,,-,-
경상북도 안동시 정하동,240-2,240,2,현진에버빌1차,80.8242,202110,7,"17,100",12,2001,강남5길 92,,-,-
경상북도 안동시 정하동,240-2,240,2,현진에버빌1차,80.8242,202110,12,"19,000",5,2001,강남5길 92,,-,-
경상북도 안동시 정하동,240-2,240,2,현진에버빌1차,59.8421,202110,16,"13,800",2,2001,강남5길 92,,-,-
경상북도 안동시 정하동,240-2,240,2,현진에버빌1차,59.8421,202110,21,"14,300",5,2001,강남5길 92,20211026,-,-
경상북도 안동시 정하동,240-2,240,2,현진에버빌1차,59.8421,202110,21,"14,300",5,2001,강남5길 92,,-,-
경상북도 안동시 정하동,240-1,240,1,현진에버빌2,59.8796,202110,2,"15,800",14,2003,강남5길 112,,-,-
경상북도 안동시 정하동,300-1,300,1,화성드림파크,84.9794,202110,1,"20,900",2,2004,강남1길 108,,-,-
경상북도 안동시 정하동,300-1,300,1,화성드림파크,84.9794,202110,16,"23,500",8,2004,강남1길 108,,-,-
경상북도 안동시 태화동,922,922,0,e-편한세상안동1단지,71.643,202110,5,"30,500",5,2016,경동로 404-22,,-,-
경상북도 안동시 태화동,922,922,0,e-편한세상안동1단지,70.975,202110,19,"32,000",8,2016,경동로 404-22,,-,-
경상북도 안동시 태화동,878,878,0,브라운스톤태화2차,84.912,202110,15,"22,900",5,2013,말구리2길 55,,-,-
경상북도 안동시 태화동,878,878,0,브라운스톤태화2차,84.912,202110,25,"24,100",3,2013,말구리2길 55,,-,-
경상북도 안동시 태화동,656,656,0,태성드림하이츠,60,202110,4,"8,300",5,1999,말구리길 87,,-,-
경상북도 안동시 태화동,232-1,232,1,태화주공,35.254,202110,7,"4,400",1,1978,서악길 5,,-,-
경상북도 안동시 태화동,232-1,232,1,태화주공,35.7,202110,9,"4,200",2,1978,서악길 5,,-,-
경상북도 안동시 태화동,232-1,232,1,태화주공,35.5,202110,22,"4,000",1,1978,서악길 5,,-,-
경상북도 안동시 태화동,232-1,232,1,태화주공,28.72,202110,27,"3,900",3,1978,서악길 5,,-,-
경상북도 안동시 태화동,634-209,634,209,현대,62.68,202110,8,"8,000",2,1990,광명로 227,,-,-
경상북도 안동시 태화동,634-209,634,209,현대,62.68,202110,13,"10,900",9,1990,광명로 227,,-,-
경상북도 안동시 평화동,164-48,164,48,현대,59.94,202110,26,"7,500",10,1996,감나무5길 15,,-,-
경상북도 영덕군 영덕읍 우곡리,322-10,322,10,개나리,84.94,202110,18,"7,800",5,1991,우곡길 48,,-,-
경상북도 영덕군 영덕읍 우곡리,262,262,0,대성그린맨션,59.815,202110,14,"5,800",4,1990,중앙길 26,,-,-
경상북도 영덕군 영덕읍 우곡리,340-1,340,1,부용마크뷰,97.0387,202110,13,"19,000",8,2013,덕곡천길 14-1,,-,-
경상북도 영덕군 영덕읍 우곡리,522,522,0,영덕우진센트럴하임,71.0084,202110,7,"20,500",2,2015,읍사무소1길 42-21,,-,-
경상북도 영덕군 영해면 성내리,476-1,476,1,영해동보팰리스,59.927,202110,6,"16,300",2,2016,영덕로 1828,,-,-
경상북도 영주시 가흥동,1796,1796,0,가흥세영리첼,84.6661,202110,1,"26,600",8,2011,대동로 2,,-,-
경상북도 영주시 가흥동,1796,1796,0,가흥세영리첼,59.2111,202110,7,"19,050",6,2011,대동로 2,,-,-
경상북도 영주시 가흥동,1796,1796,0,가흥세영리첼,59.2111,202110,11,"19,500",7,2011,대동로 2,,-,-
경상북도 영주시 가흥동,1796,1796,0,가흥세영리첼,59.2111,202110,21,"19,000",14,2011,대동로 2,,-,-
경상북도 영주시 가흥동,1796,1796,0,가흥세영리첼,59.2111,202110,28,"19,800",3,2011,대동로 2,,-,-
경상북도 영주시 가흥동,1796,1796,0,가흥세영리첼,59.2111,202110,31,"19,300",11,2011,대동로 2,,-,-
경상북도 영주시 가흥동,2057,2057,0,영주가흥더리브스위트엠,84.9394,202110,11,"26,100",6,2021,대학로 324,,-,-
경상북도 영주시 가흥동,2057,2057,0,영주가흥더리브스위트엠,84.9494,202110,22,"29,500",12,2021,대학로 324,,-,-
경상북도 영주시 가흥동,2057,2057,0,영주가흥더리브스위트엠,97.9476,202110,26,"32,700",3,2021,대학로 324,,-,-
경상북도 영주시 가흥동,1488,1488,0,영주가흥주공3단지,59.83,202110,5,"18,600",1,2003,가흥로 343,,-,-
경상북도 영주시 가흥동,1488,1488,0,영주가흥주공3단지,45.32,202110,8,"7,000",4,2003,가흥로 343,,-,-
경상북도 영주시 가흥동,1488,1488,0,영주가흥주공3단지,59.83,202110,11,"15,800",4,2003,가흥로 343,,-,-
경상북도 영주시 가흥동,1488,1488,0,영주가흥주공3단지,45.32,202110,14,"9,400",6,2003,가흥로 343,,-,-
경상북도 영주시 가흥동,1488,1488,0,영주가흥주공3단지,45.32,202110,15,"10,250",7,2003,가흥로 343,,-,-
경상북도 영주시 가흥동,1488,1488,0,영주가흥주공3단지,45.32,202110,20,"10,700",15,2003,가흥로 343,,-,-
경상북도 영주시 가흥동,1619,1619,0,영주가흥코아루노블,84.974,202110,8,"30,300",9,2015,대학로261번길 27,,-,-
경상북도 영주시 가흥동,1619,1619,0,영주가흥코아루노블,84.833,202110,16,"29,850",12,2015,대학로261번길 27,,-,-
경상북도 영주시 가흥동,1619,1619,0,영주가흥코아루노블,74.889,202110,18,"27,800",18,2015,대학로261번길 27,,-,-
경상북도 영주시 가흥동,1619,1619,0,영주가흥코아루노블,84.998,202110,19,"30,000",13,2015,대학로261번길 27,,-,-
경상북도 영주시 가흥동,319,319,0,현대강변타운2,84.93,202110,11,"13,800",18,1994,대동로 98,,-,-
경상북도 영주시 가흥동,522-7,522,7,화성리버빌1,55.9019,202110,2,"9,100",5,2000,신재로12번길 56,,-,-
경상북도 영주시 가흥동,522-7,522,7,화성리버빌1,42.2272,202110,2,"6,300",13,2000,신재로12번길 56,,-,-
경상북도 영주시 가흥동,522-7,522,7,화성리버빌1,54.3554,202110,5,"10,600",3,2000,신재로12번길 56,,-,-
경상북도 영주시 가흥동,522-7,522,7,화성리버빌1,55.8277,202110,9,"9,500",9,2000,신재로12번길 56,,-,-
경상북도 영주시 가흥동,522-7,522,7,화성리버빌1,54.3554,202110,19,"9,400",3,2000,신재로12번길 56,,-,-
경상북도 영주시 가흥동,254,254,0,화성리버빌2,45.5936,202110,2,"10,500",14,2002,대학로142번길 39,,-,-
경상북도 영주시 가흥동,254,254,0,화성리버빌2,59.4512,202110,23,"14,300",11,2002,대학로142번길 39,,-,-
경상북도 영주시 가흥동,254,254,0,화성리버빌2,59.4512,202110,25,"13,900",6,2002,대학로142번길 39,,-,-
경상북도 영주시 상망동,562-2,562,2,경일미래타운,59.6058,202110,7,"9,300",15,2001,웃무리로13번길 15,,-,-
경상북도 영주시 상망동,562-2,562,2,경일미래타운,59.6058,202110,9,"10,000",6,2001,웃무리로13번길 15,,-,-
경상북도 영주시 상망동,562-2,562,2,경일미래타운,59.6058,202110,21,"9,300",7,2001,웃무리로13번길 15,,-,-
경상북도 영주시 상망동,834,834,0,코아루,84.9197,202110,7,"22,000",13,2007,원당로225번길 67,,-,-
경상북도 영주시 상망동,834,834,0,코아루,84.9197,202110,11,"22,500",13,2007,원당로225번길 67,,-,-
경상북도 영주시 상망동,834,834,0,코아루,84.9197,202110,12,"22,200",7,2007,원당로225번길 67,,-,-
경상북도 영주시 상망동,834,834,0,코아루,84.9197,202110,28,"21,600",5,2007,원당로225번길 67,,-,-
경상북도 영주시 영주동,513-3,513,3,동진타워,82.755,202110,12,"13,800",6,1997,선비로 223,,-,-
경상북도 영주시 영주동,470-220,470,220,주공,49.22,202110,1,"6,000",2,1984,선비로 203,,-,-
경상북도 영주시 영주동,470-220,470,220,주공,49.22,202110,27,"7,800",2,1984,선비로 203,,-,-
경상북도 영주시 영주동,Feb-63,63,2,철탄,59.98,202110,4,"5,000",1,1997,숫골길 51,,-,-
경상북도 영주시 영주동,Feb-63,63,2,철탄,59.98,202110,8,"5,250",2,1997,숫골길 51,,-,-
경상북도 영주시 영주동,513-1,513,1,현대강변타운,62.94,202110,12,"8,300",6,1990,선비로 215,,-,-
경상북도 영주시 영주동,513-1,513,1,현대강변타운,83.565,202110,13,"13,000",4,1990,선비로 215,,-,-
경상북도 영주시 풍기읍 동부리,504-1,504,1,동원스타네홈,73.4326,202110,8,"23,800",13,2019,기주로41번길 10,,-,-
경상북도 영주시 풍기읍 동부리,504-1,504,1,동원스타네홈,73.4326,202110,15,"23,500",4,2019,기주로41번길 10,,-,-
경상북도 영주시 풍기읍 동부리,104,104,0,삼일,82.86,202110,1,"6,000",4,1991,남원로20번길 29,,-,-
경상북도 영주시 풍기읍 동부리,305-1,305,1,한양임대,52.35,202110,29,"4,700",4,1995,동양대로72번길 8,,-,-
경상북도 영주시 풍기읍 동부리,305-5,305,5,한양임대1,38.85,202110,28,"3,500",4,1994,동양대로72번길 32,,-,-
경상북도 영주시 풍기읍 성내리,240-2,240,2,백산그랜드,84.9175,202110,2,"20,000",4,2012,풍기로 34,,-,-
경상북도 영주시 풍기읍 성내리,240-2,240,2,백산그랜드,84.9175,202110,11,"19,800",14,2012,풍기로 34,,-,-
경상북도 영주시 풍기읍 성내리,211-6,211,6,철쭉,83.4,202110,18,"5,400",4,1992,기주로 155,,-,-
경상북도 영주시 풍기읍 성내리,197-1,197,1,한솔맨션,57.9,202110,14,"3,800",5,1994,남원로 152-21,,-,-
경상북도 영주시 하망동,83,83,0,명성방산,59.8455,202110,21,"6,000",4,2001,향교길 108-23,,-,-
경상북도 영주시 하망동,366-1,366,1,스카이타운,133.11,202110,14,"28,700",11,2009,번영로 128,,-,-
경상북도 영주시 하망동,88,88,0,영남동산,59.76,202110,14,"5,500",3,1995,원당로223번길 57,,-,-
경상북도 영주시 하망동,524-1,524,1,청구,84.8921,202110,7,"16,500",17,2003,영주로 334,,-,-
경상북도 영주시 하망동,524-1,524,1,청구,119.2435,202110,7,"21,500",3,2003,영주로 334,,-,-
경상북도 영주시 하망동,524-1,524,1,청구,84.8921,202110,8,"16,450",11,2003,영주로 334,,-,-
경상북도 영주시 하망동,524-1,524,1,청구,76.0393,202110,18,"14,200",3,2003,영주로 334,,-,-
경상북도 영주시 하망동,524-1,524,1,청구,59.9705,202110,26,"10,000",9,2003,영주로 334,,-,-
경상북도 영주시 하망동,276-1,276,1,코오롱1차,56.4,202110,18,"3,900",1,1991,영주로 299,,-,-
경상북도 영주시 하망동,276-23,276,23,코오롱2차,84.9,202110,23,"10,000",9,1992,영주로 301,,-,-
경상북도 영주시 하망동,Jan-71,71,1,화성타운임대,59.87,202110,1,"4,650",5,1996,향교길 173,,-,-
경상북도 영주시 하망동,546-10,546,10,효자마을,99.503,202110,9,"12,600",3,1998,번영로102번길 25-10,,-,-
경상북도 영주시 하망동,546-10,546,10,효자마을,82.403,202110,9,"6,800",5,1998,번영로102번길 25-10,,-,-
경상북도 영주시 하망동,334-32,334,32,훼밀리타운,25.56,202110,12,"4,000",2,2004,번영로124번길 17,,-,-
경상북도 영주시 휴천동,1777,1777,0,남산현대아파트,84.962,202110,2,"14,000",6,1998,구성로142번길 20,,-,-
경상북도 영주시 휴천동,1777,1777,0,남산현대아파트,84.962,202110,4,"13,500",5,1998,구성로142번길 20,,-,-
경상북도 영주시 휴천동,1777,1777,0,남산현대아파트,75.33,202110,4,"10,550",1,1998,구성로142번길 20,,-,-
경상북도 영주시 휴천동,1777,1777,0,남산현대아파트,84.962,202110,12,"15,700",12,1998,구성로142번길 20,,-,-
경상북도 영주시 휴천동,1777,1777,0,남산현대아파트,59.76,202110,18,"9,000",12,1998,구성로142번길 20,,-,-
경상북도 영주시 휴천동,1777,1777,0,남산현대아파트,59.76,202110,26,"8,000",8,1998,구성로142번길 20,,-,-
경상북도 영주시 휴천동,1777,1777,0,남산현대아파트,84.962,202110,28,"12,650",2,1998,구성로142번길 20,,-,-
경상북도 영주시 휴천동,696,696,0,동부3,59.885,202110,17,"7,200",1,1996,번영로50번길 13-10,,-,-
경상북도 영주시 휴천동,1213,1213,0,세영첼시빌,84.9314,202110,1,"16,400",9,2002,남간로71번길 10,,-,-
경상북도 영주시 휴천동,1213,1213,0,세영첼시빌,84.9314,202110,2,"16,800",10,2002,남간로71번길 10,,-,-
경상북도 영주시 휴천동,1213,1213,0,세영첼시빌,84.9314,202110,7,"18,400",3,2002,남간로71번길 10,,-,-
경상북도 영주시 휴천동,1213,1213,0,세영첼시빌,75.7502,202110,9,"14,800",11,2002,남간로71번길 10,,-,-
경상북도 영주시 휴천동,1213,1213,0,세영첼시빌,84.9314,202110,9,"15,000",1,2002,남간로71번길 10,,-,-
경상북도 영주시 휴천동,1213,1213,0,세영첼시빌,59.9978,202110,11,"12,400",14,2002,남간로71번길 10,,-,-
경상북도 영주시 휴천동,706-3,706,3,영주석미모닝파크,84.23,202110,9,"21,500",4,2005,남간로 17,,-,-
경상북도 영주시 휴천동,706-3,706,3,영주석미모닝파크,84.23,202110,30,"20,000",6,2005,남간로 17,,-,-
경상북도 영주시 휴천동,456,456,0,현대,74.507,202110,2,"9,850",15,1992,지천로 46,20211023,-,-
경상북도 영주시 휴천동,456,456,0,현대,84.922,202110,8,"14,300",7,1992,지천로 46,,-,-
경상북도 영주시 휴천동,456,456,0,현대,84.922,202110,12,"12,700",5,1992,지천로 46,,-,-
경상북도 영주시 휴천동,456,456,0,현대,74.507,202110,18,"10,030",11,1992,지천로 46,,-,-
경상북도 영주시 휴천동,456,456,0,현대,74.507,202110,18,"10,030",11,1992,지천로 46,,-,-
경상북도 영주시 휴천동,456,456,0,현대,74.507,202110,19,"10,800",13,1992,지천로 46,,-,-
경상북도 영주시 휴천동,456,456,0,현대,74.507,202110,21,"9,200",12,1992,지천로50번길 5,,-,-
경상북도 영주시 휴천동,456,456,0,현대,74.507,202110,22,"11,150",9,1992,지천로 46,,-,-
경상북도 영주시 휴천동,452,452,0,현대2,59.407,202110,4,"8,500",14,1996,지천로50번길 38,,-,-
경상북도 영주시 휴천동,452,452,0,현대2,59.407,202110,8,"8,500",16,1996,지천로50번길 38,,-,-
경상북도 영주시 휴천동,452,452,0,현대2,84.58,202110,19,"16,400",11,1996,지천로50번길 38,,-,-
경상북도 영주시 휴천동,717-34,717,34,현대골든,59.58,202110,31,"6,300",3,1989,번영로 101,,-,-
경상북도 영주시 휴천동,661,661,0,현대궁전,84.42,202110,19,"6,000",4,1988,대동로 197-9,,-,-
경상북도 영주시 휴천동,419,419,0,현대대영,84.95,202110,3,"11,700",8,1994,구성로 160-18,,-,-
경상북도 영주시 휴천동,168,168,0,현대동산,59.595,202110,4,"7,600",4,1997,남간로 38-10,,-,-
경상북도 영주시 휴천동,168,168,0,현대동산,59.595,202110,13,"8,500",10,1997,남간로 38-10,,-,-
경상북도 영주시 휴천동,168,168,0,현대동산,59.595,202110,18,"7,500",10,1997,남간로 38-10,,-,-
경상북도 영주시 휴천동,168,168,0,현대동산,59.595,202110,29,"7,950",6,1997,남간로 38-10,,-,-
경상북도 영주시 휴천동,1980,1980,0,화성라온빌,84.8995,202110,4,"20,500",4,2005,남간로71번길 46,,-,-
경상북도 영주시 휴천동,1980,1980,0,화성라온빌,84.8995,202110,6,"21,500",13,2005,남간로71번길 46,,-,-
경상북도 영주시 휴천동,392,392,0,휴천주공,41.56,202110,4,"4,300",2,1980,구성로188번길 27,,-,-
경상북도 영주시 휴천동,392,392,0,휴천주공,41.99,202110,8,"3,500",5,1980,구성로188번길 27,,-,-
경상북도 영주시 휴천동,392,392,0,휴천주공,42.55,202110,16,"4,200",4,1980,구성로188번길 27,,-,-
경상북도 영주시 휴천동,392,392,0,휴천주공,42.55,202110,21,"4,200",5,1980,구성로188번길 27,,-,-
경상북도 영주시 휴천동,392,392,0,휴천주공,41.99,202110,23,"4,000",1,1980,구성로188번길 27,,-,-
경상북도 영주시 휴천동,392,392,0,휴천주공,41.99,202110,29,"5,000",2,1980,구성로188번길 27,,-,-
경상북도 영천시 교촌동,249,249,0,목화(삼산주택),53.25,202110,9,"2,500",5,1990,청석고개길 5,,-,-
경상북도 영천시 교촌동,249,249,0,목화(삼산주택),43.83,202110,29,"2,850",2,1990,청석고개길 5,,-,-
경상북도 영천시 금호읍 덕성리,101-4,101,4,금호태성,82.98,202110,17,"9,300",8,1993,금호로 88,,-,-
경상북도 영천시 금호읍 원제리,20,20,0,금호윤성모닝타운,29.94,202110,1,"3,100",16,2018,원제2길 16-8,,-,-
경상북도 영천시 금호읍 원제리,20,20,0,금호윤성모닝타운,29.94,202110,5,"2,000",6,2018,원제2길 16-8,,-,-
경상북도 영천시 금호읍 원제리,20,20,0,금호윤성모닝타운,29.94,202110,9,"1,700",3,2018,원제2길 16-8,,-,-
경상북도 영천시 금호읍 원제리,20,20,0,금호윤성모닝타운,29.94,202110,9,"1,700",3,2018,원제2길 16-8,,-,-
경상북도 영천시 금호읍 원제리,20,20,0,금호윤성모닝타운,29.94,202110,9,"1,700",2,2018,원제2길 16-8,,-,-
경상북도 영천시 금호읍 원제리,20,20,0,금호윤성모닝타운,29.94,202110,9,"1,700",2,2018,원제2길 16-8,,-,-
경상북도 영천시 금호읍 원제리,20,20,0,금호윤성모닝타운,29.94,202110,11,"2,050",14,2018,원제2길 16-8,,-,-
경상북도 영천시 금호읍 원제리,20,20,0,금호윤성모닝타운,29.94,202110,12,"2,100",5,2018,원제2길 16-8,,-,-
경상북도 영천시 금호읍 원제리,20,20,0,금호윤성모닝타운,29.94,202110,13,"1,720",1,2018,원제2길 16-8,,-,-
경상북도 영천시 금호읍 원제리,20,20,0,금호윤성모닝타운,29.94,202110,14,"1,800",18,2018,원제2길 16-8,,-,-
경상북도 영천시 금호읍 원제리,20,20,0,금호윤성모닝타운,29.94,202110,14,"1,950",6,2018,원제2길 16-8,,-,-
경상북도 영천시 금호읍 원제리,20,20,0,금호윤성모닝타운,29.94,202110,18,"2,250",13,2018,원제2길 16-8,,-,-
경상북도 영천시 금호읍 원제리,20,20,0,금호윤성모닝타운,29.94,202110,18,"2,100",13,2018,원제2길 16-8,,-,-
경상북도 영천시 금호읍 원제리,20,20,0,금호윤성모닝타운,29.94,202110,21,"2,000",14,2018,원제2길 16-8,,-,-
경상북도 영천시 금호읍 원제리,20,20,0,금호윤성모닝타운,29.94,202110,23,"2,100",10,2018,원제2길 16-8,,-,-
경상북도 영천시 금호읍 원제리,20,20,0,금호윤성모닝타운,29.94,202110,27,"2,050",3,2018,원제2길 16-8,,-,-
경상북도 영천시 망정동,309-2,309,2,보성스타팰리스,59.98,202110,2,"11,500",9,2014,망정1길 138,,-,-
경상북도 영천시 망정동,309-2,309,2,보성스타팰리스,59.98,202110,22,"11,700",3,2014,망정1길 138,,-,-
경상북도 영천시 망정동,129,129,0,영천망정1단지1주공,39.99,202110,5,"4,450",9,1997,동부로 40,,-,-
경상북도 영천시 망정동,129,129,0,영천망정1단지1주공,49.96,202110,18,"6,300",8,1997,동부로 40,,-,-
경상북도 영천시 망정동,129,129,0,영천망정1단지2주공,59.51,202110,2,"7,050",7,1997,동부로 40,,-,-
경상북도 영천시 망정동,129,129,0,영천망정1단지2주공,59.47,202110,6,"7,350",18,1997,동부로 40,,-,-
경상북도 영천시 망정동,129,129,0,영천망정1단지2주공,59.51,202110,23,"7,000",11,1997,동부로 40,,-,-
경상북도 영천시 망정동,116,116,0,영천망정3주공,59.99,202110,7,"10,300",13,1998,동부로 14,,-,-
경상북도 영천시 망정동,116,116,0,영천망정3주공,49.29,202110,11,"6,200",15,1998,동부로 14,,-,-
경상북도 영천시 망정동,116,116,0,영천망정3주공,59.99,202110,11,"8,200",18,1998,동부로 14,,-,-
경상북도 영천시 망정동,116,116,0,영천망정3주공,59.99,202110,14,"8,600",7,1998,동부로 14,,-,-
경상북도 영천시 망정동,116,116,0,영천망정3주공,59.99,202110,20,"8,400",17,1998,동부로 14,,-,-
경상북도 영천시 망정동,116,116,0,영천망정3주공,59.99,202110,23,"7,000",1,1998,동부로 14,,-,-
경상북도 영천시 망정동,116,116,0,영천망정3주공,59.99,202110,25,"7,800",7,1998,동부로 14,,-,-
경상북도 영천시 망정동,116,116,0,영천망정4주공,49.79,202110,4,"6,400",6,1998,동부로 14,,-,-
경상북도 영천시 망정동,176-4,176,4,월성위너파크,84.68,202110,7,"14,500",10,2012,망정2길 7-3,,-,-
경상북도 영천시 망정동,461,461,0,인터불고코아루,84.916,202110,15,"18,700",17,2015,창신1길 42,,-,-
경상북도 영천시 망정동,462-2,462,2,창신영천타운,59.34,202110,1,"6,800",12,1997,창신1길 12,,-,-
경상북도 영천시 망정동,462-2,462,2,창신영천타운,59.34,202110,1,"6,100",13,1997,창신1길 12,,-,-
경상북도 영천시 망정동,462-2,462,2,창신영천타운,59.34,202110,4,"6,100",3,1997,창신1길 21,,-,-
경상북도 영천시 망정동,462-2,462,2,창신영천타운,59.34,202110,19,"7,000",10,1997,창신1길 21,,-,-
경상북도 영천시 망정동,462-2,462,2,창신영천타운,59.34,202110,29,"8,000",14,1997,창신1길 21,,-,-
경상북도 영천시 망정동,461-1,461,1,청솔,47.1934,202110,4,"4,100",15,2001,청솔길 23-6,,-,-
경상북도 영천시 망정동,461-1,461,1,청솔,47.1934,202110,14,"4,100",1,2001,청솔길 23-6,,-,-
경상북도 영천시 망정동,461-1,461,1,청솔,47.1934,202110,14,"4,170",8,2001,청솔길 23-6,,-,-
경상북도 영천시 망정동,461-1,461,1,청솔,47.1934,202110,21,"4,500",6,2001,청솔길 23-6,,-,-
경상북도 영천시 망정동,461-1,461,1,청솔,47.1934,202110,22,"4,250",15,2001,청솔길 23-6,,-,-
경상북도 영천시 망정동,461-1,461,1,청솔,47.1934,202110,26,"4,150",9,2001,청솔길 23-6,,-,-
경상북도 영천시 문내동,01월 01일,1,1,영천대동다:숲,84.9752,202110,15,"16,200",10,2008,중앙동1길 102-11,,-,-
경상북도 영천시 문내동,01월 01일,1,1,영천대동다:숲,128.3884,202110,20,"24,300",4,2008,중앙동1길 102-11,,-,-
경상북도 영천시 문내동,01월 01일,1,1,영천대동다:숲,84.9752,202110,27,"16,000",9,2008,중앙동1길 102-11,,-,-
경상북도 영천시 문외동,200,200,0,삼산무지개타운,84.95,202110,5,"11,400",17,1993,청산길 29,,-,-
경상북도 영천시 문외동,384,384,0,엘에이치영천센트럴타운,84.76,202110,1,"23,900",7,2020,충효로 39,,-,-
경상북도 영천시 문외동,384,384,0,엘에이치영천센트럴타운,84.63,202110,16,"24,500",18,2020,충효로 39,,-,-
경상북도 영천시 문외동,384,384,0,엘에이치영천센트럴타운,84.63,202110,17,"27,500",15,2020,충효로 39,,-,-
경상북도 영천시 문외동,384,384,0,엘에이치영천센트럴타운,59.72,202110,25,"18,500",16,2020,충효로 39,,-,-
경상북도 영천시 문외동,384,384,0,엘에이치영천센트럴타운,84.63,202110,28,"23,990",12,2020,충효로 39,,-,-
경상북도 영천시 봉동,805,805,0,봉동선원가와인,59.8989,202110,7,"10,000",7,2014,봉동1길 51,,-,-
경상북도 영천시 봉동,805,805,0,봉동선원가와인,84.8529,202110,12,"12,400",5,2014,봉동1길 51,,-,-
경상북도 영천시 야사동,92,92,0,금성,41.4675,202110,1,"2,700",3,1988,망정1길 95,,-,-
경상북도 영천시 야사동,120,120,0,야사5단지주공아파트,51.66,202110,18,"5,700",11,1994,충효로 147,,-,-
경상북도 영천시 야사동,120,120,0,야사5단지주공아파트,51.66,202110,29,"4,950",7,1994,충효로 147,,-,-
경상북도 영천시 야사동,311,311,0,야사주공2차단지,47.33,202110,8,"5,900",3,1985,상록4길 25,,-,-
경상북도 영천시 야사동,311,311,0,야사주공2차단지,46.97,202110,14,"5,100",4,1985,상록4길 25,,-,-
경상북도 영천시 야사동,311,311,0,야사주공2차단지,40.47,202110,20,"4,500",3,1985,상록4길 25,,-,-
경상북도 영천시 야사동,120,120,0,야사주공3차단지,32.76,202110,5,"2,900",4,1991,충효로 147,,-,-
경상북도 영천시 야사동,120,120,0,야사주공3차단지,42.48,202110,8,"3,000",3,1991,충효로 147,,-,-
경상북도 영천시 야사동,120,120,0,야사주공3차단지,47.31,202110,9,"3,650",3,1991,충효로 147,,-,-
경상북도 영천시 야사동,120,120,0,야사주공3차단지,42.48,202110,12,"3,350",4,1991,충효로 147,,-,-
경상북도 영천시 야사동,120,120,0,야사주공3차단지,32.76,202110,22,"3,000",4,1991,충효로 147,,-,-
경상북도 영천시 야사동,120,120,0,야사주공3차단지,32.76,202110,24,"3,270",1,1991,충효로 147,,-,-
경상북도 영천시 야사동,211-4,211,4,유성타워맨션,58.26,202110,7,"5,400",5,1991,영천고1길 76,,-,-
경상북도 영천시 야사동,350-1,350,1,청구타운1차단지,84.93,202110,6,"9,200",2,1992,모란1길 18,,-,-
경상북도 영천시 야사동,350-1,350,1,청구타운1차단지,59.96,202110,9,"5,800",13,1992,모란1길 18,,-,-
경상북도 영천시 야사동,350-1,350,1,청구타운1차단지,84.93,202110,16,"10,050",9,1992,모란1길 18,20211103,-,-
경상북도 영천시 야사동,350-1,350,1,청구타운1차단지,84.93,202110,16,"10,000",9,1992,모란1길 18,,-,-
경상북도 영천시 야사동,350-1,350,1,청구타운1차단지,84.93,202110,19,"9,300",18,1992,모란1길 18,,-,-
경상북도 영천시 야사동,350-1,350,1,청구타운1차단지,117.01,202110,28,"11,900",15,1992,모란1길 18,,-,-
경상북도 영천시 야사동,350-1,350,1,청구타운1차단지,84.93,202110,30,"10,300",7,1992,모란1길 18,,-,-
경상북도 영천시 야사동,350-2,350,2,청구타운2차단지,59.96,202110,2,"6,500",4,1993,모란1길 18,,-,-
경상북도 영천시 야사동,350-2,350,2,청구타운2차단지,59.96,202110,25,"6,500",18,1993,모란1길 18,,-,-
경상북도 영천시 야사동,671,671,0,한신더휴영천퍼스트,75.7055,202110,9,"19,500",12,2017,망정1길 171,,-,-
경상북도 영천시 야사동,671,671,0,한신더휴영천퍼스트,84.4707,202110,9,"25,000",8,2017,망정1길 171,,-,-
경상북도 영천시 야사동,671,671,0,한신더휴영천퍼스트,75.7055,202110,12,"20,300",17,2017,망정1길 171,,-,-
경상북도 영천시 야사동,671,671,0,한신더휴영천퍼스트,84.4707,202110,12,"24,000",20,2017,망정1길 171,,-,-
경상북도 영천시 야사동,671,671,0,한신더휴영천퍼스트,75.7055,202110,18,"19,800",11,2017,망정1길 171,,-,-
경상북도 영천시 야사동,671,671,0,한신더휴영천퍼스트,84.4707,202110,22,"25,700",6,2017,망정1길 171,,-,-
경상북도 영천시 야사동,671,671,0,한신더휴영천퍼스트,84.9389,202110,28,"22,800",6,2017,망정1길 171,,-,-
경상북도 영천시 야사동,671,671,0,한신더휴영천퍼스트,84.4707,202110,30,"23,400",1,2017,망정1길 171,,-,-
경상북도 영천시 언하동,433-1,433,1,언하,57.29,202110,26,"2,500",5,1990,언하2길 6,,-,-
경상북도 영천시 완산동,1436,1436,0,e편한세상센텀스타시티영천1블럭,84.7086,202110,1,"27,030",3,2021,완산9길 15,,-,-
경상북도 영천시 완산동,1436,1436,0,e편한세상센텀스타시티영천1블럭,84.7086,202110,1,"28,120",10,2021,완산9길 15,,-,-
경상북도 영천시 완산동,1436,1436,0,e편한세상센텀스타시티영천1블럭,84.7086,202110,7,"28,120",6,2021,완산9길 15,,-,-
경상북도 영천시 완산동,1436,1436,0,e편한세상센텀스타시티영천1블럭,112.668,202110,7,"36,000",4,2021,완산9길 15,,-,-
경상북도 영천시 완산동,1436,1436,0,e편한세상센텀스타시티영천1블럭,84.9806,202110,13,"27,820",6,2021,완산9길 15,,-,-
경상북도 영천시 완산동,1436,1436,0,e편한세상센텀스타시티영천1블럭,84.7342,202110,15,"27,420",5,2021,완산9길 15,,-,-
경상북도 영천시 완산동,1436,1436,0,e편한세상센텀스타시티영천1블럭,84.7342,202110,16,"26,890",4,2021,완산9길 15,,-,-
경상북도 영천시 완산동,1436,1436,0,e편한세상센텀스타시티영천1블럭,84.9806,202110,18,"29,800",18,2021,완산9길 15,,-,-
경상북도 영천시 완산동,1436,1436,0,e편한세상센텀스타시티영천1블럭,74.8246,202110,22,"25,490",4,2021,완산9길 15,,-,-
경상북도 영천시 완산동,1436,1436,0,e편한세상센텀스타시티영천1블럭,84.9806,202110,22,"27,280",4,2021,완산9길 15,,-,-
경상북도 영천시 완산동,1436,1436,0,e편한세상센텀스타시티영천1블럭,84.9806,202110,27,"29,800",8,2021,완산9길 15,,-,-
경상북도 영천시 완산동,1437,1437,0,e편한세상센텀스타시티영천2블럭,84.7086,202110,12,"30,000",9,2021,완산9길 16,,-,-
경상북도 영천시 완산동,1437,1437,0,e편한세상센텀스타시티영천2블럭,74.7538,202110,23,"26,560",25,2021,완산9길 16,,-,-
경상북도 영천시 완산동,1437,1437,0,e편한세상센텀스타시티영천2블럭,84.7086,202110,25,"28,950",20,2021,완산9길 16,,-,-
경상북도 영천시 완산동,1009-1,1009,1,궁전맨션,84.91,202110,22,"7,850",2,1990,완산6길 29,,-,-
경상북도 영천시 완산동,1460,1460,0,영천완산미소지움1차,84.806,202110,10,"20,300",16,2018,완산5길 25,,-,-
경상북도 영천시 완산동,1460,1460,0,영천완산미소지움1차,59.8937,202110,12,"17,400",19,2018,완산5길 25,,-,-
경상북도 영천시 완산동,1460,1460,0,영천완산미소지움1차,84.9888,202110,15,"23,700",23,2018,완산5길 25,,-,-
경상북도 영천시 완산동,1470,1470,0,영천완산미소지움2차,84.7579,202110,13,"25,800",12,2019,완산5길 111,,-,-
경상북도 영천시 완산동,1470,1470,0,영천완산미소지움2차,84.9631,202110,15,"25,650",6,2019,완산5길 111,,-,-
경상북도 영천시 완산동,1470,1470,0,영천완산미소지움2차,84.9631,202110,15,"25,419",3,2019,완산5길 111,,-,-
경상북도 영천시 완산동,1470,1470,0,영천완산미소지움2차,84.9631,202110,15,"25,219",25,2019,완산5길 111,,-,-
경상북도 영천시 완산동,1470,1470,0,영천완산미소지움2차,84.9631,202110,16,"24,209",2,2019,완산5길 111,,-,-
경상북도 영천시 완산동,1470,1470,0,영천완산미소지움2차,84.9631,202110,18,"25,219",19,2019,완산5길 111,,-,-
경상북도 영천시 완산동,1470,1470,0,영천완산미소지움2차,67.1603,202110,21,"21,030",5,2019,완산5길 111,,-,-
경상북도 영천시 완산동,1470,1470,0,영천완산미소지움2차,84.9631,202110,24,"25,219",20,2019,완산5길 111,,-,-
경상북도 영천시 완산동,1470,1470,0,영천완산미소지움2차,67.1603,202110,29,"20,190",2,2019,완산5길 111,,-,-
경상북도 영천시 완산동,1470,1470,0,영천완산미소지움2차,84.7579,202110,30,"25,879",11,2019,완산5길 111,,-,-
경상북도 영천시 완산동,988-4,988,4,청구하이츠,84.975,202110,15,"14,700",12,2001,강남길 31,,-,-
경상북도 영천시 화룡동,181-2,181,2,녹원맨션,59.9,202110,27,"3,800",1,1991,상아탑길 13,,-,-
경상북도 영천시 화룡동,182-3,182,3,양지맨션1차단지,59.43,202110,4,"5,300",2,1988,상아탑길 7-6,,-,-
경상북도 예천군 예천읍 남본리,157-1,157,1,명성주택남본리,84.683,202110,12,"10,000",2,2003,양궁로 6,,-,-
경상북도 예천군 예천읍 남본리,319,319,0,예천이테크코아루,84.99,202110,2,"23,000",12,2018,양궁로 60-20,,-,-
경상북도 예천군 예천읍 남본리,319,319,0,예천이테크코아루,73.41,202110,21,"16,600",6,2018,양궁로 60-20,,-,-
경상북도 예천군 예천읍 대심리,Jan-75,75,1,대심팰리채,82.4024,202110,16,"15,000",9,2016,봉덕로 11-3,,-,-
경상북도 예천군 예천읍 대심리,424-1,424,1,로얄맨션라동,76.71,202110,5,"3,500",3,1991,대심1길 30,,-,-
경상북도 예천군 예천읍 동본리,448-3,448,3,쌍용1차,49.23,202110,8,"2,000",5,1991,한천길 37-7,,-,-
경상북도 예천군 예천읍 동본리,468,468,0,이원동본,84.683,202110,13,"9,000",5,2004,동읍내길 14-6,,-,-
경상북도 예천군 예천읍 서본리,228,228,0,이원퍼스트,84.9376,202110,6,"14,000",12,2005,충효로 209-9,,-,-
경상북도 예천군 예천읍 서본리,228,228,0,이원퍼스트,84.9376,202110,15,"13,700",14,2005,충효로 209-9,,-,-
경상북도 예천군 예천읍 청복리,383-4,383,4,예천세아101동,58.62,202110,4,"5,000",8,1997,양궁로 83,,-,-
경상북도 예천군 예천읍 청복리,383-4,383,4,예천세아101동,39.6,202110,6,"2,750",10,1997,양궁로 83,,-,-
경상북도 예천군 예천읍 청복리,383-2,383,2,예천세아102동,58.62,202110,1,"5,400",3,1997,양궁로 83,,-,-
경상북도 예천군 예천읍 청복리,383-2,383,2,예천세아102동,58.22,202110,4,"6,000",16,1997,양궁로 83,,-,-
경상북도 예천군 예천읍 청복리,383-2,383,2,예천세아102동,58.22,202110,29,"4,000",9,1997,양궁로 83,,-,-
경상북도 예천군 호명면 산합리,1120,1120,0,경북도청모아엘가에듀파크,84.7397,202110,8,"30,000",19,2018,양지로 55,,-,-
경상북도 예천군 호명면 산합리,1120,1120,0,경북도청모아엘가에듀파크,84.9024,202110,9,"28,000",1,2018,양지로 55,,-,-
경상북도 예천군 호명면 산합리,1400,1400,0,경북도청신도시우방아이유쉘센텀,84.9983,202110,7,"25,000",2,2017,검무로 27,,-,-
경상북도 예천군 호명면 산합리,1400,1400,0,경북도청신도시우방아이유쉘센텀,84.949,202110,9,"31,000",20,2017,검무로 27,,-,-
경상북도 예천군 호명면 산합리,1400,1400,0,경북도청신도시우방아이유쉘센텀,84.9578,202110,9,"30,000",5,2017,검무로 27,,-,-
경상북도 예천군 호명면 산합리,1400,1400,0,경북도청신도시우방아이유쉘센텀,84.949,202110,14,"28,500",6,2017,검무로 27,,-,-
경상북도 예천군 호명면 산합리,1400,1400,0,경북도청신도시우방아이유쉘센텀,84.9983,202110,17,"31,700",10,2017,검무로 27,,-,-
경상북도 예천군 호명면 산합리,1398,1398,0,경북도청신도시우방아이유쉘센트럴,84.9983,202110,9,"27,000",4,2017,행복로 229,,-,-
경상북도 예천군 호명면 산합리,1398,1398,0,경북도청신도시우방아이유쉘센트럴,84.949,202110,9,"31,500",7,2017,행복로 229,,-,-
경상북도 예천군 호명면 산합리,1398,1398,0,경북도청신도시우방아이유쉘센트럴,84.949,202110,13,"30,000",19,2017,행복로 229,,-,-
경상북도 예천군 호명면 산합리,1398,1398,0,경북도청신도시우방아이유쉘센트럴,84.949,202110,29,"31,000",13,2017,행복로 229,,-,-
경상북도 예천군 호명면 산합리,1397,1397,0,경북도청신도시호반베르디움1차,84.9868,202110,6,"34,000",14,2017,행복로 215,,-,-
경상북도 예천군 호명면 산합리,1397,1397,0,경북도청신도시호반베르디움1차,75.9845,202110,8,"28,000",7,2017,행복로 215,,-,-
경상북도 예천군 호명면 산합리,1397,1397,0,경북도청신도시호반베르디움1차,84.9868,202110,11,"30,000",8,2017,행복로 215,,-,-
경상북도 예천군 호명면 산합리,1397,1397,0,경북도청신도시호반베르디움1차,84.9868,202110,30,"30,900",4,2017,행복로 215,,-,-
경상북도 예천군 호명면 산합리,1381,1381,0,경북도청신도시호반베르디움2차,75.6867,202110,17,"29,800",4,2017,양지로 14,,-,-
경상북도 예천군 호명면 산합리,1381,1381,0,경북도청신도시호반베르디움2차,75.9845,202110,22,"33,300",4,2017,양지로 14,,-,-
경상북도 예천군 호명면 산합리,1382,1382,0,경북도청아이파크,84.9931,202110,4,"28,000",5,2015,새움3로 7,,-,-
경상북도 예천군 호명면 산합리,1382,1382,0,경북도청아이파크,84.9931,202110,6,"24,000",1,2015,새움3로 7,,-,-
경상북도 예천군 호명면 산합리,1382,1382,0,경북도청아이파크,84.9931,202110,13,"24,000",1,2015,새움3로 7,,-,-
경상북도 예천군 호명면 산합리,1382,1382,0,경북도청아이파크,84.9931,202110,27,"31,500",8,2015,새움3로 7,,-,-
경상북도 예천군 호명면 산합리,1393,1393,0,동일스위트더파크,84.7978,202110,2,"37,400",12,2019,행복로 177,,-,-
경상북도 예천군 호명면 산합리,1393,1393,0,동일스위트더파크,84.7978,202110,22,"33,500",2,2019,행복로 177,,-,-
경상북도 예천군 호명면 산합리,1393,1393,0,동일스위트더파크,84.7978,202110,23,"37,700",9,2019,행복로 177,,-,-
경상북도 예천군 호명면 산합리,1393,1393,0,동일스위트더파크,84.7978,202110,23,"35,000",9,2019,행복로 177,,-,-
경상북도 예천군 호명면 산합리,1401,1401,0,우방아이유쉘1차,84.9428,202110,2,"27,000",7,2016,검무로 17,,-,-
경상북도 예천군 호명면 산합리,1401,1401,0,우방아이유쉘1차,84.9428,202110,7,"29,000",5,2016,검무로 17,,-,-
경상북도 예천군 호명면 산합리,1401,1401,0,우방아이유쉘1차,84.9672,202110,9,"27,000",6,2016,검무로 17,,-,-
경상북도 예천군 호명면 산합리,1401,1401,0,우방아이유쉘1차,84.9948,202110,11,"24,500",2,2016,검무로 17,,-,-
경상북도 예천군 호명면 산합리,1401,1401,0,우방아이유쉘1차,84.9428,202110,12,"26,500",7,2016,검무로 17,,-,-
경상북도 예천군 호명면 산합리,1383,1383,0,우방아이유쉘2차,84.9428,202110,1,"29,000",4,2016,행복로 230,,-,-
경상북도 예천군 호명면 산합리,1383,1383,0,우방아이유쉘2차,84.9948,202110,2,"31,000",12,2016,행복로 230,,-,-
경상북도 예천군 호명면 산합리,1383,1383,0,우방아이유쉘2차,84.9672,202110,3,"26,900",3,2016,행복로 230,,-,-
경상북도 예천군 호명면 산합리,1383,1383,0,우방아이유쉘2차,84.9948,202110,15,"21,000",12,2016,행복로 230,,-,-
경상북도 울진군 근남면 노음리,325-38,325,38,리버사이드빌,59.9138,202110,25,"15,200",4,2018,성류굴로 9,,-,-
경상북도 울진군 근남면 노음리,303-3,303,3,행복아파트,84.6934,202110,5,"16,000",5,2016,노음4길 1,,-,-
경상북도 울진군 북면 나곡리,Jan-62,62,1,석호마을,84.907,202110,15,"10,200",5,2007,울진북로 2234,,-,-
경상북도 울진군 울진읍 고성리,14,14,0,금광베네스타,39.1331,202110,1,"9,900",7,2014,울진북로 602,,-,-
경상북도 울진군 울진읍 고성리,14,14,0,금광베네스타,39.1331,202110,5,"9,800",6,2014,울진북로 602,,-,-
경상북도 울진군 울진읍 고성리,32,32,0,송림파크맨션,78.35,202110,16,"8,100",2,1991,새마실1길 34,,-,-
경상북도 울진군 울진읍 고성리,32,32,0,송림파크맨션,75.26,202110,21,"7,000",5,1991,새마실1길 34,,-,-
경상북도 울진군 울진읍 읍남리,351,351,0,제원하이빌,84.59,202110,28,"13,800",10,2011,토일1길 70-16,,-,-
경상북도 울진군 울진읍 읍내리,624,624,0,광림,59.94,202110,4,"8,300",10,1997,새마실5길 55,,-,-
경상북도 울진군 울진읍 읍내리,07월 01일,7,1,울진센텀리치파크,83.8954,202110,11,"34,800",14,2018,공세항길 19-57,,-,-
경상북도 울진군 죽변면 죽변리,251-16,251,16,대건(251-16),56.56,202110,15,"5,000",3,1994,죽변6길 36,,-,-
경상북도 울진군 죽변면 죽변리,251-16,251,16,대건(251-16),71.28,202110,25,"5,300",1,1994,죽변6길 36,,-,-
경상북도 울진군 죽변면 죽변리,261,261,0,대건(261),59.13,202110,8,"4,400",4,1992,죽변6길 7,,-,-
경상북도 울진군 죽변면 죽변리,271-10,271,10,청보맨션,83.96,202110,25,"7,000",3,1991,죽변5길 16,,-,-
경상북도 울진군 죽변면 후정리,35,35,0,파크뷰,84.9652,202110,15,"21,300",9,2015,후정2길 20-12,,-,-
경상북도 울진군 후포면 삼율리,258,258,0,공영하이츠,58.85,202110,15,"8,600",4,1992,정실2길 24-1,,-,-
경상북도 울진군 후포면 삼율리,258,258,0,공영하이츠,120.18,202110,17,"17,300",2,1992,정실2길 24-1,,-,-
경상북도 울진군 후포면 삼율리,280,280,0,삼영,68.58,202110,1,"3,000",5,1991,울진대게로 24-7,,-,-
경상북도 의성군 의성읍 도동리,594-1,594,1,경신,49.75,202110,15,"6,000",11,1994,치선오상길 13,,-,-
경상북도 의성군 의성읍 도동리,993,993,0,성호,55.89,202110,5,"4,500",5,1985,구봉길 198,,-,-
경상북도 의성군 의성읍 중리리,536-1,536,1,의성미진이지비아,84.9782,202110,7,"29,700",3,2015,홍술로 192,,-,-
경상북도 의성군 의성읍 중리리,536-1,536,1,의성미진이지비아,76.9642,202110,8,"26,600",9,2015,홍술로 192,,-,-
경상북도 의성군 의성읍 중리리,536-1,536,1,의성미진이지비아,76.0268,202110,19,"25,000",1,2015,홍술로 192,,-,-
경상북도 의성군 의성읍 중리리,735-1,735,1,청구제네스1,59.7,202110,13,"11,800",3,2003,충효로 75,,-,-
경상북도 청도군 이서면 학산리,517,517,0,청도웰그린,59.292,202110,11,"7,100",1,2005,학산3길 40,,-,-
경상북도 청도군 청도읍 고수리,Jun-97,97,6,BS에코파크,84.7025,202110,1,"18,550",3,2013,한내길 50-14,,-,-
경상북도 청도군 청도읍 고수리,Jun-97,97,6,BS에코파크,59.6903,202110,15,"13,500",13,2013,한내길 50-14,,-,-
경상북도 청도군 청도읍 고수리,1033-1,1033,1,대안(A동),56.76,202110,13,"4,000",4,1990,고수구길 193,,-,-
경상북도 청도군 청도읍 고수리,1033-1,1033,1,대안(A동),56.76,202110,16,"3,400",4,1990,고수구길 193,,-,-
경상북도 청도군 청도읍 고수리,708-1,708,1,동의센트럴파크3차,84.0458,202110,25,"18,560",4,2018,청도신기길 30,,-,-
경상북도 청도군 청도읍 고수리,708-1,708,1,동의센트럴파크3차,84.9114,202110,26,"20,800",6,2018,청도신기길 30,,-,-
경상북도 청도군 청도읍 고수리,156-19,156,19,비슬휴림,47.7454,202110,4,"12,700",5,2018,고수구길 19-1,,-,-
경상북도 청도군 청도읍 고수리,842-1,842,1,아이노블청도아파트,84.8369,202110,1,"24,000",4,2017,청화로 213-1,,-,-
경상북도 청도군 청도읍 고수리,842-1,842,1,아이노블청도아파트,78.6587,202110,24,"23,000",3,2017,청화로 213-1,,-,-
경상북도 청도군 화양읍 범곡리,484,484,0,정방동백,83.62,202110,29,"7,700",3,1992,청화로 26,,-,-
경상북도 청도군 화양읍 범곡리,438,438,0,청도코아루블루핀,84.9281,202110,1,"24,222",13,2018,청화로 26-1,,-,-
경상북도 청도군 화양읍 범곡리,438,438,0,청도코아루블루핀,84.9281,202110,21,"22,270",5,2018,청화로 26-1,,-,-
경상북도 청송군 청송읍 금곡리,844-13,844,13,효용,60.385,202110,6,"7,700",1,1991,금곡2길 6,,-,-
경상북도 청송군 청송읍 금곡리,844-13,844,13,효용,60.385,202110,15,"6,100",2,1991,금곡2길 6,,-,-
경상북도 칠곡군 기산면 죽전리,274-4,274,4,월드피아,59.9375,202110,4,"10,000",10,2009,지산로 961,,-,-
경상북도 칠곡군 기산면 죽전리,274-4,274,4,월드피아,59.9375,202110,12,"9,500",6,2009,지산로 961,,-,-
경상북도 칠곡군 기산면 죽전리,274-4,274,4,월드피아,59.9375,202110,21,"9,400",2,2009,지산로 961,,-,-
경상북도 칠곡군 기산면 죽전리,274-4,274,4,월드피아,84.9149,202110,22,"14,400",13,2009,지산로 961,,-,-
경상북도 칠곡군 기산면 죽전리,274-4,274,4,월드피아,59.9375,202110,22,"9,800",8,2009,지산로 961,,-,-
경상북도 칠곡군 기산면 죽전리,274-4,274,4,월드피아,84.9149,202110,22,"14,500",1,2009,지산로 961,,-,-
경상북도 칠곡군 북삼읍 숭오리,01월 18일,18,1,금오현대,59.89,202110,15,"5,600",2,1996,안산2길 37-9,,-,-
경상북도 칠곡군 북삼읍 숭오리,01월 26일,26,1,숭오화성파크,52.781,202110,16,"5,000",1,2002,북삼로 193-5,,-,-
경상북도 칠곡군 북삼읍 숭오리,Feb-31,31,2,용우,54.016,202110,15,"4,300",8,2000,북삼로 188-5,,-,-
경상북도 칠곡군 북삼읍 숭오리,Feb-31,31,2,용우,33.76,202110,21,"2,500",1,2000,북삼로 188-5,,-,-
경상북도 칠곡군 북삼읍 어로리,440-1,440,1,북삼삼주,50.92,202110,18,"1,800",6,1991,어로3길 9,,-,-
경상북도 칠곡군 북삼읍 어로리,440-1,440,1,북삼삼주,50.92,202110,21,"2,350",3,1991,어로3길 9,,-,-
경상북도 칠곡군 북삼읍 인평리,675-1,675,1,로얄임대,54.9907,202110,5,"5,750",3,2002,인강9길 10,,-,-
경상북도 칠곡군 북삼읍 인평리,678-1,678,1,숭오대동타운,59.93,202110,2,"4,000",4,1995,인강5길 59,,-,-
경상북도 칠곡군 북삼읍 인평리,678-1,678,1,숭오대동타운,59.93,202110,22,"4,100",6,1995,인강5길 59,,-,-
경상북도 칠곡군 북삼읍 인평리,271-1,271,1,숭오동늘푸른타운,59.925,202110,4,"4,550",4,1995,북삼로8길 19,20211027,-,-
경상북도 칠곡군 북삼읍 인평리,271-1,271,1,숭오동늘푸른타운,59.925,202110,4,"4,550",4,1995,북삼로8길 19,,-,-
경상북도 칠곡군 북삼읍 인평리,271-1,271,1,숭오동늘푸른타운,59.925,202110,11,"5,600",13,1995,북삼로8길 19,,-,-
경상북도 칠곡군 북삼읍 인평리,271-1,271,1,숭오동늘푸른타운,59.49,202110,15,"4,800",2,1995,북삼로8길 19,,-,-
경상북도 칠곡군 북삼읍 인평리,705-1,705,1,숭오화진금봉타운2,59.99,202110,20,"4,600",4,1996,북삼로 214-4,,-,-
경상북도 칠곡군 북삼읍 인평리,1090,1090,0,인평창신,59.93,202110,2,"4,500",2,1995,금오대로6길 9-6,20211012,-,-
경상북도 칠곡군 북삼읍 인평리,1090,1090,0,인평창신,59.93,202110,2,"4,500",2,1995,금오대로6길 9-6,,-,-
경상북도 칠곡군 북삼읍 인평리,1090,1090,0,인평창신,59.93,202110,4,"5,000",14,1995,금오대로6길 9-6,,-,-
경상북도 칠곡군 북삼읍 인평리,1090,1090,0,인평창신,59.93,202110,5,"6,000",11,1995,금오대로6길 9-6,,-,-
경상북도 칠곡군 북삼읍 인평리,1090,1090,0,인평창신,59.93,202110,13,"5,700",11,1995,금오대로6길 9-6,,-,-
경상북도 칠곡군 북삼읍 인평리,1090,1090,0,인평창신,59.93,202110,14,"4,500",3,1995,금오대로6길 9-6,,-,-
경상북도 칠곡군 북삼읍 인평리,1090,1090,0,인평창신,59.93,202110,27,"6,500",14,1995,금오대로6길 9-6,,-,-
경상북도 칠곡군 북삼읍 인평리,1068,1068,0,인평화성타운,59.72,202110,17,"5,100",2,1996,인강8길 21,,-,-
경상북도 칠곡군 북삼읍 인평리,1068,1068,0,인평화성타운,59.72,202110,25,"5,700",7,1996,인강8길 21,,-,-
경상북도 칠곡군 북삼읍 인평리,1131,1131,0,칠곡북삼서희스타힐스더퍼스트,80.8622,202110,1,"29,000",11,2020,인강1길 74,,-,-
경상북도 칠곡군 북삼읍 인평리,1131,1131,0,칠곡북삼서희스타힐스더퍼스트,59.9827,202110,6,"21,000",10,2020,인강1길 74,,-,-
경상북도 칠곡군 북삼읍 인평리,1131,1131,0,칠곡북삼서희스타힐스더퍼스트,59.9277,202110,18,"20,300",4,2020,인강1길 74,,-,-
경상북도 칠곡군 북삼읍 인평리,1131,1131,0,칠곡북삼서희스타힐스더퍼스트,80.8622,202110,19,"30,000",14,2020,인강1길 74,,-,-
경상북도 칠곡군 북삼읍 인평리,690-1,690,1,화진금봉타운1,59.97,202110,6,"5,400",15,1995,안산2길 6-4,,-,-
경상북도 칠곡군 북삼읍 인평리,690-1,690,1,화진금봉타운1,59.97,202110,6,"4,800",10,1995,안산2길 6-4,,-,-
경상북도 칠곡군 북삼읍 인평리,690-1,690,1,화진금봉타운1,59.97,202110,20,"5,000",5,1995,안산2길 6-3,,-,-
경상북도 칠곡군 북삼읍 인평리,690-1,690,1,화진금봉타운1,84.9,202110,26,"12,000",2,1995,안산2길 6-4,,-,-
경상북도 칠곡군 석적읍 남율리,593,593,0,동화공단타운,59.97,202110,13,"7,100",7,1998,대교길 36,20211031,-,-
경상북도 칠곡군 석적읍 남율리,593,593,0,동화공단타운,59.97,202110,15,"5,400",8,1998,대교길 36,,-,-
경상북도 칠곡군 석적읍 남율리,593,593,0,동화공단타운,59.97,202110,26,"4,850",14,1998,대교길 36,,-,-
경상북도 칠곡군 석적읍 남율리,710,710,0,우방신천지,84.94,202110,7,"13,700",18,2002,석적로 955-19,,-,-
경상북도 칠곡군 석적읍 남율리,710,710,0,우방신천지,59.96,202110,9,"7,900",6,2002,석적로 955-19,,-,-
경상북도 칠곡군 석적읍 남율리,710,710,0,우방신천지,84.94,202110,10,"14,000",12,2002,석적로 955-19,,-,-
경상북도 칠곡군 석적읍 남율리,710,710,0,우방신천지,77.67,202110,11,"12,800",10,2002,석적로 955-19,,-,-
경상북도 칠곡군 석적읍 남율리,710,710,0,우방신천지,99.89,202110,24,"14,700",2,2002,석적로 955-19,,-,-
경상북도 칠곡군 석적읍 남율리,710,710,0,우방신천지,84.94,202110,27,"12,500",11,2002,석적로 955-19,,-,-
경상북도 칠곡군 석적읍 남율리,710,710,0,우방신천지,59.96,202110,29,"8,800",6,2002,석적로 955-19,,-,-
경상북도 칠곡군 석적읍 남율리,710,710,0,우방신천지,59.96,202110,30,"9,800",17,2002,석적로 955-19,,-,-
경상북도 칠곡군 석적읍 남율리,710,710,0,우방신천지,77.67,202110,31,"11,000",16,2002,석적로 955-19,,-,-
경상북도 칠곡군 석적읍 남율리,1087,1087,0,칠곡남율효성해링턴플레이스1단지,74.8414,202110,4,"17,000",6,2016,남율로9길 33,,-,-
경상북도 칠곡군 석적읍 남율리,1087,1087,0,칠곡남율효성해링턴플레이스1단지,74.5171,202110,5,"18,900",15,2016,남율로9길 33,20211101,-,-
경상북도 칠곡군 석적읍 남율리,1087,1087,0,칠곡남율효성해링턴플레이스1단지,59.9953,202110,5,"16,000",13,2016,남율로9길 33,,-,-
경상북도 칠곡군 석적읍 남율리,1087,1087,0,칠곡남율효성해링턴플레이스1단지,74.0566,202110,5,"19,400",16,2016,남율로9길 33,,-,-
경상북도 칠곡군 석적읍 남율리,1087,1087,0,칠곡남율효성해링턴플레이스1단지,74.8414,202110,5,"19,200",16,2016,남율로9길 33,,-,-
경상북도 칠곡군 석적읍 남율리,1087,1087,0,칠곡남율효성해링턴플레이스1단지,74.8414,202110,9,"17,600",12,2016,남율로9길 33,,-,-
경상북도 칠곡군 석적읍 남율리,1087,1087,0,칠곡남율효성해링턴플레이스1단지,74.0566,202110,9,"19,800",10,2016,남율로9길 33,,-,-
경상북도 칠곡군 석적읍 남율리,1087,1087,0,칠곡남율효성해링턴플레이스1단지,74.5171,202110,11,"19,500",11,2016,남율로9길 33,,-,-
경상북도 칠곡군 석적읍 남율리,1087,1087,0,칠곡남율효성해링턴플레이스1단지,74.0566,202110,16,"19,000",17,2016,남율로9길 33,,-,-
경상북도 칠곡군 석적읍 남율리,1087,1087,0,칠곡남율효성해링턴플레이스1단지,74.5171,202110,28,"22,900",11,2016,남율로9길 33,,-,-
경상북도 칠곡군 석적읍 남율리,764,764,0,한솔솔파크강변,84.5486,202110,8,"21,000",18,2008,석적로 905,,-,-
경상북도 칠곡군 석적읍 남율리,764,764,0,한솔솔파크강변,84.5646,202110,8,"15,000",8,2008,석적로 905,,-,-
경상북도 칠곡군 석적읍 남율리,1511,1511,0,효성해링턴플레이스(3단지),59.995,202110,1,"16,500",9,2015,남율로9길 81,,-,-
경상북도 칠곡군 석적읍 남율리,1511,1511,0,효성해링턴플레이스(3단지),59.995,202110,2,"16,000",8,2015,남율로9길 81,,-,-
경상북도 칠곡군 석적읍 남율리,1511,1511,0,효성해링턴플레이스(3단지),59.995,202110,5,"16,300",18,2015,남율로9길 81,,-,-
경상북도 칠곡군 석적읍 남율리,1511,1511,0,효성해링턴플레이스(3단지),59.995,202110,10,"15,800",7,2015,남율로9길 81,,-,-
경상북도 칠곡군 석적읍 남율리,1511,1511,0,효성해링턴플레이스(3단지),59.995,202110,12,"15,400",1,2015,남율로9길 81,,-,-
경상북도 칠곡군 석적읍 남율리,1511,1511,0,효성해링턴플레이스(3단지),59.995,202110,21,"15,300",3,2015,남율로9길 81,,-,-
경상북도 칠곡군 석적읍 남율리,1511,1511,0,효성해링턴플레이스(3단지),59.995,202110,23,"15,400",3,2015,남율로9길 81,,-,-
경상북도 칠곡군 석적읍 남율리,1337,1337,0,효성해링턴플레이스2단지,71.2506,202110,2,"21,600",10,2015,남율로9길 61,,-,-
경상북도 칠곡군 석적읍 남율리,1337,1337,0,효성해링턴플레이스2단지,84.1519,202110,8,"25,000",12,2015,남율로9길 61,,-,-
경상북도 칠곡군 석적읍 남율리,1337,1337,0,효성해링턴플레이스2단지,59.9953,202110,11,"14,500",6,2015,남율로9길 61,,-,-
경상북도 칠곡군 석적읍 남율리,1337,1337,0,효성해링턴플레이스2단지,71.2506,202110,27,"21,600",8,2015,남율로9길 61,,-,-
경상북도 칠곡군 석적읍 성곡리,902,902,0,세원오투리움,62.2229,202110,18,"8,000",3,2016,장곡길 240,,-,-
경상북도 칠곡군 석적읍 성곡리,902,902,0,세원오투리움,62.2229,202110,26,"12,000",6,2016,장곡길 240,,-,-
경상북도 칠곡군 석적읍 성곡리,902,902,0,세원오투리움,62.2229,202110,29,"11,250",6,2016,장곡길 240,,-,-
경상북도 칠곡군 석적읍 중리,141,141,0,부영,59.93,202110,1,"6,450",18,2000,북중리3길 70,,-,-
경상북도 칠곡군 석적읍 중리,141,141,0,부영,49.89,202110,1,"4,700",5,2000,북중리3길 70,,-,-
경상북도 칠곡군 석적읍 중리,141,141,0,부영,49.89,202110,5,"5,000",2,2000,북중리3길 70,,-,-
경상북도 칠곡군 석적읍 중리,141,141,0,부영,49.89,202110,6,"4,800",4,2000,북중리3길 70,,-,-
경상북도 칠곡군 석적읍 중리,141,141,0,부영,49.89,202110,6,"4,800",7,2000,북중리3길 70,,-,-
경상북도 칠곡군 석적읍 중리,141,141,0,부영,59.93,202110,7,"6,000",10,2000,북중리3길 70,,-,-
경상북도 칠곡군 석적읍 중리,141,141,0,부영,59.93,202110,8,"6,000",16,2000,북중리3길 70,,-,-
경상북도 칠곡군 석적읍 중리,141,141,0,부영,49.89,202110,8,"5,300",4,2000,북중리3길 70,,-,-
경상북도 칠곡군 석적읍 중리,141,141,0,부영,59.93,202110,10,"6,700",18,2000,북중리3길 70,,-,-
경상북도 칠곡군 석적읍 중리,141,141,0,부영,49.89,202110,11,"4,600",3,2000,북중리3길 70,,-,-
경상북도 칠곡군 석적읍 중리,141,141,0,부영,49.89,202110,11,"5,500",12,2000,북중리3길 70,,-,-
경상북도 칠곡군 석적읍 중리,141,141,0,부영,59.93,202110,11,"7,200",13,2000,북중리3길 70,,-,-
경상북도 칠곡군 석적읍 중리,141,141,0,부영,49.89,202110,14,"5,200",6,2000,북중리3길 70,,-,-
경상북도 칠곡군 석적읍 중리,141,141,0,부영,49.89,202110,14,"5,200",8,2000,북중리3길 70,,-,-
경상북도 칠곡군 석적읍 중리,141,141,0,부영,49.89,202110,16,"4,550",2,2000,북중리3길 70,,-,-
경상북도 칠곡군 석적읍 중리,141,141,0,부영,59.93,202110,18,"6,800",16,2000,북중리3길 70,,-,-
경상북도 칠곡군 석적읍 중리,141,141,0,부영,49.89,202110,18,"5,500",8,2000,북중리3길 70,,-,-
경상북도 칠곡군 석적읍 중리,141,141,0,부영,59.93,202110,18,"7,500",8,2000,북중리3길 70,,-,-
경상북도 칠곡군 석적읍 중리,141,141,0,부영,49.89,202110,19,"4,950",15,2000,북중리3길 70,,-,-
경상북도 칠곡군 석적읍 중리,141,141,0,부영,59.93,202110,20,"6,000",16,2000,북중리3길 70,,-,-
경상북도 칠곡군 석적읍 중리,141,141,0,부영,59.93,202110,24,"6,950",7,2000,북중리3길 70,,-,-
경상북도 칠곡군 석적읍 중리,141,141,0,부영,49.89,202110,25,"6,000",8,2000,북중리3길 70,,-,-
경상북도 칠곡군 석적읍 중리,141,141,0,부영,49.89,202110,25,"5,350",5,2000,북중리3길 70,,-,-
경상북도 칠곡군 석적읍 중리,141,141,0,부영,49.89,202110,26,"5,000",4,2000,북중리3길 70,,-,-
경상북도 칠곡군 석적읍 중리,141,141,0,부영,59.93,202110,27,"6,000",13,2000,북중리3길 70,,-,-
경상북도 칠곡군 석적읍 중리,141,141,0,부영,49.89,202110,29,"5,450",7,2000,북중리3길 70,,-,-
경상북도 칠곡군 석적읍 중리,141,141,0,부영,49.89,202110,29,"5,000",2,2000,북중리3길 70,,-,-
경상북도 칠곡군 석적읍 중리,171,171,0,중리금호어울림,84.994,202110,1,"16,000",6,2008,서중리5길 66-6,,-,-
경상북도 칠곡군 약목면 관호리,952,952,0,삼주강변타운,50,202110,4,"3,400",7,1993,관호8길 28-18,,-,-
경상북도 칠곡군 약목면 관호리,952,952,0,삼주강변타운,50,202110,8,"3,400",5,1993,관호8길 28-18,,-,-
경상북도 칠곡군 약목면 관호리,952,952,0,삼주강변타운,50,202110,12,"3,900",7,1993,관호8길 28-18,,-,-
경상북도 칠곡군 약목면 관호리,952,952,0,삼주강변타운,50,202110,14,"3,000",9,1993,관호8길 28-18,,-,-
경상북도 칠곡군 약목면 관호리,952,952,0,삼주강변타운,50,202110,15,"3,700",8,1993,관호8길 28-18,,-,-
경상북도 칠곡군 약목면 관호리,952,952,0,삼주강변타운,50,202110,16,"3,500",8,1993,관호8길 28-18,,-,-
경상북도 칠곡군 약목면 관호리,952,952,0,삼주강변타운,50,202110,16,"4,900",3,1993,관호8길 28-18,,-,-
경상북도 칠곡군 약목면 관호리,952,952,0,삼주강변타운,50,202110,16,"3,800",9,1993,관호8길 28-18,,-,-
경상북도 칠곡군 약목면 관호리,952,952,0,삼주강변타운,50,202110,22,"3,000",1,1993,관호8길 28-18,,-,-
경상북도 칠곡군 약목면 관호리,952,952,0,삼주강변타운,50,202110,23,"3,300",3,1993,관호8길 28-18,,-,-
경상북도 칠곡군 약목면 관호리,산74-10,74,10,성재,39.24,202110,4,"1,250",6,1990,관호8길 32-2,,-,-
경상북도 칠곡군 약목면 관호리,산74-10,74,10,성재,31.62,202110,12,"1,300",3,1990,관호8길 32-2,,-,-
경상북도 칠곡군 약목면 관호리,산74-10,74,10,성재,39.24,202110,16,"1,850",3,1990,관호8길 32-2,,-,-
경상북도 칠곡군 약목면 복성리,806,806,0,동신빌라트,74.97,202110,15,"4,000",4,2000,복성14길 29-1,,-,-
경상북도 칠곡군 약목면 복성리,산54,54,0,복성두성타운,59.4,202110,23,"3,000",12,1998,복성17길 54,,-,-
경상북도 칠곡군 약목면 복성리,701,701,0,오성타워맨션,84.94,202110,12,"5,000",4,1994,복성13길 24,,-,-
경상북도 칠곡군 약목면 복성리,701,701,0,오성타워맨션,84.94,202110,16,"6,500",12,1994,복성13길 24,,-,-
경상북도 칠곡군 약목면 복성리,701,701,0,오성타워맨션,84.94,202110,21,"5,800",15,1994,복성13길 24,,-,-
경상북도 칠곡군 약목면 복성리,506-1,506,1,우영,68.19,202110,5,"2,550",4,1992,복성15길 38,,-,-
경상북도 칠곡군 왜관읍 석전리,533-14,533,14,국성에이스빌,110.76,202110,21,"11,100",7,2006,석전로7길 6,,-,-
경상북도 칠곡군 왜관읍 석전리,410,410,0,대화전원타운,68.18,202110,24,"4,400",5,1992,석전로9길 7,,-,-
경상북도 칠곡군 왜관읍 석전리,771-4,771,4,무성그린맨션,59.955,202110,6,"8,450",5,1995,군청4길 32,,-,-
경상북도 칠곡군 왜관읍 석전리,771-4,771,4,무성그린맨션,84.83,202110,11,"12,000",1,1995,군청4길 32,,-,-
경상북도 칠곡군 왜관읍 석전리,771-4,771,4,무성그린맨션,59.955,202110,30,"8,000",4,1995,군청4길 32,,-,-
경상북도 칠곡군 왜관읍 석전리,561,561,0,왜관한빛타운,84.93,202110,6,"12,200",1,2000,석전로 77,,-,-
경상북도 칠곡군 왜관읍 석전리,561,561,0,왜관한빛타운,59.99,202110,13,"8,900",4,2000,석전로 77,,-,-
경상북도 칠곡군 왜관읍 석전리,561,561,0,왜관한빛타운,59.99,202110,15,"8,200",1,2000,석전로 77,,-,-
경상북도 칠곡군 왜관읍 석전리,561,561,0,왜관한빛타운,29.64,202110,31,"3,700",7,2000,석전로 77,,-,-
경상북도 칠곡군 왜관읍 석전리,892,892,0,왜관한양수자인,68.2596,202110,2,"19,300",20,2017,석전로7길 5,,-,-
경상북도 칠곡군 왜관읍 석전리,892,892,0,왜관한양수자인,68.2596,202110,11,"19,800",15,2017,석전로7길 5,,-,-
경상북도 칠곡군 왜관읍 석전리,892,892,0,왜관한양수자인,68.2596,202110,21,"18,000",2,2017,석전로7길 5,,-,-
경상북도 칠곡군 왜관읍 석전리,729-1,729,1,풍국맨션,84.945,202110,20,"9,300",5,1992,석전로2길 7,,-,-
경상북도 칠곡군 왜관읍 석전리,500-3,500,3,한일그린맨션,73.18,202110,5,"4,400",2,1992,석전로7길 21-14,,-,-
경상북도 칠곡군 왜관읍 왜관리,654-1,654,1,대동다숲2단지,84.9441,202110,20,"24,300",4,2007,평장3길 47,,-,-
경상북도 칠곡군 왜관읍 왜관리,298-1,298,1,로얄1,50.66,202110,1,"5,900",3,1989,중앙로 126,,-,-
경상북도 칠곡군 왜관읍 왜관리,298-1,298,1,로얄1,50.66,202110,13,"7,000",2,1989,중앙로 126,,-,-
경상북도 칠곡군 왜관읍 왜관리,298-1,298,1,로얄1,63.39,202110,23,"10,000",2,1989,중앙로 126,,-,-
경상북도 칠곡군 왜관읍 왜관리,798,798,0,오성,73.27,202110,23,"6,650",5,1989,구상길 156,,-,-
경상북도 칠곡군 왜관읍 왜관리,798,798,0,오성,73.27,202110,27,"6,650",5,1989,구상길 156,,-,-
경상북도 칠곡군 왜관읍 왜관리,298-10,298,10,우방타운,84.995,202110,7,"18,600",10,1992,중앙로 117,,-,-
경상북도 칠곡군 왜관읍 왜관리,298-10,298,10,우방타운,72.2,202110,12,"13,950",7,1992,중앙로 117,,-,-
경상북도 칠곡군 왜관읍 왜관리,298-10,298,10,우방타운,53.52,202110,28,"14,000",12,1992,중앙로 117,,-,-
경상북도 칠곡군 왜관읍 왜관리,1463,1463,0,칠곡왜관태왕아너스센텀,84.4317,202110,11,"33,500",22,2018,달오2길 37,,-,-
경상북도 칠곡군 왜관읍 왜관리,1463,1463,0,칠곡왜관태왕아너스센텀,70.1658,202110,16,"27,800",24,2018,달오2길 37,,-,-
경상북도 칠곡군 왜관읍 왜관리,1463,1463,0,칠곡왜관태왕아너스센텀,84.4317,202110,23,"34,200",9,2018,달오2길 37,,-,-
경상북도 칠곡군 왜관읍 왜관리,1571,1571,0,협성휴포레칠곡왜관,72.9357,202110,3,"29,000",26,2017,평장길 20,,-,-
경상북도 포항남구 구룡포읍 병포리,122,122,0,해뜨는마을,59.97,202110,1,"6,000",5,2000,병포길 124-6,,-,-
경상북도 포항남구 구룡포읍 병포리,122,122,0,해뜨는마을,49.8,202110,4,"4,000",7,2000,병포길 124-6,,-,-
경상북도 포항남구 구룡포읍 병포리,122,122,0,해뜨는마을,39.87,202110,7,"4,300",5,2000,병포길 124-6,,-,-
경상북도 포항남구 구룡포읍 병포리,122,122,0,해뜨는마을,39.87,202110,12,"4,500",14,2000,병포길 124-6,,-,-
경상북도 포항남구 구룡포읍 병포리,122,122,0,해뜨는마을,39.87,202110,17,"6,400",16,2000,병포길 124-6,,-,-
경상북도 포항남구 대도동,Feb-57,57,2,경동하이츠8차,75.11,202110,21,"7,500",1,1993,대해로91번길 6,,-,-
경상북도 포항남구 대도동,19-19,19,19,대도신성펠리스,70.9913,202110,14,"18,000",7,2013,양학천로 152,,-,-
경상북도 포항남구 대도동,640-9,640,9,동해상도타운,62.95,202110,30,"8,300",2,1989,상공로18번길 8-6,,-,-
경상북도 포항남구 대도동,128-11,128,11,"중앙상도타운(가,나)",62.43,202110,8,"8,000",3,1986,상공로104번길 26,,-,-
경상북도 포항남구 대송면 제내리,1071,1071,0,개나리,35.91,202110,12,"1,450",3,1987,제내길36번길 5-6,,-,-
경상북도 포항남구 대잠동,990,990,0,대잠그린파크명품,125.3075,202110,5,"37,800",13,2005,대이로46번길 29,,-,-
경상북도 포항남구 대잠동,990,990,0,대잠그린파크명품,84.8202,202110,20,"28,500",14,2005,대이로46번길 29,,-,-
경상북도 포항남구 대잠동,990,990,0,대잠그린파크명품,84.8202,202110,30,"25,800",3,2005,대이로46번길 29,,-,-
경상북도 포항남구 대잠동,982-3,982,3,대잠시티캐슬,83.815,202110,5,"15,000",4,2006,대이로5번길 15,,-,-
경상북도 포항남구 대잠동,469-13,469,13,이동대우,84.9468,202110,11,"20,000",6,1999,포스코대로 154,,-,-
경상북도 포항남구 대잠동,470-6,470,6,이동우방파크빌,84.965,202110,4,"25,800",19,2001,포스코대로 159,20211020,-,-
경상북도 포항남구 대잠동,470-6,470,6,이동우방파크빌,84.965,202110,4,"25,800",19,2001,포스코대로 159,,-,-
경상북도 포항남구 대잠동,470-6,470,6,이동우방파크빌,59.9839,202110,5,"19,500",7,2001,포스코대로 159,,-,-
경상북도 포항남구 대잠동,470-6,470,6,이동우방파크빌,59.9839,202110,9,"17,700",11,2001,포스코대로 159,,-,-
경상북도 포항남구 대잠동,470-6,470,6,이동우방파크빌,59.9839,202110,12,"16,000",1,2001,포스코대로 159,,-,-
경상북도 포항남구 대잠동,470-6,470,6,이동우방파크빌,59.9839,202110,13,"18,800",8,2001,포스코대로 159,,-,-
경상북도 포항남구 대잠동,470-6,470,6,이동우방파크빌,59.9839,202110,19,"16,550",7,2001,포스코대로 159,,-,-
경상북도 포항남구 대잠동,470-6,470,6,이동우방파크빌,84.965,202110,23,"27,200",15,2001,포스코대로 159,,-,-
경상북도 포항남구 대잠동,469-14,469,14,이동현대홈타운,76.8144,202110,16,"20,000",11,2000,대이로 100,,-,-
경상북도 포항남구 대잠동,955-7,955,7,천호월드,41.19,202110,1,"4,500",5,1987,새천년대로410번길 10,20211029,-,-
경상북도 포항남구 대잠동,955-7,955,7,천호월드,41.19,202110,6,"5,500",2,1987,새천년대로410번길 10,,-,-
경상북도 포항남구 대잠동,955-7,955,7,천호월드,41.19,202110,29,"4,500",5,1987,새천년대로410번길 10,,-,-
경상북도 포항남구 대잠동,1036,1036,0,포항자이아파트,84.9526,202110,19,"59,000",15,2018,상도남로 11,,-,-
경상북도 포항남구 대잠동,780-149,780,149,행복,76.79,202110,7,"48,000",5,1990,행복길 56,,-,-
경상북도 포항남구 동해면 도구리,691,691,0,대우세원빌,55.7205,202110,17,"5,800",1,2002,연오로7번길 16,,-,-
경상북도 포항남구 동해면 도구리,691,691,0,대우세원빌,56.5805,202110,27,"5,600",3,2002,연오로7번길 16,,-,-
경상북도 포항남구 동해면 도구리,7,7,0,도화,67.8,202110,25,"4,300",1,1991,일월로 107-7,,-,-
경상북도 포항남구 동해면 도구리,720-1,720,1,이화해변타운,72.41,202110,25,"5,000",1,1989,일월로81번길 8,,-,-
경상북도 포항남구 동해면 도구리,594,594,0,협성비취타운3차,51.36,202110,5,"3,300",2,1991,일월로41번길 14,,-,-
경상북도 포항남구 동해면 도구리,594,594,0,협성비취타운3차,47.57,202110,9,"2,600",4,1991,일월로41번길 14,,-,-
경상북도 포항남구 동해면 도구리,594,594,0,협성비취타운3차,47.57,202110,19,"2,700",4,1991,일월로41번길 14,,-,-
경상북도 포항남구 동해면 석리,11월 18일,18,11,삼양전원타운,59.53,202110,8,"2,500",3,1995,일월로375번길 45,,-,-
경상북도 포항남구 동해면 석리,11월 18일,18,11,삼양전원타운,59.53,202110,14,"2,950",2,1995,일월로375번길 45,,-,-
경상북도 포항남구 동해면 석리,11월 18일,18,11,삼양전원타운,59.53,202110,15,"2,300",1,1995,일월로375번길 45,,-,-
경상북도 포항남구 동해면 석리,11월 18일,18,11,삼양전원타운,59.53,202110,27,"1,700",4,1995,일월로375번길 45,,-,-
경상북도 포항남구 동해면 석리,11월 18일,18,11,삼양전원타운,59.53,202110,28,"1,700",5,1995,일월로375번길 45,,-,-
경상북도 포항남구 동해면 석리,02월 19일,19,2,신형석리,59.73,202110,9,"3,000",2,1991,일월로375번길 50,,-,-
경상북도 포항남구 동해면 석리,02월 19일,19,2,신형석리,53.72,202110,30,"2,100",3,1991,일월로375번길 50,,-,-
경상북도 포항남구 동해면 석리,07월 18일,18,7,신형석리3,59.53,202110,12,"1,650",1,1993,일월로375번길 50,,-,-
경상북도 포항남구 동해면 석리,07월 18일,18,7,신형석리3,49.76,202110,17,"1,600",5,1993,일월로375번길 50,20211102,-,-
경상북도 포항남구 동해면 신정리,가-131,131,0,포항코아루블루인시티,59.8926,202110,22,"15,000",9,2018,연오로 91,,-,-
경상북도 포항남구 동해면 약전리,398-7,398,7,도구동해,40.53,202110,21,"3,300",4,1987,일월로 115,,-,-
경상북도 포항남구 동해면 약전리,366-3,366,3,도구하야로비타운,55.41,202110,15,"2,900",5,1992,일월로155번길 13,,-,-
경상북도 포항남구 동해면 약전리,366-3,366,3,도구하야로비타운,73.87,202110,25,"7,650",3,1992,일월로155번길 13,,-,-
경상북도 포항남구 동해면 약전리,289-2,289,2,미광하야로비,59.58,202110,5,"3,000",4,1994,일월로154번길 3,,-,-
경상북도 포항남구 동해면 약전리,289-2,289,2,미광하야로비,59.58,202110,7,"4,500",1,1994,일월로154번길 3,,-,-
경상북도 포항남구 동해면 약전리,436-1,436,1,영남대자연맨션101동,53.88,202110,15,"3,000",5,1989,일월로 142,,-,-
경상북도 포항남구 동해면 약전리,421-10,421,10,영남대자연맨션102~105동,61.32,202110,6,"3,500",3,1990,일월로 139,,-,-
경상북도 포항남구 동해면 약전리,421-10,421,10,영남대자연맨션102~105동,48.93,202110,9,"2,500",2,1990,일월로 139,,-,-
경상북도 포항남구 동해면 약전리,421-10,421,10,영남대자연맨션102~105동,48.93,202110,22,"3,150",1,1990,일월로 139,,-,-
경상북도 포항남구 동해면 약전리,397-1,397,1,영남동해타운,51.83,202110,2,"3,990",1,1992,일월로109번길 10,,-,-
경상북도 포항남구 동해면 약전리,397-1,397,1,영남동해타운,51.83,202110,7,"1,600",5,1992,일월로109번길 10,,-,-
경상북도 포항남구 동해면 약전리,366-29,366,29,해맞이타운,56.1769,202110,15,"4,350",2,2000,약전로8번길 8,,-,-
경상북도 포항남구 상도동,597-13,597,13,민들레,45.99,202110,5,"5,700",4,1987,상도로 55,,-,-
경상북도 포항남구 상도동,640-4,640,4,성보파크,59.4092,202110,6,"15,800",7,2019,중섬로 98,,-,-
경상북도 포항남구 상도동,651-1,651,1,오대가든,65.73,202110,9,"8,700",4,1991,상도로8번길 4,,-,-
경상북도 포항남구 상도동,674,674,0,포항상도코아루센트럴하임,70.0112,202110,21,"38,500",15,2015,상도남로 25,,-,-
경상북도 포항남구 상도동,05월 07일,5,7,휴&아이,79.04,202110,13,"20,000",7,2017,대해로90번길 46,,-,-
경상북도 포항남구 송도동,496-18,496,18,동아빌라,59.66,202110,3,"5,600",4,1989,운하로36번길 33-5,,-,-
경상북도 포항남구 송도동,489-1,489,1,명성송도타운2차,58.6,202110,18,"3,000",5,1988,축항로 106,,-,-
경상북도 포항남구 송도동,506-1,506,1,송도백조,39.78,202110,12,"5,300",3,1988,희망대로 1085,,-,-
경상북도 포항남구 연일읍 괴정리,08월 03일,8,3,대협타워,68.58,202110,11,"7,900",6,1994,연일로199번길 24,,-,-
경상북도 포항남구 연일읍 괴정리,185-2,185,2,미광,63.73,202110,21,"4,600",1,1990,철강로41번길 15,,-,-
경상북도 포항남구 연일읍 괴정리,15,15,0,연일우성한빛타운,59.77,202110,11,"8,900",8,2001,연일로 178,,-,-
경상북도 포항남구 연일읍 괴정리,15,15,0,연일우성한빛타운,59.77,202110,29,"8,200",8,2001,연일로 178,,-,-
경상북도 포항남구 연일읍 동문리,119-3,119,3,궁전,84.93,202110,8,"6,800",3,1996,동문로 15,,-,-
경상북도 포항남구 연일읍 동문리,256-7,256,7,수정2,39.48,202110,5,"4,600",4,1987,동문로21번길 17,,-,-
경상북도 포항남구 연일읍 동문리,141-1,141,1,연일삼도한솔타운3,84.81,202110,21,"10,000",1,1998,철강로 71,,-,-
경상북도 포항남구 연일읍 동문리,141-1,141,1,연일삼도한솔타운3,59.955,202110,23,"8,150",4,1998,철강로 71,,-,-
경상북도 포항남구 연일읍 동문리,14,14,0,"유성빌라(1,2동)",47.43,202110,7,"3,800",3,1987,연일로159번길 58,,-,-
경상북도 포항남구 연일읍 동문리,Jul-33,33,7,주남메트로,59.9306,202110,21,"15,500",4,2020,동문로53번길 10-8,,-,-
경상북도 포항남구 연일읍 동문리,257-1,257,1,협성해바라기,47.43,202110,4,"3,000",2,1992,동문로21번길 22,,-,-
경상북도 포항남구 연일읍 동문리,257-1,257,1,협성해바라기,47.43,202110,4,"3,600",3,1992,동문로21번길 22,,-,-
경상북도 포항남구 연일읍 동문리,257-1,257,1,협성해바라기,47.43,202110,7,"2,500",5,1992,동문로21번길 22,,-,-
경상북도 포항남구 연일읍 생지리,83,83,0,대우네오빌3차,59.964,202110,25,"13,000",10,2006,연일로145번길 53,,-,-
경상북도 포항남구 연일읍 생지리,Jul-57,57,7,명성강변1,59.76,202110,2,"7,300",4,1990,형산강남로 300,,-,-
경상북도 포항남구 연일읍 생지리,Jul-57,57,7,명성강변1,84.95,202110,3,"8,400",5,1990,형산강남로 300,,-,-
경상북도 포항남구 연일읍 생지리,Jul-57,57,7,명성강변1,84.95,202110,5,"8,700",3,1990,형산강남로 300,,-,-
경상북도 포항남구 연일읍 생지리,Jul-57,57,7,명성강변1,84.95,202110,8,"7,950",6,1990,형산강남로 300,,-,-
경상북도 포항남구 연일읍 생지리,Jul-57,57,7,명성강변1,84.95,202110,13,"9,500",6,1990,형산강남로 300,,-,-
경상북도 포항남구 연일읍 생지리,May-57,57,5,명성강변2,59.74,202110,14,"7,050",3,1992,형산강남로 314,,-,-
경상북도 포항남구 연일읍 생지리,May-57,57,5,명성강변2,59.74,202110,28,"7,200",5,1992,형산강남로 314,,-,-
경상북도 포항남구 연일읍 생지리,Feb-57,57,2,문화강변,59.04,202110,2,"4,850",3,1992,형산강남로326번길 1,,-,-
경상북도 포항남구 연일읍 생지리,384-2,384,2,아이너스뷰,59.8487,202110,12,"15,000",4,2017,연일로 160-7,,-,-
경상북도 포항남구 연일읍 생지리,333-3,333,3,연일삼도한솔타운1,59.94,202110,2,"8,800",7,1996,연일로 142,,-,-
경상북도 포항남구 연일읍 생지리,333-3,333,3,연일삼도한솔타운1,59.94,202110,2,"8,500",4,1996,연일로 142,,-,-
경상북도 포항남구 연일읍 생지리,333-3,333,3,연일삼도한솔타운1,59.94,202110,7,"9,500",13,1996,연일로 142,,-,-
경상북도 포항남구 연일읍 생지리,333-3,333,3,연일삼도한솔타운1,59.94,202110,14,"10,500",4,1996,연일로 142,,-,-
경상북도 포항남구 연일읍 생지리,333-3,333,3,연일삼도한솔타운1,59.94,202110,21,"7,750",1,1996,연일로 142,,-,-
경상북도 포항남구 연일읍 생지리,390-3,390,3,연일삼도한솔타운2,59.94,202110,2,"9,300",8,1997,연일로 150,,-,-
경상북도 포항남구 연일읍 생지리,390-3,390,3,연일삼도한솔타운2,84.87,202110,9,"13,000",6,1997,연일로 150,,-,-
경상북도 포항남구 연일읍 생지리,386-2,386,2,우성아트빌,59.953,202110,2,"9,200",8,2003,연일로 156,,-,-
경상북도 포항남구 연일읍 생지리,386-2,386,2,우성아트빌,59.953,202110,20,"8,450",10,2003,연일로 156,,-,-
경상북도 포항남구 연일읍 생지리,386-2,386,2,우성아트빌,59.953,202110,26,"9,000",10,2003,연일로 156,,-,-
경상북도 포항남구 연일읍 생지리,399,399,0,형산강변타운,59.97,202110,6,"9,000",6,1995,연일로 130,,-,-
경상북도 포항남구 연일읍 생지리,399,399,0,형산강변타운,59.97,202110,6,"10,000",6,1995,연일로 130,,-,-
경상북도 포항남구 연일읍 생지리,399,399,0,형산강변타운,59.97,202110,9,"10,000",14,1995,연일로 130,,-,-
경상북도 포항남구 연일읍 생지리,399,399,0,형산강변타운,59.97,202110,14,"10,100",14,1995,연일로 130,,-,-
경상북도 포항남구 연일읍 생지리,399,399,0,형산강변타운,59.97,202110,15,"10,000",5,1995,연일로 130,,-,-
경상북도 포항남구 연일읍 생지리,399,399,0,형산강변타운,84.89,202110,16,"13,800",11,1995,연일로 130,,-,-
경상북도 포항남구 연일읍 생지리,399,399,0,형산강변타운,59.97,202110,19,"9,000",9,1995,연일로 130,,-,-
경상북도 포항남구 연일읍 생지리,399,399,0,형산강변타운,59.97,202110,20,"7,000",1,1995,연일로 130,,-,-
경상북도 포항남구 연일읍 오천리,170,170,0,대우네오빌프리미엄,92.3972,202110,23,"22,300",9,2009,동문로 97,,-,-
경상북도 포항남구 연일읍 오천리,1013,1013,0,연일에코코아루,84.9677,202110,17,"21,400",7,2010,동문로54번길 20,,-,-
경상북도 포항남구 연일읍 오천리,1013,1013,0,연일에코코아루,84.9822,202110,21,"23,000",6,2010,동문로54번길 20,,-,-
경상북도 포항남구 연일읍 유강리,581-1,581,1,대림한숲타운1차,74.19,202110,4,"14,800",11,1999,유강길9번길 62,,-,-
경상북도 포항남구 연일읍 유강리,581-1,581,1,대림한숲타운1차,134.95,202110,4,"27,750",4,1999,유강길9번길 62,,-,-
경상북도 포항남구 연일읍 유강리,581-1,581,1,대림한숲타운1차,84.955,202110,9,"18,250",6,1999,유강길9번길 62,,-,-
경상북도 포항남구 연일읍 유강리,581-1,581,1,대림한숲타운1차,74.19,202110,15,"16,500",8,1999,유강길9번길 62,,-,-
경상북도 포항남구 연일읍 유강리,581-1,581,1,대림한숲타운1차,74.19,202110,19,"14,500",14,1999,유강길9번길 62,,-,-
경상북도 포항남구 연일읍 유강리,581-1,581,1,대림한숲타운1차,84.955,202110,27,"20,300",9,1999,유강길9번길 62,,-,-
경상북도 포항남구 연일읍 유강리,594-3,594,3,대림한숲타운3차,84.91,202110,14,"19,700",1,1999,유강길10번길 37,,-,-
경상북도 포항남구 연일읍 유강리,593,593,0,유강우방타운,84.91,202110,8,"21,000",4,1999,유강길 32,,-,-
경상북도 포항남구 연일읍 유강리,594,594,0,유강청구,60,202110,5,"13,950",2,2000,유강길 28,,-,-
경상북도 포항남구 연일읍 유강리,594,594,0,유강청구,74.77,202110,6,"17,200",14,2000,유강길 28,,-,-
경상북도 포항남구 연일읍 유강리,584,584,0,유강코아루4단지,160.126,202110,9,"54,500",6,2009,유강길9번길 37-11,,-,-
경상북도 포항남구 연일읍 택전리,612-2,612,2,은성1차,59.54,202110,15,"3,400",3,2001,원서길118번길 2,,-,-
경상북도 포항남구 오천읍 구정리,578,578,0,오천서희스타힐스,59.88,202110,2,"18,500",3,2019,해병로181번길 8,,-,-
경상북도 포항남구 오천읍 구정리,578,578,0,오천서희스타힐스,72.75,202110,2,"25,800",17,2019,해병로181번길 8,,-,-
경상북도 포항남구 오천읍 구정리,578,578,0,오천서희스타힐스,84.88,202110,8,"26,700",3,2019,해병로181번길 8,,-,-
경상북도 포항남구 오천읍 구정리,578,578,0,오천서희스타힐스,69.94,202110,12,"22,000",2,2019,해병로181번길 8,,-,-
경상북도 포항남구 오천읍 구정리,463,463,0,우방신세계타운2차,84.96,202110,1,"13,000",9,1996,해병로 127,,-,-
경상북도 포항남구 오천읍 구정리,463,463,0,우방신세계타운2차,84.96,202110,5,"11,500",14,1996,해병로 127,,-,-
경상북도 포항남구 오천읍 구정리,463,463,0,우방신세계타운2차,84.96,202110,8,"10,900",6,1996,해병로 127,,-,-
경상북도 포항남구 오천읍 구정리,463,463,0,우방신세계타운2차,84.96,202110,11,"11,400",11,1996,해병로 127,20211104,-,-
경상북도 포항남구 오천읍 구정리,463,463,0,우방신세계타운2차,84.96,202110,12,"10,700",1,1996,해병로 127,,-,-
경상북도 포항남구 오천읍 구정리,320,320,0,황금맨션2차,64.21,202110,4,"3,900",4,1990,구정길18번길 7,,-,-
경상북도 포항남구 오천읍 문덕리,214-4,214,4,대궁꿈마을,59.4039,202110,27,"7,400",9,2002,냉천로 340,,-,-
경상북도 포항남구 오천읍 문덕리,219-3,219,3,드림빌5차,56.412,202110,27,"5,500",1,2001,문덕로12번길 10-19,,-,-
경상북도 포항남구 오천읍 문덕리,267-1,267,1,성우천마타운2,37.31,202110,5,"2,400",4,1998,문덕로12번길 29,,-,-
경상북도 포항남구 오천읍 문덕리,267-1,267,1,성우천마타운2,59.93,202110,12,"5,800",1,1998,문덕로12번길 29,,-,-
경상북도 포항남구 오천읍 문덕리,267-1,267,1,성우천마타운2,37.31,202110,20,"2,000",5,1998,문덕로12번길 29,,-,-
경상북도 포항남구 오천읍 문덕리,267-1,267,1,성우천마타운2,59.93,202110,23,"5,700",3,1998,문덕로12번길 29,,-,-
경상북도 포항남구 오천읍 문덕리,1359,1359,0,신문덕코아루,84.992,202110,9,"29,000",5,2018,해병로489번길 9,,-,-
경상북도 포항남구 오천읍 문덕리,1188-492,1188,492,오천미리내,36.166,202110,12,"3,500",5,2000,해병로 389-1,,-,-
경상북도 포항남구 오천읍 문덕리,1358,1358,0,오천웰메이드홈,74.7167,202110,1,"20,400",5,2017,해병로 451,,-,-
경상북도 포항남구 오천읍 문덕리,1358,1358,0,오천웰메이드홈,59.9289,202110,13,"15,500",9,2017,해병로 451,,-,-
경상북도 포항남구 오천읍 문덕리,307-1,307,1,정림다채움아파트,66.8781,202110,2,"18,280",10,2017,문덕로24번길 33-5,,-,-
경상북도 포항남구 오천읍 문덕리,307-1,307,1,정림다채움아파트,66.8239,202110,4,"15,800",1,2017,문덕로24번길 33-5,,-,-
경상북도 포항남구 오천읍 문덕리,307-1,307,1,정림다채움아파트,74.1148,202110,31,"18,930",10,2017,문덕로24번길 33-5,,-,-
경상북도 포항남구 오천읍 문덕리,176-2,176,2,준양참마을,59.596,202110,18,"12,300",13,2001,철강로 685,,-,-
경상북도 포항남구 오천읍 문덕리,311-1,311,1,준양프리미엄2차,43.51,202110,3,"2,400",5,1999,문덕로38번길 20,,-,-
경상북도 포항남구 오천읍 문덕리,311-1,311,1,준양프리미엄2차,43.51,202110,6,"3,300",4,1999,문덕로38번길 20,,-,-
경상북도 포항남구 오천읍 문덕리,1188-242,1188,242,천마타운,59.24,202110,2,"7,900",9,1996,정몽주로 333,,-,-
경상북도 포항남구 오천읍 문덕리,1188-242,1188,242,천마타운,59.24,202110,6,"7,900",5,1996,정몽주로 333,,-,-
경상북도 포항남구 오천읍 문덕리,1188-242,1188,242,천마타운,59.24,202110,15,"6,500",12,1996,정몽주로 333,,-,-
경상북도 포항남구 오천읍 문덕리,1188-242,1188,242,천마타운,59.24,202110,15,"6,500",11,1996,정몽주로 333,,-,-
경상북도 포항남구 오천읍 문덕리,1188-242,1188,242,천마타운,59.24,202110,23,"8,100",9,1996,정몽주로 333,,-,-
경상북도 포항남구 오천읍 문덕리,1188-242,1188,242,천마타운,59.24,202110,29,"6,000",2,1996,정몽주로 333,,-,-
경상북도 포항남구 오천읍 문덕리,203-3,203,3,청호하이츠,36,202110,1,"3,800",4,1999,해병로 405,,-,-
경상북도 포항남구 오천읍 문덕리,203-3,203,3,청호하이츠,59.775,202110,2,"8,600",2,1999,해병로 405,,-,-
경상북도 포항남구 오천읍 문덕리,203-3,203,3,청호하이츠,59.775,202110,11,"10,250",11,1999,해병로 405,,-,-
경상북도 포항남구 오천읍 문덕리,203-3,203,3,청호하이츠,59.775,202110,26,"8,800",9,1999,해병로 405,,-,-
경상북도 포항남구 오천읍 문덕리,359-1,359,1,힐링엘가,84.4,202110,13,"15,000",5,2015,문덕로54번길 21,,-,-
경상북도 포항남구 오천읍 세계리,848-1,848,1,경림신세계,66.85,202110,27,"3,000",5,1990,정몽주로 533,,-,-
경상북도 포항남구 오천읍 용덕리,371-1,371,1,대우파크빌,59.3707,202110,11,"6,100",3,2001,정몽주로646번길 16,,-,-
경상북도 포항남구 오천읍 용덕리,315-20,315,20,신흥홍실타운,59.89,202110,18,"2,900",3,1989,해병로259번길 20,,-,-
경상북도 포항남구 오천읍 용덕리,347-1,347,1,영남타운,67.08,202110,7,"3,200",4,1989,해병로231번길 13,,-,-
경상북도 포항남구 오천읍 용덕리,347-1,347,1,영남타운,42.66,202110,21,"3,000",1,1989,해병로231번길 13,,-,-
경상북도 포항남구 오천읍 용덕리,398,398,0,영진빌라,62.92,202110,12,"2,400",4,1989,충무로 29-7,,-,-
경상북도 포항남구 오천읍 용덕리,126,126,0,오천제일맨션4,66.02,202110,5,"2,500",3,1991,정몽주로616번길 31,,-,-
경상북도 포항남구 오천읍 용덕리,126,126,0,오천제일맨션4,49.8,202110,8,"1,900",4,1991,정몽주로616번길 31,,-,-
경상북도 포항남구 오천읍 용덕리,384,384,0,제일맨션5,56.16,202110,12,"3,700",3,1991,충무로 51-2,,-,-
경상북도 포항남구 오천읍 용덕리,384,384,0,제일맨션5,56.16,202110,22,"5,500",1,1991,충무로 51-2,,-,-
경상북도 포항남구 오천읍 용덕리,362-17,362,17,제일무궁화타운,59.7,202110,7,"3,300",1,1993,충무로 45-2,,-,-
경상북도 포항남구 오천읍 용덕리,322-60,322,60,제일신천지타운,59.94,202110,4,"5,400",9,1993,해병로241번길 5,,-,-
경상북도 포항남구 오천읍 용덕리,322-60,322,60,제일신천지타운,59.94,202110,6,"6,600",11,1993,해병로241번길 5,,-,-
경상북도 포항남구 오천읍 용덕리,322-60,322,60,제일신천지타운,74.25,202110,19,"8,300",16,1993,해병로241번길 5,20211101,-,-
경상북도 포항남구 오천읍 용덕리,322-60,322,60,제일신천지타운,59.94,202110,19,"5,500",1,1993,해병로241번길 5,,-,-
경상북도 포항남구 오천읍 용덕리,322-60,322,60,제일신천지타운,59.94,202110,23,"6,200",3,1993,해병로241번길 5,,-,-
경상북도 포항남구 오천읍 용덕리,322-60,322,60,제일신천지타운,59.94,202110,25,"4,600",5,1993,해병로241번길 5,,-,-
경상북도 포항남구 오천읍 용덕리,390-1,390,1,한성맨션,73.26,202110,9,"4,500",3,1990,충무로 51-6,,-,-
경상북도 포항남구 오천읍 용산리,313-5,313,5,삼주용산타운,59.116,202110,7,"4,000",6,1995,정몽주로 164,,-,-
경상북도 포항남구 오천읍 용산리,313-5,313,5,삼주용산타운,59.116,202110,12,"6,800",10,1995,정몽주로 164,,-,-
경상북도 포항남구 오천읍 용산리,313-5,313,5,삼주용산타운,59.116,202110,16,"4,500",9,1995,정몽주로 164,,-,-
경상북도 포항남구 오천읍 원리,455,455,0,오천주은리버타운,84.93,202110,19,"14,700",13,2001,해병로 283,,-,-
경상북도 포항남구 오천읍 원리,455,455,0,오천주은리버타운,31.5,202110,30,"3,250",11,2001,해병로 283,,-,-
경상북도 포항남구 이동,664-1,664,1,이동경성골드,84.97525,202110,15,"20,000",9,2005,대이로 160,,-,-
경상북도 포항남구 이동,664-5,664,5,이동그린빌명품,59.9918,202110,13,"21,100",10,2003,대이로 138,,-,-
경상북도 포항남구 이동,664-5,664,5,이동그린빌명품,84.9999,202110,15,"31,400",10,2003,대이로 138,,-,-
경상북도 포항남구 이동,664-5,664,5,이동그린빌명품,84.9999,202110,27,"30,000",18,2003,대이로 138,20211028,-,-
경상북도 포항남구 이동,664-5,664,5,이동그린빌명품,84.9999,202110,27,"30,000",18,2003,대이로 138,,-,-
경상북도 포항남구 인덕동,7,7,0,우방신세계타운,59.94,202110,4,"7,200",9,1995,해병로 125,,-,-
경상북도 포항남구 인덕동,161-16,161,16,인덕빌라,80.34,202110,6,"7,200",5,1990,인덕로 53,,-,-
경상북도 포항남구 인덕동,161-16,161,16,인덕빌라,71.37,202110,7,"9,300",1,1990,인덕로 53,,-,-
경상북도 포항남구 인덕동,161-16,161,16,인덕빌라,80.34,202110,11,"9,100",3,1990,인덕로 53,,-,-
경상북도 포항남구 인덕동,161-16,161,16,인덕빌라,80.34,202110,23,"9,400",3,1990,인덕로 53,,-,-
경상북도 포항남구 인덕동,161-106,161,106,인덕사원,66.96,202110,23,"9,600",3,1988,인덕로 53,,-,-
경상북도 포항남구 지곡동,450-1,450,1,LG그린빌라,84.986,202110,2,"40,900",5,2001,지곡로211번길 50,,-,-
경상북도 포항남구 지곡동,450-1,450,1,LG그린빌라,84.986,202110,5,"52,700",1,2001,지곡로211번길 50,,-,-
경상북도 포항남구 지곡동,543-1,543,1,삼성그린빌라,84.996,202110,15,"52,000",1,1999,지곡로 303,,-,-
경상북도 포항남구 지곡동,230-8,230,8,승리빌라(6~11),51.96,202110,2,"22,300",1,1979,지곡로 20,,-,-
경상북도 포항남구 지곡동,472,472,0,"효자그린1차(고층,저층)",59.96,202110,2,"27,000",2,1995,지곡로 260,,-,-
경상북도 포항남구 지곡동,472,472,0,"효자그린1차(고층,저층)",59.97,202110,4,"29,700",1,1995,지곡로 260,,-,-
경상북도 포항남구 지곡동,472,472,0,"효자그린1차(고층,저층)",52.05,202110,5,"21,800",1,1995,지곡로 260,,-,-
경상북도 포항남구 지곡동,472,472,0,"효자그린1차(고층,저층)",59.91,202110,8,"28,000",3,1995,지곡로 260,,-,-
경상북도 포항남구 지곡동,472,472,0,"효자그린1차(고층,저층)",75.96,202110,19,"33,000",9,1995,지곡로 260,,-,-
경상북도 포항남구 지곡동,472,472,0,"효자그린1차(고층,저층)",75.96,202110,20,"32,000",7,1995,지곡로 260,,-,-
경상북도 포항남구 지곡동,946,946,0,"효자그린2차(현대,삼성그린APT)",84.97,202110,1,"39,500",9,1998,지곡로 294,,-,-
경상북도 포항남구 지곡동,946,946,0,"효자그린2차(현대,삼성그린APT)",84.97,202110,3,"39,000",14,1998,지곡로 294,,-,-
경상북도 포항남구 지곡동,946,946,0,"효자그린2차(현대,삼성그린APT)",84.97,202110,5,"37,500",8,1998,지곡로 294,,-,-
경상북도 포항남구 지곡동,946,946,0,"효자그린2차(현대,삼성그린APT)",84.97,202110,7,"39,150",14,1998,지곡로 294,,-,-
경상북도 포항남구 지곡동,946,946,0,"효자그린2차(현대,삼성그린APT)",84.97,202110,12,"34,700",7,1998,지곡로 294,,-,-
경상북도 포항남구 지곡동,946,946,0,"효자그린2차(현대,삼성그린APT)",84.97,202110,18,"36,000",3,1998,지곡로 294,,-,-
경상북도 포항남구 지곡동,946,946,0,"효자그린2차(현대,삼성그린APT)",84.97,202110,22,"42,500",10,1998,지곡로 294,,-,-
경상북도 포항남구 청림동,1180,1180,0,진달래마을,59.91,202110,25,"4,000",1,1993,정몽주로861번길 19,,-,-
경상북도 포항남구 해도동,Nov-84,84,11,명성제3광장,66.12,202110,5,"7,500",1,1988,중앙로62번길 14,,-,-
경상북도 포항남구 해도동,Nov-84,84,11,명성제3광장,63.42,202110,22,"8,000",3,1988,중앙로62번길 14,,-,-
경상북도 포항남구 해도동,416-15,416,15,성보파크2차,59.7115,202110,15,"9,877",3,2017,중앙로122번길 5-3,,-,-
경상북도 포항남구 해도동,416-15,416,15,성보파크2차,59.9896,202110,15,"10,458",4,2017,중앙로122번길 5-3,,-,-
경상북도 포항남구 해도동,Mar-70,70,3,센트럴파크3차,58.303,202110,22,"14,800",10,2015,중앙로 72,,-,-
경상북도 포항남구 해도동,34-34,34,34,용정그린하이츠,59.6599,202110,30,"17,800",2,2015,중앙로131번길 2,,-,-
경상북도 포항남구 해도동,03월 15일,15,3,조양타운,43.71,202110,5,"4,600",3,1987,축항로 19-7,,-,-
경상북도 포항남구 효자동,253-6,253,6,승리,59.81,202110,25,"30,200",20,1992,지곡로 20,,-,-
경상북도 포항남구 효자동,566,566,0,효자웰빙타운에스케이뷰1차,121.7703,202110,15,"47,400",19,2007,새천년대로 306,,-,-
경상북도 포항남구 효자동,566,566,0,효자웰빙타운에스케이뷰1차,84.9461,202110,22,"43,500",18,2007,새천년대로 306,,-,-
경상북도 포항남구 효자동,579,579,0,효자웰빙타운에스케이뷰2차,97.9772,202110,14,"42,700",18,2008,효성로63번길 17,,-,-
경상북도 포항남구 효자동,609,609,0,효자웰빙타운에스케이뷰3차,141.85,202110,2,"63,000",16,2009,효성로 88,,-,-
경상북도 포항남구 효자동,609,609,0,효자웰빙타운에스케이뷰3차,84.75,202110,4,"46,500",14,2009,효성로 88,,-,-
경상북도 포항남구 효자동,609,609,0,효자웰빙타운에스케이뷰3차,141.85,202110,30,"59,300",14,2009,효성로 88,,-,-
경상북도 포항남구 효자동,609,609,0,효자웰빙타운에스케이뷰3차,141.85,202110,30,"59,300",14,2009,효성로 88,20211103,-,-
경상북도 포항남구 효자동,579-1,579,1,효자풍림아이원,84.98,202110,10,"49,900",13,2012,효성로 55,,-,-
경상북도 포항북구 동빈1가,Jan-68,68,1,노블리안101동,65.87,202110,1,"16,600",3,2016,동빈로 104-10,,-,-
경상북도 포항북구 두호동,900,900,0,경인비취,83.42,202110,13,"12,000",3,1989,학전로 96,,-,-
경상북도 포항북구 두호동,1045,1045,0,대원맨션,84.36,202110,28,"15,000",11,1989,삼호로217번길 19,,-,-
경상북도 포항북구 두호동,1039,1039,0,대원빌라,42.75,202110,1,"8,300",2,1987,삼호로203번길 4,,-,-
경상북도 포항북구 두호동,1039,1039,0,대원빌라,42.75,202110,9,"8,000",1,1987,삼호로203번길 4,,-,-
경상북도 포항북구 두호동,1022,1022,0,두호SK뷰푸르지오1단지,84.99,202110,1,"51,000",6,2020,두호로 66,,-,-
경상북도 포항북구 두호동,1022,1022,0,두호SK뷰푸르지오1단지,84.99,202110,12,"55,300",20,2020,두호로 66,,-,-
경상북도 포항북구 두호동,1058,1058,0,두호SK뷰푸르지오2단지,84.99,202110,3,"49,000",11,2020,두호로 65,,-,-
경상북도 포항북구 두호동,1058,1058,0,두호SK뷰푸르지오2단지,84.99,202110,13,"44,000",18,2020,두호로 65,,-,-
경상북도 포항북구 두호동,280,280,0,명지파크,51.57,202110,5,"11,500",2,1986,삼호로321번길 23,,-,-
경상북도 포항북구 두호동,280,280,0,명지파크,46.35,202110,8,"11,200",4,1986,삼호로321번길 23,,-,-
경상북도 포항북구 두호동,280,280,0,명지파크,46.35,202110,16,"11,500",2,1986,삼호로321번길 23,,-,-
경상북도 포항북구 두호동,280,280,0,명지파크,43.65,202110,20,"9,000",4,1986,삼호로321번길 23,,-,-
경상북도 포항북구 두호동,280,280,0,명지파크,43.65,202110,24,"9,900",1,1986,삼호로321번길 23,,-,-
경상북도 포항북구 두호동,1086,1086,0,산호그린맨션1,80.7,202110,12,"14,500",11,1990,삼흥로18번길 6,,-,-
경상북도 포항북구 두호동,1084,1084,0,산호그린맨션3,78.88,202110,18,"7,900",5,1990,용두산길 15,,-,-
경상북도 포항북구 두호동,1085-4,1085,4,산호그린맨션6,82.6,202110,2,"10,800",5,1992,삼흥로 6-22,,-,-
경상북도 포항북구 두호동,1056-5,1056,5,삼양빌라,58.83,202110,23,"13,000",2,1989,두호로51번길 9-24,,-,-
경상북도 포항북구 두호동,753,753,0,우방신천지,152.5364,202110,1,"29,500",12,2004,새천년대로1020번길 12,,-,-
경상북도 포항북구 두호동,753,753,0,우방신천지,78.6174,202110,2,"18,700",7,2004,새천년대로1020번길 12,,-,-
경상북도 포항북구 두호동,753,753,0,우방신천지,152.5364,202110,6,"30,000",16,2004,새천년대로1020번길 12,,-,-
경상북도 포항북구 두호동,753,753,0,우방신천지,78.6174,202110,6,"15,800",9,2004,새천년대로1020번길 12,,-,-
경상북도 포항북구 두호동,753,753,0,우방신천지,84.9897,202110,14,"21,000",15,2004,새천년대로1020번길 12,,-,-
경상북도 포항북구 두호동,753,753,0,우방신천지,59.9922,202110,22,"18,000",16,2004,새천년대로1020번길 12,,-,-
경상북도 포항북구 두호동,919,919,0,우방하이츠,84.99,202110,9,"23,500",18,1999,학전로 103,,-,-
경상북도 포항북구 두호동,1081-5,1081,5,제일우성1,59.82,202110,21,"11,000",4,1996,용두산길 38-8,,-,-
경상북도 포항북구 두호동,1078-3,1078,3,제일우성2,59.82,202110,12,"11,200",4,1996,삼흥로62번길 27-8,,-,-
경상북도 포항북구 두호동,1078-3,1078,3,제일우성2,28.08,202110,13,"3,450",14,1996,삼흥로62번길 27-8,,-,-
경상북도 포항북구 두호동,1078-3,1078,3,제일우성2,28.08,202110,19,"5,300",5,1996,삼흥로62번길 27-8,,-,-
경상북도 포항북구 두호동,1078-3,1078,3,제일우성2,59.82,202110,21,"12,150",3,1996,삼흥로62번길 27-8,,-,-
경상북도 포항북구 두호동,1078-3,1078,3,제일우성2,28.08,202110,28,"5,500",7,1996,삼흥로62번길 27-8,,-,-
경상북도 포항북구 두호동,1103-3,1103,3,창포아이파크1차,122.99,202110,11,"34,000",6,2004,대곡로 7,,-,-
경상북도 포항북구 두호동,1103-3,1103,3,창포아이파크1차,101.99,202110,11,"30,000",19,2004,대곡로 7,,-,-
경상북도 포항북구 두호동,1103-3,1103,3,창포아이파크1차,101.99,202110,16,"30,700",16,2004,대곡로 7,,-,-
경상북도 포항북구 두호동,1102-1,1102,1,창포아이파크2차,134.1,202110,20,"35,000",1,2005,대곡로 21,,-,-
경상북도 포항북구 두호동,1105,1105,0,창포아이파크3차,133.1,202110,7,"38,000",2,2005,새천년대로1076번길 38,,-,-
경상북도 포항북구 두호동,1105,1105,0,창포아이파크3차,84.9,202110,17,"29,800",16,2005,새천년대로1076번길 38,,-,-
경상북도 포항북구 두호동,1069,1069,0,천호타운,59.67,202110,30,"6,500",2,1994,삼흥로100번길 24,,-,-
경상북도 포항북구 두호동,1072-5,1072,5,천호푸른마을,52.44,202110,11,"10,000",8,1997,삼흥로88번길 28-7,,-,-
경상북도 포항북구 두호동,1071,1071,0,청우대림2,84.97,202110,1,"13,300",5,1990,용두산길 62,,-,-
경상북도 포항북구 두호동,1071,1071,0,청우대림2,84.97,202110,4,"14,500",6,1990,용두산길 62,,-,-
경상북도 포항북구 두호동,1071,1071,0,청우대림2,84.97,202110,5,"15,450",5,1990,용두산길 62,,-,-
경상북도 포항북구 득량동,216,216,0,경성양학마을,43.106,202110,6,"8,500",15,2001,양학로 149,,-,-
경상북도 포항북구 득량동,216,216,0,경성양학마을,53.208,202110,8,"12,700",10,2001,양학로 149,,-,-
경상북도 포항북구 득량동,305-7,305,7,경성홈타운,59.528,202110,1,"19,000",12,2002,대이로176번길 15,,-,-
경상북도 포항북구 득량동,305-7,305,7,경성홈타운,59.528,202110,2,"18,400",9,2002,대이로176번길 15,,-,-
경상북도 포항북구 득량동,305-7,305,7,경성홈타운,59.528,202110,6,"17,300",15,2002,대이로176번길 15,,-,-
경상북도 포항북구 득량동,305-7,305,7,경성홈타운,59.528,202110,7,"17,500",15,2002,대이로176번길 15,,-,-
경상북도 포항북구 득량동,305-7,305,7,경성홈타운,59.528,202110,15,"18,500",8,2002,대이로176번길 15,,-,-
경상북도 포항북구 득량동,305-7,305,7,경성홈타운,59.528,202110,16,"15,600",2,2002,대이로176번길 15,,-,-
경상북도 포항북구 득량동,305-7,305,7,경성홈타운,59.528,202110,19,"16,500",3,2002,대이로176번길 15,,-,-
경상북도 포항북구 득량동,305-1,305,1,경성홈타운2,59.544,202110,2,"17,700",9,2003,이동로 48-10,20211029,-,-
경상북도 포항북구 득량동,305-1,305,1,경성홈타운2,59.544,202110,2,"17,700",9,2003,이동로 48-10,,-,-
경상북도 포항북구 득량동,305-1,305,1,경성홈타운2,59.544,202110,8,"15,700",2,2003,이동로 48-10,,-,-
경상북도 포항북구 득량동,305-1,305,1,경성홈타운2,59.544,202110,9,"17,500",6,2003,이동로 48-10,,-,-
경상북도 포항북구 득량동,305-1,305,1,경성홈타운2,59.544,202110,9,"17,500",6,2003,이동로 48-10,20211103,-,-
경상북도 포항북구 득량동,305-1,305,1,경성홈타운2,59.544,202110,28,"18,000",13,2003,이동로 48-10,,-,-
경상북도 포항북구 득량동,155,155,0,삼성푸른,84.53,202110,5,"14,500",2,1995,양학로 59,,-,-
경상북도 포항북구 득량동,155,155,0,삼성푸른,58.68,202110,13,"10,100",1,1995,양학로 59,,-,-
경상북도 포항북구 득량동,155,155,0,삼성푸른,58.68,202110,14,"11,000",8,1995,양학로 59,,-,-
경상북도 포항북구 득량동,155,155,0,삼성푸른,84.53,202110,30,"15,700",8,1995,양학로 59,,-,-
경상북도 포항북구 득량동,303,303,0,이동삼성,101.76,202110,2,"26,000",14,2000,이동로 48-11,,-,-
경상북도 포항북구 득량동,303,303,0,이동삼성,74.58,202110,6,"19,800",12,2000,이동로 48-11,,-,-
경상북도 포항북구 득량동,303,303,0,이동삼성,74.58,202110,7,"19,000",1,2000,이동로 48-11,,-,-
경상북도 포항북구 득량동,303,303,0,이동삼성,101.76,202110,8,"27,700",12,2000,이동로 48-11,,-,-
경상북도 포항북구 득량동,303,303,0,이동삼성,74.58,202110,14,"18,200",2,2000,이동로 48-11,,-,-
경상북도 포항북구 득량동,303,303,0,이동삼성,74.58,202110,21,"19,850",6,2000,이동로 48-11,,-,-
경상북도 포항북구 득량동,303,303,0,이동삼성,84.99,202110,22,"24,800",15,2000,이동로 48-11,,-,-
경상북도 포항북구 득량동,303,303,0,이동삼성,74.58,202110,27,"19,000",8,2000,이동로 48-11,,-,-
경상북도 포항북구 득량동,305-8,305,8,이동풀니스10차,59.9671,202110,24,"19,500",3,2016,대이로 180,,-,-
경상북도 포항북구 양덕동,1732,1732,0,삼성쉐르빌,84.6057,202110,5,"24,300",4,2010,양덕로50번길 33,,-,-
경상북도 포항북구 양덕동,1732,1732,0,삼성쉐르빌,84.6057,202110,6,"26,850",19,2010,양덕로50번길 33,,-,-
경상북도 포항북구 양덕동,1732,1732,0,삼성쉐르빌,84.6057,202110,21,"24,700",12,2010,양덕로50번길 33,,-,-
경상북도 포항북구 양덕동,1448,1448,0,양덕2차e-편한세상,84.94,202110,1,"25,500",1,2010,천마로90번길 11,,-,-
경상북도 포항북구 양덕동,1448,1448,0,양덕2차e-편한세상,127.39,202110,2,"36,800",21,2010,천마로90번길 11,,-,-
경상북도 포항북구 양덕동,1448,1448,0,양덕2차e-편한세상,84.93,202110,5,"26,200",16,2010,천마로90번길 11,,-,-
경상북도 포항북구 양덕동,1448,1448,0,양덕2차e-편한세상,84.94,202110,16,"28,700",24,2010,천마로90번길 11,,-,-
경상북도 포항북구 양덕동,1448,1448,0,양덕2차e-편한세상,84.94,202110,26,"26,900",22,2010,천마로90번길 11,,-,-
경상북도 포항북구 양덕동,1463,1463,0,양덕삼구트리니엔,84.9805,202110,4,"33,000",22,2011,천마로72번길 33,,-,-
경상북도 포항북구 양덕동,1463,1463,0,양덕삼구트리니엔,84.9805,202110,5,"29,000",13,2011,천마로72번길 33,,-,-
경상북도 포항북구 양덕동,1463,1463,0,양덕삼구트리니엔,122.4257,202110,9,"41,000",17,2011,천마로72번길 33,,-,-
경상북도 포항북구 양덕동,1463,1463,0,양덕삼구트리니엔,84.9805,202110,12,"28,500",13,2011,천마로72번길 33,,-,-
경상북도 포항북구 양덕동,1463,1463,0,양덕삼구트리니엔,106.5893,202110,16,"33,000",5,2011,천마로72번길 33,,-,-
경상북도 포항북구 양덕동,1463,1463,0,양덕삼구트리니엔,84.9805,202110,25,"28,500",15,2011,천마로72번길 33,,-,-
경상북도 포항북구 양덕동,467-1,467,1,양덕삼구트리니엔2차,84.9599,202110,1,"34,500",8,2014,장량중앙로 40,,-,-
경상북도 포항북구 양덕동,467-1,467,1,양덕삼구트리니엔2차,65.3959,202110,1,"29,000",8,2014,장량중앙로 40,,-,-
경상북도 포항북구 양덕동,467-1,467,1,양덕삼구트리니엔2차,65.3959,202110,2,"25,000",6,2014,장량중앙로 40,,-,-
경상북도 포항북구 양덕동,467-1,467,1,양덕삼구트리니엔2차,84.9599,202110,2,"35,000",13,2014,장량중앙로 40,,-,-
경상북도 포항북구 양덕동,467-1,467,1,양덕삼구트리니엔2차,65.3959,202110,2,"28,900",11,2014,장량중앙로 40,,-,-
경상북도 포항북구 양덕동,467-1,467,1,양덕삼구트리니엔2차,84.9599,202110,4,"35,000",7,2014,장량중앙로 40,,-,-
경상북도 포항북구 양덕동,467-1,467,1,양덕삼구트리니엔2차,65.3959,202110,4,"27,500",8,2014,장량중앙로 40,,-,-
경상북도 포항북구 양덕동,467-1,467,1,양덕삼구트리니엔2차,65.3959,202110,11,"28,500",10,2014,장량중앙로 40,,-,-
경상북도 포항북구 양덕동,467-1,467,1,양덕삼구트리니엔2차,84.9599,202110,23,"34,900",5,2014,장량중앙로 40,,-,-
경상북도 포항북구 양덕동,786-1,786,1,양덕삼구트리니엔3차,84.9599,202110,2,"37,000",14,2015,천마로 123,,-,-
경상북도 포항북구 양덕동,786-1,786,1,양덕삼구트리니엔3차,84.9599,202110,14,"37,000",20,2015,천마로 123,,-,-
경상북도 포항북구 양덕동,651-1,651,1,양덕삼구트리니엔4차,67.703,202110,8,"30,000",6,2017,장량중앙로 99,,-,-
경상북도 포항북구 양덕동,651-1,651,1,양덕삼구트리니엔4차,84.9599,202110,13,"37,800",9,2017,장량중앙로 99,,-,-
경상북도 포항북구 양덕동,651-1,651,1,양덕삼구트리니엔4차,84.9397,202110,21,"35,800",15,2017,장량중앙로 99,,-,-
경상북도 포항북구 양덕동,1455,1455,0,포항e편한세상양덕,101.96,202110,10,"36,000",9,2013,천마로90번길 33,,-,-
경상북도 포항북구 양덕동,1455,1455,0,포항e편한세상양덕,124.48,202110,28,"42,800",6,2013,천마로90번길 33,,-,-
경상북도 포항북구 양덕동,1731,1731,0,포항양덕풍림아이원,84.8944,202110,2,"23,400",1,2008,양덕로 60,,-,-
경상북도 포항북구 양덕동,1731,1731,0,포항양덕풍림아이원,84.6734,202110,2,"26,000",7,2008,양덕로 60,,-,-
경상북도 포항북구 양덕동,1731,1731,0,포항양덕풍림아이원,147.6362,202110,2,"36,800",20,2008,양덕로 60,,-,-
경상북도 포항북구 양덕동,1731,1731,0,포항양덕풍림아이원,129.7774,202110,5,"36,500",7,2008,양덕로 60,20211105,-,-
경상북도 포항북구 양덕동,1731,1731,0,포항양덕풍림아이원,101.0358,202110,5,"29,000",9,2008,양덕로 60,,-,-
경상북도 포항북구 양덕동,1731,1731,0,포항양덕풍림아이원,115.3648,202110,7,"31,000",5,2008,양덕로 60,,-,-
경상북도 포항북구 양덕동,1731,1731,0,포항양덕풍림아이원,84.8944,202110,7,"26,200",17,2008,양덕로 60,,-,-
경상북도 포항북구 양덕동,1731,1731,0,포항양덕풍림아이원,115.3648,202110,8,"34,500",22,2008,양덕로 60,,-,-
경상북도 포항북구 양덕동,1731,1731,0,포항양덕풍림아이원,84.8944,202110,9,"25,500",9,2008,양덕로 60,,-,-
경상북도 포항북구 양덕동,1731,1731,0,포항양덕풍림아이원,84.8944,202110,12,"30,500",17,2008,양덕로 60,,-,-
경상북도 포항북구 양덕동,1731,1731,0,포항양덕풍림아이원,84.6734,202110,14,"24,500",1,2008,양덕로 60,,-,-
경상북도 포항북구 양덕동,1731,1731,0,포항양덕풍림아이원,115.3648,202110,15,"30,500",13,2008,양덕로 60,,-,-
경상북도 포항북구 양덕동,1731,1731,0,포항양덕풍림아이원,84.6734,202110,16,"26,300",6,2008,양덕로 60,,-,-
경상북도 포항북구 양덕동,1731,1731,0,포항양덕풍림아이원,129.7774,202110,21,"31,000",13,2008,양덕로 60,,-,-
경상북도 포항북구 양덕동,1731,1731,0,포항양덕풍림아이원,115.3648,202110,22,"34,000",23,2008,양덕로 60,,-,-
경상북도 포항북구 양덕동,439-1,439,1,한양수자인,84.92,202110,4,"28,800",9,2013,장량중앙로 33,,-,-
경상북도 포항북구 양덕동,439-1,439,1,한양수자인,74.97,202110,4,"23,200",14,2013,장량중앙로 33,,-,-
경상북도 포항북구 양덕동,439-1,439,1,한양수자인,84.92,202110,8,"26,550",2,2013,장량중앙로 33,,-,-
경상북도 포항북구 양덕동,439-1,439,1,한양수자인,84.92,202110,8,"29,000",9,2013,장량중앙로 33,,-,-
경상북도 포항북구 양덕동,439-1,439,1,한양수자인,74.9,202110,9,"23,000",1,2013,장량중앙로 33,20211104,-,-
경상북도 포항북구 양덕동,439-1,439,1,한양수자인,84.92,202110,14,"28,150",11,2013,장량중앙로 33,,-,-
경상북도 포항북구 양덕동,439-1,439,1,한양수자인,84.92,202110,27,"29,200",8,2013,장량중앙로 33,,-,-
경상북도 포항북구 용흥동,619-7,619,7,금강맨션,78.48,202110,5,"6,000",3,1985,중흥로241번길 39,,-,-
경상북도 포항북구 용흥동,615-21,615,21,빌드원르헤브3차아파트,84.9498,202110,12,"33,780",13,2021,중흥로241번길 42,,-,-
경상북도 포항북구 용흥동,615-21,615,21,빌드원르헤브3차아파트,66.8358,202110,20,"26,310",13,2021,중흥로241번길 42,,-,-
경상북도 포항북구 용흥동,615-21,615,21,빌드원르헤브3차아파트,66.8358,202110,20,"26,310",14,2021,중흥로241번길 42,,-,-
경상북도 포항북구 용흥동,615-21,615,21,빌드원르헤브3차아파트,84.9498,202110,25,"34,790",10,2021,중흥로241번길 42,,-,-
경상북도 포항북구 용흥동,338-4,338,4,삼성푸른,59.949,202110,19,"9,300",16,1996,탑산길 68,,-,-
경상북도 포항북구 용흥동,419,419,0,성봉우미타운,59.82,202110,19,"8,000",12,1996,용흥로 322,,-,-
경상북도 포항북구 용흥동,641,641,0,양학산KCC스위첸,83.3966,202110,7,"35,800",17,2015,새천년대로631번길 14,,-,-
경상북도 포항북구 용흥동,641,641,0,양학산KCC스위첸,83.3966,202110,9,"35,000",13,2015,새천년대로631번길 14,,-,-
경상북도 포항북구 용흥동,641,641,0,양학산KCC스위첸,83.1392,202110,12,"34,500",2,2015,새천년대로631번길 14,,-,-
경상북도 포항북구 용흥동,641,641,0,양학산KCC스위첸,83.1392,202110,30,"35,500",14,2015,새천년대로631번길 14,,-,-
경상북도 포항북구 용흥동,17,17,0,용흥쌍용,59.8,202110,3,"9,500",7,1998,용흥로 354,,-,-
경상북도 포항북구 용흥동,366,366,0,우방1,84.98,202110,2,"15,000",4,1990,대안길 56,,-,-
경상북도 포항북구 용흥동,366,366,0,우방1,84.98,202110,5,"16,000",1,1990,대안길 56,,-,-
경상북도 포항북구 용흥동,366,366,0,우방1,164.79,202110,6,"22,500",1,1990,대안길 56,,-,-
경상북도 포항북구 용흥동,366,366,0,우방1,117.99,202110,6,"19,900",4,1990,대안길 56,,-,-
경상북도 포항북구 용흥동,366,366,0,우방1,84.98,202110,6,"16,500",10,1990,대안길 56,,-,-
경상북도 포항북구 용흥동,366,366,0,우방1,66.97,202110,7,"11,700",15,1990,대안길 56,,-,-
경상북도 포항북구 용흥동,366,366,0,우방1,66.97,202110,9,"13,300",6,1990,대안길 56,,-,-
경상북도 포항북구 용흥동,366,366,0,우방1,84.98,202110,9,"14,000",15,1990,대안길 56,,-,-
경상북도 포항북구 용흥동,366,366,0,우방1,84.98,202110,12,"16,300",10,1990,대안길 56,,-,-
경상북도 포항북구 용흥동,366,366,0,우방1,84.98,202110,14,"15,800",15,1990,대안길 56,,-,-
경상북도 포항북구 용흥동,366,366,0,우방1,84.98,202110,16,"15,700",11,1990,대안길 56,,-,-
경상북도 포항북구 용흥동,366,366,0,우방1,66.97,202110,27,"13,800",9,1990,대안길 56,,-,-
경상북도 포항북구 용흥동,366,366,0,우방1,66.97,202110,29,"11,930",4,1990,대안길 56,,-,-
경상북도 포항북구 용흥동,366,366,0,우방1,84.98,202110,30,"15,800",14,1990,대안길 56,,-,-
경상북도 포항북구 용흥동,380,380,0,유니파크2차,73.886,202110,13,"12,700",2,2016,대안길 24-8,,-,-
경상북도 포항북구 용흥동,370,370,0,"한라103,105동",54.21,202110,29,"6,000",4,1986,새마을로 64,,-,-
경상북도 포항북구 용흥동,464,464,0,한라타워맨션,66.71,202110,21,"7,850",14,1993,대안길 93,,-,-
경상북도 포항북구 용흥동,376-1,376,1,"한라파크101,102동",49.76,202110,9,"5,500",3,1987,새마을로 50,,-,-
경상북도 포항북구 용흥동,376-1,376,1,"한라파크101,102동",49.76,202110,12,"6,200",3,1987,새마을로 50,,-,-
경상북도 포항북구 용흥동,376-1,376,1,"한라파크101,102동",49.76,202110,12,"6,200",3,1987,새마을로 50,20211020,-,-
경상북도 포항북구 용흥동,361,361,0,"한라파크108,109동",79.68,202110,20,"6,700",5,1988,새마을로 70,,-,-
경상북도 포항북구 용흥동,410,410,0,해원하나로타운1,59.7,202110,12,"7,500",4,1995,우미길 90,,-,-
경상북도 포항북구 용흥동,420-3,420,3,해원하나로타운2,59.9,202110,2,"7,900",9,1996,우미길 90,,-,-
경상북도 포항북구 용흥동,420-3,420,3,해원하나로타운2,84.91,202110,14,"14,150",11,1996,우미길 90,,-,-
경상북도 포항북구 용흥동,420-3,420,3,해원하나로타운2,84.91,202110,18,"10,000",17,1996,우미길 90,,-,-
경상북도 포항북구 용흥동,420-3,420,3,해원하나로타운2,84.91,202110,18,"15,000",7,1996,우미길 90,,-,-
경상북도 포항북구 용흥동,Feb-57,57,2,현대1,71.062,202110,4,"14,250",5,1989,새마을로 2,,-,-
경상북도 포항북구 용흥동,Feb-57,57,2,현대1,84.51,202110,15,"13,500",8,1989,새마을로 2,,-,-
경상북도 포항북구 용흥동,360,360,0,현대맨션3차,84.54,202110,19,"6,500",2,1988,새마을로 76,,-,-
경상북도 포항북구 용흥동,360,360,0,현대맨션3차,84.54,202110,23,"8,700",5,1988,새마을로 76,,-,-
경상북도 포항북구 용흥동,359-3,359,3,현대맨션5차,84.93,202110,30,"10,200",5,1989,새마을로 80,,-,-
경상북도 포항북구 우현동,338-2,338,2,그린타운,59.96,202110,13,"7,600",1,1994,아치로 69,,-,-
경상북도 포항북구 우현동,Aug-94,94,8,대동우방타운,59.94,202110,6,"12,100",16,1994,중앙로419번길 21,,-,-
경상북도 포항북구 우현동,Aug-94,94,8,대동우방타운,84.93,202110,6,"18,900",11,1994,중앙로419번길 21,,-,-
경상북도 포항북구 우현동,540,540,0,신동아베르디,129.54,202110,23,"26,300",21,2000,우창로 20,,-,-
경상북도 포항북구 우현동,538,538,0,신동아베르디2차,84.9874,202110,1,"21,000",9,2004,우창서길 5,,-,-
경상북도 포항북구 우현동,538,538,0,신동아베르디2차,84.9874,202110,4,"21,500",15,2004,우창서길 5,,-,-
경상북도 포항북구 우현동,538,538,0,신동아베르디2차,84.9874,202110,13,"22,200",22,2004,우창서길 5,,-,-
경상북도 포항북구 우현동,538,538,0,신동아베르디2차,78.9414,202110,15,"19,300",23,2004,우창서길 5,,-,-
경상북도 포항북구 우현동,546,546,0,우현2차금성굿모닝,64.4639,202110,18,"17,500",12,2016,아치로 47,,-,-
경상북도 포항북구 우현동,539-1,539,1,우현4차신동아파밀리에,128.93,202110,8,"34,900",15,2008,우창로 40,,-,-
경상북도 포항북구 우현동,가-34-1,34,1,우현동금호어울림,129.932,202110,28,"32,900",2,2008,우창동로 157,,-,-
경상북도 포항북구 우현동,가-22-6,22,6,우현동더휴,57.4179,202110,22,"18,900",12,2017,우창동로 90,20211024,-,-
경상북도 포항북구 우현동,가-22-6,22,6,우현동더휴,57.4179,202110,25,"18,900",12,2017,우창동로 90,,-,-
경상북도 포항북구 우현동,가-16,16,0,우현삼도뷰엔빌W,137.8099,202110,7,"44,000",18,2013,우창동로 76,,-,-
경상북도 포항북구 우현동,가-16,16,0,우현삼도뷰엔빌W,17.338,202110,7,"7,300",17,2013,우창동로 76,,-,-
경상북도 포항북구 우현동,가-16,16,0,우현삼도뷰엔빌W,101.1441,202110,30,"36,500",4,2013,우창동로 76,,-,-
경상북도 포항북구 우현동,가-15-1,15,1,우현풍림아이원,84.8209,202110,7,"34,900",18,2011,우창동로 71,,-,-
경상북도 포항북구 장성동,1517-2,1517,2,경성홈타운골드,82.88325,202110,1,"15,900",4,2008,장량로17번길 19-15,,-,-
경상북도 포항북구 장성동,1496-1,1496,1,경성홈타운스위트,74.49,202110,8,"16,700",11,2017,법원로139번길 7-3,,-,-
경상북도 포항북구 장성동,1496-1,1496,1,경성홈타운스위트,74.49,202110,13,"16,000",10,2017,법원로139번길 7-3,,-,-
경상북도 포항북구 장성동,1496-1,1496,1,경성홈타운스위트,74.49,202110,29,"16,000",6,2017,법원로139번길 7-3,,-,-
경상북도 포항북구 장성동,1406-10,1406,10,경성홈타운시티라이프,59.3679,202110,8,"14,000",3,2015,법원로140번길 43,,-,-
경상북도 포항북구 장성동,1578-1,1578,1,대림골든빌,84.515,202110,11,"17,100",4,1999,침촌로 20,,-,-
경상북도 포항북구 장성동,1578-1,1578,1,대림골든빌,68.2875,202110,12,"15,800",4,1999,침촌로 20,,-,-
경상북도 포항북구 장성동,1578-1,1578,1,대림골든빌,68.2875,202110,28,"15,500",16,1999,침촌로 20,,-,-
경상북도 포항북구 장성동,866-156,866,156,대명장성맨션2,49.23,202110,11,"26,050",5,1985,성실로 30-13,20211014,-,-
경상북도 포항북구 장성동,866-156,866,156,대명장성맨션2,49.23,202110,11,"26,050",5,1985,성실로 30-13,,-,-
경상북도 포항북구 장성동,956,956,0,대방한양,69.53,202110,1,"8,200",8,1992,성실로 66-11,,-,-
경상북도 포항북구 장성동,1612,1612,0,두산위브더제니스,84.99,202110,3,"42,000",23,2010,새천년대로 1235,,-,-
경상북도 포항북구 장성동,1612,1612,0,두산위브더제니스,107.7,202110,4,"40,500",12,2010,새천년대로 1235,,-,-
경상북도 포항북구 장성동,1612,1612,0,두산위브더제니스,84.96,202110,4,"35,000",11,2010,새천년대로 1235,,-,-
경상북도 포항북구 장성동,1612,1612,0,두산위브더제니스,144.99,202110,5,"59,990",40,2010,새천년대로 1235,,-,-
경상북도 포항북구 장성동,1612,1612,0,두산위브더제니스,130.77,202110,6,"49,500",39,2010,새천년대로 1235,,-,-
경상북도 포항북구 장성동,1612,1612,0,두산위브더제니스,109.59,202110,7,"51,000",41,2010,새천년대로 1235,,-,-
경상북도 포항북구 장성동,1612,1612,0,두산위브더제니스,123.4,202110,8,"49,500",34,2010,새천년대로 1235,,-,-
경상북도 포항북구 장성동,1612,1612,0,두산위브더제니스,123.76,202110,8,"46,500",34,2010,새천년대로 1235,,-,-
경상북도 포항북구 장성동,1612,1612,0,두산위브더제니스,107.7,202110,14,"45,000",42,2010,새천년대로 1235,,-,-
경상북도 포항북구 장성동,1612,1612,0,두산위브더제니스,130.77,202110,14,"46,000",13,2010,새천년대로 1235,,-,-
경상북도 포항북구 장성동,1612,1612,0,두산위브더제니스,107.7,202110,16,"38,500",13,2010,새천년대로 1235,,-,-
경상북도 포항북구 장성동,1612,1612,0,두산위브더제니스,144.99,202110,16,"55,500",14,2010,새천년대로 1235,,-,-
경상북도 포항북구 장성동,1612,1612,0,두산위브더제니스,123.76,202110,28,"47,000",13,2010,새천년대로 1235,,-,-
경상북도 포항북구 장성동,1354,1354,0,럭키장성1,148.86,202110,12,"25,000",12,1992,삼흥로32번길 5,,-,-
경상북도 포항북구 장성동,1354,1354,0,럭키장성1,121.02,202110,24,"20,400",1,1992,삼흥로32번길 5,,-,-
경상북도 포항북구 장성동,1455-1,1455,1,롯데낙천대,84.99,202110,2,"21,900",16,2004,법원로40번길 38,,-,-
경상북도 포항북구 장성동,1455-1,1455,1,롯데낙천대,84.99,202110,8,"21,800",8,2004,법원로40번길 38,,-,-
경상북도 포항북구 장성동,1455-1,1455,1,롯데낙천대,59.99,202110,13,"16,500",5,2004,법원로40번길 38,,-,-
경상북도 포항북구 장성동,1342,1342,0,보성,84.98,202110,19,"16,000",3,1993,새천년대로1123번길 28,,-,-
경상북도 포항북구 장성동,1350,1350,0,산호그린4,131.76,202110,14,"22,500",10,1991,용두산길 51,,-,-
경상북도 포항북구 장성동,1350,1350,0,산호그린4,84.96,202110,21,"15,800",15,1991,용두산길 51,,-,-
경상북도 포항북구 장성동,1350-1,1350,1,산호그린5,84.96,202110,16,"10,500",4,1992,용두산길 45,,-,-
경상북도 포항북구 장성동,1364-1,1364,1,산호그린맨션7,59.97,202110,5,"11,700",15,1996,삼흥로88번길 11,,-,-
경상북도 포항북구 장성동,1364-1,1364,1,산호그린맨션7,84.98,202110,11,"15,000",7,1996,삼흥로88번길 11,,-,-
경상북도 포항북구 장성동,1366,1366,0,선우비취타운,84.54,202110,5,"10,800",14,1993,삼흥로 77-44,,-,-
경상북도 포항북구 장성동,1620,1620,0,장성 푸르지오,84.9899,202110,10,"49,000",4,2020,침촌지구로 10,,-,-
경상북도 포항북구 장성동,1620,1620,0,장성 푸르지오,84.9899,202110,10,"51,500",8,2020,침촌지구로 10,,-,-
경상북도 포항북구 장성동,1620,1620,0,장성 푸르지오,84.9899,202110,16,"47,000",4,2020,침촌지구로 10,,-,-
경상북도 포항북구 장성동,1620,1620,0,장성 푸르지오,84.9134,202110,23,"49,000",23,2020,침촌지구로 10,,-,-
경상북도 포항북구 장성동,1560-1,1560,1,장성경성홈타운,84.9611,202110,1,"15,300",5,2003,장량로32번길 55,,-,-
경상북도 포항북구 장성동,1490-8,1490,8,장성삼도뷰엔빌W,84.834,202110,1,"29,700",20,2011,장량로17번길 65,,-,-
경상북도 포항북구 장성동,1490-8,1490,8,장성삼도뷰엔빌W,110.729,202110,2,"29,500",9,2011,장량로17번길 65,,-,-
경상북도 포항북구 장성동,1490-8,1490,8,장성삼도뷰엔빌W,84.834,202110,9,"29,500",15,2011,장량로17번길 65,,-,-
경상북도 포항북구 장성동,447,447,0,장성청구하이츠,84.9,202110,9,"17,900",6,1999,삼흥로 100-22,,-,-
경상북도 포항북구 장성동,1408-1,1408,1,장성현대,76.98,202110,1,"15,700",8,1999,장량로113번길 30,,-,-
경상북도 포항북구 장성동,1408-1,1408,1,장성현대,84.73,202110,1,"17,900",18,1999,장량로113번길 30,,-,-
경상북도 포항북구 장성동,1408-1,1408,1,장성현대,76.98,202110,4,"14,500",11,1999,장량로113번길 30,,-,-
경상북도 포항북구 장성동,1408-1,1408,1,장성현대,76.98,202110,11,"16,700",17,1999,장량로113번길 30,,-,-
경상북도 포항북구 장성동,1408-1,1408,1,장성현대,133.8,202110,13,"24,800",13,1999,장량로113번길 30,,-,-
경상북도 포항북구 장성동,1408-1,1408,1,장성현대,59.94,202110,14,"13,000",17,1999,장량로113번길 30,,-,-
경상북도 포항북구 장성동,1356-10,1356,10,조양상아타운,59.99,202110,19,"8,600",3,1994,삼흥로32번길 12,,-,-
경상북도 포항북구 장성동,1574-1,1574,1,준양센스빌,64.525,202110,2,"8,900",4,2003,새천년대로1259번길 10,,-,-
경상북도 포항북구 장성동,1574-1,1574,1,준양센스빌,58.625,202110,4,"8,600",4,2003,새천년대로1259번길 10,,-,-
경상북도 포항북구 장성동,1343,1343,0,창포청구타운,84.97,202110,16,"17,400",5,1993,새천년대로1123번길 14,,-,-
경상북도 포항북구 장성동,1412-4,1412,4,풀리스4차,59.9956,202110,7,"13,200",3,2014,장량로139번길 11,,-,-
경상북도 포항북구 장성동,1607,1607,0,현진에버빌1단지,84.98,202110,11,"28,600",4,2008,성실로 55,,-,-
경상북도 포항북구 장성동,1607,1607,0,현진에버빌1단지,114.97,202110,13,"33,000",4,2008,성실로 55,,-,-
경상북도 포항북구 장성동,1607,1607,0,현진에버빌1단지,114.97,202110,18,"31,400",8,2008,성실로 55,,-,-
경상북도 포항북구 장성동,1608,1608,0,현진에버빌2단지,84.96,202110,1,"28,000",13,2008,성실로 50,,-,-
경상북도 포항북구 장성동,1608,1608,0,현진에버빌2단지,84.98,202110,4,"26,400",10,2008,성실로 50,,-,-
경상북도 포항북구 장성동,1608,1608,0,현진에버빌2단지,114.97,202110,9,"29,000",13,2008,성실로 50,,-,-
경상북도 포항북구 장성동,1608,1608,0,현진에버빌2단지,84.98,202110,9,"28,300",15,2008,성실로 50,,-,-
경상북도 포항북구 장성동,1608,1608,0,현진에버빌2단지,84.96,202110,11,"26,500",21,2008,성실로 50,,-,-
경상북도 포항북구 장성동,1608,1608,0,현진에버빌2단지,84.98,202110,14,"29,500",15,2008,성실로 50,,-,-
경상북도 포항북구 장성동,1609,1609,0,현진에버빌3단지,84.98,202110,2,"27,600",7,2008,삼흥로69번길 6,,-,-
경상북도 포항북구 장성동,1609,1609,0,현진에버빌3단지,84.98,202110,23,"26,400",5,2008,삼흥로69번길 6,,-,-
경상북도 포항북구 죽도동,635-5,635,5,꽃동네,65.94,202110,8,"4,800",5,1985,양학천로 28-16,,-,-
경상북도 포항북구 죽도동,626-2,626,2,대명그랜드맨션3,58.32,202110,11,"7,350",5,1986,중흥로213번길 9,,-,-
경상북도 포항북구 죽도동,95-16,95,16,루미아뜨,49.9935,202110,8,"14,000",9,2017,죽도로40번길 55,,-,-
경상북도 포항북구 죽도동,20-75,20,75,영진리더스,57.2881,202110,15,"14,300",9,2014,죽도로 84-11,,-,-
경상북도 포항북구 죽도동,49-22,49,22,우일죽도타운힐스,57.384,202110,12,"11,500",9,2016,중앙로 191-6,,-,-
경상북도 포항북구 죽도동,93-36,93,36,펠리스현대,68.7344,202110,26,"16,000",5,2010,죽도로40번길 56-13,,-,-
경상북도 포항북구 죽도동,646-12,646,12,포항동부이끌림,84.939,202110,1,"24,500",5,2019,포스코대로 250,,-,-
경상북도 포항북구 죽도동,646-12,646,12,포항동부이끌림,84.939,202110,8,"25,000",10,2019,포스코대로 250,,-,-
경상북도 포항북구 죽도동,646-12,646,12,포항동부이끌림,84.939,202110,13,"25,500",16,2019,포스코대로 250,,-,-
경상북도 포항북구 죽도동,646-12,646,12,포항동부이끌림,80.206,202110,18,"24,400",10,2019,포스코대로 250,,-,-
경상북도 포항북구 죽도동,646-12,646,12,포항동부이끌림,80.206,202110,25,"24,000",10,2019,포스코대로 250,,-,-
경상북도 포항북구 창포동,613,613,0,두호주공3,47.01,202110,2,"16,900",2,1989,창흥로 68,,-,-
경상북도 포항북구 창포동,613,613,0,두호주공3,47.01,202110,6,"16,800",2,1989,창흥로 68,,-,-
경상북도 포항북구 창포동,645,645,0,창포2주공아파트,58.14,202110,1,"12,250",15,1994,새천년대로1123번길 9,,-,-
경상북도 포항북구 창포동,645,645,0,창포2주공아파트,37.67,202110,2,"7,600",15,1994,새천년대로1123번길 9,,-,-
경상북도 포항북구 창포동,645,645,0,창포2주공아파트,59.76,202110,6,"9,400",15,1994,새천년대로1123번길 9,,-,-
경상북도 포항북구 창포동,645,645,0,창포2주공아파트,58.14,202110,7,"9,900",12,1994,새천년대로1123번길 9,,-,-
경상북도 포항북구 창포동,645,645,0,창포2주공아파트,59.76,202110,8,"10,500",5,1994,새천년대로1123번길 9,,-,-
경상북도 포항북구 창포동,645,645,0,창포2주공아파트,58.14,202110,11,"11,100",1,1994,새천년대로1123번길 9,,-,-
경상북도 포항북구 창포동,645,645,0,창포2주공아파트,37.67,202110,12,"5,700",5,1994,새천년대로1123번길 9,,-,-
경상북도 포항북구 창포동,645,645,0,창포2주공아파트,37.67,202110,13,"6,800",3,1994,새천년대로1123번길 9,,-,-
경상북도 포항북구 창포동,645,645,0,창포2주공아파트,37.67,202110,14,"7,400",10,1994,새천년대로1123번길 9,,-,-
경상북도 포항북구 창포동,645,645,0,창포2주공아파트,58.14,202110,16,"10,000",15,1994,새천년대로1123번길 9,,-,-
경상북도 포항북구 창포동,645,645,0,창포2주공아파트,59.76,202110,22,"9,500",1,1994,새천년대로1123번길 9,,-,-
경상북도 포항북구 창포동,645,645,0,창포2주공아파트,37.67,202110,28,"7,550",5,1994,새천년대로1123번길 9,,-,-
경상북도 포항북구 창포동,657,657,0,창포메트로시티1단지,84.693,202110,22,"39,000",9,2018,우창로 164,,-,-
경상북도 포항북구 창포동,657,657,0,창포메트로시티1단지,84.693,202110,27,"39,000",12,2018,우창로 164,,-,-
경상북도 포항북구 창포동,657,657,0,창포메트로시티1단지,84.693,202110,30,"37,000",5,2018,우창로 164,,-,-
경상북도 포항북구 창포동,656,656,0,창포메트로시티2단지,84.693,202110,1,"37,500",6,2018,우창로 166,,-,-
경상북도 포항북구 창포동,656,656,0,창포메트로시티2단지,59.884,202110,6,"32,700",24,2018,우창로 166,,-,-
경상북도 포항북구 창포동,656,656,0,창포메트로시티2단지,69.44,202110,7,"30,500",2,2018,우창로 166,,-,-
경상북도 포항북구 창포동,656,656,0,창포메트로시티2단지,59.852,202110,9,"29,700",12,2018,우창로 166,,-,-
경상북도 포항북구 창포동,656,656,0,창포메트로시티2단지,59.884,202110,11,"30,000",26,2018,우창로 166,,-,-
경상북도 포항북구 창포동,656,656,0,창포메트로시티2단지,69.44,202110,12,"31,000",16,2018,우창로 166,,-,-
경상북도 포항북구 창포동,645,645,0,창포주공1단지아파트,41.85,202110,13,"6,800",1,1994,새천년대로1075번길 10,,-,-
경상북도 포항북구 창포동,645,645,0,창포주공1단지아파트,41.85,202110,25,"5,800",11,1994,새천년대로1075번길 10,,-,-
경상북도 포항북구 창포동,638,638,0,현림전원,68.17,202110,4,"13,900",5,1988,창흥로12번길 16,,-,-
경상북도 포항북구 학산동,06월 02일,6,2,우방청운타운,59.9,202110,16,"16,400",18,1998,학전로 37,,-,-
경상북도 포항북구 학산동,06월 02일,6,2,우방청운타운,84.95,202110,21,"20,000",15,1998,학전로 37,,-,-
경상북도 포항북구 학산동,192-1,192,1,코오롱,57.79,202110,10,"11,900",5,1980,학산로59번길 7,,-,-
경상북도 포항북구 학잠동,01월 21일,21,1,대림힐타운,59.56,202110,7,"15,500",7,1999,양학로34번길 14,,-,-
경상북도 포항북구 학잠동,01월 21일,21,1,대림힐타운,84.97,202110,9,"19,500",9,1999,양학로34번길 14,,-,-
경상북도 포항북구 학잠동,01월 21일,21,1,대림힐타운,84.97,202110,9,"18,500",6,1999,양학로34번길 14,,-,-
경상북도 포항북구 학잠동,01월 21일,21,1,대림힐타운,53.38,202110,15,"13,000",10,1999,양학로34번길 14,,-,-
경상북도 포항북구 학잠동,01월 21일,21,1,대림힐타운,59.56,202110,16,"16,000",9,1999,양학로34번길 14,20211019,-,-
경상북도 포항북구 학잠동,01월 21일,21,1,대림힐타운,59.56,202110,16,"16,000",9,1999,양학로34번길 14,,-,-
경상북도 포항북구 학잠동,01월 21일,21,1,대림힐타운,59.56,202110,24,"13,900",1,1999,양학로34번길 14,,-,-
경상북도 포항북구 학잠동,01월 21일,21,1,대림힐타운,75.7,202110,27,"16,800",2,1999,양학로34번길 14,,-,-
경상북도 포항북구 학잠동,252,252,0,주공근로복지,35.28,202110,7,"5,150",12,1990,양학로96번길 11-12,,-,-
경상북도 포항북구 학잠동,252,252,0,주공근로복지,36.16,202110,8,"5,450",13,1990,양학로96번길 11-12,,-,-
경상북도 포항북구 학잠동,252,252,0,주공근로복지,36,202110,13,"5,300",10,1990,양학로96번길 11-12,,-,-
경상북도 포항북구 학잠동,252,252,0,주공근로복지,35.28,202110,15,"5,900",5,1990,양학로96번길 11-12,,-,-
경상북도 포항북구 학잠동,252,252,0,주공근로복지,35.28,202110,17,"5,900",9,1990,양학로96번길 11-12,,-,-
경상북도 포항북구 학잠동,252,252,0,주공근로복지,36.34,202110,17,"5,400",10,1990,양학로96번길 11-12,,-,-
경상북도 포항북구 학잠동,252,252,0,주공근로복지,35.28,202110,18,"5,900",6,1990,양학로96번길 11-12,,-,-
경상북도 포항북구 학잠동,252,252,0,주공근로복지,35.28,202110,19,"5,300",12,1990,양학로96번길 11-12,,-,-
경상북도 포항북구 학잠동,252,252,0,주공근로복지,35.28,202110,22,"6,000",11,1990,양학로96번길 11-12,,-,-
경상북도 포항북구 학잠동,203,203,0,학잠동아,59.92,202110,1,"16,200",11,1998,양학로 158,,-,-
경상북도 포항북구 학잠동,203,203,0,학잠동아,59.92,202110,8,"16,000",14,1998,양학로 158,,-,-
경상북도 포항북구 학잠동,203,203,0,학잠동아,59.92,202110,28,"16,000",3,1998,양학로 158,,-,-
경상북도 포항북구 학잠동,114-1,114,1,학잠보성,59.98,202110,7,"14,000",16,1998,양학로 70-30,,-,-
경상북도 포항북구 학잠동,114-1,114,1,학잠보성,59.98,202110,18,"13,950",17,1998,양학로 70-30,,-,-
경상북도 포항북구 학잠동,114-1,114,1,학잠보성,59.98,202110,23,"12,100",9,1998,양학로 70-30,,-,-
경상북도 포항북구 학잠동,114-1,114,1,학잠보성,84.99,202110,29,"19,000",17,1998,양학로 70-30,,-,-
경상북도 포항북구 항구동,349-6,349,6,산호빌라,79.95,202110,6,"12,900",4,1986,삼호로189번길 4,,-,-
경상북도 포항북구 항구동,13,13,0,우방비치타운,84.9,202110,2,"19,000",19,1999,삼호로 175,,-,-
경상북도 포항북구 항구동,13,13,0,우방비치타운,114.78,202110,9,"27,650",7,1999,삼호로 175,,-,-
경상북도 포항북구 항구동,13,13,0,우방비치타운,84.9,202110,26,"20,200",21,1999,삼호로 175,,-,-
경상북도 포항북구 항구동,13,13,0,우방비치타운,59.96,202110,28,"16,500",20,1999,삼호로 175,,-,-
경상북도 포항북구 환호동,321-3,321,3,청우해변타운,65.42,202110,4,"15,500",2,1992,환호공원길 53-4,,-,-
경상북도 포항북구 환호동,309-1,309,1,해림,63.41,202110,2,"17,000",5,1989,삼호로 450,,-,-
경상북도 포항북구 환호동,409-1,409,1,해맞이그린빌1단지,84.76,202110,1,"24,600",6,2005,삼호로 391,,-,-
경상북도 포항북구 환호동,409-1,409,1,해맞이그린빌1단지,39.94,202110,2,"12,000",24,2005,삼호로 391,,-,-
경상북도 포항북구 환호동,409-1,409,1,해맞이그린빌1단지,59.94,202110,2,"18,000",19,2005,삼호로 391,,-,-
경상북도 포항북구 환호동,409-1,409,1,해맞이그린빌1단지,84.76,202110,2,"24,500",15,2005,삼호로 391,,-,-
경상북도 포항북구 환호동,409-1,409,1,해맞이그린빌1단지,59.94,202110,2,"16,400",8,2005,삼호로 391,,-,-
경상북도 포항북구 환호동,409-1,409,1,해맞이그린빌1단지,59.9,202110,2,"18,500",10,2005,삼호로 391,,-,-
경상북도 포항북구 환호동,409-1,409,1,해맞이그린빌1단지,76.74,202110,2,"21,000",7,2005,삼호로 391,,-,-
경상북도 포항북구 환호동,409-1,409,1,해맞이그린빌1단지,59.9,202110,5,"18,400",9,2005,삼호로 391,,-,-
경상북도 포항북구 환호동,409-1,409,1,해맞이그린빌1단지,59.94,202110,6,"17,400",18,2005,삼호로 391,,-,-
경상북도 포항북구 환호동,409-1,409,1,해맞이그린빌1단지,109.95,202110,6,"32,000",21,2005,삼호로 391,,-,-
경상북도 포항북구 환호동,409-1,409,1,해맞이그린빌1단지,59.94,202110,6,"16,000",7,2005,삼호로 391,,-,-
경상북도 포항북구 환호동,409-1,409,1,해맞이그린빌1단지,59.94,202110,6,"16,450",2,2005,삼호로 391,,-,-
경상북도 포항북구 환호동,409-1,409,1,해맞이그린빌1단지,59.9,202110,7,"17,400",22,2005,삼호로 391,,-,-
경상북도 포항북구 환호동,409-1,409,1,해맞이그린빌1단지,59.9,202110,7,"16,500",7,2005,삼호로 391,,-,-
경상북도 포항북구 환호동,409-1,409,1,해맞이그린빌1단지,39.94,202110,8,"11,400",18,2005,삼호로 391,,-,-
경상북도 포항북구 환호동,409-1,409,1,해맞이그린빌1단지,59.9,202110,8,"19,500",18,2005,삼호로 391,,-,-
경상북도 포항북구 환호동,409-1,409,1,해맞이그린빌1단지,59.94,202110,9,"15,800",17,2005,삼호로 391,,-,-
경상북도 포항북구 환호동,409-1,409,1,해맞이그린빌1단지,84.76,202110,9,"26,500",14,2005,삼호로 391,,-,-
경상북도 포항북구 환호동,409-1,409,1,해맞이그린빌1단지,39.94,202110,9,"12,300",8,2005,삼호로 391,,-,-
경상북도 포항북구 환호동,409-1,409,1,해맞이그린빌1단지,84.76,202110,11,"23,900",19,2005,삼호로 391,,-,-
경상북도 포항북구 환호동,409-1,409,1,해맞이그린빌1단지,84.76,202110,15,"26,800",18,2005,삼호로 391,,-,-
경상북도 포항북구 환호동,409-1,409,1,해맞이그린빌1단지,59.94,202110,16,"17,100",9,2005,삼호로 391,,-,-
경상북도 포항북구 환호동,409-1,409,1,해맞이그린빌1단지,109.95,202110,20,"31,000",20,2005,삼호로 391,,-,-
경상북도 포항북구 환호동,409-1,409,1,해맞이그린빌1단지,109.95,202110,21,"30,000",3,2005,삼호로 391,,-,-
경상북도 포항북구 환호동,409-1,409,1,해맞이그린빌1단지,109.95,202110,22,"29,600",2,2005,삼호로 391,,-,-
경상북도 포항북구 환호동,409-1,409,1,해맞이그린빌1단지,76.74,202110,28,"23,300",25,2005,삼호로 391,,-,-
경상북도 포항북구 환호동,409-1,409,1,해맞이그린빌1단지,84.76,202110,30,"23,500",4,2005,삼호로 391,,-,-
경상북도 포항북구 환호동,396-1,396,1,해맞이그린빌2단지,59.98,202110,1,"17,800",15,2007,환호로 24,,-,-
경상북도 포항북구 환호동,396-1,396,1,해맞이그린빌2단지,59.97,202110,4,"16,500",7,2007,환호로 24,,-,-
경상북도 포항북구 환호동,396-1,396,1,해맞이그린빌2단지,59.98,202110,5,"17,500",6,2007,환호로 24,,-,-
경상북도 포항북구 환호동,396-1,396,1,해맞이그린빌2단지,59.99,202110,9,"18,150",9,2007,환호로 24,,-,-
경상북도 포항북구 환호동,396-1,396,1,해맞이그린빌2단지,59.98,202110,9,"17,300",4,2007,환호로 24,,-,-
경상북도 포항북구 흥해읍 남성리,315-2,315,2,경보전원맨션2차,72.54,202110,1,"4,250",5,1990,남미질로21번길 21,,-,-
경상북도 포항북구 흥해읍 남성리,306-2,306,2,경보전원맨션5차,59.78,202110,19,"4,500",4,1992,중성로42번길 16,,-,-
경상북도 포항북구 흥해읍 남성리,291,291,0,만서세화타운3차,69.24,202110,29,"4,600",3,1990,중성로52번길 19,,-,-
경상북도 포항북구 흥해읍 마산리,52,52,0,유일그랜드,74.16,202110,4,"5,400",4,1993,동해대로1574번길 3,,-,-
경상북도 포항북구 흥해읍 마산리,29-38,29,38,한길로즈빌,58.6715,202110,7,"7,500",7,2003,동해대로1586번길 7,,-,-
경상북도 포항북구 흥해읍 마산리,198,198,0,한동맨션,66.36,202110,28,"6,900",11,1994,신흥로 870,,-,-
경상북도 포항북구 흥해읍 약성리,233-1,233,1,신세계그린,81.11,202110,25,"9,500",5,1997,동해대로1586번길 21,,-,-
경상북도 포항북구 흥해읍 약성리,105-3,105,3,영남진달래,57.87,202110,12,"5,500",1,1992,동해대로1586번길 31,,-,-
경상북도 포항북구 흥해읍 옥성리,176-1,176,1,금아드림팰리스,84.9147,202110,1,"16,400",10,2015,동해대로1475번길 36,,-,-
경상북도 포항북구 흥해읍 옥성리,176-1,176,1,금아드림팰리스,84.9231,202110,30,"17,700",13,2015,동해대로1475번길 36,,-,-
경상북도 포항북구 흥해읍 옥성리,253-1,253,1,녹원빌라,82.74,202110,18,"5,300",3,1990,동해대로1463번길 17-25,,-,-
경상북도 포항북구 흥해읍 옥성리,245-2,245,2,수정3차,40.63,202110,9,"2,800",5,1989,동해대로1475번길 6,,-,-
경상북도 포항북구 흥해읍 이인리,424,424,0,대유타운,48.69,202110,3,"7,800",7,2005,달전로 291,,-,-
경상북도 포항북구 흥해읍 이인리,424,424,0,대유타운,48.69,202110,9,"8,000",7,2005,달전로 291,,-,-
경상북도 포항북구 흥해읍 이인리,424,424,0,대유타운,59.94,202110,12,"9,000",9,2005,달전로 291,,-,-
경상북도 포항북구 흥해읍 이인리,424,424,0,대유타운,59.94,202110,16,"11,000",11,2005,달전로 291,,-,-
경상북도 포항북구 흥해읍 이인리,424,424,0,대유타운,59.94,202110,19,"9,800",1,2005,달전로 291,,-,-
경상북도 포항북구 흥해읍 이인리,424,424,0,대유타운,59.94,202110,20,"10,000",19,2005,달전로 291,,-,-
경상북도 포항북구 흥해읍 이인리,424,424,0,대유타운,59.94,202110,21,"9,000",14,2005,달전로 291,,-,-
경상북도 포항북구 흥해읍 이인리,424,424,0,대유타운,48.69,202110,27,"8,470",15,2005,달전로 291,,-,-
경상북도 포항북구 흥해읍 이인리,424,424,0,대유타운,59.94,202110,28,"10,500",14,2005,달전로 291,,-,-
경상북도 포항북구 흥해읍 이인리,929,929,0,삼도드림파크,84.88,202110,21,"17,200",9,2004,달전로 365,,-,-
경상북도 포항북구 흥해읍 이인리,929,929,0,삼도드림파크,59.73,202110,22,"13,800",14,2004,달전로 365,,-,-
경상북도 포항북구 흥해읍 이인리,929,929,0,삼도드림파크,59.73,202110,22,"14,000",18,2004,달전로 365,,-,-
경상북도 포항북구 흥해읍 초곡리,1768,1768,0,초곡리슈빌아파트,84.8825,202110,1,"31,300",19,2018,초곡지구로58번길 65-9,,-,-
경상북도 포항북구 흥해읍 초곡리,1761,1761,0,초곡삼구트리니엔시티,84.9753,202110,1,"30,000",17,2018,초곡지구로58번길 52-1,,-,-
경상북도 포항북구 흥해읍 초곡리,1761,1761,0,초곡삼구트리니엔시티,84.9753,202110,3,"32,500",13,2018,초곡지구로58번길 52-1,,-,-
경상북도 포항북구 흥해읍 초곡리,1761,1761,0,초곡삼구트리니엔시티,75.0037,202110,3,"30,800",17,2018,초곡지구로58번길 52-1,,-,-
경상북도 포항북구 흥해읍 초곡리,1761,1761,0,초곡삼구트리니엔시티,84.9753,202110,4,"32,900",14,2018,초곡지구로58번길 52-1,,-,-
경상북도 포항북구 흥해읍 초곡리,1761,1761,0,초곡삼구트리니엔시티,75.0037,202110,7,"29,300",7,2018,초곡지구로58번길 52-1,,-,-
경상북도 포항북구 흥해읍 초곡리,1761,1761,0,초곡삼구트리니엔시티,75.0037,202110,8,"29,300",26,2018,초곡지구로58번길 52-1,,-,-
경상북도 포항북구 흥해읍 초곡리,1761,1761,0,초곡삼구트리니엔시티,84.9753,202110,12,"34,000",24,2018,초곡지구로58번길 52-1,,-,-
경상북도 포항북구 흥해읍 초곡리,1761,1761,0,초곡삼구트리니엔시티,84.9753,202110,14,"32,000",17,2018,초곡지구로58번길 52-1,,-,-
경상북도 포항북구 흥해읍 초곡리,1761,1761,0,초곡삼구트리니엔시티,84.9753,202110,17,"31,000",3,2018,초곡지구로58번길 52-1,,-,-
경상북도 포항북구 흥해읍 초곡리,1761,1761,0,초곡삼구트리니엔시티,75.0037,202110,18,"30,800",24,2018,초곡지구로58번길 52-1,,-,-
경상북도 포항북구 흥해읍 초곡리,1761,1761,0,초곡삼구트리니엔시티,75.0037,202110,18,"30,500",14,2018,초곡지구로58번길 52-1,,-,-
경상북도 포항북구 흥해읍 초곡리,1761,1761,0,초곡삼구트리니엔시티,75.0037,202110,23,"30,000",7,2018,초곡지구로58번길 52-1,,-,-
경상북도 포항북구 흥해읍 초곡리,1761,1761,0,초곡삼구트리니엔시티,84.9753,202110,24,"34,300",17,2018,초곡지구로58번길 52-1,,-,-
경상북도 포항북구 흥해읍 초곡리,1761,1761,0,초곡삼구트리니엔시티,84.9753,202110,31,"32,700",13,2018,초곡지구로58번길 52-1,,-,-
경상북도 포항북구 흥해읍 초곡리,1491,1491,0,포항지엔하임,84.9616,202110,1,"25,190",3,2018,초곡지구로 102,,-,-
경상북도 포항북구 흥해읍 초곡리,1491,1491,0,포항지엔하임,84.9616,202110,1,"26,000",14,2018,초곡지구로 102,,-,-
경상북도 포항북구 흥해읍 초곡리,1491,1491,0,포항지엔하임,84.9616,202110,4,"24,500",5,2018,초곡지구로 102,,-,-
경상북도 포항북구 흥해읍 초곡리,1491,1491,0,포항지엔하임,84.9616,202110,4,"29,900",5,2018,초곡지구로 102,,-,-
경상북도 포항북구 흥해읍 초곡리,1491,1491,0,포항지엔하임,84.9616,202110,4,"29,900",5,2018,초곡지구로 102,20211028,-,-
경상북도 포항북구 흥해읍 초곡리,1491,1491,0,포항지엔하임,84.9616,202110,23,"30,500",13,2018,초곡지구로 102,,-,-
경상북도 포항북구 흥해읍 초곡리,1758,1758,0,포항초곡화산샬레아파트,84.9684,202110,2,"25,900",2,2019,초곡지구로58번길 82,,-,-
경상북도 포항북구 흥해읍 초곡리,1758,1758,0,포항초곡화산샬레아파트,84.8597,202110,11,"27,000",5,2019,초곡지구로58번길 82,,-,-
경상북도 포항북구 흥해읍 학천리,846,846,0,달전2차삼도뷰엔빌스마트,84.68,202110,9,"25,500",10,2016,동해대로 1181,,-,-
경상북도 포항북구 흥해읍 학천리,846,846,0,달전2차삼도뷰엔빌스마트,84.9738,202110,24,"22,850",16,2016,동해대로 1181,,-,-
경상북도 포항북구 흥해읍 학천리,454,454,0,삼도뷰엔빌,84.1775,202110,11,"19,900",15,2008,도음로877번길 15,,-,-
경상북도 포항북구 흥해읍 학천리,454,454,0,삼도뷰엔빌,74.7442,202110,13,"18,000",5,2008,도음로877번길 15,,-,-
경상북도 포항북구 흥해읍 학천리,454,454,0,삼도뷰엔빌,84.1775,202110,16,"21,200",14,2008,도음로877번길 15,,-,-
경상북도 포항북구 흥해읍 학천리,454,454,0,삼도뷰엔빌,84.1775,202110,25,"19,100",10,2008,도음로877번길 15,,-,-
경상북도 포항북구 흥해읍 학천리,454,454,0,삼도뷰엔빌,116.4649,202110,26,"30,000",19,2008,도음로877번길 15,,-,-
경상북도 포항북구 흥해읍 학천리,456,456,0,학천삼도미래타운1차,49.56,202110,1,"6,250",18,2000,도음로877번길 9,,-,-
경상북도 포항북구 흥해읍 학천리,456,456,0,학천삼도미래타운1차,59.46,202110,5,"8,300",4,2000,도음로877번길 9,,-,-
경상북도 포항북구 흥해읍 학천리,456,456,0,학천삼도미래타운1차,59.46,202110,7,"7,000",6,2000,도음로877번길 9,,-,-
경상북도 포항북구 흥해읍 학천리,456,456,0,학천삼도미래타운1차,49.56,202110,11,"6,100",10,2000,도음로877번길 9,,-,-
경상북도 포항북구 흥해읍 학천리,456,456,0,학천삼도미래타운1차,59.46,202110,21,"8,900",2,2000,도음로877번길 9,,-,-
경상북도 포항북구 흥해읍 학천리,456,456,0,학천삼도미래타운1차,49.56,202110,23,"7,000",6,2000,도음로877번길 9,,-,-
광주광역시 광산구 도산동,1138-2,1138,2,대덕1,59.31,202110,9,"7,700",6,1990,송도로 143,,-,-
광주광역시 광산구 도산동,1298-3,1298,3,삼라극동마이다스,39.69,202110,5,"7,450",1,1998,남동길 18-10,,-,-
광주광역시 광산구 도산동,1304-1,1304,1,삼라미주,31.395,202110,15,"4,900",9,1997,남동길 15,,-,-
광주광역시 광산구 도산동,1081,1081,0,서경,59.79,202110,7,"12,500",4,1998,도산로 28,,-,-
광주광역시 광산구 도산동,1081,1081,0,서경,59.79,202110,8,"12,000",4,1998,도산로 28,,-,-
광주광역시 광산구 도산동,1281-5,1281,5,서라,59.31,202110,4,"9,450",3,1997,남동길48번길 15,,-,-
광주광역시 광산구 도산동,1317,1317,0,송정우방아이유쉘아파트,84.9538,202110,5,"50,700",3,2019,평동로1100번길 71,,-,-
광주광역시 광산구 도산동,1077-1,1077,1,우미,60,202110,9,"11,000",5,1997,도산로 26,,-,-
광주광역시 광산구 도산동,849,849,0,카이스빌2차,83.013,202110,5,"17,500",2,2001,송도로181번길 30,,-,-
광주광역시 광산구 도산동,849,849,0,카이스빌2차,83.013,202110,20,"14,000",1,2001,송도로181번길 30,,-,-
광주광역시 광산구 도산동,1136-1,1136,1,호반1,59.95,202110,2,"10,600",4,1995,도산로9번길 35,,-,-
광주광역시 광산구 도산동,1136-1,1136,1,호반1,59.95,202110,13,"11,500",7,1995,도산로9번길 35,,-,-
광주광역시 광산구 도산동,782,782,0,호반2차,59.95,202110,13,"13,200",6,1998,송도로162번길 11-6,,-,-
광주광역시 광산구 도산동,782,782,0,호반2차,59.95,202110,15,"13,100",13,1998,송도로162번길 11-6,,-,-
광주광역시 광산구 도천동,627-1,627,1,중흥1차,59.94,202110,1,"9,200",9,1995,비아로62번길 7,,-,-
광주광역시 광산구 도천동,627-1,627,1,중흥1차,59.94,202110,16,"10,900",15,1995,비아로62번길 7,,-,-
광주광역시 광산구 도천동,628-1,628,1,중흥2차,59.76,202110,2,"9,400",6,1995,비아로62번길 12,,-,-
광주광역시 광산구 도천동,628-1,628,1,중흥2차,59.76,202110,8,"9,100",9,1995,비아로62번길 12,,-,-
광주광역시 광산구 비아동,152-5,152,5,호반,59.88,202110,7,"12,400",3,1998,비아로 185,,-,-
광주광역시 광산구 비아동,152-5,152,5,호반,59.88,202110,14,"14,550",11,1998,비아로 185,,-,-
광주광역시 광산구 비아동,152-5,152,5,호반,39.68,202110,15,"7,700",16,1998,비아로 185,,-,-
광주광역시 광산구 비아동,152-5,152,5,호반,59.88,202110,18,"14,500",16,1998,비아로 185,,-,-
광주광역시 광산구 비아동,152-5,152,5,호반,59.88,202110,23,"15,300",3,1998,비아로 185,,-,-
광주광역시 광산구 비아동,152-5,152,5,호반,59.88,202110,26,"12,800",2,1998,비아로 185,,-,-
광주광역시 광산구 비아동,152-5,152,5,호반,37.83,202110,29,"8,300",10,1998,비아로 185,,-,-
광주광역시 광산구 산월동,882-1,882,1,부영1차,84.9763,202110,5,"27,400",11,2003,월계로 170,,-,-
광주광역시 광산구 산월동,882-1,882,1,부영1차,84.9763,202110,7,"32,500",1,2003,월계로 170,,-,-
광주광역시 광산구 산월동,882-1,882,1,부영1차,84.9763,202110,31,"33,000",2,2003,월계로 170,,-,-
광주광역시 광산구 산월동,886-2,886,2,부영사랑으로7차,84.9931,202110,20,"32,500",3,2007,산월로 80,,-,-
광주광역시 광산구 산월동,886-2,886,2,부영사랑으로7차,84.9931,202110,26,"37,000",9,2007,산월로 80,,-,-
광주광역시 광산구 산월동,886-1,886,1,첨단부영6차,84.9931,202110,7,"36,500",9,2006,산월로 64,,-,-
광주광역시 광산구 산월동,886-1,886,1,첨단부영6차,84.9931,202110,8,"34,900",2,2006,산월로 64,,-,-
광주광역시 광산구 산월동,886-1,886,1,첨단부영6차,84.9931,202110,16,"34,500",12,2006,산월로 64,,-,-
광주광역시 광산구 산월동,886-1,886,1,첨단부영6차,84.9931,202110,23,"38,000",3,2006,산월로 64,,-,-
광주광역시 광산구 산월동,885-2,885,2,호반리젠시빌1,84.3979,202110,16,"39,200",2,2003,첨단중앙로68번길 60,,-,-
광주광역시 광산구 산월동,884-2,884,2,호반리젠시빌3,84.3979,202110,6,"34,700",2,2003,첨단중앙로68번길 134,,-,-
광주광역시 광산구 산월동,883-1,883,1,호반리젠시빌4,83.7154,202110,9,"39,000",11,2003,첨단중앙로68번길 99,,-,-
광주광역시 광산구 산정동,1027,1027,0,다사로움2단지,59.9538,202110,8,"24,000",12,2009,목련로 15,,-,-
광주광역시 광산구 산정동,1027,1027,0,다사로움2단지,59.9538,202110,10,"22,000",2,2009,목련로 15,,-,-
광주광역시 광산구 산정동,1027,1027,0,다사로움2단지,59.984,202110,19,"23,700",14,2009,목련로 15,,-,-
광주광역시 광산구 산정동,1027,1027,0,다사로움2단지,59.984,202110,28,"21,000",2,2009,목련로 15,,-,-
광주광역시 광산구 산정동,933,933,0,대덕훼밀리,49.77,202110,12,"8,400",18,1994,산정공원로71번길 18-7,,-,-
광주광역시 광산구 산정동,1056,1056,0,부영애시앙2차,84.8198,202110,4,"32,200",15,2008,목련로 41,,-,-
광주광역시 광산구 산정동,1056,1056,0,부영애시앙2차,84.8198,202110,8,"34,000",11,2008,목련로 41,,-,-
광주광역시 광산구 산정동,1056,1056,0,부영애시앙2차,84.8198,202110,9,"35,000",5,2008,목련로 41,,-,-
광주광역시 광산구 산정동,1056,1056,0,부영애시앙2차,84.8198,202110,13,"30,350",2,2008,목련로 41,,-,-
광주광역시 광산구 산정동,1125,1125,0,어등산대방노블랜드,116.139,202110,8,"62,800",7,2013,용아로297번길 17,,-,-
광주광역시 광산구 산정동,1125,1125,0,어등산대방노블랜드,107.189,202110,14,"56,500",5,2013,용아로297번길 17,,-,-
광주광역시 광산구 산정동,939,939,0,태양,32.28,202110,30,"6,000",3,1988,산정공원로71번길 27,,-,-
광주광역시 광산구 산정동,1060,1060,0,하남2지구중흥S-클래스,84.9924,202110,2,"48,700",7,2013,목련로21번길 20,,-,-
광주광역시 광산구 산정동,1060,1060,0,하남2지구중흥S-클래스,84.9924,202110,6,"45,300",2,2013,목련로21번길 20,,-,-
광주광역시 광산구 산정동,1060,1060,0,하남2지구중흥S-클래스,84.9924,202110,7,"46,000",9,2013,목련로21번길 20,,-,-
광주광역시 광산구 산정동,1060,1060,0,하남2지구중흥S-클래스,84.9924,202110,13,"48,300",5,2013,목련로21번길 20,,-,-
광주광역시 광산구 산정동,1060,1060,0,하남2지구중흥S-클래스,84.9924,202110,16,"46,000",10,2013,목련로21번길 20,,-,-
광주광역시 광산구 선암동,549,549,0,광주선운지구이지더원3단지,72.2197,202110,8,"43,000",20,2016,선운로 55,,-,-
광주광역시 광산구 선암동,549,549,0,광주선운지구이지더원3단지,72.2197,202110,21,"42,000",5,2016,선운로 55,,-,-
광주광역시 광산구 선암동,555,555,0,선운모아엘가,79.5181,202110,6,"43,700",13,2014,선운중앙로 45,,-,-
광주광역시 광산구 선암동,586,586,0,선운지구다사로움,84.8497,202110,7,"39,400",6,2015,선운로 34,,-,-
광주광역시 광산구 선암동,586,586,0,선운지구다사로움,84.8497,202110,8,"37,500",6,2015,선운로 34,,-,-
광주광역시 광산구 선암동,586,586,0,선운지구다사로움,84.8497,202110,18,"24,580",6,2015,선운로 34,,-,-
광주광역시 광산구 선암동,586,586,0,선운지구다사로움,84.8497,202110,26,"24,040",2,2015,선운로 34,,-,-
광주광역시 광산구 선암동,586,586,0,선운지구다사로움,84.8497,202110,27,"25,095",12,2015,선운로 34,,-,-
광주광역시 광산구 선암동,783,783,0,선운지구해광샹그릴라,82.2457,202110,2,"40,200",5,2014,선운로 17,,-,-
광주광역시 광산구 선암동,783,783,0,선운지구해광샹그릴라,82.2457,202110,2,"45,300",10,2014,선운로 17,20211013,-,-
광주광역시 광산구 선암동,783,783,0,선운지구해광샹그릴라,82.2457,202110,2,"45,300",10,2014,선운로 17,,-,-
광주광역시 광산구 소촌동,290-25,290,25,EG스위트밸리1차,84.9831,202110,6,"20,700",13,2001,소촌로152번길 10,,-,-
광주광역시 광산구 소촌동,232-6,232,6,EG스위트밸리3차,59.3342,202110,16,"16,000",8,2004,소촌로152번길 11,,-,-
광주광역시 광산구 소촌동,Feb-46,46,2,금호훼미리파크,84.99,202110,5,"12,500",10,1994,사암로95번길 42,,-,-
광주광역시 광산구 소촌동,Feb-46,46,2,금호훼미리파크,84.99,202110,19,"17,200",5,1994,사암로95번길 42,,-,-
광주광역시 광산구 소촌동,Feb-46,46,2,금호훼미리파크,84.99,202110,21,"16,800",10,1994,사암로95번길 42,,-,-
광주광역시 광산구 소촌동,Mar-69,69,3,대덕무지개,59.88,202110,12,"8,100",5,1993,금봉로 36,,-,-
광주광역시 광산구 소촌동,Mar-69,69,3,대덕무지개,45.63,202110,18,"7,100",8,1993,금봉로 36,,-,-
광주광역시 광산구 소촌동,Jan-97,97,1,라인2차,59.9,202110,1,"11,800",5,1997,금봉로 18,,-,-
광주광역시 광산구 소촌동,Jan-97,97,1,라인2차,59.9,202110,15,"10,400",2,1997,금봉로 18,,-,-
광주광역시 광산구 소촌동,286-1,286,1,모아드림타운1차,26.9712,202110,11,"5,600",3,2000,소촌로86번길 17,,-,-
광주광역시 광산구 소촌동,286-1,286,1,모아드림타운1차,82.8908,202110,13,"18,300",4,2000,소촌로86번길 17,,-,-
광주광역시 광산구 소촌동,290-46,290,46,모아드림타운2차,59.7128,202110,1,"14,000",1,2001,소촌로86번길 20-5,,-,-
광주광역시 광산구 소촌동,290-46,290,46,모아드림타운2차,59.713,202110,5,"13,500",3,2001,소촌로86번길 20-5,,-,-
광주광역시 광산구 소촌동,290-46,290,46,모아드림타운2차,59.713,202110,8,"14,500",9,2001,소촌로86번길 20-5,,-,-
광주광역시 광산구 소촌동,414-2,414,2,서라3,59.7,202110,30,"9,000",4,1998,어등대로653번길 89,,-,-
광주광역시 광산구 소촌동,869,869,0,소촌동대성베르힐,84.931,202110,15,"30,500",14,2011,소촌로86번길 20-17,,-,-
광주광역시 광산구 소촌동,869,869,0,소촌동대성베르힐,84.931,202110,16,"30,800",11,2011,소촌로86번길 20-17,,-,-
광주광역시 광산구 소촌동,877,877,0,소촌동모아엘가에듀퍼스트아파트,59.8957,202110,8,"26,200",8,2017,소촌로 100,,-,-
광주광역시 광산구 소촌동,877,877,0,소촌동모아엘가에듀퍼스트아파트,59.8957,202110,22,"25,500",4,2017,소촌로 100,,-,-
광주광역시 광산구 소촌동,603-3,603,3,송광파크맨션3,59.94,202110,11,"8,300",1,1995,어등대로653번길 20,,-,-
광주광역시 광산구 소촌동,603-3,603,3,송광파크맨션3,59.94,202110,25,"8,900",13,1995,어등대로653번길 20,,-,-
광주광역시 광산구 송정동,238,238,0,금강3차,59.94,202110,11,"11,300",5,2000,송정로 77,,-,-
광주광역시 광산구 송정동,238,238,0,금강3차,59.94,202110,12,"10,200",7,2000,송정로 77,,-,-
광주광역시 광산구 송정동,238,238,0,금강3차,59.94,202110,18,"10,800",13,2000,송정로 77,,-,-
광주광역시 광산구 송정동,238,238,0,금강3차,59.84,202110,27,"12,700",4,2000,송정로 77,,-,-
광주광역시 광산구 송정동,230-8,230,8,대덕9,59.925,202110,4,"13,500",10,1995,송정로65번길 28,,-,-
광주광역시 광산구 송정동,230-8,230,8,대덕9,59.925,202110,22,"12,650",13,1995,송정로65번길 28,,-,-
광주광역시 광산구 송정동,230-8,230,8,대덕9,59.925,202110,23,"10,600",1,1995,송정로65번길 28,,-,-
광주광역시 광산구 송정동,202,202,0,대화,59.91,202110,2,"10,300",6,1998,송도로212번길 31-8,,-,-
광주광역시 광산구 송정동,202,202,0,대화,59.91,202110,4,"10,700",8,1998,송도로212번길 31-8,,-,-
광주광역시 광산구 송정동,202,202,0,대화,59.91,202110,14,"10,400",10,1998,송도로212번길 31-8,,-,-
광주광역시 광산구 송정동,202,202,0,대화,59.91,202110,21,"11,800",6,1998,송도로212번길 31-8,,-,-
광주광역시 광산구 송정동,202,202,0,대화,59.91,202110,22,"10,500",4,1998,송도로212번길 31-8,,-,-
광주광역시 광산구 송정동,202,202,0,대화,59.91,202110,22,"10,500",4,1998,송도로212번길 31-8,20211105,-,-
광주광역시 광산구 송정동,202,202,0,대화,59.91,202110,27,"10,500",3,1998,송도로212번길 31-8,,-,-
광주광역시 광산구 송정동,425-2,425,2,라인1,59.82,202110,5,"11,200",5,1997,용보로27번길 46,,-,-
광주광역시 광산구 송정동,425-2,425,2,라인1,59.82,202110,6,"11,500",5,1997,용보로27번길 46,,-,-
광주광역시 광산구 송정동,425-2,425,2,라인1,59.82,202110,22,"10,500",7,1997,용보로27번길 46,,-,-
광주광역시 광산구 송정동,448-1,448,1,명지2차,84.8858,202110,23,"25,200",2,2005,송도로320번길 16-15,,-,-
광주광역시 광산구 송정동,593,593,0,모아,39.52,202110,9,"6,500",6,1997,송도로320번길 16-6,,-,-
광주광역시 광산구 송정동,585,585,0,송정e-다움,84.0544,202110,1,"19,500",9,2013,송도로294번길 13-11,,-,-
광주광역시 광산구 송정동,585,585,0,송정e-다움,62.9812,202110,5,"14,500",4,2013,송도로294번길 13-11,,-,-
광주광역시 광산구 송정동,1516,1516,0,송정역모아엘가아파트,62.557,202110,1,"33,000",11,2018,평동로1101번길 40,,-,-
광주광역시 광산구 송정동,840-33,840,33,송정역센트럴시티,39.6572,202110,22,"12,000",9,2016,광산로19번길 7,,-,-
광주광역시 광산구 송정동,1520,1520,0,송정역숲안애2차,76.447,202110,29,"37,700",14,2021,송정로85번길 10,,-,-
광주광역시 광산구 송정동,266,266,0,신한화,59.88,202110,4,"11,300",4,1997,내상로 80,,-,-
광주광역시 광산구 수완동,926,926,0,광주수완6차대방노블랜드,84.9657,202110,16,"70,800",6,2013,왕버들로132번길 35,,-,-
광주광역시 광산구 수완동,926,926,0,광주수완6차대방노블랜드,84.9657,202110,29,"71,300",8,2013,왕버들로132번길 35,,-,-
광주광역시 광산구 수완동,1490,1490,0,수완영무예다음2차,84.7296,202110,4,"52,500",3,2012,수완로33번길 79,,-,-
광주광역시 광산구 수완동,916,916,0,수완진아리채2차,108.6652,202110,1,"76,000",3,2013,장덕로137번길 17,,-,-
광주광역시 광산구 수완동,1488,1488,0,우미린1차,84.1244,202110,6,"71,000",14,2008,수완로33번길 22,,-,-
광주광역시 광산구 수완동,1488,1488,0,우미린1차,84.1244,202110,12,"66,200",6,2008,수완로33번길 22,,-,-
광주광역시 광산구 수완동,908,908,0,우미린2차,84.835,202110,9,"62,000",11,2008,왕버들로132번길 22,,-,-
광주광역시 광산구 수완동,908,908,0,우미린2차,84.9626,202110,11,"58,000",4,2008,왕버들로132번길 22,,-,-
광주광역시 광산구 수완동,908,908,0,우미린2차,84.9547,202110,16,"56,500",2,2008,왕버들로132번길 22,,-,-
광주광역시 광산구 수완동,908,908,0,우미린2차,84.9626,202110,22,"62,300",24,2008,왕버들로132번길 22,,-,-
광주광역시 광산구 수완동,913,913,0,코오롱하늘채,123.38,202110,2,"97,500",15,2008,장덕로137번길 39,,-,-
광주광역시 광산구 수완동,913,913,0,코오롱하늘채,128.79,202110,4,"94,300",16,2008,장덕로137번길 39,,-,-
광주광역시 광산구 수완동,913,913,0,코오롱하늘채,152.24,202110,6,"109,500",3,2008,장덕로137번길 39,,-,-
광주광역시 광산구 수완동,913,913,0,코오롱하늘채,103.71,202110,23,"77,800",1,2008,장덕로137번길 39,,-,-
광주광역시 광산구 수완동,970,970,0,해솔마을대방노블랜드2차,84.9382,202110,2,"64,500",2,2011,임방울대로358번길 21,,-,-
광주광역시 광산구 수완동,970,970,0,해솔마을대방노블랜드2차,84.9382,202110,21,"71,000",3,2011,임방울대로358번길 21,,-,-
광주광역시 광산구 수완동,933,933,0,현진에버빌1단지,146.44,202110,8,"135,000",16,2009,장덕로 138,,-,-
광주광역시 광산구 수완동,933,933,0,현진에버빌1단지,146.44,202110,8,"130,000",24,2009,장덕로 138,,-,-
광주광역시 광산구 수완동,933,933,0,현진에버빌1단지,118.3,202110,8,"94,000",12,2009,장덕로 138,,-,-
광주광역시 광산구 신가동,1304,1304,0,대방노블랜드,84.9366,202110,6,"53,800",6,2009,수등로76번길 40,,-,-
광주광역시 광산구 신가동,1304,1304,0,대방노블랜드,84.9366,202110,9,"53,000",2,2009,수등로76번길 40,,-,-
광주광역시 광산구 신가동,1304,1304,0,대방노블랜드,84.9366,202110,25,"59,000",17,2009,수등로76번길 40,,-,-
광주광역시 광산구 신가동,1019-1,1019,1,도시공사,84.83,202110,2,"19,300",2,2002,수등로258번길 13,,-,-
광주광역시 광산구 신가동,1199,1199,0,수완대성베르힐,84.9888,202110,12,"56,500",9,2013,수등로94번길 31,,-,-
광주광역시 광산구 신가동,1199,1199,0,수완대성베르힐,84.5653,202110,23,"54,300",14,2013,수등로94번길 31,,-,-
광주광역시 광산구 신가동,1199,1199,0,수완대성베르힐,84.9888,202110,31,"59,000",13,2013,수등로94번길 31,,-,-
광주광역시 광산구 신가동,1058,1058,0,수완지구호반베르디움1차,84.9173,202110,1,"76,000",21,2012,수등로123번길 21,,-,-
광주광역시 광산구 신가동,1058,1058,0,수완지구호반베르디움1차,84.8832,202110,5,"65,000",5,2012,수등로123번길 21,,-,-
광주광역시 광산구 신가동,1058,1058,0,수완지구호반베르디움1차,84.884,202110,7,"71,500",5,2012,수등로123번길 21,,-,-
광주광역시 광산구 신가동,1058,1058,0,수완지구호반베르디움1차,84.884,202110,9,"77,300",16,2012,수등로123번길 21,,-,-
광주광역시 광산구 신가동,1058,1058,0,수완지구호반베르디움1차,84.9173,202110,9,"69,000",9,2012,수등로123번길 21,,-,-
광주광역시 광산구 신가동,1058,1058,0,수완지구호반베르디움1차,84.884,202110,10,"75,000",11,2012,수등로123번길 21,,-,-
광주광역시 광산구 신가동,1058,1058,0,수완지구호반베르디움1차,84.8832,202110,24,"70,500",16,2012,수등로123번길 21,,-,-
광주광역시 광산구 신가동,1200,1200,0,수완진아리채1차,68.7848,202110,1,"44,500",1,2012,하남대로261번길 27,,-,-
광주광역시 광산구 신가동,1200,1200,0,수완진아리채1차,84.964,202110,11,"57,500",4,2012,하남대로261번길 27,,-,-
광주광역시 광산구 신가동,1200,1200,0,수완진아리채1차,68.7848,202110,12,"52,500",15,2012,하남대로261번길 27,,-,-
광주광역시 광산구 신가동,1200,1200,0,수완진아리채1차,84.964,202110,13,"57,500",6,2012,하남대로261번길 27,,-,-
광주광역시 광산구 신가동,1200,1200,0,수완진아리채1차,68.7848,202110,16,"48,000",7,2012,하남대로261번길 27,,-,-
광주광역시 광산구 신가동,1200,1200,0,수완진아리채1차,84.9652,202110,23,"51,000",2,2012,하남대로261번길 27,,-,-
광주광역시 광산구 신가동,1034,1034,0,신창6차부영사랑으로,84.9931,202110,9,"31,000",4,2006,신창로35번길 20,,-,-
광주광역시 광산구 신가동,1034,1034,0,신창6차부영사랑으로,84.9931,202110,25,"35,000",10,2006,신창로35번길 20,,-,-
광주광역시 광산구 신가동,1048,1048,0,신창6차호반베르디움,84.9429,202110,2,"34,200",5,2005,신창로35번길 80,,-,-
광주광역시 광산구 신가동,1030,1030,0,신창7차부영사랑으로,84.9931,202110,1,"27,800",1,2006,신창로35번길 54,,-,-
광주광역시 광산구 신가동,1030,1030,0,신창7차부영사랑으로,84.9931,202110,12,"30,200",7,2006,신창로35번길 54,,-,-
광주광역시 광산구 신가동,1030,1030,0,신창7차부영사랑으로,84.9931,202110,15,"36,700",15,2006,신창로35번길 54,,-,-
광주광역시 광산구 신가동,1012,1012,0,우미이노스빌,59.6722,202110,1,"18,150",15,2002,수등로258번길 10,,-,-
광주광역시 광산구 신가동,1012,1012,0,우미이노스빌,59.8276,202110,2,"18,800",2,2002,수등로258번길 10,,-,-
광주광역시 광산구 신가동,1012,1012,0,우미이노스빌,59.6722,202110,16,"21,000",15,2002,수등로258번길 10,,-,-
광주광역시 광산구 신가동,1012,1012,0,우미이노스빌,59.8527,202110,21,"20,000",13,2002,수등로258번길 10,,-,-
광주광역시 광산구 신가동,302-25,302,25,중흥2,59.955,202110,25,"14,700",5,1998,목련로382번길 114,,-,-
광주광역시 광산구 신가동,302-25,302,25,중흥2,59.955,202110,28,"14,000",4,1998,목련로382번길 114,,-,-
광주광역시 광산구 신가동,1306,1306,0,중흥S클래스1단지,84.6347,202110,2,"68,000",23,2009,수등로76번길 74,,-,-
광주광역시 광산구 신가동,1306,1306,0,중흥S클래스1단지,84.6347,202110,8,"63,000",12,2009,수등로76번길 74,,-,-
광주광역시 광산구 신가동,1306,1306,0,중흥S클래스1단지,84.6347,202110,18,"54,000",13,2009,수등로76번길 74,,-,-
광주광역시 광산구 신가동,1019-2,1019,2,호반리젠시빌1차,84.0624,202110,7,"26,500",2,2001,수등로 280,,-,-
광주광역시 광산구 신창동,1285,1285,0,광주신창동대광로제비앙아파트,73.9152,202110,17,"34,500",1,2016,장신로 306,,-,-
광주광역시 광산구 신창동,1290,1290,0,대라수아파트,68.746,202110,16,"27,500",7,2017,장신로 326,,-,-
광주광역시 광산구 신창동,1108-3,1108,3,삼능,84.986,202110,12,"30,500",8,2003,신창로 20,,-,-
광주광역시 광산구 신창동,1108-1,1108,1,신가부영,84.9873,202110,4,"24,000",20,2001,수등로 287,,-,-
광주광역시 광산구 신창동,1108-1,1108,1,신가부영,84.9873,202110,6,"25,000",9,2001,수등로 287,,-,-
광주광역시 광산구 신창동,1108-1,1108,1,신가부영,84.9873,202110,6,"26,300",8,2001,수등로 287,,-,-
광주광역시 광산구 신창동,1108-1,1108,1,신가부영,84.9873,202110,13,"24,200",3,2001,수등로 287,,-,-
광주광역시 광산구 신창동,1121,1121,0,신창1차남양휴튼,103.2617,202110,18,"48,000",6,2007,신창로131번길 10,,-,-
광주광역시 광산구 신창동,1121,1121,0,신창1차남양휴튼,103.2617,202110,29,"49,000",12,2007,신창로131번길 10,,-,-
광주광역시 광산구 신창동,1272,1272,0,신창2차남양휴튼,125.1218,202110,24,"54,500",3,2007,신창로71번길 17,,-,-
광주광역시 광산구 신창동,1270,1270,0,신창2차부영,84.7886,202110,1,"29,700",15,2005,신창로71번길 33,,-,-
광주광역시 광산구 신창동,1270,1270,0,신창2차부영,84.7886,202110,6,"31,400",19,2005,신창로71번길 33,,-,-
광주광역시 광산구 신창동,1270,1270,0,신창2차부영,84.7886,202110,6,"31,000",6,2005,신창로71번길 33,,-,-
광주광역시 광산구 신창동,1270,1270,0,신창2차부영,84.7886,202110,30,"28,400",1,2005,신창로71번길 33,,-,-
광주광역시 광산구 신창동,1110,1110,0,신창3차부영사랑으로,59.748,202110,5,"22,700",16,2006,신창로161번길 34,,-,-
광주광역시 광산구 신창동,1110,1110,0,신창3차부영사랑으로,59.748,202110,9,"23,800",8,2006,신창로161번길 34,,-,-
광주광역시 광산구 신창동,1110,1110,0,신창3차부영사랑으로,59.748,202110,10,"24,600",11,2006,신창로161번길 34,,-,-
광주광역시 광산구 신창동,1110,1110,0,신창3차부영사랑으로,59.748,202110,15,"22,600",8,2006,신창로161번길 34,,-,-
광주광역시 광산구 신창동,1118,1118,0,신창3차호반베르디움,84.6574,202110,15,"40,400",6,2005,신창로161번길 19,,-,-
광주광역시 광산구 신창동,1264,1264,0,신창5차부영사랑으로,84.9931,202110,2,"33,500",12,2006,신창로71번길 16,,-,-
광주광역시 광산구 신창동,1264,1264,0,신창5차부영사랑으로,84.9931,202110,11,"34,000",13,2006,신창로71번길 16,,-,-
광주광역시 광산구 신창동,1111,1111,0,신창5차호반베르디움,84.9429,202110,8,"39,500",15,2005,왕버들로251번길 27,,-,-
광주광역시 광산구 신창동,1111,1111,0,신창5차호반베르디움,84.6799,202110,9,"38,500",12,2005,왕버들로251번길 27,,-,-
광주광역시 광산구 신창동,1111,1111,0,신창5차호반베르디움,84.976,202110,12,"39,500",9,2005,왕버들로251번길 27,,-,-
광주광역시 광산구 신창동,1111,1111,0,신창5차호반베르디움,84.6799,202110,19,"40,500",15,2005,왕버들로251번길 27,,-,-
광주광역시 광산구 신창동,462-2,462,2,신창동모아미래도,47.7,202110,5,"8,500",9,2000,북문대로419번길 27-7,,-,-
광주광역시 광산구 신창동,462-2,462,2,신창동모아미래도,36.45,202110,6,"6,150",3,2000,북문대로419번길 27-7,,-,-
광주광역시 광산구 신창동,462-2,462,2,신창동모아미래도,47.7,202110,15,"8,000",9,2000,북문대로419번길 27-7,,-,-
광주광역시 광산구 신창동,462-2,462,2,신창동모아미래도,36.45,202110,31,"6,950",6,2000,북문대로419번길 27-7,,-,-
광주광역시 광산구 신창동,1187,1187,0,신창부영,84.7886,202110,6,"23,900",1,2005,장신로265번길 22,,-,-
광주광역시 광산구 신창동,1128-2,1128,2,정원시티캐슬,35.6335,202110,5,"15,000",4,2015,왕버들로 255,,-,-
광주광역시 광산구 신창동,855-9,855,9,해광샹그릴라,84.9106,202110,3,"26,000",11,2005,수등로258번길 46,,-,-
광주광역시 광산구 신창동,855-9,855,9,해광샹그릴라,84.9106,202110,12,"25,100",3,2005,수등로258번길 46,,-,-
광주광역시 광산구 신촌동,826-1,826,1,대주파크빌,84.9181,202110,8,"17,000",1,2004,사암로 24,,-,-
광주광역시 광산구 신촌동,827-1,827,1,정석그린,59.97,202110,18,"9,000",2,1995,사암로24번길 60-7,,-,-
광주광역시 광산구 신촌동,844,844,0,중도다이아빌,84.8593,202110,3,"19,300",12,2003,사암로 72-10,,-,-
광주광역시 광산구 신촌동,1061-3,1061,3,현대,58.98,202110,29,"11,000",2,1982,신흥동길 22-3,,-,-
광주광역시 광산구 쌍암동,694-59,694,59,쌍암중흥에스-클래스리버시티,76.9179,202110,1,"52,800",15,2017,월계로 223-8,,-,-
광주광역시 광산구 쌍암동,694-59,694,59,쌍암중흥에스-클래스리버시티,76.9179,202110,4,"45,500",2,2017,월계로 223-8,,-,-
광주광역시 광산구 쌍암동,694-59,694,59,쌍암중흥에스-클래스리버시티,76.9179,202110,11,"48,000",3,2017,월계로 223-8,,-,-
광주광역시 광산구 쌍암동,694-59,694,59,쌍암중흥에스-클래스리버시티,84.9825,202110,24,"63,000",29,2017,월계로 223-8,,-,-
광주광역시 광산구 쌍암동,660-7,660,7,에이엠시티4차,22.1404,202110,3,"5,500",4,2014,첨단중앙로152번길 17-6,,-,-
광주광역시 광산구 쌍암동,682-1,682,1,에이엠시티5차,33.1446,202110,18,"9,890",3,2013,임방울대로825번길 19,,-,-
광주광역시 광산구 쌍암동,682-1,682,1,에이엠시티5차,33.1446,202110,21,"10,590",7,2013,임방울대로825번길 19,,-,-
광주광역시 광산구 쌍암동,676-2,676,2,에이엠시티센트럴파크,40.9226,202110,8,"14,800",4,2015,첨단중앙로182번길 50,,-,-
광주광역시 광산구 쌍암동,676-2,676,2,에이엠시티센트럴파크,40.9226,202110,19,"13,500",4,2015,첨단중앙로182번길 50,,-,-
광주광역시 광산구 쌍암동,676-2,676,2,에이엠시티센트럴파크,40.9226,202110,29,"15,600",10,2015,첨단중앙로182번길 50,,-,-
광주광역시 광산구 쌍암동,694-74,694,74,윤진리안채,28.695,202110,1,"9,950",14,2017,첨단강변로99번길 21,,-,-
광주광역시 광산구 쌍암동,676-3,676,3,첨단센트럴파크2차,47.44,202110,1,"17,800",12,2018,첨단중앙로170번길 87,,-,-
광주광역시 광산구 쌍암동,676-3,676,3,첨단센트럴파크2차,47.44,202110,22,"25,000",15,2018,첨단중앙로170번길 87,,-,-
광주광역시 광산구 쌍암동,694-115,694,115,한양에드가302동,24.8708,202110,27,"6,800",7,2013,월계로 223-17,,-,-
광주광역시 광산구 쌍암동,695-1,695,1,힐스테이트리버파크,84.88,202110,6,"86,000",30,2019,첨단강변로 100,,-,-
광주광역시 광산구 쌍암동,695-1,695,1,힐스테이트리버파크,84.88,202110,8,"75,500",22,2019,첨단강변로 100,,-,-
광주광역시 광산구 쌍암동,695-1,695,1,힐스테이트리버파크,84.97,202110,13,"88,000",11,2019,첨단강변로 100,,-,-
광주광역시 광산구 쌍암동,695-1,695,1,힐스테이트리버파크,84.88,202110,15,"81,000",33,2019,첨단강변로 100,,-,-
광주광역시 광산구 쌍암동,695-1,695,1,힐스테이트리버파크,84.97,202110,17,"73,000",18,2019,첨단강변로 100,,-,-
광주광역시 광산구 쌍암동,695-1,695,1,힐스테이트리버파크,74.79,202110,20,"62,000",21,2019,첨단강변로 100,,-,-
광주광역시 광산구 쌍암동,695-1,695,1,힐스테이트리버파크,84.95,202110,28,"72,000",2,2019,첨단강변로 100,,-,-
광주광역시 광산구 우산동,1311-1,1311,1,대광로제비앙,109.7772,202110,4,"38,500",4,2007,우산로95번길 60,,-,-
광주광역시 광산구 우산동,1311-1,1311,1,대광로제비앙,84.8724,202110,12,"29,000",2,2007,우산로95번길 60,,-,-
광주광역시 광산구 우산동,1311-1,1311,1,대광로제비앙,84.8724,202110,15,"33,000",6,2007,우산로95번길 60,,-,-
광주광역시 광산구 우산동,1311-1,1311,1,대광로제비앙,109.7772,202110,23,"41,950",3,2007,우산로95번길 60,,-,-
광주광역시 광산구 우산동,1039-5,1039,5,대덕,49.5,202110,16,"7,900",10,1991,사암로118번길 127-6,,-,-
광주광역시 광산구 우산동,1039-5,1039,5,대덕,59.94,202110,24,"9,400",9,1991,사암로118번길 127-6,,-,-
광주광역시 광산구 우산동,1039-5,1039,5,대덕,49.5,202110,30,"7,270",5,1991,사암로118번길 127-6,,-,-
광주광역시 광산구 우산동,1572-5,1572,5,동산,59.61,202110,4,"10,800",13,1991,월곡산정로 20-49,,-,-
광주광역시 광산구 우산동,1572-5,1572,5,동산,59.61,202110,6,"11,300",5,1991,월곡산정로 20-49,,-,-
광주광역시 광산구 우산동,1572-5,1572,5,동산,59.61,202110,6,"12,300",10,1991,월곡산정로 20-49,,-,-
광주광역시 광산구 우산동,1572-5,1572,5,동산,59.61,202110,8,"12,000",14,1991,월곡산정로 20-49,,-,-
광주광역시 광산구 우산동,1572-5,1572,5,동산,59.61,202110,8,"11,500",2,1991,월곡산정로 20-49,,-,-
광주광역시 광산구 우산동,1572-5,1572,5,동산,59.61,202110,23,"10,750",7,1991,월곡산정로 20-49,,-,-
광주광역시 광산구 우산동,1602-2,1602,2,리버힐,49.72,202110,1,"10,400",14,1992,우산로 47,,-,-
광주광역시 광산구 우산동,1602-2,1602,2,리버힐,49.86,202110,5,"11,000",10,1992,우산로 47,,-,-
광주광역시 광산구 우산동,1602-2,1602,2,리버힐,49.72,202110,10,"9,400",9,1992,우산로 47,,-,-
광주광역시 광산구 우산동,1602-2,1602,2,리버힐,49.72,202110,13,"9,500",5,1992,우산로 47,,-,-
광주광역시 광산구 우산동,1602-2,1602,2,리버힐,49.86,202110,13,"10,700",14,1992,우산로 47,,-,-
광주광역시 광산구 우산동,1602-2,1602,2,리버힐,49.86,202110,15,"9,000",3,1992,우산로 47,,-,-
광주광역시 광산구 우산동,1602-2,1602,2,리버힐,49.72,202110,15,"8,200",1,1992,우산로 47,,-,-
광주광역시 광산구 우산동,1602-2,1602,2,리버힐,49.86,202110,18,"10,000",5,1992,우산로 47,,-,-
광주광역시 광산구 우산동,1602-2,1602,2,리버힐,49.86,202110,21,"10,700",6,1992,우산로 47,,-,-
광주광역시 광산구 우산동,1621,1621,0,세계수영선수촌 중흥에스-클래스 센트럴,59.9323,202110,6,"31,000",16,2020,금봉로 106,,-,-
광주광역시 광산구 우산동,1621,1621,0,세계수영선수촌 중흥에스-클래스 센트럴,84.9276,202110,11,"52,500",15,2020,금봉로 106,,-,-
광주광역시 광산구 우산동,1621,1621,0,세계수영선수촌 중흥에스-클래스 센트럴,59.9323,202110,12,"33,000",5,2020,금봉로 106,,-,-
광주광역시 광산구 우산동,1062-3,1062,3,송광1,59.94,202110,12,"8,000",10,1994,사암로106번길 99-6,,-,-
광주광역시 광산구 우산동,1572-6,1572,6,어등하이빌,59.67,202110,6,"13,800",5,1992,사암로215번길 16,,-,-
광주광역시 광산구 우산동,1572-6,1572,6,어등하이빌,59.67,202110,6,"12,700",16,1992,사암로215번길 16,,-,-
광주광역시 광산구 우산동,1572-6,1572,6,어등하이빌,59.67,202110,11,"10,500",1,1992,사암로215번길 16,,-,-
광주광역시 광산구 우산동,1572-6,1572,6,어등하이빌,59.67,202110,16,"12,000",2,1992,사암로215번길 16,,-,-
광주광역시 광산구 우산동,1572-6,1572,6,어등하이빌,59.67,202110,20,"12,800",1,1992,사암로215번길 16,,-,-
광주광역시 광산구 우산동,1572-6,1572,6,어등하이빌,59.67,202110,24,"13,000",14,1992,사암로215번길 16,,-,-
광주광역시 광산구 우산동,1572-6,1572,6,어등하이빌,59.67,202110,27,"11,500",2,1992,사암로215번길 16,,-,-
광주광역시 광산구 우산동,1572-6,1572,6,어등하이빌,59.67,202110,27,"12,500",1,1992,사암로215번길 16,,-,-
광주광역시 광산구 우산동,1589-3,1589,3,우산동한국아델리움앤중해마루힐,59.9801,202110,9,"28,750",4,2018,무진대로 278-11,,-,-
광주광역시 광산구 우산동,1589-3,1589,3,우산동한국아델리움앤중해마루힐,76.7778,202110,29,"34,400",12,2018,무진대로 278-11,,-,-
광주광역시 광산구 우산동,1572-1,1572,1,제일파크맨션,78.38,202110,3,"12,900",1,1992,월곡산정로 20,,-,-
광주광역시 광산구 우산동,1572-1,1572,1,제일파크맨션,78.38,202110,18,"13,800",15,1992,월곡산정로 20,,-,-
광주광역시 광산구 우산동,1576-4,1576,4,토담휴로스,19.9163,202110,5,"5,300",4,2013,무진대로231번길 13-5,,-,-
광주광역시 광산구 우산동,1576-4,1576,4,토담휴로스,19.9163,202110,12,"5,400",8,2013,무진대로231번길 13-5,,-,-
광주광역시 광산구 우산동,1572-2,1572,2,하남우미,49.14,202110,1,"9,500",4,1992,월곡산정로 40,,-,-
광주광역시 광산구 우산동,1572-2,1572,2,하남우미,49.92,202110,4,"10,250",3,1992,월곡산정로 40,,-,-
광주광역시 광산구 우산동,1572-2,1572,2,하남우미,49.92,202110,5,"11,000",11,1992,월곡산정로 40,,-,-
광주광역시 광산구 우산동,1572-2,1572,2,하남우미,49.14,202110,14,"11,800",10,1992,월곡산정로 40,,-,-
광주광역시 광산구 우산동,1572-2,1572,2,하남우미,49.14,202110,14,"11,300",5,1992,월곡산정로 40,20211105,-,-
광주광역시 광산구 우산동,1572-2,1572,2,하남우미,49.14,202110,19,"10,000",8,1992,월곡산정로 40,,-,-
광주광역시 광산구 우산동,1572-2,1572,2,하남우미,49.14,202110,20,"9,800",5,1992,월곡산정로 40,,-,-
광주광역시 광산구 우산동,1572-2,1572,2,하남우미,49.92,202110,30,"10,900",12,1992,월곡산정로 40,,-,-
광주광역시 광산구 우산동,1571-1,1571,1,하남주공(2단지),44.52,202110,5,"7,400",10,1991,월곡산정로 12,,-,-
광주광역시 광산구 우산동,1571-1,1571,1,하남주공(2단지),44.52,202110,5,"8,000",15,1991,월곡산정로 12,,-,-
광주광역시 광산구 우산동,1571-1,1571,1,하남주공(2단지),44.52,202110,5,"6,850",15,1991,월곡산정로 12,,-,-
광주광역시 광산구 우산동,1571-1,1571,1,하남주공(2단지),44.52,202110,7,"8,900",10,1991,월곡산정로 12,,-,-
광주광역시 광산구 우산동,1571-1,1571,1,하남주공(2단지),44.52,202110,8,"7,400",2,1991,월곡산정로 12,,-,-
광주광역시 광산구 우산동,1571-1,1571,1,하남주공(2단지),44.52,202110,11,"8,300",10,1991,월곡산정로 12,,-,-
광주광역시 광산구 우산동,1571-1,1571,1,하남주공(2단지),38.64,202110,12,"7,500",11,1991,월곡산정로 12,,-,-
광주광역시 광산구 우산동,1571-1,1571,1,하남주공(2단지),44.94,202110,13,"8,000",15,1991,월곡산정로 12,,-,-
광주광역시 광산구 우산동,1571-1,1571,1,하남주공(2단지),44.52,202110,23,"7,800",15,1991,월곡산정로 12,,-,-
광주광역시 광산구 우산동,1571-1,1571,1,하남주공(2단지),44.52,202110,23,"7,000",3,1991,월곡산정로 12,,-,-
광주광역시 광산구 우산동,1571-1,1571,1,하남주공(2단지),44.52,202110,26,"7,500",1,1991,월곡산정로 12,,-,-
광주광역시 광산구 우산동,1571-1,1571,1,하남주공(2단지),44.52,202110,30,"8,000",8,1991,월곡산정로 12,,-,-
광주광역시 광산구 운남동,387-24,387,24,남양,76.14,202110,3,"16,500",17,1998,목련로219번길 45,,-,-
광주광역시 광산구 운남동,387-24,387,24,남양,59.88,202110,9,"15,000",5,1998,목련로219번길 45,,-,-
광주광역시 광산구 운남동,387-24,387,24,남양,76.14,202110,21,"16,500",5,1998,목련로219번길 45,,-,-
광주광역시 광산구 운남동,387-22,387,22,삼성,70.97,202110,6,"16,000",10,1996,임방울대로 142-12,,-,-
광주광역시 광산구 운남동,387-22,387,22,삼성,84.92,202110,7,"21,900",18,1996,임방울대로 142-12,,-,-
광주광역시 광산구 운남동,387-22,387,22,삼성,84.92,202110,12,"23,000",12,1996,임방울대로 142-12,,-,-
광주광역시 광산구 운남동,387-22,387,22,삼성,59.91,202110,14,"16,500",15,1996,임방울대로 142-12,,-,-
광주광역시 광산구 운남동,387-22,387,22,삼성,84.92,202110,16,"22,400",12,1996,임방울대로 142-12,,-,-
광주광역시 광산구 운남동,387-22,387,22,삼성,59.91,202110,16,"17,450",10,1996,임방울대로 142-12,,-,-
광주광역시 광산구 운남동,387-22,387,22,삼성,49.54,202110,17,"13,000",7,1996,임방울대로 142-12,,-,-
광주광역시 광산구 운남동,387-22,387,22,삼성,49.54,202110,23,"14,700",12,1996,임방울대로 142-12,,-,-
광주광역시 광산구 운남동,387-22,387,22,삼성,59.91,202110,26,"16,100",4,1996,임방울대로 142-12,,-,-
광주광역시 광산구 운남동,387-22,387,22,삼성,84.92,202110,29,"26,200",5,1996,임방울대로 142-12,,-,-
광주광역시 광산구 운남동,387-22,387,22,삼성,59.91,202110,30,"18,000",14,1996,임방울대로 142-12,,-,-
광주광역시 광산구 운남동,776-1,776,1,"운남주공1,2단지",37.67,202110,24,"11,000",11,1997,목련로273번길 76,,-,-
광주광역시 광산구 운남동,776-1,776,1,"운남주공1,2단지",49.69,202110,25,"12,200",2,1997,목련로273번길 76,,-,-
광주광역시 광산구 운남동,777-1,777,1,운남주공3단지,58.14,202110,3,"11,000",4,1996,목련로 307-11,,-,-
광주광역시 광산구 운남동,777-1,777,1,운남주공3단지,58.14,202110,10,"14,100",15,1996,목련로 307-11,,-,-
광주광역시 광산구 운남동,777-1,777,1,운남주공3단지,59.76,202110,11,"13,500",4,1996,목련로 307-11,,-,-
광주광역시 광산구 운남동,777-1,777,1,운남주공3단지,59.76,202110,12,"14,400",13,1996,목련로 307-11,,-,-
광주광역시 광산구 운남동,777-1,777,1,운남주공3단지,59.76,202110,13,"13,100",16,1996,목련로 307-11,,-,-
광주광역시 광산구 운남동,777-1,777,1,운남주공3단지,59.76,202110,16,"14,400",7,1996,목련로 307-11,,-,-
광주광역시 광산구 운남동,777-1,777,1,운남주공3단지,59.76,202110,22,"14,500",17,1996,목련로 307-11,,-,-
광주광역시 광산구 운남동,777-1,777,1,운남주공3단지,59.76,202110,25,"14,350",12,1996,목련로 307-11,,-,-
광주광역시 광산구 운남동,771-1,771,1,운남주공4단지,59.76,202110,2,"13,900",10,1996,목련로273번안길 30,,-,-
광주광역시 광산구 운남동,771-1,771,1,운남주공4단지,59.76,202110,3,"16,500",19,1996,목련로273번안길 30,,-,-
광주광역시 광산구 운남동,771-1,771,1,운남주공4단지,58.14,202110,9,"16,000",15,1996,목련로273번안길 30,,-,-
광주광역시 광산구 운남동,771-1,771,1,운남주공4단지,37.67,202110,13,"9,600",1,1996,목련로273번안길 30,,-,-
광주광역시 광산구 운남동,771-1,771,1,운남주공4단지,59.76,202110,16,"13,900",2,1996,목련로273번안길 30,,-,-
광주광역시 광산구 운남동,771-1,771,1,운남주공4단지,58.14,202110,16,"13,400",15,1996,목련로273번안길 30,,-,-
광주광역시 광산구 운남동,771-1,771,1,운남주공4단지,59.76,202110,19,"16,900",12,1996,목련로273번안길 30,,-,-
광주광역시 광산구 운남동,771-1,771,1,운남주공4단지,59.76,202110,22,"15,500",16,1996,목련로273번안길 30,,-,-
광주광역시 광산구 운남동,771-1,771,1,운남주공4단지,59.76,202110,29,"14,900",13,1996,목련로273번안길 30,,-,-
광주광역시 광산구 운남동,769-1,769,1,운남주공5단지,84.77,202110,11,"24,500",13,1997,하남대로 248-10,,-,-
광주광역시 광산구 운남동,769-1,769,1,운남주공5단지,84.8,202110,12,"29,000",16,1997,하남대로 248-10,,-,-
광주광역시 광산구 운남동,769-1,769,1,운남주공5단지,84.76,202110,15,"27,000",19,1997,하남대로 248-10,,-,-
광주광역시 광산구 운남동,782-1,782,1,운남주공6단지,84.28,202110,2,"31,000",1,2001,목련로153번길 134,,-,-
광주광역시 광산구 운남동,782-1,782,1,운남주공6단지,84.28,202110,22,"37,400",4,2001,목련로153번길 134,,-,-
광주광역시 광산구 운남동,794-3,794,3,운남주공7단지,49.97,202110,2,"13,300",18,2001,목련로153번길 56,,-,-
광주광역시 광산구 운남동,794-3,794,3,운남주공7단지,39.99,202110,2,"9,500",10,2001,목련로153번길 56,,-,-
광주광역시 광산구 운남동,794-3,794,3,운남주공7단지,49.97,202110,5,"13,500",5,2001,목련로153번길 56,,-,-
광주광역시 광산구 운남동,794-3,794,3,운남주공7단지,39.99,202110,7,"10,600",1,2001,목련로153번길 56,,-,-
광주광역시 광산구 운남동,794-3,794,3,운남주공7단지,59.48,202110,9,"19,500",6,2001,목련로153번길 56,,-,-
광주광역시 광산구 운남동,794-3,794,3,운남주공7단지,49.83,202110,9,"16,500",7,2001,목련로153번길 56,,-,-
광주광역시 광산구 운남동,794-3,794,3,운남주공7단지,39.99,202110,12,"10,850",10,2001,목련로153번길 56,,-,-
광주광역시 광산구 운남동,794-3,794,3,운남주공7단지,39.99,202110,14,"10,700",19,2001,목련로153번길 56,,-,-
광주광역시 광산구 운남동,794-3,794,3,운남주공7단지,49.83,202110,14,"13,900",2,2001,목련로153번길 56,,-,-
광주광역시 광산구 운남동,794-3,794,3,운남주공7단지,39.9,202110,19,"9,000",15,2001,목련로153번길 56,,-,-
광주광역시 광산구 운남동,794-3,794,3,운남주공7단지,49.97,202110,20,"13,200",14,2001,목련로153번길 56,,-,-
광주광역시 광산구 운남동,794-3,794,3,운남주공7단지,59.29,202110,20,"19,000",15,2001,목련로153번길 56,,-,-
광주광역시 광산구 운남동,794-3,794,3,운남주공7단지,49.83,202110,21,"16,200",23,2001,목련로153번길 56,,-,-
광주광역시 광산구 운남동,794-3,794,3,운남주공7단지,49.83,202110,24,"16,400",14,2001,목련로153번길 56,,-,-
광주광역시 광산구 운남동,781-1,781,1,운남주공8단지,59.41,202110,2,"20,000",8,2000,목련로153번길 143,,-,-
광주광역시 광산구 운남동,781-1,781,1,운남주공8단지,59.41,202110,2,"20,000",8,2000,목련로153번길 143,20211020,-,-
광주광역시 광산구 운남동,781-1,781,1,운남주공8단지,59.41,202110,9,"21,000",8,2000,목련로153번길 143,,-,-
광주광역시 광산구 운남동,781-1,781,1,운남주공8단지,59.41,202110,13,"21,000",16,2000,목련로153번길 143,,-,-
광주광역시 광산구 운남동,781-1,781,1,운남주공8단지,59.42,202110,15,"21,700",14,2000,목련로153번길 143,,-,-
광주광역시 광산구 운남동,781-1,781,1,운남주공8단지,59.41,202110,21,"23,400",10,2000,목련로153번길 143,,-,-
광주광역시 광산구 운남동,781-1,781,1,운남주공8단지,59.41,202110,29,"22,000",13,2000,목련로153번길 143,,-,-
광주광역시 광산구 운남동,802,802,0,운남진아리채리버힐즈,84.9895,202110,16,"56,700",10,2020,목련로273번길 23,,-,-
광주광역시 광산구 운수동,65-50,65,50,가천,59.88,202110,26,"10,000",11,1997,어등대로595번길 13,,-,-
광주광역시 광산구 월계동,755-5,755,5,건영,99.96,202110,16,"38,800",3,1998,첨단중앙로181번길 104,,-,-
광주광역시 광산구 월계동,755-5,755,5,건영,86.11,202110,29,"31,800",12,1998,첨단중앙로181번길 104,,-,-
광주광역시 광산구 월계동,757-5,757,5,모아,95.31,202110,23,"40,000",5,1997,첨단중앙로181번길 6,,-,-
광주광역시 광산구 월계동,763-5,763,5,모아미래도,59.9451,202110,5,"27,900",5,2001,월계로 77,,-,-
광주광역시 광산구 월계동,893-1,893,1,무들에코클래스,19.9836,202110,26,"5,700",12,2014,임방울대로826번길 60-5,,-,-
광주광역시 광산구 월계동,893-1,893,1,무들에코클래스,19.9836,202110,26,"5,700",12,2014,임방울대로826번길 60-5,,-,-
광주광역시 광산구 월계동,757-6,757,6,벽산,84.99,202110,5,"33,300",3,1998,첨단중앙로181번길 16,,-,-
광주광역시 광산구 월계동,757-8,757,8,일신,92.205,202110,2,"34,500",8,1995,첨단중앙로181번길 42-14,,-,-
광주광역시 광산구 월계동,757-8,757,8,일신,92.205,202110,16,"37,500",11,1995,첨단중앙로181번길 42-14,,-,-
광주광역시 광산구 월계동,757-8,757,8,일신,92.205,202110,31,"35,000",2,1995,첨단중앙로181번길 42-14,,-,-
광주광역시 광산구 월계동,879-2,879,2,제이지파크,26.7803,202110,15,"8,000",5,2017,첨단중앙로106번길 65-16,,-,-
광주광역시 광산구 월계동,879-2,879,2,제이지파크,26.7803,202110,23,"8,450",6,2017,첨단중앙로106번길 65-16,,-,-
광주광역시 광산구 월계동,765-6,765,6,첨단남양파크,59.82,202110,15,"31,000",3,1996,월계로 137,,-,-
광주광역시 광산구 월계동,757-3,757,3,첨단동부,91.882,202110,8,"40,000",10,1997,첨단중앙로 201,,-,-
광주광역시 광산구 월계동,757-3,757,3,첨단동부,91.882,202110,12,"43,000",4,1997,첨단중앙로 201,,-,-
광주광역시 광산구 월계동,758-3,758,3,첨단동아,77.81,202110,5,"32,500",5,1997,첨단중앙로181번길 7,,-,-
광주광역시 광산구 월계동,758-3,758,3,첨단동아,77.81,202110,6,"38,000",2,1997,첨단중앙로181번길 7,,-,-
광주광역시 광산구 월계동,764-4,764,4,첨단두산1차,59.857,202110,8,"31,500",1,1996,월계로 117-21,,-,-
광주광역시 광산구 월계동,764-4,764,4,첨단두산1차,59.857,202110,28,"32,800",2,1996,월계로 117-21,,-,-
광주광역시 광산구 월계동,764-5,764,5,첨단라인2차,59.99,202110,2,"26,700",4,1995,월계로 109,,-,-
광주광역시 광산구 월계동,764-5,764,5,첨단라인2차,60,202110,5,"31,000",4,1995,월계로 109,,-,-
광주광역시 광산구 월계동,761-3,761,3,첨단라인6,76.5,202110,19,"30,000",2,1997,임방울대로 673-21,,-,-
광주광역시 광산구 월계동,756-3,756,3,첨단선경,92.78,202110,6,"33,000",15,1997,첨단중앙로181번길 42-25,,-,-
광주광역시 광산구 월계동,756-3,756,3,첨단선경,92.78,202110,13,"38,500",10,1997,첨단중앙로181번길 42-25,,-,-
광주광역시 광산구 월계동,756-3,756,3,첨단선경,118.42,202110,28,"37,000",3,1997,첨단중앙로181번길 42-25,,-,-
광주광역시 광산구 월계동,761-4,761,4,첨단우미2,78.54,202110,16,"34,000",1,1997,임방울대로 673-13,,-,-
광주광역시 광산구 월계동,763-6,763,6,호반2차,59.82,202110,2,"27,700",5,1997,월계로 59,,-,-
광주광역시 광산구 월계동,763-6,763,6,호반2차,59.82,202110,2,"27,900",5,1997,월계로 59,,-,-
광주광역시 광산구 월계동,763-6,763,6,호반2차,59.82,202110,9,"31,500",2,1997,월계로 59,,-,-
광주광역시 광산구 월계동,763-6,763,6,호반2차,59.82,202110,9,"30,000",5,1997,월계로 59,,-,-
광주광역시 광산구 월곡동,613-1,613,1,금호타운,74,202110,8,"20,000",12,1991,월곡산정로 80,,-,-
광주광역시 광산구 월곡동,613-1,613,1,금호타운,74,202110,15,"18,000",10,1991,월곡산정로 80,,-,-
광주광역시 광산구 월곡동,613-1,613,1,금호타운,74,202110,16,"17,000",15,1991,월곡산정로 80,20211027,-,-
광주광역시 광산구 월곡동,613-1,613,1,금호타운,59.78,202110,18,"13,800",4,1991,월곡산정로 80,,-,-
광주광역시 광산구 월곡동,613-1,613,1,금호타운,84.72,202110,24,"20,600",12,1991,월곡산정로 80,,-,-
광주광역시 광산구 월곡동,613-1,613,1,금호타운,74,202110,26,"15,350",2,1991,월곡산정로 80,,-,-
광주광역시 광산구 월곡동,613-1,613,1,금호타운,59.78,202110,28,"12,700",7,1991,월곡산정로 80,,-,-
광주광역시 광산구 월곡동,685-1,685,1,운남주공10단지,84.03,202110,4,"30,200",15,2003,사암로340번길 30,,-,-
광주광역시 광산구 월곡동,685-1,685,1,운남주공10단지,59.33,202110,7,"17,200",2,2003,사암로340번길 30,,-,-
광주광역시 광산구 월곡동,685-1,685,1,운남주공10단지,59.77,202110,9,"18,000",2,2003,사암로340번길 30,,-,-
광주광역시 광산구 월곡동,685-1,685,1,운남주공10단지,59.92,202110,13,"20,000",14,2003,사암로340번길 30,,-,-
광주광역시 광산구 월곡동,685-1,685,1,운남주공10단지,84.03,202110,28,"31,500",10,2003,사암로340번길 30,,-,-
광주광역시 광산구 월곡동,681-1,681,1,운남주공9단지,75.99,202110,1,"23,700",1,2003,풍영로 63,,-,-
광주광역시 광산구 월곡동,681-1,681,1,운남주공9단지,84.86,202110,2,"26,000",1,2003,풍영로 63,,-,-
광주광역시 광산구 월곡동,681-1,681,1,운남주공9단지,75.99,202110,9,"25,700",3,2003,풍영로 63,,-,-
광주광역시 광산구 월곡동,681-1,681,1,운남주공9단지,75.99,202110,11,"32,900",4,2003,풍영로 63,,-,-
광주광역시 광산구 월곡동,681-1,681,1,운남주공9단지,84.03,202110,16,"30,700",9,2003,풍영로 63,,-,-
광주광역시 광산구 월곡동,681-1,681,1,운남주공9단지,84.03,202110,19,"31,100",11,2003,풍영로 63,,-,-
광주광역시 광산구 월곡동,681-1,681,1,운남주공9단지,84.75,202110,22,"31,500",4,2003,풍영로 63,,-,-
광주광역시 광산구 월곡동,681-1,681,1,운남주공9단지,75.99,202110,27,"28,000",3,2003,풍영로 63,,-,-
광주광역시 광산구 월곡동,538-1,538,1,일신,84.51,202110,16,"18,000",16,1992,사암로 271,,-,-
광주광역시 광산구 월곡동,538-1,538,1,일신,84.69,202110,27,"16,000",16,1992,사암로 271,,-,-
광주광역시 광산구 월곡동,538-1,538,1,일신,72.475,202110,29,"15,500",9,1992,사암로 271,,-,-
광주광역시 광산구 월곡동,614-1,614,1,한성1차,47.21,202110,15,"19,300",4,1988,월곡산정로 108,20211104,-,-
광주광역시 광산구 월곡동,614-1,614,1,한성1차,47.21,202110,15,"19,300",4,1988,월곡산정로 108,,-,-
광주광역시 광산구 월곡동,614-1,614,1,한성1차,49.32,202110,23,"17,000",4,1988,월곡산정로 108,,-,-
광주광역시 광산구 월곡동,614-2,614,2,한성2차,84.24,202110,2,"16,000",13,1991,월곡산정로 96-21,,-,-
광주광역시 광산구 월곡동,614-2,614,2,한성2차,49.98,202110,11,"10,900",5,1991,월곡산정로 96-21,,-,-
광주광역시 광산구 월곡동,614-2,614,2,한성2차,59.04,202110,14,"12,550",12,1991,월곡산정로 96-21,,-,-
광주광역시 광산구 월곡동,614-2,614,2,한성2차,49.98,202110,22,"10,300",2,1991,월곡산정로 96-21,,-,-
광주광역시 광산구 장덕동,1046,1046,0,골드클래스,59.9817,202110,5,"35,700",19,2013,장덕로5번길 16,,-,-
광주광역시 광산구 장덕동,1046,1046,0,골드클래스,74.9851,202110,8,"50,500",24,2013,장덕로5번길 16,,-,-
광주광역시 광산구 장덕동,1046,1046,0,골드클래스,84.9606,202110,9,"48,700",23,2013,장덕로5번길 16,,-,-
광주광역시 광산구 장덕동,1046,1046,0,골드클래스,74.9636,202110,22,"45,100",8,2013,장덕로5번길 16,,-,-
광주광역시 광산구 장덕동,1111,1111,0,광주수완세영리첼,84.9871,202110,7,"55,700",3,2014,풍영로 294-23,,-,-
광주광역시 광산구 장덕동,1111,1111,0,광주수완세영리첼,84.9178,202110,11,"54,000",3,2014,풍영로 294-23,,-,-
광주광역시 광산구 장덕동,1111,1111,0,광주수완세영리첼,84.6782,202110,12,"54,500",14,2014,풍영로 294-23,,-,-
광주광역시 광산구 장덕동,1111,1111,0,광주수완세영리첼,84.6782,202110,15,"54,500",14,2014,풍영로 294-23,,-,-
광주광역시 광산구 장덕동,1111,1111,0,광주수완세영리첼,84.9871,202110,16,"58,900",19,2014,풍영로 294-23,,-,-
광주광역시 광산구 장덕동,1111,1111,0,광주수완세영리첼,84.9871,202110,18,"54,400",3,2014,풍영로 294-23,,-,-
광주광역시 광산구 장덕동,1111,1111,0,광주수완세영리첼,84.9871,202110,20,"58,800",18,2014,풍영로 294-23,,-,-
광주광역시 광산구 장덕동,1111,1111,0,광주수완세영리첼,84.9871,202110,23,"59,000",21,2014,풍영로 294-23,,-,-
광주광역시 광산구 장덕동,1686,1686,0,대주피오레1단지,84.7712,202110,9,"62,600",6,2009,풍영로170번길 39-25,,-,-
광주광역시 광산구 장덕동,1309,1309,0,부영애시앙1차,84.8396,202110,2,"29,900",1,2008,장덕로6번길 59,,-,-
광주광역시 광산구 장덕동,1309,1309,0,부영애시앙1차,84.2801,202110,13,"34,500",16,2008,장덕로6번길 59,,-,-
광주광역시 광산구 장덕동,1309,1309,0,부영애시앙1차,84.2801,202110,23,"39,500",17,2008,장덕로6번길 59,,-,-
광주광역시 광산구 장덕동,1309,1309,0,부영애시앙1차,84.2801,202110,25,"39,000",20,2008,장덕로6번길 59,,-,-
광주광역시 광산구 장덕동,1309,1309,0,부영애시앙1차,84.8396,202110,30,"32,000",13,2008,장덕로6번길 59,,-,-
광주광역시 광산구 장덕동,1689,1689,0,새한포유,84.9401,202110,2,"56,800",5,2008,풍영로170번길 39-9,,-,-
광주광역시 광산구 장덕동,1693,1693,0,성덕마을대방노블랜드3차,156.5054,202110,26,"106,000",5,2011,풍영로170번길 39-10,,-,-
광주광역시 광산구 장덕동,1693,1693,0,성덕마을대방노블랜드3차,156.5054,202110,27,"104,000",5,2011,풍영로170번길 39-10,,-,-
광주광역시 광산구 장덕동,1690,1690,0,성덕마을대방노블랜드5차,129.084,202110,7,"91,500",20,2011,풍영로170번길 39-26,,-,-
광주광역시 광산구 장덕동,1690,1690,0,성덕마을대방노블랜드5차,118.913,202110,13,"86,800",9,2011,풍영로170번길 39-26,20211026,-,-
광주광역시 광산구 장덕동,1690,1690,0,성덕마을대방노블랜드5차,118.913,202110,13,"86,800",9,2011,풍영로170번길 39-26,,-,-
광주광역시 광산구 장덕동,1690,1690,0,성덕마을대방노블랜드5차,117.816,202110,20,"83,500",18,2011,풍영로170번길 39-26,,-,-
광주광역시 광산구 장덕동,1116,1116,0,수완GS자이,147.815,202110,1,"87,000",5,2008,장덕로95번길 45,,-,-
광주광역시 광산구 장덕동,1116,1116,0,수완GS자이,121.5193,202110,6,"80,000",8,2008,장덕로95번길 45,,-,-
광주광역시 광산구 장덕동,1116,1116,0,수완GS자이,129.4802,202110,10,"92,500",13,2008,장덕로95번길 45,,-,-
광주광역시 광산구 장덕동,1043,1043,0,수완지구호반베르디움2차,84.9462,202110,8,"53,000",7,2013,풍영로329번길 19,,-,-
광주광역시 광산구 장덕동,1110,1110,0,신안실크밸리,84.9612,202110,1,"45,500",11,2009,풍영로330번길 34,,-,-
광주광역시 광산구 장덕동,1110,1110,0,신안실크밸리,84.9612,202110,6,"46,400",17,2009,풍영로330번길 34,,-,-
광주광역시 광산구 장덕동,1110,1110,0,신안실크밸리,84.9129,202110,11,"45,100",2,2009,풍영로330번길 34,,-,-
광주광역시 광산구 장덕동,1110,1110,0,신안실크밸리,84.9612,202110,23,"43,500",2,2009,풍영로330번길 34,,-,-
광주광역시 광산구 장덕동,1109,1109,0,양우내안애,84.9423,202110,4,"42,600",5,2008,풍영로330번길 16,,-,-
광주광역시 광산구 장덕동,1109,1109,0,양우내안애,84.9423,202110,20,"46,900",15,2008,풍영로330번길 16,,-,-
광주광역시 광산구 장덕동,1109,1109,0,양우내안애,84.9423,202110,31,"43,600",3,2008,풍영로330번길 16,,-,-
광주광역시 광산구 장덕동,1109,1109,0,양우내안애,84.9423,202110,31,"42,800",1,2008,풍영로330번길 16,,-,-
광주광역시 광산구 장덕동,1122,1122,0,영무예다음,84.5949,202110,4,"53,000",7,2008,장덕로95번길 15,,-,-
광주광역시 광산구 장덕동,1122,1122,0,영무예다음,84.5949,202110,6,"53,300",7,2008,장덕로95번길 15,,-,-
광주광역시 광산구 장덕동,1122,1122,0,영무예다음,84.5949,202110,20,"54,500",10,2008,장덕로95번길 15,,-,-
광주광역시 광산구 장덕동,1306,1306,0,진흥더루벤스,84.967,202110,20,"46,500",19,2009,장덕로6번길 35,,-,-
광주광역시 광산구 장덕동,1306,1306,0,진흥더루벤스,84.953,202110,25,"46,500",13,2009,장덕로6번길 35,,-,-
광주광역시 광산구 장덕동,1593,1593,0,현진에버빌2단지,79.1518,202110,14,"46,000",2,2009,풍영로169번길 46,,-,-
광주광역시 광산구 장덕동,1593,1593,0,현진에버빌2단지,84.9644,202110,23,"61,500",15,2009,풍영로169번길 46,,-,-
광주광역시 광산구 하남동,547,547,0,부영사랑으로,84.8198,202110,11,"35,000",15,2009,하남대로 30,,-,-
광주광역시 광산구 하남동,544,544,0,하남2지구다사로움3단지도시형생활주택,36.8863,202110,2,"11,600",2,2014,하남대로54번안길 115,,-,-
광주광역시 광산구 하남동,544,544,0,하남2지구다사로움3단지도시형생활주택,49.1144,202110,4,"14,800",2,2014,하남대로54번안길 115,,-,-
광주광역시 광산구 하남동,544,544,0,하남2지구다사로움3단지도시형생활주택,49.1144,202110,9,"15,000",1,2014,하남대로54번안길 115,,-,-
광주광역시 광산구 하남동,544,544,0,하남2지구다사로움3단지도시형생활주택,49.1144,202110,12,"15,700",9,2014,하남대로54번안길 115,,-,-
광주광역시 광산구 하남동,544,544,0,하남2지구다사로움3단지도시형생활주택,49.1144,202110,28,"16,200",5,2014,하남대로54번안길 115,,-,-
광주광역시 광산구 하남동,971,971,0,하남3지구모아엘가,84.9966,202110,5,"51,800",4,2018,단전둘레길 15,,-,-
광주광역시 광산구 하남동,971,971,0,하남3지구모아엘가,84.9817,202110,6,"47,200",4,2018,단전둘레길 15,,-,-
광주광역시 광산구 하남동,971,971,0,하남3지구모아엘가,84.9966,202110,12,"52,000",10,2018,단전둘레길 15,,-,-
광주광역시 광산구 하남동,971,971,0,하남3지구모아엘가,84.9817,202110,16,"55,800",12,2018,단전둘레길 15,,-,-
광주광역시 광산구 하남동,971,971,0,하남3지구모아엘가,84.9966,202110,18,"54,950",16,2018,단전둘레길 15,,-,-
광주광역시 광산구 하남동,971,971,0,하남3지구모아엘가,84.9966,202110,25,"57,500",19,2018,단전둘레길 15,,-,-
광주광역시 광산구 흑석동,524,524,0,수완이지더원,59.8832,202110,6,"38,500",10,2012,풍영로101번길 22,,-,-
광주광역시 광산구 흑석동,524,524,0,수완이지더원,84.7601,202110,12,"46,900",3,2012,풍영로101번길 22,,-,-
광주광역시 광산구 흑석동,524,524,0,수완이지더원,84.7601,202110,15,"45,000",2,2012,풍영로101번길 22,,-,-
광주광역시 광산구 흑석동,524,524,0,수완이지더원,84.7601,202110,19,"47,000",10,2012,풍영로101번길 22,,-,-
광주광역시 광산구 흑석동,524,524,0,수완이지더원,59.8832,202110,20,"39,500",18,2012,풍영로101번길 22,,-,-
광주광역시 광산구 흑석동,524,524,0,수완이지더원,59.8832,202110,23,"36,300",12,2012,풍영로101번길 22,,-,-
광주광역시 광산구 흑석동,524,524,0,수완이지더원,84.7615,202110,30,"49,500",3,2012,풍영로101번길 22,,-,-
광주광역시 광산구 흑석동,524,524,0,수완이지더원,59.8832,202110,30,"37,700",8,2012,풍영로101번길 22,,-,-
광주광역시 광산구 흑석동,518,518,0,중흥에스-클래스2단지,84.9684,202110,8,"55,000",10,2008,풍영로145번길 15,,-,-
광주광역시 광산구 흑석동,518,518,0,중흥에스-클래스2단지,84.9684,202110,16,"51,000",3,2008,풍영로145번길 15,,-,-
광주광역시 광산구 흑석동,518,518,0,중흥에스-클래스2단지,84.9684,202110,30,"53,800",4,2008,풍영로145번길 15,,-,-
광주광역시 광산구 흑석동,503,503,0,중흥에스-클래스3단지,84.9684,202110,7,"50,000",5,2008,풍영로145번길 18,,-,-
광주광역시 남구 노대동,839,839,0,남양휴튼,121.2466,202110,14,"61,800",8,2009,노대실로 26,,-,-
광주광역시 남구 노대동,839,839,0,남양휴튼,121.2466,202110,15,"55,000",1,2009,노대실로 26,,-,-
광주광역시 남구 노대동,827,827,0,송화마을휴먼시아5단지,75.77,202110,17,"31,700",4,2007,노대실로 33,,-,-
광주광역시 남구 노대동,835,835,0,휴먼시아6단지,111.96,202110,15,"50,000",1,2010,노대실로 49,,-,-
광주광역시 남구 노대동,871,871,0,휴먼시아7단지,84.96,202110,5,"36,750",13,2010,노대실로 89,,-,-
광주광역시 남구 방림동,556,556,0,모아,59.96,202110,7,"19,500",2,1989,봉선1로 87,,-,-
광주광역시 남구 방림동,569,569,0,방림명지로드힐,84.882,202110,13,"38,500",4,2015,대남대로85번길 3,,-,-
광주광역시 남구 방림동,569,569,0,방림명지로드힐,84.882,202110,16,"44,200",22,2015,대남대로85번길 3,,-,-
광주광역시 남구 방림동,562,562,0,방림휴먼시아,84.9,202110,1,"41,000",10,2009,방림로 31,,-,-
광주광역시 남구 방림동,562,562,0,방림휴먼시아,51.85,202110,12,"26,000",16,2009,방림로 31,,-,-
광주광역시 남구 방림동,562,562,0,방림휴먼시아,75.83,202110,15,"40,500",7,2009,방림로 31,,-,-
광주광역시 남구 백운동,691,691,0,광주백운1휴먼시아,84.61,202110,4,"35,500",23,2011,독립로80번길 7,,-,-
광주광역시 남구 백운동,691,691,0,광주백운1휴먼시아,115.75,202110,8,"52,700",20,2011,독립로80번길 7,,-,-
광주광역시 남구 백운동,691,691,0,광주백운1휴먼시아,84.73,202110,14,"34,800",22,2011,독립로80번길 7,,-,-
광주광역시 남구 백운동,691,691,0,광주백운1휴먼시아,84.61,202110,16,"33,000",3,2011,독립로80번길 7,,-,-
광주광역시 남구 백운동,691,691,0,광주백운1휴먼시아,84.81,202110,24,"47,000",16,2011,독립로80번길 7,,-,-
광주광역시 남구 백운동,231-14,231,14,대양,83.16,202110,25,"13,000",4,1984,대남대로 264-17,,-,-
광주광역시 남구 백운동,419,419,0,대흥백운스카이,40.05,202110,18,"7,300",1,1995,백운로82번길 10,,-,-
광주광역시 남구 백운동,458,458,0,대흥백운스카이2,59.85,202110,9,"11,900",9,1996,백운로66번길 9,,-,-
광주광역시 남구 백운동,458,458,0,대흥백운스카이2,59.85,202110,14,"12,800",5,1996,백운로66번길 9,,-,-
광주광역시 남구 백운동,458,458,0,대흥백운스카이2,59.85,202110,31,"12,800",11,1996,백운로66번길 9,,-,-
광주광역시 남구 백운동,409,409,0,대흥사직스카이,84.63,202110,3,"14,800",9,1991,제중로 123,,-,-
광주광역시 남구 백운동,409,409,0,대흥사직스카이,84.63,202110,12,"14,500",8,1991,제중로 123,,-,-
광주광역시 남구 백운동,05월 26일,26,5,벽산,84.95,202110,4,"24,000",8,1998,독립로54번길 8,,-,-
광주광역시 남구 백운동,05월 26일,26,5,벽산,122.01,202110,11,"31,500",7,1998,독립로54번길 8,,-,-
광주광역시 남구 백운동,585-3,585,3,신천,54,202110,2,"8,500",8,1987,백운로44번길 7,,-,-
광주광역시 남구 백운동,Jan-46,46,1,현대(46-1),84.42,202110,9,"18,000",7,1989,독립로54번길 29,,-,-
광주광역시 남구 백운동,699,699,0,힐스테이트백운,84.977,202110,7,"62,500",11,2016,회재로1293번길 7,,-,-
광주광역시 남구 백운동,699,699,0,힐스테이트백운,84.9959,202110,9,"65,500",14,2016,회재로1293번길 7,,-,-
광주광역시 남구 봉선동,490-1,490,1,금호2,84.83,202110,29,"65,000",9,1995,봉선로 134,,-,-
광주광역시 남구 봉선동,469-5,469,5,금호타운1,164.97,202110,5,"96,000",13,1993,봉선로133번길 4,,-,-
광주광역시 남구 봉선동,1078,1078,0,더쉴2단지,155.4494,202110,1,"134,000",8,2010,제석로 70,,-,-
광주광역시 남구 봉선동,985,985,0,라인광장1,59.97,202110,4,"21,000",2,1987,봉선중앙로 103,,-,-
광주광역시 남구 봉선동,983,983,0,라인하이츠,35.64,202110,8,"18,300",7,1987,대남대로159번길 42,20211027,-,-
광주광역시 남구 봉선동,983,983,0,라인하이츠,59.9,202110,12,"27,800",5,1987,대남대로159번길 42,,-,-
광주광역시 남구 봉선동,983,983,0,라인하이츠,59.9,202110,23,"26,800",6,1987,대남대로159번길 42,,-,-
광주광역시 남구 봉선동,983,983,0,라인하이츠,35.64,202110,27,"18,300",7,1987,대남대로159번길 42,,-,-
광주광역시 남구 봉선동,1043,1043,0,모아2차,47.65,202110,15,"17,000",5,1988,봉선1로 86,,-,-
광주광역시 남구 봉선동,31,31,0,모아엘가,84.969,202110,9,"64,000",6,2008,용대로74번길 8,,-,-
광주광역시 남구 봉선동,148-1,148,1,무등4,59.73,202110,6,"12,400",9,2002,봉선2로 98,,-,-
광주광역시 남구 봉선동,127-15,127,15,무등파크2,84.73,202110,13,"36,500",4,1992,봉선2로 96-14,,-,-
광주광역시 남구 봉선동,1125-1,1125,1,무등프라자주월2차,84.96,202110,1,"22,850",7,2020,봉선중앙로131번길 11,,-,-
광주광역시 남구 봉선동,1085,1085,0,봉선3차한국아델리움,84.9738,202110,8,"95,000",7,2014,제석로80번길 36,,-,-
광주광역시 남구 봉선동,1085,1085,0,봉선3차한국아델리움,84.815,202110,31,"105,700",13,2014,제석로80번길 36,,-,-
광주광역시 남구 봉선동,1092,1092,0,봉선동제일풍경채엘리트파크,84.9639,202110,8,"100,500",9,2016,제석로80번길 5,,-,-
광주광역시 남구 봉선동,1142-12,1142,12,송림,79.7,202110,22,"17,800",1,1984,봉선로19번길 18,,-,-
광주광역시 남구 봉선동,1076,1076,0,포스코더샵,59.89,202110,2,"45,500",5,2004,효사랑길 14,,-,-
광주광역시 남구 봉선동,1076,1076,0,포스코더샵,84.32,202110,13,"77,500",3,2004,효사랑길 14,,-,-
광주광역시 남구 봉선동,1076,1076,0,포스코더샵,59.89,202110,22,"42,000",8,2004,효사랑길 14,,-,-
광주광역시 남구 사동,163-8,163,8,성하맨션,82.17,202110,4,"10,000",5,1978,천변좌로370번길 21-7,20211024,-,-
광주광역시 남구 사동,163-8,163,8,성하맨션,82.17,202110,24,"10,000",5,1978,천변좌로370번길 21-7,,-,-
광주광역시 남구 서동,291,291,0,서동영무예다음,84.9373,202110,5,"46,500",12,2017,제중로 111,,-,-
광주광역시 남구 서동,291,291,0,서동영무예다음,84.9373,202110,16,"40,000",7,2017,제중로 111,,-,-
광주광역시 남구 서동,291,291,0,서동영무예다음,84.9373,202110,31,"49,000",12,2017,제중로 111,,-,-
광주광역시 남구 서동,285,285,0,아남프라자,84.66,202110,16,"15,300",15,1996,제중로 93,,-,-
광주광역시 남구 서동,285,285,0,아남프라자,84.99,202110,21,"14,500",7,1996,제중로 93,,-,-
광주광역시 남구 서동,19,19,0,제일파크맨션,79.44,202110,7,"11,750",7,1991,서동로40번길 3,,-,-
광주광역시 남구 송하동,43-28,43,28,금호타운,59.55,202110,1,"13,700",19,1996,효덕로 291,,-,-
광주광역시 남구 송하동,43-28,43,28,금호타운,84.895,202110,2,"18,800",5,1996,효덕로 291,,-,-
광주광역시 남구 송하동,43-28,43,28,금호타운,127.37,202110,8,"29,400",1,1996,효덕로 291,,-,-
광주광역시 남구 송하동,43-28,43,28,금호타운,127.37,202110,12,"30,300",12,1996,효덕로 291,,-,-
광주광역시 남구 송하동,43-28,43,28,금호타운,59.55,202110,19,"14,500",7,1996,효덕로 291,,-,-
광주광역시 남구 송하동,43-28,43,28,금호타운,127.37,202110,23,"31,900",10,1996,효덕로 291,,-,-
광주광역시 남구 송하동,Jan-45,45,1,삼익,59.97,202110,4,"12,300",10,1997,서문대로556번길 6,,-,-
광주광역시 남구 송하동,Jan-45,45,1,삼익,59.97,202110,4,"12,200",10,1997,서문대로556번길 6,20211015,-,-
광주광역시 남구 송하동,Jan-45,45,1,삼익,59.97,202110,8,"12,500",14,1997,서문대로556번길 6,20211014,-,-
광주광역시 남구 송하동,Jan-45,45,1,삼익,59.97,202110,8,"12,500",14,1997,서문대로556번길 6,,-,-
광주광역시 남구 송하동,Jan-45,45,1,삼익,59.97,202110,18,"11,800",7,1997,서문대로556번길 6,,-,-
광주광역시 남구 송하동,Jan-45,45,1,삼익,84.78,202110,20,"17,800",5,1997,서문대로556번길 6,,-,-
광주광역시 남구 송하동,126,126,0,진아리채5차1단지,71.9207,202110,9,"22,300",7,2009,원효천1길 16,,-,-
광주광역시 남구 송하동,126,126,0,진아리채5차1단지,69.0695,202110,18,"25,000",9,2009,원효천1길 16,,-,-
광주광역시 남구 송하동,126-2,126,2,진아리채5차2단지,84.9969,202110,2,"32,800",8,2010,원효천1길 5,,-,-
광주광역시 남구 송하동,594,594,0,효천코오롱하늘채,84.7954,202110,15,"36,000",18,2020,원효천2길 13,,-,-
광주광역시 남구 월산동,284,284,0,덕림제일파크,79.74,202110,1,"12,000",11,1990,월산로132번길 9,,-,-
광주광역시 남구 월산동,284,284,0,덕림제일파크,84.78,202110,1,"16,500",9,1990,월산로132번길 9,,-,-
광주광역시 남구 월산동,284,284,0,덕림제일파크,84.78,202110,2,"18,400",3,1990,월산로132번길 9,,-,-
광주광역시 남구 월산동,606-3,606,3,라인,59.85,202110,5,"10,000",7,1994,수박등로48번길 7,,-,-
광주광역시 남구 월산동,976-1,976,1,보라,45.21,202110,6,"7,300",9,1996,금화로446번길 18,,-,-
광주광역시 남구 월산동,580,580,0,월산,76.06,202110,13,"7,800",5,1981,대남대로340번길 48-2,,-,-
광주광역시 남구 월산동,302-2,302,2,월산우방아이유쉘,84.8942,202110,5,"40,000",6,2014,월산로 118,,-,-
광주광역시 남구 월산동,302-2,302,2,월산우방아이유쉘,84.8942,202110,7,"47,400",9,2014,월산로 118,,-,-
광주광역시 남구 월산동,302-2,302,2,월산우방아이유쉘,117.3001,202110,9,"59,000",10,2014,월산로 118,,-,-
광주광역시 남구 월산동,337-97,337,97,월산우영타워,82.97,202110,1,"12,000",8,2010,수원지길 22,,-,-
광주광역시 남구 월산동,337-97,337,97,월산우영타워,84.75,202110,23,"15,000",4,2010,수원지길 22,,-,-
광주광역시 남구 월산동,1005-3,1005,3,제일맨션,56.76,202110,1,"9,800",5,1985,군분로99번길 5,,-,-
광주광역시 남구 월산동,1005-3,1005,3,제일맨션,56.76,202110,2,"8,700",11,1985,군분로99번길 5,,-,-
광주광역시 남구 월산동,1005-3,1005,3,제일맨션,56.76,202110,23,"8,300",6,1985,군분로99번길 5,,-,-
광주광역시 남구 임암동,881,881,0,효천1중흥에스-클래스에코시티,84.9772,202110,1,"65,000",12,2019,효천2로 12,,-,-
광주광역시 남구 임암동,881,881,0,효천1중흥에스-클래스에코시티,84.9772,202110,2,"61,000",7,2019,효천2로 12,,-,-
광주광역시 남구 임암동,881,881,0,효천1중흥에스-클래스에코시티,84.9772,202110,2,"64,000",23,2019,효천2로 12,,-,-
광주광역시 남구 임암동,881,881,0,효천1중흥에스-클래스에코시티,84.9772,202110,4,"64,500",11,2019,효천2로 12,,-,-
광주광역시 남구 임암동,881,881,0,효천1중흥에스-클래스에코시티,84.9772,202110,8,"61,000",9,2019,효천2로 12,,-,-
광주광역시 남구 임암동,881,881,0,효천1중흥에스-클래스에코시티,84.9772,202110,9,"62,300",7,2019,효천2로 12,,-,-
광주광역시 남구 임암동,881,881,0,효천1중흥에스-클래스에코시티,84.9772,202110,11,"64,400",16,2019,효천2로 12,,-,-
광주광역시 남구 임암동,881,881,0,효천1중흥에스-클래스에코시티,84.9772,202110,16,"57,850",5,2019,효천2로 12,,-,-
광주광역시 남구 임암동,855,855,0,효천1중흥에스-클래스에코파크,84.9772,202110,1,"61,500",14,2019,효천3로 110,,-,-
광주광역시 남구 임암동,855,855,0,효천1중흥에스-클래스에코파크,84.9772,202110,8,"59,800",9,2019,효천3로 110,,-,-
광주광역시 남구 임암동,855,855,0,효천1중흥에스-클래스에코파크,84.9772,202110,8,"59,700",9,2019,효천3로 110,,-,-
광주광역시 남구 임암동,855,855,0,효천1중흥에스-클래스에코파크,84.9772,202110,9,"61,000",22,2019,효천3로 110,,-,-
광주광역시 남구 임암동,855,855,0,효천1중흥에스-클래스에코파크,84.9772,202110,11,"59,100",1,2019,효천3로 110,,-,-
광주광역시 남구 임암동,855,855,0,효천1중흥에스-클래스에코파크,84.9772,202110,13,"59,000",2,2019,효천3로 110,,-,-
광주광역시 남구 임암동,855,855,0,효천1중흥에스-클래스에코파크,84.9772,202110,15,"60,000",8,2019,효천3로 110,,-,-
광주광역시 남구 임암동,855,855,0,효천1중흥에스-클래스에코파크,84.9772,202110,16,"60,000",6,2019,효천3로 110,,-,-
광주광역시 남구 임암동,728,728,0,효천시티프라디움,84.9948,202110,2,"62,700",17,2019,효천2로 1,,-,-
광주광역시 남구 임암동,728,728,0,효천시티프라디움,84.9948,202110,2,"62,800",15,2019,효천2로 1,,-,-
광주광역시 남구 임암동,728,728,0,효천시티프라디움,84.9948,202110,2,"76,000",12,2019,효천2로 1,,-,-
광주광역시 남구 임암동,728,728,0,효천시티프라디움,84.9948,202110,4,"60,000",7,2019,효천2로 1,,-,-
광주광역시 남구 임암동,728,728,0,효천시티프라디움,84.9948,202110,5,"62,500",11,2019,효천2로 1,,-,-
광주광역시 남구 임암동,728,728,0,효천시티프라디움,84.9948,202110,7,"60,000",17,2019,효천2로 1,,-,-
광주광역시 남구 임암동,728,728,0,효천시티프라디움,84.9984,202110,8,"59,000",13,2019,효천2로 1,,-,-
광주광역시 남구 임암동,728,728,0,효천시티프라디움,84.9947,202110,19,"59,900",5,2019,효천2로 1,,-,-
광주광역시 남구 임암동,728,728,0,효천시티프라디움,84.9963,202110,20,"59,500",2,2019,효천2로 1,,-,-
광주광역시 남구 주월동,1134,1134,0,경남,84.55,202110,7,"26,000",12,1997,21,,-,-
광주광역시 남구 주월동,1242-5,1242,5,금영푸르미,83.4056,202110,5,"23,000",7,2005,서문대로 754,,-,-
광주광역시 남구 주월동,1242-5,1242,5,금영푸르미,83.4056,202110,13,"23,000",13,2005,서문대로 754,,-,-
광주광역시 남구 주월동,1242-5,1242,5,금영푸르미,83.4056,202110,23,"22,600",15,2005,서문대로 754,,-,-
광주광역시 남구 주월동,54-22,54,22,대원(54-22),59.67,202110,27,"10,250",4,1984,군분로33번길 36,,-,-
광주광역시 남구 주월동,1021-53,1021,53,덕산,59.97,202110,21,"13,800",2,1996,봉선로84번길 7,,-,-
광주광역시 남구 주월동,1199-12,1199,12,라인가든1,59.4,202110,10,"10,450",6,1985,서문대로 766,,-,-
광주광역시 남구 주월동,1199-12,1199,12,라인가든1,59.4,202110,20,"8,950",11,1985,서문대로 766,,-,-
광주광역시 남구 주월동,1199-12,1199,12,라인가든1,59.4,202110,28,"9,100",12,1985,서문대로 766,,-,-
광주광역시 남구 주월동,1312,1312,0,봉선로남해오네뜨,75.0659,202110,5,"54,850",12,2018,봉선로 42,,-,-
광주광역시 남구 주월동,1312,1312,0,봉선로남해오네뜨,75.0659,202110,9,"52,800",12,2018,봉선로 42,,-,-
광주광역시 남구 주월동,1312,1312,0,봉선로남해오네뜨,75.0659,202110,16,"52,500",21,2018,봉선로 42,,-,-
광주광역시 남구 주월동,1205-1,1205,1,세왕그린파크,59.85,202110,5,"11,800",7,2002,서문대로812번길 10,,-,-
광주광역시 남구 주월동,1205-1,1205,1,세왕그린파크,59.85,202110,12,"10,500",4,2002,서문대로812번길 10,,-,-
광주광역시 남구 주월동,1205-1,1205,1,세왕그린파크,59.85,202110,30,"11,500",9,2002,서문대로812번길 10,,-,-
광주광역시 남구 주월동,1152,1152,0,신영루체빌,41.9585,202110,16,"12,300",7,2004,49,,-,-
광주광역시 남구 주월동,1205,1205,0,전일씨네빌,46.4585,202110,5,"9,300",4,2003,서문대로812번길 6,,-,-
광주광역시 남구 주월동,1205,1205,0,전일씨네빌,46.4585,202110,6,"10,400",6,2003,서문대로812번길 6,,-,-
광주광역시 남구 주월동,499,499,0,종원,37.8,202110,7,"7,300",1,1986,회서로22번가길 13,,-,-
광주광역시 남구 주월동,373,373,0,주월스카이,59.4,202110,8,"16,000",11,1987,서문대로823번길 7-15,,-,-
광주광역시 남구 주월동,373,373,0,주월스카이,59.4,202110,14,"15,400",1,1987,서문대로823번길 7-15,,-,-
광주광역시 남구 주월동,450-2,450,2,한양,71.25,202110,11,"13,000",13,1989,광복마을7길 31,,-,-
광주광역시 남구 주월동,450-2,450,2,한양,84.84,202110,19,"15,200",14,1989,광복마을7길 31,,-,-
광주광역시 남구 주월동,Feb-81,81,2,해태1,84.96,202110,28,"22,500",2,1998,회재로1173번길 40,,-,-
광주광역시 남구 주월동,456,456,0,현대2,84.52,202110,4,"18,400",5,1995,회재로1186번길 29,,-,-
광주광역시 남구 주월동,456,456,0,현대2,59.4,202110,5,"9,500",4,1995,회재로1186번길 30,,-,-
광주광역시 남구 주월동,456,456,0,현대2,59.4,202110,9,"11,000",5,1995,회재로1186번길 30,,-,-
광주광역시 남구 주월동,456,456,0,현대2,59.4,202110,10,"11,700",8,1995,회재로1186번길 30,,-,-
광주광역시 남구 주월동,456,456,0,현대2,59.4,202110,10,"12,300",11,1995,회재로1186번길 29,,-,-
광주광역시 남구 주월동,456,456,0,현대2,84.94,202110,19,"17,500",4,1995,회재로1186번길 30,,-,-
광주광역시 남구 주월동,1303,1303,0,호반힐하임,84.9477,202110,2,"50,900",5,2014,서문대로 780,,-,-
광주광역시 남구 주월동,1303,1303,0,호반힐하임,84.9399,202110,7,"65,500",20,2014,서문대로 780,,-,-
광주광역시 남구 주월동,1303,1303,0,호반힐하임,84.9399,202110,9,"55,700",14,2014,서문대로 780,,-,-
광주광역시 남구 주월동,1303,1303,0,호반힐하임,84.9477,202110,9,"50,000",2,2014,서문대로 780,,-,-
광주광역시 남구 주월동,1303,1303,0,호반힐하임,84.9477,202110,9,"52,000",5,2014,서문대로 780,,-,-
광주광역시 남구 주월동,1303,1303,0,호반힐하임,84.9477,202110,10,"63,500",19,2014,서문대로 780,,-,-
광주광역시 남구 주월동,1303,1303,0,호반힐하임,84.9477,202110,11,"53,500",10,2014,서문대로 780,,-,-
광주광역시 남구 주월동,1303,1303,0,호반힐하임,84.9399,202110,15,"57,000",13,2014,서문대로 780,,-,-
광주광역시 남구 주월동,1303,1303,0,호반힐하임,84.9477,202110,16,"51,000",3,2014,서문대로 780,,-,-
광주광역시 남구 지석동,443,443,0,한일베라체,84.783,202110,6,"25,800",7,2008,회재로 211,,-,-
광주광역시 남구 지석동,443,443,0,한일베라체,84.783,202110,7,"25,300",9,2008,회재로 211,,-,-
광주광역시 남구 진월동,312-7,312,7,광명,59.97,202110,2,"14,500",18,1998,광복마을길 63,,-,-
광주광역시 남구 진월동,392,392,0,금광하늘연가,162.0841,202110,2,"83,000",9,2005,서문대로663번안길 12,,-,-
광주광역시 남구 진월동,536,536,0,대주파크빌,84.9996,202110,25,"29,000",14,2006,화산로 20,,-,-
광주광역시 남구 진월동,872,872,0,브라운스톤진월,84.9624,202110,7,"45,000",24,2014,서문대로678번길 18,,-,-
광주광역시 남구 진월동,250-8,250,8,삼익세라믹,109.37,202110,4,"31,500",5,1994,서문대로 660,,-,-
광주광역시 남구 진월동,250-8,250,8,삼익세라믹,109.37,202110,13,"31,900",5,1994,서문대로 660,,-,-
광주광역시 남구 진월동,470-1,470,1,삼익세라믹2차,59.4,202110,13,"13,500",6,1999,서문대로654번길 24,,-,-
광주광역시 남구 진월동,470-1,470,1,삼익세라믹2차,59.4,202110,23,"13,400",7,1999,서문대로654번길 24,,-,-
광주광역시 남구 진월동,281,281,0,새한,127.3875,202110,7,"39,150",14,1998,광복마을길 53,,-,-
광주광역시 남구 진월동,281,281,0,새한,84.96,202110,16,"30,000",14,1998,광복마을길 53,,-,-
광주광역시 남구 진월동,281,281,0,새한,127.3875,202110,18,"35,000",1,1998,광복마을길 53,,-,-
광주광역시 남구 진월동,281,281,0,새한,127.3875,202110,27,"39,700",5,1998,광복마을길 53,,-,-
광주광역시 남구 진월동,489-2,489,2,서라,35,202110,14,"7,000",8,1998,화산로31번길 10,,-,-
광주광역시 남구 진월동,508-5,508,5,신흥타운3,49.95,202110,5,"11,000",6,1987,서문대로 614,,-,-
광주광역시 남구 진월동,508-5,508,5,신흥타운3,49.95,202110,14,"11,500",8,1987,서문대로 614,,-,-
광주광역시 남구 진월동,508-5,508,5,신흥타운3,59.94,202110,29,"14,000",5,1987,서문대로 614,,-,-
광주광역시 남구 진월동,348,348,0,아남,59.76,202110,2,"16,400",8,1997,금당로3길 20,,-,-
광주광역시 남구 진월동,348,348,0,아남,124.04,202110,11,"33,800",10,1997,금당로3길 20,,-,-
광주광역시 남구 진월동,348,348,0,아남,59.76,202110,16,"14,540",17,1997,금당로3길 20,,-,-
광주광역시 남구 진월동,348,348,0,아남,84.9,202110,23,"22,500",1,1997,금당로3길 20,,-,-
광주광역시 남구 진월동,348,348,0,아남,59.76,202110,26,"17,800",12,1997,금당로3길 20,,-,-
광주광역시 남구 진월동,363-4,363,4,옥천,67.45,202110,14,"14,200",3,1982,광복마을3길 26-3,,-,-
광주광역시 남구 진월동,331-93,331,93,중흥,84.93,202110,29,"18,300",3,1992,서문대로749번마길 30,,-,-
광주광역시 남구 진월동,30,30,0,진아리채,84.8544,202110,10,"39,500",5,2007,화산로 115,,-,-
광주광역시 남구 진월동,30,30,0,진아리채,84.8544,202110,16,"37,000",10,2007,화산로 115,,-,-
광주광역시 남구 진월동,269,269,0,진아하이빌101동,82.4155,202110,4,"24,800",1,2001,광복마을3길 7,,-,-
광주광역시 남구 진월동,215-1,215,1,진아하이빌2차,84.3979,202110,2,"29,600",9,2004,화산로 75,,-,-
광주광역시 남구 진월동,215-1,215,1,진아하이빌2차,84.3979,202110,15,"31,500",4,2004,화산로 75,,-,-
광주광역시 남구 진월동,484,484,0,진월3차삼익세라믹아파트,59.4,202110,13,"13,500",17,2000,화산로31번길 17,,-,-
광주광역시 남구 진월동,499-68,499,68,진월동풍림아파트,74.25,202110,10,"21,700",12,2000,화산로31번안길 2,,-,-
광주광역시 남구 진월동,499-68,499,68,진월동풍림아파트,74.25,202110,11,"22,000",13,2000,화산로31번안길 2,,-,-
광주광역시 남구 진월동,499-68,499,68,진월동풍림아파트,74.25,202110,22,"21,800",13,2000,화산로31번안길 2,,-,-
광주광역시 남구 진월동,514-22,514,22,진월동한국아델리움아파트,136.9536,202110,10,"81,250",18,2005,서문대로627번길 19,,-,-
광주광역시 남구 진월동,514-22,514,22,진월동한국아델리움아파트,93.5552,202110,11,"51,500",1,2005,서문대로627번길 19,,-,-
광주광역시 남구 진월동,514-22,514,22,진월동한국아델리움아파트,93.5552,202110,11,"55,500",7,2005,서문대로627번길 19,,-,-
광주광역시 남구 진월동,514-22,514,22,진월동한국아델리움아파트,93.5552,202110,16,"55,100",4,2005,서문대로627번길 19,,-,-
광주광역시 남구 진월동,250-3,250,3,진월아파트,79.65,202110,8,"25,000",2,1986,서문대로 668,,-,-
광주광역시 남구 진월동,250-3,250,3,진월아파트,79.65,202110,21,"20,000",2,1986,서문대로 668,,-,-
광주광역시 남구 진월동,870,870,0,한국아델리움2차,84.8207,202110,26,"48,500",3,2011,서문대로627번길 9,,-,-
광주광역시 남구 진월동,267,267,0,한신1,84.87,202110,3,"22,700",9,1996,광복마을4길 9-1,,-,-
광주광역시 남구 진월동,267,267,0,한신1,59.98,202110,10,"15,300",17,1996,광복마을4길 9-1,,-,-
광주광역시 남구 진월동,267,267,0,한신1,84.87,202110,11,"23,300",3,1996,광복마을4길 9-1,,-,-
광주광역시 남구 진월동,267,267,0,한신1,59.98,202110,22,"17,000",7,1996,광복마을4길 9-1,,-,-
광주광역시 남구 진월동,267,267,0,한신1,59.98,202110,29,"16,500",2,1996,광복마을4길 9-1,,-,-
광주광역시 남구 진월동,277,277,0,한신2,84.87,202110,8,"24,200",1,1997,서문대로701번길 21,,-,-
광주광역시 남구 진월동,277,277,0,한신2,84.87,202110,11,"29,000",10,1997,서문대로701번길 21,,-,-
광주광역시 남구 진월동,277,277,0,한신2,84.87,202110,11,"27,000",13,1997,서문대로701번길 21,,-,-
광주광역시 남구 진월동,277,277,0,한신2,84.87,202110,12,"22,000",6,1997,서문대로701번길 21,,-,-
광주광역시 남구 진월동,277,277,0,한신2,84.87,202110,12,"28,000",3,1997,서문대로701번길 21,,-,-
광주광역시 남구 진월동,277,277,0,한신2,59.98,202110,21,"18,400",7,1997,서문대로701번길 21,,-,-
광주광역시 남구 진월동,481-4,481,4,현대,127.99,202110,1,"38,500",12,1990,서문대로622번길 7,,-,-
광주광역시 남구 진월동,481-4,481,4,현대,84.99,202110,7,"15,000",4,1990,서문대로622번길 7,20211015,-,-
광주광역시 남구 진월동,481-4,481,4,현대,84.99,202110,8,"15,000",4,1990,서문대로622번길 7,,-,-
광주광역시 남구 진월동,481-4,481,4,현대,84.87,202110,16,"20,000",8,1990,서문대로622번길 7,,-,-
광주광역시 남구 진월동,245,245,0,현대2,59.36,202110,6,"13,500",2,1997,서문대로654번길 33,,-,-
광주광역시 남구 진월동,245,245,0,현대2,84.42,202110,16,"23,300",18,1997,서문대로654번길 33,,-,-
광주광역시 남구 진월동,241,241,0,현대3,59.96,202110,16,"16,000",7,1998,서문대로654번길 35,,-,-
광주광역시 남구 진월동,340,340,0,협진훼밀리,84.99,202110,18,"14,000",11,1990,금당로3길 8-3,,-,-
광주광역시 남구 진월동,388,388,0,호반,32.16,202110,22,"5,000",3,1999,서문대로663번안길 2,,-,-
광주광역시 남구 행암동,546,546,0,브라운스톤효천,84.95,202110,4,"41,000",5,2017,효우2로 89,,-,-
광주광역시 남구 행암동,546,546,0,브라운스톤효천,84.94,202110,6,"40,700",18,2017,효우2로 89,,-,-
광주광역시 남구 행암동,546,546,0,브라운스톤효천,84.94,202110,10,"42,000",10,2017,효우2로 89,,-,-
광주광역시 남구 행암동,546,546,0,브라운스톤효천,74.95,202110,21,"33,000",14,2017,효우2로 89,,-,-
광주광역시 남구 행암동,546,546,0,브라운스톤효천,84.94,202110,29,"42,000",4,2017,효우2로 89,,-,-
광주광역시 남구 행암동,526,526,0,제일풍경채에듀파크1단지,84.3565,202110,10,"49,700",18,2015,효우로 332-10,,-,-
광주광역시 남구 행암동,526,526,0,제일풍경채에듀파크1단지,84.3565,202110,16,"47,200",10,2015,효우로 332-10,,-,-
광주광역시 남구 행암동,526,526,0,제일풍경채에듀파크1단지,84.3565,202110,18,"48,300",12,2015,효우로 332-10,,-,-
광주광역시 남구 행암동,526,526,0,제일풍경채에듀파크1단지,84.3565,202110,20,"48,000",7,2015,효우로 332-10,,-,-
광주광역시 남구 행암동,526,526,0,제일풍경채에듀파크1단지,84.3565,202110,29,"48,000",10,2015,효우로 332-10,,-,-
광주광역시 남구 행암동,562,562,0,제일풍경채에듀파크2단지,84.9184,202110,18,"52,000",9,2015,효우2로 46,,-,-
광주광역시 남구 행암동,562,562,0,제일풍경채에듀파크2단지,84.9184,202110,29,"60,000",19,2015,효우2로 46,,-,-
광주광역시 남구 행암동,530,530,0,효천2지구중흥S-클래스,84.9355,202110,2,"51,000",10,2015,효우로 332-11,,-,-
광주광역시 남구 행암동,530,530,0,효천2지구중흥S-클래스,84.9355,202110,18,"52,000",7,2015,효우로 332-11,,-,-
광주광역시 남구 행암동,530,530,0,효천2지구중흥S-클래스,84.9933,202110,20,"49,000",3,2015,효우로 332-11,20211027,-,-
광주광역시 남구 행암동,530,530,0,효천2지구중흥S-클래스,84.9933,202110,27,"51,000",2,2015,효우로 332-11,,-,-
광주광역시 남구 행암동,597,597,0,효천LH천년나무2단지,59.72,202110,1,"27,200",16,2014,효우2로 20,,-,-
광주광역시 남구 행암동,597,597,0,효천LH천년나무2단지,59.72,202110,19,"27,000",17,2014,효우2로 20,,-,-
광주광역시 남구 행암동,597,597,0,효천LH천년나무2단지,59.72,202110,19,"27,000",7,2014,효우2로 20,,-,-
광주광역시 남구 행암동,597,597,0,효천LH천년나무2단지,59.72,202110,19,"27,000",17,2014,효우2로 20,20211026,-,-
광주광역시 남구 행암동,597,597,0,효천LH천년나무2단지,59.72,202110,28,"24,800",4,2014,효우2로 20,,-,-
광주광역시 남구 행암동,597,597,0,효천LH천년나무2단지,59.85,202110,30,"27,000",4,2014,효우2로 20,,-,-
광주광역시 남구 행암동,604,604,0,효천LH천년나무3단지,74.97,202110,26,"32,000",1,2014,효우2로 21,,-,-
광주광역시 동구 계림동,250-89,250,89,(250-89),49.9942,202110,23,"14,600",9,2016,중앙로 284,,-,-
광주광역시 동구 계림동,1827,1827,0,그랜드센트럴,106.9938,202110,5,"93,600",17,2020,경양로 234,,-,-
광주광역시 동구 계림동,1827,1827,0,그랜드센트럴,84.9647,202110,11,"68,000",20,2020,경양로 234,,-,-
광주광역시 동구 계림동,1827,1827,0,그랜드센트럴,84.9647,202110,25,"63,500",15,2020,경양로 234,,-,-
광주광역시 동구 계림동,100-1,100,1,금호,84.93,202110,29,"36,300",4,1996,필문대로 12-7,,-,-
광주광역시 동구 계림동,52,52,0,두산위브,113.8106,202110,4,"60,500",11,2007,무등로 374,,-,-
광주광역시 동구 계림동,52,52,0,두산위브,84.8686,202110,12,"39,000",2,2007,무등로 374,,-,-
광주광역시 동구 계림동,52,52,0,두산위브,84.8686,202110,14,"41,500",3,2007,무등로 374,,-,-
광주광역시 동구 계림동,1815,1815,0,두산위브2차,39.862,202110,5,"19,450",7,2018,계림로30번길 15,,-,-
광주광역시 동구 계림동,1815,1815,0,두산위브2차,84.9765,202110,12,"60,000",7,2018,계림로30번길 15,,-,-
광주광역시 동구 계림동,1815,1815,0,두산위브2차,39.862,202110,18,"20,000",19,2018,계림로30번길 15,,-,-
광주광역시 동구 계림동,1815,1815,0,두산위브2차,39.862,202110,18,"20,000",19,2018,계림로30번길 15,,-,-
광주광역시 동구 금남로5가,154-1,154,1,AM-City하이클래스,26.4345,202110,8,"12,000",11,2014,금남로 185,,-,-
광주광역시 동구 대인동,153,153,0,루체클래식,48.8687,202110,13,"20,000",14,2017,구성로204번길 22,,-,-
광주광역시 동구 산수동,84,84,0,광명,59.91,202110,11,"14,600",9,1995,무등로 532,,-,-
광주광역시 동구 산수동,84,84,0,광명,59.91,202110,19,"14,000",7,1995,무등로 532,,-,-
광주광역시 동구 산수동,568-1,568,1,금호두암타운,94.58,202110,8,"32,500",5,1993,밤실로 147,,-,-
광주광역시 동구 산수동,568-1,568,1,금호두암타운,94.57,202110,19,"34,800",7,1993,밤실로 147,,-,-
광주광역시 동구 산수동,689,689,0,두암그린파크,84.9,202110,9,"21,500",1,1995,밤실로 150,,-,-
광주광역시 동구 산수동,730,730,0,명지로드힐포레,74.1309,202110,4,"33,100",10,2021,밤실로90번길 20,20211101,-,-
광주광역시 동구 산수동,730,730,0,명지로드힐포레,74.1309,202110,22,"32,900",8,2021,밤실로90번길 20,,-,-
광주광역시 동구 산수동,716,716,0,무등산광신프로그레스,84.9193,202110,7,"46,000",12,2018,밤실로 100,,-,-
광주광역시 동구 산수동,716,716,0,무등산광신프로그레스,84.9817,202110,23,"40,000",3,2018,밤실로 100,,-,-
광주광역시 동구 산수동,723,723,0,무등산그린웰로제비앙,64.5262,202110,10,"43,500",8,2019,동계로 38,,-,-
광주광역시 동구 산수동,723,723,0,무등산그린웰로제비앙,84.8445,202110,18,"62,000",14,2019,동계로 38,,-,-
광주광역시 동구 산수동,723,723,0,무등산그린웰로제비앙,114.924,202110,24,"89,250",10,2019,동계로 38,,-,-
광주광역시 동구 산수동,723,723,0,무등산그린웰로제비앙,64.5262,202110,27,"43,500",8,2019,동계로 38,,-,-
광주광역시 동구 산수동,723,723,0,무등산그린웰로제비앙,84.9377,202110,31,"54,400",1,2019,동계로 38,,-,-
광주광역시 동구 산수동,104-3,104,3,호남,59.499,202110,6,"13,493",2,1979,밤실로116번길 7,,-,-
광주광역시 동구 산수동,104-3,104,3,호남,93.252,202110,6,"21,150",5,1979,밤실로116번길 7,,-,-
광주광역시 동구 소태동,440,440,0,대아2차,84.98,202110,16,"16,800",10,1993,지원로 32,,-,-
광주광역시 동구 소태동,501,501,0,모아미래도,71.42,202110,22,"22,500",15,2003,학소로76번길 14,,-,-
광주광역시 동구 소태동,501,501,0,모아미래도,71.42,202110,24,"21,900",18,2003,학소로76번길 14,,-,-
광주광역시 동구 소태동,1103,1103,0,무등산골드클래스,84.9603,202110,6,"58,500",5,2018,학소로 109,,-,-
광주광역시 동구 소태동,1103,1103,0,무등산골드클래스,59.9834,202110,10,"42,000",5,2018,학소로 109,,-,-
광주광역시 동구 소태동,1103,1103,0,무등산골드클래스,84.9603,202110,16,"64,500",18,2018,학소로 109,,-,-
광주광역시 동구 소태동,1103,1103,0,무등산골드클래스,84.9603,202110,21,"61,700",8,2018,학소로 109,,-,-
광주광역시 동구 소태동,761-3,761,3,무등산아델리움,144.2784,202110,16,"63,000",5,2009,의재로 120,,-,-
광주광역시 동구 소태동,615-1,615,1,진아하이빌1차,38.25,202110,18,"8,100",7,1998,학소로 65,,-,-
광주광역시 동구 소태동,615-1,615,1,진아하이빌1차,38.25,202110,18,"9,300",7,1998,학소로 65,,-,-
광주광역시 동구 수기동,03월 21일,21,3,고운하이츠(21-3),55.976,202110,9,"15,500",7,2009,천변우로 329-5,,-,-
광주광역시 동구 용산동,662,662,0,광주용산지구2BL계룡리슈빌더포레스트아파트,76.5319,202110,3,"50,300",7,2019,용산1길 2,,-,-
광주광역시 동구 용산동,662,662,0,광주용산지구2BL계룡리슈빌더포레스트아파트,82.0393,202110,6,"53,500",1,2019,용산1길 2,,-,-
광주광역시 동구 용산동,662,662,0,광주용산지구2BL계룡리슈빌더포레스트아파트,76.5319,202110,8,"51,500",4,2019,용산1길 2,,-,-
광주광역시 동구 용산동,662,662,0,광주용산지구2BL계룡리슈빌더포레스트아파트,106.6583,202110,9,"91,000",7,2019,용산1길 2,,-,-
광주광역시 동구 용산동,662,662,0,광주용산지구2BL계룡리슈빌더포레스트아파트,106.6583,202110,16,"86,000",4,2019,용산1길 2,,-,-
광주광역시 동구 용산동,270-4,270,4,다보애주상복합APT,71.728,202110,29,"20,000",5,2016,남문로 555,,-,-
광주광역시 동구 용산동,663,663,0,용산지구모아엘가에듀파크,84.9024,202110,5,"60,000",4,2019,용산3길 17,,-,-
광주광역시 동구 용산동,663,663,0,용산지구모아엘가에듀파크,84.9024,202110,7,"66,500",9,2019,용산3길 17,,-,-
광주광역시 동구 용산동,663,663,0,용산지구모아엘가에듀파크,84.9024,202110,13,"67,300",14,2019,용산3길 17,,-,-
광주광역시 동구 운림동,598,598,0,남해오네뜨빌,135.72,202110,9,"38,000",10,2006,운림길 27,,-,-
광주광역시 동구 운림동,583,583,0,라인1차,84.7,202110,18,"20,500",4,1991,운림길 71,,-,-
광주광역시 동구 운림동,583,583,0,라인1차,84.97,202110,23,"22,800",6,1991,운림길 71,,-,-
광주광역시 동구 운림동,654,654,0,라인2차,84.7,202110,11,"22,800",11,1992,의재로 149-7,,-,-
광주광역시 동구 운림동,654,654,0,라인2차,84.7,202110,13,"21,000",5,1992,의재로 149-7,,-,-
광주광역시 동구 운림동,567-1,567,1,라인광명,59.88,202110,9,"15,500",6,1997,운림길 58,,-,-
광주광역시 동구 운림동,588,588,0,무등스위트맨션,60,202110,10,"13,200",3,1995,운림길 68,,-,-
광주광역시 동구 운림동,588,588,0,무등스위트맨션,60,202110,26,"15,100",4,1995,운림길 68,,-,-
광주광역시 동구 월남동,638,638,0,월남호반베르디움2차,78.2705,202110,4,"36,900",7,2016,남문로 307,,-,-
광주광역시 동구 월남동,638,638,0,월남호반베르디움2차,59.9711,202110,14,"26,000",16,2016,남문로 307,,-,-
광주광역시 동구 월남동,638,638,0,월남호반베르디움2차,59.9711,202110,24,"28,000",10,2016,남문로 307,,-,-
광주광역시 동구 지산동,315-1,315,1,삼성,127.67,202110,10,"27,000",5,1991,밤실로30번길 11,,-,-
광주광역시 동구 지산동,671,671,0,지산휴먼시아,84.96,202110,4,"40,100",3,2010,동명로69번길 20,,-,-
광주광역시 동구 충장로4가,34,34,0,충장고운라피네,49.831,202110,5,"19,800",18,2017,충장로58번길 14,,-,-
광주광역시 동구 학동,262-1,262,1,금호베스트빌,145.2179,202110,15,"48,000",3,2002,증심천로 88,,-,-
광주광역시 동구 학동,1022,1022,0,무등산아이파크,59.9066,202110,2,"58,000",11,2017,남문로753번길 20,,-,-
광주광역시 동구 학동,1022,1022,0,무등산아이파크,74.9979,202110,9,"64,600",7,2017,남문로753번길 20,,-,-
광주광역시 동구 학동,1022,1022,0,무등산아이파크,84.9287,202110,9,"87,000",31,2017,남문로753번길 20,,-,-
광주광역시 동구 학동,1022,1022,0,무등산아이파크,84.9511,202110,15,"82,000",24,2017,남문로753번길 20,,-,-
광주광역시 동구 학동,1022,1022,0,무등산아이파크,101.8442,202110,16,"121,000",5,2017,남문로753번길 20,,-,-
광주광역시 동구 학동,719-1,719,1,무등파크,131.76,202110,22,"22,300",1,1983,의재로43번길 3,,-,-
광주광역시 동구 학동,750-1,750,1,삼익세라믹,125.95,202110,22,"45,500",15,1989,남문로 676,,-,-
광주광역시 동구 학동,623,623,0,학1마을,59.97,202110,16,"25,700",6,2007,남문로 734,,-,-
광주광역시 동구 학동,1012,1012,0,학2마을아파트,84.78,202110,4,"41,000",16,2011,남문로693번길 11,,-,-
광주광역시 동구 학동,1012,1012,0,학2마을아파트,84.96,202110,6,"37,800",2,2011,남문로693번길 11,,-,-
광주광역시 동구 학동,1012,1012,0,학2마을아파트,84.93,202110,9,"39,700",5,2011,남문로693번길 11,,-,-
광주광역시 동구 학동,1012,1012,0,학2마을아파트,84.98,202110,13,"44,300",12,2011,남문로693번길 11,,-,-
광주광역시 동구 학동,1012,1012,0,학2마을아파트,84.78,202110,28,"38,500",2,2011,남문로693번길 11,,-,-
광주광역시 동구 학동,270,270,0,현대,84.87,202110,5,"22,000",8,1998,증심천로89번길 16,,-,-
광주광역시 북구 각화동,587,587,0,각화골드클래스,84.9701,202110,1,"36,000",2,2017,각화대로69번길 16,,-,-
광주광역시 북구 각화동,587,587,0,각화골드클래스,84.968,202110,2,"40,000",3,2017,각화대로69번길 16,,-,-
광주광역시 북구 각화동,118-2,118,2,글로벌,84.9,202110,23,"24,000",15,2003,월동로 88,,-,-
광주광역시 북구 각화동,118-2,118,2,글로벌,84.9,202110,28,"24,800",12,2003,월동로 88,,-,-
광주광역시 북구 각화동,471,471,0,금호타운1,71.11,202110,11,"19,500",13,1989,각화대로 33,,-,-
광주광역시 북구 각화동,529,529,0,무등파크1,54.675,202110,19,"8,600",12,1988,두리봉길 48,,-,-
광주광역시 북구 각화동,529,529,0,무등파크1,54.675,202110,22,"8,500",6,1988,두리봉길 48,,-,-
광주광역시 북구 각화동,194,194,0,해광파크맨션,84.9,202110,28,"15,600",6,1991,군왕로208번길 11,,-,-
광주광역시 북구 각화동,194,194,0,해광파크맨션,84.9,202110,28,"15,600",6,1991,군왕로208번길 11,20211102,-,-
광주광역시 북구 각화동,591,591,0,휴먼파크서희스타힐스,84.745,202110,16,"47,000",26,2017,군왕로 311,,-,-
광주광역시 북구 각화동,591,591,0,휴먼파크서희스타힐스,84.745,202110,20,"48,100",13,2017,군왕로 311,,-,-
광주광역시 북구 각화동,591,591,0,휴먼파크서희스타힐스,84.745,202110,24,"52,500",32,2017,군왕로 311,,-,-
광주광역시 북구 각화동,594,594,0,힐스테이트각화,83.9581,202110,6,"54,700",17,2018,군왕로 295,,-,-
광주광역시 북구 각화동,594,594,0,힐스테이트각화,59.9891,202110,16,"39,400",16,2018,군왕로 295,,-,-
광주광역시 북구 각화동,594,594,0,힐스테이트각화,83.9581,202110,26,"52,500",19,2018,군왕로 295,,-,-
광주광역시 북구 동림동,1334,1334,0,동림대광로제비앙,84.9779,202110,2,"55,500",15,2020,운암산길 48,,-,-
광주광역시 북구 동림동,1146-1,1146,1,동림푸른주공,59.99,202110,4,"10,000",11,1998,북문대로242번길 50,,-,-
광주광역시 북구 동림동,1146-1,1146,1,동림푸른주공,59.99,202110,13,"12,000",15,1998,북문대로242번길 50,,-,-
광주광역시 북구 동림동,1146-1,1146,1,동림푸른주공,59.99,202110,16,"9,800",3,1998,북문대로242번길 50,,-,-
광주광역시 북구 동림동,1147-1,1147,1,동림푸른주공3,59.99,202110,2,"13,400",18,1997,북문대로242번길 11,,-,-
광주광역시 북구 동림동,1147-1,1147,1,동림푸른주공3,59.99,202110,8,"13,500",2,1997,북문대로242번길 11,,-,-
광주광역시 북구 동림동,1147-1,1147,1,동림푸른주공3,59.94,202110,11,"12,300",1,1997,북문대로242번길 11,,-,-
광주광역시 북구 동림동,1147-1,1147,1,동림푸른주공3,59.99,202110,14,"14,000",18,1997,북문대로242번길 11,,-,-
광주광역시 북구 동림동,1147-1,1147,1,동림푸른주공3,59.99,202110,18,"14,500",17,1997,북문대로242번길 11,,-,-
광주광역시 북구 동림동,1147-1,1147,1,동림푸른주공3,59.99,202110,19,"12,800",2,1997,북문대로242번길 11,,-,-
광주광역시 북구 동림동,1147-1,1147,1,동림푸른주공3,59.99,202110,20,"13,000",12,1997,북문대로242번길 11,,-,-
광주광역시 북구 동림동,1147-1,1147,1,동림푸른주공3,59.99,202110,20,"12,100",1,1997,북문대로242번길 11,,-,-
광주광역시 북구 동림동,1147-1,1147,1,동림푸른주공3,59.99,202110,25,"14,000",4,1997,북문대로242번길 11,,-,-
광주광역시 북구 동림동,1161-1,1161,1,동림푸른주공4,84.79,202110,4,"23,800",18,1998,동림용산로 12,,-,-
광주광역시 북구 동림동,1161-1,1161,1,동림푸른주공4,65.68,202110,11,"15,500",11,1998,동림용산로 12,,-,-
광주광역시 북구 동림동,1161-1,1161,1,동림푸른주공4,84.79,202110,21,"17,900",1,1998,동림용산로 12,,-,-
광주광역시 북구 동림동,298,298,0,삼라마이다스,84.981,202110,12,"24,500",7,2005,동운로 141,,-,-
광주광역시 북구 동림동,645,645,0,삼익,59.97,202110,1,"12,200",4,1996,유림로 175,,-,-
광주광역시 북구 동림동,645,645,0,삼익,59.97,202110,2,"13,400",6,1996,유림로 175,,-,-
광주광역시 북구 동림동,645,645,0,삼익,84.87,202110,9,"17,000",13,1996,유림로 175,,-,-
광주광역시 북구 동림동,645,645,0,삼익,59.97,202110,9,"12,000",16,1996,유림로 175,,-,-
광주광역시 북구 동림동,645,645,0,삼익,84.87,202110,11,"16,000",1,1996,유림로 175,,-,-
광주광역시 북구 동림동,645,645,0,삼익,126.96,202110,11,"24,000",4,1996,유림로 175,,-,-
광주광역시 북구 동림동,645,645,0,삼익,126.96,202110,12,"22,500",1,1996,유림로 175,,-,-
광주광역시 북구 동림동,645,645,0,삼익,59.97,202110,13,"10,200",1,1996,유림로 175,,-,-
광주광역시 북구 동림동,645,645,0,삼익,59.97,202110,16,"13,000",12,1996,유림로 175,,-,-
광주광역시 북구 동림동,645,645,0,삼익,52.89,202110,20,"8,700",7,1996,유림로 175,,-,-
광주광역시 북구 동림동,645,645,0,삼익,52.89,202110,23,"8,700",5,1996,유림로 175,,-,-
광주광역시 북구 동림동,645,645,0,삼익,52.89,202110,27,"9,400",5,1996,유림로 175,,-,-
광주광역시 북구 동림동,645,645,0,삼익,52.89,202110,29,"8,900",20,1996,유림로 175,,-,-
광주광역시 북구 동림동,Oct-37,37,10,삼호가든,84.99,202110,6,"14,000",6,2005,북문대로 235,,-,-
광주광역시 북구 동림동,Oct-37,37,10,삼호가든,84.99,202110,6,"16,000",12,2005,북문대로 235,,-,-
광주광역시 북구 동림동,01월 26일,26,1,우미2,59.79,202110,2,"10,000",12,1991,북문대로201번길 30,,-,-
광주광역시 북구 동림동,01월 26일,26,1,우미2,59.79,202110,8,"10,000",3,1991,북문대로201번길 30,,-,-
광주광역시 북구 동림동,01월 26일,26,1,우미2,59.77,202110,12,"9,500",7,1991,북문대로201번길 30,,-,-
광주광역시 북구 동림동,01월 26일,26,1,우미2,59.77,202110,13,"11,000",13,1991,북문대로201번길 30,,-,-
광주광역시 북구 동림동,01월 26일,26,1,우미2,59.77,202110,14,"8,400",20,1991,북문대로201번길 30,,-,-
광주광역시 북구 동림동,01월 26일,26,1,우미2,59.77,202110,26,"11,074",3,1991,북문대로201번길 30,,-,-
광주광역시 북구 동림동,1330,1330,0,운암산코오롱하늘채,64.2602,202110,2,"40,800",15,2018,동배마을길 29,,-,-
광주광역시 북구 동림동,1330,1330,0,운암산코오롱하늘채,63.4644,202110,4,"39,700",13,2018,동배마을길 29,,-,-
광주광역시 북구 동림동,1330,1330,0,운암산코오롱하늘채,84.6815,202110,4,"39,700",8,2018,동배마을길 29,20211016,-,-
광주광역시 북구 동림동,1330,1330,0,운암산코오롱하늘채,84.6815,202110,8,"53,700",22,2018,동배마을길 29,,-,-
광주광역시 북구 동림동,1330,1330,0,운암산코오롱하늘채,84.6815,202110,8,"52,400",6,2018,동배마을길 29,,-,-
광주광역시 북구 동림동,1330,1330,0,운암산코오롱하늘채,84.6815,202110,8,"54,500",16,2018,동배마을길 29,,-,-
광주광역시 북구 동림동,1330,1330,0,운암산코오롱하늘채,84.6815,202110,8,"49,000",4,2018,동배마을길 29,,-,-
광주광역시 북구 동림동,1330,1330,0,운암산코오롱하늘채,84.6815,202110,9,"51,500",3,2018,동배마을길 29,,-,-
광주광역시 북구 동림동,1330,1330,0,운암산코오롱하늘채,84.6815,202110,11,"52,500",24,2018,동배마을길 29,,-,-
광주광역시 북구 동림동,1330,1330,0,운암산코오롱하늘채,63.4644,202110,12,"41,000",11,2018,동배마을길 29,,-,-
광주광역시 북구 동림동,1330,1330,0,운암산코오롱하늘채,63.4644,202110,13,"37,500",18,2018,동배마을길 29,,-,-
광주광역시 북구 동림동,1330,1330,0,운암산코오롱하늘채,63.4644,202110,15,"38,000",16,2018,동배마을길 29,,-,-
광주광역시 북구 동림동,1330,1330,0,운암산코오롱하늘채,64.2602,202110,18,"39,800",17,2018,동배마을길 29,,-,-
광주광역시 북구 동림동,1330,1330,0,운암산코오롱하늘채,84.6815,202110,30,"53,800",8,2018,동배마을길 29,,-,-
광주광역시 북구 동림동,1330,1330,0,운암산코오롱하늘채,63.4644,202110,30,"38,650",2,2018,동배마을길 29,,-,-
광주광역시 북구 동림동,Oct-37,37,10,유일가든,59.82,202110,16,"9,000",8,2005,북문대로249번길 55,,-,-
광주광역시 북구 동림동,Oct-37,37,10,유일가든,59.82,202110,21,"8,700",15,2005,북문대로249번길 55,,-,-
광주광역시 북구 두암동,902-2,902,2,광일맨션,72.51,202110,13,"8,600",2,1983,서방로182번길 2,,-,-
광주광역시 북구 두암동,849-21,849,21,두암,60.16,202110,20,"11,500",1,1979,군왕로117번길 30,,-,-
광주광역시 북구 두암동,Apr-72,72,4,두암현대,84.97,202110,11,"22,200",13,1998,삼정로 108,,-,-
광주광역시 북구 두암동,Apr-72,72,4,두암현대,59.84,202110,13,"13,500",16,1998,삼정로 108,,-,-
광주광역시 북구 두암동,Apr-72,72,4,두암현대,84.97,202110,14,"23,700",1,1998,삼정로 108,,-,-
광주광역시 북구 두암동,Apr-72,72,4,두암현대,146.88,202110,14,"37,700",11,1998,삼정로 108,,-,-
광주광역시 북구 두암동,Apr-72,72,4,두암현대,84.97,202110,18,"23,500",20,1998,삼정로 108,,-,-
광주광역시 북구 두암동,Apr-72,72,4,두암현대,84.97,202110,20,"25,000",10,1998,삼정로 108,,-,-
광주광역시 북구 두암동,73,73,0,라인동산,59.79,202110,1,"13,200",16,1995,삼정로 112,,-,-
광주광역시 북구 두암동,73,73,0,라인동산,59.79,202110,5,"15,750",19,1995,삼정로 112,,-,-
광주광역시 북구 두암동,73,73,0,라인동산,59.79,202110,6,"16,000",9,1995,삼정로 112,,-,-
광주광역시 북구 두암동,73,73,0,라인동산,59.79,202110,14,"14,000",2,1995,삼정로 112,,-,-
광주광역시 북구 두암동,54,54,0,무등파크2,59.97,202110,19,"11,000",16,1994,월동로 50,,-,-
광주광역시 북구 두암동,54,54,0,무등파크2,84.57,202110,22,"15,500",1,1994,월동로 50,,-,-
광주광역시 북구 두암동,54,54,0,무등파크2,59.97,202110,23,"9,600",2,1994,월동로 50,,-,-
광주광역시 북구 두암동,54,54,0,무등파크2,84.57,202110,25,"15,700",17,1994,월동로 50,,-,-
광주광역시 북구 두암동,117,117,0,무등파크3,59.87,202110,5,"15,800",8,1999,삼정로 106-2,,-,-
광주광역시 북구 두암동,117,117,0,무등파크3,59.87,202110,22,"16,300",5,1999,삼정로 106-2,,-,-
광주광역시 북구 두암동,Jan-63,63,1,무등파크맨션,84.85,202110,15,"14,700",20,1992,월동로 28,,-,-
광주광역시 북구 두암동,Jan-63,63,1,무등파크맨션,84.85,202110,29,"14,000",6,1992,월동로 28,,-,-
광주광역시 북구 두암동,329,329,0,반석힐라,31.77,202110,9,"5,000",3,2000,군왕로51번길 39,,-,-
광주광역시 북구 두암동,947-1,947,1,부영,60,202110,6,"11,600",8,1988,삼정로 71,,-,-
광주광역시 북구 두암동,947-1,947,1,부영,60,202110,8,"11,000",7,1988,삼정로 71,,-,-
광주광역시 북구 두암동,947-1,947,1,부영,60,202110,8,"11,400",8,1988,삼정로 71,,-,-
광주광역시 북구 두암동,947-1,947,1,부영,60,202110,15,"8,900",2,1988,삼정로 71,,-,-
광주광역시 북구 두암동,947-1,947,1,부영,60,202110,17,"12,000",7,1988,삼정로 71,,-,-
광주광역시 북구 두암동,947-1,947,1,부영,60,202110,25,"11,000",9,1988,삼정로 71,,-,-
광주광역시 북구 두암동,947-1,947,1,부영,60,202110,28,"11,700",3,1988,삼정로 71,,-,-
광주광역시 북구 두암동,598-3,598,3,신흥,59.94,202110,2,"7,500",1,1987,참판로 212,,-,-
광주광역시 북구 두암동,598-3,598,3,신흥,59.94,202110,7,"8,200",2,1987,참판로 212,,-,-
광주광역시 북구 두암동,598-3,598,3,신흥,59.94,202110,7,"8,200",2,1987,참판로 212,20211021,-,-
광주광역시 북구 두암동,885-9,885,9,양서맨션,77.38,202110,18,"13,000",2,1979,서방로 123,20211028,-,-
광주광역시 북구 두암동,885-9,885,9,양서맨션,77.38,202110,18,"13,000",2,1979,서방로 123,,-,-
광주광역시 북구 두암동,885-9,885,9,양서맨션,77.38,202110,18,"13,000",2,1979,서방로 123,20211102,-,-
광주광역시 북구 두암동,968-1,968,1,율곡타운(주공1),41.85,202110,1,"8,000",12,1993,삼정로 7,,-,-
광주광역시 북구 두암동,968-1,968,1,율곡타운(주공1),49.77,202110,9,"11,950",9,1993,삼정로 7,,-,-
광주광역시 북구 두암동,968-1,968,1,율곡타운(주공1),49.77,202110,16,"12,250",2,1993,삼정로 7,,-,-
광주광역시 북구 두암동,968-1,968,1,율곡타운(주공1),41.85,202110,16,"8,000",15,1993,삼정로 7,,-,-
광주광역시 북구 두암동,968-1,968,1,율곡타운(주공1),49.77,202110,16,"12,500",6,1993,삼정로 7,,-,-
광주광역시 북구 두암동,968-1,968,1,율곡타운(주공1),41.85,202110,17,"8,000",1,1993,삼정로 7,,-,-
광주광역시 북구 두암동,968-1,968,1,율곡타운(주공1),49.77,202110,19,"12,800",8,1993,삼정로 7,,-,-
광주광역시 북구 두암동,968-1,968,1,율곡타운(주공1),41.85,202110,22,"9,500",11,1993,삼정로 7,,-,-
광주광역시 북구 두암동,968-1,968,1,율곡타운(주공1),41.85,202110,27,"9,400",5,1993,삼정로 7,,-,-
광주광역시 북구 두암동,969-1,969,1,주공3,41.85,202110,1,"7,500",4,1994,삼정로 50,,-,-
광주광역시 북구 두암동,969-1,969,1,주공3,41.85,202110,2,"9,000",4,1994,삼정로 50,,-,-
광주광역시 북구 두암동,969-1,969,1,주공3,41.85,202110,9,"7,500",13,1994,삼정로 50,,-,-
광주광역시 북구 두암동,969-1,969,1,주공3,41.85,202110,25,"8,200",15,1994,삼정로 50,,-,-
광주광역시 북구 두암동,969-1,969,1,주공3,41.85,202110,27,"6,900",3,1994,삼정로 50,,-,-
광주광역시 북구 매곡동,214-16,214,16,공간빌리지,42.51,202110,5,"7,500",9,1991,매곡로 54,,-,-
광주광역시 북구 매곡동,214-16,214,16,공간빌리지,42.51,202110,11,"7,500",10,1991,매곡로 54,,-,-
광주광역시 북구 매곡동,Jan-83,83,1,금호,59.965,202110,23,"17,000",10,1995,매곡로69번길 20,,-,-
광주광역시 북구 매곡동,Jan-83,83,1,금호,59.965,202110,25,"16,400",12,1995,하백로46번길 10,,-,-
광주광역시 북구 매곡동,492,492,0,대주피오레,84.9667,202110,23,"35,000",1,2006,매곡로 93,,-,-
광주광역시 북구 매곡동,214-1,214,1,대화,59.31,202110,5,"10,300",20,1991,매곡로86번길 2,20211013,-,-
광주광역시 북구 매곡동,214-1,214,1,대화,59.31,202110,6,"10,300",4,1991,매곡로86번길 2,,-,-
광주광역시 북구 매곡동,214-1,214,1,대화,59.31,202110,13,"10,300",20,1991,매곡로86번길 2,,-,-
광주광역시 북구 매곡동,214-1,214,1,대화,59.31,202110,14,"9,370",10,1991,매곡로86번길 2,,-,-
광주광역시 북구 매곡동,214-1,214,1,대화,59.31,202110,29,"10,500",16,1991,매곡로86번길 2,,-,-
광주광역시 북구 매곡동,01월 28일,28,1,동남맨션,84.99,202110,18,"15,600",3,1990,설죽로315번길 11,,-,-
광주광역시 북구 매곡동,494,494,0,매곡대광로제비앙,80.3123,202110,26,"33,700",14,2017,하백로6번길 12,,-,-
광주광역시 북구 매곡동,280-1,280,1,부림1,59.79,202110,1,"10,000",1,1995,하백로46번길 9,,-,-
광주광역시 북구 매곡동,280-1,280,1,부림1,59.79,202110,2,"12,000",19,1995,하백로46번길 9,,-,-
광주광역시 북구 매곡동,280-1,280,1,부림1,59.79,202110,2,"9,500",6,1995,하백로46번길 9,,-,-
광주광역시 북구 매곡동,280-1,280,1,부림1,59.79,202110,16,"11,500",20,1995,하백로46번길 9,,-,-
광주광역시 북구 매곡동,280-1,280,1,부림1,59.79,202110,25,"9,000",5,1995,하백로46번길 9,,-,-
광주광역시 북구 매곡동,Feb-42,42,2,삼익,126.84,202110,6,"27,000",19,1992,매곡로 37,,-,-
광주광역시 북구 매곡동,Feb-42,42,2,삼익,84.87,202110,20,"18,400",18,1992,매곡로 37,,-,-
광주광역시 북구 매곡동,215-2,215,2,서강프라자,59.95,202110,5,"11,350",7,1995,어매마을길17번길 16,,-,-
광주광역시 북구 매곡동,215-2,215,2,서강프라자,59.95,202110,7,"10,600",5,1995,어매마을길17번길 16,,-,-
광주광역시 북구 매곡동,215-2,215,2,서강프라자,59.95,202110,7,"11,500",8,1995,어매마을길17번길 16,,-,-
광주광역시 북구 매곡동,215-2,215,2,서강프라자,59.95,202110,18,"10,000",5,1995,어매마을길17번길 16,,-,-
광주광역시 북구 매곡동,290,290,0,서광인텔파크,131.7544,202110,13,"29,500",1,2003,하백로 45,,-,-
광주광역시 북구 매곡동,290,290,0,서광인텔파크,100.0129,202110,18,"37,700",20,2003,하백로 45,,-,-
광주광역시 북구 매곡동,178-7,178,7,아남,84.9,202110,11,"17,600",3,1993,매곡로 92,,-,-
광주광역시 북구 매곡동,214-12,214,12,호반,58.68,202110,23,"11,200",15,1991,매곡로 60,,-,-
광주광역시 북구 매곡동,214-12,214,12,호반,48.87,202110,26,"8,800",9,1991,매곡로 60,,-,-
광주광역시 북구 매곡동,214-10,214,10,호반2,59.95,202110,5,"11,000",17,1995,매곡로 64,,-,-
광주광역시 북구 매곡동,214-10,214,10,호반2,59.95,202110,5,"11,000",9,1995,매곡로 64,,-,-
광주광역시 북구 매곡동,214-10,214,10,호반2,59.95,202110,5,"11,000",3,1995,매곡로 64,,-,-
광주광역시 북구 매곡동,214-10,214,10,호반2,59.95,202110,6,"11,500",19,1995,매곡로 64,,-,-
광주광역시 북구 매곡동,214-10,214,10,호반2,59.95,202110,7,"11,200",15,1995,매곡로 64,,-,-
광주광역시 북구 매곡동,214-10,214,10,호반2,59.95,202110,7,"10,000",8,1995,매곡로 64,,-,-
광주광역시 북구 매곡동,214-10,214,10,호반2,59.95,202110,11,"10,950",17,1995,매곡로 64,20211026,-,-
광주광역시 북구 매곡동,214-10,214,10,호반2,59.95,202110,11,"10,950",17,1995,매곡로 64,,-,-
광주광역시 북구 매곡동,214-10,214,10,호반2,59.95,202110,18,"10,800",12,1995,매곡로 64,,-,-
광주광역시 북구 매곡동,214-10,214,10,호반2,59.95,202110,21,"11,000",4,1995,매곡로 64,,-,-
광주광역시 북구 매곡동,214-10,214,10,호반2,59.95,202110,29,"11,000",17,1995,매곡로 64,,-,-
광주광역시 북구 문흥동,996-2,996,2,공간,59.97,202110,15,"15,200",2,1994,문산로 65,,-,-
광주광역시 북구 문흥동,996-2,996,2,공간,59.97,202110,16,"14,400",3,1994,문산로 65,,-,-
광주광역시 북구 문흥동,1010-1,1010,1,광명,59.965,202110,12,"12,800",3,1994,천지인로173번길 22,,-,-
광주광역시 북구 문흥동,273,273,0,금형트리뷰,84.87,202110,4,"19,100",4,2006,문화소통로 313,,-,-
광주광역시 북구 문흥동,273,273,0,금형트리뷰,84.87,202110,16,"23,700",3,2006,문화소통로 313,,-,-
광주광역시 북구 문흥동,972-1,972,1,금호,84.84,202110,15,"23,300",5,1995,문산로 99,,-,-
광주광역시 북구 문흥동,919,919,0,대주1,59.86,202110,2,"8,500",10,1988,평교로 42,,-,-
광주광역시 북구 문흥동,919,919,0,대주1,59.86,202110,8,"9,200",5,1988,평교로 42,,-,-
광주광역시 북구 문흥동,919,919,0,대주1,59.76,202110,13,"9,450",12,1988,평교로 42,,-,-
광주광역시 북구 문흥동,919,919,0,대주1,59.76,202110,14,"10,500",4,1988,평교로 42,,-,-
광주광역시 북구 문흥동,919,919,0,대주1,59.86,202110,18,"9,000",1,1988,평교로 42,,-,-
광주광역시 북구 문흥동,919,919,0,대주1,30.33,202110,19,"5,400",12,1988,평교로 42,,-,-
광주광역시 북구 문흥동,919,919,0,대주1,48.33,202110,19,"8,900",3,1988,평교로 42,,-,-
광주광역시 북구 문흥동,919,919,0,대주1,37.08,202110,30,"5,500",10,1988,평교로 42,,-,-
광주광역시 북구 문흥동,920,920,0,대주2,49.98,202110,7,"8,000",12,1988,평교로 45,,-,-
광주광역시 북구 문흥동,920,920,0,대주2,54.48,202110,9,"10,200",10,1988,평교로 45,,-,-
광주광역시 북구 문흥동,920,920,0,대주2,59.91,202110,12,"9,450",10,1988,평교로 45,,-,-
광주광역시 북구 문흥동,920,920,0,대주2,59.91,202110,16,"11,200",4,1988,평교로 45,,-,-
광주광역시 북구 문흥동,920,920,0,대주2,59.91,202110,20,"9,950",14,1988,평교로 45,,-,-
광주광역시 북구 문흥동,920,920,0,대주2,59.91,202110,26,"8,400",5,1988,평교로 45,,-,-
광주광역시 북구 문흥동,921,921,0,대주3,84.9685,202110,2,"15,500",2,1988,평교로 40,,-,-
광주광역시 북구 문흥동,921,921,0,대주3,84.9685,202110,12,"15,400",1,1988,평교로 40,,-,-
광주광역시 북구 문흥동,921,921,0,대주3,84.9685,202110,17,"15,400",2,1988,평교로 40,,-,-
광주광역시 북구 문흥동,996-3,996,3,라인,59.97,202110,1,"12,630",19,1994,문산로 61,,-,-
광주광역시 북구 문흥동,996-3,996,3,라인,59.965,202110,5,"13,700",4,1994,문산로 61,20211028,-,-
광주광역시 북구 문흥동,996-3,996,3,라인,59.965,202110,5,"13,700",4,1994,문산로 61,,-,-
광주광역시 북구 문흥동,996-3,996,3,라인,59.97,202110,19,"14,300",19,1994,문산로 61,,-,-
광주광역시 북구 문흥동,996-3,996,3,라인,59.965,202110,25,"13,750",2,1994,문산로 61,,-,-
광주광역시 북구 문흥동,1010-6,1010,6,라인3,59.99,202110,11,"14,800",12,1994,문산로 7,,-,-
광주광역시 북구 문흥동,1010-6,1010,6,라인3,59.99,202110,17,"13,500",15,1994,문산로 7,,-,-
광주광역시 북구 문흥동,1010-6,1010,6,라인3,59.99,202110,25,"14,000",2,1994,문산로 7,,-,-
광주광역시 북구 문흥동,995-6,995,6,모아맨션,84.99,202110,12,"21,200",9,1994,문산로 40,,-,-
광주광역시 북구 문흥동,995-6,995,6,모아맨션,84.96,202110,23,"22,300",9,1994,문산로 40,,-,-
광주광역시 북구 문흥동,1011-2,1011,2,문흥동대주3,49.95,202110,7,"10,000",10,1994,서하로 416,,-,-
광주광역시 북구 문흥동,1011-2,1011,2,문흥동대주3,49.97,202110,28,"10,800",12,1994,서하로 416,,-,-
광주광역시 북구 문흥동,1011-5,1011,5,문흥상록,59.802,202110,2,"14,500",6,1997,문산로 20,,-,-
광주광역시 북구 문흥동,1011-5,1011,5,문흥상록,59.802,202110,6,"14,100",5,1997,문산로 20,,-,-
광주광역시 북구 문흥동,1011-5,1011,5,문흥상록,59.802,202110,6,"13,500",17,1997,문산로 20,,-,-
광주광역시 북구 문흥동,1011-5,1011,5,문흥상록,59.802,202110,11,"13,500",7,1997,문산로 20,,-,-
광주광역시 북구 문흥동,1011-5,1011,5,문흥상록,59.802,202110,13,"11,500",1,1997,문산로 20,,-,-
광주광역시 북구 문흥동,1011-5,1011,5,문흥상록,59.802,202110,13,"15,500",8,1997,문산로 20,,-,-
광주광역시 북구 문흥동,1011-5,1011,5,문흥상록,59.802,202110,15,"15,500",13,1997,문산로 20,,-,-
광주광역시 북구 문흥동,1011-5,1011,5,문흥상록,59.802,202110,16,"14,900",16,1997,문산로 20,,-,-
광주광역시 북구 문흥동,1011-5,1011,5,문흥상록,59.802,202110,22,"15,500",12,1997,문산로 20,,-,-
광주광역시 북구 문흥동,1011-5,1011,5,문흥상록,59.802,202110,22,"14,400",8,1997,문산로 20,,-,-
광주광역시 북구 문흥동,1011-5,1011,5,문흥상록,59.802,202110,28,"13,100",1,1997,문산로 20,,-,-
광주광역시 북구 문흥동,1010-7,1010,7,문흥제일파크,49.95,202110,1,"8,150",9,1994,천지인로 191,,-,-
광주광역시 북구 문흥동,1010-7,1010,7,문흥제일파크,49.95,202110,6,"10,500",2,1994,천지인로 191,,-,-
광주광역시 북구 문흥동,1010-7,1010,7,문흥제일파크,49.95,202110,7,"10,900",9,1994,천지인로 191,,-,-
광주광역시 북구 문흥동,1010-7,1010,7,문흥제일파크,49.95,202110,13,"11,850",6,1994,천지인로 191,20211020,-,-
광주광역시 북구 문흥동,1010-7,1010,7,문흥제일파크,49.95,202110,13,"11,850",6,1994,천지인로 191,,-,-
광주광역시 북구 문흥동,996-1,996,1,우미,49.96,202110,1,"8,550",6,1994,대천로 160,,-,-
광주광역시 북구 문흥동,996-1,996,1,우미,49.96,202110,7,"11,400",6,1994,대천로 160,,-,-
광주광역시 북구 문흥동,996-1,996,1,우미,49.96,202110,16,"11,800",9,1994,대천로 160,,-,-
광주광역시 북구 문흥동,996-1,996,1,우미,49.96,202110,19,"9,300",4,1994,대천로 160,,-,-
광주광역시 북구 문흥동,995-2,995,2,우미2,84.87,202110,16,"18,700",17,1994,문산로62번길 20,,-,-
광주광역시 북구 문흥동,1010-2,1010,2,일신,59.99,202110,2,"13,300",15,1994,대천로 124-4,,-,-
광주광역시 북구 문흥동,1010-2,1010,2,일신,59.99,202110,17,"13,800",5,1994,대천로 124-4,,-,-
광주광역시 북구 문흥동,1010-2,1010,2,일신,59.99,202110,20,"14,500",3,1994,대천로 124-4,,-,-
광주광역시 북구 문흥동,1010-2,1010,2,일신,59.99,202110,22,"15,500",17,1994,대천로 124-4,,-,-
광주광역시 북구 문흥동,1010-2,1010,2,일신,59.99,202110,22,"15,500",6,1994,대천로 124-4,,-,-
광주광역시 북구 문흥동,787-1,787,1,주공,59.39,202110,8,"17,600",11,1990,면앙로31번길 10,,-,-
광주광역시 북구 문흥동,787-1,787,1,주공,58.01,202110,12,"18,700",6,1990,면앙로31번길 10,,-,-
광주광역시 북구 문흥동,995-3,995,3,중흥파크맨션1,84.99,202110,22,"19,400",13,1994,서하로 417,,-,-
광주광역시 북구 문흥동,1011-1,1011,1,중흥파크맨션2,59.97,202110,1,"14,000",8,1994,문산로 30,,-,-
광주광역시 북구 문흥동,1011-1,1011,1,중흥파크맨션2,59.965,202110,2,"14,000",1,1994,문산로 30,,-,-
광주광역시 북구 문흥동,1011-1,1011,1,중흥파크맨션2,59.97,202110,19,"9,950",1,1994,문산로 30,,-,-
광주광역시 북구 문흥동,1010-8,1010,8,중흥파크맨션3,59.965,202110,6,"13,000",1,1994,천지인로173번길 10,,-,-
광주광역시 북구 문흥동,1010-8,1010,8,중흥파크맨션3,59.965,202110,6,"14,200",13,1994,천지인로173번길 10,,-,-
광주광역시 북구 문흥동,1010-8,1010,8,중흥파크맨션3,59.965,202110,20,"15,300",14,1994,천지인로173번길 10,,-,-
광주광역시 북구 문흥동,1010-8,1010,8,중흥파크맨션3,59.965,202110,30,"14,150",13,1994,천지인로173번길 10,,-,-
광주광역시 북구 문흥동,995-1,995,1,해광,84.96,202110,2,"22,000",14,1994,문산로 58,,-,-
광주광역시 북구 문흥동,971-1,971,1,현대2,84.97,202110,9,"27,000",16,1995,대천로 195,,-,-
광주광역시 북구 문흥동,971-1,971,1,현대2,84.97,202110,19,"25,100",17,1995,대천로 195,,-,-
광주광역시 북구 본촌동,2866,2866,0,베스트클래스아파트,71.0616,202110,12,"25,500",9,2017,본촌마을길 178,,-,-
광주광역시 북구 본촌동,3077,3077,0,부영사랑으로,84.9931,202110,3,"30,500",19,2007,양산택지소로 30,,-,-
광주광역시 북구 본촌동,3077,3077,0,부영사랑으로,84.9931,202110,28,"31,800",11,2007,양산택지소로 30,,-,-
광주광역시 북구 본촌동,3078,3078,0,양산지구현진에버빌,84.53,202110,16,"40,500",12,2006,양산택지소로 20,,-,-
광주광역시 북구 본촌동,3102,3102,0,힐스테이트본촌,84.9976,202110,3,"58,000",20,2019,본촌마을길 157-22,,-,-
광주광역시 북구 본촌동,3102,3102,0,힐스테이트본촌,64.8467,202110,14,"47,500",10,2019,본촌마을길 157-22,,-,-
광주광역시 북구 본촌동,3102,3102,0,힐스테이트본촌,84.9976,202110,15,"57,000",9,2019,본촌마을길 157-22,,-,-
광주광역시 북구 본촌동,3102,3102,0,힐스테이트본촌,84.9976,202110,15,"58,500",3,2019,본촌마을길 157-22,,-,-
광주광역시 북구 본촌동,3102,3102,0,힐스테이트본촌,84.9976,202110,17,"58,800",17,2019,본촌마을길 157-22,,-,-
광주광역시 북구 본촌동,3102,3102,0,힐스테이트본촌,68.0045,202110,18,"43,500",8,2019,본촌마을길 157-22,,-,-
광주광역시 북구 본촌동,3102,3102,0,힐스테이트본촌,68.0045,202110,23,"44,000",2,2019,본촌마을길 157-22,,-,-
광주광역시 북구 본촌동,3102,3102,0,힐스테이트본촌,84.9976,202110,25,"58,250",11,2019,본촌마을길 157-22,,-,-
광주광역시 북구 본촌동,3102,3102,0,힐스테이트본촌,84.9976,202110,25,"58,800",15,2019,본촌마을길 157-22,,-,-
광주광역시 북구 본촌동,3102,3102,0,힐스테이트본촌,84.9976,202110,28,"60,000",6,2019,본촌마을길 157-22,,-,-
광주광역시 북구 본촌동,3102,3102,0,힐스테이트본촌,84.9976,202110,29,"50,300",14,2019,본촌마을길 157-22,,-,-
광주광역시 북구 북동,59,59,0,정한파인시티,47.3,202110,1,"26,800",13,2017,금재로36번길 41,,-,-
광주광역시 북구 삼각동,672,672,0,극동마이다스빌,84.9778,202110,13,"15,200",5,2001,설죽로389번길 33,,-,-
광주광역시 북구 삼각동,672,672,0,극동마이다스빌,84.9778,202110,21,"15,700",1,2001,설죽로389번길 33,,-,-
광주광역시 북구 삼각동,753-3,753,3,드림네스트삼각2차,72.5131,202110,16,"18,400",5,2018,우치로 345,,-,-
광주광역시 북구 삼각동,755-16,755,16,모아호반,59.79,202110,1,"13,000",7,1995,설죽로370번길 27,,-,-
광주광역시 북구 삼각동,533,533,0,삼각동그린타운,84.51,202110,2,"23,700",15,1997,설죽로389번길 70,,-,-
광주광역시 북구 삼각동,533,533,0,삼각동그린타운,59.82,202110,4,"13,700",1,1997,설죽로389번길 70,,-,-
광주광역시 북구 삼각동,533,533,0,삼각동그린타운,59.82,202110,12,"14,100",4,1997,설죽로389번길 70,,-,-
광주광역시 북구 삼각동,533,533,0,삼각동그린타운,59.82,202110,20,"14,600",1,1997,설죽로389번길 70,,-,-
광주광역시 북구 삼각동,533,533,0,삼각동그린타운,59.82,202110,28,"17,200",15,1997,설죽로389번길 70,,-,-
광주광역시 북구 삼각동,533,533,0,삼각동그린타운,59.82,202110,29,"16,000",12,1997,설죽로389번길 70,,-,-
광주광역시 북구 삼각동,753-10,753,10,삼각동서라,59.965,202110,23,"13,400",13,1995,우치로347번길 15,,-,-
광주광역시 북구 삼각동,755-17,755,17,삼익,84.81,202110,1,"17,300",9,1990,설죽로370번길 15,,-,-
광주광역시 북구 삼각동,755-17,755,17,삼익,84.87,202110,3,"16,600",8,1990,설죽로370번길 15,,-,-
광주광역시 북구 삼각동,755-17,755,17,삼익,84.81,202110,16,"18,000",11,1990,설죽로370번길 15,,-,-
광주광역시 북구 삼각동,755-17,755,17,삼익,84.87,202110,27,"16,800",3,1990,설죽로370번길 15,,-,-
광주광역시 북구 삼각동,839,839,0,신일곡골드클래스,75.9006,202110,7,"48,300",18,2018,설죽로 416,,-,-
광주광역시 북구 삼각동,839,839,0,신일곡골드클래스,75.9006,202110,9,"48,200",11,2018,설죽로 416,,-,-
광주광역시 북구 삼각동,839,839,0,신일곡골드클래스,75.9006,202110,23,"48,800",6,2018,설죽로 416,,-,-
광주광역시 북구 삼각동,835,835,0,일곡엘리체프라임,84.9613,202110,16,"52,000",5,2016,설죽로 419,,-,-
광주광역시 북구 삼각동,755-22,755,22,호반,42.51,202110,2,"7,300",14,1990,설죽로370번길 7,,-,-
광주광역시 북구 삼각동,755-22,755,22,호반,42.51,202110,20,"7,300",9,1990,설죽로370번길 7,,-,-
광주광역시 북구 신안동,125-1,125,1,부강아트빌,27.75,202110,15,"3,650",8,2002,자미로10번길 33,20211023,-,-
광주광역시 북구 신안동,491-1,491,1,신안다이아빌,75.47,202110,8,"16,300",6,2004,무등로111번길 30,,-,-
광주광역시 북구 신안동,351-11,351,11,중흥파크맨션,59.37,202110,22,"9,800",3,1986,서암대로 66,,-,-
광주광역시 북구 신안동,353-24,353,24,한국하이빌,84.8434,202110,11,"23,200",13,2003,서암대로76번길 9,,-,-
광주광역시 북구 신용동,737,737,0,광주첨단2지구사랑으로부영,84.3616,202110,7,"43,400",5,2013,첨단연신로 166,,-,-
광주광역시 북구 신용동,675,675,0,광주첨단2지구호반베르디움1단지,84.9751,202110,7,"59,900",3,2014,첨단연신로133번길 8,,-,-
광주광역시 북구 신용동,675,675,0,광주첨단2지구호반베르디움1단지,84.9839,202110,19,"72,700",20,2014,첨단연신로133번길 8,,-,-
광주광역시 북구 신용동,684,684,0,광주첨단2지구호반베르디움2단지,84.984,202110,8,"59,500",7,2013,첨단연신로133번길 7,,-,-
광주광역시 북구 신용동,684,684,0,광주첨단2지구호반베르디움2단지,84.984,202110,16,"60,000",6,2013,첨단연신로133번길 7,,-,-
광주광역시 북구 신용동,684,684,0,광주첨단2지구호반베르디움2단지,84.9419,202110,18,"53,000",9,2013,첨단연신로133번길 7,,-,-
광주광역시 북구 신용동,684,684,0,광주첨단2지구호반베르디움2단지,84.984,202110,18,"63,000",4,2013,첨단연신로133번길 7,,-,-
광주광역시 북구 신용동,643-1,643,1,용두주공,59.99,202110,2,"18,500",11,1998,임방울대로1041번길 15,,-,-
광주광역시 북구 신용동,643-1,643,1,용두주공,59.99,202110,2,"18,000",8,1998,임방울대로1041번길 15,,-,-
광주광역시 북구 신용동,643-1,643,1,용두주공,59.99,202110,5,"16,500",12,1998,임방울대로1041번길 15,,-,-
광주광역시 북구 신용동,643-1,643,1,용두주공,59.99,202110,7,"18,000",17,1998,임방울대로1041번길 15,,-,-
광주광역시 북구 신용동,643-1,643,1,용두주공,59.99,202110,7,"15,500",2,1998,임방울대로1041번길 15,,-,-
광주광역시 북구 신용동,643-1,643,1,용두주공,59.99,202110,9,"16,900",10,1998,임방울대로1041번길 15,,-,-
광주광역시 북구 신용동,643-1,643,1,용두주공,59.99,202110,16,"18,950",18,1998,임방울대로1041번길 15,,-,-
광주광역시 북구 신용동,643-1,643,1,용두주공,59.99,202110,16,"17,700",5,1998,임방울대로1041번길 15,20211029,-,-
광주광역시 북구 신용동,643-1,643,1,용두주공,59.99,202110,16,"17,700",5,1998,임방울대로1041번길 15,,-,-
광주광역시 북구 신용동,643-1,643,1,용두주공,59.99,202110,16,"18,200",4,1998,임방울대로1041번길 15,,-,-
광주광역시 북구 신용동,643-1,643,1,용두주공,59.99,202110,22,"17,900",10,1998,임방울대로1041번길 15,,-,-
광주광역시 북구 신용동,643-1,643,1,용두주공,59.99,202110,23,"20,000",19,1998,임방울대로1041번길 15,,-,-
광주광역시 북구 신용동,671,671,0,첨단2지구중흥에스-클래스,84.9946,202110,6,"61,900",2,2015,첨단연신로 217,,-,-
광주광역시 북구 신용동,671,671,0,첨단2지구중흥에스-클래스,84.9946,202110,8,"66,300",17,2015,첨단연신로 217,,-,-
광주광역시 북구 신용동,671,671,0,첨단2지구중흥에스-클래스,84.9976,202110,9,"67,200",13,2015,첨단연신로 217,,-,-
광주광역시 북구 신용동,671,671,0,첨단2지구중흥에스-클래스,106.7627,202110,25,"100,500",25,2015,첨단연신로 217,,-,-
광주광역시 북구 신용동,671,671,0,첨단2지구중흥에스-클래스,84.9976,202110,30,"65,800",9,2015,첨단연신로 217,,-,-
광주광역시 북구 신용동,549,549,0,첨단자이1단지,164.598,202110,2,"81,000",10,2010,임방울대로1042번길 14-1,,-,-
광주광역시 북구 신용동,549,549,0,첨단자이1단지,84.9893,202110,8,"51,000",2,2010,임방울대로1042번길 14-1,,-,-
광주광역시 북구 신용동,549,549,0,첨단자이1단지,164.598,202110,14,"83,200",6,2010,임방울대로1042번길 14-1,,-,-
광주광역시 북구 신용동,863,863,0,첨단자이2차,84.9442,202110,23,"55,500",7,2012,임방울대로 1020,,-,-
광주광역시 북구 신용동,651,651,0,한양수자인리버뷰,65.6043,202110,1,"44,950",5,2014,첨단연신로 184,,-,-
광주광역시 북구 신용동,651,651,0,한양수자인리버뷰,65.6043,202110,15,"46,800",15,2014,첨단연신로 184,,-,-
광주광역시 북구 신용동,651,651,0,한양수자인리버뷰,65.5173,202110,23,"43,500",25,2014,첨단연신로 184,,-,-
광주광역시 북구 양산동,611-7,611,7,금광,59.9,202110,19,"11,900",4,1996,하서로241번길 16,,-,-
광주광역시 북구 양산동,209-17,209,17,동남맨션2,52.05,202110,19,"8,500",7,1991,상촌로15번길 2,,-,-
광주광역시 북구 양산동,209-17,209,17,동남맨션2,59.7,202110,21,"9,500",11,1991,상촌로15번길 2,,-,-
광주광역시 북구 양산동,209-17,209,17,동남맨션2,59.7,202110,21,"9,700",12,1991,상촌로15번길 2,,-,-
광주광역시 북구 양산동,209-17,209,17,동남맨션2,59.7,202110,24,"9,700",2,1991,상촌로15번길 2,,-,-
광주광역시 북구 양산동,209-17,209,17,동남맨션2,59.7,202110,30,"10,000",11,1991,상촌로15번길 2,,-,-
광주광역시 북구 양산동,249-33,249,33,동남맨션3,47.61,202110,2,"7,400",17,1993,효열로35번길 35,,-,-
광주광역시 북구 양산동,249-33,249,33,동남맨션3,59.7,202110,12,"8,550",6,1993,효열로35번길 35,,-,-
광주광역시 북구 양산동,249-33,249,33,동남맨션3,47.61,202110,16,"7,300",7,1993,효열로35번길 35,,-,-
광주광역시 북구 양산동,249-33,249,33,동남맨션3,52.05,202110,18,"7,500",1,1993,효열로35번길 35,,-,-
광주광역시 북구 양산동,249-33,249,33,동남맨션3,59.7,202110,21,"10,000",17,1993,효열로35번길 35,,-,-
광주광역시 북구 양산동,804,804,0,마루힐센트럴파크,47.3,202110,19,"13,400",12,2016,양산택지로37번길 51,,-,-
광주광역시 북구 양산동,1148,1148,0,송지트리뷰,84.8915,202110,6,"30,500",8,2008,연양로117번길 10,,-,-
광주광역시 북구 양산동,1151,1151,0,양산동고운하이플러스,75.7323,202110,11,"31,500",12,2015,연양로 125,,-,-
광주광역시 북구 양산동,943,943,0,올리브,79.175,202110,2,"20,000",8,2017,양산택지로37번길 78,,-,-
광주광역시 북구 양산동,209-8,209,8,우미,49.77,202110,1,"9,000",11,1992,상촌로 24,,-,-
광주광역시 북구 양산동,209-8,209,8,우미,49.77,202110,7,"10,600",20,1992,상촌로 24,,-,-
광주광역시 북구 양산동,209-8,209,8,우미,49.77,202110,10,"9,000",14,1992,상촌로 24,,-,-
광주광역시 북구 양산동,209-8,209,8,우미,49.77,202110,14,"10,500",9,1992,상촌로 24,,-,-
광주광역시 북구 양산동,209-8,209,8,우미,49.77,202110,14,"9,200",10,1992,상촌로 24,,-,-
광주광역시 북구 양산동,209-8,209,8,우미,49.77,202110,15,"11,600",14,1992,상촌로 24,,-,-
광주광역시 북구 양산동,209-8,209,8,우미,49.77,202110,20,"7,800",1,1992,상촌로 24,,-,-
광주광역시 북구 양산동,209-8,209,8,우미,49.77,202110,21,"9,200",2,1992,상촌로 24,,-,-
광주광역시 북구 양산동,209-8,209,8,우미,49.77,202110,21,"10,300",20,1992,상촌로 24,,-,-
광주광역시 북구 양산동,209-8,209,8,우미,49.77,202110,21,"10,500",13,1992,상촌로 24,,-,-
광주광역시 북구 양산동,205-1,205,1,일신1차,59.785,202110,4,"16,000",5,1996,양산택지로79번길 15,,-,-
광주광역시 북구 양산동,205-1,205,1,일신1차,59.785,202110,9,"13,800",13,1996,양산택지로79번길 15,,-,-
광주광역시 북구 양산동,205-1,205,1,일신1차,59.785,202110,17,"16,700",11,1996,양산택지로79번길 15,,-,-
광주광역시 북구 양산동,205-1,205,1,일신1차,59.785,202110,18,"13,300",2,1996,양산택지로79번길 15,,-,-
광주광역시 북구 양산동,205-1,205,1,일신1차,59.785,202110,20,"14,900",13,1996,양산택지로79번길 15,,-,-
광주광역시 북구 양산동,205-1,205,1,일신1차,59.785,202110,25,"13,400",6,1996,양산택지로79번길 15,,-,-
광주광역시 북구 양산동,205-6,205,6,일신2차,59.985,202110,6,"13,100",11,1997,상촌로43번길 30,,-,-
광주광역시 북구 양산동,205-6,205,6,일신2차,59.985,202110,7,"11,400",3,1997,상촌로43번길 30,,-,-
광주광역시 북구 양산동,205-6,205,6,일신2차,59.985,202110,14,"13,400",11,1997,상촌로43번길 30,,-,-
광주광역시 북구 양산동,205-6,205,6,일신2차,59.985,202110,25,"13,000",16,1997,상촌로43번길 30,,-,-
광주광역시 북구 양산동,776,776,0,지에스그린자이1차,133.4603,202110,7,"53,500",1,2006,양산로71번길 10,,-,-
광주광역시 북구 양산동,930,930,0,지에스그린자이2차,153.5295,202110,2,"60,000",6,2006,양산택지로34번길 22,,-,-
광주광역시 북구 양산동,101,101,0,청암프로스빌,59.97,202110,3,"9,550",15,1998,자라봉로 33,,-,-
광주광역시 북구 양산동,101,101,0,청암프로스빌,59.97,202110,5,"8,700",12,1998,자라봉로 33,,-,-
광주광역시 북구 양산동,101,101,0,청암프로스빌,59.97,202110,8,"9,500",15,1998,자라봉로 33,,-,-
광주광역시 북구 양산동,101,101,0,청암프로스빌,59.97,202110,11,"9,000",3,1998,자라봉로 33,,-,-
광주광역시 북구 양산동,101,101,0,청암프로스빌,59.97,202110,18,"10,500",14,1998,자라봉로 33,,-,-
광주광역시 북구 양산동,101,101,0,청암프로스빌,59.97,202110,18,"10,300",13,1998,자라봉로 33,,-,-
광주광역시 북구 양산동,101,101,0,청암프로스빌,59.97,202110,21,"9,800",6,1998,자라봉로 33,,-,-
광주광역시 북구 양산동,101,101,0,청암프로스빌,59.97,202110,27,"9,300",15,1998,자라봉로 33,,-,-
광주광역시 북구 양산동,101,101,0,청암프로스빌,49.77,202110,29,"7,850",1,1998,자라봉로 33,,-,-
광주광역시 북구 양산동,355,355,0,한국,84.93,202110,7,"19,500",15,1997,양산제로 3,,-,-
광주광역시 북구 양산동,355,355,0,한국,84.93,202110,16,"18,700",16,1997,양산제로 3,,-,-
광주광역시 북구 양산동,288-15,288,15,호반,37.83,202110,5,"7,250",13,1997,연양로28번길 27,,-,-
광주광역시 북구 양산동,288-15,288,15,호반,37.83,202110,9,"7,800",4,1997,양산제로137번길 7,,-,-
광주광역시 북구 양산동,288-15,288,15,호반,37.83,202110,18,"7,800",10,1997,양산제로137번길 7,,-,-
광주광역시 북구 양산동,288-15,288,15,호반,37.83,202110,18,"7,800",8,1997,양산제로137번길 7,,-,-
광주광역시 북구 양산동,03월 18일,18,3,호반리젠시빌,37.479,202110,5,"7,050",1,2000,양산로71번길 33,,-,-
광주광역시 북구 양산동,03월 18일,18,3,호반리젠시빌,37.479,202110,12,"8,000",3,2000,양산로71번길 33,,-,-
광주광역시 북구 양산동,03월 18일,18,3,호반리젠시빌,37.479,202110,15,"8,200",13,2000,양산로71번길 33,,-,-
광주광역시 북구 양산동,03월 18일,18,3,호반리젠시빌,37.479,202110,18,"7,200",17,2000,양산로71번길 33,,-,-
광주광역시 북구 양산동,03월 18일,18,3,호반리젠시빌,37.479,202110,27,"7,810",6,2000,양산로71번길 33,,-,-
광주광역시 북구 양산동,03월 18일,18,3,호반리젠시빌,84.6862,202110,27,"25,300",3,2000,양산로71번길 33,,-,-
광주광역시 북구 연제동,02월 02일,2,2,광명,42.51,202110,15,"7,000",7,1989,효열로 7,,-,-
광주광역시 북구 연제동,02월 07일,2,7,광명2차,59.97,202110,2,"9,300",3,1998,효열로 13,,-,-
광주광역시 북구 연제동,02월 07일,2,7,광명2차,59.97,202110,5,"9,500",20,1998,효열로 13,,-,-
광주광역시 북구 연제동,01월 31일,31,1,새한A,59.95,202110,1,"8,600",3,1996,양산제로 50,,-,-
광주광역시 북구 연제동,01월 31일,31,1,새한A,59.95,202110,12,"8,000",1,1996,양산제로 50,,-,-
광주광역시 북구 연제동,01월 31일,31,1,새한A,59.95,202110,20,"9,500",8,1996,양산제로 50,,-,-
광주광역시 북구 연제동,01월 31일,31,1,새한A,59.95,202110,21,"8,400",1,1996,양산제로 50,,-,-
광주광역시 북구 연제동,01월 31일,31,1,새한A,59.95,202110,26,"9,900",6,1996,양산제로 50,,-,-
광주광역시 북구 연제동,1009,1009,0,연제2차대주피오레,84.8728,202110,1,"34,100",1,2007,양일로 52,,-,-
광주광역시 북구 연제동,1009,1009,0,연제2차대주피오레,84.8728,202110,14,"34,950",9,2007,양일로 52,,-,-
광주광역시 북구 연제동,1109,1109,0,연제대광로제비앙,84.6216,202110,2,"40,700",10,2014,양일1로 52,,-,-
광주광역시 북구 연제동,1109,1109,0,연제대광로제비앙,105.6416,202110,8,"48,600",9,2014,양일1로 52,20211023,-,-
광주광역시 북구 연제동,1109,1109,0,연제대광로제비앙,84.6216,202110,12,"42,000",12,2014,양일1로 52,,-,-
광주광역시 북구 연제동,1109,1109,0,연제대광로제비앙,84.6216,202110,20,"41,500",7,2014,양일1로 52,,-,-
광주광역시 북구 연제동,1111,1111,0,연제동고운하이플러스아파트,73.4639,202110,1,"31,000",1,2017,양산제로 76,,-,-
광주광역시 북구 연제동,1111,1111,0,연제동고운하이플러스아파트,73.4639,202110,9,"38,500",12,2017,양산제로 76,,-,-
광주광역시 북구 연제동,1111,1111,0,연제동고운하이플러스아파트,73.4639,202110,9,"37,500",10,2017,양산제로 76,,-,-
광주광역시 북구 연제동,1111,1111,0,연제동고운하이플러스아파트,73.4639,202110,16,"37,500",3,2017,양산제로 76,,-,-
광주광역시 북구 연제동,1116,1116,0,연제동골드클래스,59.9943,202110,2,"35,000",6,2018,양산제로 95,,-,-
광주광역시 북구 연제동,1116,1116,0,연제동골드클래스,69.0696,202110,16,"41,700",12,2018,양산제로 95,,-,-
광주광역시 북구 연제동,Jul-33,33,7,한국아델리움,84.545,202110,4,"24,200",20,2001,양산제로 30,,-,-
광주광역시 북구 연제동,Jul-33,33,7,한국아델리움,84.545,202110,23,"24,500",9,2001,양산제로 30,,-,-
광주광역시 북구 연제동,Jan-36,36,1,현대,84.945,202110,7,"19,000",14,1992,양일로 55,,-,-
광주광역시 북구 연제동,Jan-36,36,1,현대,84.945,202110,9,"17,000",15,1992,양일로 55,,-,-
광주광역시 북구 연제동,Jan-36,36,1,현대,84.945,202110,9,"19,100",3,1992,양일로 55,,-,-
광주광역시 북구 연제동,Jan-36,36,1,현대,71.175,202110,11,"15,000",19,1992,양일로 55,,-,-
광주광역시 북구 연제동,Jan-36,36,1,현대,84.945,202110,28,"19,300",17,1992,양일로 55,,-,-
광주광역시 북구 연제동,288-15,288,15,호반,37.83,202110,30,"7,975",6,1997,연양로28번길 27,,-,-
광주광역시 북구 연제동,1119,1119,0,힐스테이트연제,84.9934,202110,2,"58,500",9,2020,양일1로 31,,-,-
광주광역시 북구 오치동,985-1,985,1,고운,59.58,202110,12,"7,300",4,1993,천지인로105번길 12-2,,-,-
광주광역시 북구 오치동,866-2,866,2,공간,59.83,202110,15,"10,400",8,1994,천지인로 59-1,,-,-
광주광역시 북구 오치동,925-1,925,1,금호타운,84.94,202110,2,"17,200",3,1995,서하로233번길 60,,-,-
광주광역시 북구 오치동,925-1,925,1,금호타운,59.31,202110,4,"11,500",13,1995,서하로233번길 60,,-,-
광주광역시 북구 오치동,925-1,925,1,금호타운,84.94,202110,12,"17,000",9,1995,서하로233번길 60,,-,-
광주광역시 북구 오치동,862-10,862,10,대광아파트,28.98,202110,21,"5,300",7,1998,설죽로336번길 17,,-,-
광주광역시 북구 오치동,762,762,0,대웅,59.91,202110,5,"13,000",10,1996,설죽로 324,,-,-
광주광역시 북구 오치동,872-2,872,2,럭키,84.9,202110,27,"17,500",10,1991,서하로 184,,-,-
광주광역시 북구 오치동,855-9,855,9,로얄타운,73.49,202110,12,"9,500",1,2000,우치로331번길 13,,-,-
광주광역시 북구 오치동,862-9,862,9,삼익,84.98,202110,11,"14,500",1,1991,설죽로320번길 25,,-,-
광주광역시 북구 오치동,862-9,862,9,삼익,73.37,202110,12,"14,800",7,1991,설죽로320번길 25,,-,-
광주광역시 북구 오치동,862-9,862,9,삼익,84.98,202110,23,"18,000",11,1991,설죽로320번길 25,,-,-
광주광역시 북구 오치동,862-9,862,9,삼익,84.98,202110,31,"16,800",6,1991,설죽로320번길 25,,-,-
광주광역시 북구 오치동,972-1,972,1,양지,76.97,202110,3,"14,300",3,1979,우치로241번길 34,,-,-
광주광역시 북구 오치동,862-1,862,1,우성,84.94,202110,4,"15,800",6,1992,서하로183번길 40,,-,-
광주광역시 북구 오치동,862-1,862,1,우성,84.94,202110,13,"16,000",15,1992,서하로183번길 40,,-,-
광주광역시 북구 오치동,1005,1005,0,주공,52.09,202110,5,"10,000",8,1992,서하로194번길 15,,-,-
광주광역시 북구 오치동,1005,1005,0,주공,44.52,202110,7,"8,500",12,1992,서하로194번길 15,,-,-
광주광역시 북구 오치동,1005,1005,0,주공,52.09,202110,11,"12,000",13,1992,서하로194번길 15,,-,-
광주광역시 북구 오치동,1005,1005,0,주공,44.52,202110,11,"6,500",1,1992,서하로194번길 15,,-,-
광주광역시 북구 오치동,1005,1005,0,주공,52.09,202110,15,"10,000",15,1992,서하로194번길 15,,-,-
광주광역시 북구 오치동,1005,1005,0,주공,44.52,202110,17,"10,000",9,1992,서하로194번길 15,,-,-
광주광역시 북구 오치동,1005,1005,0,주공,44.52,202110,27,"10,500",4,1992,서하로194번길 15,,-,-
광주광역시 북구 오치동,1005,1005,0,주공,44.52,202110,27,"7,000",1,1992,서하로194번길 15,,-,-
광주광역시 북구 오치동,1005,1005,0,주공,52.09,202110,28,"10,800",13,1992,서하로194번길 15,,-,-
광주광역시 북구 오치동,881-26,881,26,청암,31.32,202110,8,"3,900",3,1995,우치로311번길 20,,-,-
광주광역시 북구 오치동,881-26,881,26,청암,31.32,202110,9,"3,950",13,1995,우치로311번길 20,,-,-
광주광역시 북구 오치동,881-26,881,26,청암,31.32,202110,17,"4,100",5,1995,우치로311번길 20,,-,-
광주광역시 북구 오치동,05월 07일,5,7,한국아델리움,120.6399,202110,18,"51,500",6,2009,능안로29번길 30,,-,-
광주광역시 북구 오치동,984-2,984,2,혁신타운,59.85,202110,16,"8,000",9,1993,대천로 40,,-,-
광주광역시 북구 오치동,929-1,929,1,혁신타운2,59.78,202110,1,"11,000",16,1995,오문로38번길 1,,-,-
광주광역시 북구 오치동,929-1,929,1,혁신타운2,59.78,202110,8,"11,000",17,1995,오문로38번길 1,,-,-
광주광역시 북구 용두동,1097,1097,0,미래하이클래스,59.9697,202110,8,"22,900",4,2017,하서로483번길 37,,-,-
광주광역시 북구 용두동,296-1,296,1,성진아파트,63.18,202110,1,"22,500",5,1985,상촌로15번길 5,,-,-
광주광역시 북구 용두동,296-1,296,1,성진아파트,63.18,202110,2,"11,000",1,1985,상촌로15번길 5,,-,-
광주광역시 북구 용두동,296-1,296,1,성진아파트,63.18,202110,6,"20,000",1,1985,상촌로15번길 5,,-,-
광주광역시 북구 용두동,296-1,296,1,성진아파트,63.18,202110,8,"14,000",5,1985,상촌로15번길 5,,-,-
광주광역시 북구 용두동,296-1,296,1,성진아파트,63.18,202110,13,"22,500",4,1985,상촌로15번길 5,,-,-
광주광역시 북구 용두동,296-1,296,1,성진아파트,63.18,202110,13,"17,500",3,1985,상촌로15번길 5,,-,-
광주광역시 북구 용두동,296-1,296,1,성진아파트,63.18,202110,13,"22,500",4,1985,상촌로15번길 5,,-,-
광주광역시 북구 용두동,296-1,296,1,성진아파트,62.75,202110,20,"21,300",4,1985,상촌로15번길 5,,-,-
광주광역시 북구 용두동,1096,1096,0,양산진아리채,83.2578,202110,14,"40,000",8,2016,용두택지로 36,,-,-
광주광역시 북구 용두동,330,330,0,양산타운,59.94,202110,12,"18,200",7,1998,하서로423번길 33,,-,-
광주광역시 북구 용두동,1120,1120,0,우방아이유쉘아파트,84.9712,202110,11,"43,800",5,2018,하서로423번길 42,,-,-
광주광역시 북구 용두동,1120,1120,0,우방아이유쉘아파트,74.9646,202110,23,"42,300",3,2018,하서로423번길 42,,-,-
광주광역시 북구 용두동,1120,1120,0,우방아이유쉘아파트,59.8814,202110,28,"26,000",1,2018,하서로423번길 42,,-,-
광주광역시 북구 용두동,1111,1111,0,이안광주첨단아파트,59.98,202110,9,"32,900",1,2017,용두마을길 13,,-,-
광주광역시 북구 용두동,1111,1111,0,이안광주첨단아파트,84.7,202110,9,"53,700",13,2017,용두마을길 13,,-,-
광주광역시 북구 용두동,1111,1111,0,이안광주첨단아파트,59.98,202110,13,"32,800",2,2017,용두마을길 13,,-,-
광주광역시 북구 용두동,1111,1111,0,이안광주첨단아파트,84.7,202110,14,"51,700",10,2017,용두마을길 13,,-,-
광주광역시 북구 용두동,1111,1111,0,이안광주첨단아파트,59.98,202110,17,"36,800",9,2017,용두마을길 13,,-,-
광주광역시 북구 용두동,1111,1111,0,이안광주첨단아파트,84.7,202110,21,"56,000",13,2017,용두마을길 13,,-,-
광주광역시 북구 용두동,1116,1116,0,첨단용두산이고운아파트,84.9607,202110,2,"49,600",4,2018,임방울대로1042번길 17,,-,-
광주광역시 북구 용두동,1123,1123,0,첨단진아리채,84.9821,202110,1,"58,500",11,2020,용두마을2길 12,,-,-
광주광역시 북구 용두동,1123,1123,0,첨단진아리채,84.9821,202110,4,"57,000",16,2020,용두마을2길 12,,-,-
광주광역시 북구 용두동,1123,1123,0,첨단진아리채,84.9821,202110,12,"56,000",18,2020,용두마을2길 12,,-,-
광주광역시 북구 용봉동,11월 05일,11,5,광주맨션,68.13,202110,8,"9,300",4,1983,효산로12번길 25,,-,-
광주광역시 북구 용봉동,842-1,842,1,금호,84.93,202110,5,"15,700",15,1994,저불로69번길 40,,-,-
광주광역시 북구 용봉동,1197-1,1197,1,대신파크맨션,84.54,202110,17,"16,300",6,1993,우치로 179,,-,-
광주광역시 북구 용봉동,1057,1057,0,대주파크빌1차,84.8743,202110,9,"23,800",9,2001,용봉택지로13번길 21,,-,-
광주광역시 북구 용봉동,1057,1057,0,대주파크빌1차,84.8743,202110,24,"22,000",6,2001,용봉택지로13번길 21,,-,-
광주광역시 북구 용봉동,1066,1066,0,대주파크빌2,84.9843,202110,3,"24,000",12,2003,용봉택지로13번길 11,,-,-
광주광역시 북구 용봉동,1150-1,1150,1,대화,59.85,202110,3,"11,100",1,1994,고운로 24-3,,-,-
광주광역시 북구 용봉동,1150-1,1150,1,대화,59.85,202110,23,"12,500",14,1994,고운로 24-3,,-,-
광주광역시 북구 용봉동,1406-1,1406,1,모아미래도,36.0791,202110,4,"9,250",8,2001,저불로 21,,-,-
광주광역시 북구 용봉동,1406-1,1406,1,모아미래도,84.2328,202110,12,"26,000",5,2001,저불로 21,,-,-
광주광역시 북구 용봉동,1406-1,1406,1,모아미래도,36.0791,202110,15,"9,500",10,2001,저불로 21,,-,-
광주광역시 북구 용봉동,973-1,973,1,삼성,84.99,202110,2,"23,300",9,1993,서하로 120,,-,-
광주광역시 북구 용봉동,973-1,973,1,삼성,59.76,202110,5,"12,350",2,1993,서하로 120,,-,-
광주광역시 북구 용봉동,973-1,973,1,삼성,59.76,202110,10,"14,800",6,1993,서하로 120,,-,-
광주광역시 북구 용봉동,850,850,0,신동아,59.65,202110,9,"14,500",20,1998,비엔날레로 112-5,,-,-
광주광역시 북구 용봉동,850,850,0,신동아,84.94,202110,16,"21,200",4,1998,비엔날레로 112-5,,-,-
광주광역시 북구 용봉동,999,999,0,쌍용예가,114.1204,202110,14,"55,800",9,2006,서하로94번길 10,,-,-
광주광역시 북구 용봉동,1075,1075,0,용봉3차대주파크빌,84.5458,202110,3,"31,500",5,2005,용봉택지로 25,,-,-
광주광역시 북구 용봉동,1075,1075,0,용봉3차대주파크빌,84.5458,202110,5,"30,300",19,2005,용봉택지로 25,,-,-
광주광역시 북구 용봉동,1463,1463,0,용봉동금호어울림,102.7879,202110,15,"42,600",11,2005,설죽로279번길 19,,-,-
광주광역시 북구 용봉동,1463,1463,0,용봉동금호어울림,125.5959,202110,15,"46,800",18,2005,설죽로279번길 19,,-,-
광주광역시 북구 용봉동,1463,1463,0,용봉동금호어울림,125.5959,202110,16,"47,250",19,2005,설죽로279번길 19,,-,-
광주광역시 북구 용봉동,1478,1478,0,용봉동아델리움인비엔날레,84.8097,202110,2,"42,500",1,2017,운용로 49,,-,-
광주광역시 북구 용봉동,1478,1478,0,용봉동아델리움인비엔날레,84.8097,202110,4,"48,800",15,2017,운용로 49,,-,-
광주광역시 북구 용봉동,1478,1478,0,용봉동아델리움인비엔날레,84.8097,202110,9,"47,500",7,2017,운용로 49,,-,-
광주광역시 북구 용봉동,1478,1478,0,용봉동아델리움인비엔날레,84.8097,202110,11,"46,000",7,2017,운용로 49,,-,-
광주광역시 북구 용봉동,1478,1478,0,용봉동아델리움인비엔날레,84.8097,202110,16,"44,500",1,2017,운용로 49,,-,-
광주광역시 북구 용봉동,1491,1491,0,용봉동한국아델리움비엔날레2차,65.4333,202110,22,"31,000",13,2021,저불로69번길 24-3,,-,-
광주광역시 북구 용봉동,1465,1465,0,용봉아이파크,151.905,202110,20,"73,000",14,2006,비엔날레로82번길 41,,-,-
광주광역시 북구 용봉동,1474,1474,0,용봉엘리체,84.5816,202110,8,"45,300",5,2013,서하로94번길 60,,-,-
광주광역시 북구 용봉동,1474,1474,0,용봉엘리체,84.5816,202110,24,"47,500",5,2013,서하로94번길 60,,-,-
광주광역시 북구 용봉동,1245,1245,0,우미,84.92,202110,9,"15,000",11,1992,반룡로28번길 16,,-,-
광주광역시 북구 용봉동,1245,1245,0,우미,84.92,202110,26,"15,400",1,1992,반룡로28번길 16,,-,-
광주광역시 북구 용봉동,1076,1076,0,우영,61.21,202110,18,"7,700",6,1994,비엔날레로93번길 31,,-,-
광주광역시 북구 용봉동,1076,1076,0,우영,42.01,202110,23,"6,500",3,1994,비엔날레로93번길 31,,-,-
광주광역시 북구 용봉동,1205-1,1205,1,유창파크맨션,58.08,202110,22,"9,750",14,1994,용주로30번길 100,,-,-
광주광역시 북구 용봉동,405,405,0,유창하이리빙맨션1,49.725,202110,11,"8,500",9,1993,반룡로 57,,-,-
광주광역시 북구 용봉동,405,405,0,유창하이리빙맨션1,59.96,202110,23,"10,200",1,1993,반룡로 57,,-,-
광주광역시 북구 용봉동,403-6,403,6,유창하이리빙맨션2,84.93,202110,9,"13,900",15,1993,반룡로 58,,-,-
광주광역시 북구 용봉동,403-6,403,6,유창하이리빙맨션2,59.92,202110,13,"9,970",8,1993,반룡로 58,,-,-
광주광역시 북구 용봉동,403-6,403,6,유창하이리빙맨션2,84.93,202110,14,"17,300",18,1993,반룡로 58,,-,-
광주광역시 북구 용봉동,403-6,403,6,유창하이리빙맨션2,84.93,202110,15,"17,000",14,1993,반룡로 58,,-,-
광주광역시 북구 용봉동,403-6,403,6,유창하이리빙맨션2,59.92,202110,19,"9,500",1,1993,반룡로 58,,-,-
광주광역시 북구 용봉동,403-6,403,6,유창하이리빙맨션2,84.95,202110,26,"18,500",12,1993,반룡로 58,,-,-
광주광역시 북구 용봉동,403-6,403,6,유창하이리빙맨션2,59.92,202110,28,"8,700",2,1993,반룡로 58,,-,-
광주광역시 북구 용봉동,630,630,0,유창허니문맨션,84.9,202110,15,"13,000",7,1992,설죽로196번길 22,,-,-
광주광역시 북구 용봉동,630,630,0,유창허니문맨션,120.18,202110,22,"18,500",14,1992,설죽로196번길 22,,-,-
광주광역시 북구 용봉동,1035,1035,0,중흥,84.99,202110,23,"19,300",1,1995,비엔날레로 107,,-,-
광주광역시 북구 용봉동,976,976,0,중흥S클래스,84.8358,202110,6,"34,500",7,2003,서하로106번길 25,,-,-
광주광역시 북구 용봉동,976,976,0,중흥S클래스,84.8358,202110,15,"35,000",15,2003,서하로106번길 25,,-,-
광주광역시 북구 용봉동,1074-6,1074,6,한신,59.85,202110,2,"9,800",6,1992,용봉택지로 16,,-,-
광주광역시 북구 용봉동,1074-6,1074,6,한신,59.85,202110,5,"9,400",7,1992,용봉택지로 16,20211021,-,-
광주광역시 북구 용봉동,1074-6,1074,6,한신,59.85,202110,5,"9,400",7,1992,용봉택지로 16,,-,-
광주광역시 북구 용봉동,1468,1468,0,한화꿈에그린,59.9879,202110,13,"25,900",12,2007,용주로30번길 60,,-,-
광주광역시 북구 용봉동,1468,1468,0,한화꿈에그린,84.8797,202110,15,"29,000",17,2007,용주로30번길 60,,-,-
광주광역시 북구 용봉동,1074-8,1074,8,현대,84.89,202110,7,"14,500",1,1990,비엔날레로 65,,-,-
광주광역시 북구 용봉동,1355-1,1355,1,현대3,84.97,202110,6,"22,700",12,1999,저불로 80,,-,-
광주광역시 북구 용봉동,1237-1,1237,1,호반,84.6,202110,4,"16,000",17,1993,반룡로 32,,-,-
광주광역시 북구 용봉동,1237-1,1237,1,호반,84.6,202110,15,"15,100",1,1993,반룡로 32,,-,-
광주광역시 북구 우산동,554-25,554,25,랑드리움,47.82,202110,26,"14,000",8,2017,서암대로315번길 20-7,20211026,-,-
광주광역시 북구 우산동,631-1,631,1,현대,135.37,202110,15,"28,000",1,1991,호동로 100,,-,-
광주광역시 북구 운암동,936-15,936,15,(936-15),17.9208,202110,7,"7,200",5,2014,대자실로 22,,-,-
광주광역시 북구 운암동,936-15,936,15,(936-15),17.9208,202110,13,"8,100",4,2014,대자실로 22,,-,-
광주광역시 북구 운암동,1101-1,1101,1,나산건강,59.97,202110,21,"14,900",1,2000,북문대로169번길 20,,-,-
광주광역시 북구 운암동,32-15,32,15,대우,59.58,202110,1,"18,000",4,1983,서암대로 56,,-,-
광주광역시 북구 운암동,110-11,110,11,대주,59.92,202110,8,"14,700",18,1995,금호로40번길 11,,-,-
광주광역시 북구 운암동,110-11,110,11,대주,84.96,202110,26,"21,500",8,1995,금호로40번길 11,,-,-
광주광역시 북구 운암동,133-9,133,9,동일,84.93,202110,8,"15,500",5,1992,비엔날레로 51,,-,-
광주광역시 북구 운암동,133-9,133,9,동일,84.93,202110,15,"15,500",9,1992,비엔날레로 51,,-,-
광주광역시 북구 운암동,133-9,133,9,동일,84.93,202110,19,"13,550",2,1992,비엔날레로 51,,-,-
광주광역시 북구 운암동,1051-1,1051,1,미라보(2차),71.715,202110,25,"16,300",9,1990,북문대로150번길 11,,-,-
광주광역시 북구 운암동,229,229,0,미라보3,117.65,202110,11,"25,000",13,1992,서강로 155,,-,-
광주광역시 북구 운암동,229,229,0,미라보3,84.98,202110,17,"18,500",7,1992,서강로 155,,-,-
광주광역시 북구 운암동,67,67,0,벽산블루밍메가씨티1단지,120.6054,202110,1,"58,700",9,2008,서강로54번길 55,,-,-
광주광역시 북구 운암동,67,67,0,벽산블루밍메가씨티1단지,130.2912,202110,3,"60,500",12,2008,서강로54번길 55,,-,-
광주광역시 북구 운암동,67,67,0,벽산블루밍메가씨티1단지,130.2912,202110,6,"58,000",18,2008,서강로54번길 55,,-,-
광주광역시 북구 운암동,67,67,0,벽산블루밍메가씨티1단지,130.2912,202110,6,"60,000",23,2008,서강로54번길 55,,-,-
광주광역시 북구 운암동,67,67,0,벽산블루밍메가씨티1단지,120.6054,202110,23,"58,500",21,2008,서강로54번길 55,,-,-
광주광역시 북구 운암동,68,68,0,벽산블루밍메가씨티2단지,152.796,202110,13,"69,500",2,2008,서강로54번길 50,,-,-
광주광역시 북구 운암동,68,68,0,벽산블루밍메가씨티2단지,120.6054,202110,13,"58,700",9,2008,서강로54번길 50,,-,-
광주광역시 북구 운암동,68,68,0,벽산블루밍메가씨티2단지,130.2912,202110,14,"62,000",18,2008,서강로54번길 50,,-,-
광주광역시 북구 운암동,68,68,0,벽산블루밍메가씨티2단지,152.796,202110,22,"73,000",23,2008,서강로54번길 50,,-,-
광주광역시 북구 운암동,69,69,0,벽산블루밍메가씨티3단지,58.7079,202110,1,"30,000",17,2008,대자로 55,,-,-
광주광역시 북구 운암동,69,69,0,벽산블루밍메가씨티3단지,58.7079,202110,2,"30,300",12,2008,대자로 55,,-,-
광주광역시 북구 운암동,69,69,0,벽산블루밍메가씨티3단지,58.7079,202110,8,"32,100",20,2008,북문대로 53,,-,-
광주광역시 북구 운암동,1058-3,1058,3,우미1,49.41,202110,2,"9,600",9,1989,북문대로 166,,-,-
광주광역시 북구 운암동,1058-3,1058,3,우미1,59.97,202110,2,"10,300",4,1989,북문대로 166,,-,-
광주광역시 북구 운암동,1058-3,1058,3,우미1,49.41,202110,6,"9,500",11,1989,북문대로 166,,-,-
광주광역시 북구 운암동,1089-2,1089,2,우미3,85,202110,16,"22,600",1,1998,서강로131번길 60,,-,-
광주광역시 북구 운암동,232,232,0,우성,59.96,202110,2,"15,000",8,1996,서강로 160,,-,-
광주광역시 북구 운암동,232,232,0,우성,59.835,202110,7,"15,300",10,1996,서강로 160,,-,-
광주광역시 북구 운암동,232,232,0,우성,84.98,202110,16,"17,600",20,1996,서강로 160,,-,-
광주광역시 북구 운암동,1781,1781,0,운암2차남양휴튼,59.9494,202110,9,"36,000",8,2019,북문대로 88,,-,-
광주광역시 북구 운암동,1781,1781,0,운암2차남양휴튼,84.8088,202110,24,"46,400",4,2019,북문대로 88,,-,-
광주광역시 북구 운암동,364-1,364,1,운암동롯데캐슬1단지,76.6524,202110,7,"34,500",10,2006,서강로54번길 11,,-,-
광주광역시 북구 운암동,364-1,364,1,운암동롯데캐슬1단지,122.2947,202110,16,"50,700",16,2006,서강로54번길 11,,-,-
광주광역시 북구 운암동,364-1,364,1,운암동롯데캐슬1단지,59.8159,202110,17,"29,800",13,2006,서강로54번길 11,,-,-
광주광역시 북구 운암동,364-1,364,1,운암동롯데캐슬1단지,122.2947,202110,22,"53,500",5,2006,서강로54번길 11,,-,-
광주광역시 북구 운암동,364-1,364,1,운암동롯데캐슬1단지,84.9273,202110,29,"43,500",12,2006,서강로54번길 11,,-,-
광주광역시 북구 운암동,789-10,789,10,운암동롯데캐슬2단지,104.1061,202110,5,"45,300",6,2006,서강로54번길 10,,-,-
광주광역시 북구 운암동,789-10,789,10,운암동롯데캐슬2단지,122.2947,202110,6,"49,000",16,2006,서강로54번길 10,,-,-
광주광역시 북구 운암동,789-10,789,10,운암동롯데캐슬2단지,122.2947,202110,15,"49,700",7,2006,서강로54번길 10,,-,-
광주광역시 북구 운암동,789-10,789,10,운암동롯데캐슬2단지,122.2947,202110,16,"50,800",3,2006,서강로54번길 10,,-,-
광주광역시 북구 운암동,789-10,789,10,운암동롯데캐슬2단지,76.6524,202110,16,"38,200",16,2006,서강로54번길 10,,-,-
광주광역시 북구 운암동,789-10,789,10,운암동롯데캐슬2단지,122.2947,202110,23,"49,800",13,2006,서강로54번길 10,,-,-
광주광역시 북구 운암동,789-10,789,10,운암동롯데캐슬2단지,76.6524,202110,25,"33,100",13,2006,서강로54번길 10,,-,-
광주광역시 북구 운암동,366-2,366,2,운암동롯데캐슬3단지,59.8159,202110,16,"24,000",5,2006,서강로54번길 32,20211028,-,-
광주광역시 북구 운암동,366-2,366,2,운암동롯데캐슬3단지,59.8159,202110,28,"24,000",5,2006,서강로54번길 32,,-,-
광주광역시 북구 운암동,1011,1011,0,운암산아이파크,134.5706,202110,7,"73,500",4,2007,서강로 77,,-,-
광주광역시 북구 운암동,940,940,0,운암프라자,59.67,202110,5,"12,350",17,2006,서강로 104-3,,-,-
광주광역시 북구 운암동,940,940,0,운암프라자,59.67,202110,13,"12,900",10,2006,서강로 104-3,,-,-
광주광역시 북구 운암동,940,940,0,운암프라자,84.24,202110,14,"15,000",18,2006,서강로 104-3,,-,-
광주광역시 북구 운암동,1038-1,1038,1,일신2,59.82,202110,2,"13,100",14,1991,북문대로159번길 39,,-,-
광주광역시 북구 운암동,1038-1,1038,1,일신2,59.82,202110,2,"11,750",2,1991,북문대로159번길 39,,-,-
광주광역시 북구 운암동,1038-1,1038,1,일신2,59.82,202110,2,"11,750",2,1991,북문대로159번길 39,,-,-
광주광역시 북구 운암동,1038-1,1038,1,일신2,59.82,202110,4,"14,100",8,1991,북문대로159번길 39,,-,-
광주광역시 북구 운암동,1038-1,1038,1,일신2,59.82,202110,6,"10,500",12,1991,북문대로159번길 39,,-,-
광주광역시 북구 운암동,1038-1,1038,1,일신2,59.82,202110,7,"12,500",12,1991,북문대로159번길 39,,-,-
광주광역시 북구 운암동,1038-1,1038,1,일신2,59.82,202110,9,"10,800",1,1991,북문대로159번길 39,,-,-
광주광역시 북구 운암동,1038-1,1038,1,일신2,59.82,202110,13,"13,000",11,1991,북문대로159번길 39,,-,-
광주광역시 북구 운암동,1038-1,1038,1,일신2,59.82,202110,13,"13,000",5,1991,북문대로159번길 39,,-,-
광주광역시 북구 운암동,1038-1,1038,1,일신2,59.82,202110,14,"14,000",8,1991,북문대로159번길 39,,-,-
광주광역시 북구 운암동,252,252,0,주공3,47.33,202110,10,"50,000",3,1984,북문대로98번길 50,,-,-
광주광역시 북구 운암동,140-11,140,11,중흥1,84.94,202110,13,"16,400",3,1991,금호로86번길 30,,-,-
광주광역시 북구 운암동,140-17,140,17,중흥2,84.93,202110,9,"17,500",11,1991,금호로86번길 20,,-,-
광주광역시 북구 운암동,140-17,140,17,중흥2,84.93,202110,11,"18,500",15,1991,금호로86번길 20,,-,-
광주광역시 북구 운암동,140-17,140,17,중흥2,84.93,202110,22,"18,300",6,1991,금호로86번길 20,,-,-
광주광역시 북구 운암동,110-80,110,80,한국,59.88,202110,1,"13,500",17,1994,금호로40번길 33,,-,-
광주광역시 북구 운암동,110-80,110,80,한국,59.88,202110,29,"14,900",19,1994,금호로40번길 33,,-,-
광주광역시 북구 운암동,965,965,0,현대,84.3,202110,8,"20,000",12,1992,대자실로 23,,-,-
광주광역시 북구 운암동,965,965,0,현대,84.3,202110,8,"24,700",17,1992,대자실로 23,,-,-
광주광역시 북구 운암동,965,965,0,현대,84.3,202110,9,"22,900",4,1992,대자실로 23,,-,-
광주광역시 북구 운암동,965,965,0,현대,84.3,202110,9,"23,000",19,1992,대자실로 23,,-,-
광주광역시 북구 운암동,965,965,0,현대,84.3,202110,10,"23,100",2,1992,대자실로 23,,-,-
광주광역시 북구 운암동,965,965,0,현대,84.3,202110,14,"20,100",1,1992,대자실로 23,,-,-
광주광역시 북구 운암동,965,965,0,현대,84.3,202110,15,"17,000",19,1992,대자실로 23,,-,-
광주광역시 북구 운암동,965,965,0,현대,84.3,202110,20,"21,600",19,1992,대자실로 23,20211025,-,-
광주광역시 북구 운암동,965,965,0,현대,84.3,202110,20,"21,600",19,1992,대자실로 23,,-,-
광주광역시 북구 일곡동,848-2,848,2,대림1,49.94,202110,1,"15,800",14,1997,양일로305번길 11,,-,-
광주광역시 북구 일곡동,848-2,848,2,대림1,59.935,202110,1,"20,800",13,1997,양일로305번길 11,,-,-
광주광역시 북구 일곡동,848-2,848,2,대림1,49.94,202110,5,"16,900",13,1997,양일로305번길 11,,-,-
광주광역시 북구 일곡동,848-2,848,2,대림1,59.935,202110,7,"17,700",5,1997,양일로305번길 11,,-,-
광주광역시 북구 일곡동,848-2,848,2,대림1,49.94,202110,8,"16,000",8,1997,양일로305번길 11,,-,-
광주광역시 북구 일곡동,848-2,848,2,대림1,49.94,202110,21,"15,700",16,1997,양일로305번길 11,,-,-
광주광역시 북구 일곡동,817-4,817,4,대림2,84.64,202110,22,"28,000",17,1998,일곡마을로 245,,-,-
광주광역시 북구 일곡동,849-9,849,9,대우,54.282,202110,8,"15,300",12,1998,일곡택지로 50,,-,-
광주광역시 북구 일곡동,849-9,849,9,대우,54.282,202110,10,"15,400",4,1998,일곡택지로 50,,-,-
광주광역시 북구 일곡동,849-9,849,9,대우,59.946,202110,14,"16,000",6,1998,일곡택지로 50,,-,-
광주광역시 북구 일곡동,816-3,816,3,동아2,99.86,202110,12,"32,700",14,2000,우치로537번길 10,,-,-
광주광역시 북구 일곡동,814-3,814,3,롯데,114.623,202110,1,"39,000",2,1999,설죽로 595,,-,-
광주광역시 북구 일곡동,814-3,814,3,롯데,114.623,202110,6,"59,000",5,1999,설죽로 595,20211026,-,-
광주광역시 북구 일곡동,814-3,814,3,롯데,138.7,202110,6,"59,000",5,1999,설죽로 595,,-,-
광주광역시 북구 일곡동,814-3,814,3,롯데,138.7,202110,12,"60,700",10,1999,설죽로 595,,-,-
광주광역시 북구 일곡동,814-3,814,3,롯데,138.7,202110,12,"60,000",2,1999,설죽로 595,,-,-
광주광역시 북구 일곡동,817-2,817,2,벽산,71.074,202110,13,"20,800",16,1997,우치로537번길 5,,-,-
광주광역시 북구 일곡동,814-4,814,4,쌍용,96.87,202110,15,"38,700",11,1997,설죽로 585,,-,-
광주광역시 북구 일곡동,849-8,849,8,진로,59.36,202110,1,"17,000",19,1997,일곡마을로 50,,-,-
광주광역시 북구 일곡동,849-8,849,8,진로,59.36,202110,1,"17,000",19,1997,일곡마을로 50,20211012,-,-
광주광역시 북구 일곡동,849-8,849,8,진로,59.36,202110,4,"19,000",4,1997,일곡마을로 50,,-,-
광주광역시 북구 일곡동,849-8,849,8,진로,59.36,202110,5,"17,500",12,1997,일곡마을로 50,,-,-
광주광역시 북구 일곡동,849-8,849,8,진로,59.36,202110,15,"14,700",2,1997,일곡마을로 50,,-,-
광주광역시 북구 일곡동,849-8,849,8,진로,59.36,202110,15,"17,500",11,1997,일곡마을로 50,,-,-
광주광역시 북구 일곡동,849-2,849,2,청솔,48.45,202110,8,"13,000",13,2000,일곡로 80,,-,-
광주광역시 북구 일곡동,850-4,850,4,청솔2차,48.45,202110,2,"10,100",9,2000,설죽로 555,,-,-
광주광역시 북구 일곡동,850-4,850,4,청솔2차,48.45,202110,4,"12,000",15,2000,설죽로 555,,-,-
광주광역시 북구 일곡동,850-4,850,4,청솔2차,48.45,202110,5,"10,600",9,2000,설죽로 555,,-,-
광주광역시 북구 일곡동,850-4,850,4,청솔2차,48.45,202110,7,"11,500",8,2000,설죽로 555,,-,-
광주광역시 북구 일곡동,850-4,850,4,청솔2차,48.45,202110,8,"11,800",5,2000,설죽로 555,,-,-
광주광역시 북구 일곡동,850-4,850,4,청솔2차,48.45,202110,12,"12,500",13,2000,설죽로 555,,-,-
광주광역시 북구 일곡동,850-4,850,4,청솔2차,48.45,202110,13,"12,000",2,2000,설죽로 555,,-,-
광주광역시 북구 일곡동,850-4,850,4,청솔2차,48.45,202110,13,"12,000",2,2000,설죽로 555,,-,-
광주광역시 북구 일곡동,850-4,850,4,청솔2차,48.45,202110,13,"11,500",13,2000,설죽로 555,,-,-
광주광역시 북구 일곡동,850-4,850,4,청솔2차,48.45,202110,27,"11,200",7,2000,설죽로 555,,-,-
광주광역시 북구 일곡동,817-5,817,5,청솔3차,48.45,202110,1,"12,300",10,2000,일곡마을로 225,20211013,-,-
광주광역시 북구 일곡동,817-5,817,5,청솔3차,48.45,202110,1,"12,300",10,2000,일곡마을로 225,,-,-
광주광역시 북구 일곡동,817-5,817,5,청솔3차,48.45,202110,2,"10,500",15,2000,일곡마을로 225,,-,-
광주광역시 북구 일곡동,817-5,817,5,청솔3차,48.45,202110,4,"10,700",2,2000,일곡마을로 225,,-,-
광주광역시 북구 일곡동,817-5,817,5,청솔3차,48.45,202110,5,"11,500",10,2000,일곡마을로 225,,-,-
광주광역시 북구 일곡동,817-5,817,5,청솔3차,48.45,202110,5,"11,950",15,2000,일곡마을로 225,,-,-
광주광역시 북구 일곡동,817-5,817,5,청솔3차,48.45,202110,6,"11,000",2,2000,일곡마을로 225,,-,-
광주광역시 북구 일곡동,817-5,817,5,청솔3차,48.45,202110,8,"10,000",1,2000,일곡마을로 225,,-,-
광주광역시 북구 일곡동,817-5,817,5,청솔3차,48.45,202110,19,"11,000",7,2000,일곡마을로 225,,-,-
광주광역시 북구 일곡동,817-5,817,5,청솔3차,48.45,202110,21,"11,700",4,2000,일곡마을로 225,,-,-
광주광역시 북구 일곡동,817-5,817,5,청솔3차,48.45,202110,28,"11,200",7,2000,일곡마을로 225,,-,-
광주광역시 북구 일곡동,819-3,819,3,청솔4차,48.45,202110,1,"11,700",8,2001,일곡마을로 10,,-,-
광주광역시 북구 일곡동,819-3,819,3,청솔4차,48.45,202110,4,"11,300",3,2001,일곡마을로 10,,-,-
광주광역시 북구 일곡동,819-3,819,3,청솔4차,48.45,202110,5,"12,000",3,2001,일곡마을로 10,,-,-
광주광역시 북구 일곡동,819-3,819,3,청솔4차,48.45,202110,6,"12,900",14,2001,일곡마을로 10,,-,-
광주광역시 북구 일곡동,819-3,819,3,청솔4차,48.45,202110,6,"10,300",2,2001,일곡마을로 10,,-,-
광주광역시 북구 일곡동,819-3,819,3,청솔4차,48.45,202110,6,"11,600",7,2001,일곡마을로 10,,-,-
광주광역시 북구 일곡동,819-3,819,3,청솔4차,48.45,202110,7,"10,200",2,2001,일곡마을로 10,,-,-
광주광역시 북구 일곡동,819-3,819,3,청솔4차,48.45,202110,9,"12,000",6,2001,일곡마을로 10,,-,-
광주광역시 북구 일곡동,819-3,819,3,청솔4차,48.45,202110,13,"10,800",1,2001,일곡마을로 10,,-,-
광주광역시 북구 일곡동,819-3,819,3,청솔4차,48.45,202110,20,"9,900",15,2001,일곡마을로 10,,-,-
광주광역시 북구 일곡동,850-3,850,3,한국,59.94,202110,16,"15,000",1,1996,설죽로 565,,-,-
광주광역시 북구 일곡동,850-3,850,3,한국,59.94,202110,29,"16,000",14,1996,설죽로 565,,-,-
광주광역시 북구 일곡동,849-1,849,1,한일,59.915,202110,28,"18,000",9,1997,일곡택지로 60,,-,-
광주광역시 북구 일곡동,819-2,819,2,현대1,59.36,202110,2,"16,500",14,1997,일곡로 100,20211020,-,-
광주광역시 북구 일곡동,819-2,819,2,현대1,59.36,202110,2,"16,500",14,1997,일곡로 100,,-,-
광주광역시 북구 일곡동,819-2,819,2,현대1,59.36,202110,5,"16,700",10,1997,일곡로 100,,-,-
광주광역시 북구 일곡동,819-2,819,2,현대1,59.36,202110,6,"15,700",10,1997,일곡로 100,,-,-
광주광역시 북구 일곡동,819-2,819,2,현대1,59.36,202110,7,"15,200",1,1997,일곡로 100,,-,-
광주광역시 북구 일곡동,819-2,819,2,현대1,59.36,202110,7,"17,500",5,1997,일곡로 100,,-,-
광주광역시 북구 일곡동,819-2,819,2,현대1,59.36,202110,9,"15,700",1,1997,일곡로 100,20211104,-,-
광주광역시 북구 일곡동,819-2,819,2,현대1,59.36,202110,9,"15,700",1,1997,일곡로 100,,-,-
광주광역시 북구 일곡동,819-2,819,2,현대1,59.36,202110,19,"16,000",14,1997,일곡로 100,,-,-
광주광역시 북구 일곡동,819-2,819,2,현대1,59.36,202110,23,"17,000",5,1997,일곡로 100,,-,-
광주광역시 북구 일곡동,848-1,848,1,현대2,59.36,202110,1,"18,200",6,1998,일곡마을로 55,,-,-
광주광역시 북구 일곡동,848-1,848,1,현대2,59.36,202110,4,"20,000",20,1998,일곡마을로 55,,-,-
광주광역시 북구 일곡동,848-1,848,1,현대2,59.36,202110,27,"17,600",2,1998,일곡마을로 55,,-,-
광주광역시 북구 일곡동,850-5,850,5,호반일신,59.935,202110,4,"15,400",6,1997,설죽로 545,,-,-
광주광역시 북구 일곡동,850-5,850,5,호반일신,59.935,202110,8,"17,050",13,1997,설죽로 545,,-,-
광주광역시 북구 일곡동,850-5,850,5,호반일신,59.935,202110,9,"16,700",11,1997,설죽로 545,,-,-
광주광역시 북구 임동,10월 13일,13,10,임동다이아빌,28.305,202110,8,"4,250",3,2001,중가로3번길 30,,-,-
광주광역시 북구 임동,631,631,0,임동토림에디스공동주택101,61.7106,202110,20,"18,500",5,2016,천변우로79번길 45,,-,-
광주광역시 북구 임동,631,631,0,임동토림에디스공동주택101,61.7106,202110,21,"18,300",3,2016,천변우로79번길 45,,-,-
광주광역시 북구 임동,340,340,0,주공,59.91,202110,7,"17,500",11,2005,천변우로 11,,-,-
광주광역시 북구 임동,340,340,0,주공,59.91,202110,9,"16,800",6,2005,천변우로 11,,-,-
광주광역시 북구 임동,Nov-97,97,11,평화,57.26,202110,7,"14,500",3,1983,경양로 30,,-,-
광주광역시 북구 임동,104-8,104,8,한국아델리움2차,84.9308,202110,12,"36,900",3,2007,천변우로79번길 25,,-,-
광주광역시 북구 중흥동,683-6,683,6,중흥동도나우타운,83.446,202110,3,"22,300",4,2015,무등로262번길 60,,-,-
광주광역시 북구 중흥동,683-6,683,6,중흥동도나우타운,51.2298,202110,26,"13,900",14,2015,무등로262번길 60,,-,-
광주광역시 북구 중흥동,819,819,0,중흥동영무예다음아파트,77.1872,202110,3,"37,900",13,2015,서방로40번길 13,,-,-
광주광역시 북구 중흥동,670-5,670,5,프라임아너팰리스,77.8405,202110,2,"26,100",13,2017,제봉로 266,,-,-
광주광역시 북구 중흥동,670-5,670,5,프라임아너팰리스,65.9034,202110,5,"23,800",9,2017,제봉로 266,,-,-
광주광역시 북구 중흥동,670-5,670,5,프라임아너팰리스,65.9034,202110,8,"21,900",14,2017,제봉로 266,,-,-
광주광역시 북구 풍향동,808,808,0,교대금호어울림,84.983,202110,2,"64,200",21,2017,군왕로 17,,-,-
광주광역시 북구 풍향동,808,808,0,교대금호어울림,84.9833,202110,8,"60,300",9,2017,군왕로 17,,-,-
광주광역시 북구 풍향동,808,808,0,교대금호어울림,84.9833,202110,20,"63,700",12,2017,군왕로 17,,-,-
광주광역시 북구 풍향동,23-93,23,93,금성맨션,84.66,202110,4,"16,800",10,1984,군왕로18번길 21,,-,-
광주광역시 북구 풍향동,23-93,23,93,금성맨션,84.66,202110,6,"11,000",1,1984,군왕로18번길 21,,-,-
광주광역시 서구 광천동,895,895,0,e편한세상,134.5698,202110,4,"83,000",3,2010,화운로 278,,-,-
광주광역시 서구 광천동,895,895,0,e편한세상,113.7384,202110,8,"71,500",4,2010,화운로 278,,-,-
광주광역시 서구 광천동,895,895,0,e편한세상,84.8921,202110,11,"70,000",2,2010,화운로 278,,-,-
광주광역시 서구 광천동,895,895,0,e편한세상,84.8921,202110,13,"62,500",12,2010,화운로 278,,-,-
광주광역시 서구 광천동,895,895,0,e편한세상,113.7384,202110,14,"77,700",7,2010,화운로 278,,-,-
광주광역시 서구 광천동,896,896,0,호반써밋광주,84.9405,202110,12,"81,500",35,2019,무진대로 919,,-,-
광주광역시 서구 금호동,770,770,0,금호2지구도개공1단지,49.92,202110,2,"13,800",1,1998,금화로115번길 12,,-,-
광주광역시 서구 금호동,770,770,0,금호2지구도개공1단지,49.92,202110,11,"16,200",13,1998,금화로115번길 12,,-,-
광주광역시 서구 금호동,767,767,0,금호2지구도시공사,59.94,202110,7,"18,000",7,1999,금화로115번길 23,,-,-
광주광역시 서구 금호동,767,767,0,금호2지구도시공사,59.94,202110,24,"17,100",14,1999,금화로115번길 23,,-,-
광주광역시 서구 금호동,767,767,0,금호2지구도시공사,59.94,202110,28,"17,300",5,1999,금화로115번길 23,,-,-
광주광역시 서구 금호동,738-2,738,2,금호동우미호반아파트,102.76,202110,15,"31,000",4,1994,운천로 61,,-,-
광주광역시 서구 금호동,738-2,738,2,금호동우미호반아파트,102.76,202110,18,"32,500",13,1994,운천로 61,,-,-
광주광역시 서구 금호동,742-2,742,2,금호시영,59.82,202110,1,"14,700",6,1994,운천로32번길 7,,-,-
광주광역시 서구 금호동,742-2,742,2,금호시영,59.82,202110,8,"14,000",2,1994,운천로32번길 7,,-,-
광주광역시 서구 금호동,742-2,742,2,금호시영,59.82,202110,14,"15,600",5,1994,운천로32번길 7,,-,-
광주광역시 서구 금호동,742-2,742,2,금호시영,59.82,202110,20,"17,300",13,1994,운천로32번길 7,,-,-
광주광역시 서구 금호동,742-2,742,2,금호시영,59.82,202110,23,"13,500",6,1994,운천로32번길 7,,-,-
광주광역시 서구 금호동,741-1,741,1,금호시영1,49.86,202110,8,"10,300",1,1993,운천로 41,,-,-
광주광역시 서구 금호동,741-1,741,1,금호시영1,49.86,202110,21,"15,100",12,1993,운천로 41,,-,-
광주광역시 서구 금호동,813,813,0,대주파크빌,59.99,202110,12,"19,000",7,2000,화개1로24번길 9,,-,-
광주광역시 서구 금호동,813,813,0,대주파크빌,59.94,202110,14,"21,200",20,2000,화개1로24번길 9,,-,-
광주광역시 서구 금호동,813,813,0,대주파크빌,59.99,202110,19,"19,500",11,2000,화개1로24번길 9,,-,-
광주광역시 서구 금호동,813,813,0,대주파크빌,59.94,202110,19,"19,750",19,2000,화개1로24번길 9,,-,-
광주광역시 서구 금호동,813,813,0,대주파크빌,59.94,202110,23,"20,500",12,2000,화개1로24번길 9,,-,-
광주광역시 서구 금호동,739-1,739,1,라인,84.728,202110,11,"23,100",15,1993,금부로 100,,-,-
광주광역시 서구 금호동,240-10,240,10,로렌시아,84.9078,202110,19,"48,000",2,2007,화개중앙로 148,,-,-
광주광역시 서구 금호동,786,786,0,마재마을주은,84.96,202110,11,"28,500",2,2000,마재로 57,,-,-
광주광역시 서구 금호동,1110,1110,0,매월동아델리움로제비앙아파트,84.7741,202110,6,"60,500",15,2017,화개중앙로87번길 15,,-,-
광주광역시 서구 금호동,1110,1110,0,매월동아델리움로제비앙아파트,84.7681,202110,13,"60,500",8,2017,화개중앙로87번길 15,,-,-
광주광역시 서구 금호동,818,818,0,부영(마재마을),80.1864,202110,1,"23,000",20,2000,화개1로24번길 10,,-,-
광주광역시 서구 금호동,818,818,0,부영(마재마을),80.1864,202110,3,"24,800",13,2000,화개1로24번길 10,,-,-
광주광역시 서구 금호동,818,818,0,부영(마재마을),80.1864,202110,4,"25,800",13,2000,화개1로24번길 10,,-,-
광주광역시 서구 금호동,818,818,0,부영(마재마을),80.1864,202110,7,"26,000",16,2000,화개1로24번길 10,,-,-
광주광역시 서구 금호동,740-2,740,2,삼능공간,84.92,202110,13,"24,500",12,1994,운천로56번길 19,,-,-
광주광역시 서구 금호동,931,931,0,쌍용예가,153.1206,202110,2,"94,000",12,2009,금화로 25,,-,-
광주광역시 서구 금호동,931,931,0,쌍용예가,153.1206,202110,10,"99,500",6,2009,금화로 25,,-,-
광주광역시 서구 금호동,206-20,206,20,이지더원,84.9493,202110,30,"37,000",8,2006,화개중앙로 116,,-,-
광주광역시 서구 금호동,240-2,240,2,종원팰리스빌,84.9831,202110,2,"33,250",2,2002,화개1로 59-2,,-,-
광주광역시 서구 금호동,240-2,240,2,종원팰리스빌,84.9831,202110,11,"23,000",1,2002,화개1로 59-2,,-,-
광주광역시 서구 금호동,240-2,240,2,종원팰리스빌,84.9831,202110,20,"36,900",16,2002,화개1로 59-2,,-,-
광주광역시 서구 금호동,240-2,240,2,종원팰리스빌,84.9831,202110,29,"34,000",15,2002,화개1로 59-2,,-,-
광주광역시 서구 금호동,787,787,0,중흥,59.55,202110,2,"22,500",12,2000,마재로 21,,-,-
광주광역시 서구 금호동,787,787,0,중흥,59.55,202110,6,"21,800",10,2000,마재로 21,,-,-
광주광역시 서구 금호동,787,787,0,중흥,59.55,202110,7,"20,300",7,2000,마재로 21,,-,-
광주광역시 서구 금호동,787,787,0,중흥,59.46,202110,7,"18,100",15,2000,마재로 21,,-,-
광주광역시 서구 금호동,787,787,0,중흥,59.46,202110,8,"22,900",17,2000,마재로 21,,-,-
광주광역시 서구 금호동,787,787,0,중흥,59.55,202110,15,"22,000",18,2000,마재로 21,,-,-
광주광역시 서구 금호동,787,787,0,중흥,59.46,202110,16,"23,000",9,2000,마재로 21,,-,-
광주광역시 서구 금호동,613-6,613,6,진흥더블파크,145.279,202110,2,"66,000",15,2006,화개중앙로114번길 19,,-,-
광주광역시 서구 금호동,447-9,447,9,코아루,134.0778,202110,9,"59,000",5,2006,금호운천길 41,,-,-
광주광역시 서구 금호동,739-2,739,2,한국,69.59,202110,6,"17,000",4,1994,운천로56번길 7,,-,-
광주광역시 서구 금호동,771,771,0,한국APT(2차),59.985,202110,1,"18,200",4,1998,금화로115번길 9,,-,-
광주광역시 서구 금호동,771,771,0,한국APT(2차),59.985,202110,2,"19,200",16,1998,금화로115번길 9,,-,-
광주광역시 서구 금호동,771,771,0,한국APT(2차),59.985,202110,4,"19,000",7,1998,금화로115번길 9,,-,-
광주광역시 서구 금호동,815,815,0,호반리젠시빌2차,39.792,202110,5,"11,400",5,2000,화개1로 33,,-,-
광주광역시 서구 금호동,815,815,0,호반리젠시빌2차,39.792,202110,15,"11,300",18,2000,화개1로 33,,-,-
광주광역시 서구 금호동,815,815,0,호반리젠시빌2차,39.792,202110,23,"12,000",16,2000,화개1로 33,,-,-
광주광역시 서구 금호동,815,815,0,호반리젠시빌2차,84.994,202110,23,"31,000",18,2000,화개1로 33,,-,-
광주광역시 서구 금호동,770-1,770,1,호반리젠시빌3차,84.7555,202110,2,"30,400",2,2001,금화로149번길 11,,-,-
광주광역시 서구 금호동,770-1,770,1,호반리젠시빌3차,84.7555,202110,25,"36,000",7,2001,금화로149번길 11,,-,-
광주광역시 서구 금호동,809,809,0,호반리젠시빌5차,84.891,202110,11,"45,000",8,2002,화개1로78번길 8,,-,-
광주광역시 서구 내방동,311,311,0,개나리,55.29,202110,20,"15,800",3,1982,내방로 310,,-,-
광주광역시 서구 내방동,311,311,0,개나리,55.29,202110,27,"15,500",3,1982,내방로 310,,-,-
광주광역시 서구 내방동,848,848,0,내방마을주공,59.19,202110,2,"15,800",20,2002,화운로193번길 25,,-,-
광주광역시 서구 내방동,848,848,0,내방마을주공,84.11,202110,5,"23,000",17,2002,화운로193번길 25,,-,-
광주광역시 서구 내방동,848,848,0,내방마을주공,59.19,202110,8,"17,800",5,2002,화운로193번길 25,,-,-
광주광역시 서구 내방동,848,848,0,내방마을주공,84.11,202110,13,"27,000",8,2002,화운로193번길 25,,-,-
광주광역시 서구 내방동,848,848,0,내방마을주공,59.19,202110,14,"15,900",3,2002,화운로193번길 25,,-,-
광주광역시 서구 내방동,848,848,0,내방마을주공,59.31,202110,16,"17,900",9,2002,화운로193번길 25,,-,-
광주광역시 서구 내방동,848,848,0,내방마을주공,84.03,202110,16,"27,700",19,2002,화운로193번길 25,,-,-
광주광역시 서구 내방동,475-1,475,1,솔뫼타운,33.08,202110,17,"5,500",10,1999,내방로278번길 7,,-,-
광주광역시 서구 내방동,385-1,385,1,해태(385-1),84.9,202110,1,"20,000",16,2000,월드컵4강로226번길 5,,-,-
광주광역시 서구 내방동,385-1,385,1,해태(385-1),84.9,202110,6,"18,000",8,2000,월드컵4강로226번길 5,,-,-
광주광역시 서구 내방동,385-1,385,1,해태(385-1),127.02,202110,9,"31,500",12,2000,월드컵4강로226번길 5,,-,-
광주광역시 서구 내방동,385-1,385,1,해태(385-1),84.9,202110,28,"18,000",16,2000,월드컵4강로226번길 5,,-,-
광주광역시 서구 농성동,702,702,0,농성SKVIEWCentral,84.9752,202110,3,"68,500",9,2019,상무대로1147번길 16,,-,-
광주광역시 서구 농성동,702,702,0,농성SKVIEWCentral,74.9651,202110,8,"62,700",16,2019,상무대로1147번길 16,,-,-
광주광역시 서구 농성동,702,702,0,농성SKVIEWCentral,84.9752,202110,8,"70,900",23,2019,상무대로1147번길 16,,-,-
광주광역시 서구 농성동,702,702,0,농성SKVIEWCentral,84.9752,202110,11,"70,700",19,2019,상무대로1147번길 16,,-,-
광주광역시 서구 농성동,702,702,0,농성SKVIEWCentral,84.9752,202110,19,"72,200",9,2019,상무대로1147번길 16,,-,-
광주광역시 서구 농성동,702,702,0,농성SKVIEWCentral,84.9752,202110,19,"76,000",16,2019,상무대로1147번길 16,,-,-
광주광역시 서구 농성동,702,702,0,농성SKVIEWCentral,84.9752,202110,23,"70,000",14,2019,상무대로1147번길 16,,-,-
광주광역시 서구 농성동,702,702,0,농성SKVIEWCentral,84.9752,202110,30,"78,000",24,2019,상무대로1147번길 16,,-,-
광주광역시 서구 농성동,112-1,112,1,농성동유탑유블레스,19.7906,202110,26,"5,530",10,2012,경열로45번길 13,,-,-
광주광역시 서구 농성동,422-3,422,3,삼익,84.11,202110,18,"32,300",12,1983,내방로 430,,-,-
광주광역시 서구 농성동,380-5,380,5,세종,60.12,202110,2,"12,000",4,1980,월산로255번길 24,,-,-
광주광역시 서구 농성동,125-4,125,4,평화맨션,61.215,202110,30,"9,500",6,1979,경열로75번길 11,,-,-
광주광역시 서구 동천동,506,506,0,동천마을2단지휴먼시아,84.99,202110,2,"38,500",8,2007,동천로 11,,-,-
광주광역시 서구 동천동,648,648,0,우미린,114.1568,202110,2,"64,500",12,2007,하남대로710번길 20,,-,-
광주광역시 서구 동천동,648,648,0,우미린,84.9679,202110,9,"55,600",4,2007,하남대로710번길 20,,-,-
광주광역시 서구 동천동,648,648,0,우미린,131.2954,202110,28,"75,000",16,2007,하남대로710번길 20,,-,-
광주광역시 서구 동천동,615,615,0,호반베르디움,119.5762,202110,1,"63,250",15,2008,하남대로680번길 10,,-,-
광주광역시 서구 동천동,615,615,0,호반베르디움,119.5762,202110,6,"63,500",8,2008,하남대로680번길 10,,-,-
광주광역시 서구 동천동,615,615,0,호반베르디움,119.5762,202110,9,"64,000",11,2008,하남대로680번길 10,,-,-
광주광역시 서구 동천동,615,615,0,호반베르디움,84.858,202110,29,"56,000",4,2008,하남대로680번길 10,,-,-
광주광역시 서구 동천동,515,515,0,휴먼시아3단지,84.95,202110,1,"40,000",15,2008,동천로18번길 19,,-,-
광주광역시 서구 동천동,515,515,0,휴먼시아3단지,84.87,202110,6,"38,170",14,2008,동천로18번길 19,,-,-
광주광역시 서구 동천동,515,515,0,휴먼시아3단지,84.95,202110,11,"40,000",18,2008,동천로18번길 19,,-,-
광주광역시 서구 마륵동,803,803,0,한신휴플러스,84.8109,202110,2,"70,000",5,2013,마륵복개로 98,,-,-
광주광역시 서구 마륵동,803,803,0,한신휴플러스,84.8109,202110,2,"70,000",12,2013,마륵복개로 98,,-,-
광주광역시 서구 마륵동,803,803,0,한신휴플러스,84.8109,202110,20,"57,200",1,2013,마륵복개로 98,,-,-
광주광역시 서구 쌍촌동,1232-1,1232,1,광명중흥,84.99,202110,2,"22,500",10,1992,화정로 96,,-,-
광주광역시 서구 쌍촌동,1232-1,1232,1,광명중흥,84.99,202110,15,"22,800",9,1992,화정로 96,,-,-
광주광역시 서구 쌍촌동,96,96,0,광명하이츠,149.76,202110,5,"32,600",4,1992,내방로251번길 10,20211019,-,-
광주광역시 서구 쌍촌동,96,96,0,광명하이츠,84.96,202110,8,"16,000",1,1992,내방로251번길 10,,-,-
광주광역시 서구 쌍촌동,96,96,0,광명하이츠,84.96,202110,8,"15,900",2,1992,내방로251번길 10,,-,-
광주광역시 서구 쌍촌동,96,96,0,광명하이츠,84.96,202110,9,"17,000",18,1992,내방로251번길 10,,-,-
광주광역시 서구 쌍촌동,96,96,0,광명하이츠,84.96,202110,10,"16,200",21,1992,내방로251번길 10,,-,-
광주광역시 서구 쌍촌동,96,96,0,광명하이츠,139.73,202110,14,"30,200",10,1992,내방로251번길 10,,-,-
광주광역시 서구 쌍촌동,96,96,0,광명하이츠,84.93,202110,15,"18,000",21,1992,내방로251번길 10,,-,-
광주광역시 서구 쌍촌동,96,96,0,광명하이츠,84.93,202110,20,"16,300",25,1992,내방로251번길 10,,-,-
광주광역시 서구 쌍촌동,96,96,0,광명하이츠,84.96,202110,24,"17,200",13,1992,내방로251번길 10,,-,-
광주광역시 서구 쌍촌동,96,96,0,광명하이츠,84.93,202110,27,"16,000",20,1992,내방로251번길 10,,-,-
광주광역시 서구 쌍촌동,1389,1389,0,광천모아엘가,72.9746,202110,6,"32,500",26,2021,칠성로 89,,-,-
광주광역시 서구 쌍촌동,1233-10,1233,10,대주,84.9,202110,16,"24,900",18,1992,화정로 106-15,,-,-
광주광역시 서구 쌍촌동,1135,1135,0,동남,60,202110,19,"11,300",5,1995,칠성로35번길 6-10,,-,-
광주광역시 서구 쌍촌동,1228-1,1228,1,빛고을파크,59.85,202110,5,"15,300",14,1991,화정로 105,,-,-
광주광역시 서구 쌍촌동,1228-1,1228,1,빛고을파크,50.16,202110,13,"13,400",2,1991,화정로 105,,-,-
광주광역시 서구 쌍촌동,1228-1,1228,1,빛고을파크,59.82,202110,15,"15,000",8,1991,화정로 105,,-,-
광주광역시 서구 쌍촌동,1228-1,1228,1,빛고을파크,50.16,202110,23,"13,000",7,1991,화정로 105,,-,-
광주광역시 서구 쌍촌동,1228-1,1228,1,빛고을파크,50.22,202110,24,"13,500",4,1991,화정로 105,,-,-
광주광역시 서구 쌍촌동,1228-1,1228,1,빛고을파크,50.16,202110,29,"13,950",3,1991,화정로 105,,-,-
광주광역시 서구 쌍촌동,1380,1380,0,상무엘리체,84.9888,202110,1,"56,000",15,2018,월드컵4강로197번길 12,,-,-
광주광역시 서구 쌍촌동,1380,1380,0,상무엘리체,84.981,202110,2,"59,500",8,2018,월드컵4강로197번길 12,,-,-
광주광역시 서구 쌍촌동,1380,1380,0,상무엘리체,73.3745,202110,3,"43,000",3,2018,월드컵4강로197번길 12,,-,-
광주광역시 서구 쌍촌동,1380,1380,0,상무엘리체,84.9888,202110,9,"60,000",23,2018,월드컵4강로197번길 12,,-,-
광주광역시 서구 쌍촌동,1380,1380,0,상무엘리체,84.9977,202110,16,"49,000",2,2018,월드컵4강로197번길 12,,-,-
광주광역시 서구 쌍촌동,1378,1378,0,상무지오스테이션,73.8089,202110,9,"26,500",6,2016,무진대로772번길 4,,-,-
광주광역시 서구 쌍촌동,904,904,0,상무푸르지오,105.8644,202110,10,"59,500",3,2011,금호운천길 83,,-,-
광주광역시 서구 쌍촌동,1385,1385,0,상무한국아델리움,84.953,202110,2,"51,000",9,2019,내방로241번길 10,,-,-
광주광역시 서구 쌍촌동,1385,1385,0,상무한국아델리움,84.953,202110,3,"52,300",21,2019,내방로241번길 10,,-,-
광주광역시 서구 쌍촌동,1385,1385,0,상무한국아델리움,84.953,202110,4,"50,500",5,2019,내방로241번길 10,,-,-
광주광역시 서구 쌍촌동,1385,1385,0,상무한국아델리움,84.9543,202110,4,"52,000",13,2019,내방로241번길 10,,-,-
광주광역시 서구 쌍촌동,1385,1385,0,상무한국아델리움,84.9543,202110,7,"50,000",15,2019,내방로241번길 10,,-,-
광주광역시 서구 쌍촌동,1385,1385,0,상무한국아델리움,84.9543,202110,23,"50,300",5,2019,내방로241번길 10,,-,-
광주광역시 서구 쌍촌동,1385,1385,0,상무한국아델리움,84.9543,202110,26,"45,500",3,2019,내방로241번길 10,,-,-
광주광역시 서구 쌍촌동,364,364,0,상무힐스테이트,163.8414,202110,4,"101,500",3,2010,상무대로911번길 42,,-,-
광주광역시 서구 쌍촌동,137-4,137,4,신천힐탑맨션,84.945,202110,16,"14,800",3,2011,상무오월로51번길 2,,-,-
광주광역시 서구 쌍촌동,137-4,137,4,신천힐탑맨션,59.99,202110,27,"11,800",17,2011,상무오월로51번길 2,,-,-
광주광역시 서구 쌍촌동,278-1,278,1,쌍촌아너팰리스,63.3138,202110,22,"24,000",14,2017,월드컵4강로 232,,-,-
광주광역시 서구 쌍촌동,1337,1337,0,우미아트빌2,84.6985,202110,15,"44,500",11,2002,상무민주로 120,,-,-
광주광역시 서구 쌍촌동,1337,1337,0,우미아트빌2,59.8276,202110,20,"27,300",16,2002,상무민주로 120,,-,-
광주광역시 서구 쌍촌동,1337-3,1337,3,중흥에스-클래스,84.9608,202110,1,"48,800",16,2006,상무민주로 104,,-,-
광주광역시 서구 쌍촌동,1337-3,1337,3,중흥에스-클래스,59.9854,202110,23,"37,500",11,2006,상무민주로 104,,-,-
광주광역시 서구 쌍촌동,01월 02일,1,2,진성,48.24,202110,6,"48,700",5,1984,칠성로 131-1,,-,-
광주광역시 서구 쌍촌동,155,155,0,현대,59.36,202110,4,"16,400",4,1997,내방로240번길 10,,-,-
광주광역시 서구 쌍촌동,155,155,0,현대,59.36,202110,22,"18,000",13,1997,내방로240번길 10,,-,-
광주광역시 서구 쌍촌동,1337-2,1337,2,호반리젠시빌,84.7555,202110,4,"35,000",2,2002,상일로 53,,-,-
광주광역시 서구 쌍촌동,1337-2,1337,2,호반리젠시빌,84.7555,202110,8,"39,000",14,2002,상일로 53,,-,-
광주광역시 서구 쌍촌동,1337-2,1337,2,호반리젠시빌,84.7555,202110,12,"32,800",5,2002,상일로 53,,-,-
광주광역시 서구 양동,321-20,321,20,그린파크,59.85,202110,1,"10,800",9,1996,상무대로1224번길 14,,-,-
광주광역시 서구 양동,321-20,321,20,그린파크,59.85,202110,8,"10,700",13,1996,상무대로1224번길 14,,-,-
광주광역시 서구 양동,321-20,321,20,그린파크,59.85,202110,29,"10,300",6,1996,상무대로1224번길 14,,-,-
광주광역시 서구 양동,Feb-60,60,2,금호2차,84.92,202110,28,"23,000",5,1985,천변좌로 264,,-,-
광주광역시 서구 양동,420-5,420,5,동산,59.85,202110,25,"10,800",16,1994,발산로25번길 6,,-,-
광주광역시 서구 양동,Mar-61,61,3,삼익맨션,60.58,202110,12,"16,700",4,1978,천변좌로 282,,-,-
광주광역시 서구 양동,460,460,0,양동휴먼시아,84.96,202110,4,"31,700",3,2010,발산로 36,,-,-
광주광역시 서구 양동,460,460,0,양동휴먼시아,84.96,202110,4,"30,400",3,2010,발산로 36,,-,-
광주광역시 서구 양동,460,460,0,양동휴먼시아,108.85,202110,6,"43,000",13,2010,발산로 36,,-,-
광주광역시 서구 양동,460,460,0,양동휴먼시아,59.98,202110,8,"22,400",1,2010,발산로 36,,-,-
광주광역시 서구 양동,460,460,0,양동휴먼시아,84.87,202110,19,"34,000",10,2010,발산로 36,,-,-
광주광역시 서구 양동,460,460,0,양동휴먼시아,84.87,202110,25,"32,800",7,2010,발산로 36,,-,-
광주광역시 서구 양동,460,460,0,양동휴먼시아,51.95,202110,28,"20,500",8,2010,발산로 36,,-,-
광주광역시 서구 유촌동,864,864,0,버들마을,84.98,202110,23,"27,500",2,2000,상무버들로40번길 14,20211104,-,-
광주광역시 서구 유촌동,871,871,0,상무버들마을주공2,59.97,202110,1,"15,500",2,1999,상무버들로 15,,-,-
광주광역시 서구 유촌동,871,871,0,상무버들마을주공2,59.97,202110,2,"19,000",6,1999,상무버들로 15,,-,-
광주광역시 서구 유촌동,871,871,0,상무버들마을주공2,59.97,202110,4,"15,000",2,1999,상무버들로 15,,-,-
광주광역시 서구 유촌동,871,871,0,상무버들마을주공2,59.97,202110,7,"16,500",1,1999,상무버들로 15,,-,-
광주광역시 서구 유촌동,871,871,0,상무버들마을주공2,59.97,202110,8,"15,900",1,1999,상무버들로 15,,-,-
광주광역시 서구 유촌동,871,871,0,상무버들마을주공2,59.97,202110,9,"18,000",9,1999,상무버들로 15,,-,-
광주광역시 서구 유촌동,871,871,0,상무버들마을주공2,59.97,202110,12,"17,100",16,1999,상무버들로 15,,-,-
광주광역시 서구 유촌동,871,871,0,상무버들마을주공2,49.74,202110,15,"14,750",20,1999,상무버들로 15,,-,-
광주광역시 서구 유촌동,871,871,0,상무버들마을주공2,59.97,202110,16,"17,900",18,1999,상무버들로 15,,-,-
광주광역시 서구 유촌동,871,871,0,상무버들마을주공2,59.97,202110,22,"18,750",9,1999,상무버들로 15,,-,-
광주광역시 서구 유촌동,820-2,820,2,유촌동다이아빌,59.9785,202110,2,"17,000",3,2005,칠성로35번길 6-9,,-,-
광주광역시 서구 유촌동,820-2,820,2,유촌동다이아빌,59.9785,202110,5,"17,300",13,2005,칠성로35번길 6-9,,-,-
광주광역시 서구 유촌동,852,852,0,호반리젠시빌,80.779,202110,14,"31,700",13,2001,상무버들로 45,,-,-
광주광역시 서구 유촌동,852,852,0,호반리젠시빌,80.779,202110,22,"34,000",7,2001,상무버들로 45,,-,-
광주광역시 서구 치평동,1171-5,1171,5,금호3,84.87,202110,2,"50,000",1,1998,치평로 23,,-,-
광주광역시 서구 치평동,1171-5,1171,5,금호3,84.87,202110,2,"54,800",8,1998,치평로 23,,-,-
광주광역시 서구 치평동,1166-2,1166,2,금호대우,59.94,202110,12,"30,500",5,1998,치평로 107,,-,-
광주광역시 서구 치평동,1166-2,1166,2,금호대우,59.94,202110,24,"30,200",16,1998,치평로 107,,-,-
광주광역시 서구 치평동,1171-4,1171,4,금호쌍용,164.81,202110,11,"88,000",8,1998,치평로 35,,-,-
광주광역시 서구 치평동,1166-2,1166,2,대우금호,59.94,202110,25,"23,000",10,1998,치평로 107,,-,-
광주광역시 서구 치평동,1166-2,1166,2,대우금호,59.94,202110,27,"30,000",18,1998,치평로 107,,-,-
광주광역시 서구 치평동,1168-11,1168,11,대주,59.955,202110,14,"28,700",8,1998,상무공원로 94,,-,-
광주광역시 서구 치평동,1168-11,1168,11,대주,59.955,202110,20,"26,000",3,1998,상무공원로 94,,-,-
광주광역시 서구 치평동,1171-6,1171,6,라인대주,59.87,202110,7,"34,000",11,1997,치평로 15,,-,-
광주광역시 서구 치평동,1171-6,1171,6,라인대주,59.87,202110,12,"34,000",9,1997,치평로 15,,-,-
광주광역시 서구 치평동,1171-6,1171,6,라인대주,59.87,202110,14,"34,000",10,1997,치평로 15,,-,-
광주광역시 서구 치평동,1171-6,1171,6,라인대주,59.87,202110,18,"33,500",13,1997,치평로 15,,-,-
광주광역시 서구 치평동,1159,1159,0,상무1차우미,59.88,202110,12,"25,500",1,1998,상무공원로 35,,-,-
광주광역시 서구 치평동,1249,1249,0,상무광명메이루즈,84.9857,202110,12,"50,700",4,2016,시청로 27,,-,-
광주광역시 서구 치평동,1258-5,1258,5,상무리채2,20.7189,202110,5,"8,300",14,2014,시청로 13,,-,-
광주광역시 서구 치평동,1258-5,1258,5,상무리채2,20.7189,202110,5,"8,600",9,2014,시청로 13,,-,-
광주광역시 서구 치평동,1258-5,1258,5,상무리채2,20.7189,202110,5,"8,600",11,2014,시청로 13,,-,-
광주광역시 서구 치평동,1331,1331,0,상무에스케이뷰,39.342,202110,5,"25,500",17,2016,마륵복개로 140,,-,-
광주광역시 서구 치평동,1331,1331,0,상무에스케이뷰,84.987,202110,10,"81,800",9,2016,마륵복개로 140,,-,-
광주광역시 서구 치평동,1331,1331,0,상무에스케이뷰,39.342,202110,20,"23,500",5,2016,마륵복개로 140,,-,-
광주광역시 서구 치평동,1331,1331,0,상무에스케이뷰,39.342,202110,21,"24,000",9,2016,마륵복개로 140,,-,-
광주광역시 서구 치평동,1218,1218,0,상무지구리채시티,20.0778,202110,1,"7,600",10,2014,시청로 71,,-,-
광주광역시 서구 치평동,1220-3,1220,3,상무지구영무예다음주상복합,84.9161,202110,6,"59,000",30,2020,시청로 64,,-,-
광주광역시 서구 치평동,1168-1,1168,1,중흥(1168-1),84.93,202110,8,"54,000",16,1997,치평로 77,,-,-
광주광역시 서구 치평동,1168-1,1168,1,중흥(1168-1),84.93,202110,13,"54,000",14,1997,치평로 77,,-,-
광주광역시 서구 치평동,1168,1168,0,해광한신,59.99,202110,5,"26,000",9,1998,상무공원로 114,,-,-
광주광역시 서구 치평동,1168,1168,0,해광한신,59.935,202110,8,"25,000",2,1998,상무공원로 114,,-,-
광주광역시 서구 치평동,1168,1168,0,해광한신,59.935,202110,13,"26,500",4,1998,상무공원로 114,,-,-
광주광역시 서구 치평동,1168,1168,0,해광한신,55.395,202110,19,"16,000",4,1998,상무공원로 114,,-,-
광주광역시 서구 치평동,1168,1168,0,해광한신,59.99,202110,23,"26,000",2,1998,상무공원로 114,,-,-
광주광역시 서구 치평동,1166-7,1166,7,호반,59.91,202110,4,"28,000",3,1998,상무공원로 128,,-,-
광주광역시 서구 치평동,1166-7,1166,7,호반,59.91,202110,7,"26,000",14,1998,상무공원로 128,,-,-
광주광역시 서구 풍암동,929-2,929,2,광명메이루즈,143.7883,202110,5,"71,000",3,2013,풍암신흥로 18,,-,-
광주광역시 서구 풍암동,1130,1130,0,금호1,134.826,202110,7,"52,500",1,2000,풍암중앙로 68,,-,-
광주광역시 서구 풍암동,1063,1063,0,대주파크빌(3차),84.815,202110,1,"31,800",11,2003,풍암순환로 112,,-,-
광주광역시 서구 풍암동,1063,1063,0,대주파크빌(3차),84.815,202110,16,"30,000",16,2003,풍암순환로 112,,-,-
광주광역시 서구 풍암동,1063,1063,0,대주파크빌(3차),84.815,202110,28,"29,000",12,2003,풍암순환로 112,,-,-
광주광역시 서구 풍암동,664-6,664,6,동부센트레빌,114.989,202110,1,"46,000",5,2003,풍암신흥로 40,,-,-
광주광역시 서구 풍암동,664-6,664,6,동부센트레빌,133.435,202110,2,"58,000",15,2003,풍암신흥로 40,,-,-
광주광역시 서구 풍암동,664-6,664,6,동부센트레빌,114.989,202110,2,"45,400",2,2003,풍암신흥로 40,,-,-
광주광역시 서구 풍암동,664-6,664,6,동부센트레빌,133.435,202110,13,"61,000",3,2003,풍암신흥로 40,,-,-
광주광역시 서구 풍암동,1101,1101,0,모아엘가,109.45,202110,11,"42,500",4,2000,풍암중앙로 25,,-,-
광주광역시 서구 풍암동,1101,1101,0,모아엘가,109.45,202110,13,"44,000",6,2000,풍암중앙로 25,,-,-
광주광역시 서구 풍암동,1099,1099,0,부영APT(신암마을),80.1864,202110,14,"27,900",3,2000,풍암1로 42,,-,-
광주광역시 서구 풍암동,1058,1058,0,삼능남양,60,202110,5,"17,000",14,2000,풍암순환로 86,,-,-
광주광역시 서구 풍암동,1058,1058,0,삼능남양,60,202110,14,"17,800",6,2000,풍암순환로 86,,-,-
광주광역시 서구 풍암동,1058,1058,0,삼능남양,60,202110,15,"17,600",3,2000,풍암순환로 86,,-,-
광주광역시 서구 풍암동,1058,1058,0,삼능남양,60,202110,17,"18,200",10,2000,풍암순환로 86,,-,-
광주광역시 서구 풍암동,1058,1058,0,삼능남양,60,202110,18,"17,800",15,2000,풍암순환로 86,,-,-
광주광역시 서구 풍암동,1058,1058,0,삼능남양,60,202110,23,"17,800",9,2000,풍암순환로 86,,-,-
광주광역시 서구 풍암동,1054,1054,0,새한센시빌,82.6212,202110,23,"32,500",1,2001,풍암순환로 54,,-,-
광주광역시 서구 풍암동,1132,1132,0,우미광장,33.7075,202110,2,"9,800",14,2000,풍암순환로 183,,-,-
광주광역시 서구 풍암동,1132,1132,0,우미광장,33.7075,202110,3,"9,500",1,2000,풍암순환로 183,,-,-
광주광역시 서구 풍암동,1132,1132,0,우미광장,59.79,202110,12,"19,800",2,2000,풍암순환로 183,,-,-
광주광역시 서구 풍암동,1132,1132,0,우미광장,59.955,202110,13,"17,000",1,2000,풍암순환로 183,,-,-
광주광역시 서구 풍암동,1132,1132,0,우미광장,59.79,202110,16,"19,500",17,2000,풍암순환로 183,,-,-
광주광역시 서구 풍암동,1132,1132,0,우미광장,59.79,202110,17,"20,500",17,2000,풍암순환로 183,,-,-
광주광역시 서구 풍암동,1132,1132,0,우미광장,59.955,202110,17,"19,500",14,2000,풍암순환로 183,,-,-
광주광역시 서구 풍암동,1127,1127,0,주은모아,59.7,202110,2,"17,500",14,2000,풍암2로 36,,-,-
광주광역시 서구 풍암동,1127,1127,0,주은모아,59.7,202110,5,"17,300",3,2000,풍암2로 36,,-,-
광주광역시 서구 풍암동,1127,1127,0,주은모아,59.7,202110,13,"19,700",8,2000,풍암2로 36,,-,-
광주광역시 서구 풍암동,1127,1127,0,주은모아,59.7,202110,16,"18,300",1,2000,풍암2로 36,,-,-
광주광역시 서구 풍암동,1127,1127,0,주은모아,59.28,202110,17,"19,700",15,2000,풍암2로 36,,-,-
광주광역시 서구 풍암동,1127,1127,0,주은모아,59.7,202110,19,"19,600",9,2000,풍암2로 36,,-,-
광주광역시 서구 풍암동,1048,1048,0,중흥호반,59.88,202110,6,"17,800",6,2000,풍암순환로 10,20211027,-,-
광주광역시 서구 풍암동,1048,1048,0,중흥호반,59.88,202110,6,"17,800",6,2000,풍암순환로 10,,-,-
광주광역시 서구 풍암동,1048,1048,0,중흥호반,59.88,202110,16,"17,000",3,2000,풍암순환로 10,,-,-
광주광역시 서구 풍암동,1048,1048,0,중흥호반,59.46,202110,16,"17,000",1,2000,풍암순환로 10,,-,-
광주광역시 서구 풍암동,1059,1059,0,한국,59.985,202110,8,"18,500",13,2000,풍암2로 84,,-,-
광주광역시 서구 풍암동,1059,1059,0,한국,59.985,202110,12,"17,300",12,2000,풍암2로 84,,-,-
광주광역시 서구 풍암동,1059,1059,0,한국,59.985,202110,14,"17,000",3,2000,풍암2로 84,,-,-
광주광역시 서구 풍암동,1059,1059,0,한국,59.985,202110,14,"17,650",2,2000,풍암2로 84,,-,-
광주광역시 서구 풍암동,1059,1059,0,한국,59.985,202110,18,"16,500",16,2000,풍암2로 84,,-,-
광주광역시 서구 풍암동,1059,1059,0,한국,59.985,202110,20,"17,000",15,2000,풍암2로 84,,-,-
광주광역시 서구 풍암동,1059,1059,0,한국,59.985,202110,28,"15,500",6,2000,풍암2로 84,,-,-
광주광역시 서구 풍암동,127-1,127,1,한국아델리움,130.5085,202110,2,"68,000",3,2009,풍암순환로 135-1,,-,-
광주광역시 서구 풍암동,127-1,127,1,한국아델리움,114.2904,202110,7,"58,000",3,2009,풍암순환로 135-1,,-,-
광주광역시 서구 풍암동,127-1,127,1,한국아델리움,114.2904,202110,7,"65,500",13,2009,풍암순환로 135-1,,-,-
광주광역시 서구 풍암동,127-1,127,1,한국아델리움,114.2904,202110,11,"59,700",6,2009,풍암순환로 135-1,,-,-
광주광역시 서구 풍암동,1053,1053,0,한신,59.79,202110,1,"16,450",10,2000,풍암순환로 38,,-,-
광주광역시 서구 풍암동,1053,1053,0,한신,39.31,202110,5,"8,800",9,2000,풍암순환로 38,,-,-
광주광역시 서구 풍암동,1053,1053,0,한신,39.31,202110,5,"7,900",14,2000,풍암순환로 38,,-,-
광주광역시 서구 풍암동,1053,1053,0,한신,39.31,202110,5,"8,500",7,2000,풍암순환로 38,,-,-
광주광역시 서구 풍암동,1053,1053,0,한신,59.79,202110,9,"15,450",6,2000,풍암순환로 38,,-,-
광주광역시 서구 풍암동,1053,1053,0,한신,59.79,202110,12,"15,000",9,2000,풍암순환로 38,,-,-
광주광역시 서구 풍암동,1053,1053,0,한신,39.31,202110,15,"9,150",15,2000,풍암순환로 38,,-,-
광주광역시 서구 풍암동,1053,1053,0,한신,59.79,202110,18,"16,000",11,2000,풍암순환로 38,,-,-
광주광역시 서구 풍암동,1053,1053,0,한신,59.79,202110,19,"16,500",8,2000,풍암순환로 38,,-,-
광주광역시 서구 풍암동,1057,1057,0,현대,59.95,202110,2,"16,500",11,2000,풍암순환로 70,,-,-
광주광역시 서구 풍암동,1057,1057,0,현대,59.95,202110,2,"16,700",16,2000,풍암순환로 70,,-,-
광주광역시 서구 풍암동,1057,1057,0,현대,59.95,202110,4,"15,300",14,2000,풍암순환로 70,,-,-
광주광역시 서구 풍암동,1057,1057,0,현대,59.95,202110,4,"18,800",18,2000,풍암순환로 70,,-,-
광주광역시 서구 풍암동,1057,1057,0,현대,59.95,202110,7,"17,950",17,2000,풍암순환로 70,,-,-
광주광역시 서구 풍암동,1057,1057,0,현대,59.95,202110,7,"17,000",6,2000,풍암순환로 70,,-,-
광주광역시 서구 풍암동,1057,1057,0,현대,59.95,202110,8,"17,000",14,2000,풍암순환로 70,,-,-
광주광역시 서구 풍암동,1057,1057,0,현대,59.95,202110,9,"15,000",10,2000,풍암순환로 70,,-,-
광주광역시 서구 풍암동,1057,1057,0,현대,59.95,202110,15,"17,000",5,2000,풍암순환로 70,,-,-
광주광역시 서구 풍암동,1057,1057,0,현대,59.95,202110,26,"17,000",5,2000,풍암순환로 70,,-,-
광주광역시 서구 풍암동,1096,1096,0,현대삼환,99.991,202110,8,"38,800",13,2000,풍암1로 53,,-,-
광주광역시 서구 화정동,400-16,400,16,e-편한세상,185.78,202110,8,"91,000",6,2006,금화로 293,,-,-
광주광역시 서구 화정동,1020,1020,0,광명,59.91,202110,7,"14,500",20,1995,월드컵4강로28번길 50-17,,-,-
광주광역시 서구 화정동,928-2,928,2,금호1,134.94,202110,16,"54,800",3,1993,염화로57번길 3,,-,-
광주광역시 서구 화정동,928-2,928,2,금호1,134.94,202110,25,"56,900",10,1993,염화로57번길 3,,-,-
광주광역시 서구 화정동,1072,1072,0,금호타운1,59.94,202110,2,"17,500",4,1996,화운로23번길 7-8,,-,-
광주광역시 서구 화정동,1072,1072,0,금호타운1,59.94,202110,30,"18,500",16,1996,화운로23번길 7-8,,-,-
광주광역시 서구 화정동,366-19,366,19,금호타운3,84.89,202110,17,"22,650",2,1995,화정로180번길 6,,-,-
광주광역시 서구 화정동,366-19,366,19,금호타운3,59.88,202110,25,"15,600",3,1995,화정로180번길 6,,-,-
광주광역시 서구 화정동,366-19,366,19,금호타운3,59.88,202110,26,"16,550",5,1995,화정로180번길 6,,-,-
광주광역시 서구 화정동,334-6,334,6,대륙,58.73,202110,28,"10,700",2,1982,월드컵4강로112번길 10,,-,-
광주광역시 서구 화정동,1193,1193,0,대주,84.99,202110,3,"17,500",20,1992,화운로 37,,-,-
광주광역시 서구 화정동,1193,1193,0,대주,84.99,202110,14,"20,800",13,1992,화운로 37,,-,-
광주광역시 서구 화정동,930-1,930,1,라인동산,84.97,202110,9,"24,100",3,1992,염화로45번길 17,,-,-
광주광역시 서구 화정동,858-2,858,2,럭키,61.83,202110,6,"29,400",1,1985,염화로40번길 20,,-,-
광주광역시 서구 화정동,858-2,858,2,럭키,61.83,202110,7,"32,000",5,1985,염화로40번길 20,,-,-
광주광역시 서구 화정동,858-2,858,2,럭키,52.56,202110,8,"26,900",2,1985,염화로40번길 20,,-,-
광주광역시 서구 화정동,896-1,896,1,모아,85,202110,11,"19,000",2,1992,화정로 135,,-,-
광주광역시 서구 화정동,896-1,896,1,모아,85,202110,19,"23,500",12,1992,화정로 135,,-,-
광주광역시 서구 화정동,927-2,927,2,모아타워,131.52,202110,25,"42,800",6,1993,염화로57번길 4,,-,-
광주광역시 서구 화정동,127-1,127,1,무등파크맨션,118.89,202110,6,"25,500",2,1985,군분2로 45,,-,-
광주광역시 서구 화정동,127-1,127,1,무등파크맨션,84.96,202110,6,"21,900",5,1985,군분2로 45,,-,-
광주광역시 서구 화정동,131-4,131,4,삼익,65.1,202110,12,"32,700",5,1979,죽봉대로 31,,-,-
광주광역시 서구 화정동,1611,1611,0,유니버시아드힐스테이트1단지,84.98,202110,1,"66,000",9,2016,화운로 94,,-,-
광주광역시 서구 화정동,1611,1611,0,유니버시아드힐스테이트1단지,84.98,202110,15,"72,000",26,2016,화운로 94,,-,-
광주광역시 서구 화정동,1611,1611,0,유니버시아드힐스테이트1단지,84.98,202110,18,"71,000",27,2016,화운로 94,,-,-
광주광역시 서구 화정동,1610,1610,0,유니버시아드힐스테이트2단지,84.98,202110,4,"64,000",22,2016,화정로 211,,-,-
광주광역시 서구 화정동,1610,1610,0,유니버시아드힐스테이트2단지,84.97,202110,7,"66,000",14,2016,화정로 211,,-,-
광주광역시 서구 화정동,1610,1610,0,유니버시아드힐스테이트2단지,84.98,202110,10,"67,000",17,2016,화정로 211,,-,-
광주광역시 서구 화정동,1612,1612,0,유니버시아드힐스테이트3단지,84.97,202110,2,"63,000",25,2016,화운로 24,,-,-
광주광역시 서구 화정동,1612,1612,0,유니버시아드힐스테이트3단지,84.98,202110,8,"74,000",6,2016,화운로 24,,-,-
광주광역시 서구 화정동,1612,1612,0,유니버시아드힐스테이트3단지,84.97,202110,9,"76,000",19,2016,화운로 24,,-,-
광주광역시 서구 화정동,1612,1612,0,유니버시아드힐스테이트3단지,101.96,202110,10,"85,500",24,2016,화운로 24,,-,-
광주광역시 서구 화정동,1612,1612,0,유니버시아드힐스테이트3단지,84.96,202110,16,"78,000",12,2016,화운로 24,,-,-
광주광역시 서구 화정동,1612,1612,0,유니버시아드힐스테이트3단지,84.97,202110,25,"65,000",24,2016,화운로 24,,-,-
광주광역시 서구 화정동,23-37,23,37,유탑유블레스,19.7906,202110,30,"6,250",8,2013,내방로 349,,-,-
광주광역시 서구 화정동,858-3,858,3,태영,54.04,202110,13,"17,500",6,1989,염화로40번길 20-1,,-,-
광주광역시 서구 화정동,1023,1023,0,한양,59.972,202110,13,"12,900",1,1998,월드컵4강로28번길 46,,-,-
광주광역시 서구 화정동,1023,1023,0,한양,59.972,202110,15,"15,600",9,1998,월드컵4강로28번길 46,,-,-
광주광역시 서구 화정동,23-20,23,20,해광샹그릴라센트럴337,54.6212,202110,18,"22,500",14,2017,내방로 337,,-,-
광주광역시 서구 화정동,23-20,23,20,해광샹그릴라센트럴337,54.6212,202110,20,"18,400",2,2017,내방로 337,,-,-
광주광역시 서구 화정동,23-20,23,20,해광샹그릴라센트럴337,75.6415,202110,22,"25,700",4,2017,내방로 337,,-,-
광주광역시 서구 화정동,23-20,23,20,해광샹그릴라센트럴337,55.5192,202110,25,"21,700",10,2017,내방로 337,,-,-
광주광역시 서구 화정동,179-24,179,24,해피투모루,18.1418,202110,22,"6,000",6,2013,군분2로 16,,-,-
광주광역시 서구 화정동,859-1,859,1,현대(859-1),53.46,202110,18,"21,800",11,1987,월드컵4강로 22,,-,-
광주광역시 서구 화정동,1701,1701,0,화정동고운하이플러스,84.2401,202110,16,"47,000",11,2014,화운로99번길 20,,-,-
광주광역시 서구 화정동,1295,1295,0,화정동영무예다음,59.6134,202110,23,"12,500",2,2003,화운로23번길 7-31,,-,-
광주광역시 서구 화정동,1706,1706,0,화정엘리체퍼스티지,110.2243,202110,20,"90,000",15,2019,염화로 20,,-,-
광주광역시 서구 화정동,440,440,0,화정우미,84.84,202110,9,"27,750",7,1996,염화로31번길 23,,-,-
광주광역시 서구 화정동,367-17,367,17,흥국,56.088,202110,6,"12,000",1,1982,화정로179번길 8,,-,-
광주광역시 서구 화정동,367-17,367,17,흥국,56.88,202110,7,"13,600",5,1982,화정로179번길 4,,-,-
대구광역시 남구 대명동,1635,1635,0,개나리맨션,59.8,202110,15,"26,800",8,1980,대명로 117,,-,-
대구광역시 남구 대명동,2680-17,2680,17,보성청록타운,84.99,202110,16,"33,000",7,1998,큰골길 200,,-,-
대구광역시 남구 대명동,1721-29,1721,29,삼두,42.525,202110,13,"13,500",2,1980,대명서로 17,,-,-
대구광역시 남구 대명동,1714-5,1714,5,아크로파트,134.52,202110,7,"35,500",9,2003,현충로 133,,-,-
대구광역시 남구 대명동,302-1,302,1,영대맨션,89.43,202110,15,"48,000",2,2001,대명로53길 33,,-,-
대구광역시 남구 대명동,302-1,302,1,영대맨션,89.43,202110,15,"48,000",4,2001,대명로53길 33,,-,-
대구광역시 남구 대명동,302-1,302,1,영대맨션,84.96,202110,15,"43,000",5,2001,대명로53길 33,,-,-
대구광역시 남구 대명동,302-1,302,1,영대맨션,89.43,202110,15,"47,000",3,2001,대명로53길 33,,-,-
대구광역시 남구 대명동,302-1,302,1,영대맨션,89.43,202110,15,"45,000",2,2001,대명로53길 33,,-,-
대구광역시 남구 대명동,302-1,302,1,영대맨션,89.43,202110,15,"46,000",4,2001,대명로53길 33,,-,-
대구광역시 남구 대명동,302-1,302,1,영대맨션,84.96,202110,15,"47,500",3,2001,대명로53길 33,,-,-
대구광역시 남구 대명동,302-1,302,1,영대맨션,89.43,202110,15,"60,000",5,2001,대명로53길 33,,-,-
대구광역시 남구 대명동,302-1,302,1,영대맨션,89.43,202110,15,"45,000",5,2001,대명로53길 33,,-,-
대구광역시 남구 대명동,1111,1111,0,우방코스모스,73.427,202110,8,"39,700",1,1981,대명로 42,,-,-
대구광역시 남구 대명동,1633,1633,0,파크맨션,58.54,202110,27,"24,800",8,1980,대명복개로 230,,-,-
대구광역시 남구 대명동,2014-437,2014,437,효동,81.89,202110,26,"26,800",4,2004,중앙대로46길 29,,-,-
대구광역시 남구 봉덕동,1635,1635,0,강변효성백년가약,122.6031,202110,18,"81,000",18,2012,봉덕로 135,,-,-
대구광역시 남구 봉덕동,1329-1,1329,1,대덕2차,84.99,202110,10,"36,500",9,1991,앞산순환로 655,,-,-
대구광역시 남구 봉덕동,산89-3,89,3,미리내,84.19,202110,14,"31,500",3,1982,효성로 13,,-,-
대구광역시 남구 봉덕동,1639,1639,0,봉덕화성파크드림,84.9644,202110,26,"57,000",18,2019,대봉로14길 30,,-,-
대구광역시 남구 봉덕동,1329,1329,0,앞산보성,49.95,202110,23,"20,000",2,1984,삼정2길 99,,-,-
대구광역시 남구 봉덕동,1650,1650,0,앞산봉덕영무예다음,39.8748,202110,22,"24,500",10,2020,대봉로 12,,-,-
대구광역시 남구 봉덕동,1652,1652,0,앞산비스타동원,84.9476,202110,26,"42,300",22,2021,신촌길 57,,-,-
대구광역시 남구 봉덕동,1642,1642,0,앞산태왕아너스,84.9817,202110,22,"50,300",3,2019,효서길 53,,-,-
대구광역시 남구 봉덕동,1630,1630,0,앞산힐스테이트,125.5392,202110,14,"70,000",14,2008,대덕로 166,,-,-
대구광역시 남구 이천동,214-456,214,456,강변타운,52.23,202110,5,"23,700",15,1994,명덕로68길 19,,-,-
대구광역시 남구 이천동,121-70,121,70,대구이천주공1,59.81,202110,12,"27,300",1,1999,명덕로68길 77,,-,-
대구광역시 남구 이천동,121-70,121,70,대구이천주공1,59.57,202110,26,"29,000",4,1999,명덕로68길 77,,-,-
대구광역시 남구 이천동,361-16,361,16,희망교대성유니드,84.9613,202110,9,"39,600",7,2006,희망로5길 12,,-,-
대구광역시 달서구 감삼동,479,479,0,감삼에이원,49.398,202110,2,"30,000",14,2019,와룡로 145,,-,-
대구광역시 달서구 감삼동,702,702,0,삼정브리티시용산,59.8282,202110,2,"42,000",10,2013,달구벌대로 1530,,-,-
대구광역시 달서구 감삼동,702,702,0,삼정브리티시용산,84.3064,202110,12,"64,000",26,2013,달구벌대로 1530,,-,-
대구광역시 달서구 감삼동,287-57,287,57,성당코오롱하늘채,84.9982,202110,7,"51,300",20,2007,장기로 160,,-,-
대구광역시 달서구 감삼동,287-57,287,57,성당코오롱하늘채,73.895,202110,15,"33,735",8,2007,장기로 160,,-,-
대구광역시 달서구 감삼동,Apr-50,50,4,성창,57.88,202110,8,"18,000",5,1980,당산로41서길 13,,-,-
대구광역시 달서구 감삼동,521,521,0,우방드림시티,84.9328,202110,16,"57,500",4,2003,장기로 242,,-,-
대구광역시 달서구 감삼동,461,461,0,월드마크웨스트엔드,150.73,202110,8,"142,500",13,2010,와룡로 169,,-,-
대구광역시 달서구 감삼동,337-14,337,14,클래식명가,49.064,202110,20,"26,800",9,2021,장기로 206,,-,-
대구광역시 달서구 대곡동,1028,1028,0,삼성래미안2,84.8449,202110,1,"38,100",12,2001,상화로 86,,-,-
대구광역시 달서구 대곡동,1126,1126,0,수목원서한이다음,101.87,202110,5,"57,500",10,2018,한실로6길 123,,-,-
대구광역시 달서구 대곡동,1123,1123,0,수목원제일풍경채,83.31,202110,3,"48,800",13,2018,갈밭남로 12,,-,-
대구광역시 달서구 대곡동,66,66,0,월배동화타운,84.94,202110,16,"26,250",4,1995,상화로 24,,-,-
대구광역시 달서구 대천동,497-2,497,2,월배태영데시앙,125.8647,202110,9,"62,700",4,2009,조암남로 123,,-,-
대구광역시 달서구 대천동,413,413,0,월배힐스테이트,84.9872,202110,9,"49,300",15,2008,조암남로 132,,-,-
대구광역시 달서구 대천동,413,413,0,월배힐스테이트,84.9767,202110,18,"47,500",2,2008,조암남로 132,,-,-
대구광역시 달서구 도원동,1439,1439,0,가람마을,59.99,202110,1,"19,000",18,1997,한실로 135,,-,-
대구광역시 달서구 도원동,1439,1439,0,가람마을,59.99,202110,9,"18,900",8,1997,한실로 135,,-,-
대구광역시 달서구 도원동,1439,1439,0,가람마을,59.99,202110,20,"19,800",6,1997,한실로 135,,-,-
대구광역시 달서구 도원동,1443,1443,0,강산타운,117.62,202110,1,"42,000",11,1997,도원로 45,,-,-
대구광역시 달서구 도원동,1438,1438,0,대곡사계절타운,84.965,202110,8,"30,000",14,1997,한실로 117,,-,-
대구광역시 달서구 도원동,1438,1438,0,대곡사계절타운,116.95,202110,18,"35,300",19,1997,한실로 117,,-,-
대구광역시 달서구 도원동,1444,1444,0,미리샘마을,84.93,202110,9,"27,000",4,1998,한실로 134,,-,-
대구광역시 달서구 도원동,1442,1442,0,별메마을,58.14,202110,3,"18,750",7,1996,도원로 46,,-,-
대구광역시 달서구 도원동,1442,1442,0,별메마을,49.67,202110,11,"16,200",6,1996,도원로 46,,-,-
대구광역시 달서구 도원동,1442,1442,0,별메마을,59.76,202110,13,"17,500",2,1996,도원로 46,,-,-
대구광역시 달서구 도원동,1442,1442,0,별메마을,59.76,202110,20,"17,600",8,1996,도원로 46,,-,-
대구광역시 달서구 도원동,1442,1442,0,별메마을,59.76,202110,23,"16,800",9,1996,도원로 46,,-,-
대구광역시 달서구 도원동,1457,1457,0,산새마을,58.14,202110,2,"17,100",2,1996,도원남로 40,,-,-
대구광역시 달서구 도원동,1457,1457,0,산새마을,58.14,202110,6,"17,800",5,1996,도원남로 40,,-,-
대구광역시 달서구 도원동,1457,1457,0,산새마을,58.14,202110,19,"17,000",10,1996,도원남로 40,,-,-
대구광역시 달서구 도원동,1457,1457,0,산새마을,37.67,202110,27,"12,250",7,1996,도원남로 40,,-,-
대구광역시 달서구 도원동,1440,1440,0,아람마을,59.63,202110,10,"22,400",18,1997,한실로 30,,-,-
대구광역시 달서구 도원동,1440,1440,0,아람마을,59.63,202110,11,"18,700",8,1997,한실로 30,,-,-
대구광역시 달서구 도원동,1440,1440,0,아람마을,59.63,202110,12,"17,350",2,1997,한실로 30,,-,-
대구광역시 달서구 도원동,1440,1440,0,아람마을,59.63,202110,20,"20,200",8,1997,한실로 30,,-,-
대구광역시 달서구 도원동,1429,1429,0,한실들마을,59.76,202110,26,"17,900",10,1996,한실로 49,,-,-
대구광역시 달서구 두류동,486-2,486,2,삼정그린빌,84.8281,202110,14,"62,500",8,2002,야외음악당로39길 54,,-,-
대구광역시 달서구 두류동,141-2,141,2,선빌파크타운,84.95,202110,13,"30,200",3,2004,두류공원로50길 23,,-,-
대구광역시 달서구 본동,247,247,0,그린맨션2차,69.43,202110,23,"33,500",12,1986,구마로36길 20,,-,-
대구광역시 달서구 본동,905,905,0,신영,84.95,202110,22,"25,000",9,2000,구마로12길 43,,-,-
대구광역시 달서구 본동,616,616,0,월성주공5,44.94,202110,7,"15,300",6,1992,구마로12길 89,,-,-
대구광역시 달서구 본동,616,616,0,월성주공5,38.64,202110,7,"13,000",8,1992,구마로12길 89,,-,-
대구광역시 달서구 본동,616,616,0,월성주공5,49.94,202110,8,"19,900",9,1992,구마로12길 89,,-,-
대구광역시 달서구 본동,616,616,0,월성주공5,38.64,202110,15,"10,900",7,1992,구마로12길 89,,-,-
대구광역시 달서구 본동,616,616,0,월성주공5,38.64,202110,26,"13,000",12,1992,구마로12길 89,,-,-
대구광역시 달서구 본리동,401-1,401,1,달서유림노르웨이숲,84.96,202110,25,"42,900",25,2008,와룡로 67,,-,-
대구광역시 달서구 본리동,644-2,644,2,대아(644-2),51.745,202110,2,"22,300",1,1981,구마로9길 30,,-,-
대구광역시 달서구 본리동,Jan-74,74,1,성당래미안e-편한세상1단지,127.31,202110,9,"72,000",9,2009,장기로 189,,-,-
대구광역시 달서구 본리동,Jan-76,76,1,성당래미안e-편한세상2단지,84.95,202110,20,"50,500",1,2009,장기로 145,,-,-
대구광역시 달서구 본리동,352-4,352,4,유림노르웨이아침,150.015,202110,2,"68,000",20,2008,구마로 97,,-,-
대구광역시 달서구 상인동,1473,1473,0,동방낙원,59.88,202110,2,"31,000",1,1988,월곡로45길 49,,-,-
대구광역시 달서구 상인동,1524,1524,0,동서,84.92,202110,6,"30,000",7,1993,상인서로 39,,-,-
대구광역시 달서구 상인동,42,42,0,보성은하,84.96,202110,9,"45,000",8,1994,월곡로 320,,-,-
대구광역시 달서구 상인동,42,42,0,보성은하,134.92,202110,19,"57,500",4,1994,월곡로 320,,-,-
대구광역시 달서구 상인동,113,113,0,상인e-편한세상1단지,84.9228,202110,11,"71,000",18,2008,월서로 14,,-,-
대구광역시 달서구 상인동,1106-1,1106,1,상인동화아이위시,59.91,202110,18,"18,500",7,1994,월곡로 171,,-,-
대구광역시 달서구 상인동,1522,1522,0,상인성지한서타운,84.98,202110,9,"35,250",14,1993,상화북로 195,,-,-
대구광역시 달서구 상인동,150-11,150,11,상인역신일해피트리,84.48,202110,9,"50,000",15,2007,월서로 31,,-,-
대구광역시 달서구 상인동,150-11,150,11,상인역신일해피트리,84.48,202110,24,"46,000",1,2007,월서로 31,,-,-
대구광역시 달서구 상인동,1517,1517,0,상인영남화성타운,59.94,202110,2,"27,000",4,1993,상인서로 76,,-,-
대구광역시 달서구 상인동,1596,1596,0,상인화성파크드림1단지,134,202110,10,"85,000",3,2010,송현로7길 10,,-,-
대구광역시 달서구 상인동,1475-1,1475,1,세경백조3차(임대),39.78,202110,7,"10,000",7,1994,상화북로 160,,-,-
대구광역시 달서구 상인동,797,797,0,송현주공3,84.2,202110,29,"69,000",6,1986,월배로 280,,-,-
대구광역시 달서구 상인동,1587,1587,0,시영은행,59.96,202110,5,"18,400",3,1993,월곡로 112,,-,-
대구광역시 달서구 상인동,1591,1591,0,시영장미3,49.8,202110,23,"12,800",15,1993,상화로 370,,-,-
대구광역시 달서구 상인동,1592,1592,0,시영장미4,49.8,202110,27,"16,000",14,1993,상화로 380,,-,-
대구광역시 달서구 상인동,332-2,332,2,예그린102동,84.9782,202110,17,"29,500",7,2016,월배로28길 47,,-,-
대구광역시 달서구 상인동,1473-1,1473,1,우방청자,66.13,202110,5,"35,000",1,1989,상화북로 117,,-,-
대구광역시 달서구 상인동,1473-1,1473,1,우방청자,66.13,202110,13,"36,600",3,1989,상화북로 117,,-,-
대구광역시 달서구 상인동,1516,1516,0,우방타운,59.9825,202110,9,"30,000",12,1993,상인서로 65,,-,-
대구광역시 달서구 성당동,840,840,0,두산위브,59.9704,202110,7,"34,900",8,2009,당산로 82,,-,-
대구광역시 달서구 성당동,840,840,0,두산위브,59.9704,202110,11,"33,300",3,2009,당산로 82,,-,-
대구광역시 달서구 성당동,840,840,0,두산위브,59.9704,202110,19,"35,900",16,2009,당산로 82,,-,-
대구광역시 달서구 성당동,834,834,0,성당동더샵,142.7062,202110,8,"70,000",8,2008,장기로 115,,-,-
대구광역시 달서구 송현동,161,161,0,금성,55.93,202110,16,"15,500",2,1980,학산로 220,,-,-
대구광역시 달서구 송현동,209,209,0,동서송현해맞이,71.39,202110,15,"27,500",4,1987,월배로 420,,-,-
대구광역시 달서구 송현동,209,209,0,동서송현해맞이,84.885,202110,19,"33,300",2,1987,월배로 420,,-,-
대구광역시 달서구 송현동,156-3,156,3,송림1동,66.45,202110,5,"12,500",5,1979,학산로50길 18-6,,-,-
대구광역시 달서구 송현동,1930-18,1930,18,송현역드림팰리스,84.3191,202110,21,"39,800",4,2020,월배로 387,,-,-
대구광역시 달서구 송현동,110,110,0,송현제림,59.985,202110,6,"25,300",20,1997,구마로52안길 57,,-,-
대구광역시 달서구 신당동,1846,1846,0,성서주공2,37.67,202110,1,"11,900",15,1995,신당로 55,,-,-
대구광역시 달서구 신당동,1846,1846,0,성서주공2,37.67,202110,4,"12,000",5,1995,신당로 55,,-,-
대구광역시 달서구 신당동,1846,1846,0,성서주공2,37.67,202110,6,"12,300",9,1995,신당로 55,,-,-
대구광역시 달서구 신당동,1846,1846,0,성서주공2,42.9,202110,7,"11,500",14,1995,신당로 55,,-,-
대구광역시 달서구 신당동,1846,1846,0,성서주공2,37.67,202110,8,"12,000",6,1995,신당로 55,,-,-
대구광역시 달서구 신당동,1846,1846,0,성서주공2,37.67,202110,9,"12,800",6,1995,신당로 55,,-,-
대구광역시 달서구 신당동,682-30,682,30,한화꿈에그린,84.89,202110,4,"31,000",19,2005,달서대로 719,,-,-
대구광역시 달서구 신당동,682-30,682,30,한화꿈에그린,84.89,202110,9,"30,900",6,2005,달서대로 719,,-,-
대구광역시 달서구 용산동,501-2,501,2,성서2보성타운,59.98,202110,11,"17,500",9,1997,선원로 241,,-,-
대구광역시 달서구 용산동,501-2,501,2,성서2보성타운,59.98,202110,18,"19,800",10,1997,선원로 241,,-,-
대구광역시 달서구 용산동,416-1,416,1,성서2영남우방타운,134.84,202110,19,"54,000",12,1997,이곡공원로 83,,-,-
대구광역시 달서구 용산동,416-1,416,1,성서2영남우방타운,84.98,202110,26,"37,800",4,1997,이곡공원로 83,,-,-
대구광역시 달서구 용산동,419-5,419,5,성서5주공,59.99,202110,9,"19,100",7,1997,선원남로 181,,-,-
대구광역시 달서구 용산동,419-5,419,5,성서5주공,59.99,202110,11,"19,700",16,1997,선원남로 181,,-,-
대구광역시 달서구 용산동,414-4,414,4,성서6주공,49.95,202110,2,"17,000",19,1997,성지로 35,,-,-
대구광역시 달서구 용산동,412-5,412,5,성서8주공아파트,49.76,202110,11,"17,900",8,1997,성지로 42,,-,-
대구광역시 달서구 용산동,412-5,412,5,성서8주공아파트,59.99,202110,14,"20,500",12,1997,성지로 42,,-,-
대구광역시 달서구 용산동,412-5,412,5,성서8주공아파트,59.99,202110,25,"18,000",18,1997,성지로 42,,-,-
대구광역시 달서구 용산동,410-2,410,2,성서보람타운,84.82,202110,7,"31,200",9,1997,새동네로 34,,-,-
대구광역시 달서구 용산동,414-1,414,1,성서영남우방타운,59.85,202110,11,"25,500",17,1997,성지로 11,,-,-
대구광역시 달서구 용산동,414-1,414,1,성서영남우방타운,59.85,202110,19,"24,500",8,1997,성지로 11,,-,-
대구광역시 달서구 용산동,416-5,416,5,성서청구타운,59.95,202110,4,"23,600",12,1997,성지로 75,,-,-
대구광역시 달서구 용산동,416-5,416,5,성서청구타운,84.965,202110,6,"34,000",17,1997,성지로 75,,-,-
대구광역시 달서구 용산동,416-5,416,5,성서청구타운,84.965,202110,6,"35,500",12,1997,성지로 75,,-,-
대구광역시 달서구 용산동,416-5,416,5,성서청구타운,84.965,202110,7,"30,000",12,1997,성지로 75,,-,-
대구광역시 달서구 용산동,412-1,412,1,세븐하이츠,59.99,202110,9,"22,800",9,1997,성지로 12,,-,-
대구광역시 달서구 용산동,412-1,412,1,세븐하이츠,59.99,202110,16,"22,500",6,1997,성지로 12,,-,-
대구광역시 달서구 용산동,919,919,0,용산2서한화성,84.92,202110,20,"28,000",2,1999,용산큰못길 30,,-,-
대구광역시 달서구 용산동,928,928,0,용산2우방타운,59.43,202110,23,"22,600",13,1999,용산서로 38,,-,-
대구광역시 달서구 용산동,996,996,0,용산동미르젠도시형생활주택,48.0702,202110,9,"15,600",4,2014,달구벌대로283길 50,,-,-
대구광역시 달서구 용산동,230-10,230,10,용산롯데캐슬,123.41,202110,3,"85,000",17,2004,장산남로 33,,-,-
대구광역시 달서구 용산동,936,936,0,용산미진태왕,84.86,202110,10,"33,500",16,1998,용산서로 21,,-,-
대구광역시 달서구 용산동,935,935,0,용산세광그린빌,59.97,202110,6,"22,400",15,1999,용산서로 9,,-,-
대구광역시 달서구 용산동,935,935,0,용산세광그린빌,59.97,202110,6,"22,800",9,1999,용산서로 9,,-,-
대구광역시 달서구 용산동,935,935,0,용산세광그린빌,59.97,202110,14,"20,900",2,1999,용산서로 9,,-,-
대구광역시 달서구 용산동,935,935,0,용산세광그린빌,59.97,202110,20,"22,400",15,1999,용산서로 9,,-,-
대구광역시 달서구 용산동,929,929,0,용산청구타운,84.32,202110,2,"31,300",3,1999,용산서로 22,,-,-
대구광역시 달서구 용산동,929,929,0,용산청구타운,84.32,202110,8,"32,000",15,1999,용산서로 22,,-,-
대구광역시 달서구 용산동,929,929,0,용산청구타운,111.13,202110,22,"38,000",12,1999,용산서로 22,,-,-
대구광역시 달서구 용산동,911,911,0,용산파크타운,45.97,202110,7,"13,700",1,2000,용산로 259,,-,-
대구광역시 달서구 용산동,911,911,0,용산파크타운,59.92,202110,14,"23,800",8,2000,용산로 259,,-,-
대구광역시 달서구 용산동,911,911,0,용산파크타운,59.92,202110,18,"20,200",17,2000,용산로 259,,-,-
대구광역시 달서구 용산동,918,918,0,용산현대우방,59.73,202110,6,"23,150",19,1999,용산로 253,,-,-
대구광역시 달서구 용산동,918,918,0,용산현대우방,84.94,202110,15,"32,900",14,1999,용산로 253,,-,-
대구광역시 달서구 용산동,221,221,0,우방죽전타운,59.91,202110,1,"33,900",14,1997,용산로 160,,-,-
대구광역시 달서구 용산동,221,221,0,우방죽전타운,59.91,202110,4,"30,800",15,1997,용산로 160,,-,-
대구광역시 달서구 용산동,221,221,0,우방죽전타운,84.97,202110,15,"46,300",11,1997,용산로 160,,-,-
대구광역시 달서구 용산동,905,905,0,평화타운,84.84,202110,6,"32,500",14,1994,성서동로 350,,-,-
대구광역시 달서구 용산동,419-1,419,1,한마음,59.95,202110,2,"24,500",12,1997,선원남로 151,,-,-
대구광역시 달서구 월성동,1300,1300,0,월성래미안,84.9724,202110,10,"49,000",18,2006,상원로 143,,-,-
대구광역시 달서구 월성동,364,364,0,월성보성1,84.99,202110,19,"34,500",8,1991,학산로 30,,-,-
대구광역시 달서구 월성동,364,364,0,월성보성1,84.99,202110,21,"34,900",11,1991,학산로 30,,-,-
대구광역시 달서구 월성동,500-6,500,6,월성영남맨션,84.89,202110,16,"33,000",13,1991,학산로2길 39,,-,-
대구광역시 달서구 월성동,777-2,777,2,월성월드메르디앙,84.3652,202110,4,"61,000",23,2009,조암로6길 19,,-,-
대구광역시 달서구 월성동,84,84,0,월성주공1(저층),59.28,202110,2,"28,000",3,1991,월곡로94길 30,,-,-
대구광역시 달서구 월성동,270,270,0,월성주공4단지,45,202110,7,"15,200",10,1992,구마로14남길 55,,-,-
대구광역시 달서구 월성동,270,270,0,월성주공4단지,58.46,202110,7,"20,000",15,1992,구마로14남길 55,,-,-
대구광역시 달서구 월성동,270,270,0,월성주공4단지,41.3,202110,13,"16,000",7,1992,구마로14남길 55,,-,-
대구광역시 달서구 월성동,270,270,0,월성주공4단지,52.09,202110,19,"21,500",7,1992,구마로14남길 55,,-,-
대구광역시 달서구 월성동,1863,1863,0,월성협성휴포레,84.9249,202110,1,"61,300",5,2016,조암로10길 11,,-,-
대구광역시 달서구 월성동,1329,1329,0,태왕아너스베스트,84.9122,202110,2,"42,000",5,2008,월배로33길 117,,-,-
대구광역시 달서구 월성동,1329,1329,0,태왕아너스베스트,84.9122,202110,5,"44,700",6,2008,월배로33길 117,,-,-
대구광역시 달서구 월성동,1329,1329,0,태왕아너스베스트,84.9122,202110,14,"43,000",12,2008,월배로33길 117,,-,-
대구광역시 달서구 유천동,612,612,0,대구월배2차아이파크,59.7565,202110,2,"44,000",9,2016,월배로5길 76,,-,-
대구광역시 달서구 유천동,488,488,0,유천포스코더샵,59.8653,202110,25,"32,000",22,2006,달서대로 67,,-,-
대구광역시 달서구 유천동,605,605,0,현대아이파크,84.9701,202110,2,"58,500",11,2015,조암남로 182,,-,-
대구광역시 달서구 유천동,605,605,0,현대아이파크,84.9701,202110,10,"57,000",15,2015,조암남로 182,,-,-
대구광역시 달서구 유천동,605,605,0,현대아이파크,84.9962,202110,12,"62,000",21,2015,조암남로 182,,-,-
대구광역시 달서구 유천동,396,396,0,화성맨션,84.98,202110,12,"28,000",7,1996,비슬로 2731,,-,-
대구광역시 달서구 이곡동,1258-3,1258,3,대구성서4주공,59.99,202110,5,"22,500",6,1996,성서동로 355-27,,-,-
대구광역시 달서구 이곡동,1304-1,1304,1,성서2동서화성,59.99,202110,1,"22,950",8,1997,이곡공원로 33,,-,-
대구광역시 달서구 이곡동,1304-1,1304,1,성서2동서화성,59.99,202110,2,"23,200",16,1997,이곡공원로 33,,-,-
대구광역시 달서구 이곡동,1304-1,1304,1,성서2동서화성,59.99,202110,7,"23,400",20,1997,이곡공원로 33,,-,-
대구광역시 달서구 이곡동,1304-1,1304,1,성서2동서화성,59.99,202110,14,"21,400",20,1997,이곡공원로 33,,-,-
대구광역시 달서구 이곡동,1304-1,1304,1,성서2동서화성,73.36,202110,23,"28,700",6,1997,이곡공원로 33,,-,-
대구광역시 달서구 이곡동,1304-1,1304,1,성서2동서화성,73.36,202110,27,"28,500",3,1997,이곡공원로 33,,-,-
대구광역시 달서구 이곡동,1308-1,1308,1,성서2서한타운,134.68,202110,27,"42,000",14,1997,선원로 122,,-,-
대구광역시 달서구 이곡동,1194-2,1194,2,성서대백창신한라타운,59.96,202110,14,"17,000",2,1994,성서서로 316,,-,-
대구광역시 달서구 이곡동,1189-2,1189,2,성서동서서한,56.345,202110,9,"17,700",12,1994,선원로 100,,-,-
대구광역시 달서구 이곡동,1189-2,1189,2,성서동서서한,56.345,202110,22,"18,000",14,1994,선원로 100,,-,-
대구광역시 달서구 이곡동,1189-2,1189,2,성서동서서한,49.26,202110,29,"14,900",6,1994,선원로 100,,-,-
대구광역시 달서구 이곡동,1332,1332,0,성서무지개타운,116.95,202110,14,"34,500",12,1997,선원로 171,,-,-
대구광역시 달서구 이곡동,1191,1191,0,성서보성화성타운,59.95,202110,2,"19,400",6,1994,계대동문로 99,,-,-
대구광역시 달서구 이곡동,1191,1191,0,성서보성화성타운,59.95,202110,4,"18,500",3,1994,계대동문로 99,,-,-
대구광역시 달서구 이곡동,1191,1191,0,성서보성화성타운,59.95,202110,4,"20,500",13,1994,계대동문로 99,,-,-
대구광역시 달서구 이곡동,1191,1191,0,성서보성화성타운,59.95,202110,8,"19,800",7,1994,계대동문로 99,,-,-
대구광역시 달서구 이곡동,1191,1191,0,성서보성화성타운,59.95,202110,9,"19,600",13,1994,계대동문로 99,,-,-
대구광역시 달서구 이곡동,1256,1256,0,성서와룡타운,59.98,202110,2,"20,300",10,1994,이곡동로 32,,-,-
대구광역시 달서구 이곡동,1256,1256,0,성서와룡타운,59.98,202110,20,"20,300",8,1994,이곡동로 32,,-,-
대구광역시 달서구 이곡동,1256,1256,0,성서와룡타운,59.98,202110,23,"20,300",5,1994,이곡동로 32,,-,-
대구광역시 달서구 이곡동,1192,1192,0,성서우방타운,134.96,202110,6,"42,250",13,1994,계대동문로 123,,-,-
대구광역시 달서구 이곡동,1192,1192,0,성서우방타운,104.46,202110,18,"39,200",12,1994,계대동문로 123,,-,-
대구광역시 달서구 이곡동,1192,1192,0,성서우방타운,85,202110,25,"34,000",1,1994,계대동문로 123,,-,-
대구광역시 달서구 이곡동,1194,1194,0,성서청남타운,84.98,202110,20,"25,000",13,1994,성서서로 330,,-,-
대구광역시 달서구 이곡동,1306-4,1306,4,한빛마을(성서주공3차),59.99,202110,7,"18,900",6,1998,선원남로 99,,-,-
대구광역시 달서구 이곡동,1306-4,1306,4,한빛마을(성서주공3차),59.99,202110,11,"17,350",6,1998,선원남로 99,,-,-
대구광역시 달서구 이곡동,1306-4,1306,4,한빛마을(성서주공3차),59.99,202110,12,"18,800",20,1998,선원남로 99,,-,-
대구광역시 달서구 이곡동,1306-4,1306,4,한빛마을(성서주공3차),59.99,202110,15,"19,000",14,1998,선원남로 99,,-,-
대구광역시 달서구 이곡동,1306-4,1306,4,한빛마을(성서주공3차),59.99,202110,21,"19,300",16,1998,선원남로 99,,-,-
대구광역시 달서구 이곡동,1306-4,1306,4,한빛마을(성서주공3차),59.99,202110,28,"20,200",15,1998,선원남로 99,,-,-
대구광역시 달서구 이곡동,1306-1,1306,1,한샘,59.95,202110,3,"22,700",3,1997,선원남로 77,,-,-
대구광역시 달서구 이곡동,1306-1,1306,1,한샘,59.95,202110,16,"23,000",9,1997,선원남로 77,,-,-
대구광역시 달서구 이곡동,1306-1,1306,1,한샘,59.95,202110,16,"23,250",3,1997,선원남로 77,,-,-
대구광역시 달서구 이곡동,1306-1,1306,1,한샘,59.95,202110,24,"23,000",4,1997,선원남로 77,,-,-
대구광역시 달서구 이곡동,1306-1,1306,1,한샘,59.95,202110,31,"20,800",3,1997,선원남로 77,,-,-
대구광역시 달서구 장기동,809,809,0,영남네오빌,84.9732,202110,5,"52,000",4,2004,한들로 36,,-,-
대구광역시 달서구 장기동,809,809,0,영남네오빌,59.9262,202110,9,"40,000",12,2004,한들로 36,,-,-
대구광역시 달서구 장기동,809,809,0,영남네오빌,59.9262,202110,11,"39,500",14,2004,한들로 36,,-,-
대구광역시 달서구 장기동,812,812,0,장기누림타운,81.421,202110,29,"43,000",8,2002,한들로 31,,-,-
대구광역시 달서구 장기동,551,551,0,장기영남네오빌비스타,84.9955,202110,14,"40,500",16,2005,대명천로 250,,-,-
대구광역시 달서구 장기동,551,551,0,장기영남네오빌비스타,84.9955,202110,16,"41,500",24,2005,대명천로 250,,-,-
대구광역시 달서구 장기동,813-1,813,1,장기초록나라,84.9802,202110,9,"44,000",3,2000,한들로 55,,-,-
대구광역시 달서구 장기동,814-1,814,1,장기파랑새마을,84.9822,202110,4,"39,800",14,2001,한들로 70,,-,-
대구광역시 달서구 장기동,814-1,814,1,장기파랑새마을,59.9634,202110,8,"29,100",14,2001,한들로 70,,-,-
대구광역시 달서구 장기동,814-1,814,1,장기파랑새마을,134.9834,202110,12,"55,000",8,2001,한들로 70,,-,-
대구광역시 달서구 장기동,814-1,814,1,장기파랑새마을,84.9822,202110,16,"38,500",4,2001,한들로 70,,-,-
대구광역시 달서구 장기동,535,535,0,장기협성휴포레,84.9541,202110,11,"48,500",17,2016,장기로 252,,-,-
대구광역시 달서구 장기동,845,845,0,코오롱하늘채,84.9848,202110,2,"66,700",36,2019,용산로12길 77,,-,-
대구광역시 달서구 죽전동,269-5,269,5,태영팰리스,84.905,202110,13,"35,000",6,2015,달구벌대로309길 9,,-,-
대구광역시 달서구 진천동,602,602,0,계룡리슈빌,125.6754,202110,16,"81,000",20,2011,진천로 77,,-,-
대구광역시 달서구 진천동,205-1,205,1,귀빈1차,84.89,202110,7,"35,500",10,1990,월배로32안길 61,,-,-
대구광역시 달서구 진천동,512-1,512,1,그린파크,84.69,202110,28,"28,460",8,2003,월배로22길 24,,-,-
대구광역시 달서구 진천동,472,472,0,세광그린타운,84.86,202110,14,"25,100",3,1996,진천로7길 47,,-,-
대구광역시 달서구 진천동,472,472,0,세광그린타운,84.86,202110,23,"26,000",5,1996,진천로7길 47,,-,-
대구광역시 달서구 진천동,478-1,478,1,제림하나로,84.96,202110,3,"25,500",18,1995,상화로21길 55,,-,-
대구광역시 달서구 진천동,478-1,478,1,제림하나로,59.97,202110,29,"19,300",2,1995,상화로21길 55,,-,-
대구광역시 달서구 진천동,710,710,0,진천대동,85,202110,7,"23,400",8,2000,상화로7길 31,,-,-
대구광역시 달서구 진천동,Nov-91,91,11,진천탑클래스,84.9,202110,4,"30,000",3,2016,월배로23길 16,,-,-
대구광역시 달서구 진천동,Nov-91,91,11,진천탑클래스,84.9,202110,19,"32,800",6,2016,월배로23길 16,,-,-
대구광역시 달서구 진천동,628-2,628,2,진천현대,59.94,202110,9,"18,500",1,1995,월배로14길 43,,-,-
대구광역시 달서구 파호동,89,89,0,삼성명가타운,84.94,202110,9,"36,300",15,2000,호산로 125,,-,-
대구광역시 달서구 파호동,89,89,0,삼성명가타운,84.94,202110,9,"31,550",3,2000,호산로 125,,-,-
대구광역시 달서구 파호동,89,89,0,삼성명가타운,84.9672,202110,12,"34,500",14,2000,호산로 125,,-,-
대구광역시 달서구 파호동,89,89,0,삼성명가타운,134.97,202110,13,"50,000",16,2000,호산로 125,,-,-
대구광역시 달서구 파호동,89,89,0,삼성명가타운,84.9672,202110,14,"35,500",11,2000,호산로 125,,-,-
대구광역시 달서구 파호동,89,89,0,삼성명가타운,59.9585,202110,18,"24,500",19,2000,호산로 125,,-,-
대구광역시 달서구 파호동,89,89,0,삼성명가타운,104.46,202110,24,"43,800",5,2000,호산로 125,,-,-
대구광역시 달서구 파호동,24,24,0,성서우방유쉘,127.9973,202110,29,"53,500",8,2007,달구벌대로 995,,-,-
대구광역시 달서구 호산동,350,350,0,삼성한국형,59.914,202110,5,"22,900",4,1999,호산로 126,,-,-
대구광역시 달성군 가창면 용계리,465,465,0,가창중석타운,84.98,202110,8,"28,000",2,1997,가창로 1008,,-,-
대구광역시 달성군 구지면 응암리,1210,1210,0,과학마을청아람,59.894,202110,2,"18,500",13,2016,과학마을로 70,,-,-
대구광역시 달성군 구지면 응암리,1210,1210,0,과학마을청아람,39.916,202110,3,"13,350",18,2016,과학마을로 70,,-,-
대구광역시 달성군 구지면 응암리,1210,1210,0,과학마을청아람,59.894,202110,5,"19,000",9,2016,과학마을로 70,,-,-
대구광역시 달성군 구지면 응암리,1210,1210,0,과학마을청아람,59.894,202110,5,"18,500",16,2016,과학마을로 70,,-,-
대구광역시 달성군 구지면 응암리,1210,1210,0,과학마을청아람,59.894,202110,7,"19,100",16,2016,과학마을로 70,,-,-
대구광역시 달성군 구지면 응암리,1210,1210,0,과학마을청아람,59.894,202110,7,"19,350",17,2016,과학마을로 70,,-,-
대구광역시 달성군 구지면 응암리,1210,1210,0,과학마을청아람,59.894,202110,7,"18,500",5,2016,과학마을로 70,,-,-
대구광역시 달성군 구지면 응암리,1210,1210,0,과학마을청아람,59.894,202110,9,"18,000",8,2016,과학마을로 70,,-,-
대구광역시 달성군 구지면 응암리,1210,1210,0,과학마을청아람,59.894,202110,9,"18,600",15,2016,과학마을로 70,,-,-
대구광역시 달성군 구지면 응암리,1210,1210,0,과학마을청아람,59.894,202110,10,"18,450",14,2016,과학마을로 70,,-,-
대구광역시 달성군 구지면 응암리,1210,1210,0,과학마을청아람,59.894,202110,10,"17,900",17,2016,과학마을로 70,,-,-
대구광역시 달성군 구지면 응암리,1210,1210,0,과학마을청아람,59.894,202110,10,"18,300",6,2016,과학마을로 70,,-,-
대구광역시 달성군 구지면 응암리,1210,1210,0,과학마을청아람,59.894,202110,11,"18,000",5,2016,과학마을로 70,,-,-
대구광역시 달성군 구지면 응암리,1210,1210,0,과학마을청아람,59.894,202110,16,"19,000",17,2016,과학마을로 70,,-,-
대구광역시 달성군 구지면 응암리,1210,1210,0,과학마을청아람,59.894,202110,16,"19,000",17,2016,과학마을로 70,20211105,-,-
대구광역시 달성군 구지면 응암리,1210,1210,0,과학마을청아람,39.916,202110,20,"13,950",20,2016,과학마을로 70,,-,-
대구광역시 달성군 구지면 응암리,1210,1210,0,과학마을청아람,59.894,202110,21,"18,400",18,2016,과학마을로 70,,-,-
대구광역시 달성군 구지면 응암리,1210,1210,0,과학마을청아람,39.916,202110,22,"15,300",10,2016,과학마을로 70,,-,-
대구광역시 달성군 구지면 응암리,1210,1210,0,과학마을청아람,59.894,202110,30,"17,400",8,2016,과학마을로 70,,-,-
대구광역시 달성군 구지면 응암리,1178,1178,0,달성화성파크드림,59.9943,202110,9,"14,800",17,2011,과학마을로2길 6,,-,-
대구광역시 달성군 구지면 응암리,1178,1178,0,달성화성파크드림,59.9687,202110,12,"15,400",1,2011,과학마을로2길 6,,-,-
대구광역시 달성군 구지면 응암리,1178,1178,0,달성화성파크드림,84.9695,202110,12,"19,500",1,2011,과학마을로2길 6,,-,-
대구광역시 달성군 구지면 응암리,1178,1178,0,달성화성파크드림,39.9595,202110,14,"10,900",18,2011,과학마을로2길 6,,-,-
대구광역시 달성군 구지면 응암리,1178,1178,0,달성화성파크드림,84.8978,202110,14,"20,900",5,2011,과학마을로2길 6,,-,-
대구광역시 달성군 구지면 응암리,1178,1178,0,달성화성파크드림,84.8978,202110,14,"17,000",3,2011,과학마을로2길 6,,-,-
대구광역시 달성군 구지면 응암리,1178,1178,0,달성화성파크드림,59.9943,202110,22,"16,000",19,2011,과학마을로2길 6,,-,-
대구광역시 달성군 구지면 응암리,1178,1178,0,달성화성파크드림,59.9943,202110,30,"15,700",12,2011,과학마을로2길 6,,-,-
대구광역시 달성군 구지면 응암리,1252,1252,0,대구국가산단ZOOM파크,84.4828,202110,3,"26,500",3,2020,국가산단대로64길 63,,-,-
대구광역시 달성군 구지면 응암리,1252,1252,0,대구국가산단ZOOM파크,60.9157,202110,4,"21,500",21,2020,국가산단대로64길 63,,-,-
대구광역시 달성군 구지면 응암리,1199,1199,0,대구국가산단반도유보라아이비파크,75.1921,202110,1,"24,000",4,2017,과학마을로3길 14,,-,-
대구광역시 달성군 구지면 응암리,1199,1199,0,대구국가산단반도유보라아이비파크,68.7539,202110,2,"22,800",22,2017,과학마을로3길 14,,-,-
대구광역시 달성군 구지면 응암리,1199,1199,0,대구국가산단반도유보라아이비파크,84.9598,202110,2,"29,870",19,2017,과학마을로3길 14,,-,-
대구광역시 달성군 구지면 응암리,1199,1199,0,대구국가산단반도유보라아이비파크,68.7539,202110,5,"22,900",13,2017,과학마을로3길 14,20211013,-,-
대구광역시 달성군 구지면 응암리,1199,1199,0,대구국가산단반도유보라아이비파크,84.9598,202110,5,"27,400",5,2017,과학마을로3길 14,,-,-
대구광역시 달성군 구지면 응암리,1199,1199,0,대구국가산단반도유보라아이비파크,68.7539,202110,5,"22,900",13,2017,과학마을로3길 14,,-,-
대구광역시 달성군 구지면 응암리,1199,1199,0,대구국가산단반도유보라아이비파크,84.9598,202110,6,"29,000",12,2017,과학마을로3길 14,,-,-
대구광역시 달성군 구지면 응암리,1199,1199,0,대구국가산단반도유보라아이비파크,84.9598,202110,11,"26,900",25,2017,과학마을로3길 14,,-,-
대구광역시 달성군 구지면 응암리,1199,1199,0,대구국가산단반도유보라아이비파크,75.1921,202110,13,"24,700",15,2017,과학마을로3길 14,,-,-
대구광역시 달성군 구지면 응암리,1199,1199,0,대구국가산단반도유보라아이비파크,84.9598,202110,16,"27,800",10,2017,과학마을로3길 14,,-,-
대구광역시 달성군 구지면 응암리,1199,1199,0,대구국가산단반도유보라아이비파크,75.1921,202110,17,"25,000",18,2017,과학마을로3길 14,,-,-
대구광역시 달성군 구지면 응암리,1199,1199,0,대구국가산단반도유보라아이비파크,75.1921,202110,23,"24,700",7,2017,과학마을로3길 14,,-,-
대구광역시 달성군 구지면 응암리,1199,1199,0,대구국가산단반도유보라아이비파크,75.1921,202110,25,"25,000",13,2017,과학마을로3길 14,,-,-
대구광역시 달성군 구지면 응암리,1199,1199,0,대구국가산단반도유보라아이비파크,68.7539,202110,30,"22,500",9,2017,과학마을로3길 14,,-,-
대구광역시 달성군 구지면 화산리,1105,1105,0,대구국가산단반도유보라아이비파크3,74.9638,202110,13,"21,900",2,2020,국가산단북로34길 10,,-,-
대구광역시 달성군 논공읍 남리,1147,1147,0,"경일(1,2,3동)",46.38,202110,12,"3,100",5,1987,논공로9길 39,,-,-
대구광역시 달성군 논공읍 남리,1147,1147,0,"경일(1,2,3동)",48.87,202110,18,"4,650",2,1987,논공로9길 39,,-,-
대구광역시 달성군 논공읍 남리,224,224,0,논공삼주,54.94,202110,2,"5,400",3,1990,논공로7길 55,,-,-
대구광역시 달성군 논공읍 남리,224,224,0,논공삼주,54.94,202110,5,"5,300",5,1990,논공로7길 55,,-,-
대구광역시 달성군 논공읍 남리,224,224,0,논공삼주,54.94,202110,20,"5,000",3,1990,논공로7길 55,,-,-
대구광역시 달성군 논공읍 남리,615-5,615,5,논공우방연합타운,59.94,202110,14,"7,050",14,1996,논공중앙로22길 36,,-,-
대구광역시 달성군 논공읍 남리,635,635,0,논공주공,59.99,202110,7,"10,700",9,1997,남리길 48,,-,-
대구광역시 달성군 논공읍 남리,635,635,0,논공주공,59.99,202110,17,"10,200",15,1997,남리길 48,,-,-
대구광역시 달성군 논공읍 남리,635,635,0,논공주공,59.99,202110,22,"8,500",2,1997,남리길 48,,-,-
대구광역시 달성군 논공읍 남리,578-15,578,15,평광행복타운,84.7627,202110,5,"18,900",14,2004,논공중앙로22길 12,,-,-
대구광역시 달성군 논공읍 남리,573-2,573,2,평광현대4,50.74,202110,2,"3,950",6,1991,남리길 7,,-,-
대구광역시 달성군 논공읍 남리,573-2,573,2,평광현대4,50.74,202110,15,"6,400",4,1991,남리길 7,,-,-
대구광역시 달성군 논공읍 북리,803,803,0,논공청구타운,59.91,202110,15,"6,800",3,1992,논공로7길 73,,-,-
대구광역시 달성군 논공읍 북리,803,803,0,논공청구타운,59.91,202110,24,"7,050",4,1992,논공로7길 73,,-,-
대구광역시 달성군 논공읍 북리,803-4,803,4,달성성원,59.4,202110,5,"6,200",10,1996,논공로23길 14,,-,-
대구광역시 달성군 논공읍 북리,803-4,803,4,달성성원,59.34,202110,8,"7,000",3,1996,논공로23길 14,,-,-
대구광역시 달성군 논공읍 북리,803-4,803,4,달성성원,59.34,202110,14,"6,900",18,1996,논공로23길 14,,-,-
대구광역시 달성군 논공읍 북리,803-4,803,4,달성성원,59.34,202110,15,"6,800",11,1996,논공로23길 14,,-,-
대구광역시 달성군 논공읍 북리,803-4,803,4,달성성원,59.34,202110,15,"7,500",14,1996,논공로23길 14,,-,-
대구광역시 달성군 논공읍 북리,803-4,803,4,달성성원,59.4,202110,16,"8,400",13,1996,논공로23길 14,,-,-
대구광역시 달성군 논공읍 북리,803-4,803,4,달성성원,52.08,202110,17,"5,250",1,1996,논공로23길 14,,-,-
대구광역시 달성군 논공읍 북리,803-4,803,4,달성성원,52.08,202110,23,"5,700",13,1996,논공로23길 14,,-,-
대구광역시 달성군 논공읍 북리,803-3,803,3,평광현대,47.4,202110,2,"5,300",3,1989,논공로21길 15,20211006,-,-
대구광역시 달성군 논공읍 북리,803-3,803,3,평광현대,47.4,202110,2,"5,300",3,1989,논공로21길 15,,-,-
대구광역시 달성군 논공읍 북리,803-3,803,3,평광현대,35.79,202110,8,"4,500",2,1989,논공로21길 15,,-,-
대구광역시 달성군 논공읍 북리,803-3,803,3,평광현대,38.22,202110,8,"4,600",4,1989,논공로21길 15,,-,-
대구광역시 달성군 논공읍 북리,803-3,803,3,평광현대,38.22,202110,13,"4,200",1,1989,논공로21길 15,,-,-
대구광역시 달성군 논공읍 북리,803-3,803,3,평광현대,35.79,202110,15,"4,050",5,1989,논공로21길 15,,-,-
대구광역시 달성군 논공읍 북리,803-3,803,3,평광현대,38.22,202110,18,"4,700",1,1989,논공로21길 15,,-,-
대구광역시 달성군 논공읍 북리,824-178,824,178,평광현대3,59.82,202110,6,"8,300",2,1990,용호로 6,,-,-
대구광역시 달성군 다사읍 매곡리,719-2,719,2,강창삼산1,23.1,202110,12,"5,950",7,1995,달구벌대로 790,,-,-
대구광역시 달성군 다사읍 매곡리,719-2,719,2,강창삼산1,59.96,202110,14,"14,300",20,1995,달구벌대로 790,,-,-
대구광역시 달성군 다사읍 매곡리,719-2,719,2,강창삼산1,59.96,202110,23,"15,300",15,1995,달구벌대로 790,,-,-
대구광역시 달성군 다사읍 매곡리,719-2,719,2,강창삼산1,84.98,202110,24,"22,000",11,1995,달구벌대로 790,,-,-
대구광역시 달성군 다사읍 매곡리,719-2,719,2,강창삼산1,23.1,202110,24,"5,500",11,1995,달구벌대로 790,,-,-
대구광역시 달성군 다사읍 매곡리,719-2,719,2,강창삼산1,59.96,202110,25,"15,000",18,1995,달구벌대로 790,,-,-
대구광역시 달성군 다사읍 매곡리,719-3,719,3,강창한서꼼빠니아,59.96,202110,17,"15,400",3,1996,달구벌대로 802-1,,-,-
대구광역시 달성군 다사읍 매곡리,719-3,719,3,강창한서꼼빠니아,59.96,202110,23,"16,000",14,1996,달구벌대로 802-1,,-,-
대구광역시 달성군 다사읍 매곡리,473,473,0,다사e편한세상,150.9797,202110,7,"64,700",7,2008,다사역로 60,,-,-
대구광역시 달성군 다사읍 매곡리,1575,1575,0,다사역삼정그린코아더베스트,59.8348,202110,27,"31,250",4,2021,매곡로14길 8,,-,-
대구광역시 달성군 다사읍 매곡리,1575,1575,0,다사역삼정그린코아더베스트,59.8348,202110,28,"32,500",14,2021,매곡로14길 8,,-,-
대구광역시 달성군 다사읍 매곡리,622,622,0,다사한일유앤아이,84.86,202110,19,"34,800",6,2009,매곡로4길 9,,-,-
대구광역시 달성군 다사읍 매곡리,1540,1540,0,대실역동화아이위시,119.9246,202110,20,"55,000",11,2008,대실역북로 55,,-,-
대구광역시 달성군 다사읍 매곡리,1568,1568,0,죽곡삼정그린코아더베스트,74.8781,202110,8,"42,300",11,2018,다사로 50,,-,-
대구광역시 달성군 다사읍 서재리,1068-5,1068,5,건영캐스빌,59.662,202110,2,"20,000",2,2005,서재로12길 41-16,,-,-
대구광역시 달성군 다사읍 서재리,1068-5,1068,5,건영캐스빌,59.662,202110,3,"20,500",3,2005,서재로12길 41-16,,-,-
대구광역시 달성군 다사읍 서재리,1068-5,1068,5,건영캐스빌,59.662,202110,8,"21,400",11,2005,서재로12길 41-16,,-,-
대구광역시 달성군 다사읍 서재리,1068-5,1068,5,건영캐스빌,84.991,202110,23,"26,500",7,2005,서재로12길 41-16,,-,-
대구광역시 달성군 다사읍 서재리,145,145,0,서재보성1,59.98,202110,8,"16,000",13,1997,서재로30길 17,,-,-
대구광역시 달성군 다사읍 서재리,61,61,0,서재보성2,84.95,202110,6,"23,000",5,1999,서재로30길 7,,-,-
대구광역시 달성군 다사읍 서재리,61,61,0,서재보성2,47.03,202110,12,"13,500",10,1999,서재로30길 7,,-,-
대구광역시 달성군 다사읍 서재리,146-7,146,7,서재우방타운,78.15,202110,11,"17,700",6,2002,서재로28길 39,,-,-
대구광역시 달성군 다사읍 서재리,169,169,0,서재화진금봉타운,59.96,202110,6,"17,200",11,1996,서재로 120,,-,-
대구광역시 달성군 다사읍 서재리,169,169,0,서재화진금봉타운,59.96,202110,9,"14,500",11,1996,서재로 120,,-,-
대구광역시 달성군 다사읍 서재리,169,169,0,서재화진금봉타운,59.96,202110,14,"17,000",14,1996,서재로 120,,-,-
대구광역시 달성군 다사읍 서재리,321-1,321,1,신성서진흥더블파크,84.9994,202110,9,"29,800",10,2007,서재로24길 29,,-,-
대구광역시 달성군 다사읍 서재리,100,100,0,신성서화성파크드림,84.8884,202110,6,"31,000",22,2007,서재로27길 42,,-,-
대구광역시 달성군 다사읍 서재리,1118,1118,0,에코폴리스 동화아이위시,59.9943,202110,9,"26,950",11,2015,서재로12길 38,,-,-
대구광역시 달성군 다사읍 서재리,1118,1118,0,에코폴리스 동화아이위시,59.9943,202110,28,"28,300",19,2015,서재로12길 38,,-,-
대구광역시 달성군 다사읍 서재리,1125,1125,0,에코폴리스동화아이위시2차,63.8913,202110,3,"28,350",2,2016,서재로7길 23,,-,-
대구광역시 달성군 다사읍 서재리,1125,1125,0,에코폴리스동화아이위시2차,75.8536,202110,16,"34,000",17,2016,서재로7길 23,,-,-
대구광역시 달성군 다사읍 서재리,1131,1131,0,에코폴리스동화아이위시3차,76.4001,202110,5,"37,400",19,2017,서재로7길 25,,-,-
대구광역시 달성군 다사읍 서재리,1131,1131,0,에코폴리스동화아이위시3차,62.463,202110,19,"32,600",18,2017,서재로7길 25,,-,-
대구광역시 달성군 다사읍 서재리,1131,1131,0,에코폴리스동화아이위시3차,76.4001,202110,25,"36,400",18,2017,서재로7길 25,,-,-
대구광역시 달성군 다사읍 세천리,1566-1,1566,1,다사세천한라비발디,84.145,202110,14,"39,200",23,2016,세천로 187,,-,-
대구광역시 달성군 다사읍 세천리,1588,1588,0,북죽곡엠코타운더솔레뉴,84.9927,202110,13,"36,000",16,2016,세천로 160,,-,-
대구광역시 달성군 다사읍 세천리,1588,1588,0,북죽곡엠코타운더솔레뉴,76.5713,202110,16,"34,000",19,2016,세천로 160,,-,-
대구광역시 달성군 다사읍 세천리,1566-3,1566,3,세천삼정그린코아더베스트아파트1단지,59.8042,202110,8,"30,000",16,2017,세천북로 10,,-,-
대구광역시 달성군 다사읍 세천리,1566-3,1566,3,세천삼정그린코아더베스트아파트1단지,59.8042,202110,9,"30,000",16,2017,세천북로 10,,-,-
대구광역시 달성군 다사읍 세천리,1566-2,1566,2,세천삼정그린코아더베스트아파트2단지,75.5392,202110,2,"31,500",12,2017,세천북로 20,,-,-
대구광역시 달성군 다사읍 세천리,1566-2,1566,2,세천삼정그린코아더베스트아파트2단지,75.5392,202110,2,"31,500",12,2017,세천북로 20,20211019,-,-
대구광역시 달성군 다사읍 세천리,1566-2,1566,2,세천삼정그린코아더베스트아파트2단지,75.5392,202110,10,"30,000",22,2017,세천북로 20,,-,-
대구광역시 달성군 다사읍 세천리,1703-1,1703,1,제일풍경채 프라임,59.9673,202110,2,"28,000",1,2017,세천남로 35,,-,-
대구광역시 달성군 다사읍 세천리,1703-1,1703,1,제일풍경채 프라임,59.9673,202110,4,"28,500",12,2017,세천남로 35,,-,-
대구광역시 달성군 다사읍 세천리,1703-1,1703,1,제일풍경채 프라임,59.9673,202110,4,"28,500",12,2017,세천남로 35,20211026,-,-
대구광역시 달성군 다사읍 세천리,1703-1,1703,1,제일풍경채 프라임,84.9291,202110,6,"38,600",16,2017,세천남로 35,,-,-
대구광역시 달성군 다사읍 세천리,1703-1,1703,1,제일풍경채 프라임,59.9673,202110,8,"29,000",27,2017,세천남로 35,,-,-
대구광역시 달성군 다사읍 세천리,1703-1,1703,1,제일풍경채 프라임,59.9673,202110,8,"28,800",23,2017,세천남로 35,,-,-
대구광역시 달성군 다사읍 세천리,1703-1,1703,1,제일풍경채 프라임,59.9687,202110,9,"28,300",17,2017,세천남로 35,,-,-
대구광역시 달성군 다사읍 세천리,1703-1,1703,1,제일풍경채 프라임,59.9673,202110,12,"30,000",8,2017,세천남로 35,,-,-
대구광역시 달성군 다사읍 세천리,1703-1,1703,1,제일풍경채 프라임,59.9673,202110,26,"27,400",4,2017,세천남로 35,,-,-
대구광역시 달성군 다사읍 죽곡리,152,152,0,강창태성그린시티,44.06,202110,15,"14,500",8,1996,죽곡2길 6,,-,-
대구광역시 달성군 다사읍 죽곡리,129-1,129,1,강창하이츠,59.94,202110,4,"17,300",22,1999,달구벌대로 812,,-,-
대구광역시 달성군 다사읍 죽곡리,818,818,0,대실역리슈빌3단지,84.9934,202110,1,"51,500",14,2012,대실역남로 33,,-,-
대구광역시 달성군 다사읍 죽곡리,814,814,0,대실역태왕아너스,59.988,202110,18,"39,000",2,2017,대실역남로 11,,-,-
대구광역시 달성군 다사읍 죽곡리,870,870,0,죽곡 한신 휴 플러스,59.98,202110,10,"42,500",10,2016,대실역남로 50,,-,-
대구광역시 달성군 다사읍 죽곡리,876,876,0,협성휴포레 죽곡,84.9417,202110,2,"52,000",7,2018,달구벌대로174길 50,,-,-
대구광역시 달성군 다사읍 죽곡리,876,876,0,협성휴포레 죽곡,84.9613,202110,16,"51,500",9,2018,달구벌대로174길 50,,-,-
대구광역시 달성군 다사읍 죽곡리,876,876,0,협성휴포레 죽곡,84.9417,202110,18,"51,900",20,2018,달구벌대로174길 50,,-,-
대구광역시 달성군 다사읍 죽곡리,876,876,0,협성휴포레 죽곡,64.9787,202110,31,"37,600",16,2018,달구벌대로174길 50,,-,-
대구광역시 달성군 옥포읍 강림리,1099,1099,0,LH허브시티,51.46,202110,14,"18,800",2,2015,비슬로 1941,,-,-
대구광역시 달성군 옥포읍 교항리,2964,2964,0,옥포대성베르힐4단지,84.9591,202110,4,"39,800",13,2016,70,,-,-
대구광역시 달성군 옥포읍 교항리,2964,2964,0,옥포대성베르힐4단지,84.9591,202110,5,"39,500",5,2016,70,,-,-
대구광역시 달성군 옥포읍 교항리,2964,2964,0,옥포대성베르힐4단지,84.8561,202110,11,"39,200",8,2016,70,,-,-
대구광역시 달성군 옥포읍 교항리,2998,2998,0,옥포대성베르힐6단지,84.9901,202110,5,"39,000",17,2018,돌미로8길 19,,-,-
대구광역시 달성군 옥포읍 교항리,2998,2998,0,옥포대성베르힐6단지,84.9901,202110,19,"36,000",11,2018,돌미로8길 19,,-,-
대구광역시 달성군 옥포읍 교항리,2998,2998,0,옥포대성베르힐6단지,84.9901,202110,30,"38,700",17,2018,돌미로8길 19,,-,-
대구광역시 달성군 옥포읍 교항리,2892,2892,0,옥포이진캐스빌8단지,84.9962,202110,9,"35,200",8,2017,비슬로 2001,,-,-
대구광역시 달성군 옥포읍 교항리,1519,1519,0,옥포제림뉴타운,84.87,202110,2,"15,000",14,1999,10,,-,-
대구광역시 달성군 옥포읍 교항리,2984,2984,0,옥포지구서한이다음,59.99,202110,17,"28,500",2,2020,돌미로6길 5,,-,-
대구광역시 달성군 옥포읍 본리리,2590,2590,0,미진이지비아,59.9639,202110,1,"22,300",10,2017,비슬로447길 56,,-,-
대구광역시 달성군 옥포읍 본리리,2590,2590,0,미진이지비아,74.4507,202110,1,"28,600",12,2017,비슬로447길 56,,-,-
대구광역시 달성군 옥포읍 본리리,2590,2590,0,미진이지비아,84.9642,202110,6,"32,000",4,2017,비슬로447길 56,,-,-
대구광역시 달성군 옥포읍 본리리,2590,2590,0,미진이지비아,59.9639,202110,10,"23,500",24,2017,비슬로447길 56,,-,-
대구광역시 달성군 옥포읍 본리리,2590,2590,0,미진이지비아,74.4507,202110,11,"28,700",19,2017,비슬로447길 56,,-,-
대구광역시 달성군 옥포읍 본리리,2590,2590,0,미진이지비아,84.9642,202110,17,"33,300",17,2017,비슬로447길 56,,-,-
대구광역시 달성군 옥포읍 본리리,2590,2590,0,미진이지비아,59.9907,202110,18,"22,500",32,2017,비슬로447길 56,,-,-
대구광역시 달성군 옥포읍 본리리,2590,2590,0,미진이지비아,59.9639,202110,30,"23,500",23,2017,비슬로447길 56,,-,-
대구광역시 달성군 유가읍 봉리,595,595,0,대구테크노폴리스화성파크드림,67.4305,202110,19,"28,100",9,2016,테크노북로 165,,-,-
대구광역시 달성군 유가읍 봉리,627,627,0,반도유보라,70.0935,202110,5,"28,000",10,2016,195,,-,-
대구광역시 달성군 유가읍 봉리,627,627,0,반도유보라,84.9592,202110,30,"36,500",9,2016,195,,-,-
대구광역시 달성군 유가읍 봉리,621,621,0,우미린더포레스트,84.9914,202110,14,"38,500",20,2015,16,,-,-
대구광역시 달성군 유가읍 봉리,621,621,0,우미린더포레스트,75.579,202110,15,"31,500",6,2015,16,,-,-
대구광역시 달성군 유가읍 봉리,625,625,0,제일풍경채센트럴,63.4314,202110,3,"27,000",2,2016,테크노대로 165,20211018,-,-
대구광역시 달성군 유가읍 봉리,625,625,0,제일풍경채센트럴,63.4314,202110,8,"28,400",6,2016,테크노대로 165,,-,-
대구광역시 달성군 유가읍 봉리,625,625,0,제일풍경채센트럴,84.9845,202110,16,"39,500",12,2016,테크노대로 165,,-,-
대구광역시 달성군 유가읍 봉리,625,625,0,제일풍경채센트럴,84.9845,202110,16,"39,900",3,2016,테크노대로 165,,-,-
대구광역시 달성군 유가읍 봉리,625,625,0,제일풍경채센트럴,84.9845,202110,18,"41,000",15,2016,테크노대로 165,,-,-
대구광역시 달성군 유가읍 봉리,625,625,0,제일풍경채센트럴,84.9828,202110,23,"44,000",11,2016,테크노대로 165,,-,-
대구광역시 달성군 유가읍 봉리,603,603,0,진아리채,78.8435,202110,7,"29,400",13,2016,테크노대로5길 79,,-,-
대구광역시 달성군 유가읍 봉리,603,603,0,진아리채,70.8694,202110,27,"28,700",16,2016,테크노대로5길 79,,-,-
대구광역시 달성군 유가읍 봉리,605,605,0,호반베르디움,64.9746,202110,9,"29,000",7,2016,58,,-,-
대구광역시 달성군 유가읍 봉리,605,605,0,호반베르디움,73.9728,202110,14,"31,300",16,2016,58,,-,-
대구광역시 달성군 유가읍 봉리,659,659,0,호반베르디움2차,98.4701,202110,19,"33,000",18,2016,테크노대로5길 80,,-,-
대구광역시 달성군 유가읍 봉리,622,622,0,힐데스하임아파트,70.2296,202110,6,"24,300",1,2015,테크노북로9길 42,,-,-
대구광역시 달성군 유가읍 봉리,622,622,0,힐데스하임아파트,84.9809,202110,8,"33,900",11,2015,테크노북로9길 42,,-,-
대구광역시 달성군 유가읍 봉리,622,622,0,힐데스하임아파트,70.2296,202110,16,"25,000",1,2015,테크노북로9길 42,,-,-
대구광역시 달성군 유가읍 봉리,622,622,0,힐데스하임아파트,71.903,202110,16,"26,000",13,2015,테크노북로9길 42,,-,-
대구광역시 달성군 유가읍 봉리,622,622,0,힐데스하임아파트,84.9809,202110,25,"31,000",3,2015,테크노북로9길 42,,-,-
대구광역시 달성군 유가읍 쌍계리,633,633,0,대구테크노폴리스중흥에스-클래스포디움,99.9819,202110,2,"46,500",13,2018,423,,-,-
대구광역시 달성군 유가읍 쌍계리,633,633,0,대구테크노폴리스중흥에스-클래스포디움,99.9819,202110,6,"43,800",14,2018,423,,-,-
대구광역시 달성군 유가읍 쌍계리,633,633,0,대구테크노폴리스중흥에스-클래스포디움,99.9819,202110,9,"44,400",19,2018,423,,-,-
대구광역시 달성군 현풍읍 원교리,103,103,0,주공달성현풍,39.72,202110,2,"6,800",4,1985,13,,-,-
대구광역시 달성군 현풍읍 중리,480,480,0,대구테크노폴리스남해오네뜨1차,59.9901,202110,12,"23,500",14,2015,11,,-,-
대구광역시 달성군 현풍읍 중리,486,486,0,대구테크노폴리스서한이다음,66.8536,202110,2,"24,000",8,2014,33,,-,-
대구광역시 달성군 현풍읍 중리,486,486,0,대구테크노폴리스서한이다음,77.1897,202110,9,"27,900",21,2014,33,,-,-
대구광역시 달성군 현풍읍 중리,485,485,0,대구테크노폴리스일동미라주더파크,84.7935,202110,15,"27,500",9,2017,테크노북로2길 9,,-,-
대구광역시 달성군 현풍읍 중리,485,485,0,대구테크노폴리스일동미라주더파크,84.7935,202110,16,"32,900",20,2017,테크노북로2길 9,,-,-
대구광역시 달성군 현풍읍 중리,484,484,0,제일풍경채더퍼스트,67.7425,202110,3,"28,400",5,2016,49,,-,-
대구광역시 달성군 현풍읍 중리,484,484,0,제일풍경채더퍼스트,84.1955,202110,8,"40,000",8,2016,49,,-,-
대구광역시 달성군 현풍읍 중리,484,484,0,제일풍경채더퍼스트,67.7425,202110,10,"28,800",3,2016,49,,-,-
대구광역시 달성군 현풍읍 중리,484,484,0,제일풍경채더퍼스트,67.7425,202110,14,"29,800",5,2016,49,,-,-
대구광역시 달성군 현풍읍 중리,484,484,0,제일풍경채더퍼스트,84.1955,202110,28,"34,800",1,2016,49,,-,-
대구광역시 달성군 현풍읍 중리,335,335,0,현풍학산,26.775,202110,2,"4,530",3,1987,23,,-,-
대구광역시 달성군 현풍읍 중리,335,335,0,현풍학산,39.94,202110,15,"7,100",4,1987,23,,-,-
대구광역시 달성군 화원읍 구라리,1722,1722,0,신동아파밀리에,115.654,202110,14,"35,500",1,2007,비슬로539길 38,,-,-
대구광역시 달성군 화원읍 구라리,1736-3,1736,3,화원청구청룡맨션,84.99,202110,1,"28,000",22,1995,비슬로 2715,,-,-
대구광역시 달성군 화원읍 구라리,1734-2,1734,2,화원한우,33.47,202110,4,"15,000",3,1984,비슬로 2679,,-,-
대구광역시 달성군 화원읍 구라리,1734-2,1734,2,화원한우,33.47,202110,13,"15,300",2,1984,비슬로 2679,,-,-
대구광역시 달성군 화원읍 명곡리,112,112,0,명곡미래빌1,84.34,202110,7,"29,200",14,2000,명곡로 11,,-,-
대구광역시 달성군 화원읍 명곡리,112,112,0,명곡미래빌1,84.34,202110,10,"30,000",13,2000,명곡로 11,,-,-
대구광역시 달성군 화원읍 명곡리,139,139,0,명곡미래빌4,49.81,202110,1,"17,400",12,2000,화암로 120,,-,-
대구광역시 달성군 화원읍 명곡리,139,139,0,명곡미래빌4,49.97,202110,2,"14,900",2,2000,화암로 120,,-,-
대구광역시 달성군 화원읍 명곡리,139,139,0,명곡미래빌4,49.81,202110,2,"13,700",12,2000,화암로 120,,-,-
대구광역시 달성군 화원읍 명곡리,139,139,0,명곡미래빌4,49.97,202110,13,"16,000",13,2000,화암로 120,,-,-
대구광역시 달성군 화원읍 명곡리,139,139,0,명곡미래빌4,59.63,202110,14,"19,300",15,2000,화암로 120,,-,-
대구광역시 달성군 화원읍 명곡리,139,139,0,명곡미래빌4,49.81,202110,16,"15,550",14,2000,화암로 120,,-,-
대구광역시 달성군 화원읍 명곡리,220,220,0,미래빌5단지,59.42,202110,18,"22,500",7,2001,명천로 243,,-,-
대구광역시 달성군 화원읍 명곡리,236-2,236,2,설화.명곡역프리미어힐,80.5067,202110,6,"30,500",2,2018,비슬로506길 11,,-,-
대구광역시 달성군 화원읍 본리리,113-1,113,1,대구본리그린빌,59.98,202110,2,"24,500",5,2003,명천로 57,,-,-
대구광역시 달성군 화원읍 본리리,113-1,113,1,대구본리그린빌,84.62,202110,3,"34,000",13,2003,명천로 57,,-,-
대구광역시 달성군 화원읍 설화리,536-2,536,2,화원한빛타운,84.97,202110,5,"23,500",4,1995,비슬로491길 13,,-,-
대구광역시 달성군 화원읍 성산리,505,505,0,화원대백맨션,84.98,202110,6,"21,700",11,1993,성화로6길 5,,-,-
대구광역시 달성군 화원읍 성산리,501,501,0,화원태왕타운,84.84,202110,13,"27,500",5,1995,성화로4길 13,,-,-
대구광역시 달성군 화원읍 성산리,501,501,0,화원태왕타운,59.97,202110,15,"19,700",11,1995,성화로4길 13,,-,-
대구광역시 달성군 화원읍 천내리,918,918,0,화원이진캐스빌,84.5734,202110,11,"47,000",30,2017,비슬로 2545,,-,-
대구광역시 달성군 화원읍 천내리,918,918,0,화원이진캐스빌,84.9258,202110,13,"50,000",25,2017,비슬로 2545,,-,-
대구광역시 동구 각산동,1177,1177,0,각산서한이다음,59.9075,202110,16,"30,000",5,2018,반야월북로 167,,-,-
대구광역시 동구 각산동,425,425,0,각산푸르지오1단지,84.929,202110,11,"31,800",2,2009,경안로 824,,-,-
대구광역시 동구 각산동,400,400,0,각산푸르지오2단지,84.929,202110,2,"31,500",1,2009,경안로 822,,-,-
대구광역시 동구 각산동,400,400,0,각산푸르지오2단지,124.8179,202110,25,"40,300",3,2009,경안로 822,,-,-
대구광역시 동구 각산동,1054,1054,0,대구혁신엘에이치4단지,59.75,202110,2,"25,000",3,2017,경안로 956,,-,-
대구광역시 동구 각산동,1061,1061,0,대구혁신엘에이치5단지,84.73,202110,7,"33,250",2,2013,과학로 45,,-,-
대구광역시 동구 각산동,1061,1061,0,대구혁신엘에이치5단지,74.9,202110,13,"32,700",20,2013,과학로 45,,-,-
대구광역시 동구 각산동,394,394,0,영도행복한마을,59.9578,202110,10,"12,500",5,2003,경안로 810,,-,-
대구광역시 동구 검사동,984-34,984,34,강가에,79.86,202110,12,"27,300",5,2006,해동로 214,,-,-
대구광역시 동구 검사동,963-4,963,4,금사리하이빌,75.4349,202110,2,"29,300",11,2003,해동로 254,,-,-
대구광역시 동구 검사동,756-457,756,457,동촌미소타운105동,83.1649,202110,12,"29,400",10,2017,동촌로11길 27,,-,-
대구광역시 동구 검사동,756-457,756,457,동촌미소타운105동,83.1649,202110,23,"29,700",3,2017,동촌로11길 27,,-,-
대구광역시 동구 검사동,756-418,756,418,동촌삼원타운,72.3,202110,25,"22,000",4,2015,동촌역사로4길 7,,-,-
대구광역시 동구 검사동,1111,1111,0,동촌역태왕아너스르네상스,84.9868,202110,23,"46,000",6,2017,동촌로 100,,-,-
대구광역시 동구 검사동,990-6,990,6,오성파크,84.69,202110,14,"25,200",7,2015,동촌로16길 22,,-,-
대구광역시 동구 검사동,1000-39,1000,39,이스트뷰파크,74.896,202110,1,"23,500",3,2015,동촌로11길 20,,-,-
대구광역시 동구 괴전동,125,125,0,안심역서원프레시빌,49.5733,202110,7,"19,900",10,2018,안심로 477,,-,-
대구광역시 동구 괴전동,125,125,0,안심역서원프레시빌,49.5733,202110,12,"21,000",20,2018,안심로 477,,-,-
대구광역시 동구 괴전동,654,654,0,안심역코오롱하늘채,63.3713,202110,18,"37,000",21,2017,금강로21길 30,,-,-
대구광역시 동구 괴전동,654,654,0,안심역코오롱하늘채,84.7718,202110,29,"50,000",10,2017,금강로21길 30,,-,-
대구광역시 동구 대림동,885,885,0,대구혁신도시서한이다음3차,78.8497,202110,8,"33,500",11,2016,혁신대로 443,,-,-
대구광역시 동구 대림동,885,885,0,대구혁신도시서한이다음3차,78.8497,202110,18,"36,000",10,2016,혁신대로 443,,-,-
대구광역시 동구 도동,05월 20일,20,5,에덴공항3,59.95,202110,26,"10,500",2,1990,팔공로26길 49,,-,-
대구광역시 동구 동호동,362,362,0,상록아파트,84.98,202110,20,"29,700",6,2004,동호로 47,,-,-
대구광역시 동구 방촌동,1113-8,1113,8,강변2,65.67,202110,2,"20,500",4,1990,동촌로56길 36,,-,-
대구광역시 동구 방촌동,1067-1,1067,1,무궁화,42.21,202110,6,"9,600",4,1988,동촌로 222,,-,-
대구광역시 동구 방촌동,1084-207,1084,207,방촌청구제네스,84.7767,202110,5,"33,000",14,2006,화랑로75길 6,,-,-
대구광역시 동구 방촌동,1084-13,1084,13,방촌청구타운,84.9,202110,17,"18,800",4,1992,화랑로73길 36,,-,-
대구광역시 동구 방촌동,871-35,871,35,산그린아파트,84.35,202110,13,"28,400",8,2014,동촌로 259-9,,-,-
대구광역시 동구 방촌동,1050-71,1050,71,영남네오빌,84.9913,202110,13,"37,300",10,2000,동촌로 190,,-,-
대구광역시 동구 방촌동,1077-11,1077,11,영남네오빌2차,59.9109,202110,19,"26,500",9,2003,동촌로42길 63,,-,-
대구광역시 동구 방촌동,1084-30,1084,30,우방강촌마을1,59.98,202110,8,"21,500",10,1996,화랑로80길 8,,-,-
대구광역시 동구 방촌동,1084-30,1084,30,우방강촌마을1,59.98,202110,21,"22,500",6,1996,화랑로80길 8,,-,-
대구광역시 동구 봉무동,1522,1522,0,대구이시아폴리스더샵2차,96.51,202110,25,"57,500",18,2013,팔공로 274,,-,-
대구광역시 동구 봉무동,245,245,0,봉무청구새들마을,59.87,202110,22,"18,500",2,2001,팔공로 322-5,,-,-
대구광역시 동구 봉무동,1529,1529,0,이시아폴리스더샵4차,84.96,202110,23,"42,900",13,2014,팔공로53길 40,,-,-
대구광역시 동구 봉무동,1537,1537,0,협성휴포레이시아폴리스,84.9324,202110,30,"39,800",2,2018,팔공로 260,,-,-
대구광역시 동구 불로동,1000-40,1000,40,남경공항타운,79.58,202110,5,"16,000",6,1996,방천로3길 1,,-,-
대구광역시 동구 불로동,962,962,0,불로서한이다음,75.12,202110,19,"31,400",3,2016,공항로 148,,-,-
대구광역시 동구 불로동,959,959,0,불로우방맨션,59.94,202110,12,"17,300",1,1993,공항로 150,,-,-
대구광역시 동구 불로동,1160,1160,0,에덴공항1,39.42,202110,15,"9,300",3,1988,팔공로29길 10,,-,-
대구광역시 동구 불로동,1155,1155,0,에덴공항2,39.42,202110,16,"10,200",2,1988,팔공로33길 10,,-,-
대구광역시 동구 불로동,140-4,140,4,청호,65.01,202110,6,"12,000",5,1991,팔공로25길 46,,-,-
대구광역시 동구 불로동,1154,1154,0,평광현대1,39.62,202110,9,"8,800",5,1988,팔공로37길 33,,-,-
대구광역시 동구 서호동,09월 16일,9,16,골든캐슬A,17.8,202110,12,"4,800",6,2011,경안로109길 29,,-,-
대구광역시 동구 서호동,09월 01일,9,1,골든캐슬B,23.88,202110,27,"4,800",6,2011,경안로109길 31,,-,-
대구광역시 동구 서호동,Nov-74,74,11,팔공스카이빌,84.17,202110,15,"19,500",7,2002,안심로41길 46,,-,-
대구광역시 동구 서호동,Nov-74,74,11,팔공스카이빌,84.17,202110,15,"19,500",7,2002,안심로41길 46,,-,-
대구광역시 동구 신서동,518-1,518,1,각산역더뉴클래스2차,21.2099,202110,16,"9,200",16,2015,반야월로 360,,-,-
대구광역시 동구 신서동,518-1,518,1,각산역더뉴클래스2차,48.5988,202110,23,"18,350",15,2015,반야월로 360,,-,-
대구광역시 동구 신서동,809-1,809,1,녹원,53.1,202110,11,"12,300",6,1992,반야월북로 269,,-,-
대구광역시 동구 신서동,538-2,538,2,대경넥스빌,84.99,202110,16,"29,500",12,2003,안심로 400,,-,-
대구광역시 동구 신서동,468-4,468,4,신서공원아파트,66.262,202110,25,"22,900",2,2016,반야월북로 312,,-,-
대구광역시 동구 신서동,823-7,823,7,신서그린빌,59.895,202110,4,"17,500",4,2001,반야월북로 251,,-,-
대구광역시 동구 신서동,513-1,513,1,신서동신일해피트리,84.48,202110,4,"33,800",25,2007,반야월로 370,,-,-
대구광역시 동구 신서동,513-1,513,1,신서동신일해피트리,84.48,202110,24,"33,600",10,2007,반야월로 370,,-,-
대구광역시 동구 신서동,881,881,0,신서청구타운,59.99,202110,9,"16,300",7,1997,반야월북로55길 19,,-,-
대구광역시 동구 신서동,881,881,0,신서청구타운,59.99,202110,14,"15,750",5,1997,반야월북로55길 19,,-,-
대구광역시 동구 신서동,828,828,0,신서화성파크드림,84.9205,202110,8,"35,500",6,2010,반야월북로 221,,-,-
대구광역시 동구 신서동,828,828,0,신서화성파크드림,84.8671,202110,15,"39,000",24,2010,반야월북로 221,,-,-
대구광역시 동구 신서동,828,828,0,신서화성파크드림,84.9205,202110,16,"33,200",27,2010,반야월북로 221,,-,-
대구광역시 동구 신서동,540,540,0,아름다운나날2,84.6688,202110,6,"27,000",15,2003,동호로 88,,-,-
대구광역시 동구 신서동,561,561,0,아름다운나날3,84.6139,202110,8,"27,300",5,2003,동호로 132,,-,-
대구광역시 동구 신암동,1525,1525,0,동서청기와,54.98,202110,19,"25,000",5,1988,아양로49길 20,,-,-
대구광역시 동구 신암동,622,622,0,보성1차,50.85,202110,9,"27,000",3,1985,큰고개로 23,,-,-
대구광역시 동구 신암동,250-4,250,4,삼승월드타워빌,84.67,202110,26,"24,400",5,2003,아양로 146,,-,-
대구광역시 동구 신암동,194-1,194,1,신암건영캐스빌,83.718,202110,4,"35,300",5,2005,신암남로 50,,-,-
대구광역시 동구 신암동,194-1,194,1,신암건영캐스빌,73.322,202110,5,"33,800",9,2005,신암남로 50,,-,-
대구광역시 동구 신암동,194-1,194,1,신암건영캐스빌,73.322,202110,7,"30,500",11,2005,신암남로 50,,-,-
대구광역시 동구 신암동,194-1,194,1,신암건영캐스빌,127.85,202110,9,"45,200",2,2005,신암남로 50,,-,-
대구광역시 동구 신암동,461-1,461,1,신암그린타운,52.8146,202110,5,"25,000",5,2003,신성로 30,,-,-
대구광역시 동구 신암동,766,766,0,신암뜨란채,59.44,202110,2,"31,500",19,2005,아양로7길 12,,-,-
대구광역시 동구 신암동,766,766,0,신암뜨란채,108.95,202110,2,"48,500",9,2005,아양로7길 12,,-,-
대구광역시 동구 신암동,766,766,0,신암뜨란채,84.95,202110,6,"39,500",16,2005,아양로7길 12,,-,-
대구광역시 동구 신암동,480,480,0,신암청아람,84.8527,202110,6,"42,500",11,2009,신암로20길 39,,-,-
대구광역시 동구 신암동,480,480,0,신암청아람,59.7456,202110,30,"34,000",12,2009,신암로20길 39,,-,-
대구광역시 동구 신암동,364-8,364,8,오베이스,59.95,202110,19,"18,500",9,2002,동북로 440,,-,-
대구광역시 동구 신암동,181-1,181,1,이안동대구,59.921,202110,3,"45,000",6,2018,송라로28길 14,,-,-
대구광역시 동구 신암동,181-1,181,1,이안동대구,84.8717,202110,11,"59,900",11,2018,송라로28길 14,,-,-
대구광역시 동구 신암동,181-1,181,1,이안동대구,84.9221,202110,15,"57,500",16,2018,송라로28길 14,,-,-
대구광역시 동구 신암동,181-1,181,1,이안동대구,59.921,202110,18,"48,000",12,2018,송라로28길 14,,-,-
대구광역시 동구 신암동,373-1,373,1,진로2이스트,29.64,202110,16,"9,800",6,1998,동북로 460,,-,-
대구광역시 동구 신암동,250-6,250,6,청산드림뷰1,93.44,202110,29,"21,000",8,2003,신암남로23길 51,,-,-
대구광역시 동구 신천동,306-2,306,2,대덕리더스텔,56.84,202110,7,"16,500",5,2002,동부로22길 91-13,,-,-
대구광역시 동구 신천동,1507,1507,0,동대구반도유보라,39.7596,202110,8,"24,000",10,2018,송라로16길 11,,-,-
대구광역시 동구 신천동,1507,1507,0,동대구반도유보라,39.7596,202110,15,"25,700",2,2018,송라로16길 11,,-,-
대구광역시 동구 신천동,1507,1507,0,동대구반도유보라,59.9327,202110,17,"47,500",17,2018,송라로16길 11,,-,-
대구광역시 동구 신천동,Mar-45,45,3,동대구삼환나우빌,60.058,202110,8,"27,000",10,2007,동부로 81,,-,-
대구광역시 동구 신천동,Mar-45,45,3,동대구삼환나우빌,84.9739,202110,12,"38,000",9,2007,동부로 81,,-,-
대구광역시 동구 신천동,Mar-45,45,3,동대구삼환나우빌,84.9739,202110,15,"34,500",4,2007,동부로 81,,-,-
대구광역시 동구 신천동,633,633,0,동신우방,59.854,202110,1,"23,600",6,1996,송라로11길 86,,-,-
대구광역시 동구 신천동,633,633,0,동신우방,59.854,202110,1,"20,000",14,1996,송라로11길 86,,-,-
대구광역시 동구 신천동,156-4,156,4,수명가,84.843,202110,5,"30,500",4,2015,장등로 45,,-,-
대구광역시 동구 신천동,556-1,556,1,신천LH,53.46,202110,4,"20,300",8,1989,동부로 1,,-,-
대구광역시 동구 신천동,551-23,551,23,신천가람타운,52.02,202110,1,"22,500",20,1997,신암로16길 16,,-,-
대구광역시 동구 신천동,551-23,551,23,신천가람타운,52.02,202110,5,"22,000",4,1997,신암로16길 33,,-,-
대구광역시 동구 신천동,551-23,551,23,신천가람타운,52.02,202110,5,"22,000",4,1997,신암로16길 33,20211022,-,-
대구광역시 동구 신천동,551-23,551,23,신천가람타운,59.91,202110,8,"23,800",7,1997,신암로16길 16,,-,-
대구광역시 동구 신천동,551-23,551,23,신천가람타운,59.91,202110,28,"22,000",11,1997,신암로16길 33,,-,-
대구광역시 동구 신천동,538-3,538,3,신천역까사밀라101동,20.85,202110,8,"7,900",12,2015,동부로 29,,-,-
대구광역시 동구 신천동,538-3,538,3,신천역까사밀라101동,24.03,202110,14,"7,300",4,2015,동부로 29,,-,-
대구광역시 동구 신천동,1503,1503,0,신천자이,84.8742,202110,1,"49,800",4,2013,신암로16길 25,,-,-
대구광역시 동구 신천동,630,630,0,신천주공2,49.84,202110,5,"20,800",7,1998,국채보상로155길 54,,-,-
대구광역시 동구 신천동,621,621,0,신천휴먼시아5단지,75.94,202110,8,"39,000",5,2011,동부로 26,,-,-
대구광역시 동구 신천동,621,621,0,신천휴먼시아5단지,75.83,202110,13,"42,000",9,2011,동부로 26,,-,-
대구광역시 동구 신천동,101-4,101,4,오성파크2차,84.2613,202110,22,"32,000",11,2017,장등로 46,,-,-
대구광역시 동구 신천동,457,457,0,효신,50.78,202110,9,"20,000",3,1981,동부로32길 99,,-,-
대구광역시 동구 용계동,467-1,467,1,강변동서마을,84.98,202110,12,"28,500",2,1999,화랑로100길 17,,-,-
대구광역시 동구 율하동,1228,1228,0,경남모직안아주,59.9605,202110,10,"34,500",8,2009,안심로16길 29,,-,-
대구광역시 동구 율하동,1408,1408,0,대구율하2세계육상선수촌2단지,84.88,202110,14,"52,000",11,2011,안심로16길 71,,-,-
대구광역시 동구 율하동,1093,1093,0,우방아이유쉘,84.9917,202110,1,"41,500",8,2013,금호강변로3길 22,,-,-
대구광역시 동구 율하동,1093,1093,0,우방아이유쉘,84.9942,202110,3,"40,800",7,2013,금호강변로3길 22,,-,-
대구광역시 동구 율하동,1093,1093,0,우방아이유쉘,84.9918,202110,18,"42,500",9,2013,금호강변로3길 22,,-,-
대구광역시 동구 율하동,1093,1093,0,우방아이유쉘,84.9942,202110,20,"40,600",10,2013,금호강변로3길 22,,-,-
대구광역시 동구 율하동,1216,1216,0,율하롯데캐슬TOPCLASS,99.8468,202110,8,"57,000",13,2015,율하서로 23,,-,-
대구광역시 동구 율하동,1412,1412,0,율하휴먼시아11단지,74.53,202110,15,"35,500",4,2009,율하동로 19,,-,-
대구광역시 동구 지묘동,360,360,0,태왕그린힐즈,59.88,202110,12,"15,200",10,1997,파계로 46,,-,-
대구광역시 동구 지묘동,360,360,0,태왕그린힐즈,84.86,202110,26,"18,000",11,1997,파계로 46,,-,-
대구광역시 동구 지묘동,215,215,0,팔공보성1차,134.92,202110,10,"30,500",9,1994,팔공로 489,,-,-
대구광역시 동구 지묘동,215,215,0,팔공보성1차,59.85,202110,23,"15,400",6,1994,팔공로 489,,-,-
대구광역시 동구 지묘동,215,215,0,팔공보성1차,84.99,202110,30,"23,800",13,1994,팔공로 489,,-,-
대구광역시 동구 지묘동,327,327,0,팔공보성타운2,134.92,202110,6,"36,000",7,1995,팔공로101길 55,,-,-
대구광역시 동구 지묘동,327,327,0,팔공보성타운2,47.03,202110,12,"10,900",9,1995,팔공로101길 55,,-,-
대구광역시 동구 지묘동,327,327,0,팔공보성타운2,47.03,202110,13,"11,400",3,1995,팔공로101길 55,,-,-
대구광역시 동구 지묘동,327,327,0,팔공보성타운2,84.99,202110,18,"24,500",14,1995,팔공로101길 55,,-,-
대구광역시 동구 지저동,931,931,0,태왕아너스리버파크,84.2341,202110,10,"34,800",2,2016,공항로54길 51,,-,-
대구광역시 동구 효목동,354-2,354,2,DH아인스,84.0304,202110,13,"27,200",4,2016,효목로 47,,-,-
대구광역시 동구 효목동,569,569,0,멤피스빌,75,202110,9,"20,500",6,2003,효목로 52,,-,-
대구광역시 동구 효목동,337,337,0,태왕메트로시티,59.85,202110,2,"21,000",3,2003,동북로 500,,-,-
대구광역시 동구 효목동,337,337,0,태왕메트로시티,59.85,202110,3,"23,000",7,2003,동북로 500,,-,-
대구광역시 동구 효목동,337,337,0,태왕메트로시티,84.92,202110,4,"25,000",1,2003,동북로 500,,-,-
대구광역시 동구 효목동,337,337,0,태왕메트로시티,59.85,202110,7,"24,200",10,2003,동북로 500,,-,-
대구광역시 북구 검단동,1128-3,1128,3,민들레,59.94,202110,5,"13,700",8,1991,검단로 255,,-,-
대구광역시 북구 검단동,1128-3,1128,3,민들레,59.94,202110,8,"13,400",10,1991,검단로 255,,-,-
대구광역시 북구 검단동,1128-3,1128,3,민들레,59.94,202110,9,"13,500",3,1991,검단로 255,,-,-
대구광역시 북구 검단동,1128-3,1128,3,민들레,59.94,202110,18,"13,500",8,1991,검단로 255,,-,-
대구광역시 북구 검단동,887-8,887,8,유성청구,47.49,202110,1,"12,500",5,1992,검단로 115,,-,-
대구광역시 북구 검단동,887-8,887,8,유성청구,47.49,202110,5,"13,250",10,1992,검단로 115,,-,-
대구광역시 북구 검단동,887-8,887,8,유성청구,47.49,202110,6,"13,200",6,1992,검단로 115,,-,-
대구광역시 북구 검단동,887-8,887,8,유성청구,47.49,202110,12,"12,500",4,1992,검단로 115,,-,-
대구광역시 북구 검단동,887-8,887,8,유성청구,47.49,202110,12,"13,500",8,1992,검단로 115,,-,-
대구광역시 북구 검단동,887-8,887,8,유성청구,47.49,202110,16,"13,600",7,1992,검단로 115,,-,-
대구광역시 북구 검단동,887-8,887,8,유성청구,47.85,202110,17,"13,600",6,1992,검단로 115,,-,-
대구광역시 북구 관음동,1386,1386,0,동화훼밀리타운,84.7044,202110,9,"26,000",1,2003,칠곡중앙대로95길 11,,-,-
대구광역시 북구 관음동,1386,1386,0,동화훼밀리타운,84.7044,202110,19,"27,600",6,2003,칠곡중앙대로95길 11,,-,-
대구광역시 북구 관음동,1383-1,1383,1,칠곡동화타운,59.9037,202110,4,"14,800",2,2000,칠곡중앙대로95길 12,,-,-
대구광역시 북구 관음동,1383-1,1383,1,칠곡동화타운,59.9037,202110,9,"16,350",9,2000,칠곡중앙대로95길 12,,-,-
대구광역시 북구 관음동,1383-1,1383,1,칠곡동화타운,59.9037,202110,11,"16,250",6,2000,칠곡중앙대로95길 12,,-,-
대구광역시 북구 관음동,1383-1,1383,1,칠곡동화타운,59.9644,202110,12,"17,400",5,2000,칠곡중앙대로95길 12,,-,-
대구광역시 북구 관음동,1383-1,1383,1,칠곡동화타운,59.9037,202110,15,"16,200",2,2000,칠곡중앙대로95길 12,,-,-
대구광역시 북구 관음동,1370,1370,0,칠곡한양2,84.945,202110,17,"21,000",10,1993,구암로 17,,-,-
대구광역시 북구 관음동,1370,1370,0,칠곡한양2,84.945,202110,18,"19,000",7,1993,구암로 17,,-,-
대구광역시 북구 관음동,1370,1370,0,칠곡한양2,59.82,202110,28,"14,200",10,1993,구암로 17,,-,-
대구광역시 북구 구암동,772,772,0,그린빌2차,84.34,202110,29,"30,900",13,2001,구암서로 70,,-,-
대구광역시 북구 구암동,786,786,0,그린빌3차,49.71,202110,1,"17,300",9,2000,구암서로 41,,-,-
대구광역시 북구 구암동,786,786,0,그린빌3차,39.77,202110,4,"13,000",6,2000,구암서로 41,,-,-
대구광역시 북구 구암동,786,786,0,그린빌3차,49.71,202110,5,"15,200",6,2000,구암서로 41,,-,-
대구광역시 북구 구암동,786,786,0,그린빌3차,39.77,202110,8,"12,900",15,2000,구암서로 41,,-,-
대구광역시 북구 구암동,786,786,0,그린빌3차,49.71,202110,8,"15,800",3,2000,구암서로 41,,-,-
대구광역시 북구 구암동,786,786,0,그린빌3차,49.71,202110,11,"15,600",2,2000,구암서로 41,,-,-
대구광역시 북구 구암동,786,786,0,그린빌3차,39.77,202110,12,"13,300",11,2000,구암서로 41,,-,-
대구광역시 북구 구암동,786,786,0,그린빌3차,49.71,202110,14,"14,000",1,2000,구암서로 41,,-,-
대구광역시 북구 구암동,786,786,0,그린빌3차,39.77,202110,16,"12,500",8,2000,구암서로 41,,-,-
대구광역시 북구 구암동,786,786,0,그린빌3차,49.71,202110,17,"15,850",14,2000,구암서로 41,,-,-
대구광역시 북구 구암동,788,788,0,그린빌4차,59.83,202110,9,"19,500",8,2001,구암서로 22,,-,-
대구광역시 북구 구암동,788,788,0,그린빌4차,59.83,202110,10,"18,600",9,2001,구암서로 22,,-,-
대구광역시 북구 구암동,788,788,0,그린빌4차,59.83,202110,15,"19,050",5,2001,구암서로 22,,-,-
대구광역시 북구 구암동,788,788,0,그린빌4차,59.83,202110,19,"17,800",3,2001,구암서로 22,,-,-
대구광역시 북구 구암동,788,788,0,그린빌4차,59.83,202110,21,"19,700",4,2001,구암서로 22,,-,-
대구광역시 북구 구암동,655,655,0,금빛타운,120.93,202110,21,"31,800",3,1995,팔거천동로 70,,-,-
대구광역시 북구 구암동,789,789,0,부영5차,81.1718,202110,9,"26,000",4,2003,대천로 132,,-,-
대구광역시 북구 구암동,789-1,789,1,부영6차,81.1563,202110,2,"26,690",3,2002,구암로49길 24,,-,-
대구광역시 북구 구암동,789-1,789,1,부영6차,60.2153,202110,14,"18,000",14,2002,구암로49길 24,,-,-
대구광역시 북구 구암동,789-1,789,1,부영6차,81.1563,202110,23,"27,900",10,2002,구암로49길 24,,-,-
대구광역시 북구 구암동,789-1,789,1,부영6차,81.1563,202110,23,"25,500",6,2002,구암로49길 24,,-,-
대구광역시 북구 구암동,789-2,789,2,부영7차,81.1718,202110,5,"30,000",13,2003,구암로49길 10,,-,-
대구광역시 북구 구암동,789-2,789,2,부영7차,59.8488,202110,16,"17,900",9,2003,구암로49길 10,,-,-
대구광역시 북구 구암동,655-3,655,3,칠곡2동서타운,70.33,202110,4,"19,900",13,1996,구암로32길 22,,-,-
대구광역시 북구 구암동,655-3,655,3,칠곡2동서타운,70.33,202110,6,"19,000",13,1996,구암로32길 22,,-,-
대구광역시 북구 구암동,655-3,655,3,칠곡2동서타운,39.87,202110,20,"10,600",9,1996,구암로32길 22,,-,-
대구광역시 북구 구암동,655-3,655,3,칠곡2동서타운,57.69,202110,23,"15,250",6,1996,구암로32길 22,,-,-
대구광역시 북구 구암동,655-3,655,3,칠곡2동서타운,39.87,202110,26,"8,600",1,1996,구암로32길 22,,-,-
대구광역시 북구 구암동,695-2,695,2,칠곡건영,59.88,202110,2,"16,800",7,2001,구암로32길 15,,-,-
대구광역시 북구 구암동,695-2,695,2,칠곡건영,59.88,202110,16,"15,350",17,2001,구암로32길 15,,-,-
대구광역시 북구 구암동,695-1,695,1,칠곡동서영남,59.84,202110,5,"15,600",1,1995,구암로 180,,-,-
대구광역시 북구 구암동,695-1,695,1,칠곡동서영남,59.84,202110,22,"15,500",1,1995,구암로 180,,-,-
대구광역시 북구 구암동,655-4,655,4,칠곡미래타운,84.99,202110,2,"25,500",15,1995,팔거천동로 52,,-,-
대구광역시 북구 구암동,655-4,655,4,칠곡미래타운,134.99,202110,27,"31,000",4,1995,팔거천동로 52,,-,-
대구광역시 북구 구암동,695-3,695,3,칠곡청구타운,59.34,202110,2,"15,500",17,1995,학정로 271,,-,-
대구광역시 북구 구암동,695-3,695,3,칠곡청구타운,59.34,202110,18,"17,250",6,1995,학정로 271,,-,-
대구광역시 북구 구암동,695,695,0,칠곡한라타운2,59.94,202110,8,"15,600",3,1995,구암로 170,,-,-
대구광역시 북구 구암동,695,695,0,칠곡한라타운2,84.84,202110,20,"21,000",9,1995,구암로 170,,-,-
대구광역시 북구 구암동,785,785,0,화성그랜드파크,84.9823,202110,1,"41,500",3,2003,구암로65길 9,,-,-
대구광역시 북구 국우동,1110,1110,0,그린빌1차,49.57,202110,9,"13,000",2,1999,구리로 250,,-,-
대구광역시 북구 국우동,1080,1080,0,그린빌6단지,51.95,202110,1,"16,300",8,2002,학정동로 10,,-,-
대구광역시 북구 국우동,1080,1080,0,그린빌6단지,51.95,202110,1,"16,600",8,2002,학정동로 10,,-,-
대구광역시 북구 국우동,1080,1080,0,그린빌6단지,51.95,202110,1,"16,400",13,2002,학정동로 10,,-,-
대구광역시 북구 국우동,1080,1080,0,그린빌6단지,51.95,202110,7,"15,700",8,2002,학정동로 10,,-,-
대구광역시 북구 국우동,1080,1080,0,그린빌6단지,51.95,202110,7,"16,600",15,2002,학정동로 10,,-,-
대구광역시 북구 국우동,1080,1080,0,그린빌6단지,51.95,202110,8,"16,000",7,2002,학정동로 10,,-,-
대구광역시 북구 국우동,1080,1080,0,그린빌6단지,51.95,202110,9,"16,800",12,2002,학정동로 10,,-,-
대구광역시 북구 국우동,1080,1080,0,그린빌6단지,51.49,202110,9,"16,000",5,2002,학정동로 10,,-,-
대구광역시 북구 국우동,1080,1080,0,그린빌6단지,51.49,202110,9,"14,300",1,2002,학정동로 10,,-,-
대구광역시 북구 국우동,1080,1080,0,그린빌6단지,51.49,202110,9,"16,000",11,2002,학정동로 10,,-,-
대구광역시 북구 국우동,1080,1080,0,그린빌6단지,51.95,202110,12,"17,000",2,2002,학정동로 10,,-,-
대구광역시 북구 국우동,1080,1080,0,그린빌6단지,51.95,202110,18,"16,500",11,2002,학정동로 10,,-,-
대구광역시 북구 국우동,1079,1079,0,부영1차,81.1563,202110,2,"26,700",2,2002,학정동로 7,,-,-
대구광역시 북구 국우동,1079,1079,0,부영1차,81.1563,202110,3,"28,000",2,2002,학정동로 7,,-,-
대구광역시 북구 국우동,1079,1079,0,부영1차,81.1563,202110,4,"29,000",18,2002,학정동로 7,,-,-
대구광역시 북구 국우동,1079,1079,0,부영1차,60.2153,202110,5,"22,150",16,2002,학정동로 7,,-,-
대구광역시 북구 국우동,1110-3,1110,3,칠곡현대아파트,84.939,202110,7,"22,500",7,1999,구리로 254,,-,-
대구광역시 북구 국우동,1110-3,1110,3,칠곡현대아파트,77.047,202110,9,"19,300",7,1999,구리로 254,,-,-
대구광역시 북구 국우동,1110-3,1110,3,칠곡현대아파트,59.955,202110,15,"17,000",12,1999,구리로 254,,-,-
대구광역시 북구 노원동1가,145,145,0,삼영사랑마을,83.31,202110,11,"20,500",9,2003,오봉로6길 15,,-,-
대구광역시 북구 노원동2가,227,227,0,노원드림뷰,84.7714,202110,23,"23,900",7,2003,오봉로 15,,-,-
대구광역시 북구 노원동3가,1227,1227,0,대구노원한신더휴,84.98,202110,1,"45,500",26,2017,노원로10길 40,,-,-
대구광역시 북구 대현동,535,535,0,대구대현엘에이치3단지,84.64,202110,12,"54,500",20,2016,대현남로6길 20,,-,-
대구광역시 북구 대현동,535,535,0,대구대현엘에이치3단지,84.26,202110,22,"53,500",16,2016,대현남로6길 20,,-,-
대구광역시 북구 대현동,531,531,0,대현휴먼시아2단지,84.97,202110,26,"43,000",18,2010,대현남로 25,,-,-
대구광역시 북구 동변동,697,697,0,유니버시아드선수촌1단지,109.8776,202110,16,"43,000",9,2003,동변로 50,,-,-
대구광역시 북구 동변동,697,697,0,유니버시아드선수촌1단지,109.9002,202110,26,"42,000",5,2003,동변로 50,,-,-
대구광역시 북구 동변동,682,682,0,유니버시아드선수촌2단지,83.4706,202110,7,"28,100",12,2003,동변로 24,,-,-
대구광역시 북구 동변동,682,682,0,유니버시아드선수촌2단지,83.4706,202110,11,"27,600",2,2003,동변로 24,,-,-
대구광역시 북구 동변동,682,682,0,유니버시아드선수촌2단지,83.4706,202110,16,"29,000",12,2003,동변로 24,,-,-
대구광역시 북구 동변동,682,682,0,유니버시아드선수촌2단지,59.9825,202110,23,"21,300",3,2003,동변로 24,,-,-
대구광역시 북구 동변동,682,682,0,유니버시아드선수촌2단지,59.969,202110,30,"21,800",10,2003,동변로 24,,-,-
대구광역시 북구 동변동,679,679,0,주공그린빌8,46.2,202110,2,"14,900",2,2002,동변로 55,,-,-
대구광역시 북구 동변동,679,679,0,주공그린빌8,59.83,202110,11,"18,800",5,2002,동변로 55,,-,-
대구광역시 북구 동변동,679,679,0,주공그린빌8,59.83,202110,25,"19,000",5,2002,동변로 55,,-,-
대구광역시 북구 동천동,891,891,0,동화골든빌,57.6183,202110,1,"20,500",9,2002,동천로 156,,-,-
대구광역시 북구 동천동,891,891,0,동화골든빌,29.9237,202110,1,"12,900",12,2002,동천로 156,,-,-
대구광역시 북구 동천동,891,891,0,동화골든빌,24.8957,202110,1,"10,400",12,2002,동천로 156,,-,-
대구광역시 북구 동천동,891,891,0,동화골든빌,58.234,202110,8,"18,700",1,2002,동천로 156,,-,-
대구광역시 북구 동천동,891,891,0,동화골든빌,58.234,202110,11,"21,000",14,2002,동천로 156,,-,-
대구광역시 북구 동천동,891,891,0,동화골든빌,57.6183,202110,12,"21,000",4,2002,동천로 156,,-,-
대구광역시 북구 동천동,891,891,0,동화골든빌,57.6183,202110,15,"21,000",4,2002,동천로 156,,-,-
대구광역시 북구 동천동,891,891,0,동화골든빌,57.6183,202110,18,"23,700",15,2002,동천로 156,,-,-
대구광역시 북구 동천동,891,891,0,동화골든빌,57.6183,202110,24,"19,000",1,2002,동천로 156,,-,-
대구광역시 북구 동천동,872,872,0,보성서한타운,42.68,202110,1,"10,800",4,1995,팔거천동로 104,,-,-
대구광역시 북구 동천동,872,872,0,보성서한타운,42.68,202110,7,"10,500",15,1995,팔거천동로 104,,-,-
대구광역시 북구 동천동,872,872,0,보성서한타운,42.68,202110,9,"10,800",15,1995,팔거천동로 104,,-,-
대구광역시 북구 동천동,872,872,0,보성서한타운,42.68,202110,11,"10,700",4,1995,팔거천동로 104,,-,-
대구광역시 북구 동천동,872,872,0,보성서한타운,59.9,202110,13,"17,000",10,1995,팔거천동로 104,,-,-
대구광역시 북구 동천동,872,872,0,보성서한타운,42.68,202110,14,"9,900",1,1995,팔거천동로 104,,-,-
대구광역시 북구 동천동,872,872,0,보성서한타운,42.68,202110,17,"11,500",5,1995,팔거천동로 104,,-,-
대구광역시 북구 동천동,872,872,0,보성서한타운,42.68,202110,20,"12,000",9,1995,팔거천동로 104,,-,-
대구광역시 북구 동천동,872,872,0,보성서한타운,42.68,202110,21,"11,750",11,1995,팔거천동로 104,,-,-
대구광역시 북구 동천동,872,872,0,보성서한타운,42.68,202110,21,"11,000",5,1995,팔거천동로 104,,-,-
대구광역시 북구 동천동,872,872,0,보성서한타운,42.68,202110,25,"11,950",9,1995,팔거천동로 104,20211027,-,-
대구광역시 북구 동천동,872,872,0,보성서한타운,42.68,202110,25,"11,950",7,1995,팔거천동로 104,,-,-
대구광역시 북구 동천동,914,914,0,부영그린타운(2단지),81.1718,202110,4,"32,300",4,2003,동천로24길 12,,-,-
대구광역시 북구 동천동,914,914,0,부영그린타운(2단지),81.1718,202110,6,"33,000",13,2003,동천로24길 12,,-,-
대구광역시 북구 동천동,914,914,0,부영그린타운(2단지),81.1718,202110,9,"34,000",8,2003,동천로24길 12,,-,-
대구광역시 북구 동천동,914,914,0,부영그린타운(2단지),59.8488,202110,16,"22,950",11,2003,동천로24길 12,,-,-
대구광역시 북구 동천동,914,914,0,부영그린타운(2단지),59.8488,202110,17,"21,200",1,2003,동천로24길 12,,-,-
대구광역시 북구 동천동,914,914,0,부영그린타운(2단지),81.1718,202110,31,"30,500",4,2003,동천로24길 12,,-,-
대구광역시 북구 동천동,914,914,0,부영그린타운(2단지),81.1718,202110,31,"30,500",4,2003,동천로24길 12,20211101,-,-
대구광역시 북구 동천동,913,913,0,영남네오빌아트,84.8526,202110,4,"44,250",9,2004,동천로 97,,-,-
대구광역시 북구 동천동,913,913,0,영남네오빌아트,84.8526,202110,11,"45,000",15,2004,동천로 97,,-,-
대구광역시 북구 동천동,880-1,880,1,칠곡2영남타운,39.96,202110,2,"11,250",11,1996,팔거천동로24길 40,,-,-
대구광역시 북구 동천동,880-1,880,1,칠곡2영남타운,56.93,202110,4,"14,700",2,1996,팔거천동로24길 40,,-,-
대구광역시 북구 동천동,880-1,880,1,칠곡2영남타운,49.97,202110,9,"14,300",4,1996,팔거천동로24길 40,,-,-
대구광역시 북구 동천동,880-1,880,1,칠곡2영남타운,39.96,202110,9,"13,400",14,1996,팔거천동로24길 40,,-,-
대구광역시 북구 동천동,880-1,880,1,칠곡2영남타운,60,202110,11,"17,300",1,1996,팔거천동로24길 40,,-,-
대구광역시 북구 동천동,880-1,880,1,칠곡2영남타운,60,202110,11,"16,500",6,1996,팔거천동로24길 40,,-,-
대구광역시 북구 동천동,880-1,880,1,칠곡2영남타운,56.93,202110,11,"15,500",15,1996,팔거천동로24길 40,,-,-
대구광역시 북구 동천동,880-1,880,1,칠곡2영남타운,39.96,202110,12,"11,900",14,1996,팔거천동로24길 40,,-,-
대구광역시 북구 동천동,880-1,880,1,칠곡2영남타운,60,202110,13,"17,000",1,1996,팔거천동로24길 40,,-,-
대구광역시 북구 동천동,880-1,880,1,칠곡2영남타운,60,202110,31,"18,000",16,1996,팔거천동로24길 40,,-,-
대구광역시 북구 동천동,915,915,0,칠곡3화성타운,59.91,202110,1,"21,950",12,1999,대천로 101,,-,-
대구광역시 북구 동천동,915,915,0,칠곡3화성타운,59.91,202110,2,"22,400",12,1999,대천로 101,,-,-
대구광역시 북구 동천동,915,915,0,칠곡3화성타운,84.96,202110,2,"29,900",2,1999,대천로 101,,-,-
대구광역시 북구 동천동,915,915,0,칠곡3화성타운,59.91,202110,3,"21,000",13,1999,대천로 101,,-,-
대구광역시 북구 동천동,915,915,0,칠곡3화성타운,75.28,202110,9,"26,050",15,1999,대천로 101,,-,-
대구광역시 북구 동천동,915,915,0,칠곡3화성타운,84.8,202110,20,"27,500",1,1999,대천로 101,,-,-
대구광역시 북구 동천동,890,890,0,칠곡네스빌,84.5826,202110,26,"35,000",16,2004,동천로 155,,-,-
대구광역시 북구 동천동,889,889,0,칠곡우방하이츠,59.96,202110,4,"18,550",20,1999,구리로 26,,-,-
대구광역시 북구 동천동,889,889,0,칠곡우방하이츠,59.96,202110,5,"17,300",6,1999,구리로 26,,-,-
대구광역시 북구 동천동,889,889,0,칠곡우방하이츠,59.96,202110,8,"20,200",16,1999,구리로 26,,-,-
대구광역시 북구 동천동,889,889,0,칠곡우방하이츠,59.96,202110,15,"18,500",11,1999,구리로 26,,-,-
대구광역시 북구 동천동,889,889,0,칠곡우방하이츠,34.44,202110,22,"11,900",12,1999,구리로 26,,-,-
대구광역시 북구 동천동,880-3,880,3,칠곡화성타운2차,59.99,202110,1,"16,200",13,1995,동천로 6,,-,-
대구광역시 북구 동천동,880-3,880,3,칠곡화성타운2차,59.99,202110,9,"16,200",4,1995,동천로 6,,-,-
대구광역시 북구 동천동,950,950,0,화성센트럴파크,59.963,202110,13,"27,300",7,2003,대천로 100,,-,-
대구광역시 북구 동천동,950,950,0,화성센트럴파크,59.963,202110,16,"27,700",13,2003,대천로 100,,-,-
대구광역시 북구 동천동,950,950,0,화성센트럴파크,59.963,202110,20,"22,200",2,2003,대천로 100,,-,-
대구광역시 북구 동천동,950,950,0,화성센트럴파크,84.9823,202110,27,"38,000",12,2003,대천로 100,,-,-
대구광역시 북구 매천동,741,741,0,매천휴먼시아,84.58,202110,12,"35,500",5,2008,매전로4길 9,,-,-
대구광역시 북구 매천동,741,741,0,매천휴먼시아,84.58,202110,14,"35,500",14,2008,매전로4길 9,,-,-
대구광역시 북구 매천동,741,741,0,매천휴먼시아,84.58,202110,19,"38,700",15,2008,매전로4길 9,,-,-
대구광역시 북구 매천동,750,750,0,한신더휴웨스턴팰리스,84.967,202110,16,"51,000",17,2019,매전로4길 32,,-,-
대구광역시 북구 매천동,753,753,0,한신더휴이스턴팰리스,84.99,202110,16,"56,300",20,2019,매전로4길 31,,-,-
대구광역시 북구 복현동,423,423,0,동진,53.64,202110,4,"18,500",2,1981,동북로50길 10,,-,-
대구광역시 북구 복현동,433-1,433,1,럭키5,64.62,202110,16,"17,100",4,1983,경진로남1길 33,,-,-
대구광역시 북구 복현동,09월 28일,28,9,범창,38.8,202110,27,"9,100",4,1985,복현로20길 81,,-,-
대구광역시 북구 복현동,539-111,539,111,복현대백맨션,59.94,202110,11,"21,800",18,1996,복현로 137,,-,-
대구광역시 북구 복현동,539-111,539,111,복현대백맨션,135,202110,16,"39,000",7,1996,복현로 137,,-,-
대구광역시 북구 복현동,539-13,539,13,복현동리더스타운아파트,83.1292,202110,12,"28,700",7,2016,검단로 8-11,,-,-
대구광역시 북구 복현동,160-7,160,7,복현서한2,59.75,202110,1,"19,200",6,1998,공항로15길 8,,-,-
대구광역시 북구 복현동,160-7,160,7,복현서한2,59.75,202110,13,"18,300",1,1998,공항로15길 8,,-,-
대구광역시 북구 복현동,539-110,539,110,복현서한이다음,59.9,202110,6,"22,000",2,1996,검단로 50,,-,-
대구광역시 북구 복현동,539-110,539,110,복현서한이다음,59.9,202110,14,"22,500",9,1996,검단로 50,,-,-
대구광역시 북구 복현동,260,260,0,복현우방타운,84.98,202110,3,"30,000",13,1997,공항로 84,,-,-
대구광역시 북구 복현동,05월 28일,28,5,복현이오스,45.36,202110,30,"9,400",4,1981,복현로20길 87,,-,-
대구광역시 북구 복현동,539-113,539,113,복현청구타운,84.96,202110,18,"33,000",3,1996,검단로 34,,-,-
대구광역시 북구 복현동,190-1,190,1,태왕아너스복현,84.996,202110,5,"37,650",5,2006,복현로 105,,-,-
대구광역시 북구 복현동,Jan-76,76,1,현대맨션,84.975,202110,5,"26,500",4,1992,복현로 115,,-,-
대구광역시 북구 복현동,Jan-76,76,1,현대맨션,84.975,202110,12,"25,000",2,1992,복현로 115,,-,-
대구광역시 북구 복현동,Jan-76,76,1,현대맨션,84.975,202110,13,"25,500",2,1992,복현로 115,,-,-
대구광역시 북구 복현동,430,430,0,협진(430-0),46.94,202110,4,"15,000",5,1981,동북로50길 11,,-,-
대구광역시 북구 복현동,436-1,436,1,협진(436-1),57.9,202110,4,"21,000",5,1981,동북로50길 17,,-,-
대구광역시 북구 사수동,833,833,0,금호서한이다음,84.95,202110,1,"37,100",9,2016,한강로 17,,-,-
대구광역시 북구 사수동,833,833,0,금호서한이다음,74.91,202110,10,"33,000",15,2016,한강로 17,,-,-
대구광역시 북구 사수동,833,833,0,금호서한이다음,126.98,202110,16,"70,000",24,2016,한강로 17,,-,-
대구광역시 북구 사수동,833,833,0,금호서한이다음,84.55,202110,24,"36,500",15,2016,한강로 17,,-,-
대구광역시 북구 사수동,833,833,0,금호서한이다음,74.91,202110,30,"33,100",16,2016,한강로 17,,-,-
대구광역시 북구 사수동,789,789,0,브라운스톤강북,84.95,202110,5,"34,500",22,2015,내곡로 89,,-,-
대구광역시 북구 사수동,789,789,0,브라운스톤강북,84.95,202110,7,"36,500",22,2015,내곡로 89,,-,-
대구광역시 북구 사수동,789,789,0,브라운스톤강북,84.77,202110,20,"33,500",15,2015,내곡로 89,,-,-
대구광역시 북구 사수동,784,784,0,이편한세상대구금호,84.92,202110,21,"38,350",15,2017,내곡로 49,,-,-
대구광역시 북구 산격동,500-1,500,1,산격대우,59.87,202110,1,"30,500",9,1999,동북로 163,,-,-
대구광역시 북구 산격동,500-1,500,1,산격대우,59.87,202110,6,"29,000",16,1999,동북로 163,,-,-
대구광역시 북구 산격동,500-1,500,1,산격대우,84.96,202110,13,"39,500",12,1999,동북로 163,,-,-
대구광역시 북구 산격동,500-1,500,1,산격대우,134.46,202110,13,"54,500",6,1999,동북로 163,,-,-
대구광역시 북구 산격동,500-1,500,1,산격대우,84.945,202110,18,"36,500",5,1999,동북로 163,,-,-
대구광역시 북구 산격동,1404-19,1404,19,산격청구2,59.96,202110,12,"20,550",9,1999,대구체육관로4길 2,,-,-
대구광역시 북구 산격동,1404-19,1404,19,산격청구2,37.18,202110,15,"14,500",6,1999,대구체육관로4길 2,,-,-
대구광역시 북구 산격동,1404-19,1404,19,산격청구2,84.47,202110,16,"28,500",12,1999,대구체육관로4길 2,,-,-
대구광역시 북구 서변동,1772,1772,0,동서리치모아,84.9655,202110,13,"26,000",11,2003,서변로 88,,-,-
대구광역시 북구 서변동,1772,1772,0,동서리치모아,84.9655,202110,13,"24,300",3,2003,서변로 88,,-,-
대구광역시 북구 서변동,1772,1772,0,동서리치모아,116.2842,202110,18,"32,700",12,2003,서변로 88,,-,-
대구광역시 북구 서변동,1772,1772,0,동서리치모아,59.9629,202110,29,"20,300",12,2003,서변로 88,,-,-
대구광역시 북구 서변동,1769,1769,0,동서변리벤빌,59.7309,202110,4,"23,400",9,2005,서변로 106,,-,-
대구광역시 북구 서변동,1769,1769,0,동서변리벤빌,59.7309,202110,30,"19,600",1,2005,서변로 106,,-,-
대구광역시 북구 서변동,1795,1795,0,동서변월드메르디앙,59.96,202110,15,"22,700",2,2005,서변로 26,,-,-
대구광역시 북구 서변동,1795,1795,0,동서변월드메르디앙,84.97,202110,20,"35,000",13,2005,서변로 26,,-,-
대구광역시 북구 서변동,1724,1724,0,서변청아람,59.9476,202110,5,"19,200",12,2003,호국로57길 20,,-,-
대구광역시 북구 서변동,1766,1766,0,영남네오빌블루,84.7804,202110,26,"27,000",13,2003,서변로 120,,-,-
대구광역시 북구 서변동,1775,1775,0,화성리버파크1,59.9654,202110,13,"19,000",4,2003,서변로 72,,-,-
대구광역시 북구 서변동,1793,1793,0,화성리버파크2,59.9654,202110,17,"21,000",3,2003,서변로 50,,-,-
대구광역시 북구 서변동,1793,1793,0,화성리버파크2,59.9654,202110,21,"20,400",10,2003,서변로 50,,-,-
대구광역시 북구 서변동,1793,1793,0,화성리버파크2,59.9654,202110,24,"17,000",4,2003,서변로 50,,-,-
대구광역시 북구 서변동,1793,1793,0,화성리버파크2,125.0274,202110,30,"35,500",4,2003,서변로 50,,-,-
대구광역시 북구 읍내동,1448,1448,0,SD아이프라임강북,84.9696,202110,4,"32,900",7,2010,칠곡중앙대로125길 7,,-,-
대구광역시 북구 읍내동,1448,1448,0,SD아이프라임강북,84.9696,202110,6,"35,500",9,2010,칠곡중앙대로125길 7,,-,-
대구광역시 북구 읍내동,1448,1448,0,SD아이프라임강북,84.9696,202110,13,"33,700",12,2010,칠곡중앙대로125길 7,,-,-
대구광역시 북구 읍내동,1448,1448,0,SD아이프라임강북,84.9606,202110,20,"31,800",3,2010,칠곡중앙대로125길 7,,-,-
대구광역시 북구 읍내동,1366-1,1366,1,공작한양,134.16,202110,1,"26,000",1,1993,구암로21길 38,,-,-
대구광역시 북구 읍내동,1351,1351,0,산호한양,59.82,202110,3,"15,200",9,1993,대천로7길 40,,-,-
대구광역시 북구 읍내동,1351,1351,0,산호한양,84.945,202110,3,"20,900",12,1993,대천로7길 40,,-,-
대구광역시 북구 읍내동,1351,1351,0,산호한양,59.82,202110,3,"16,500",12,1993,대천로7길 40,,-,-
대구광역시 북구 읍내동,1351,1351,0,산호한양,36.18,202110,5,"10,400",15,1993,대천로7길 40,,-,-
대구광역시 북구 읍내동,1351,1351,0,산호한양,36.18,202110,9,"8,300",9,1993,대천로7길 40,,-,-
대구광역시 북구 읍내동,1351,1351,0,산호한양,59.82,202110,14,"16,000",11,1993,대천로7길 40,,-,-
대구광역시 북구 읍내동,1351,1351,0,산호한양,36.18,202110,22,"9,450",13,1993,대천로7길 40,,-,-
대구광역시 북구 읍내동,1060,1060,0,삼진목화,61.74,202110,14,"10,800",1,1991,대천로9길 15,,-,-
대구광역시 북구 읍내동,780-5,780,5,에덴,54.27,202110,15,"10,500",3,1984,칠곡중앙대로105길 8,,-,-
대구광역시 북구 읍내동,1171,1171,0,칠곡목련,50.22,202110,12,"18,300",5,1987,구암로15길 38,,-,-
대구광역시 북구 읍내동,1171,1171,0,칠곡목련,50.22,202110,12,"18,000",4,1987,구암로15길 38,,-,-
대구광역시 북구 읍내동,1171,1171,0,칠곡목련,50.22,202110,12,"18,000",1,1987,구암로15길 38,,-,-
대구광역시 북구 읍내동,1171,1171,0,칠곡목련,50.22,202110,12,"18,000",5,1987,구암로15길 38,,-,-
대구광역시 북구 읍내동,1171,1171,0,칠곡목련,50.22,202110,21,"18,000",5,1987,구암로15길 38,,-,-
대구광역시 북구 읍내동,1366-2,1366,2,칠곡보성,84.98,202110,2,"21,700",4,1992,구암로21길 26,,-,-
대구광역시 북구 읍내동,533,533,0,칠곡우방,59.98,202110,22,"15,400",14,1998,칠곡중앙대로115길 24,,-,-
대구광역시 북구 읍내동,1234-7,1234,7,칠곡한서타운,59.85,202110,1,"16,600",15,1995,동암로7길 39,,-,-
대구광역시 북구 읍내동,1234-7,1234,7,칠곡한서타운,84.97,202110,7,"20,300",4,1995,동암로7길 39,,-,-
대구광역시 북구 읍내동,1234-7,1234,7,칠곡한서타운,59.85,202110,12,"14,300",3,1995,동암로7길 39,,-,-
대구광역시 북구 읍내동,1366-3,1366,3,코스모스한양,59.82,202110,1,"16,300",8,1993,구암로21길 6,,-,-
대구광역시 북구 읍내동,1351-1,1351,1,현대2,84.95,202110,2,"17,500",15,1993,대천로7길 26,,-,-
대구광역시 북구 읍내동,1351-1,1351,1,현대2,84.95,202110,14,"20,000",3,1993,대천로7길 26,,-,-
대구광역시 북구 칠성동2가,715,715,0,대구역 서희스타힐스,84.84,202110,7,"52,000",25,2012,칠성남로 101,,-,-
대구광역시 북구 칠성동2가,715,715,0,대구역 서희스타힐스,59.87,202110,20,"40,400",14,2012,칠성남로 101,,-,-
대구광역시 북구 칠성동2가,302-105,302,105,대구역서원프레시빌,49.5131,202110,8,"22,200",6,2017,칠성남로 176,,-,-
대구광역시 북구 칠성동2가,302-105,302,105,대구역서원프레시빌,49.5131,202110,21,"24,050",21,2017,칠성남로 176,,-,-
대구광역시 북구 칠성동2가,736,736,0,대구역유림노르웨이숲,59.865,202110,7,"40,000",10,2017,칠성남로26길 11,,-,-
대구광역시 북구 칠성동2가,378-4,378,4,삼성,59.586,202110,2,"30,000",14,1995,호암로 40,,-,-
대구광역시 북구 칠성동2가,127,127,0,성광우방타운,59.9,202110,4,"31,200",18,1996,호암로 20,,-,-
대구광역시 북구 칠성동2가,127,127,0,성광우방타운,59.9,202110,7,"30,700",15,1996,호암로 20,,-,-
대구광역시 북구 칠성동2가,733,733,0,오페라삼정그린코아더베스트,66.6347,202110,18,"51,000",3,2017,침산로 100,,-,-
대구광역시 북구 칠성동2가,723,723,0,칠성동코오롱하늘채,84.9778,202110,6,"55,000",17,2014,중앙대로 540,,-,-
대구광역시 북구 칠성동2가,723,723,0,칠성동코오롱하늘채,84.8129,202110,17,"55,000",4,2014,중앙대로 540,,-,-
대구광역시 북구 칠성동2가,355-1,355,1,칠성우방,59.76,202110,5,"18,500",10,1998,중앙대로105길 22,,-,-
대구광역시 북구 칠성동2가,355-1,355,1,칠성우방,84.89,202110,7,"29,500",9,1998,중앙대로105길 22,,-,-
대구광역시 북구 침산동,1755,1755,0,강변일성트루엘,59.9313,202110,14,"35,000",12,2014,침산남로 215,,-,-
대구광역시 북구 침산동,233-3,233,3,동아침산2무지개,59.76,202110,5,"34,500",5,1999,침산로21길 10,,-,-
대구광역시 북구 침산동,286-1,286,1,옥석타운,51.87,202110,29,"21,500",10,1996,침산남로31길 11,,-,-
대구광역시 북구 침산동,456-7,456,7,침산2지구,59.84,202110,23,"18,400",6,1991,성북로 8,,-,-
대구광역시 북구 침산동,1750,1750,0,침산동2차쌍용예가,84.9428,202110,14,"50,400",10,2013,성북로9길 12,,-,-
대구광역시 북구 침산동,400-1,400,1,침산쌍용,59.84,202110,21,"27,500",12,1999,침산로21길 36,,-,-
대구광역시 북구 침산동,1761,1761,0,침산화성파크드림,84.9716,202110,1,"64,000",13,2017,성북로 70,,-,-
대구광역시 북구 침산동,1761,1761,0,침산화성파크드림,59.9977,202110,16,"47,000",36,2017,성북로 70,,-,-
대구광역시 북구 침산동,1761,1761,0,침산화성파크드림,59.9977,202110,26,"46,800",33,2017,성북로 70,,-,-
대구광역시 북구 침산동,1761,1761,0,침산화성파크드림,97.998,202110,30,"74,000",15,2017,성북로 70,,-,-
대구광역시 북구 침산동,227-1,227,1,한라스카이빌,84.7649,202110,6,"43,000",16,2002,침산로22길 5,,-,-
대구광역시 북구 침산동,227-1,227,1,한라스카이빌,59.9034,202110,11,"33,000",16,2002,침산로22길 5,,-,-
대구광역시 북구 태전동,420-5,420,5,강북화성파크드림,84.985,202110,2,"34,000",5,2007,칠곡중앙대로 312,,-,-
대구광역시 북구 태전동,420-5,420,5,강북화성파크드림,128.2446,202110,8,"52,500",3,2007,칠곡중앙대로 312,,-,-
대구광역시 북구 태전동,542-1,542,1,남영,84.825,202110,26,"18,800",8,1998,칠곡중앙대로46길 15,,-,-
대구광역시 북구 태전동,1066-23,1066,23,대백2,59.99,202110,29,"14,500",14,1995,관음로 18,,-,-
대구광역시 북구 태전동,256-1,256,1,두성타운,67.92,202110,7,"12,500",2,1992,태전로7길 10-17,,-,-
대구광역시 북구 태전동,215-2,215,2,두성타운3,59.98,202110,1,"13,000",3,1994,태전로13길 22,,-,-
대구광역시 북구 태전동,215-2,215,2,두성타운3,59.98,202110,8,"11,500",6,1994,태전로13길 22,,-,-
대구광역시 북구 태전동,1212,1212,0,매천역더뉴클래스,49.4627,202110,5,"18,200",8,2017,학정로 17-26,,-,-
대구광역시 북구 태전동,1212,1212,0,매천역더뉴클래스,49.4627,202110,22,"19,200",6,2017,학정로 17-26,,-,-
대구광역시 북구 태전동,478-12,478,12,삼일맨션,81.69,202110,16,"20,300",4,2000,학정로13길 24,,-,-
대구광역시 북구 태전동,1181,1181,0,이진캐스빌,67.7253,202110,2,"35,000",11,2015,칠곡중앙대로51길 50,,-,-
대구광역시 북구 태전동,695,695,0,중석타운,84.84,202110,5,"20,400",8,1995,학정로7길 3,,-,-
대구광역시 북구 태전동,1065-1,1065,1,칠곡관음타운,84.96,202110,6,"23,800",9,1995,영송로 63,,-,-
대구광역시 북구 태전동,1065-1,1065,1,칠곡관음타운,59.78,202110,8,"14,000",16,1995,영송로 63,,-,-
대구광역시 북구 태전동,1065-1,1065,1,칠곡관음타운,84.96,202110,9,"22,000",1,1995,영송로 63,,-,-
대구광역시 북구 태전동,1065-1,1065,1,칠곡관음타운,59.78,202110,9,"15,000",6,1995,영송로 63,,-,-
대구광역시 북구 태전동,1065-1,1065,1,칠곡관음타운,59.78,202110,14,"14,000",16,1995,영송로 63,,-,-
대구광역시 북구 태전동,1065-1,1065,1,칠곡관음타운,59.78,202110,18,"13,800",20,1995,영송로 63,,-,-
대구광역시 북구 태전동,1065-1,1065,1,칠곡관음타운,59.78,202110,22,"13,800",3,1995,영송로 63,,-,-
대구광역시 북구 태전동,1066,1066,0,칠곡대백맨션,84.92,202110,4,"20,200",14,1993,관음로 24,,-,-
대구광역시 북구 태전동,1066,1066,0,칠곡대백맨션,59.94,202110,6,"16,400",9,1993,관음로 24,,-,-
대구광역시 북구 태전동,1066,1066,0,칠곡대백맨션,59.94,202110,16,"13,800",13,1993,관음로 24,,-,-
대구광역시 북구 태전동,1066,1066,0,칠곡대백맨션,59.94,202110,18,"14,500",6,1993,관음로 24,,-,-
대구광역시 북구 태전동,997-1,997,1,칠곡에덴타운,60,202110,10,"17,500",11,1993,구암로22길 14,,-,-
대구광역시 북구 태전동,496-7,496,7,태전역더뉴클래스2차,49.8874,202110,20,"19,700",14,2020,칠곡중앙대로 225,,-,-
대구광역시 북구 태전동,166,166,0,태전한라,84.97,202110,16,"20,000",4,1997,태전로7길 13,,-,-
대구광역시 북구 태전동,936-1,936,1,한신중앙,47.25,202110,11,"12,000",13,1993,영송로 85,,-,-
대구광역시 북구 태전동,936-1,936,1,한신중앙,47.25,202110,15,"11,330",8,1993,영송로 85,,-,-
대구광역시 북구 태전동,936-1,936,1,한신중앙,59.85,202110,19,"14,200",14,1993,영송로 85,,-,-
대구광역시 북구 태전동,205-14,205,14,한일,59.835,202110,2,"14,000",1,1998,칠곡중앙대로53길 32,,-,-
대구광역시 북구 태전동,205-14,205,14,한일,59.76,202110,15,"16,900",19,1998,칠곡중앙대로53길 32,,-,-
대구광역시 북구 태전동,205-14,205,14,한일,59.76,202110,18,"16,200",15,1998,칠곡중앙대로53길 32,,-,-
대구광역시 북구 태전동,205-14,205,14,한일,84.96,202110,25,"20,000",2,1998,칠곡중앙대로53길 32,,-,-
대구광역시 북구 태전동,997,997,0,현대,96.63,202110,3,"24,700",12,1993,구암로16길 7,,-,-
대구광역시 북구 태전동,881-3,881,3,협화맨션,84.97,202110,16,"19,500",1,1992,칠곡중앙대로51길 6,,-,-
대구광역시 북구 태전동,881-3,881,3,협화맨션,84.97,202110,30,"22,000",13,1992,칠곡중앙대로51길 6,,-,-
대구광역시 북구 팔달동,145,145,0,대백인터빌,84.95,202110,20,"29,500",8,2002,작원길 25,,-,-
대구광역시 북구 팔달동,145,145,0,대백인터빌,134.85,202110,27,"42,500",8,2002,작원길 25,,-,-
대구광역시 북구 팔달동,52,52,0,두산청구,45,202110,19,"14,200",14,1999,매천로2길 19,,-,-
대구광역시 북구 팔달동,52,52,0,두산청구,84.96,202110,22,"27,800",13,1999,매천로2길 19,,-,-
대구광역시 북구 팔달동,52,52,0,두산청구,84.945,202110,23,"24,000",2,1999,매천로2길 19,,-,-
대구광역시 북구 팔달동,52,52,0,두산청구,60,202110,27,"18,900",13,1999,매천로2길 19,,-,-
대구광역시 북구 팔달동,52,52,0,두산청구,134.645,202110,29,"34,000",5,1999,매천로2길 19,,-,-
대구광역시 북구 학정동,980,980,0,칠곡1차한라하우젠트,84.9692,202110,4,"41,500",18,2007,학남로 10,,-,-
대구광역시 북구 학정동,980,980,0,칠곡1차한라하우젠트,78.5172,202110,5,"36,000",12,2007,학남로 10,,-,-
대구광역시 북구 학정동,980,980,0,칠곡1차한라하우젠트,84.9692,202110,23,"36,500",3,2007,학남로 10,,-,-
대구광역시 북구 학정동,980,980,0,칠곡1차한라하우젠트,112.1791,202110,29,"53,500",11,2007,학남로 10,,-,-
대구광역시 북구 학정동,982,982,0,칠곡2차한라하우젠트,84.9803,202110,3,"37,000",13,2007,학정동로 40,,-,-
대구광역시 북구 학정동,925,925,0,학정청아람,84.6211,202110,5,"33,700",11,2007,학정로110길 29,,-,-
대구광역시 북구 학정동,925,925,0,학정청아람,84.66,202110,6,"32,700",6,2007,학정로110길 29,,-,-
대구광역시 북구 학정동,925,925,0,학정청아람,84.66,202110,15,"33,000",3,2007,학정로110길 29,,-,-
대구광역시 북구 학정동,925,925,0,학정청아람,59.9858,202110,16,"26,450",12,2007,학정로110길 29,,-,-
대구광역시 북구 학정동,925,925,0,학정청아람,59.9858,202110,16,"24,500",2,2007,학정로110길 29,,-,-
대구광역시 북구 학정동,925,925,0,학정청아람,59.9858,202110,29,"25,600",17,2007,학정로110길 29,,-,-
대구광역시 서구 내당동,463-5,463,5,광장타운1차,84.99,202110,12,"56,000",1,1984,달구벌대로 1707,,-,-
대구광역시 서구 내당동,463-5,463,5,광장타운1차,72.45,202110,16,"51,700",4,1984,달구벌대로 1707,,-,-
대구광역시 서구 내당동,11월 01일,11,1,보성홍실2차,59.82,202110,7,"27,700",3,1988,통학로 39,,-,-
대구광역시 서구 내당동,11월 01일,11,1,보성홍실2차,59.82,202110,27,"29,800",3,1988,통학로 39,,-,-
대구광역시 서구 내당동,308-11,308,11,삼익뉴타운,65.79,202110,21,"27,000",4,1980,평리로 236,,-,-
대구광역시 서구 내당동,350-1,350,1,삼익주택,65.02,202110,6,"40,000",1,1979,서대구로 25,,-,-
대구광역시 서구 내당동,11월 08일,11,8,황제맨션,109.68,202110,13,"40,800",9,1988,통학로 46,,-,-
대구광역시 서구 비산동,254-1,254,1,디오하이넷시티(254-1),84.9775,202110,3,"20,500",9,2003,달서로20길 2,,-,-
대구광역시 서구 비산동,1248-2,1248,2,비산세정드림빌,84.75,202110,14,"29,000",8,2002,달서천로41길 87,,-,-
대구광역시 서구 비산동,1199-7,1199,7,양지,44.29,202110,21,"14,000",2,1982,달서천로61길 34,,-,-
대구광역시 서구 비산동,315,315,0,한신휴플러스,84.933,202110,9,"34,500",16,2005,달서로17길 17,,-,-
대구광역시 서구 비산동,515-5,515,5,햇살뷰,59.29,202110,15,"22,300",4,2008,달서로33길 13,,-,-
대구광역시 서구 원대동3가,1372,1372,0,반도,43.072,202110,5,"9,900",1,1981,고성로 13,,-,-
대구광역시 서구 원대동3가,1372,1372,0,반도,40.067,202110,25,"8,400",2,1981,고성로 13,,-,-
대구광역시 서구 중리동,720-1,720,1,일신(720-1),55.12,202110,3,"21,700",1,1982,당산로47길 69,,-,-
대구광역시 서구 중리동,720-1,720,1,일신(720-1),55.12,202110,9,"19,500",4,1982,당산로47길 69,,-,-
대구광역시 서구 중리동,01월 26일,26,1,중리롯데캐슬,59.979,202110,13,"36,000",15,2009,국채보상로34길 12,,-,-
대구광역시 서구 중리동,705-2,705,2,퀸스빌,84.89,202110,6,"24,800",6,2003,평리로 172,,-,-
대구광역시 서구 평리동,1360-1,1360,1,드림팰리스101동,83.3744,202110,15,"31,000",6,2014,평리로 305,,-,-
대구광역시 서구 평리동,619-1,619,1,평리광명아파트,49.09,202110,14,"18,000",3,1980,문화로37길 6,,-,-
대구광역시 서구 평리동,619-1,619,1,평리광명아파트,53.815,202110,14,"23,500",2,1980,문화로37길 6,,-,-
대구광역시 서구 평리동,1408,1408,0,평리청구타운,84.965,202110,4,"42,000",17,2000,서대구로 77,,-,-
대구광역시 서구 평리동,1680,1680,0,평리푸르지오,84.9203,202110,9,"46,500",7,2011,국채보상로50길 20,,-,-
대구광역시 서구 평리동,1680,1680,0,평리푸르지오,84.9203,202110,12,"44,900",13,2011,국채보상로50길 20,,-,-
대구광역시 수성구 두산동,113,113,0,수성SK리더스뷰,110.6078,202110,1,"142,000",21,2010,동대구로 95,,-,-
대구광역시 수성구 만촌동,1479,1479,0,만촌3차화성파크드림,84.9558,202110,11,"121,000",16,2016,교학로 13,,-,-
대구광역시 수성구 만촌동,1483,1483,0,만촌삼정그린코아에듀파크,84.974,202110,5,"136,500",9,2019,교학로 65,,-,-
대구광역시 수성구 만촌동,1356-3,1356,3,메트로팔레스1,84.93,202110,10,"65,800",16,2003,동원로 135,,-,-
대구광역시 수성구 만촌동,1356-7,1356,7,메트로팔레스2,74.91,202110,22,"55,000",16,2003,동원로 109,,-,-
대구광역시 수성구 만촌동,1429,1429,0,메트로팔레스3,84.93,202110,11,"65,300",20,2003,동원로 110,,-,-
대구광역시 수성구 만촌동,1429-5,1429,5,메트로팔레스5,84.93,202110,6,"59,500",15,2003,동원로 100,,-,-
대구광역시 수성구 만촌동,1429-5,1429,5,메트로팔레스5,74.91,202110,13,"52,350",1,2003,동원로 100,,-,-
대구광역시 수성구 매호동,1330,1330,0,누리타운,59.97,202110,2,"27,500",3,1995,달구벌대로637길 21,,-,-
대구광역시 수성구 매호동,1330,1330,0,누리타운,55.32,202110,6,"19,950",15,1995,달구벌대로637길 21,,-,-
대구광역시 수성구 매호동,1324,1324,0,두레타운,39.9,202110,1,"15,300",10,1995,천을로 131,,-,-
대구광역시 수성구 매호동,1324,1324,0,두레타운,39.9,202110,11,"16,250",10,1995,천을로 131,,-,-
대구광역시 수성구 매호동,1324,1324,0,두레타운,39.9,202110,11,"15,000",7,1995,천을로 131,,-,-
대구광역시 수성구 매호동,1324,1324,0,두레타운,39.9,202110,30,"16,200",10,1995,천을로 131,,-,-
대구광역시 수성구 매호동,1040,1040,0,매호동서타운,59.9,202110,9,"28,800",9,1995,천을로 180,,-,-
대구광역시 수성구 매호동,1040,1040,0,매호동서타운,84.98,202110,16,"41,500",9,1995,천을로 180,,-,-
대구광역시 수성구 매호동,1040,1040,0,매호동서타운,84.98,202110,26,"37,000",12,1995,천을로 180,,-,-
대구광역시 수성구 매호동,986-1,986,1,매호화성파크드림,84.9807,202110,24,"43,500",7,2006,달구벌대로641길 31,20211103,-,-
대구광역시 수성구 매호동,1077-1,1077,1,시지매호2동서,84.9,202110,2,"42,700",16,1999,달구벌대로641길 8,,-,-
대구광역시 수성구 매호동,997-2,997,2,시지서한타운2,59.87,202110,11,"20,500",7,1996,천을로31길 8,,-,-
대구광역시 수성구 매호동,1055,1055,0,시지협화타운2,59.89,202110,8,"20,000",2,1996,천을로 181,,-,-
대구광역시 수성구 매호동,1055,1055,0,시지협화타운2,84.84,202110,8,"28,650",1,1996,천을로 181,,-,-
대구광역시 수성구 매호동,1055,1055,0,시지협화타운2,84.84,202110,18,"30,000",1,1996,천을로 181,,-,-
대구광역시 수성구 매호동,775,775,0,신매역우방유셀,84.9597,202110,23,"41,500",10,2007,천을로23길 21,,-,-
대구광역시 수성구 매호동,1075-1,1075,1,태왕하이츠2,84.9886,202110,19,"39,650",3,2001,천을로 170,,-,-
대구광역시 수성구 매호동,1331,1331,0,하나타운,49.92,202110,7,"20,000",2,1995,고산로 123,,-,-
대구광역시 수성구 매호동,1331,1331,0,하나타운,49.92,202110,21,"21,800",14,1995,고산로 123,,-,-
대구광역시 수성구 매호동,979-4,979,4,한일유앤아이,84.9925,202110,5,"49,200",6,2006,고산로 162,,-,-
대구광역시 수성구 범물동,1332,1332,0,"범물에덴,신화아파트",84.94,202110,14,"34,000",10,1992,지범로40길 6,20211102,-,-
대구광역시 수성구 범물동,1261,1261,0,범물하이츠,41.85,202110,4,"17,550",13,1992,용학로 336,,-,-
대구광역시 수성구 범물동,1261,1261,0,범물하이츠,34.44,202110,7,"15,400",14,1992,용학로 336,,-,-
대구광역시 수성구 범물동,1261,1261,0,범물하이츠,41.85,202110,28,"15,850",4,1992,용학로 336,,-,-
대구광역시 수성구 범물동,670,670,0,우방미진하이츠,38.78,202110,1,"14,900",6,2000,지범로 290,,-,-
대구광역시 수성구 범물동,670,670,0,우방미진하이츠,42.75,202110,2,"17,000",18,2000,지범로 290,,-,-
대구광역시 수성구 범물동,670,670,0,우방미진하이츠,84.9,202110,8,"42,500",13,2000,지범로 290,,-,-
대구광역시 수성구 범물동,670,670,0,우방미진하이츠,42.75,202110,9,"15,000",17,2000,지범로 290,,-,-
대구광역시 수성구 범물동,630,630,0,현대청림,33.6,202110,25,"11,950",12,1999,지범로54길 15,,-,-
대구광역시 수성구 범어동,2240,2240,0,e편한세상범어,84.9557,202110,18,"87,000",18,2015,들안로78길 45,,-,-
대구광역시 수성구 범어동,179,179,0,두산위브더제니스,204.0727,202110,7,"244,000",38,2009,달구벌대로 2435,,-,-
대구광역시 수성구 범어동,551-7,551,7,범어네거리클래시아,46.2928,202110,11,"28,500",21,2020,달구벌대로480길 9,,-,-
대구광역시 수성구 범어동,2248,2248,0,범어라온프라이빗,84.9704,202110,18,"97,000",10,2016,동대구로55길 11,,-,-
대구광역시 수성구 범어동,2237,2237,0,범어숲화성파크드림S,94.7968,202110,4,"119,000",32,2013,동대구로 376,,-,-
대구광역시 수성구 범어동,808,808,0,범어쌍용예가,184.1142,202110,26,"160,000",6,2009,명덕로 477,,-,-
대구광역시 수성구 범어동,792-43,792,43,범어역아이위시,27.527,202110,25,"9,350",7,2013,동대구로59길 14-19,,-,-
대구광역시 수성구 범어동,792-43,792,43,범어역아이위시,27.527,202110,30,"10,250",5,2013,동대구로59길 14-19,,-,-
대구광역시 수성구 범어동,790-10,790,10,범어역풀비체투인원,30.5895,202110,29,"13,800",5,2014,동대구로59길 14-1,,-,-
대구광역시 수성구 범어동,614-100,614,100,범어청구푸른마을,84.96,202110,4,"84,000",16,2000,동대구로 240,,-,-
대구광역시 수성구 범어동,2017,2017,0,청구성조타운,84.9,202110,9,"63,000",19,1996,국채보상로 846,,-,-
대구광역시 수성구 사월동,464,464,0,사월보성,59.97,202110,9,"22,000",13,1996,욱수천로 133,,-,-
대구광역시 수성구 사월동,464,464,0,사월보성,59.97,202110,11,"18,700",7,1996,욱수천로 133,,-,-
대구광역시 수성구 사월동,464,464,0,사월보성,59.97,202110,16,"19,700",12,1996,욱수천로 133,,-,-
대구광역시 수성구 사월동,464,464,0,사월보성,84.99,202110,30,"37,000",7,1996,욱수천로 133,,-,-
대구광역시 수성구 상동,72,72,0,정화우방팔레스,164.932,202110,3,"70,000",8,2003,수성로 135,,-,-
대구광역시 수성구 상동,178-1,178,1,청구중동,63.617,202110,7,"34,500",3,1981,신천동로 150,,-,-
대구광역시 수성구 상동,178-1,178,1,청구중동,63.617,202110,8,"33,500",2,1981,신천동로 150,,-,-
대구광역시 수성구 수성동1가,96-14,96,14,오성우방,59.985,202110,2,"41,500",16,1993,신천동로 380,,-,-
대구광역시 수성구 수성동3가,289,289,0,수성코오롱하늘채,127.0598,202110,1,"153,000",32,2009,들안로 300,,-,-
대구광역시 수성구 수성동4가,1090-6,1090,6,수성보성,49.21,202110,11,"35,500",16,1996,수성로 412,,-,-
대구광역시 수성구 수성동4가,1090-5,1090,5,쌍용화성,60,202110,1,"40,000",11,1996,수성로 411,,-,-
대구광역시 수성구 시지동,498,498,0,고산노변타운,59.75,202110,18,"36,100",11,1996,시지로 55,,-,-
대구광역시 수성구 시지동,499,499,0,노변다숲,59.73,202110,2,"20,000",1,1996,노변공원로 34,,-,-
대구광역시 수성구 시지동,499,499,0,노변다숲,59.73,202110,19,"24,300",5,1996,노변공원로 34,,-,-
대구광역시 수성구 시지동,591,591,0,수성알파시티동화아이위시,84.914,202110,11,"94,500",22,2019,알파시티2로 48,,-,-
대구광역시 수성구 시지동,28,28,0,시지태왕아너스,84.9234,202110,9,"64,500",5,2007,천을로 91,,-,-
대구광역시 수성구 시지동,141-5,141,5,은세계,59.745,202110,4,"23,200",3,1993,달구벌대로 3081,,-,-
대구광역시 수성구 시지동,70,70,0,제림은탑맨션,59.97,202110,1,"25,400",9,1994,천을로 49,,-,-
대구광역시 수성구 시지동,70,70,0,제림은탑맨션,84.99,202110,7,"41,000",4,1994,천을로 49,,-,-
대구광역시 수성구 신매동,246,246,0,보국시지웰리치,128.637,202110,9,"76,000",1,2008,욱수천로 55,,-,-
대구광역시 수성구 신매동,49,49,0,사월화성파크드림(3단지),93.735,202110,29,"66,800",14,2006,달구벌대로 3304-2,,-,-
대구광역시 수성구 신매동,100,100,0,시지3태왕하이츠,85,202110,1,"47,000",6,2001,욱수천로 77,,-,-
대구광역시 수성구 신매동,569,569,0,시지대백신화창신아파트,59.75,202110,10,"25,400",3,1994,고산로 90,,-,-
대구광역시 수성구 신매동,601,601,0,시지보성서한아파트,134.92,202110,9,"58,300",12,1995,신매로 21,,-,-
대구광역시 수성구 신매동,570,570,0,시지삼주한라협화아파트,59.88,202110,2,"24,500",2,1994,신매로 91,,-,-
대구광역시 수성구 신매동,570,570,0,시지삼주한라협화아파트,59.88,202110,8,"21,000",15,1994,신매로 91,,-,-
대구광역시 수성구 신매동,570,570,0,시지삼주한라협화아파트,84.84,202110,9,"46,000",4,1994,신매로 91,,-,-
대구광역시 수성구 신매동,570,570,0,시지삼주한라협화아파트,59.88,202110,10,"25,800",13,1994,신매로 91,,-,-
대구광역시 수성구 신매동,594-1,594,1,시지에덴타운,134.9,202110,2,"50,000",7,1994,고산로12길 34,,-,-
대구광역시 수성구 신매동,580,580,0,시지청솔타운,59.91,202110,16,"25,000",9,1995,고산로 70,,-,-
대구광역시 수성구 신매동,581,581,0,시지태성맨션,59.96,202110,1,"23,600",14,1994,고산로 50,,-,-
대구광역시 수성구 신매동,05월 30일,30,5,시지효성백년가약1단지,129.567,202110,9,"108,000",14,2008,달구벌대로 3280,,-,-
대구광역시 수성구 신매동,245,245,0,신매보성타운,46.61,202110,6,"16,000",9,1997,달구벌대로651길 23,,-,-
대구광역시 수성구 신매동,230,230,0,신매아이프라임,84.9188,202110,8,"54,000",11,2008,달구벌대로649길 14,,-,-
대구광역시 수성구 신매동,246,246,0,신매우방타운,84.93,202110,17,"31,500",9,1997,달구벌대로651길 33,,-,-
대구광역시 수성구 신매동,139-1,139,1,신화빌라트,59.98,202110,9,"31,000",7,1996,달구벌대로650길 29,,-,-
대구광역시 수성구 신매동,57-17,57,17,유성푸르나임르노블,110.4618,202110,2,"62,000",14,2009,달구벌대로 3308,,-,-
대구광역시 수성구 신매동,57-17,57,17,유성푸르나임르노블,111.125,202110,17,"59,500",6,2009,달구벌대로 3308,,-,-
대구광역시 수성구 신매동,579,579,0,천마타운,134.97,202110,29,"68,000",8,1994,신매로 71,,-,-
대구광역시 수성구 욱수동,130,130,0,시지5태왕하이츠,80.8508,202110,2,"40,500",4,2004,욱수천로 7,,-,-
대구광역시 수성구 중동,641,641,0,수성효성해링턴플레이스,84.8826,202110,12,"90,000",29,2020,희망로24길 24,,-,-
대구광역시 수성구 지산동,1200,1200,0,목련,49.23,202110,9,"36,250",1,1986,용학로42길 13,,-,-
대구광역시 수성구 지산동,1200,1200,0,목련,49.23,202110,25,"37,000",3,1986,용학로42길 13,,-,-
대구광역시 수성구 지산동,1269-1,1269,1,서한청산맨션,84.9,202110,11,"41,500",8,1991,지범로21길 15,,-,-
대구광역시 수성구 지산동,1269-1,1269,1,서한청산맨션,84.9,202110,27,"37,500",4,1991,지범로21길 15,,-,-
대구광역시 수성구 지산동,1189-6,1189,6,수성레이크뷰,84.9544,202110,1,"37,400",4,2015,용학로34길 13-17,,-,-
대구광역시 수성구 지산동,1272-2,1272,2,에덴타운,84.86,202110,12,"37,000",13,1991,용학로 223,,-,-
대구광역시 수성구 지산동,1297-3,1297,3,지산서한이다음,40.44,202110,1,"18,300",9,1991,용학로 313,,-,-
대구광역시 수성구 지산동,1288,1288,0,지산타운,39.68,202110,17,"19,100",10,1991,용학로 303,,-,-
대구광역시 수성구 지산동,1270,1270,0,청구타운,176.98,202110,5,"81,500",10,1991,지산로 48,,-,-
대구광역시 수성구 파동,53,53,0,수성못코오롱하늘채,59.9161,202110,24,"41,000",18,2013,파동로 222,,-,-
대구광역시 수성구 황금동,365,365,0,캐슬골드파크1단지,129.53,202110,2,"109,000",10,2006,청수로 213,,-,-
대구광역시 수성구 황금동,985,985,0,힐스테이트황금동,84.9094,202110,5,"102,000",32,2018,청수로 274,,-,-
대구광역시 수성구 황금동,985,985,0,힐스테이트황금동,84.9094,202110,6,"103,000",29,2018,청수로 274,,-,-
대구광역시 중구 교동,8,8,0,노마즈하우스,14.598,202110,1,"5,600",11,2014,공평로 105,,-,-
대구광역시 중구 교동,8,8,0,노마즈하우스,16.2692,202110,11,"5,250",14,2014,공평로 105,,-,-
대구광역시 중구 교동,8,8,0,노마즈하우스,15.0007,202110,14,"5,180",12,2014,공평로 105,,-,-
대구광역시 중구 교동,8,8,0,노마즈하우스,14.598,202110,21,"5,500",19,2014,공평로 105,,-,-
대구광역시 중구 남산동,3000,3000,0,극동스타클래스남산,84.8336,202110,21,"63,500",18,2014,남산로 30,,-,-
대구광역시 중구 남산동,Jan-82,2482,1,까치,33.06,202110,15,"10,000",13,1992,남산로7길 55,,-,-
대구광역시 중구 남산동,3006,3006,0,반월당효성해링턴플레이스,84.9956,202110,2,"62,000",23,2014,중앙대로66길 20,,-,-
대구광역시 중구 남산동,Jan-66,2466,1,보성황실타운,59.96,202110,18,"33,000",19,1993,남산로13길 17,,-,-
대구광역시 중구 대봉동,152-24,152,24,대봉화성파크드림,84.0484,202110,6,"45,800",6,2006,명덕로55길 25,,-,-
대구광역시 중구 동산동,357,357,0,동산맨션,47.17,202110,14,"18,000",11,1986,달구벌대로 2035,,-,-
대구광역시 중구 동산동,357,357,0,동산맨션,47.17,202110,14,"18,000",11,1986,달구벌대로 2035,20211102,-,-
대구광역시 중구 동인동1가,Jan-33,33,1,시티타운,59.91,202110,22,"22,500",11,1997,국채보상로131길 55,,-,-
대구광역시 중구 삼덕동2가,149-59,149,59,나누리,83.8,202110,12,"24,000",5,2002,공평로4길 23-10,,-,-
대구광역시 중구 수창동,173,173,0,대구역센트럴자이,84.6421,202110,8,"61,500",14,2017,서성로 99,,-,-
대전광역시 대덕구 대화동,40-67,40,67,대화,49,202110,9,"6,500",2,1979,대화로 53,,-,-
대전광역시 대덕구 대화동,31-36,31,36,두레,32.3658,202110,1,"6,400",3,2001,대화1길 77,,-,-
대전광역시 대덕구 대화동,31-36,31,36,두레,32.3658,202110,2,"6,200",2,2001,대화1길 77,,-,-
대전광역시 대덕구 대화동,31-36,31,36,두레,32.3658,202110,2,"6,700",13,2001,대화1길 77,,-,-
대전광역시 대덕구 대화동,31-36,31,36,두레,32.3658,202110,4,"6,200",14,2001,대화1길 77,,-,-
대전광역시 대덕구 대화동,31-36,31,36,두레,32.3658,202110,7,"6,200",2,2001,대화1길 77,,-,-
대전광역시 대덕구 대화동,31-36,31,36,두레,32.3658,202110,7,"6,200",9,2001,대화1길 77,,-,-
대전광역시 대덕구 대화동,31-36,31,36,두레,32.3658,202110,16,"6,000",3,2001,대화1길 77,,-,-
대전광역시 대덕구 대화동,31-36,31,36,두레,32.3658,202110,16,"6,800",6,2001,대화1길 77,,-,-
대전광역시 대덕구 대화동,31-36,31,36,두레,32.3658,202110,22,"6,500",14,2001,대화1길 77,,-,-
대전광역시 대덕구 대화동,31-36,31,36,두레,32.3658,202110,22,"6,500",3,2001,대화1길 77,,-,-
대전광역시 대덕구 대화동,31-36,31,36,두레,35.8818,202110,23,"7,300",12,2001,대화1길 77,,-,-
대전광역시 대덕구 대화동,31-36,31,36,두레,35.8818,202110,23,"7,300",12,2001,대화1길 77,,-,-
대전광역시 대덕구 대화동,31-36,31,36,두레,35.8818,202110,25,"7,000",2,2001,대화1길 77,,-,-
대전광역시 대덕구 대화동,05월 16일,16,5,세원풍남,53.82,202110,4,"14,200",3,1987,대화11길 11,,-,-
대전광역시 대덕구 대화동,253,253,0,오광무지개,54.54,202110,1,"8,000",5,1986,생산5길 22,,-,-
대전광역시 대덕구 대화동,229-12,229,12,장미,60.12,202110,9,"12,900",5,1986,동심5길 16,,-,-
대전광역시 대덕구 덕암동,03월 07일,3,7,덕암,41.87,202110,2,"6,250",4,1998,덕암로265번길 81,,-,-
대전광역시 대덕구 덕암동,03월 07일,3,7,덕암,34.58,202110,8,"5,700",5,1998,덕암로265번길 81,,-,-
대전광역시 대덕구 덕암동,03월 07일,3,7,덕암,41.87,202110,13,"6,300",12,1998,덕암로265번길 81,,-,-
대전광역시 대덕구 덕암동,03월 07일,3,7,덕암,41.87,202110,14,"7,350",15,1998,덕암로265번길 81,,-,-
대전광역시 대덕구 덕암동,03월 07일,3,7,덕암,41.87,202110,16,"6,300",6,1998,덕암로265번길 81,,-,-
대전광역시 대덕구 덕암동,03월 07일,3,7,덕암,41.87,202110,16,"6,300",5,1998,덕암로265번길 81,,-,-
대전광역시 대덕구 목상동,185-2,185,2,다사랑,49.86,202110,4,"13,500",2,1993,대덕대로1470번길 55,,-,-
대전광역시 대덕구 목상동,185-2,185,2,다사랑,49.86,202110,5,"12,800",6,1993,대덕대로1470번길 55,,-,-
대전광역시 대덕구 목상동,185-2,185,2,다사랑,49.86,202110,6,"12,000",12,1993,대덕대로1470번길 55,,-,-
대전광역시 대덕구 목상동,185-2,185,2,다사랑,49.86,202110,8,"13,000",4,1993,대덕대로1470번길 55,,-,-
대전광역시 대덕구 목상동,185-2,185,2,다사랑,49.86,202110,17,"12,900",4,1993,대덕대로1470번길 55,,-,-
대전광역시 대덕구 목상동,185-2,185,2,다사랑,49.86,202110,25,"11,000",15,1993,대덕대로1470번길 55,,-,-
대전광역시 대덕구 목상동,185-2,185,2,다사랑,49.86,202110,27,"13,400",9,1993,대덕대로1470번길 55,,-,-
대전광역시 대덕구 목상동,185-2,185,2,다사랑,49.86,202110,28,"11,800",2,1993,대덕대로1470번길 55,,-,-
대전광역시 대덕구 목상동,185-2,185,2,다사랑,49.86,202110,30,"13,000",10,1993,대덕대로1470번길 55,,-,-
대전광역시 대덕구 목상동,185-1,185,1,상록수,59.96,202110,5,"17,000",7,1999,대덕대로1470번길 27,,-,-
대전광역시 대덕구 목상동,185-1,185,1,상록수,59.96,202110,12,"18,000",13,1999,대덕대로1470번길 27,,-,-
대전광역시 대덕구 목상동,185-1,185,1,상록수,59.96,202110,16,"14,900",1,1999,대덕대로1470번길 27,,-,-
대전광역시 대덕구 목상동,185-1,185,1,상록수,59.96,202110,29,"18,400",13,1999,대덕대로1470번길 27,,-,-
대전광역시 대덕구 목상동,185-1,185,1,상록수,59.96,202110,29,"18,400",13,1999,대덕대로1470번길 27,20211102,-,-
대전광역시 대덕구 목상동,207-25,207,25,평화로운,59.9788,202110,9,"17,000",7,2011,대덕대로1520번길 77,,-,-
대전광역시 대덕구 목상동,215,215,0,현대,63,202110,20,"7,100",1,1986,대덕대로1524번길 27,,-,-
대전광역시 대덕구 법동,195-1,195,1,그린타운,59.34,202110,11,"20,000",9,1993,동춘당로 151,,-,-
대전광역시 대덕구 법동,195-1,195,1,그린타운,84.93,202110,21,"30,000",3,1993,동춘당로 151,,-,-
대전광역시 대덕구 법동,195-1,195,1,그린타운,84.835,202110,30,"32,500",4,1993,동춘당로 151,,-,-
대전광역시 대덕구 법동,191-1,191,1,보람,98.87,202110,3,"37,900",1,1995,동춘당로 178,,-,-
대전광역시 대덕구 법동,191-1,191,1,보람,83.25,202110,8,"27,800",1,1995,동춘당로 178,,-,-
대전광역시 대덕구 법동,191-1,191,1,보람,124.87,202110,11,"47,000",11,1995,동춘당로 178,,-,-
대전광역시 대덕구 법동,191-1,191,1,보람,98.87,202110,14,"41,900",9,1995,동춘당로 178,,-,-
대전광역시 대덕구 법동,191-1,191,1,보람,124.87,202110,16,"40,000",12,1995,동춘당로 178,,-,-
대전광역시 대덕구 법동,191-1,191,1,보람,98.87,202110,16,"43,000",8,1995,동춘당로 178,,-,-
대전광역시 대덕구 법동,190,190,0,삼익소월,59.76,202110,2,"19,800",2,1993,동춘당로 160,,-,-
대전광역시 대덕구 법동,281,281,0,삼정하이츠,66.73,202110,4,"26,500",4,1987,계족로663번길 30,,-,-
대전광역시 대덕구 법동,280-2,280,2,삼호,84.9712,202110,2,"25,000",5,1989,계족로663번길 32,,-,-
대전광역시 대덕구 법동,280-2,280,2,삼호,84.9825,202110,18,"25,000",15,1989,계족로663번길 32,,-,-
대전광역시 대덕구 법동,440-4,440,4,선비마을1,59.87,202110,20,"28,200",13,1999,계족로690번길 21,,-,-
대전광역시 대덕구 법동,285-1,285,1,유원,84.945,202110,18,"27,000",6,1989,계족로663번길 23,,-,-
대전광역시 대덕구 법동,284-1,284,1,주공2,41.3,202110,22,"19,000",6,1987,계족로663번길 29,,-,-
대전광역시 대덕구 법동,284-1,284,1,주공2,61.52,202110,31,"26,400",9,1987,계족로663번길 29,,-,-
대전광역시 대덕구 비래동,133-5,133,5,금성백조(133-5),84.45,202110,1,"22,500",2,1991,우암동로 2,,-,-
대전광역시 대덕구 비래동,135-5,135,5,미래101동,35.7478,202110,18,"8,500",13,2001,우암동로18번길 30,,-,-
대전광역시 대덕구 비래동,135-5,135,5,미래101동,40.1378,202110,25,"8,800",5,2001,우암동로18번길 30,,-,-
대전광역시 대덕구 비래동,509-1,509,1,비래휴플러스,84.9881,202110,9,"36,700",14,2006,비래서로10번길 21,,-,-
대전광역시 대덕구 비래동,509-1,509,1,비래휴플러스,84.9097,202110,14,"34,500",1,2006,비래서로10번길 21,,-,-
대전광역시 대덕구 비래동,144-5,144,5,정남주택,83.52,202110,16,"11,600",5,1987,비래동로32번길 52,,-,-
대전광역시 대덕구 비래동,120-17,120,17,평화맨션,65.61,202110,11,"11,300",1,1987,비래동로31번길 53,,-,-
대전광역시 대덕구 비래동,Jan-47,47,1,현대,72.82,202110,4,"19,500",11,1986,우암로 394,,-,-
대전광역시 대덕구 석봉동,771,771,0,금강로하스엘크루,59.9486,202110,14,"34,000",2,2017,대덕대로 1587,,-,-
대전광역시 대덕구 석봉동,771,771,0,금강로하스엘크루,84.9618,202110,16,"47,500",12,2017,대덕대로 1587,,-,-
대전광역시 대덕구 석봉동,771,771,0,금강로하스엘크루,84.9679,202110,21,"44,500",5,2017,대덕대로 1587,,-,-
대전광역시 대덕구 석봉동,770,770,0,금강엑슬루타워,66.248,202110,2,"32,000",35,2012,대덕대로 1555,,-,-
대전광역시 대덕구 석봉동,770,770,0,금강엑슬루타워,141.366,202110,5,"60,600",23,2012,대덕대로 1555,,-,-
대전광역시 대덕구 석봉동,770,770,0,금강엑슬루타워,84.634,202110,5,"48,500",50,2012,대덕대로 1555,,-,-
대전광역시 대덕구 석봉동,770,770,0,금강엑슬루타워,64.428,202110,5,"36,400",14,2012,대덕대로 1555,,-,-
대전광역시 대덕구 석봉동,770,770,0,금강엑슬루타워,84.956,202110,8,"46,000",7,2012,대덕대로 1555,,-,-
대전광역시 대덕구 석봉동,770,770,0,금강엑슬루타워,103.275,202110,12,"54,000",14,2012,대덕대로 1555,,-,-
대전광역시 대덕구 석봉동,191-23,191,23,금원푸른솔,124.73,202110,16,"24,000",8,2006,석봉북로12번길 3,,-,-
대전광역시 대덕구 석봉동,316-7,316,7,두일,29.73,202110,26,"3,300",3,1995,석봉로30번길 32,,-,-
대전광역시 대덕구 석봉동,316-7,316,7,두일,29.73,202110,28,"3,300",7,1995,석봉로30번길 32,,-,-
대전광역시 대덕구 석봉동,177-2,177,2,서우,60,202110,4,"10,800",15,1990,석봉로30번안길 57,,-,-
대전광역시 대덕구 석봉동,177-2,177,2,서우,72.07,202110,8,"10,500",3,1990,석봉로30번안길 57,,-,-
대전광역시 대덕구 석봉동,177-2,177,2,서우,55.62,202110,12,"9,700",10,1990,석봉로30번안길 57,,-,-
대전광역시 대덕구 석봉동,313-1,313,1,한밭,59.94,202110,7,"13,000",4,1995,석봉로58번안길 82,,-,-
대전광역시 대덕구 석봉동,313-1,313,1,한밭,59.94,202110,9,"11,900",11,1995,석봉로58번안길 82,,-,-
대전광역시 대덕구 송촌동,461-1,461,1,선비마을3단지,84.9,202110,2,"44,800",17,1999,동춘당로114번길 60,,-,-
대전광역시 대덕구 송촌동,461-1,461,1,선비마을3단지,84.9,202110,12,"41,900",4,1999,동춘당로114번길 60,,-,-
대전광역시 대덕구 송촌동,461-1,461,1,선비마을3단지,84.9,202110,29,"40,000",3,1999,동춘당로114번길 60,,-,-
대전광역시 대덕구 송촌동,462,462,0,선비마을4단지,84.91,202110,8,"38,500",4,1999,계족산로 135,,-,-
대전광역시 대덕구 송촌동,462,462,0,선비마을4단지,73.56,202110,12,"32,000",9,1999,계족산로 135,,-,-
대전광역시 대덕구 송촌동,494-1,494,1,선비마을5단지,75.63,202110,4,"35,500",6,1999,계족산로 136,,-,-
대전광역시 대덕구 송촌동,494-1,494,1,선비마을5단지,84.88,202110,4,"45,000",9,1999,계족산로 136,,-,-
대전광역시 대덕구 송촌동,444,444,0,선비마을아파트2단지,59.76,202110,23,"30,400",15,1999,동춘당로114번길 47,,-,-
대전광역시 대덕구 송촌동,553-22,553,22,으뜸마을A동,78.423,202110,13,"20,500",2,2012,동춘당로 12,,-,-
대전광역시 대덕구 신대동,179,179,0,주공,39.72,202110,1,"20,500",3,1987,신탄진로 217,,-,-
대전광역시 대덕구 신대동,179,179,0,주공,39.72,202110,9,"18,900",5,1987,신탄진로 217,,-,-
대전광역시 대덕구 신대동,179,179,0,주공,47.1,202110,25,"24,000",5,1987,신탄진로 217,,-,-
대전광역시 대덕구 신일동,1682-4,1682,4,한라,49.86,202110,18,"9,500",3,1996,대덕대로1448번길 80,,-,-
대전광역시 대덕구 신탄진동,141-28,141,28,골든리버,54.78,202110,8,"8,000",4,2004,신탄진로810번길 20,,-,-
대전광역시 대덕구 신탄진동,141-28,141,28,골든리버,26.8,202110,8,"4,800",10,2004,신탄진로810번길 20,,-,-
대전광역시 대덕구 신탄진동,141-28,141,28,골든리버,26.8,202110,8,"5,000",7,2004,신탄진로810번길 20,,-,-
대전광역시 대덕구 신탄진동,141-28,141,28,골든리버,26.8,202110,25,"5,050",5,2004,신탄진로810번길 20,,-,-
대전광역시 대덕구 신탄진동,166-9,166,9,삼호,45.45,202110,2,"4,200",1,1989,신탄진로762번길 88,,-,-
대전광역시 대덕구 신탄진동,02월 22일,22,2,새여울대우,84.906,202110,29,"25,000",15,1994,대청로64번길 41,,-,-
대전광역시 대덕구 신탄진동,02월 22일,22,2,새여울한신,59.83,202110,3,"17,700",12,1996,대청로64번길 41,,-,-
대전광역시 대덕구 신탄진동,02월 22일,22,2,새여울한신,84.82,202110,20,"23,850",8,1996,대청로64번길 41,,-,-
대전광역시 대덕구 신탄진동,166-3,166,3,흥진,59.45,202110,21,"12,000",5,1992,신탄진남로 26,,-,-
대전광역시 대덕구 연축동,102,102,0,연축주공,39.72,202110,1,"18,000",5,1987,신탄진로 170,,-,-
대전광역시 대덕구 오정동,May-55,55,5,양지마을,117.31,202110,5,"27,500",16,1999,대전로1185번길 30,,-,-
대전광역시 대덕구 오정동,464-1,464,1,한남,84.97,202110,12,"18,500",10,1996,대전로1020번길 85,,-,-
대전광역시 대덕구 오정동,464-1,464,1,한남,84.97,202110,17,"17,500",1,1996,대전로1020번길 85,,-,-
대전광역시 대덕구 읍내동,202,202,0,백송,59.886,202110,1,"12,000",15,1997,대전로1397번길 79,,-,-
대전광역시 대덕구 읍내동,54,54,0,현대,76.68,202110,2,"22,100",17,1991,계족로761번길 24,,-,-
대전광역시 대덕구 읍내동,54,54,0,현대,76.68,202110,12,"19,000",12,1991,계족로761번길 24,,-,-
대전광역시 대덕구 읍내동,54,54,0,현대,84.96,202110,19,"20,000",5,1991,계족로761번길 24,,-,-
대전광역시 대덕구 중리동,274-1,274,1,영진로얄,71.55,202110,1,"19,750",11,1989,중리서로 36,,-,-
대전광역시 대덕구 중리동,274-1,274,1,영진로얄,54.225,202110,2,"12,500",13,1989,중리서로 31,,-,-
대전광역시 대덕구 평촌동,540-1,540,1,행복한마을,81.3378,202110,6,"23,000",13,2011,덕암로 200,,-,-
대전광역시 동구 가양동,652-1,652,1,대주파크빌,81.1171,202110,23,"32,000",15,2006,충정로 136,,-,-
대전광역시 동구 가양동,Jan-43,43,1,시영수정,58.92,202110,1,"9,500",2,1984,비래서로62번길 57,,-,-
대전광역시 동구 가양동,Jan-43,43,1,시영수정,58.92,202110,7,"13,500",4,1984,비래서로62번길 57,,-,-
대전광역시 동구 가양동,705,705,0,아침마을,84.76,202110,4,"47,700",21,2011,우암로 192,,-,-
대전광역시 동구 가양동,292-6,292,6,안전로얄,30.05,202110,10,"5,250",4,1987,가양로68번길 17,,-,-
대전광역시 동구 가양동,292-6,292,6,안전로얄,30.05,202110,19,"4,550",5,1987,가양로68번길 17,,-,-
대전광역시 동구 가양동,162-11,162,11,큰솔3차,33.9914,202110,15,"7,400",6,2002,충정로18번길 60,,-,-
대전광역시 동구 가양동,162-11,162,11,큰솔3차,25.3237,202110,27,"3,600",8,2002,충정로18번길 60,,-,-
대전광역시 동구 가양동,169-4,169,4,평화타운맨션,67.98,202110,6,"10,500",5,1990,동대전로256번길 74,,-,-
대전광역시 동구 가양동,Mar-55,55,3,한산(55-3),71.1,202110,2,"6,000",5,1981,흥룡로 40,,-,-
대전광역시 동구 가양동,429-11,429,11,한성잉꼬,39.6,202110,6,"6,500",5,1987,동대전로321번길 9,,-,-
대전광역시 동구 가양동,429-11,429,11,한성잉꼬,29.07,202110,7,"4,000",3,1987,동대전로321번길 9,,-,-
대전광역시 동구 가오동,658,658,0,은어송마을1단지(풍림아이원),84.8882,202110,11,"40,000",16,2007,동구청로 67,,-,-
대전광역시 동구 가오동,658,658,0,은어송마을1단지(풍림아이원),84.8882,202110,14,"41,000",8,2007,동구청로 67,,-,-
대전광역시 동구 가오동,556,556,0,은어송마을5단지(우미린),59.9883,202110,26,"29,500",6,2007,은어송로 100,,-,-
대전광역시 동구 가오동,497,497,0,은어송마을6단지(풍림2차),84.49,202110,2,"37,700",9,2007,신기로 100,,-,-
대전광역시 동구 가오동,497,497,0,은어송마을6단지(풍림2차),84.39,202110,4,"37,400",12,2007,신기로 100,,-,-
대전광역시 동구 가오동,210,210,0,주공(210),49.22,202110,5,"21,000",4,1985,대전로448번길 11,,-,-
대전광역시 동구 가오동,210,210,0,주공(210),59.3,202110,23,"24,700",3,1985,대전로448번길 16,,-,-
대전광역시 동구 낭월동,723,723,0,e편한세상,84.98,202110,6,"35,500",8,2011,산내로 1330,,-,-
대전광역시 동구 낭월동,723,723,0,e편한세상,84.985,202110,10,"35,300",6,2011,산내로 1330,,-,-
대전광역시 동구 낭월동,723,723,0,e편한세상,84.985,202110,12,"35,700",10,2011,산내로 1330,,-,-
대전광역시 동구 낭월동,723,723,0,e편한세상,101.4,202110,25,"38,700",6,2011,산내로 1330,,-,-
대전광역시 동구 낭월동,304,304,0,오투그란데,84.9867,202110,1,"35,700",22,2008,산내로 1375,,-,-
대전광역시 동구 낭월동,304,304,0,오투그란데,84.9867,202110,2,"32,100",17,2008,산내로 1375,,-,-
대전광역시 동구 낭월동,304,304,0,오투그란데,84.9867,202110,6,"32,500",7,2008,산내로 1375,,-,-
대전광역시 동구 낭월동,304,304,0,오투그란데,84.9853,202110,11,"33,000",21,2008,산내로 1375,,-,-
대전광역시 동구 대동,535,535,0,대동펜타뷰,84.88,202110,8,"46,500",3,2011,계족로140번길 33,,-,-
대전광역시 동구 대동,535,535,0,대동펜타뷰,84.88,202110,10,"51,000",18,2011,계족로140번길 33,,-,-
대전광역시 동구 대동,535,535,0,대동펜타뷰,59.8,202110,21,"37,500",6,2011,계족로140번길 33,,-,-
대전광역시 동구 대동,539,539,0,이스트시티1단지,84.98,202110,8,"62,500",19,2018,동대전로46번길 30,,-,-
대전광역시 동구 대성동,30,30,0,삼익세라믹,84.97,202110,2,"20,400",7,1991,대전로340번길 20,,-,-
대전광역시 동구 대성동,30,30,0,삼익세라믹,84.97,202110,20,"18,000",2,1991,대전로340번길 20,,-,-
대전광역시 동구 대성동,Jan-42,42,1,서미가아파트,81.3752,202110,2,"21,000",5,2017,대전로 332,,-,-
대전광역시 동구 대성동,130,130,0,은어송마을2단지(코오롱하늘채),84.9905,202110,1,"41,400",17,2007,동구청로 35,,-,-
대전광역시 동구 대성동,130,130,0,은어송마을2단지(코오롱하늘채),84.997,202110,2,"39,900",11,2007,동구청로 35,,-,-
대전광역시 동구 대성동,130,130,0,은어송마을2단지(코오롱하늘채),102.819,202110,9,"45,500",10,2007,동구청로 35,,-,-
대전광역시 동구 대성동,130,130,0,은어송마을2단지(코오롱하늘채),84.9954,202110,15,"41,300",31,2007,동구청로 35,,-,-
대전광역시 동구 대성동,420,420,0,은어송코오롱하늘채2차,38.62,202110,7,"18,000",10,2016,대전로340번길 15,,-,-
대전광역시 동구 대성동,420,420,0,은어송코오롱하늘채2차,59.95,202110,8,"23,200",5,2016,대전로340번길 15,,-,-
대전광역시 동구 삼성동,302-94,302,94,대청,53.82,202110,1,"6,800",3,1985,대전로906번길 86-1,,-,-
대전광역시 동구 삼성동,302-94,302,94,대청,54,202110,12,"8,500",3,1985,대전로906번길 86-1,,-,-
대전광역시 동구 삼성동,479,479,0,한밭자이,59.9929,202110,2,"34,800",4,2006,대전로 935,,-,-
대전광역시 동구 삼성동,479,479,0,한밭자이,84.9811,202110,8,"48,400",24,2006,대전로 935,,-,-
대전광역시 동구 삼성동,479,479,0,한밭자이,84.9811,202110,8,"46,000",13,2006,대전로 935,,-,-
대전광역시 동구 삼성동,479,479,0,한밭자이,84.9811,202110,23,"48,500",22,2006,대전로 935,,-,-
대전광역시 동구 성남동,518,518,0,석촌마을,59.74,202110,1,"25,700",10,2000,우암로 186,,-,-
대전광역시 동구 성남동,528,528,0,스마트뷰,84.89,202110,5,"43,000",9,2011,성남로 15,,-,-
대전광역시 동구 성남동,528,528,0,스마트뷰,84.98,202110,8,"49,500",13,2011,성남로 15,,-,-
대전광역시 동구 성남동,157-1,157,1,큰솔,54.4222,202110,8,"12,000",3,2003,동서대로1572번길 165,,-,-
대전광역시 동구 성남동,157-1,157,1,큰솔,54.4222,202110,18,"13,800",4,2003,동서대로1572번길 165,,-,-
대전광역시 동구 신흥동,212,212,0,신흥마을주공,75.78,202110,5,"33,000",6,2006,옥천로 38,,-,-
대전광역시 동구 용운동,783,783,0,e편한세상 대전에코포레,84.9964,202110,4,"55,400",1,2020,용운로 203,,-,-
대전광역시 동구 용운동,363,363,0,삼정하이츠,55.62,202110,16,"12,500",4,1990,동부로73번길 95,,-,-
대전광역시 동구 용운동,460,460,0,용방마을,49.98,202110,2,"17,000",10,2003,용운로 80,,-,-
대전광역시 동구 용운동,460,460,0,용방마을,59.75,202110,2,"21,000",1,2003,용운로 80,,-,-
대전광역시 동구 용운동,460,460,0,용방마을,84.97,202110,9,"32,000",5,2003,용운로 80,,-,-
대전광역시 동구 용운동,460,460,0,용방마을,49.98,202110,9,"17,200",5,2003,용운로 80,,-,-
대전광역시 동구 용운동,460,460,0,용방마을,84.99,202110,13,"31,000",3,2003,용운로 80,,-,-
대전광역시 동구 용운동,460,460,0,용방마을,72.93,202110,28,"20,000",7,2003,용운로 80,,-,-
대전광역시 동구 용운동,147,147,0,용운주공2단지,32.39,202110,7,"7,300",12,1987,백룡로 138,,-,-
대전광역시 동구 용운동,147,147,0,용운주공2단지,64.62,202110,25,"17,800",7,1987,백룡로 138,,-,-
대전광역시 동구 용운동,423-15,423,15,정원,59.88,202110,23,"12,000",4,1997,용운로 124-4,,-,-
대전광역시 동구 용전동,181-1,181,1,새피앙,59.4,202110,4,"13,000",1,1997,홍도로 60,,-,-
대전광역시 동구 용전동,181-1,181,1,새피앙,59.4,202110,12,"15,500",11,1997,홍도로 60,,-,-
대전광역시 동구 용전동,1,1,0,신동아,84.56,202110,2,"31,000",7,1990,한밭대로1237번길 52,,-,-
대전광역시 동구 용전동,1,1,0,신동아,84.56,202110,22,"28,300",10,1990,한밭대로1237번길 52,,-,-
대전광역시 동구 용전동,178,178,0,크로바,91.7,202110,20,"15,000",4,1985,계족로 443,,-,-
대전광역시 동구 용전동,48-22,48,22,큰솔101동,30.4816,202110,28,"7,000",10,1999,계족로512번길 52,,-,-
대전광역시 동구 용전동,Jan-48,48,1,큰솔102동,38.0939,202110,9,"7,500",2,2001,계족로512번길 42,,-,-
대전광역시 동구 용전동,Jan-48,48,1,큰솔102동,38.0939,202110,10,"8,650",5,2001,계족로512번길 42,,-,-
대전광역시 동구 용전동,Jan-48,48,1,큰솔102동,38.0939,202110,17,"7,650",2,2001,계족로512번길 42,,-,-
대전광역시 동구 용전동,57-21,57,21,푸른,40.5993,202110,6,"8,800",10,2000,계족로512번길 96,,-,-
대전광역시 동구 용전동,57-21,57,21,푸른,47.0424,202110,24,"14,500",10,2000,계족로512번길 96,,-,-
대전광역시 동구 용전동,194-3,194,3,한숲,84.94,202110,16,"36,000",5,1999,계족로489번길 73,,-,-
대전광역시 동구 용전동,131-1,131,1,한울,37.251,202110,13,"7,700",10,2002,계족로450번길 52,,-,-
대전광역시 동구 원동,Mar-35,35,3,뜰안채주상복합,81.6225,202110,15,"19,000",9,2007,대전로 758,,-,-
대전광역시 동구 인동,Feb-29,29,2,모닝빌,82.2828,202110,11,"17,100",14,2006,대전천동로 458,,-,-
대전광역시 동구 인동,179-1,179,1,현대,52.38,202110,9,"19,300",6,1987,대전로 664,,-,-
대전광역시 동구 인동,179-1,179,1,현대,84.94,202110,10,"27,500",3,1987,대전로 664,,-,-
대전광역시 동구 인동,179-1,179,1,현대,63.99,202110,13,"21,800",2,1987,대전로 664,,-,-
대전광역시 동구 인동,179-1,179,1,현대,70.96,202110,15,"24,000",3,1987,대전로 664,,-,-
대전광역시 동구 자양동,201,201,0,동아아파트(201),134.6,202110,9,"27,000",12,1990,성동로 74,20211019,-,-
대전광역시 동구 자양동,Jun-83,83,6,임광(83-6),73.89,202110,1,"10,000",5,1990,성동로7번길 58-11,,-,-
대전광역시 동구 천동,540,540,0,위드힐,84.99,202110,2,"44,000",26,2013,대전로542번길 121,,-,-
대전광역시 동구 천동,540,540,0,위드힐,84.86,202110,9,"43,700",23,2013,대전로542번길 121,,-,-
대전광역시 동구 천동,528,528,0,휴먼시아2단지,84.87,202110,9,"34,000",11,2008,대전로542번길 78-1,,-,-
대전광역시 동구 천동,528,528,0,휴먼시아2단지,84.87,202110,16,"35,000",18,2008,대전로542번길 78-1,,-,-
대전광역시 동구 판암동,460,460,0,미리내아파트,59.97,202110,12,"21,700",10,1999,동구청로203번길 35,,-,-
대전광역시 동구 판암동,328,328,0,방주아파트,59.67,202110,6,"19,800",10,1998,동구청로204번길 46,,-,-
대전광역시 동구 판암동,839,839,0,삼정그린코아포레스트1단지,76.0858,202110,12,"48,000",12,2018,동부로10번길 55,,-,-
대전광역시 동구 판암동,178,178,0,주공1,79.07,202110,5,"15,000",7,1990,옥천로180번길 47-2,,-,-
대전광역시 동구 판암동,178,178,0,주공1,58.01,202110,6,"18,450",4,1990,옥천로180번길 47-2,,-,-
대전광역시 동구 판암동,178,178,0,주공1,59.39,202110,26,"19,100",8,1990,옥천로180번길 47-2,,-,-
대전광역시 동구 판암동,202,202,0,주공2,79.07,202110,1,"23,500",14,1990,옥천로180번길 23,,-,-
대전광역시 동구 판암동,202,202,0,주공2,79.07,202110,1,"26,000",5,1990,옥천로180번길 23,,-,-
대전광역시 동구 판암동,202,202,0,주공2,58.01,202110,2,"17,900",5,1990,옥천로180번길 23,,-,-
대전광역시 동구 판암동,202,202,0,주공2,45.77,202110,2,"13,500",4,1990,옥천로180번길 23,,-,-
대전광역시 동구 판암동,202,202,0,주공2,59.39,202110,5,"18,500",10,1990,옥천로180번길 23,,-,-
대전광역시 동구 판암동,202,202,0,주공2,79.07,202110,14,"26,000",9,1990,옥천로180번길 23,,-,-
대전광역시 동구 판암동,202,202,0,주공2,45.77,202110,14,"16,000",10,1990,옥천로180번길 23,,-,-
대전광역시 동구 판암동,202,202,0,주공2,59.39,202110,20,"19,000",10,1990,옥천로180번길 23,,-,-
대전광역시 동구 판암동,202,202,0,주공2,79.07,202110,21,"25,000",13,1990,옥천로180번길 23,,-,-
대전광역시 동구 판암동,202,202,0,주공2,45.77,202110,21,"13,800",7,1990,옥천로180번길 23,,-,-
대전광역시 동구 판암동,202,202,0,주공2,59.39,202110,24,"19,100",13,1990,옥천로180번길 23,,-,-
대전광역시 동구 판암동,236,236,0,주공5,44.94,202110,1,"9,400",15,1992,동부로 73,,-,-
대전광역시 동구 판암동,236,236,0,주공5,58.46,202110,1,"15,000",5,1992,동부로 73,,-,-
대전광역시 동구 판암동,236,236,0,주공5,52.09,202110,14,"13,000",9,1992,동부로 73,,-,-
대전광역시 동구 판암동,236,236,0,주공5,52.09,202110,18,"14,000",10,1992,동부로 73,,-,-
대전광역시 동구 판암동,236,236,0,주공5,38.64,202110,19,"8,800",9,1992,동부로 73,,-,-
대전광역시 동구 판암동,233,233,0,주공6,38.64,202110,1,"7,500",15,1992,동부로 55-58,,-,-
대전광역시 동구 판암동,233,233,0,주공6,38.64,202110,5,"8,400",6,1992,동부로 55-58,,-,-
대전광역시 동구 판암동,233,233,0,주공6,38.64,202110,8,"8,800",7,1992,동부로 55-58,,-,-
대전광역시 동구 홍도동,135-1,135,1,시영,56.3,202110,7,"12,000",2,1983,대전로1002번길 24-4,,-,-
대전광역시 동구 홍도동,135-1,135,1,시영,56.3,202110,15,"12,500",3,1983,대전로1002번길 24-4,,-,-
대전광역시 동구 홍도동,1003,1003,0,신동아파밀리에1단지,84.8391,202110,9,"32,000",1,2007,동산초교로 46,,-,-
대전광역시 동구 홍도동,1003,1003,0,신동아파밀리에1단지,84.8391,202110,20,"35,700",1,2007,동산초교로 46,,-,-
대전광역시 동구 홍도동,01월 14일,14,1,홍도,45.525,202110,2,"13,300",8,1996,동서대로 1579,,-,-
대전광역시 동구 홍도동,01월 14일,14,1,홍도,42.015,202110,2,"12,300",16,1996,동서대로 1579,,-,-
대전광역시 동구 홍도동,01월 14일,14,1,홍도,45.525,202110,2,"11,600",10,1996,동서대로 1579,,-,-
대전광역시 동구 홍도동,01월 14일,14,1,홍도,42.015,202110,12,"12,000",12,1996,동서대로 1579,,-,-
대전광역시 동구 홍도동,01월 14일,14,1,홍도,42.015,202110,14,"12,000",15,1996,동서대로 1579,,-,-
대전광역시 동구 효동,135-1,135,1,효동현대,59.9025,202110,4,"24,700",22,1998,대전로 646,,-,-
대전광역시 동구 효동,135-1,135,1,효동현대,84.6825,202110,5,"28,500",2,1998,대전로 646,,-,-
대전광역시 서구 가수원동,643,643,0,계룡,59.4,202110,9,"18,500",9,1986,가수원로 98,,-,-
대전광역시 서구 가수원동,643,643,0,계룡,81,202110,13,"23,100",4,1986,가수원로 98,,-,-
대전광역시 서구 가수원동,769-2,769,2,은아1단지,84.57,202110,6,"33,000",13,1989,가수원로 72,,-,-
대전광역시 서구 가수원동,793-1,793,1,은아2단지,52.2,202110,15,"10,500",1,1990,계백로1158번길 113,,-,-
대전광역시 서구 가수원동,808,808,0,은아5단지,52.2,202110,2,"13,000",7,1991,가수원로 5,,-,-
대전광역시 서구 가수원동,808,808,0,은아5단지,52.2,202110,8,"12,000",4,1991,가수원로 5,,-,-
대전광역시 서구 가수원동,808,808,0,은아5단지,52.2,202110,12,"12,750",7,1991,가수원로 5,,-,-
대전광역시 서구 가수원동,808,808,0,은아5단지,52.2,202110,20,"13,300",5,1991,가수원로 5,,-,-
대전광역시 서구 가수원동,808,808,0,은아5단지,52.2,202110,30,"13,500",1,1991,가수원로 6,,-,-
대전광역시 서구 가장동,55,55,0,삼성래미안1,84.97,202110,11,"38,000",2,2002,가장로 106,,-,-
대전광역시 서구 가장동,55,55,0,삼성래미안1,84.951,202110,14,"45,000",15,2002,가장로 106,,-,-
대전광역시 서구 가장동,55,55,0,삼성래미안2,59.981,202110,7,"32,000",4,2002,가장로 107,,-,-
대전광역시 서구 가장동,55,55,0,삼성래미안2,84.97,202110,25,"40,000",10,2002,가장로 107,,-,-
대전광역시 서구 갈마동,390-22,390,22,갈마,73.78,202110,3,"26,000",13,1994,신갈마로113번길 40,,-,-
대전광역시 서구 갈마동,390-22,390,22,갈마,84.68,202110,4,"30,000",6,1994,신갈마로 95,,-,-
대전광역시 서구 갈마동,390-22,390,22,갈마,73.78,202110,6,"25,800",8,1994,신갈마로 102,,-,-
대전광역시 서구 갈마동,390-22,390,22,갈마,84.68,202110,8,"32,600",11,1994,신갈마로86번길 14,,-,-
대전광역시 서구 갈마동,390-22,390,22,갈마,84.68,202110,11,"26,200",2,1994,신갈마로 102,,-,-
대전광역시 서구 갈마동,390-22,390,22,갈마,73.78,202110,15,"26,000",11,1994,신갈마로 102,,-,-
대전광역시 서구 갈마동,390-22,390,22,갈마,73.78,202110,15,"27,300",4,1994,신갈마로 102,,-,-
대전광역시 서구 갈마동,390-22,390,22,갈마,63.015,202110,15,"23,100",9,1994,신갈마로 102,,-,-
대전광역시 서구 갈마동,390-22,390,22,갈마,84.68,202110,17,"29,200",3,1994,신갈마로 102,,-,-
대전광역시 서구 갈마동,390-22,390,22,갈마,73.78,202110,23,"25,500",13,1994,신갈마로 102,,-,-
대전광역시 서구 갈마동,390-22,390,22,갈마,84.68,202110,25,"32,300",11,1994,신갈마로 95,,-,-
대전광역시 서구 갈마동,390-22,390,22,갈마,84.68,202110,29,"25,500",1,1994,신갈마로 95,,-,-
대전광역시 서구 갈마동,1418,1418,0,경성큰마을,84.94,202110,9,"50,500",11,1995,대덕대로 150,,-,-
대전광역시 서구 갈마동,1418,1418,0,경성큰마을,59.9,202110,11,"33,000",7,1995,대덕대로 150,,-,-
대전광역시 서구 갈마동,1418,1418,0,경성큰마을,59.9,202110,19,"35,500",10,1995,대덕대로 150,,-,-
대전광역시 서구 갈마동,1418,1418,0,경성큰마을,59.9,202110,23,"37,500",9,1995,대덕대로 150,,-,-
대전광역시 서구 갈마동,1418,1418,0,경성큰마을,59.9,202110,24,"34,000",14,1995,대덕대로 150,,-,-
대전광역시 서구 갈마동,404-2,404,2,광도푸른,39.9675,202110,6,"7,100",7,1998,갈마로117번길 23,,-,-
대전광역시 서구 갈마동,404-2,404,2,광도푸른,43.2675,202110,13,"8,200",5,1998,갈마로117번길 23,,-,-
대전광역시 서구 갈마동,404-2,404,2,광도푸른,39.9675,202110,14,"7,600",5,1998,갈마로117번길 23,,-,-
대전광역시 서구 갈마동,1496,1496,0,다우갤러리휴리움아파트,65.914,202110,30,"36,500",5,2018,신갈마로 186,,-,-
대전광역시 서구 갈마동,343-1,343,1,동산1,64.17,202110,11,"22,300",1,1988,갈마중로7번길 42,,-,-
대전광역시 서구 갈마동,343-1,343,1,동산1,78.82,202110,23,"31,000",2,1988,갈마중로7번길 42,,-,-
대전광역시 서구 갈마동,1039,1039,0,리쥬파크,59.29,202110,22,"12,700",9,2005,대덕대로167번길 29,,-,-
대전광역시 서구 갈마동,329-9,329,9,복음맨션,59,202110,20,"11,000",4,1990,계룡로320번길 118,,-,-
대전광역시 서구 갈마동,379-7,379,7,쉬크빌,84.9,202110,15,"23,500",6,2003,갈마로 80,,-,-
대전광역시 서구 갈마동,1436,1436,0,오벨리스크,54,202110,6,"11,300",9,2001,대덕대로168번길 18,,-,-
대전광역시 서구 갈마동,1448,1448,0,웰리움,59.35,202110,12,"14,700",4,2006,대덕대로168번길 82,,-,-
대전광역시 서구 갈마동,1442,1442,0,위너스빌1,59.96,202110,6,"13,900",7,2003,대덕대로168번길 50,,-,-
대전광역시 서구 갈마동,1442,1442,0,위너스빌1,59.96,202110,6,"13,800",9,2003,대덕대로168번길 50,,-,-
대전광역시 서구 갈마동,1437,1437,0,위너스빌2,55.445,202110,6,"12,000",7,2004,대덕대로168번길 22,,-,-
대전광역시 서구 갈마동,912,912,0,좋은하루1차,17.1621,202110,20,"3,300",6,2011,대덕대로167번길 43,,-,-
대전광역시 서구 갈마동,913,913,0,좋은하루2차,17.7011,202110,2,"4,200",12,2012,대덕대로167번길 37,,-,-
대전광역시 서구 갈마동,913,913,0,좋은하루2차,17.7011,202110,5,"3,000",9,2012,대덕대로167번길 37,,-,-
대전광역시 서구 갈마동,913,913,0,좋은하루2차,17.7011,202110,9,"3,500",7,2012,대덕대로167번길 37,,-,-
대전광역시 서구 갈마동,913,913,0,좋은하루2차,17.7011,202110,9,"3,500",7,2012,대덕대로167번길 37,,-,-
대전광역시 서구 갈마동,913,913,0,좋은하루2차,18.9971,202110,15,"5,500",9,2012,대덕대로167번길 37,,-,-
대전광역시 서구 갈마동,913,913,0,좋은하루2차,18.9971,202110,15,"5,500",9,2012,대덕대로167번길 37,,-,-
대전광역시 서구 갈마동,351-2,351,2,한국도로공사조합아파트,72.99,202110,5,"21,000",9,1990,갈마중로16번길 7,,-,-
대전광역시 서구 갈마동,351-2,351,2,한국도로공사조합아파트,72.99,202110,13,"19,000",7,1990,갈마중로16번길 7,,-,-
대전광역시 서구 갈마동,351-2,351,2,한국도로공사조합아파트,72.99,202110,13,"19,000",7,1990,갈마중로16번길 7,20211028,-,-
대전광역시 서구 관저동,1985,1985,0,관저더샵,59.977,202110,4,"50,000",24,2018,관저서로 19,,-,-
대전광역시 서구 관저동,1985,1985,0,관저더샵,59.977,202110,9,"50,000",18,2018,관저서로 19,,-,-
대전광역시 서구 관저동,1985,1985,0,관저더샵,59.977,202110,11,"50,800",16,2018,관저서로 19,,-,-
대전광역시 서구 관저동,1985,1985,0,관저더샵,72.923,202110,21,"60,000",8,2018,관저서로 19,,-,-
대전광역시 서구 관저동,1420,1420,0,관저리슈빌,99.0655,202110,11,"60,800",5,2005,관저동로90번길 15,,-,-
대전광역시 서구 관저동,1420,1420,0,관저리슈빌,84.5204,202110,12,"55,300",9,2005,관저동로90번길 15,,-,-
대전광역시 서구 관저동,1593,1593,0,관저어반힐스,59.98,202110,9,"39,000",13,2017,관저남로 80,,-,-
대전광역시 서구 관저동,1593,1593,0,관저어반힐스,59.98,202110,10,"45,000",18,2017,관저남로 80,,-,-
대전광역시 서구 관저동,1593,1593,0,관저어반힐스,59.95,202110,16,"45,000",9,2017,관저남로 80,,-,-
대전광역시 서구 관저동,1593,1593,0,관저어반힐스,59.98,202110,16,"43,000",7,2017,관저남로 80,,-,-
대전광역시 서구 관저동,1593,1593,0,관저어반힐스,74.99,202110,20,"51,500",6,2017,관저남로 80,,-,-
대전광역시 서구 관저동,1579,1579,0,관저예미지명가의풍경,75.8566,202110,18,"66,000",20,2017,관저중로 33,,-,-
대전광역시 서구 관저동,1579,1579,0,관저예미지명가의풍경,75.8566,202110,20,"68,000",19,2017,관저중로 33,,-,-
대전광역시 서구 관저동,1137,1137,0,구봉마을5,84.94,202110,6,"38,500",9,2000,관저로 51,,-,-
대전광역시 서구 관저동,1137,1137,0,구봉마을5,84.71,202110,15,"41,000",15,2000,관저로 51,,-,-
대전광역시 서구 관저동,1154,1154,0,구봉마을9단지,49.92,202110,2,"20,900",14,2000,관저서로 20,,-,-
대전광역시 서구 관저동,1154,1154,0,구봉마을9단지,59.9,202110,4,"20,500",4,2000,관저서로 20,,-,-
대전광역시 서구 관저동,1154,1154,0,구봉마을9단지,49.92,202110,14,"19,000",6,2000,관저서로 20,,-,-
대전광역시 서구 관저동,1144,1144,0,구봉마을주공7,59.65,202110,7,"25,500",18,1999,관저로 48,,-,-
대전광역시 서구 관저동,1144,1144,0,구봉마을주공7,49.63,202110,11,"21,800",9,1999,관저로 48,,-,-
대전광역시 서구 관저동,1144,1144,0,구봉마을주공7,59.72,202110,27,"25,900",16,1999,관저로 48,,-,-
대전광역시 서구 관저동,1144,1144,0,구봉마을주공7,59.65,202110,28,"25,000",3,1999,관저로 48,,-,-
대전광역시 서구 관저동,1148,1148,0,구봉마을주공8-1,49.76,202110,6,"18,300",2,1999,관저로 84,,-,-
대전광역시 서구 관저동,1148,1148,0,구봉마을주공8-1,49.76,202110,13,"20,300",16,1999,관저로 84,,-,-
대전광역시 서구 관저동,1148,1148,0,구봉마을주공8-1,49.76,202110,15,"20,000",8,1999,관저로 84,,-,-
대전광역시 서구 관저동,1148,1148,0,구봉마을주공8-1,49.76,202110,16,"17,000",4,1999,관저로 84,,-,-
대전광역시 서구 관저동,1148,1148,0,구봉마을주공8-1,49.76,202110,16,"21,000",7,1999,관저로 84,,-,-
대전광역시 서구 관저동,1148,1148,0,구봉마을주공8-1,59.47,202110,16,"26,300",12,1999,관저로 84,,-,-
대전광역시 서구 관저동,1148,1148,0,구봉마을주공8-1,59.47,202110,16,"26,000",9,1999,관저로 84,,-,-
대전광역시 서구 관저동,1422,1422,0,느리울마을11단지,75.78,202110,8,"41,500",16,2004,관저동로90번길 47,,-,-
대전광역시 서구 관저동,1422,1422,0,느리울마을11단지,65.74,202110,14,"35,500",13,2004,관저동로90번길 47,,-,-
대전광역시 서구 관저동,1422,1422,0,느리울마을11단지,75.78,202110,18,"40,000",6,2004,관저동로90번길 47,,-,-
대전광역시 서구 관저동,1422,1422,0,느리울마을11단지,65.67,202110,26,"34,500",12,2004,관저동로90번길 47,,-,-
대전광역시 서구 관저동,990,990,0,대자연마을,92.78,202110,1,"51,000",20,1998,관저북로 52,,-,-
대전광역시 서구 관저동,990,990,0,대자연마을,99.99,202110,7,"53,500",7,1998,관저북로 52,,-,-
대전광역시 서구 관저동,990,990,0,대자연마을,92.78,202110,20,"55,000",15,1998,관저북로 52,,-,-
대전광역시 서구 관저동,1130,1130,0,신선마을,99.97,202110,16,"52,500",19,2000,관저로 83,,-,-
대전광역시 서구 관저동,979,979,0,원앙마을1,84.79,202110,21,"43,000",10,1997,관저북로 87,,-,-
대전광역시 서구 관저동,984,984,0,원앙마을2,39.65,202110,11,"14,000",21,1997,관저북로 80,,-,-
대전광역시 서구 관저동,984,984,0,원앙마을2,59.47,202110,15,"26,000",13,1997,관저북로 80,,-,-
대전광역시 서구 관저동,999,999,0,원앙마을4,49.59,202110,7,"24,000",20,1997,관저북로 14,,-,-
대전광역시 서구 관저동,999,999,0,원앙마을4,49.59,202110,9,"23,000",15,1997,관저북로 14,,-,-
대전광역시 서구 관저동,999,999,0,원앙마을4,59.47,202110,9,"22,300",1,1997,관저북로 14,,-,-
대전광역시 서구 관저동,999,999,0,원앙마을4,39.65,202110,14,"14,000",22,1997,관저북로 14,,-,-
대전광역시 서구 관저동,999,999,0,원앙마을4,49.59,202110,14,"22,800",8,1997,관저북로 14,,-,-
대전광역시 서구 괴정동,418,418,0,한신,68.78,202110,23,"27,900",2,1991,계룡로536번길 9,,-,-
대전광역시 서구 내동,220-11,220,11,더리치빌,140.8841,202110,11,"45,000",6,2006,신갈마로 51,,-,-
대전광역시 서구 내동,220,220,0,롯데,84.99,202110,5,"37,000",10,1994,신갈마로 46,,-,-
대전광역시 서구 내동,220,220,0,롯데,84.99,202110,7,"35,000",14,1994,신갈마로 46,,-,-
대전광역시 서구 내동,220,220,0,롯데,84.99,202110,12,"34,700",2,1994,신갈마로 46,,-,-
대전광역시 서구 내동,220,220,0,롯데,101.88,202110,16,"40,000",11,1994,신갈마로 46,,-,-
대전광역시 서구 내동,2,2,0,맑은아침,67.9693,202110,9,"38,500",5,2004,갈마로 262,,-,-
대전광역시 서구 내동,2,2,0,맑은아침,77.6069,202110,15,"44,000",25,2004,갈마로 262,,-,-
대전광역시 서구 내동,2,2,0,맑은아침,98.7079,202110,16,"48,000",1,2004,갈마로 262,,-,-
대전광역시 서구 내동,2,2,0,맑은아침,84.8879,202110,18,"50,000",7,2004,갈마로 262,,-,-
대전광역시 서구 내동,2,2,0,맑은아침,98.7079,202110,24,"62,900",25,2004,갈마로 262,,-,-
대전광역시 서구 내동,151,151,0,코오롱,70.13,202110,8,"25,800",9,1990,동서대로 967,,-,-
대전광역시 서구 내동,01월 17일,17,1,탑스빌,40.5672,202110,9,"11,000",13,2001,도산로253번길 75,,-,-
대전광역시 서구 도마동,205,205,0,경남1차,62.7,202110,13,"21,000",3,1984,배재로 134,,-,-
대전광역시 서구 도마동,211,211,0,경남2차,84.51,202110,7,"27,000",13,1986,배재로 155-7,,-,-
대전광역시 서구 도마동,211,211,0,경남2차,75.9,202110,8,"24,500",12,1986,배재로 155-7,,-,-
대전광역시 서구 도마동,211,211,0,경남3차,75.9,202110,15,"24,500",8,1986,배재로 155-7,,-,-
대전광역시 서구 도마동,193,193,0,경남4차,84.985,202110,19,"28,900",7,1990,배재로 155-26,,-,-
대전광역시 서구 도마동,214,214,0,경남5차,84.88,202110,22,"29,500",10,1990,배재로 139-65,,-,-
대전광역시 서구 도마동,38,38,0,삼정하이츠(38),84.81,202110,5,"14,800",5,1986,도마로37번길 36,,-,-
대전광역시 서구 도마동,359-20,359,20,양지타운,83.16,202110,2,"21,000",5,1992,배재로91번길 38-22,,-,-
대전광역시 서구 도마동,359-20,359,20,양지타운,54.51,202110,15,"9,700",3,1992,배재로91번길 83,,-,-
대전광역시 서구 도마동,359-20,359,20,양지타운,78.55,202110,18,"19,000",10,1992,배재로 107-30,,-,-
대전광역시 서구 도마동,180-2,180,2,효성타운,59.97,202110,2,"29,000",19,1997,도산로 11,,-,-
대전광역시 서구 도안동,965,965,0,금성백조예미지,84.9542,202110,11,"65,000",21,2012,도안북로 125,,-,-
대전광역시 서구 도안동,965,965,0,금성백조예미지,84.9542,202110,12,"67,500",20,2012,도안북로 125,,-,-
대전광역시 서구 도안동,1564,1564,0,도안18단지린풀하우스,84.984,202110,2,"75,000",30,2014,도안동로 77,,-,-
대전광역시 서구 도안동,1564,1564,0,도안18단지린풀하우스,78.8929,202110,8,"65,000",10,2014,도안동로 77,,-,-
대전광역시 서구 도안동,1564,1564,0,도안18단지린풀하우스,78.8929,202110,9,"69,500",20,2014,도안동로 77,,-,-
대전광역시 서구 도안동,1564,1564,0,도안18단지린풀하우스,70.4136,202110,11,"62,500",9,2014,도안동로 77,,-,-
대전광역시 서구 도안동,1373,1373,0,도안베르디움,84.9823,202110,10,"74,000",22,2014,원도안로 100,,-,-
대전광역시 서구 도안동,1373,1373,0,도안베르디움,84.9823,202110,22,"71,000",15,2014,원도안로 100,,-,-
대전광역시 서구 도안동,1364,1364,0,엘드수목토,84.9884,202110,8,"61,800",13,2010,도안동로 177,,-,-
대전광역시 서구 도안동,1364,1364,0,엘드수목토,84.9884,202110,19,"62,300",13,2010,도안동로 177,,-,-
대전광역시 서구 도안동,1362,1362,0,현대아이파크,84.973,202110,12,"79,000",10,2013,도안동로 183,,-,-
대전광역시 서구 둔산동,1805,1805,0,가람,122.73,202110,2,"93,000",1,1991,둔산북로 215,,-,-
대전광역시 서구 둔산동,1805,1805,0,가람,137.31,202110,5,"105,000",3,1991,둔산북로 215,,-,-
대전광역시 서구 둔산동,1141,1141,0,갤러리빌,49.47,202110,8,"13,400",7,2004,계룡로491번길 8,,-,-
대전광역시 서구 둔산동,1809,1809,0,국화신동아,92.35,202110,6,"76,000",7,1992,둔산로 201,,-,-
대전광역시 서구 둔산동,1809,1809,0,국화한신,114.7,202110,15,"93,000",6,1992,둔산로 201,,-,-
대전광역시 서구 둔산동,908-1,908,1,꿈나무,70.55,202110,27,"36,500",10,1994,청사로 253,,-,-
대전광역시 서구 둔산동,1204,1204,0,녹원,84.6,202110,5,"67,500",10,1994,둔산남로 30,,-,-
대전광역시 서구 둔산동,1204,1204,0,녹원,59.54,202110,21,"35,500",3,1994,둔산남로 30,,-,-
대전광역시 서구 둔산동,1204,1204,0,녹원,59.54,202110,22,"37,000",1,1994,둔산남로 30,,-,-
대전광역시 서구 둔산동,1088,1088,0,더팰리스,20.1872,202110,5,"7,300",9,2017,대덕대로195번길 63,,-,-
대전광역시 서구 둔산동,1088,1088,0,더팰리스,20.1872,202110,5,"7,300",8,2017,대덕대로195번길 63,,-,-
대전광역시 서구 둔산동,1088,1088,0,더팰리스,20.1872,202110,5,"7,500",5,2017,대덕대로195번길 63,,-,-
대전광역시 서구 둔산동,1088,1088,0,더팰리스,29.7555,202110,25,"11,200",5,2017,대덕대로195번길 63,,-,-
대전광역시 서구 둔산동,1116,1116,0,두운힐스,38.14,202110,16,"7,200",5,2003,대덕대로175번길 40,,-,-
대전광역시 서구 둔산동,1119,1119,0,메르하우젠,82.64,202110,7,"17,500",10,2004,대덕대로175번길 60,,-,-
대전광역시 서구 둔산동,908,908,0,샘머리2차,84.945,202110,21,"67,500",17,1998,청사로 281,,-,-
대전광역시 서구 둔산동,908,908,0,샘머리2차,84.945,202110,23,"64,000",7,1998,청사로 281,,-,-
대전광역시 서구 둔산동,908,908,0,샘머리2차,84.945,202110,23,"66,700",4,1998,청사로 281,,-,-
대전광역시 서구 둔산동,909,909,0,수정타운,71.7,202110,6,"42,000",13,1993,청사로 282,,-,-
대전광역시 서구 둔산동,909,909,0,수정타운,84.99,202110,8,"53,500",13,1993,청사로 282,,-,-
대전광역시 서구 둔산동,909,909,0,수정타운,71.7,202110,16,"41,000",15,1993,청사로 282,,-,-
대전광역시 서구 둔산동,909,909,0,수정타운,71.52,202110,18,"42,000",11,1993,청사로 282,,-,-
대전광역시 서구 둔산동,909,909,0,수정타운,71.52,202110,18,"47,000",5,1993,청사로 282,,-,-
대전광역시 서구 둔산동,909,909,0,수정타운,84.99,202110,22,"59,800",10,1993,청사로 282,,-,-
대전광역시 서구 둔산동,1263,1263,0,시티팰리스7차,18.9959,202110,2,"9,300",10,2017,둔산서로 33,,-,-
대전광역시 서구 둔산동,1203,1203,0,은하수,84.9,202110,1,"58,800",12,1994,둔산남로 15,,-,-
대전광역시 서구 둔산동,1509,1509,0,크로바,101.79,202110,23,"122,000",4,1992,둔산로 155,,-,-
대전광역시 서구 둔산동,957,957,0,파랑새,84.95,202110,6,"55,400",11,1995,둔지로 75,,-,-
대전광역시 서구 둔산동,1388,1388,0,한마루아파트,101.94,202110,12,"105,000",4,1992,둔산북로 160,,-,-
대전광역시 서구 둔산동,1388,1388,0,한마루아파트,101.94,202110,14,"84,000",1,1992,둔산북로 160,,-,-
대전광역시 서구 둔산동,1388,1388,0,한마루아파트,101.94,202110,18,"108,000",11,1992,둔산북로 160,,-,-
대전광역시 서구 둔산동,1388,1388,0,한마루아파트,101.94,202110,28,"98,000",7,1992,둔산북로 160,,-,-
대전광역시 서구 둔산동,970,970,0,향촌,62.1,202110,2,"36,000",5,1995,둔산로 15,,-,-
대전광역시 서구 둔산동,970,970,0,향촌,62.1,202110,6,"39,000",11,1995,둔산로 15,,-,-
대전광역시 서구 둔산동,970,970,0,향촌,84.42,202110,11,"52,000",6,1995,둔산로 15,,-,-
대전광역시 서구 만년동,01월 02일,1,2,강변,100,202110,2,"59,500",1,1996,만년로 25,,-,-
대전광역시 서구 만년동,01월 02일,1,2,강변,100,202110,23,"73,500",14,1996,만년로 25,,-,-
대전광역시 서구 만년동,281,281,0,상록수,59.88,202110,5,"37,000",6,1995,만년남로 8,,-,-
대전광역시 서구 만년동,281,281,0,상록수,59.88,202110,13,"33,500",8,1995,만년남로 8,,-,-
대전광역시 서구 만년동,281,281,0,상록수,59.88,202110,16,"37,500",5,1995,만년남로 8,,-,-
대전광역시 서구 만년동,371,371,0,시티팰리스,21.0328,202110,1,"10,500",10,2017,만년로68번길 58,,-,-
대전광역시 서구 만년동,371,371,0,시티팰리스,21.0328,202110,8,"10,500",8,2017,만년로68번길 58,,-,-
대전광역시 서구 만년동,01월 01일,1,1,초원,59.89,202110,2,"43,100",12,1993,만년로 45,,-,-
대전광역시 서구 만년동,01월 01일,1,1,초원,59.89,202110,7,"40,000",10,1993,만년로 45,,-,-
대전광역시 서구 만년동,01월 01일,1,1,초원,59.89,202110,13,"41,200",10,1993,만년로 45,,-,-
대전광역시 서구 변동,Apr-58,58,4,모닝빌,59.474,202110,1,"15,700",10,2009,도마로 59,,-,-
대전광역시 서구 변동,Apr-58,58,4,모닝빌,29.688,202110,5,"7,500",13,2009,도마로 59,,-,-
대전광역시 서구 변동,Jan-69,69,1,천일월드빌,59.9915,202110,8,"22,900",14,2002,유등로 343,,-,-
대전광역시 서구 변동,Jan-69,69,1,천일월드빌,84.5778,202110,26,"32,000",14,2002,유등로 343,,-,-
대전광역시 서구 변동,Feb-58,58,2,탑스빌,32.8225,202110,22,"6,200",7,2012,도마로57번길 16,,-,-
대전광역시 서구 변동,61-13,61,13,포도힐6차,30.3137,202110,18,"8,200",11,2014,도산로 161,,-,-
대전광역시 서구 변동,61-13,61,13,포도힐6차,30.1705,202110,20,"8,500",12,2014,도산로 161,,-,-
대전광역시 서구 변동,61-13,61,13,포도힐6차,30.3137,202110,27,"8,300",7,2014,도산로 161,,-,-
대전광역시 서구 복수동,275,275,0,계룡,63.36,202110,5,"20,800",2,1991,복수서로 10,,-,-
대전광역시 서구 복수동,275,275,0,계룡,63.36,202110,5,"20,000",2,1991,복수서로 10,,-,-
대전광역시 서구 복수동,1004,1004,0,복수센트럴자이,84.9244,202110,2,"64,500",1,2019,복수서로 15,,-,-
대전광역시 서구 복수동,1004,1004,0,복수센트럴자이,59.984,202110,27,"44,500",2,2019,복수서로 15,,-,-
대전광역시 서구 복수동,274-1,274,1,삼익목화,125.85,202110,10,"40,500",6,1993,복수북로 51,,-,-
대전광역시 서구 복수동,274-1,274,1,삼익목화,84.54,202110,15,"31,500",16,1993,복수중로 38,,-,-
대전광역시 서구 복수동,274-1,274,1,삼익목화,59.4,202110,20,"18,500",1,1993,복수서로 50,,-,-
대전광역시 서구 복수동,280,280,0,삼익목화2,59.915,202110,8,"24,500",13,1998,복수북로 42,,-,-
대전광역시 서구 복수동,270-1,270,1,오량마을마루미(그린채),84.9596,202110,13,"42,500",8,2006,복수중로 30,,-,-
대전광역시 서구 복수동,576,576,0,초록마을5단지,76.609,202110,2,"32,750",13,2005,유등로17번길 109,,-,-
대전광역시 서구 복수동,576,576,0,초록마을5단지,84.9655,202110,16,"32,500",15,2005,유등로17번길 109,,-,-
대전광역시 서구 복수동,576,576,0,초록마을5단지,76.609,202110,18,"30,700",1,2005,유등로17번길 109,,-,-
대전광역시 서구 복수동,612,612,0,현진에버빌,84.9806,202110,18,"47,500",11,2005,복수동로 21-20,,-,-
대전광역시 서구 용문동,255-7,255,7,용문동리베라아이누리아파트(1단지),84.9963,202110,6,"40,500",2,2006,계룡로686번길 18,,-,-
대전광역시 서구 용문동,255-7,255,7,용문동리베라아이누리아파트(1단지),84.9963,202110,7,"43,000",8,2006,계룡로686번길 18,,-,-
대전광역시 서구 용문동,285-3,285,3,한마음,34.944,202110,19,"6,500",14,2000,괴정로 203,,-,-
대전광역시 서구 용문동,285-3,285,3,한마음,34.944,202110,21,"6,250",2,2000,괴정로 203,,-,-
대전광역시 서구 용문동,213-6,213,6,현대에코타운,63.965,202110,1,"33,000",5,2019,도산로452번길 17,,-,-
대전광역시 서구 용문동,213-6,213,6,현대에코타운,56.66,202110,12,"31,000",7,2019,도산로452번길 17,,-,-
대전광역시 서구 월평동,509,509,0,갤러리빌8차,18.9398,202110,11,"4,500",11,2012,한밭대로570번길 29-4,,-,-
대전광역시 서구 월평동,509,509,0,갤러리빌8차,20.1058,202110,15,"4,800",11,2012,한밭대로570번길 29-4,,-,-
대전광역시 서구 월평동,301,301,0,누리,101.88,202110,8,"79,000",9,1994,청사로 70,,-,-
대전광역시 서구 월평동,301,301,0,누리,101.88,202110,16,"80,000",11,1994,청사로 70,,-,-
대전광역시 서구 월평동,311,311,0,다모아,63.24,202110,8,"39,000",14,1994,월평동로 83,,-,-
대전광역시 서구 월평동,311,311,0,다모아,84.36,202110,12,"50,900",11,1994,월평동로 83,,-,-
대전광역시 서구 월평동,266-1,266,1,샛별,84.78,202110,2,"53,700",14,1993,청사서로 29,,-,-
대전광역시 서구 월평동,02월 18일,18,2,월평타운,84.895,202110,19,"26,000",1,1994,계룡로264번길 4,,-,-
대전광역시 서구 월평동,218-7,218,7,주공2단지(은뜰아파트),41.85,202110,1,"19,000",6,1993,월평북로 13,,-,-
대전광역시 서구 월평동,218-7,218,7,주공2단지(은뜰아파트),41.85,202110,1,"19,500",2,1993,월평북로 13,,-,-
대전광역시 서구 월평동,218-7,218,7,주공2단지(은뜰아파트),41.85,202110,5,"16,500",1,1993,월평북로 13,,-,-
대전광역시 서구 월평동,218-7,218,7,주공2단지(은뜰아파트),41.85,202110,23,"22,000",5,1993,월평북로 13,,-,-
대전광역시 서구 월평동,312-1,312,1,진달래,84.57,202110,12,"51,000",14,1995,월평동로 45,,-,-
대전광역시 서구 월평동,312-1,312,1,진달래,84.57,202110,14,"52,500",6,1995,월평동로 45,,-,-
대전광역시 서구 월평동,312-1,312,1,진달래,84.57,202110,23,"48,000",4,1995,월평동로 45,,-,-
대전광역시 서구 월평동,312-1,312,1,진달래,84.57,202110,26,"49,800",3,1995,월평동로 45,,-,-
대전광역시 서구 월평동,311-1,311,1,하나로,59.76,202110,5,"31,900",14,1993,청사로 5,,-,-
대전광역시 서구 월평동,311-1,311,1,하나로,59.76,202110,16,"29,850",15,1993,청사로 5,,-,-
대전광역시 서구 월평동,311-1,311,1,하나로,51.03,202110,27,"26,700",13,1993,청사로 5,,-,-
대전광역시 서구 월평동,222,222,0,한아름,123.87,202110,8,"77,600",13,1994,청사서로 65,,-,-
대전광역시 서구 월평동,302,302,0,황실타운,84.98,202110,1,"50,000",4,1994,청사로 65,,-,-
대전광역시 서구 월평동,302,302,0,황실타운,84.93,202110,2,"51,000",4,1994,청사로 65,,-,-
대전광역시 서구 월평동,302,302,0,황실타운,84.93,202110,7,"53,400",12,1994,청사로 65,,-,-
대전광역시 서구 월평동,302,302,0,황실타운,65.76,202110,14,"47,000",14,1994,청사로 65,,-,-
대전광역시 서구 월평동,302,302,0,황실타운,84.93,202110,22,"54,000",6,1994,청사로 65,,-,-
대전광역시 서구 월평동,302,302,0,황실타운,84.93,202110,23,"54,000",11,1994,청사로 65,,-,-
대전광역시 서구 월평동,302,302,0,황실타운,84.93,202110,23,"55,000",12,1994,청사로 65,,-,-
대전광역시 서구 정림동,641,641,0,강변들보람,59.94,202110,19,"19,000",5,1996,정림서로 162-18,,-,-
대전광역시 서구 정림동,641,641,0,강변들보람,73.32,202110,28,"22,000",11,1996,정림서로 162-18,,-,-
대전광역시 서구 정림동,641-1,641,1,늘푸른,40.716,202110,7,"8,550",3,1996,정림로 11,,-,-
대전광역시 서구 정림동,642,642,0,백목련,49.14,202110,1,"12,000",7,1992,정림서로138번길 21,,-,-
대전광역시 서구 정림동,642,642,0,백목련,49.14,202110,20,"12,700",12,1992,정림서로138번길 21,,-,-
대전광역시 서구 정림동,290-1,290,1,삼정하이츠,84.98,202110,9,"26,000",5,1992,정림서로 114,,-,-
대전광역시 서구 정림동,290-1,290,1,삼정하이츠,56.655,202110,26,"13,900",1,1992,정림서로 114,,-,-
대전광역시 서구 정림동,584,584,0,우성,84.935,202110,2,"28,200",4,1993,정림로 55,,-,-
대전광역시 서구 정림동,584,584,0,우성,84.935,202110,2,"27,500",3,1993,정림로 55,,-,-
대전광역시 서구 정림동,584,584,0,우성,84.935,202110,9,"29,300",2,1993,정림로 55,,-,-
대전광역시 서구 정림동,584,584,0,우성,84.935,202110,11,"29,900",1,1993,정림로 55,,-,-
대전광역시 서구 정림동,584,584,0,우성,84.935,202110,16,"30,000",15,1993,정림로 55,,-,-
대전광역시 서구 정림동,584,584,0,우성,84.935,202110,16,"29,500",4,1993,정림로 55,,-,-
대전광역시 서구 정림동,584,584,0,우성,59.69,202110,16,"18,300",1,1993,정림로 55,,-,-
대전광역시 서구 정림동,584,584,0,우성,84.935,202110,19,"31,000",13,1993,정림로 55,,-,-
대전광역시 서구 정림동,584,584,0,우성,84.935,202110,19,"31,000",13,1993,정림로 55,20211103,-,-
대전광역시 서구 정림동,584,584,0,우성,59.69,202110,23,"20,000",2,1993,정림로 55,,-,-
대전광역시 서구 정림동,584,584,0,우성,162.025,202110,29,"44,500",10,1993,정림로 55,,-,-
대전광역시 서구 정림동,124-4,124,4,정든,84.9,202110,18,"17,000",1,1999,정림로66번길 30,,-,-
대전광역시 서구 정림동,409,409,0,정림,45.495,202110,8,"10,000",2,1988,정림서로 203-9,,-,-
대전광역시 서구 정림동,409,409,0,정림,45.495,202110,23,"8,700",2,1988,정림서로 203-9,,-,-
대전광역시 서구 정림동,717,717,0,평화로운아파트,51.673,202110,1,"14,600",7,2016,구봉로 451,,-,-
대전광역시 서구 탄방동,626,626,0,개나리,59.4,202110,2,"28,000",3,1994,문정로10번길 39,,-,-
대전광역시 서구 탄방동,626,626,0,개나리,84.84,202110,9,"48,250",9,1994,문정로10번길 39,,-,-
대전광역시 서구 탄방동,835,835,0,공작한양,72.99,202110,2,"48,500",5,1992,문정로 131,,-,-
대전광역시 서구 탄방동,835,835,0,공작한양,84.9,202110,13,"65,000",11,1992,문정로 131,,-,-
대전광역시 서구 탄방동,636,636,0,리베라스위트빌Ⅱ,25.4225,202110,7,"5,200",3,2004,문정로2번길 33,,-,-
대전광역시 서구 탄방동,636,636,0,리베라스위트빌Ⅱ,39.09,202110,13,"8,850",5,2004,문정로2번길 33,,-,-
대전광역시 서구 탄방동,641,641,0,메이저타운,62.1725,202110,4,"14,200",3,2004,문정로40번길 64,,-,-
대전광역시 서구 탄방동,610,610,0,시티빌1차,59.435,202110,20,"16,000",11,2004,계룡로509번길 7,,-,-
대전광역시 서구 탄방동,638,638,0,시티빌3차,39,202110,13,"8,200",12,2005,문정로2번길 51,,-,-
대전광역시 서구 탄방동,674,674,0,시티빌4차,58.85,202110,5,"15,600",6,2004,문정로2번길 109,,-,-
대전광역시 서구 탄방동,635,635,0,시티빌Ⅱ,48.5385,202110,18,"10,000",10,2003,문정로2번길 25,,-,-
대전광역시 서구 탄방동,779,779,0,위즈,62.6135,202110,8,"19,900",2,2005,계룡로583번길 55,,-,-
대전광역시 서구 탄방동,778,778,0,젠트리움,83.98,202110,30,"27,000",8,2006,계룡로583번길 49,,-,-
대전광역시 서구 탄방동,792,792,0,타워렉스,140.35,202110,20,"49,000",11,2006,문정로 96,,-,-
대전광역시 서구 탄방동,675,675,0,탑스빌,59.435,202110,13,"18,000",5,2003,문정로2번길 113,,-,-
대전광역시 서구 탄방동,834,834,0,한가람,59.76,202110,13,"43,900",15,1991,문예로 16,,-,-
대전광역시 서구 탄방동,834,834,0,한가람,39.6,202110,16,"27,700",7,1991,문예로 16,,-,-
대전광역시 서구 탄방동,834,834,0,한가람,39.6,202110,23,"23,000",2,1991,문예로 16,,-,-
대전광역시 유성구 가정동,277,277,0,도룡포레미소지움,61.9804,202110,4,"50,000",2,2020,대덕대로541번길 99,,-,-
대전광역시 유성구 계산동,749,749,0,계룡리슈빌(학의뜰),128.541,202110,16,"73,950",14,2011,학하로 33,,-,-
대전광역시 유성구 계산동,721,721,0,오투그란데,119.3319,202110,16,"68,000",23,2011,학하남로 10,,-,-
대전광역시 유성구 계산동,721,721,0,오투그란데,119.3319,202110,16,"68,000",22,2011,학하남로 10,,-,-
대전광역시 유성구 계산동,721,721,0,오투그란데,92.8921,202110,26,"51,000",4,2011,학하남로 10,,-,-
대전광역시 유성구 계산동,722,722,0,오투그란데리빙포레아파트,84.8953,202110,17,"61,200",22,2018,학하중앙로 99,,-,-
대전광역시 유성구 관평동,892,892,0,금성백조예미지7단지아파트,101.863,202110,9,"82,500",8,2007,관평1로 12,,-,-
대전광역시 유성구 관평동,896,896,0,금성백조예미지8단지,101.863,202110,1,"80,500",9,2007,배울2로 3,,-,-
대전광역시 유성구 관평동,896,896,0,금성백조예미지8단지,84.9363,202110,1,"62,500",4,2007,배울2로 3,,-,-
대전광역시 유성구 관평동,896,896,0,금성백조예미지8단지,84.9363,202110,9,"67,800",4,2007,배울2로 3,,-,-
대전광역시 유성구 관평동,669,669,0,신동아파밀리에,100.4459,202110,2,"64,000",6,2006,배울2로 42,,-,-
대전광역시 유성구 관평동,669,669,0,신동아파밀리에,84.9704,202110,2,"58,800",13,2006,배울2로 42,,-,-
대전광역시 유성구 관평동,669,669,0,신동아파밀리에,84.9622,202110,2,"56,500",22,2006,배울2로 42,,-,-
대전광역시 유성구 관평동,669,669,0,신동아파밀리에,84.9622,202110,19,"53,700",11,2006,배울2로 42,,-,-
대전광역시 유성구 관평동,669,669,0,신동아파밀리에,69.8937,202110,30,"52,000",7,2006,배울2로 42,,-,-
대전광역시 유성구 관평동,672,672,0,운암네오미아,84.45,202110,4,"57,000",18,2006,배울2로 78,,-,-
대전광역시 유성구 관평동,672,672,0,운암네오미아,84.45,202110,6,"57,000",7,2006,배울2로 78,,-,-
대전광역시 유성구 관평동,672,672,0,운암네오미아,100,202110,16,"64,000",1,2006,배울2로 78,,-,-
대전광역시 유성구 관평동,664,664,0,한화꿈에그린1차,84.654,202110,1,"48,500",4,2006,배울2로 6,,-,-
대전광역시 유성구 관평동,664,664,0,한화꿈에그린1차,84.654,202110,2,"51,500",11,2006,배울2로 6,,-,-
대전광역시 유성구 관평동,898,898,0,한화꿈에그린2차,128.9588,202110,7,"86,000",15,2008,배울2로 19,,-,-
대전광역시 유성구 관평동,1280,1280,0,한화꿈에그린3차,84.654,202110,8,"75,000",11,2008,배울2로 61,,-,-
대전광역시 유성구 관평동,1280,1280,0,한화꿈에그린3차,114.781,202110,8,"84,700",1,2008,배울2로 61,,-,-
대전광역시 유성구 관평동,1280,1280,0,한화꿈에그린3차,114.781,202110,15,"84,500",2,2008,배울2로 61,,-,-
대전광역시 유성구 관평동,1280,1280,0,한화꿈에그린3차,114.781,202110,15,"94,500",13,2008,배울2로 61,,-,-
대전광역시 유성구 교촌동,616,616,0,미메이드,84.9351,202110,9,"48,900",20,2006,진잠로149번길 30,,-,-
대전광역시 유성구 교촌동,616,616,0,미메이드,84.9351,202110,11,"41,000",2,2006,진잠로149번길 30,,-,-
대전광역시 유성구 교촌동,616,616,0,미메이드,84.9351,202110,12,"43,000",7,2006,진잠로149번길 30,,-,-
대전광역시 유성구 교촌동,616,616,0,미메이드,84.9351,202110,16,"41,800",5,2006,진잠로149번길 30,,-,-
대전광역시 유성구 교촌동,616,616,0,미메이드,84.9351,202110,19,"43,500",17,2006,진잠로149번길 30,,-,-
대전광역시 유성구 구암동,600-2,600,2,삼정하이츠,56.7,202110,7,"24,200",3,1991,유성대로668번길 29,,-,-
대전광역시 유성구 구암동,611-31,611,31,스카이뷰리브,48.1567,202110,18,"16,800",2,2019,도안대로549번길 60,,-,-
대전광역시 유성구 구암동,609-2,609,2,우성햇살,84.9737,202110,7,"28,000",7,1993,계룡로60번길 86,,-,-
대전광역시 유성구 구암동,600-1,600,1,조선,36.54,202110,19,"12,100",3,1997,유성대로680번길 18,,-,-
대전광역시 유성구 구암동,627-1,627,1,초롱마을,59.34,202110,6,"24,800",12,1995,월드컵대로253번길 37,,-,-
대전광역시 유성구 궁동,393-3,393,3,자연,59.988,202110,22,"17,000",14,1998,궁동로 49,,-,-
대전광역시 유성구 노은동,553-8,553,8,노은스타돔,71.6995,202110,23,"17,500",6,2005,노은로 71,,-,-
대전광역시 유성구 노은동,520-1,520,1,열매마을8단지(계룡새미래),99.902,202110,14,"81,300",9,2001,은구비남로 34,,-,-
대전광역시 유성구 노은동,521,521,0,열매마을9단지(금성백조),84.9761,202110,16,"45,400",12,2002,은구비남로 56,,-,-
대전광역시 유성구 대정동,316-1,316,1,드리움1단지,84.65,202110,2,"34,750",13,2004,대정로28번길 50,,-,-
대전광역시 유성구 대정동,316-1,316,1,드리움1단지,59.73,202110,8,"26,000",10,2004,대정로28번길 50,,-,-
대전광역시 유성구 대정동,317-1,317,1,드리움2단지,74.16,202110,2,"29,000",3,2006,대정로28번안길 80,,-,-
대전광역시 유성구 대정동,317-1,317,1,드리움2단지,84.76,202110,8,"38,300",8,2006,대정로28번안길 80,,-,-
대전광역시 유성구 대정동,317-1,317,1,드리움2단지,84.76,202110,17,"35,500",4,2006,대정로28번안길 80,,-,-
대전광역시 유성구 덕명동,528,528,0,하우스토리네오미아,126.8524,202110,1,"58,000",15,2010,덕명로 63,,-,-
대전광역시 유성구 덕명동,528,528,0,하우스토리네오미아,101.8887,202110,12,"54,000",16,2010,덕명로 63,,-,-
대전광역시 유성구 도룡동,04월 06일,4,6,스마트시티2단지,101.9847,202110,9,"168,500",11,2008,엑스포로123번길 65-38,,-,-
대전광역시 유성구 도룡동,04월 06일,4,6,스마트시티2단지,134.9654,202110,12,"170,000",29,2008,엑스포로123번길 65-38,,-,-
대전광역시 유성구 도룡동,399-22,399,22,스타빌플러스,22.41,202110,5,"15,284",8,2019,대덕대로 524,,-,-
대전광역시 유성구 문지동,657,657,0,문지효성해링턴플레이스,84.922,202110,1,"78,000",3,2017,문지로 300,,-,-
대전광역시 유성구 문지동,657,657,0,문지효성해링턴플레이스,59.973,202110,5,"50,000",10,2017,문지로 300,,-,-
대전광역시 유성구 문지동,657,657,0,문지효성해링턴플레이스,59.957,202110,9,"60,000",9,2017,문지로 300,,-,-
대전광역시 유성구 반석동,622,622,0,반석마을5단지(금성백조예미지),132.0577,202110,5,"99,000",24,2005,반석동로 33,,-,-
대전광역시 유성구 반석동,622,622,0,반석마을5단지(금성백조예미지),101.986,202110,13,"89,800",18,2005,반석동로 33,,-,-
대전광역시 유성구 반석동,613,613,0,반석마을6단지(삼부르네상스2단지),84.976,202110,14,"64,500",10,2005,반석서로 98,,-,-
대전광역시 유성구 반석동,613,613,0,반석마을6단지(삼부르네상스2단지),84.976,202110,15,"63,700",14,2005,반석서로 98,,-,-
대전광역시 유성구 반석동,612,612,0,반석마을7단지(삼부르네상스1단지),84.903,202110,8,"52,300",1,2004,반석서로 109,,-,-
대전광역시 유성구 봉명동,553-2,553,2,CJ나인파크,165.315,202110,2,"69,100",16,2008,계룡로 92,,-,-
대전광역시 유성구 봉명동,624-2,624,2,나이스팰리스,26.7592,202110,2,"8,500",3,2016,온천북로33번길 35-17,,-,-
대전광역시 유성구 봉명동,536-10,536,10,노블레스타워,96.04,202110,1,"28,000",5,2006,대학로 34,,-,-
대전광역시 유성구 봉명동,536-10,536,10,노블레스타워,103.77,202110,23,"32,000",7,2006,대학로 34,,-,-
대전광역시 유성구 봉명동,692-1,692,1,노블레스투,59.886,202110,5,"14,000",7,2005,온천동로65번길 39,,-,-
대전광역시 유성구 봉명동,692-1,692,1,노블레스투,59.886,202110,14,"13,500",11,2005,온천동로65번길 39,,-,-
대전광역시 유성구 봉명동,692-1,692,1,노블레스투,84.75,202110,15,"18,000",12,2005,온천동로65번길 39,,-,-
대전광역시 유성구 봉명동,692-1,692,1,노블레스투,84.75,202110,18,"19,000",3,2005,온천동로65번길 39,,-,-
대전광역시 유성구 봉명동,666-1,666,1,더그린,22.2112,202110,5,"8,800",13,2017,문화원로 141,,-,-
대전광역시 유성구 봉명동,1036,1036,0,도안6단지 센트럴시티,84.64,202110,12,"65,500",17,2010,봉명로 93,,-,-
대전광역시 유성구 봉명동,1037,1037,0,도안신도시7단지예미지백조의호수,84.8411,202110,2,"81,000",5,2014,봉명로 94,,-,-
대전광역시 유성구 봉명동,1037,1037,0,도안신도시7단지예미지백조의호수,84.9134,202110,11,"82,000",18,2014,봉명로 94,,-,-
대전광역시 유성구 봉명동,640-6,640,6,라온팰리스,29.968,202110,1,"10,000",6,2019,문화원로 117,,-,-
대전광역시 유성구 봉명동,640-6,640,6,라온팰리스,29.968,202110,13,"7,001",10,2019,문화원로 117,,-,-
대전광역시 유성구 봉명동,640-6,640,6,라온팰리스,29.64,202110,15,"7,000",7,2019,문화원로 117,,-,-
대전광역시 유성구 봉명동,640-6,640,6,라온팰리스,29.64,202110,22,"5,000",10,2019,문화원로 117,,-,-
대전광역시 유성구 봉명동,447-6,447,6,레자미3차,14.1318,202110,1,"4,900",10,2013,계룡로 84,,-,-
대전광역시 유성구 봉명동,447-6,447,6,레자미3차,14.8422,202110,7,"4,975",13,2013,계룡로 84,,-,-
대전광역시 유성구 봉명동,617-3,617,3,레자미멀티홈,84.9976,202110,1,"37,000",14,2016,온천북로 7,,-,-
대전광역시 유성구 봉명동,448-5,448,5,리베라아이누리,28.6579,202110,18,"7,970",9,2011,계룡로74번길 20,,-,-
대전광역시 유성구 봉명동,445-4,445,4,리베라아이누리2,41.3928,202110,25,"16,000",15,2013,온천로 26,,-,-
대전광역시 유성구 봉명동,1021,1021,0,베르디움,84.9317,202110,8,"87,500",3,2014,도안동로 523,,-,-
대전광역시 유성구 봉명동,607-3,607,3,스카이뷰로드,43.763,202110,12,"16,600",12,2015,대학로 45,,-,-
대전광역시 유성구 봉명동,640-4,640,4,스카이뷰리버,26.7065,202110,4,"8,300",10,2016,문화원로 111,,-,-
대전광역시 유성구 봉명동,640-4,640,4,스카이뷰리버,26.7065,202110,26,"9,200",12,2016,문화원로 111,,-,-
대전광역시 유성구 봉명동,640-4,640,4,스카이뷰리버,19.2108,202110,26,"9,000",6,2016,문화원로 111,,-,-
대전광역시 유성구 봉명동,640-4,640,4,스카이뷰리버,19.2108,202110,28,"8,550",8,2016,문화원로 111,,-,-
대전광역시 유성구 봉명동,615-2,615,2,스카이뷰시티,28.0783,202110,25,"9,900",7,2018,온천북로13번길 21,,-,-
대전광역시 유성구 봉명동,607-4,607,4,앤터팰리스1차,25.3661,202110,1,"10,600",19,2019,대학로 39-1,,-,-
대전광역시 유성구 봉명동,441-11,441,11,온천훼미리타운,65.1479,202110,12,"11,200",5,2005,온천서로 22-9,,-,-
대전광역시 유성구 봉명동,466-2,466,2,유성세움펠리피아주상복합,84.9786,202110,12,"34,500",6,2014,계룡로52번길 11,,-,-
대전광역시 유성구 봉명동,466-2,466,2,유성세움펠리피아주상복합,84.956,202110,21,"34,500",6,2014,계룡로52번길 11,,-,-
대전광역시 유성구 봉명동,469-46,469,46,유성자이,102.31,202110,14,"55,000",6,2010,계룡로 55,,-,-
대전광역시 유성구 봉명동,469-46,469,46,유성자이,102.31,202110,19,"55,000",11,2010,계룡로 55,,-,-
대전광역시 유성구 봉명동,540-18,540,18,좋은하루3차,18.458,202110,8,"7,000",9,2013,온천로107번길 15,,-,-
대전광역시 유성구 봉명동,692-6,692,6,투유1,43.38,202110,30,"7,400",5,2004,온천북로 73,,-,-
대전광역시 유성구 봉명동,540-8,540,8,해나래,23.7806,202110,16,"11,800",10,2020,온천로107번길 19,,-,-
대전광역시 유성구 봉산동,295,295,0,하늘바람휴먼시아,84.92,202110,8,"40,500",25,2009,와룡로136번길 15,,-,-
대전광역시 유성구 봉산동,295,295,0,하늘바람휴먼시아,84.91,202110,14,"39,500",7,2009,와룡로136번길 15,,-,-
대전광역시 유성구 봉산동,295,295,0,하늘바람휴먼시아,84.91,202110,14,"39,000",22,2009,와룡로136번길 15,,-,-
대전광역시 유성구 상대동,445,445,0,목련1,84.98,202110,7,"35,500",1,2000,월드컵대로290번길 39,,-,-
대전광역시 유성구 상대동,487,487,0,트리풀시티,119.03,202110,2,"126,000",15,2011,상대남로 26,,-,-
대전광역시 유성구 상대동,487,487,0,트리풀시티,119.77,202110,12,"133,900",17,2011,상대남로 26,20211025,-,-
대전광역시 유성구 상대동,487,487,0,트리풀시티,101.99,202110,15,"105,000",23,2011,상대남로 26,,-,-
대전광역시 유성구 상대동,464,464,0,트리풀시티(5단지),84.89,202110,9,"82,000",11,2014,상대로 16,,-,-
대전광역시 유성구 상대동,464,464,0,트리풀시티(5단지),84.89,202110,13,"82,000",11,2014,상대로 16,,-,-
대전광역시 유성구 상대동,464,464,0,트리풀시티(5단지),84.95,202110,15,"73,000",15,2014,상대로 16,,-,-
대전광역시 유성구 상대동,464,464,0,트리풀시티(5단지),84.89,202110,15,"77,000",7,2014,상대로 16,,-,-
대전광역시 유성구 상대동,464,464,0,트리풀시티(5단지),84.89,202110,25,"77,000",6,2014,상대로 16,,-,-
대전광역시 유성구 송강동,199,199,0,송강그린,59.914,202110,1,"19,800",2,1996,구즉로 25,,-,-
대전광역시 유성구 송강동,199,199,0,송강그린,59.914,202110,4,"25,000",11,1996,구즉로 25,,-,-
대전광역시 유성구 송강동,199,199,0,송강그린,59.914,202110,9,"23,000",11,1996,구즉로 25,,-,-
대전광역시 유성구 송강동,199,199,0,송강그린,84.996,202110,27,"30,000",5,1996,구즉로 25,,-,-
대전광역시 유성구 송강동,10월 03일,10,3,송강마을2,49.5,202110,6,"17,400",8,1994,봉산로 39,,-,-
대전광역시 유성구 송강동,10월 03일,10,3,송강마을2,49.5,202110,13,"18,000",5,1994,봉산로 39,,-,-
대전광역시 유성구 송강동,10월 03일,10,3,송강마을2,49.5,202110,19,"14,000",15,1994,봉산로 39,,-,-
대전광역시 유성구 송강동,10월 03일,10,3,송강마을2,49.5,202110,23,"16,800",1,1994,봉산로 39,,-,-
대전광역시 유성구 송강동,10월 03일,10,3,송강마을2,49.5,202110,26,"16,700",1,1994,봉산로 39,,-,-
대전광역시 유성구 송강동,08월 02일,8,2,청솔뉴서울,59.2925,202110,7,"22,800",12,1995,송강로42번길 61,,-,-
대전광역시 유성구 송강동,08월 02일,8,2,청솔뉴서울,59.2925,202110,9,"20,500",14,1995,송강로42번길 61,,-,-
대전광역시 유성구 송강동,08월 02일,8,2,청솔뉴서울,59.2925,202110,14,"21,900",7,1995,송강로42번길 61,,-,-
대전광역시 유성구 송강동,08월 02일,8,2,청솔신호,59.2925,202110,12,"21,000",8,1995,송강로42번길 61,,-,-
대전광역시 유성구 송강동,200-4,200,4,한마을,132.67,202110,2,"46,900",14,1999,구즉로 16,,-,-
대전광역시 유성구 송강동,200-4,200,4,한마을,84.88,202110,2,"38,800",7,1999,구즉로 16,,-,-
대전광역시 유성구 송강동,200-4,200,4,한마을,132.67,202110,6,"49,000",14,1999,구즉로 16,,-,-
대전광역시 유성구 송강동,200-4,200,4,한마을,84.88,202110,11,"35,800",1,1999,구즉로 16,,-,-
대전광역시 유성구 송강동,200-4,200,4,한마을,84.88,202110,23,"38,400",14,1999,구즉로 16,,-,-
대전광역시 유성구 송강동,200-4,200,4,한마을,84.88,202110,23,"39,800",8,1999,구즉로 16,,-,-
대전광역시 유성구 송강동,200-1,200,1,한솔(계룡),58.74,202110,8,"20,000",7,1995,송강로 15,,-,-
대전광역시 유성구 송강동,200-1,200,1,한솔(태영),84.94,202110,9,"26,000",4,1995,송강로 15,,-,-
대전광역시 유성구 송강동,200-1,200,1,한솔(태영),58.74,202110,14,"20,500",5,1995,송강로 15,,-,-
대전광역시 유성구 송강동,200-1,200,1,한솔(태영),58.74,202110,26,"19,000",1,1995,송강로 15,,-,-
대전광역시 유성구 신성동,152-1,152,1,대림두레,84.945,202110,7,"41,000",13,1993,가정로 65,,-,-
대전광역시 유성구 신성동,152-1,152,1,대림두레,71.685,202110,14,"32,200",14,1993,가정로 65,,-,-
대전광역시 유성구 신성동,152-1,152,1,대림두레,71.685,202110,26,"31,400",13,1993,가정로 65,,-,-
대전광역시 유성구 어은동,99,99,0,한빛,84.93,202110,1,"51,600",14,1992,어은로 57,,-,-
대전광역시 유성구 어은동,99,99,0,한빛,142.69,202110,5,"80,000",6,1992,어은로 57,,-,-
대전광역시 유성구 어은동,99,99,0,한빛,71.95,202110,18,"42,500",8,1992,어은로 57,,-,-
대전광역시 유성구 어은동,99,99,0,한빛,84.93,202110,29,"45,000",3,1992,어은로 57,,-,-
대전광역시 유성구 용산동,716,716,0,경남아너스빌1단지,163.786,202110,21,"107,500",1,2008,용산2로 30,,-,-
대전광역시 유성구 용산동,666,666,0,우림루미아트,140.0425,202110,2,"92,300",11,2007,배울1로 119,,-,-
대전광역시 유성구 원내동,394,394,0,샘물타운,84.94,202110,5,"32,400",6,1996,원내로 52,,-,-
대전광역시 유성구 원내동,357,357,0,신우한아름,84.99,202110,8,"33,200",3,1998,진잠로42번길 30,,-,-
대전광역시 유성구 원내동,357,357,0,신우한아름,84.99,202110,11,"25,000",7,1998,진잠로42번길 30,,-,-
대전광역시 유성구 원내동,357,357,0,신우한아름,60,202110,28,"23,700",12,1998,진잠로42번길 30,,-,-
대전광역시 유성구 원내동,383,383,0,진잠타운,59.996,202110,2,"20,000",6,1995,진잠로42번길 88,,-,-
대전광역시 유성구 원내동,383,383,0,진잠타운,49.5,202110,4,"15,000",15,1995,진잠로42번길 88,,-,-
대전광역시 유성구 원내동,383,383,0,진잠타운,49.5,202110,4,"14,800",9,1995,진잠로42번길 88,,-,-
대전광역시 유성구 원내동,383,383,0,진잠타운,59.996,202110,5,"22,000",13,1995,진잠로42번길 88,,-,-
대전광역시 유성구 원내동,383,383,0,진잠타운,49.5,202110,8,"14,500",15,1995,진잠로42번길 88,,-,-
대전광역시 유성구 원내동,383,383,0,진잠타운,59.996,202110,9,"21,000",11,1995,진잠로42번길 88,,-,-
대전광역시 유성구 원내동,383,383,0,진잠타운,59.996,202110,13,"19,500",14,1995,진잠로42번길 88,,-,-
대전광역시 유성구 원내동,383,383,0,진잠타운,59.996,202110,14,"21,000",3,1995,진잠로42번길 88,,-,-
대전광역시 유성구 원내동,383,383,0,진잠타운,49.5,202110,16,"16,000",3,1995,진잠로42번길 88,,-,-
대전광역시 유성구 원내동,383,383,0,진잠타운,49.5,202110,20,"16,500",13,1995,진잠로42번길 88,,-,-
대전광역시 유성구 원신흥동,529,529,0,어울림하트,84.49,202110,2,"50,000",12,2011,동서대로 725,,-,-
대전광역시 유성구 원신흥동,529,529,0,어울림하트,84.49,202110,11,"78,000",15,2011,동서대로 725,,-,-
대전광역시 유성구 원신흥동,529,529,0,어울림하트,84.47,202110,12,"69,000",15,2011,동서대로 725,,-,-
대전광역시 유성구 원신흥동,529,529,0,어울림하트,84.49,202110,16,"75,000",16,2011,동서대로 725,,-,-
대전광역시 유성구 장대동,344,344,0,드림월드,84.7352,202110,2,"49,000",3,2002,문화원로 13,,-,-
대전광역시 유성구 장대동,344,344,0,드림월드,99.0063,202110,5,"47,000",2,2002,문화원로 13,,-,-
대전광역시 유성구 장대동,323-2,323,2,월드컵패밀리타운,125.7427,202110,1,"61,300",11,2002,유성대로783번길 38,,-,-
대전광역시 유성구 장대동,479,479,0,장대푸르지오,84.9129,202110,14,"56,000",3,2006,장대로71번길 34,,-,-
대전광역시 유성구 장대동,479,479,0,장대푸르지오,150.5898,202110,14,"75,000",1,2006,장대로71번길 34,,-,-
대전광역시 유성구 장대동,284-2,284,2,천용아이빌,39.68,202110,6,"35,000",8,2003,유성대로730번길 78,,-,-
대전광역시 유성구 장대동,284-2,284,2,천용아이빌,28.91,202110,15,"29,500",8,2003,유성대로730번길 78,,-,-
대전광역시 유성구 전민동,462-4,462,4,나래,84.87,202110,13,"40,000",6,1994,엑스포로 501,,-,-
대전광역시 유성구 전민동,462-4,462,4,나래,84.87,202110,30,"39,000",12,1994,엑스포로 501,,-,-
대전광역시 유성구 전민동,460-1,460,1,삼성푸른,84.87,202110,13,"41,000",11,1993,전민로 71,,-,-
대전광역시 유성구 전민동,460-1,460,1,삼성푸른,84.87,202110,21,"44,000",13,1993,전민로 71,,-,-
대전광역시 유성구 전민동,462-5,462,5,세종,84.83,202110,2,"39,200",15,1994,유성대로 1741,,-,-
대전광역시 유성구 전민동,462-5,462,5,세종,75.29,202110,13,"30,700",2,1994,유성대로 1741,,-,-
대전광역시 유성구 전민동,462-5,462,5,세종,59.14,202110,16,"26,900",7,1994,유성대로 1741,,-,-
대전광역시 유성구 전민동,462-5,462,5,세종,84.83,202110,16,"39,500",11,1994,유성대로 1741,,-,-
대전광역시 유성구 전민동,462-5,462,5,세종,59.14,202110,26,"25,000",1,1994,유성대로 1741,,-,-
대전광역시 유성구 전민동,464-1,464,1,엑스포,133.11,202110,2,"79,400",10,1994,엑스포로 448,,-,-
대전광역시 유성구 전민동,464-1,464,1,엑스포,84.173,202110,5,"40,000",1,1994,엑스포로 448,,-,-
대전광역시 유성구 전민동,464-1,464,1,엑스포,84.173,202110,10,"44,700",2,1994,엑스포로 448,,-,-
대전광역시 유성구 전민동,464-1,464,1,엑스포,84.173,202110,14,"47,000",3,1994,엑스포로 448,,-,-
대전광역시 유성구 전민동,464-1,464,1,엑스포,84.173,202110,19,"48,000",15,1994,엑스포로 448,,-,-
대전광역시 유성구 전민동,464-1,464,1,엑스포,84.96,202110,23,"53,000",11,1994,엑스포로 448,,-,-
대전광역시 유성구 전민동,464-1,464,1,엑스포,84.96,202110,23,"53,000",11,1994,엑스포로 448,20211025,-,-
대전광역시 유성구 전민동,464-1,464,1,엑스포,84.96,202110,28,"52,500",5,1994,엑스포로 448,,-,-
대전광역시 유성구 죽동,688,688,0,죽동금성백조예미지,84.9553,202110,4,"84,700",12,2016,죽동로 321,,-,-
대전광역시 유성구 죽동,683,683,0,죽동대원칸타빌,84.937,202110,5,"85,000",9,2017,죽동로 39,,-,-
대전광역시 유성구 죽동,683,683,0,죽동대원칸타빌,74.704,202110,9,"63,000",3,2017,죽동로 39,,-,-
대전광역시 유성구 지족동,894-5,894,5,SK허브,84.65,202110,10,"40,000",8,2006,은구비남로 13,,-,-
대전광역시 유성구 지족동,898-1,898,1,가나파로스빌1차,49.4,202110,11,"14,000",6,2004,은구비로 18,,-,-
대전광역시 유성구 지족동,840-2,840,2,경남아너스빌1차,93,202110,16,"27,700",10,2005,지족로364번길 91,,-,-
대전광역시 유성구 지족동,1030,1030,0,노은리슈빌3,102.967,202110,5,"78,500",9,2015,지족동로 124,,-,-
대전광역시 유성구 지족동,1042,1042,0,노은새미래숲2단지,51.94,202110,5,"30,500",1,2015,지족로190번길 16,,-,-
대전광역시 유성구 지족동,1042,1042,0,노은새미래숲2단지,59.89,202110,9,"40,000",4,2015,지족로190번길 16,,-,-
대전광역시 유성구 지족동,978,978,0,반석마을2단지(계룡리슈빌),150.018,202110,4,"115,000",19,2005,지족로 343,,-,-
대전광역시 유성구 지족동,992,992,0,반석마을3단지(호반베르디움),142.13,202110,13,"99,000",17,2006,지족로 362,,-,-
대전광역시 유성구 지족동,992,992,0,반석마을3단지(호반베르디움),113.96,202110,16,"80,800",5,2006,지족로 362,,-,-
대전광역시 유성구 지족동,836-4,836,4,씨티팰리스,21.2604,202110,18,"7,300",6,2013,지족로364번길 59,20211026,-,-
대전광역시 유성구 지족동,836-4,836,4,씨티팰리스,21.2604,202110,18,"7,300",6,2013,지족로364번길 59,,-,-
대전광역시 유성구 지족동,874,874,0,열매마을3단지(대우),84.3677,202110,1,"57,000",6,2000,노은동로 219,,-,-
대전광역시 유성구 지족동,858,858,0,"열매마을4단지(계룡,현대)",59.982,202110,1,"40,000",3,2001,노은서로210번길 32,,-,-
대전광역시 유성구 지족동,858,858,0,"열매마을4단지(계룡,현대)",59.982,202110,2,"42,800",11,2001,노은서로210번길 32,,-,-
대전광역시 유성구 지족동,858,858,0,"열매마을4단지(계룡,현대)",59.982,202110,24,"42,000",13,2001,노은서로210번길 32,,-,-
대전광역시 유성구 지족동,880,880,0,열매마을6단지(현대2차),84.984,202110,8,"62,500",13,2000,노은동로 187,,-,-
대전광역시 유성구 지족동,919,919,0,열매마을7단지(현대1차),84.934,202110,11,"60,000",17,2000,은구비남로 55,,-,-
대전광역시 유성구 지족동,1043,1043,0,트리풀시티포레아파트,74.1615,202110,15,"53,700",14,2017,지족로190번길 36,,-,-
대전광역시 유성구 하기동,516,516,0,송림마을2단지(우미이노스빌1차),84.5123,202110,11,"55,400",11,2004,송림로 20,,-,-
대전광역시 중구 대흥동,452-22,452,22,대미리치빌,39.5633,202110,14,"10,450",13,2007,대흥로111번길 24,,-,-
대전광역시 중구 대흥동,219-1,219,1,센텀시티,29.0984,202110,14,"13,970",17,2021,중앙로138번길 48,,-,-
대전광역시 중구 대흥동,219-1,219,1,센텀시티,29.0984,202110,19,"13,980",17,2021,중앙로138번길 48,,-,-
대전광역시 중구 대흥동,161-8,161,8,신영미소랑,14.8907,202110,14,"3,350",7,2013,대흥로157번길 5,,-,-
대전광역시 중구 대흥동,07월 22일,22,7,현대1,54.675,202110,2,"20,250",2,1987,대흥로 176-15,,-,-
대전광역시 중구 목동,111-12,111,12,금호한사랑,51.675,202110,1,"23,000",14,2001,동서대로 1388,,-,-
대전광역시 중구 목동,111-12,111,12,금호한사랑,59.76,202110,14,"27,800",10,2001,동서대로 1388,,-,-
대전광역시 중구 목동,111-12,111,12,금호한사랑,84.92,202110,27,"37,500",5,2001,동서대로 1388,20211101,-,-
대전광역시 중구 목동,360,360,0,대전목동더샵,84.9201,202110,15,"58,500",6,2010,목동로22번길 16,,-,-
대전광역시 중구 목동,24,24,0,목양마을,84.92,202110,11,"49,000",6,2003,목동로 37,,-,-
대전광역시 중구 목동,24,24,0,목양마을,117.46,202110,22,"65,000",7,2003,목동로 37,,-,-
대전광역시 중구 목동,24,24,0,목양마을,84.82,202110,25,"48,000",15,2003,목동로 37,,-,-
대전광역시 중구 목동,362,362,0,올리브힐,84.88,202110,11,"55,000",9,2011,목동로 70,,-,-
대전광역시 중구 목동,132-2,132,2,현대(132-2),84.945,202110,2,"30,000",6,1991,선화로43번길 29,,-,-
대전광역시 중구 문화동,584-4,584,4,극동,114.3,202110,23,"28,000",9,1992,송리로 6,,-,-
대전광역시 중구 문화동,1-43,1,43,문화마을1단지,84.781,202110,2,"61,800",8,2004,계백로1716번길 40,,-,-
대전광역시 중구 문화동,777,777,0,삼성푸른,99.9,202110,5,"34,000",6,1994,보문산로161번길 56,,-,-
대전광역시 중구 문화동,01월 09일,1,9,센트럴스타클래스,74.7966,202110,22,"30,800",22,2013,중앙로 28,,-,-
대전광역시 중구 문화동,284-168,284,168,센트럴파크1단지,84.9944,202110,12,"57,000",5,2007,서문로 95,20211012,-,-
대전광역시 중구 문화동,284-168,284,168,센트럴파크1단지,84.9944,202110,12,"57,000",5,2007,서문로 95,,-,-
대전광역시 중구 문화동,1-253,1,253,센트럴파크2단지,101.9833,202110,9,"85,000",17,2007,서문로 96,,-,-
대전광역시 중구 문화동,01월 03일,1,3,센트럴파크3단지,101.9435,202110,1,"71,000",2,2007,계백로1716번길 87,,-,-
대전광역시 중구 문화동,775,775,0,주공2,49.77,202110,2,"18,800",9,1994,산성로 108-24,,-,-
대전광역시 중구 문화동,775,775,0,주공2,49.77,202110,22,"18,500",10,1994,산성로 108-24,,-,-
대전광역시 중구 문화동,757,757,0,주공3,39.87,202110,2,"11,300",9,1994,산성로 108-23,,-,-
대전광역시 중구 문화동,757,757,0,주공3,39.87,202110,4,"10,800",5,1994,산성로 108-23,,-,-
대전광역시 중구 문화동,757,757,0,주공3,39.87,202110,21,"10,800",4,1994,산성로 108-23,,-,-
대전광역시 중구 문화동,141,141,0,한밭우성,84.94,202110,25,"25,000",4,1995,서문로 32,,-,-
대전광역시 중구 문화동,422-1,422,1,햇살,43.2,202110,18,"7,900",7,2000,서문로43번길 37,,-,-
대전광역시 중구 문화동,1-46,1,46,효성상아맨션,61.33,202110,11,"32,800",3,1984,계백로1686번길 51,,-,-
대전광역시 중구 부사동,230-72,230,72,민영2동,73.32,202110,4,"17,800",2,1972,보문로109번길 31-10,,-,-
대전광역시 중구 부사동,230-72,230,72,민영2동,73.32,202110,4,"17,800",2,1972,보문로109번길 31-10,20211019,-,-
대전광역시 중구 부사동,298-10,298,10,창조,63.95,202110,4,"7,900",5,1992,부용로 15,,-,-
대전광역시 중구 부사동,298-10,298,10,창조,53.58,202110,19,"8,700",1,1992,부용로 15,,-,-
대전광역시 중구 사정동,439-14,439,14,샛뜸,84.9252,202110,7,"14,000",5,2002,대둔산로350번길 6,,-,-
대전광역시 중구 사정동,487,487,0,성산마을우남스타원,84.9734,202110,5,"32,500",2,2006,안영로 68,,-,-
대전광역시 중구 사정동,487,487,0,성산마을우남스타원,126.3392,202110,12,"40,900",15,2006,안영로 68,,-,-
대전광역시 중구 산성동,301-5,301,5,삼창,58.08,202110,23,"5,500",5,1990,가재울로 15,,-,-
대전광역시 중구 산성동,Jan-37,37,1,우성,54.52,202110,6,"16,700",10,1989,당디로 45,,-,-
대전광역시 중구 산성동,Jan-37,37,1,우성,84.95,202110,8,"22,200",10,1989,당디로 45,,-,-
대전광역시 중구 산성동,Jan-37,37,1,우성,54.52,202110,15,"17,000",6,1989,당디로 45,,-,-
대전광역시 중구 산성동,120-15,120,15,유등천모아미래도리버뷰,59.9328,202110,19,"36,000",11,2019,유등천동로 218,,-,-
대전광역시 중구 산성동,158-7,158,7,필하모니,83.94,202110,8,"18,500",4,2012,문화로 24,,-,-
대전광역시 중구 산성동,May-78,78,5,한밭가든,84.88,202110,4,"28,200",8,1991,보문산로 31,,-,-
대전광역시 중구 선화동,283,283,0,빌리프,28.206,202110,1,"10,500",8,2016,대종로517번길 61,,-,-
대전광역시 중구 선화동,283,283,0,빌리프,17.2948,202110,15,"5,500",9,2016,대종로517번길 61,,-,-
대전광역시 중구 선화동,152-1,152,1,선호,35.0096,202110,11,"7,500",12,2001,대종로 583,,-,-
대전광역시 중구 선화동,152-1,152,1,선호,35.0096,202110,13,"8,000",6,2001,대종로 583,,-,-
대전광역시 중구 선화동,152-1,152,1,선호,35.0096,202110,18,"7,700",5,2001,대종로 583,,-,-
대전광역시 중구 선화동,284-4,284,4,선화동스마트284,13.8376,202110,21,"4,200",4,2013,보문로 286,,-,-
대전광역시 중구 선화동,284-4,284,4,선화동스마트284,14.2876,202110,21,"4,500",5,2013,보문로 286,,-,-
대전광역시 중구 선화동,284-4,284,4,선화동스마트284,13.8376,202110,21,"4,200",6,2013,보문로 286,,-,-
대전광역시 중구 선화동,114-2,114,2,선화상가,72.08,202110,6,"5,000",3,1983,동서대로1456번길 21,,-,-
대전광역시 중구 선화동,877,877,0,센트럴뷰,118.72,202110,2,"75,000",15,2012,중앙로 45,,-,-
대전광역시 중구 선화동,877,877,0,센트럴뷰,84.8,202110,4,"60,000",12,2012,중앙로 45,,-,-
대전광역시 중구 선화동,877,877,0,센트럴뷰,59.97,202110,9,"47,800",12,2012,중앙로 45,,-,-
대전광역시 중구 선화동,877,877,0,센트럴뷰,59.97,202110,12,"48,000",16,2012,중앙로 45,,-,-
대전광역시 중구 선화동,159-5,159,5,아르젠,59.97,202110,26,"13,000",4,2005,동서대로1440번길 5,,-,-
대전광역시 중구 선화동,123-2,123,2,자연시티빌,44.28,202110,25,"36,475",6,2007,대종로 541,,-,-
대전광역시 중구 선화동,151-1,151,1,현대,84.96,202110,28,"30,700",9,1986,보문로 341,,-,-
대전광역시 중구 선화동,161-2,161,2,현암에버드림,66.4977,202110,13,"17,000",13,2012,대종로 605,,-,-
대전광역시 중구 오류동,175-1,175,1,삼성,74.49,202110,4,"50,500",7,1986,계룡로 852,,-,-
대전광역시 중구 오류동,175-1,175,1,삼성,74.49,202110,5,"49,200",15,1986,계룡로 852,,-,-
대전광역시 중구 오류동,175-1,175,1,삼성,74.49,202110,16,"47,000",4,1986,계룡로 852,,-,-
대전광역시 중구 오류동,175-1,175,1,삼성,84.24,202110,19,"52,000",1,1986,계룡로 852,,-,-
대전광역시 중구 오류동,Jan-73,73,1,스카이팰리스,84.85,202110,12,"56,000",39,2018,오류로 31,,-,-
대전광역시 중구 오류동,151-8,151,8,크럭스빌주상복합,25.14,202110,5,"5,300",5,2004,계백로 1725-22,,-,-
대전광역시 중구 오류동,151-8,151,8,크럭스빌주상복합,48.99,202110,13,"9,750",4,2004,계백로 1725-22,,-,-
대전광역시 중구 오류동,151-8,151,8,크럭스빌주상복합,34.92,202110,16,"6,700",6,2004,계백로 1725-22,,-,-
대전광역시 중구 오류동,151-8,151,8,크럭스빌주상복합,34.92,202110,18,"7,500",7,2004,계백로 1725-22,,-,-
대전광역시 중구 옥계동,Jan-44,44,1,태성맨션,32.52,202110,10,"4,000",2,1988,대전천서로 35,,-,-
대전광역시 중구 용두동,12월 01일,12,1,드림스테이,29.1,202110,23,"13,000",12,2019,중앙로 23-17,,-,-
대전광역시 중구 용두동,39,39,0,미르마을,84.98,202110,2,"46,000",2,2005,선화로22번길 25,,-,-
대전광역시 중구 용두동,39,39,0,미르마을,76.77,202110,3,"46,000",17,2005,선화로22번길 25,,-,-
대전광역시 중구 용두동,39,39,0,미르마을,49.85,202110,9,"31,000",18,2005,선화로22번길 25,,-,-
대전광역시 중구 용두동,39,39,0,미르마을,59.78,202110,12,"38,800",6,2005,선화로22번길 25,,-,-
대전광역시 중구 용두동,39,39,0,미르마을,84.98,202110,16,"50,700",13,2005,선화로22번길 25,,-,-
대전광역시 중구 용두동,39,39,0,미르마을,59.78,202110,22,"38,900",13,2005,선화로22번길 25,,-,-
대전광역시 중구 용두동,160-1,160,1,한라무지개,80.66,202110,4,"25,000",9,1993,계룡로737번길 27,,-,-
대전광역시 중구 유천동,177-7,177,7,당대마을,82.169,202110,26,"18,000",1,2004,유천로38번길 29,,-,-
대전광역시 중구 유천동,10월 01일,10,1,장미,57.78,202110,8,"22,500",5,1981,수침로 35,,-,-
대전광역시 중구 유천동,341-31,341,31,큰솔102동,71.2349,202110,6,"21,850",11,2006,대둔산로 503,,-,-
대전광역시 중구 유천동,341-31,341,31,큰솔102동,71.2349,202110,11,"21,700",10,2006,대둔산로 503,,-,-
대전광역시 중구 유천동,319-1,319,1,하나,59.99,202110,11,"25,500",17,1997,태평로44번길 53,,-,-
대전광역시 중구 유천동,10,10,0,현대,84.945,202110,8,"35,000",10,1990,계백로1615번길 34,,-,-
대전광역시 중구 유천동,10,10,0,현대,84.945,202110,11,"38,800",13,1990,계백로1615번길 34,,-,-
대전광역시 중구 유천동,10,10,0,현대,84.945,202110,12,"37,000",10,1990,계백로1615번길 34,,-,-
대전광역시 중구 유천동,10,10,0,현대,129.73,202110,20,"45,800",8,1990,계백로1615번길 34,,-,-
대전광역시 중구 중촌동,10월 02일,10,2,금호아파트,36.18,202110,2,"10,700",7,1989,대종로 713,,-,-
대전광역시 중구 중촌동,10월 02일,10,2,금호아파트,70.38,202110,6,"22,700",11,1989,대종로 713,,-,-
대전광역시 중구 중촌동,10월 02일,10,2,금호아파트,70.38,202110,11,"20,000",12,1989,대종로 713,,-,-
대전광역시 중구 중촌동,10월 02일,10,2,금호아파트,54.51,202110,18,"21,200",15,1989,대종로 713,,-,-
대전광역시 중구 중촌동,280-10,280,10,세종,59.478,202110,2,"16,700",10,2003,목중로 76,,-,-
대전광역시 중구 중촌동,10월 03일,10,3,시영,54.645,202110,6,"26,400",3,1986,대종로 701,,-,-
대전광역시 중구 중촌동,283,283,0,하늘(주공3),49.21,202110,2,"17,900",1,1998,목중로 69,,-,-
대전광역시 중구 중촌동,283,283,0,하늘(주공3),49.21,202110,2,"17,080",1,1998,목중로 69,,-,-
대전광역시 중구 중촌동,283,283,0,하늘(주공3),49.21,202110,9,"21,500",10,1998,목중로 69,,-,-
대전광역시 중구 중촌동,283,283,0,하늘(주공3),49.21,202110,16,"21,800",6,1998,목중로 69,,-,-
대전광역시 중구 중촌동,283,283,0,하늘(주공3),49.21,202110,19,"22,000",25,1998,목중로 69,,-,-
대전광역시 중구 중촌동,01월 16일,16,1,현대,70.96,202110,1,"27,800",6,1987,목중로26번길 29,,-,-
대전광역시 중구 중촌동,01월 16일,16,1,현대,52.38,202110,7,"22,000",9,1987,목중로26번길 29,,-,-
대전광역시 중구 중촌동,01월 16일,16,1,현대,63.99,202110,26,"26,500",5,1987,목중로26번길 29,,-,-
대전광역시 중구 태평동,382-4,382,4,나이스타운,36.1653,202110,15,"9,000",5,2012,유천로 136,,-,-
대전광역시 중구 태평동,422-7,422,7,버드내1,101.73,202110,2,"58,500",21,2000,태평로 15,,-,-
대전광역시 중구 태평동,422-7,422,7,버드내1,84.93,202110,5,"41,800",2,2000,태평로 15,,-,-
대전광역시 중구 태평동,422-7,422,7,버드내1,134.94,202110,5,"64,500",17,2000,태평로 15,,-,-
대전광역시 중구 태평동,422-7,422,7,버드내1,59.89,202110,6,"35,000",11,2000,태평로 15,,-,-
대전광역시 중구 태평동,422-7,422,7,버드내1,169.85,202110,11,"64,000",23,2000,태평로 15,,-,-
대전광역시 중구 태평동,422-7,422,7,버드내1,84.93,202110,12,"41,000",7,2000,태평로 15,,-,-
대전광역시 중구 태평동,551,551,0,버드내마을아파트2단지,134.993,202110,16,"59,700",1,2000,태평로 35,,-,-
대전광역시 중구 태평동,551,551,0,버드내마을아파트2단지,84.994,202110,16,"54,000",18,2000,태평로 35,,-,-
대전광역시 중구 태평동,383-1,383,1,삼부1,57.61,202110,4,"20,000",7,1978,태평로 80,,-,-
대전광역시 중구 태평동,383-1,383,1,삼부1,57.61,202110,16,"18,400",15,1978,태평로 80,,-,-
대전광역시 중구 태평동,383-1,383,1,삼부1,57.61,202110,26,"20,000",5,1978,태평로 80,,-,-
대전광역시 중구 태평동,407,407,0,삼부2,60.757,202110,16,"25,700",3,1981,태평로 77,,-,-
대전광역시 중구 태평동,393,393,0,삼부4,120.66,202110,6,"41,500",7,1986,태평로 55,,-,-
대전광역시 중구 태평동,393,393,0,삼부4,120.66,202110,9,"40,000",7,1986,태평로 55,,-,-
대전광역시 중구 태평동,419-1,419,1,새롬,84.957,202110,30,"33,000",15,1999,평촌로 19,,-,-
대전광역시 중구 태평동,554,554,0,쌍용예가,84.9048,202110,8,"55,000",13,2008,평촌로 93,,-,-
대전광역시 중구 태평동,554,554,0,쌍용예가,70.4184,202110,11,"47,000",8,2008,평촌로 93,,-,-
대전광역시 중구 태평동,554,554,0,쌍용예가,70.4184,202110,12,"40,500",4,2008,평촌로 93,,-,-
대전광역시 중구 태평동,554,554,0,쌍용예가,84.9646,202110,18,"54,100",19,2008,평촌로 93,,-,-
대전광역시 중구 태평동,253-1,253,1,유등마을쌍용아파트,84.92,202110,1,"42,700",5,2000,수침로 138,,-,-
대전광역시 중구 태평동,253-1,253,1,유등마을쌍용아파트,71.85,202110,2,"36,800",6,2000,수침로 138,,-,-
대전광역시 중구 태평동,253-1,253,1,유등마을쌍용아파트,134.81,202110,9,"57,500",16,2000,수침로 138,,-,-
대전광역시 중구 태평동,317,317,0,태평,114.74,202110,13,"47,000",12,2000,평촌로 111,,-,-
대전광역시 중구 태평동,317,317,0,태평,84.99,202110,20,"39,200",14,2000,평촌로 111,,-,-
대전광역시 중구 태평동,317,317,0,태평,59.98,202110,22,"27,200",22,2000,평촌로 111,,-,-
대전광역시 중구 태평동,389-5,389,5,파라곤,130.55,202110,12,"55,500",2,2005,유등천동로 428,,-,-
대전광역시 중구 태평동,254-4,254,4,푸른뫼,84.99,202110,19,"35,000",17,1999,수침로 122,,-,-
부산광역시 강서구 대저1동,2388-17,2388,17,외진가센트럴타워,61.7036,202110,20,"26,000",11,2019,대저로273번길 25,,-,-
부산광역시 강서구 대저1동,1728-1,1728,1,우창팰리스,65.4,202110,22,"22,700",8,2017,낙동북로187번길 10,,-,-
부산광역시 강서구 명지동,3233,3233,0,극동스타클래스,84.97,202110,2,"40,000",9,2008,명지오션시티2로 71,,-,-
부산광역시 강서구 명지동,3233,3233,0,극동스타클래스,149.87,202110,13,"76,000",15,2008,명지오션시티2로 71,,-,-
부산광역시 강서구 명지동,3233,3233,0,극동스타클래스,133.77,202110,19,"50,000",14,2008,명지오션시티2로 71,,-,-
부산광역시 강서구 명지동,3233,3233,0,극동스타클래스,101.96,202110,23,"42,000",8,2008,명지오션시티2로 71,,-,-
부산광역시 강서구 명지동,3233,3233,0,극동스타클래스,101.92,202110,23,"49,000",2,2008,명지오션시티2로 71,,-,-
부산광역시 강서구 명지동,3233,3233,0,극동스타클래스,101.96,202110,28,"46,000",7,2008,명지오션시티2로 71,,-,-
부산광역시 강서구 명지동,3404,3404,0,더에듀팰리스부영,91.6395,202110,6,"86,500",12,2019,명지국제7로 110,,-,-
부산광역시 강서구 명지동,3404,3404,0,더에듀팰리스부영,135.8022,202110,14,"124,500",20,2019,명지국제7로 110,,-,-
부산광역시 강서구 명지동,3244,3244,0,롯데캐슬,101.88,202110,13,"51,200",9,2008,명지오션시티11로 84,,-,-
부산광역시 강서구 명지동,3354,3354,0,명지1차 금강펜테리움 센트럴파크,84.2591,202110,11,"54,800",4,2015,명지국제5로 59,,-,-
부산광역시 강서구 명지동,3354,3354,0,명지1차 금강펜테리움 센트럴파크,84.2591,202110,16,"59,200",10,2015,명지국제5로 59,,-,-
부산광역시 강서구 명지동,3354,3354,0,명지1차 금강펜테리움 센트럴파크,84.2591,202110,20,"57,800",22,2015,명지국제5로 59,,-,-
부산광역시 강서구 명지동,3343,3343,0,명지2차금강펜테리움센트럴파크,66.0657,202110,4,"42,600",14,2016,명지국제5로 109,,-,-
부산광역시 강서구 명지동,3343,3343,0,명지2차금강펜테리움센트럴파크,66.6612,202110,18,"44,000",7,2016,명지국제5로 109,,-,-
부산광역시 강서구 명지동,3344,3344,0,명지국제신도시호반베르디움2차,84.8015,202110,16,"64,800",27,2017,명지국제5로 89,,-,-
부산광역시 강서구 명지동,3344,3344,0,명지국제신도시호반베르디움2차,70.8176,202110,23,"49,800",20,2017,명지국제5로 89,,-,-
부산광역시 강서구 명지동,3423,3423,0,명지대방노블랜드오션뷰1차,84.9341,202110,4,"64,000",5,2015,명지국제5로 30,,-,-
부산광역시 강서구 명지동,3399,3399,0,명지더웨스턴,74.62,202110,1,"59,500",20,2018,명지국제7로 111,,-,-
부산광역시 강서구 명지동,3246,3246,0,명지오션시티삼정그린코아,79.1779,202110,14,"38,000",7,2014,명지오션시티10로 114,,-,-
부산광역시 강서구 명지동,3246,3246,0,명지오션시티삼정그린코아,84.9456,202110,21,"43,900",4,2014,명지오션시티10로 114,,-,-
부산광역시 강서구 명지동,3328,3328,0,명지협성휴포레,59.9858,202110,4,"42,000",18,2016,명지국제5로 141,,-,-
부산광역시 강서구 명지동,3328,3328,0,명지협성휴포레,54.3113,202110,21,"37,500",20,2016,명지국제5로 141,,-,-
부산광역시 강서구 명지동,3328,3328,0,명지협성휴포레,54.3113,202110,23,"30,900",1,2016,명지국제5로 141,,-,-
부산광역시 강서구 명지동,3350,3350,0,부산명지중흥S-클래스에듀오션,84.6651,202110,6,"67,600",16,2018,명지국제5로 90,,-,-
부산광역시 강서구 명지동,3350,3350,0,부산명지중흥S-클래스에듀오션,67.6298,202110,8,"48,800",9,2018,명지국제5로 90,,-,-
부산광역시 강서구 명지동,3350,3350,0,부산명지중흥S-클래스에듀오션,84.6651,202110,10,"64,400",17,2018,명지국제5로 90,,-,-
부산광역시 강서구 명지동,3350,3350,0,부산명지중흥S-클래스에듀오션,67.6298,202110,14,"47,200",15,2018,명지국제5로 90,,-,-
부산광역시 강서구 명지동,3350,3350,0,부산명지중흥S-클래스에듀오션,67.6298,202110,16,"51,000",19,2018,명지국제5로 90,,-,-
부산광역시 강서구 명지동,3400,3400,0,부산명지중흥S-클래스프라디움,59.9962,202110,5,"39,000",3,2016,명지국제7로 133,,-,-
부산광역시 강서구 명지동,3361,3361,0,에일린의 뜰,66.9377,202110,2,"46,500",19,2015,명지국제5로 60,,-,-
부산광역시 강서구 명지동,3361,3361,0,에일린의 뜰,66.9377,202110,4,"44,800",7,2015,명지국제5로 60,,-,-
부산광역시 강서구 명지동,3243,3243,0,엘크루블루오션,124.47,202110,2,"77,700",8,2012,명지오션시티12로 92,,-,-
부산광역시 강서구 명지동,3231,3231,0,퀸덤1차링컨타운,84.85,202110,21,"40,000",5,2009,명지오션시티10로 16,,-,-
부산광역시 강서구 명지동,3231,3231,0,퀸덤1차링컨타운,84.84,202110,22,"42,500",10,2009,명지오션시티10로 16,,-,-
부산광역시 강서구 명지동,3232,3232,0,퀸덤1차아인슈타인타운,84.97,202110,6,"44,300",1,2009,명지오션시티11로 51,,-,-
부산광역시 강서구 명지동,3232,3232,0,퀸덤1차아인슈타인타운,84.97,202110,9,"42,700",11,2009,명지오션시티11로 51,,-,-
부산광역시 강서구 신호동,205-1,205,1,부산신호윌더하임,127.639,202110,2,"33,000",7,2005,신호산단3로 55,,-,-
부산광역시 강서구 신호동,205-1,205,1,부산신호윌더하임,97.376,202110,9,"26,800",12,2005,신호산단3로 55,,-,-
부산광역시 강서구 신호동,205-1,205,1,부산신호윌더하임,84.998,202110,14,"23,500",2,2005,신호산단3로 55,,-,-
부산광역시 강서구 신호동,205-1,205,1,부산신호윌더하임,84.998,202110,15,"23,800",14,2005,신호산단3로 55,,-,-
부산광역시 강서구 신호동,205-1,205,1,부산신호윌더하임,84.998,202110,28,"26,800",15,2005,신호산단3로 55,,-,-
부산광역시 강서구 신호동,205-1,205,1,부산신호윌더하임,84.998,202110,30,"22,000",10,2005,신호산단3로 55,,-,-
부산광역시 강서구 지사동,1182-2,1182,2,명진파크뷰,36.3281,202110,16,"10,500",11,2016,과학산단2로20번길 11,,-,-
부산광역시 강서구 지사동,1185-1,1185,1,지사과학삼정그린코아,59.9806,202110,1,"17,400",21,2017,과학산단2로20번길 91,,-,-
부산광역시 강서구 지사동,1185-1,1185,1,지사과학삼정그린코아,59.9561,202110,1,"16,000",3,2017,과학산단2로20번길 91,,-,-
부산광역시 강서구 지사동,1185-1,1185,1,지사과학삼정그린코아,59.9806,202110,2,"17,500",16,2017,과학산단2로20번길 91,,-,-
부산광역시 강서구 지사동,1185-1,1185,1,지사과학삼정그린코아,59.9971,202110,2,"17,800",5,2017,과학산단2로20번길 91,,-,-
부산광역시 강서구 지사동,1185-1,1185,1,지사과학삼정그린코아,59.9971,202110,11,"17,900",6,2017,과학산단2로20번길 91,,-,-
부산광역시 강서구 지사동,1185-1,1185,1,지사과학삼정그린코아,66.302,202110,16,"19,800",7,2017,과학산단2로20번길 91,,-,-
부산광역시 강서구 지사동,1185-1,1185,1,지사과학삼정그린코아,59.9806,202110,22,"17,900",9,2017,과학산단2로20번길 91,,-,-
부산광역시 강서구 지사동,1185-1,1185,1,지사과학삼정그린코아,59.9806,202110,25,"19,000",25,2017,과학산단2로20번길 91,,-,-
부산광역시 강서구 지사동,1184-1,1184,1,지사금강펜테리움,59.9444,202110,5,"15,800",6,2013,과학산단2로20번길 69,,-,-
부산광역시 강서구 지사동,1184-1,1184,1,지사금강펜테리움,59.9875,202110,14,"17,700",12,2013,과학산단2로20번길 69,,-,-
부산광역시 강서구 지사동,1184-1,1184,1,지사금강펜테리움,59.9444,202110,16,"15,800",4,2013,과학산단2로20번길 69,,-,-
부산광역시 강서구 지사동,1184-1,1184,1,지사금강펜테리움,59.9713,202110,19,"15,000",5,2013,과학산단2로20번길 69,,-,-
부산광역시 강서구 지사동,1184-1,1184,1,지사금강펜테리움,59.9599,202110,22,"17,000",5,2013,과학산단2로20번길 69,,-,-
부산광역시 강서구 지사동,1184-1,1184,1,지사금강펜테리움,59.9713,202110,23,"15,200",9,2013,과학산단2로20번길 69,,-,-
부산광역시 강서구 지사동,1186,1186,0,협성·DS엘리시안,68.1307,202110,7,"21,900",24,2015,과학산단로306번길 10,,-,-
부산광역시 강서구 지사동,1186,1186,0,협성·DS엘리시안,68.1307,202110,8,"21,300",7,2015,과학산단로306번길 10,,-,-
부산광역시 강서구 지사동,1186,1186,0,협성·DS엘리시안,59.9588,202110,15,"17,000",5,2015,과학산단로306번길 10,,-,-
부산광역시 강서구 지사동,1186,1186,0,협성·DS엘리시안,59.9588,202110,19,"19,000",10,2015,과학산단로306번길 10,,-,-
부산광역시 강서구 지사동,1186,1186,0,협성·DS엘리시안,59.9931,202110,20,"19,300",8,2015,과학산단로306번길 10,,-,-
부산광역시 강서구 지사동,1186,1186,0,협성·DS엘리시안,59.9588,202110,23,"19,500",9,2015,과학산단로306번길 10,,-,-
부산광역시 금정구 구서동,267,267,0,경보,59.58,202110,1,"13,000",1,1996,금단로 33,,-,-
부산광역시 금정구 구서동,267,267,0,경보,84.75,202110,7,"28,500",9,1996,금단로 33,20211105,-,-
부산광역시 금정구 구서동,267,267,0,경보,84.75,202110,7,"28,500",9,1996,금단로 33,,-,-
부산광역시 금정구 구서동,267,267,0,경보,84.75,202110,27,"26,000",21,1996,금단로 33,,-,-
부산광역시 금정구 구서동,1051,1051,0,구서동롯데캐슬골드1단지(1051),84.98,202110,4,"69,000",17,2006,금강로 502,,-,-
부산광역시 금정구 구서동,1051,1051,0,구서동롯데캐슬골드1단지(1051),84.98,202110,12,"65,500",7,2006,금강로 502,,-,-
부산광역시 금정구 구서동,1051,1051,0,구서동롯데캐슬골드1단지(1051),84.98,202110,13,"64,000",8,2006,금강로 502,,-,-
부산광역시 금정구 구서동,1049,1049,0,구서동롯데캐슬골드2단지(1049),119.68,202110,7,"89,900",23,2006,금강로 503,,-,-
부산광역시 금정구 구서동,1049,1049,0,구서동롯데캐슬골드2단지(1049),133.57,202110,16,"84,500",9,2006,금강로 503,,-,-
부산광역시 금정구 구서동,1049,1049,0,구서동롯데캐슬골드2단지(1049),59.96,202110,23,"48,000",4,2006,금강로 503,,-,-
부산광역시 금정구 구서동,466-13,466,13,구서동하나로3,72.94,202110,23,"16,500",6,2002,구서온천천로 59,,-,-
부산광역시 금정구 구서동,165-1,165,1,구서신동아,59.79,202110,12,"25,900",18,1997,중앙대로1929번길 48-1,,-,-
부산광역시 금정구 구서동,1006-1,1006,1,구서쌍용스윗닷홈,126.1,202110,13,"45,500",17,2003,두실로 69,,-,-
부산광역시 금정구 구서동,1078,1078,0,구서역두산위브포세이돈,59.9866,202110,5,"40,000",15,2020,금정로233번길 63,,-,-
부산광역시 금정구 구서동,1027-1,1027,1,구서우성,84.97,202110,2,"37,000",10,1994,금강로541번길 40,,-,-
부산광역시 금정구 구서동,1027-1,1027,1,구서우성,84.97,202110,2,"33,900",1,1994,구서중앙로 52,,-,-
부산광역시 금정구 구서동,445-20,445,20,그린빌,67.65,202110,5,"19,950",14,2002,금정로 227,,-,-
부산광역시 금정구 구서동,563-40,563,40,금강부광,59.86,202110,8,"14,800",5,1997,금샘로229번길 29,,-,-
부산광역시 금정구 구서동,413-2,413,2,대보드림채,70.5643,202110,8,"33,000",8,2018,수림로72번길 160,,-,-
부산광역시 금정구 구서동,415-14,415,14,덕인센추리온,84.93,202110,2,"30,700",14,2004,금정로233번길 19,,-,-
부산광역시 금정구 구서동,415-14,415,14,덕인센추리온,84.93,202110,8,"30,000",17,2004,금정로233번길 19,,-,-
부산광역시 금정구 구서동,415-14,415,14,덕인센추리온,84.93,202110,9,"30,500",16,2004,금정로233번길 19,,-,-
부산광역시 금정구 구서동,444-3,444,3,삼부,62.03,202110,8,"16,000",6,2001,금정로 224,,-,-
부산광역시 금정구 구서동,162-4,162,4,삼한골든뷰,23.8642,202110,26,"8,903",21,2014,중앙대로 1967,,-,-
부산광역시 금정구 구서동,177-27,177,27,성원맨투로빌,84.82,202110,21,"29,900",20,2004,중앙대로 1926,,-,-
부산광역시 금정구 구서동,415-16,415,16,스카이엘,56.9888,202110,13,"23,500",5,2019,금정로231번길 4,,-,-
부산광역시 금정구 구서동,75,75,0,태평양,63.27,202110,5,"13,800",1,1994,체육공원로 56,,-,-
부산광역시 금정구 구서동,75,75,0,태평양,84.72,202110,17,"18,400",11,1994,체육공원로 56,,-,-
부산광역시 금정구 구서동,1032-1,1032,1,푸른마을,73.24,202110,5,"18,200",10,2002,금샘로 363,,-,-
부산광역시 금정구 구서동,1032-1,1032,1,푸른마을,73.24,202110,5,"18,200",10,2002,금샘로 363,20211019,-,-
부산광역시 금정구 구서동,266-16,266,16,협성그린,59.84,202110,6,"20,500",9,1997,금단로 38,,-,-
부산광역시 금정구 구서동,266-16,266,16,협성그린,59.84,202110,16,"17,500",1,1997,금단로 38,,-,-
부산광역시 금정구 구서동,266-16,266,16,협성그린,59.84,202110,23,"19,900",4,1997,금단로 38,,-,-
부산광역시 금정구 남산동,Jan-96,96,1,거성리젠시,51.988,202110,4,"13,000",9,2000,금강로 694,,-,-
부산광역시 금정구 남산동,388-1,388,1,국제그린파크,84.75,202110,2,"23,000",11,1992,벅구산로 7,,-,-
부산광역시 금정구 남산동,707,707,0,남도그린파크,58.95,202110,8,"10,000",1,1995,청룡로53번길 45,,-,-
부산광역시 금정구 남산동,989-2,989,2,남산그린파크,84.97,202110,5,"16,800",5,1998,남산로 67,,-,-
부산광역시 금정구 남산동,02월 23일,23,2,남산동신화하니엘,84.86,202110,21,"28,800",13,2014,중앙대로 2100-1,,-,-
부산광역시 금정구 남산동,61,61,0,남산하이츠타운,84.57,202110,2,"34,000",4,1997,중앙대로1985번길 32-6,,-,-
부산광역시 금정구 남산동,61,61,0,남산하이츠타운,59.95,202110,8,"21,800",19,1997,중앙대로1985번길 32-6,,-,-
부산광역시 금정구 남산동,115-30,115,30,럭키남산,83.52,202110,16,"30,000",13,1991,남산로37번길 52,,-,-
부산광역시 금정구 남산동,115-30,115,30,럭키남산,83.61,202110,27,"30,000",8,1991,남산로37번길 52,,-,-
부산광역시 금정구 남산동,987-16,987,16,모아남산블루빌,80.21,202110,5,"19,000",3,2001,금강로647번길 24,,-,-
부산광역시 금정구 남산동,Aug-35,35,8,삼성,49.14,202110,16,"13,000",14,1992,금단로 136,,-,-
부산광역시 금정구 남산동,967-8,967,8,석산8차,63.18,202110,14,"12,000",1,1991,팔송로45번길 12,,-,-
부산광역시 금정구 남산동,262-4,262,4,수민위즈빌,84.9347,202110,9,"25,000",10,2003,금단로 171,,-,-
부산광역시 금정구 남산동,981-8,981,8,학산코스모빌라,116.62,202110,19,"23,200",1,1993,금샘로 511,,-,-
부산광역시 금정구 남산동,104-1,104,1,행복이가득한집,84.96,202110,2,"25,500",6,2004,범어천로 3,20211103,-,-
부산광역시 금정구 남산동,374-68,374,68,현대그레이스,59.94,202110,6,"13,500",23,1994,벅구산로 25-5,,-,-
부산광역시 금정구 부곡동,225-6,225,6,경남한신,84.95,202110,23,"50,600",21,1995,중앙대로1685번길 24,,-,-
부산광역시 금정구 부곡동,391-2,391,2,경보온천타워,84.97,202110,2,"44,800",14,1994,오시게로54번길 14,,-,-
부산광역시 금정구 부곡동,788-78,788,78,국제그린,59.94,202110,23,"17,800",9,1996,부곡로18번길 24,,-,-
부산광역시 금정구 부곡동,383-4,383,4,금양위스빌(101동),83.35,202110,22,"18,000",5,2004,동부곡로27번길 38-7,,-,-
부산광역시 금정구 부곡동,60-13,60,13,금정아트빌,84.98,202110,26,"19,400",4,2004,무학송로 101,,-,-
부산광역시 금정구 부곡동,64-29,64,29,남신베르디,47.85,202110,9,"11,000",3,2001,중앙대로1763번길 36-8,,-,-
부산광역시 금정구 부곡동,962,962,0,뉴그린1,59.76,202110,4,"26,000",3,1990,동현로 90,,-,-
부산광역시 금정구 부곡동,962,962,0,뉴그린1,57.15,202110,22,"23,000",8,1990,동현로 90,,-,-
부산광역시 금정구 부곡동,244-7,244,7,대우,40.95,202110,2,"29,000",20,1999,부산대학로 10,,-,-
부산광역시 금정구 부곡동,244-7,244,7,대우,84.962,202110,30,"53,500",15,1999,부산대학로 10,,-,-
부산광역시 금정구 부곡동,777-5,777,5,동아국민,60.44,202110,15,"26,000",1,1985,부곡로42번길 62,,-,-
부산광역시 금정구 부곡동,337-3,337,3,동양부곡,69.72,202110,8,"19,500",3,1977,동부곡로6번길 71,,-,-
부산광역시 금정구 부곡동,296-15,296,15,동원,59.46,202110,2,"25,000",2,1981,부곡로 121,,-,-
부산광역시 금정구 부곡동,224-5,224,5,동원로얄듀크,84.9945,202110,5,"56,000",2,2005,수림로19번길 26,,-,-
부산광역시 금정구 부곡동,232-5,232,5,마드레빌,59.3715,202110,9,"25,500",5,2003,기찰로 42,,-,-
부산광역시 금정구 부곡동,780,780,0,반도맨션,75.36,202110,14,"35,000",1,1985,서동로 16-1,20211105,-,-
부산광역시 금정구 부곡동,780,780,0,반도맨션,75.36,202110,14,"35,000",1,1985,서동로 16-1,,-,-
부산광역시 금정구 부곡동,775-5,775,5,부곡,57.85,202110,5,"23,000",2,1976,서동로 40,,-,-
부산광역시 금정구 부곡동,775-5,775,5,부곡,57.85,202110,31,"17,500",2,1976,서동로 40,,-,-
부산광역시 금정구 부곡동,958,958,0,부곡늘푸른아파트,40.23,202110,11,"16,900",11,1991,동현로 67,,-,-
부산광역시 금정구 부곡동,788,788,0,부곡동대동다:숲,128.6563,202110,8,"60,000",9,2007,부곡로 32-12,,-,-
부산광역시 금정구 부곡동,788,788,0,부곡동대동다:숲,84.9788,202110,10,"51,500",12,2007,부곡로 32-12,,-,-
부산광역시 금정구 부곡동,268-2,268,2,부곡동푸르지오,107.89,202110,7,"58,000",29,2007,중앙대로 1617-12,,-,-
부산광역시 금정구 부곡동,268-2,268,2,부곡동푸르지오,145.64,202110,8,"72,000",18,2007,중앙대로 1617-12,,-,-
부산광역시 금정구 부곡동,64-40,64,40,부곡동프리미엄안단테아파트,71.85,202110,25,"35,000",12,2017,중앙대로1763번길 20,,-,-
부산광역시 금정구 부곡동,970,970,0,부곡롯데캐슬디아망,131.6401,202110,2,"68,800",17,2010,동부곡로15번길 76,,-,-
부산광역시 금정구 부곡동,297-3,297,3,부곡맨션,61.39,202110,16,"30,000",3,1979,중앙대로 1606,,-,-
부산광역시 금정구 부곡동,873-15,873,15,부호하이츠,84.98,202110,19,"28,250",4,2003,오시게로 16,,-,-
부산광역시 금정구 부곡동,971,971,0,삼한사랑채,61.1282,202110,11,"28,200",6,2015,동현로47번길 22,20211013,-,-
부산광역시 금정구 부곡동,971,971,0,삼한사랑채,61.1282,202110,13,"28,200",6,2015,동현로47번길 22,,-,-
부산광역시 금정구 부곡동,Nov-63,63,11,에스케이,30.78,202110,16,"16,700",5,1998,수림로 12,,-,-
부산광역시 금정구 부곡동,977,977,0,온천장역동원로얄듀크,72.7613,202110,9,"54,800",9,2018,부곡로42번길 25,,-,-
부산광역시 금정구 부곡동,977,977,0,온천장역동원로얄듀크,84.9207,202110,13,"63,800",11,2018,부곡로42번길 25,,-,-
부산광역시 금정구 부곡동,235-5,235,5,우신뉴타운,59.82,202110,1,"30,600",9,1995,중앙대로1667번길 8,,-,-
부산광역시 금정구 부곡동,235-5,235,5,우신뉴타운,84.87,202110,2,"47,000",10,1995,중앙대로1667번길 8,,-,-
부산광역시 금정구 부곡동,235-5,235,5,우신뉴타운,59.82,202110,19,"28,000",20,1995,중앙대로1667번길 8,,-,-
부산광역시 금정구 부곡동,235-5,235,5,우신뉴타운,59.82,202110,21,"29,800",13,1995,중앙대로1667번길 8,,-,-
부산광역시 금정구 부곡동,235-5,235,5,우신뉴타운,59.82,202110,25,"30,000",15,1995,중앙대로1667번길 8,,-,-
부산광역시 금정구 부곡동,09월 05일,9,5,중앙시티빌,109.89,202110,14,"18,500",4,2000,중앙대로1778번길 55,,-,-
부산광역시 금정구 부곡동,11월 18일,11,18,청수하이빌,84.96,202110,2,"15,200",2,2001,무학송로138번길 11,,-,-
부산광역시 금정구 부곡동,64-23,64,23,퀸즈더블유장전역,65.473,202110,2,"43,000",12,2017,부곡온천천로 190,,-,-
부산광역시 금정구 부곡동,64-23,64,23,퀸즈더블유장전역,49.5406,202110,5,"24,000",20,2017,부곡온천천로 190,,-,-
부산광역시 금정구 서동,228-1,228,1,삼한여명,59.71,202110,20,"17,200",5,1997,중군진로 25,,-,-
부산광역시 금정구 서동,237-1,237,1,서동로얄맨션,73.92,202110,6,"20,000",2,1978,서동로194번길 29-1,,-,-
부산광역시 금정구 서동,304-151,304,151,서동삼한-1,59.87,202110,28,"15,800",8,2003,명서로 76,,-,-
부산광역시 금정구 서동,255,255,0,서동현대,49.085,202110,19,"17,500",5,1989,옥봉로13번길 6,,-,-
부산광역시 금정구 서동,622,622,0,성지리벨루스,59.935,202110,20,"19,700",15,2004,명서로 94,,-,-
부산광역시 금정구 장전동,732,732,0,금정산쌍용예가,84.86,202110,13,"65,500",10,2012,금강로379번길 50,,-,-
부산광역시 금정구 장전동,521-62,521,62,금정산한신,59.925,202110,16,"19,000",9,1997,소정로 39,,-,-
부산광역시 금정구 장전동,710,710,0,금정힐스테이트,84.9405,202110,17,"57,400",2,2010,금강로335번길 90,,-,-
부산광역시 금정구 장전동,651-31,651,31,드림아트온,46.5371,202110,2,"19,500",16,2017,식물원로9번길 26,,-,-
부산광역시 금정구 장전동,651-31,651,31,드림아트온,40.6118,202110,6,"19,500",12,2017,식물원로9번길 26,,-,-
부산광역시 금정구 장전동,651-31,651,31,드림아트온,46.5371,202110,14,"20,300",14,2017,식물원로9번길 26,,-,-
부산광역시 금정구 장전동,745,745,0,래미안장전,37.2211,202110,1,"45,300",10,2017,금정로 20,,-,-
부산광역시 금정구 장전동,745,745,0,래미안장전,37.2211,202110,1,"45,000",7,2017,금정로 20,,-,-
부산광역시 금정구 장전동,745,745,0,래미안장전,59.9092,202110,2,"87,000",27,2017,금정로 20,,-,-
부산광역시 금정구 장전동,745,745,0,래미안장전,37.2211,202110,7,"40,505",8,2017,금정로 20,,-,-
부산광역시 금정구 장전동,717,717,0,벽산블루밍장전디자인시티2단지,59.99,202110,7,"48,000",12,2012,금강로 225,,-,-
부산광역시 금정구 장전동,717,717,0,벽산블루밍장전디자인시티2단지,84.99,202110,16,"62,000",8,2012,금강로 225,,-,-
부산광역시 금정구 장전동,717,717,0,벽산블루밍장전디자인시티2단지,84.99,202110,18,"60,000",3,2012,금강로 225,,-,-
부산광역시 금정구 장전동,717,717,0,벽산블루밍장전디자인시티2단지,104.86,202110,19,"79,000",3,2012,금강로 225,,-,-
부산광역시 금정구 장전동,652-30,652,30,용진노블레스,84.96,202110,7,"28,500",13,2003,온천장로 147,,-,-
부산광역시 금정구 장전동,604-12,604,12,윤성리버티,47.424,202110,18,"21,800",12,2019,온천장로125번길 28-20,,-,-
부산광역시 금정구 장전동,581,581,0,장전경보,157.04,202110,2,"46,000",4,1997,식물원로75번길 33,,-,-
부산광역시 금정구 장전동,581,581,0,장전경보,157.04,202110,12,"37,000",23,1997,식물원로75번길 33,,-,-
부산광역시 금정구 장전동,713,713,0,장전동금정산SKVIEW,84.997,202110,6,"78,700",13,2010,식물원로 64,,-,-
부산광역시 금정구 장전동,713,713,0,장전동금정산SKVIEW,59.979,202110,7,"54,000",9,2010,식물원로 64,,-,-
부산광역시 금정구 장전동,713,713,0,장전동금정산SKVIEW,84.997,202110,8,"77,000",11,2010,식물원로 64,,-,-
부산광역시 금정구 장전동,713,713,0,장전동금정산SKVIEW,59.979,202110,18,"54,800",12,2010,식물원로 64,,-,-
부산광역시 금정구 장전동,74-77,74,77,장전현대,59.7,202110,4,"16,400",12,2006,수림로 107,,-,-
부산광역시 금정구 장전동,74-77,74,77,장전현대,75.42,202110,30,"18,000",12,2006,수림로 107,,-,-
부산광역시 금정구 장전동,607-7,607,7,허브팰리스장전,53.929,202110,11,"30,000",12,2019,식물원로9번길 10,,-,-
부산광역시 금정구 장전동,607-7,607,7,허브팰리스장전,77.6481,202110,12,"35,000",13,2019,식물원로9번길 10,,-,-
부산광역시 금정구 장전동,607-7,607,7,허브팰리스장전,53.929,202110,23,"31,000",23,2019,식물원로9번길 10,,-,-
부산광역시 금정구 장전동,607-7,607,7,허브팰리스장전,53.929,202110,29,"29,300",6,2019,식물원로9번길 10,,-,-
부산광역시 금정구 청룡동,350,350,0,경동,84.62,202110,1,"30,600",11,1997,청룡예전로 74,,-,-
부산광역시 금정구 청룡동,350,350,0,경동,84.62,202110,13,"28,300",5,1997,청룡예전로 74,,-,-
부산광역시 금정구 청룡동,350,350,0,경동,59.79,202110,27,"23,200",8,1997,청룡예전로 74,,-,-
부산광역시 금정구 청룡동,380-5,380,5,경동2차,128.8988,202110,6,"49,500",4,2007,청룡예전로 100-12,,-,-
부산광역시 금정구 청룡동,633-4,633,4,구남,58.44,202110,16,"13,500",13,1998,청룡로 60,,-,-
부산광역시 금정구 청룡동,142-10,142,10,네오밸리스,120.88,202110,2,"28,300",3,2003,놀이마당로 14,,-,-
부산광역시 금정구 청룡동,12월 28일,28,12,세왕자이연,73.17,202110,9,"24,000",8,2014,청룡예전로 6,,-,-
부산광역시 금정구 청룡동,Jan-45,45,1,아카데미빌라,146,202110,15,"32,000",6,1992,청룡로34번길 13-17,,-,-
부산광역시 금정구 청룡동,Aug-45,45,8,태림아르페,72.49,202110,19,"28,000",3,2017,청룡로 34,,-,-
부산광역시 금정구 회동동,551,551,0,금성타운,70.435,202110,22,"19,000",4,2012,금사로 156,,-,-
부산광역시 기장군 기장읍 교리,352-4,352,4,가화랜드빌,52.9649,202110,11,"12,450",6,2002,차성동로 168-20,,-,-
부산광역시 기장군 기장읍 교리,343-1,343,1,가화만사성,53.4307,202110,9,"16,000",11,2004,차성동로 167-10,,-,-
부산광역시 기장군 기장읍 교리,65,65,0,문화그린맨션,84.135,202110,4,"19,000",1,1993,차성로417번길 21,,-,-
부산광역시 기장군 기장읍 교리,268,268,0,부전타워,84.505,202110,9,"18,500",10,1992,차성동로172번길 15,,-,-
부산광역시 기장군 기장읍 교리,268,268,0,부전타워,83.36,202110,20,"18,900",12,1992,차성로436번길 28,,-,-
부산광역시 기장군 기장읍 교리,251-3,251,3,성신목화,84.78,202110,2,"16,300",7,1992,차성로 442,,-,-
부산광역시 기장군 기장읍 교리,251-3,251,3,성신목화,84.78,202110,8,"16,500",8,1992,차성로 442,,-,-
부산광역시 기장군 기장읍 교리,251-3,251,3,성신목화,84.78,202110,29,"16,900",5,1992,차성로 442,,-,-
부산광역시 기장군 기장읍 교리,251-3,251,3,성신목화,84.78,202110,30,"14,300",1,1992,차성로 442,,-,-
부산광역시 기장군 기장읍 교리,2,2,0,이진캐스빌블루1차,84.9753,202110,4,"42,700",17,2011,차성로 461,,-,-
부산광역시 기장군 기장읍 교리,2,2,0,이진캐스빌블루1차,84.9005,202110,6,"45,000",18,2011,차성로 461,,-,-
부산광역시 기장군 기장읍 교리,2,2,0,이진캐스빌블루1차,84.922,202110,9,"44,500",25,2011,차성로 461,,-,-
부산광역시 기장군 기장읍 교리,2,2,0,이진캐스빌블루1차,84.9753,202110,23,"42,000",13,2011,차성로 461,,-,-
부산광역시 기장군 기장읍 교리,361-1,361,1,전원그린맨션B동,56.86,202110,29,"9,800",4,1993,차성동로154번길 28,,-,-
부산광역시 기장군 기장읍 교리,05월 14일,14,5,태영,59.75,202110,3,"16,000",14,1995,차성로441번길 7,,-,-
부산광역시 기장군 기장읍 교리,05월 14일,14,5,태영,59.75,202110,16,"16,000",5,1995,차성로441번길 7,,-,-
부산광역시 기장군 기장읍 교리,05월 14일,14,5,태영,84.975,202110,16,"19,700",20,1995,차성로441번길 7,,-,-
부산광역시 기장군 기장읍 교리,05월 14일,14,5,태영,59.75,202110,17,"16,000",4,1995,차성로441번길 7,,-,-
부산광역시 기장군 기장읍 교리,05월 14일,14,5,태영,59.75,202110,19,"17,000",8,1995,차성로441번길 7,,-,-
부산광역시 기장군 기장읍 교리,05월 14일,14,5,태영,59.75,202110,20,"16,800",11,1995,차성로441번길 7,,-,-
부산광역시 기장군 기장읍 교리,05월 14일,14,5,태영,59.75,202110,23,"18,000",18,1995,차성로441번길 7,,-,-
부산광역시 기장군 기장읍 내리,776,776,0,동부산 뜨란채,84.91,202110,30,"53,000",12,2009,기장대로 67,,-,-
부산광역시 기장군 기장읍 내리,792,792,0,동부산관광단지삼정그린코아더베스트,79.9755,202110,9,"58,900",2,2017,기장대로 82-8,,-,-
부산광역시 기장군 기장읍 내리,792,792,0,동부산관광단지삼정그린코아더베스트,84.9887,202110,16,"67,700",11,2017,기장대로 82-8,,-,-
부산광역시 기장군 기장읍 내리,792,792,0,동부산관광단지삼정그린코아더베스트,84.9887,202110,17,"66,000",5,2017,기장대로 82-8,,-,-
부산광역시 기장군 기장읍 대라리,172-12,172,12,가화랜드빌기장1차,59.9416,202110,11,"12,250",7,2001,차성로216번길 26,,-,-
부산광역시 기장군 기장읍 대라리,838,838,0,갤러리하우스,83.47,202110,11,"23,000",4,2012,차성서로109번길 23,,-,-
부산광역시 기장군 기장읍 대라리,971,971,0,금강궁전,58.38,202110,6,"10,700",5,1994,차성남로 13-6,,-,-
부산광역시 기장군 기장읍 대라리,971,971,0,금강궁전,58.38,202110,6,"9,500",1,1994,차성남로 13-6,,-,-
부산광역시 기장군 기장읍 대라리,971,971,0,금강궁전,58.38,202110,9,"9,000",2,1994,차성남로 13-6,,-,-
부산광역시 기장군 기장읍 대라리,Jun-97,97,6,남평파크뷰,83.305,202110,4,"23,800",9,2013,차성남로89번길 5-7,,-,-
부산광역시 기장군 기장읍 대라리,126-2,126,2,담덕기장센텀,53.81,202110,30,"15,250",13,2014,차성동로45번길 31,,-,-
부산광역시 기장군 기장읍 대라리,408-2,408,2,더테라스,63.002,202110,9,"23,400",11,2019,차성남로51번길 1-1,,-,-
부산광역시 기장군 기장읍 대라리,Feb-89,89,2,동국에버리치,53.29,202110,2,"13,000",8,2013,차성동로50번길 5,,-,-
부산광역시 기장군 기장읍 대라리,112-1,112,1,동부산어반리움,71.95,202110,13,"27,660",10,2019,차성남로 69,,-,-
부산광역시 기장군 기장읍 대라리,Sep-33,33,9,삼협아띠랑스,59.695,202110,12,"17,700",5,2017,차성남로89번길 16,,-,-
부산광역시 기장군 기장읍 대라리,Sep-33,33,9,삼협아띠랑스,59.695,202110,27,"16,300",8,2017,차성남로89번길 16,,-,-
부산광역시 기장군 기장읍 대라리,88-22,88,22,센트리움기장,56.5289,202110,5,"22,950",14,2021,차성동로51번길 1,,-,-
부산광역시 기장군 기장읍 대라리,88-22,88,22,센트리움기장,56.5289,202110,20,"22,650",9,2021,차성동로51번길 1,,-,-
부산광역시 기장군 기장읍 대라리,925,925,0,씨엘늘채움,78.0341,202110,14,"21,000",3,2007,차성남로 8-18,,-,-
부산광역시 기장군 기장읍 대라리,306-2,306,2,에스디빌라트,58.5413,202110,6,"26,200",6,2019,대청로13번길 30,,-,-
부산광역시 기장군 기장읍 대라리,94-13,94,13,에이원더시티,25.1935,202110,14,"11,000",11,2019,차성남로89번길 6-1,,-,-
부산광역시 기장군 기장읍 대라리,Aug-94,94,8,에코하임기장,49.2565,202110,3,"16,800",11,2017,차성남로89번길 4,,-,-
부산광역시 기장군 기장읍 대라리,1000,1000,0,월가아델리스,74.4166,202110,9,"23,400",5,2015,차성남로 23,,-,-
부산광역시 기장군 기장읍 대라리,240,240,0,이진캐스빌,79.63,202110,2,"24,500",13,2003,차성서로 51,,-,-
부산광역시 기장군 기장읍 대라리,240,240,0,이진캐스빌,79.63,202110,5,"26,500",11,2003,차성서로 51,,-,-
부산광역시 기장군 기장읍 대라리,240,240,0,이진캐스빌,59.91,202110,22,"19,500",17,2003,차성서로 51,,-,-
부산광역시 기장군 기장읍 대라리,240,240,0,이진캐스빌,79.63,202110,24,"25,000",15,2003,차성서로 51,,-,-
부산광역시 기장군 기장읍 대라리,240,240,0,이진캐스빌,59.91,202110,29,"20,500",16,2003,차성서로 51,,-,-
부산광역시 기장군 기장읍 대라리,183-10,183,10,테마하이츠빌,76.64,202110,29,"10,000",7,2003,대청로8번길 47,,-,-
부산광역시 기장군 기장읍 대라리,126-12,126,12,페리II,79.74,202110,18,"24,000",13,2018,차성남로 61,,-,-
부산광역시 기장군 기장읍 대라리,126-12,126,12,페리II,79.74,202110,25,"24,000",12,2018,차성남로 61,,-,-
부산광역시 기장군 기장읍 대라리,1024,1024,0,한평드림빌,84.78,202110,22,"15,700",4,2003,차성남로35번길 3,,-,-
부산광역시 기장군 기장읍 대변리,647,647,0,경보그랜드비치,84.7205,202110,8,"37,000",8,2018,무양2길 17-7,,-,-
부산광역시 기장군 기장읍 동부리,395-1,395,1,남경캐슬,84.635,202110,20,"16,500",2,2013,배산로68번길 5,,-,-
부산광역시 기장군 기장읍 동부리,133-8,133,8,대진로얄,82.93,202110,8,"17,500",7,1990,차성로326번길 9,,-,-
부산광역시 기장군 기장읍 동부리,133-8,133,8,대진로얄,67.92,202110,12,"13,200",4,1990,차성로326번길 9,,-,-
부산광역시 기장군 기장읍 동부리,133-8,133,8,대진로얄,82.93,202110,21,"18,000",9,1990,차성로326번길 9,,-,-
부산광역시 기장군 기장읍 동부리,159-1,159,1,동보빌라,84.77,202110,6,"15,000",3,1991,차성로326번길 14,,-,-
부산광역시 기장군 기장읍 동부리,374-11,374,11,동산그린타워,59.51,202110,18,"11,500",1,1992,차성동로122번길 30,,-,-
부산광역시 기장군 기장읍 동부리,374-11,374,11,동산그린타워,59.51,202110,25,"13,000",3,1992,차성동로122번길 30,,-,-
부산광역시 기장군 기장읍 동부리,377-2,377,2,동산백조,71.61,202110,6,"10,500",5,1991,차성동로142번길 12-8,,-,-
부산광역시 기장군 기장읍 동부리,377-2,377,2,동산백조,62.74,202110,16,"11,800",3,1991,차성동로142번길 12-8,,-,-
부산광역시 기장군 기장읍 동부리,377-2,377,2,동산백조,71.61,202110,19,"7,200",5,1991,차성동로142번길 12-8,,-,-
부산광역시 기장군 기장읍 동부리,158-3,158,3,서린에코빌,62.595,202110,5,"13,550",5,1989,차성로326번길 19,,-,-
부산광역시 기장군 기장읍 동부리,151-5,151,5,한신,84.985,202110,8,"29,500",18,1995,차성로344번길 13,,-,-
부산광역시 기장군 기장읍 동부리,151-5,151,5,한신,59.85,202110,8,"18,850",23,1995,차성로344번길 13,,-,-
부산광역시 기장군 기장읍 동부리,151-5,151,5,한신,59.85,202110,9,"21,000",21,1995,차성로344번길 13,,-,-
부산광역시 기장군 기장읍 동부리,151-5,151,5,한신,84.985,202110,9,"35,000",17,1995,차성로344번길 13,,-,-
부산광역시 기장군 기장읍 동부리,151-5,151,5,한신,59.85,202110,17,"21,900",11,1995,차성로344번길 13,,-,-
부산광역시 기장군 기장읍 동부리,395-3,395,3,혜성빌라,84.115,202110,13,"6,800",2,1996,배산로68번길 3,,-,-
부산광역시 기장군 기장읍 서부리,101,101,0,서부주공,59.83,202110,6,"17,400",13,2001,차성서로 123,,-,-
부산광역시 기장군 기장읍 서부리,101,101,0,서부주공,46.2,202110,10,"16,300",2,2001,차성서로 123,,-,-
부산광역시 기장군 기장읍 서부리,101,101,0,서부주공,59.92,202110,10,"23,300",9,2001,차성서로 123,,-,-
부산광역시 기장군 기장읍 서부리,101,101,0,서부주공,59.83,202110,14,"23,000",15,2001,차성서로 123,,-,-
부산광역시 기장군 기장읍 서부리,101,101,0,서부주공,59.83,202110,30,"21,900",3,2001,차성서로 123,,-,-
부산광역시 기장군 기장읍 서부리,402,402,0,이진테마빌,51.2689,202110,4,"11,800",12,2000,배산로8번길 65,,-,-
부산광역시 기장군 기장읍 서부리,402,402,0,이진테마빌,48.598,202110,13,"12,500",14,2000,배산로8번길 65,,-,-
부산광역시 기장군 기장읍 서부리,402,402,0,이진테마빌,59.0604,202110,13,"15,200",14,2000,배산로8번길 51,,-,-
부산광역시 기장군 기장읍 서부리,402,402,0,이진테마빌,56.6304,202110,14,"14,900",13,2000,배산로8번길 51,,-,-
부산광역시 기장군 기장읍 서부리,402,402,0,이진테마빌,48.598,202110,16,"11,900",10,2000,배산로8번길 65,,-,-
부산광역시 기장군 기장읍 서부리,402,402,0,이진테마빌,59.0604,202110,16,"14,700",10,2000,배산로8번길 51,,-,-
부산광역시 기장군 기장읍 청강리,114-1,114,1,비룡벨로스텔라,65.235,202110,14,"19,800",9,2014,기장대로 482-5,,-,-
부산광역시 기장군 기장읍 청강리,258,258,0,씨앤스타빌,49.96,202110,23,"13,000",5,2014,기장대로 470,,-,-
부산광역시 기장군 기장읍 청강리,144,144,0,우신네오빌,59.9882,202110,5,"24,200",10,2003,청강로 76,,-,-
부산광역시 기장군 기장읍 청강리,Jan-60,60,1,청강리더스빌,81.2138,202110,14,"30,000",13,2020,차성남로 105,,-,-
부산광역시 기장군 기장읍 청강리,333,333,0,청강주공,39.69,202110,4,"22,000",3,1990,청강로 6,,-,-
부산광역시 기장군 기장읍 청강리,333,333,0,청강주공,32.76,202110,23,"21,800",1,1990,청강로 6,,-,-
부산광역시 기장군 기장읍 청강리,02월 18일,18,2,현대,59.95,202110,4,"31,900",10,1993,기장대로 563,,-,-
부산광역시 기장군 일광면 삼성리,713-3,713,3,세흥비치,79.5,202110,1,"28,000",9,1992,일역길 75,,-,-
부산광역시 기장군 일광면 삼성리,783,783,0,일광자이푸르지오1단지,63.9811,202110,25,"62,200",19,2020,해빛로 39-1,,-,-
부산광역시 기장군 일광면 삼성리,785,785,0,일광자이푸르지오2단지,84.9718,202110,11,"76,000",18,2020,해빛로 29,,-,-
부산광역시 기장군 일광면 이천리,921-1,921,1,가화일광타워,59.8654,202110,1,"31,500",11,2011,이천10길 37,,-,-
부산광역시 기장군 일광면 이천리,921-1,921,1,가화일광타워,59.8654,202110,10,"34,200",25,2011,이천10길 37,,-,-
부산광역시 기장군 일광면 이천리,921-1,921,1,가화일광타워,59.8654,202110,15,"26,500",4,2011,이천10길 37,,-,-
부산광역시 기장군 일광면 이천리,921-1,921,1,가화일광타워,59.8654,202110,21,"29,000",5,2011,이천10길 37,,-,-
부산광역시 기장군 일광면 이천리,921-1,921,1,가화일광타워,59.8654,202110,28,"15,792",6,2011,이천10길 37,,-,-
부산광역시 기장군 일광면 이천리,921-1,921,1,가화일광타워,59.8654,202110,28,"26,800",6,2011,이천10길 37,,-,-
부산광역시 기장군 일광면 이천리,472,472,0,동부산쏠마레,49.0658,202110,22,"16,700",5,2014,이천11길 23,,-,-
부산광역시 기장군 일광면 이천리,472,472,0,동부산쏠마레,49.0658,202110,23,"16,800",5,2014,이천11길 23,,-,-
부산광역시 기장군 일광면 이천리,767,767,0,부전비치,59.88,202110,15,"14,100",4,1992,이화로 17,,-,-
부산광역시 기장군 일광면 이천리,369-4,369,4,삼보맨션,49.53,202110,16,"25,000",3,1988,이천4길 16,,-,-
부산광역시 기장군 일광면 이천리,764-4,764,4,정도한스빌,54.562,202110,19,"16,000",7,2014,이화로 23,,-,-
부산광역시 기장군 정관읍 달산리,141-3,141,3,대우아파트,49.86,202110,7,"10,000",3,1994, 750-8,,-,-
부산광역시 기장군 정관읍 달산리,141-3,141,3,대우아파트,49.86,202110,9,"10,900",4,1994, 750-8,,-,-
부산광역시 기장군 정관읍 달산리,141-3,141,3,대우아파트,49.86,202110,12,"11,200",2,1994, 750-8,,-,-
부산광역시 기장군 정관읍 달산리,1244,1244,0,두산위브더테라스,84.868,202110,22,"39,000",3,2018,산단6로 33-8,,-,-
부산광역시 기장군 정관읍 달산리,139,139,0,재흥,46.895,202110,4,"7,850",1,1990, 750-24,,-,-
부산광역시 기장군 정관읍 달산리,139,139,0,재흥,46.895,202110,12,"6,000",5,1990, 750-24,,-,-
부산광역시 기장군 정관읍 달산리,1207,1207,0,정관1차동원로얄듀크,79.6526,202110,2,"34,000",9,2013,139,,-,-
부산광역시 기장군 정관읍 달산리,1207,1207,0,정관1차동원로얄듀크,59.997,202110,2,"26,250",16,2013,139,,-,-
부산광역시 기장군 정관읍 달산리,1207,1207,0,정관1차동원로얄듀크,79.6089,202110,4,"35,000",3,2013,139,,-,-
부산광역시 기장군 정관읍 달산리,1207,1207,0,정관1차동원로얄듀크,59.997,202110,5,"25,200",15,2013,139,,-,-
부산광역시 기장군 정관읍 달산리,1207,1207,0,정관1차동원로얄듀크,59.997,202110,9,"24,300",15,2013,139,,-,-
부산광역시 기장군 정관읍 달산리,1207,1207,0,정관1차동원로얄듀크,79.6526,202110,11,"33,300",4,2013,139,20211028,-,-
부산광역시 기장군 정관읍 달산리,1207,1207,0,정관1차동원로얄듀크,79.6526,202110,11,"33,300",4,2013,139,,-,-
부산광역시 기장군 정관읍 달산리,1207,1207,0,정관1차동원로얄듀크,59.997,202110,16,"26,800",11,2013,139,,-,-
부산광역시 기장군 정관읍 달산리,1207,1207,0,정관1차동원로얄듀크,79.6526,202110,16,"35,200",12,2013,139,,-,-
부산광역시 기장군 정관읍 달산리,1207,1207,0,정관1차동원로얄듀크,59.997,202110,16,"26,500",11,2013,139,,-,-
부산광역시 기장군 정관읍 달산리,1207,1207,0,정관1차동원로얄듀크,59.997,202110,21,"24,800",3,2013,139,,-,-
부산광역시 기장군 정관읍 달산리,1207,1207,0,정관1차동원로얄듀크,59.997,202110,21,"26,500",18,2013,139,,-,-
부산광역시 기장군 정관읍 달산리,1199,1199,0,정관센트럴파크,84.59,202110,11,"32,000",6,2009,10,,-,-
부산광역시 기장군 정관읍 달산리,1199,1199,0,정관센트럴파크,84.59,202110,13,"35,000",11,2009,10,,-,-
부산광역시 기장군 정관읍 달산리,1199,1199,0,정관센트럴파크,84.99,202110,14,"35,500",9,2009,10,,-,-
부산광역시 기장군 정관읍 달산리,1199,1199,0,정관센트럴파크,59.83,202110,16,"23,250",2,2009,10,,-,-
부산광역시 기장군 정관읍 달산리,1199,1199,0,정관센트럴파크,59.83,202110,16,"26,000",8,2009,10,,-,-
부산광역시 기장군 정관읍 달산리,1199,1199,0,정관센트럴파크,59.83,202110,18,"24,400",9,2009,10,,-,-
부산광역시 기장군 정관읍 달산리,1199,1199,0,정관센트럴파크,84.59,202110,18,"31,000",5,2009,10,,-,-
부산광역시 기장군 정관읍 달산리,1199,1199,0,정관센트럴파크,84.99,202110,23,"35,900",11,2009,10,,-,-
부산광역시 기장군 정관읍 달산리,1199,1199,0,정관센트럴파크,59.81,202110,25,"23,900",10,2009,10,,-,-
부산광역시 기장군 정관읍 달산리,1199,1199,0,정관센트럴파크,84.41,202110,28,"34,500",15,2009,10,,-,-
부산광역시 기장군 정관읍 달산리,1199,1199,0,정관센트럴파크,59.83,202110,29,"25,400",12,2009,10,,-,-
부산광역시 기장군 정관읍 달산리,1199,1199,0,정관센트럴파크,84.41,202110,30,"32,000",1,2009,10,,-,-
부산광역시 기장군 정관읍 매학리,723,723,0,정관2차동원로얄듀크,84.999,202110,2,"50,000",18,2013,12,,-,-
부산광역시 기장군 정관읍 매학리,723,723,0,정관2차동원로얄듀크,84.9993,202110,2,"41,700",1,2013,12,,-,-
부산광역시 기장군 정관읍 매학리,723,723,0,정관2차동원로얄듀크,59.997,202110,2,"32,000",6,2013,12,,-,-
부산광역시 기장군 정관읍 매학리,723,723,0,정관2차동원로얄듀크,59.997,202110,9,"26,600",1,2013,12,,-,-
부산광역시 기장군 정관읍 매학리,723,723,0,정관2차동원로얄듀크,59.997,202110,9,"33,300",10,2013,12,,-,-
부산광역시 기장군 정관읍 매학리,723,723,0,정관2차동원로얄듀크,59.997,202110,11,"34,000",12,2013,12,,-,-
부산광역시 기장군 정관읍 매학리,723,723,0,정관2차동원로얄듀크,84.9993,202110,20,"41,000",4,2013,12,,-,-
부산광역시 기장군 정관읍 매학리,723,723,0,정관2차동원로얄듀크,84.9993,202110,22,"44,000",1,2013,12,,-,-
부산광역시 기장군 정관읍 매학리,723,723,0,정관2차동원로얄듀크,84.9993,202110,22,"43,000",9,2013,12,,-,-
부산광역시 기장군 정관읍 매학리,723,723,0,정관2차동원로얄듀크,59.997,202110,25,"35,500",9,2013,12,,-,-
부산광역시 기장군 정관읍 매학리,723,723,0,정관2차동원로얄듀크,59.997,202110,27,"32,000",3,2013,12,,-,-
부산광역시 기장군 정관읍 매학리,723,723,0,정관2차동원로얄듀크,84.9993,202110,27,"48,000",9,2013,12,,-,-
부산광역시 기장군 정관읍 모전리,728,728,0,동일스위트3차,100.7622,202110,1,"41,500",12,2014,9,,-,-
부산광역시 기장군 정관읍 모전리,728,728,0,동일스위트3차,100.7622,202110,2,"45,000",19,2014,9,,-,-
부산광역시 기장군 정관읍 모전리,728,728,0,동일스위트3차,65.9876,202110,2,"25,000",13,2014,9,,-,-
부산광역시 기장군 정관읍 모전리,728,728,0,동일스위트3차,75.5781,202110,4,"30,000",20,2014,9,,-,-
부산광역시 기장군 정관읍 모전리,728,728,0,동일스위트3차,100.7622,202110,5,"44,000",7,2014,9,,-,-
부산광역시 기장군 정관읍 모전리,728,728,0,동일스위트3차,84.9938,202110,7,"35,500",9,2014,9,,-,-
부산광역시 기장군 정관읍 모전리,728,728,0,동일스위트3차,75.5781,202110,8,"31,000",19,2014,9,,-,-
부산광역시 기장군 정관읍 모전리,728,728,0,동일스위트3차,75.5781,202110,9,"29,000",5,2014,9,,-,-
부산광역시 기장군 정관읍 모전리,728,728,0,동일스위트3차,65.9876,202110,9,"25,000",4,2014,9,,-,-
부산광역시 기장군 정관읍 모전리,728,728,0,동일스위트3차,84.9938,202110,11,"34,000",18,2014,9,,-,-
부산광역시 기장군 정관읍 모전리,728,728,0,동일스위트3차,100.7622,202110,13,"43,700",20,2014,9,,-,-
부산광역시 기장군 정관읍 모전리,728,728,0,동일스위트3차,84.9938,202110,15,"30,000",3,2014,9,,-,-
부산광역시 기장군 정관읍 모전리,728,728,0,동일스위트3차,65.9876,202110,16,"29,300",15,2014,9,,-,-
부산광역시 기장군 정관읍 모전리,728,728,0,동일스위트3차,84.9174,202110,28,"35,000",20,2014,9,,-,-
부산광역시 기장군 정관읍 모전리,723,723,0,이지더원,59.8832,202110,2,"20,200",1,2011,18,,-,-
부산광역시 기장군 정관읍 모전리,723,723,0,이지더원,84.8834,202110,5,"32,000",8,2011,18,,-,-
부산광역시 기장군 정관읍 모전리,723,723,0,이지더원,59.8832,202110,5,"22,600",11,2011,18,,-,-
부산광역시 기장군 정관읍 모전리,723,723,0,이지더원,59.8832,202110,8,"23,500",16,2011,18,,-,-
부산광역시 기장군 정관읍 모전리,723,723,0,이지더원,84.7808,202110,9,"27,800",18,2011,18,,-,-
부산광역시 기장군 정관읍 모전리,723,723,0,이지더원,84.8834,202110,9,"27,900",9,2011,18,,-,-
부산광역시 기장군 정관읍 모전리,723,723,0,이지더원,84.7808,202110,11,"32,500",16,2011,18,,-,-
부산광역시 기장군 정관읍 모전리,723,723,0,이지더원,84.7808,202110,15,"31,900",12,2011,18,,-,-
부산광역시 기장군 정관읍 모전리,723,723,0,이지더원,59.8832,202110,16,"23,200",7,2011,18,,-,-
부산광역시 기장군 정관읍 모전리,723,723,0,이지더원,59.8832,202110,16,"23,000",15,2011,18,,-,-
부산광역시 기장군 정관읍 모전리,723,723,0,이지더원,84.7808,202110,20,"36,700",20,2011,18,,-,-
부산광역시 기장군 정관읍 모전리,723,723,0,이지더원,59.8832,202110,20,"23,000",12,2011,18,,-,-
부산광역시 기장군 정관읍 모전리,735,735,0,이지더원2차,59.8935,202110,1,"23,400",3,2012,9,,-,-
부산광역시 기장군 정관읍 모전리,735,735,0,이지더원2차,59.8935,202110,2,"24,800",19,2012,9,,-,-
부산광역시 기장군 정관읍 모전리,735,735,0,이지더원2차,84.9644,202110,3,"36,900",16,2012,9,,-,-
부산광역시 기장군 정관읍 모전리,735,735,0,이지더원2차,59.8935,202110,5,"25,000",14,2012,9,,-,-
부산광역시 기장군 정관읍 모전리,735,735,0,이지더원2차,59.8935,202110,6,"25,400",13,2012,9,,-,-
부산광역시 기장군 정관읍 모전리,735,735,0,이지더원2차,84.9644,202110,8,"39,000",10,2012,9,,-,-
부산광역시 기장군 정관읍 모전리,735,735,0,이지더원2차,59.9984,202110,8,"22,200",4,2012,9,,-,-
부산광역시 기장군 정관읍 모전리,735,735,0,이지더원2차,84.9644,202110,8,"36,500",15,2012,9,,-,-
부산광역시 기장군 정관읍 모전리,735,735,0,이지더원2차,59.8935,202110,9,"25,000",3,2012,9,,-,-
부산광역시 기장군 정관읍 모전리,735,735,0,이지더원2차,59.8935,202110,11,"25,400",12,2012,9,,-,-
부산광역시 기장군 정관읍 모전리,735,735,0,이지더원2차,59.8935,202110,11,"24,300",2,2012,9,,-,-
부산광역시 기장군 정관읍 모전리,735,735,0,이지더원2차,59.8935,202110,12,"22,000",7,2012,9,,-,-
부산광역시 기장군 정관읍 모전리,735,735,0,이지더원2차,84.9644,202110,12,"37,900",20,2012,9,,-,-
부산광역시 기장군 정관읍 모전리,735,735,0,이지더원2차,59.8935,202110,17,"23,800",1,2012,9,,-,-
부산광역시 기장군 정관읍 모전리,735,735,0,이지더원2차,84.9644,202110,20,"32,500",8,2012,9,,-,-
부산광역시 기장군 정관읍 모전리,735,735,0,이지더원2차,84.9644,202110,27,"38,600",6,2012,9,,-,-
부산광역시 기장군 정관읍 모전리,730,730,0,이지더원3차,65.6536,202110,2,"28,500",1,2015,정관로 350,,-,-
부산광역시 기장군 정관읍 모전리,730,730,0,이지더원3차,65.6536,202110,2,"28,900",2,2015,정관로 350,,-,-
부산광역시 기장군 정관읍 모전리,730,730,0,이지더원3차,65.6536,202110,2,"27,000",3,2015,정관로 350,,-,-
부산광역시 기장군 정관읍 모전리,730,730,0,이지더원3차,84.97,202110,6,"41,300",9,2015,정관로 350,,-,-
부산광역시 기장군 정관읍 모전리,730,730,0,이지더원3차,74.1653,202110,9,"33,900",10,2015,정관로 350,,-,-
부산광역시 기장군 정관읍 모전리,730,730,0,이지더원3차,84.97,202110,13,"42,000",12,2015,정관로 350,,-,-
부산광역시 기장군 정관읍 모전리,730,730,0,이지더원3차,84.97,202110,17,"37,900",13,2015,정관로 350,,-,-
부산광역시 기장군 정관읍 모전리,730,730,0,이지더원3차,84.97,202110,19,"41,400",6,2015,정관로 350,,-,-
부산광역시 기장군 정관읍 모전리,776,776,0,정관동일스위트2차,84.9803,202110,1,"30,800",8,2013,23,,-,-
부산광역시 기장군 정관읍 모전리,776,776,0,정관동일스위트2차,59.9337,202110,1,"23,800",11,2013,23,,-,-
부산광역시 기장군 정관읍 모전리,776,776,0,정관동일스위트2차,84.9864,202110,1,"34,800",4,2013,23,,-,-
부산광역시 기장군 정관읍 모전리,776,776,0,정관동일스위트2차,84.9864,202110,1,"28,000",2,2013,23,,-,-
부산광역시 기장군 정관읍 모전리,776,776,0,정관동일스위트2차,84.9803,202110,1,"33,000",3,2013,23,,-,-
부산광역시 기장군 정관읍 모전리,776,776,0,정관동일스위트2차,59.9337,202110,2,"21,800",8,2013,23,,-,-
부산광역시 기장군 정관읍 모전리,776,776,0,정관동일스위트2차,59.9337,202110,2,"21,400",6,2013,23,,-,-
부산광역시 기장군 정관읍 모전리,776,776,0,정관동일스위트2차,84.9882,202110,2,"34,000",10,2013,23,,-,-
부산광역시 기장군 정관읍 모전리,776,776,0,정관동일스위트2차,84.9882,202110,2,"29,500",18,2013,23,,-,-
부산광역시 기장군 정관읍 모전리,776,776,0,정관동일스위트2차,59.9856,202110,5,"23,500",9,2013,23,,-,-
부산광역시 기장군 정관읍 모전리,776,776,0,정관동일스위트2차,84.9803,202110,5,"33,500",2,2013,23,,-,-
부산광역시 기장군 정관읍 모전리,776,776,0,정관동일스위트2차,78.5355,202110,8,"28,000",6,2013,23,,-,-
부산광역시 기장군 정관읍 모전리,776,776,0,정관동일스위트2차,84.9864,202110,8,"29,000",5,2013,23,,-,-
부산광역시 기장군 정관읍 모전리,776,776,0,정관동일스위트2차,84.9864,202110,9,"32,000",17,2013,23,,-,-
부산광역시 기장군 정관읍 모전리,776,776,0,정관동일스위트2차,84.9882,202110,9,"35,000",13,2013,23,,-,-
부산광역시 기장군 정관읍 모전리,776,776,0,정관동일스위트2차,78.5355,202110,12,"27,800",2,2013,23,,-,-
부산광역시 기장군 정관읍 모전리,776,776,0,정관동일스위트2차,78.5355,202110,12,"27,900",5,2013,23,,-,-
부산광역시 기장군 정관읍 모전리,776,776,0,정관동일스위트2차,59.9856,202110,13,"24,000",13,2013,23,,-,-
부산광역시 기장군 정관읍 모전리,776,776,0,정관동일스위트2차,59.9337,202110,14,"22,400",2,2013,23,,-,-
부산광역시 기장군 정관읍 모전리,776,776,0,정관동일스위트2차,84.9803,202110,15,"36,000",19,2013,23,,-,-
부산광역시 기장군 정관읍 모전리,776,776,0,정관동일스위트2차,84.9882,202110,16,"34,300",15,2013,23,,-,-
부산광역시 기장군 정관읍 모전리,776,776,0,정관동일스위트2차,84.9882,202110,18,"33,900",10,2013,23,,-,-
부산광역시 기장군 정관읍 모전리,776,776,0,정관동일스위트2차,59.9856,202110,18,"23,000",3,2013,23,,-,-
부산광역시 기장군 정관읍 모전리,776,776,0,정관동일스위트2차,84.9803,202110,18,"33,800",20,2013,23,,-,-
부산광역시 기장군 정관읍 모전리,776,776,0,정관동일스위트2차,84.9803,202110,18,"27,700",1,2013,23,,-,-
부산광역시 기장군 정관읍 모전리,776,776,0,정관동일스위트2차,59.9337,202110,22,"23,000",13,2013,23,,-,-
부산광역시 기장군 정관읍 모전리,776,776,0,정관동일스위트2차,84.9882,202110,23,"33,000",2,2013,23,,-,-
부산광역시 기장군 정관읍 모전리,776,776,0,정관동일스위트2차,84.9882,202110,24,"29,500",9,2013,23,,-,-
부산광역시 기장군 정관읍 모전리,776,776,0,정관동일스위트2차,84.9882,202110,24,"30,300",19,2013,23,,-,-
부산광역시 기장군 정관읍 모전리,776,776,0,정관동일스위트2차,59.9337,202110,25,"23,800",18,2013,정관3로 23,,-,-
부산광역시 기장군 정관읍 모전리,776,776,0,정관동일스위트2차,78.5355,202110,29,"30,700",9,2013,23,,-,-
부산광역시 기장군 정관읍 모전리,776,776,0,정관동일스위트2차,84.9864,202110,30,"32,000",12,2013,23,,-,-
부산광역시 기장군 정관읍 모전리,759,759,0,정관롯데캐슬2차,101.8124,202110,6,"48,800",3,2013,51,,-,-
부산광역시 기장군 정관읍 모전리,759,759,0,정관롯데캐슬2차,127.2641,202110,11,"55,800",8,2013,51,,-,-
부산광역시 기장군 정관읍 모전리,759,759,0,정관롯데캐슬2차,127.2641,202110,15,"52,500",8,2013,51,,-,-
부산광역시 기장군 정관읍 모전리,759,759,0,정관롯데캐슬2차,127.2641,202110,16,"62,900",8,2013,51,,-,-
부산광역시 기장군 정관읍 모전리,755,755,0,정관현진에버빌,116.024,202110,1,"43,500",14,2009,40,,-,-
부산광역시 기장군 정관읍 모전리,755,755,0,정관현진에버빌,116.024,202110,2,"45,700",15,2009,40,,-,-
부산광역시 기장군 정관읍 모전리,755,755,0,정관현진에버빌,116.024,202110,4,"42,000",5,2009,40,,-,-
부산광역시 기장군 정관읍 모전리,755,755,0,정관현진에버빌,84.981,202110,5,"42,400",15,2009,40,,-,-
부산광역시 기장군 정관읍 모전리,755,755,0,정관현진에버빌,132.248,202110,5,"52,800",14,2009,40,,-,-
부산광역시 기장군 정관읍 모전리,755,755,0,정관현진에버빌,84.988,202110,8,"35,000",7,2009,40,,-,-
부산광역시 기장군 정관읍 모전리,755,755,0,정관현진에버빌,132.248,202110,12,"50,500",7,2009,40,,-,-
부산광역시 기장군 정관읍 모전리,755,755,0,정관현진에버빌,84.988,202110,16,"35,500",5,2009,40,,-,-
부산광역시 기장군 정관읍 모전리,755,755,0,정관현진에버빌,166.186,202110,16,"66,000",5,2009,40,,-,-
부산광역시 기장군 정관읍 모전리,755,755,0,정관현진에버빌,116.024,202110,16,"40,500",3,2009,40,,-,-
부산광역시 기장군 정관읍 모전리,755,755,0,정관현진에버빌,116.024,202110,19,"43,000",6,2009,40,,-,-
부산광역시 기장군 정관읍 모전리,755,755,0,정관현진에버빌,84.988,202110,26,"36,900",3,2009,40,,-,-
부산광역시 기장군 정관읍 모전리,755,755,0,정관현진에버빌,132.248,202110,27,"50,000",8,2009,40,,-,-
부산광역시 기장군 정관읍 방곡리,380,380,0,가화만사성정관타운,59.9437,202110,20,"16,430",14,2014,방곡로 39,,-,-
부산광역시 기장군 정관읍 방곡리,269-6,269,6,두리아,79.92,202110,15,"10,900",4,2001, 8-1,,-,-
부산광역시 기장군 정관읍 방곡리,378,378,0,부산정관지구이지더원5차아파트,68.414,202110,6,"25,500",6,2015,방곡로 29,,-,-
부산광역시 기장군 정관읍 방곡리,378,378,0,부산정관지구이지더원5차아파트,68.414,202110,8,"26,500",12,2015,방곡로 29,,-,-
부산광역시 기장군 정관읍 방곡리,378,378,0,부산정관지구이지더원5차아파트,68.414,202110,8,"26,000",12,2015,방곡로 29,,-,-
부산광역시 기장군 정관읍 방곡리,378,378,0,부산정관지구이지더원5차아파트,68.414,202110,13,"25,500",4,2015,방곡로 29,,-,-
부산광역시 기장군 정관읍 방곡리,378,378,0,부산정관지구이지더원5차아파트,68.414,202110,22,"24,900",2,2015,방곡로 29,,-,-
부산광역시 기장군 정관읍 방곡리,385,385,0,서희스타힐스,59.83,202110,7,"20,600",9,2011,11,,-,-
부산광역시 기장군 정관읍 방곡리,385,385,0,서희스타힐스,84.53,202110,9,"27,000",11,2011,11,,-,-
부산광역시 기장군 정관읍 방곡리,385,385,0,서희스타힐스,84.53,202110,11,"27,500",10,2011,11,,-,-
부산광역시 기장군 정관읍 방곡리,385,385,0,서희스타힐스,84.59,202110,25,"30,500",4,2011,11,,-,-
부산광역시 기장군 정관읍 방곡리,407,407,0,정관가화만사성더테라스1차,60.1758,202110,9,"43,000",6,2017,구연방곡로 120,,-,-
부산광역시 기장군 정관읍 방곡리,407,407,0,정관가화만사성더테라스1차,60.1758,202110,9,"28,000",2,2017,구연방곡로 120,,-,-
부산광역시 기장군 정관읍 방곡리,407,407,0,정관가화만사성더테라스1차,60.1758,202110,14,"32,000",4,2017,구연방곡로 120,,-,-
부산광역시 기장군 정관읍 방곡리,407,407,0,정관가화만사성더테라스1차,106.0011,202110,18,"39,000",1,2017,구연방곡로 120,,-,-
부산광역시 기장군 정관읍 방곡리,405,405,0,정관가화만사성더테라스2차,60.1758,202110,5,"43,600",6,2018,구연방곡로 106,,-,-
부산광역시 기장군 정관읍 방곡리,405,405,0,정관가화만사성더테라스2차,60.1758,202110,9,"29,000",4,2018,구연방곡로 106,,-,-
부산광역시 기장군 정관읍 용수리,1336,1336,0,이진캐스빌,84.9281,202110,3,"50,000",7,2014,정관로 545,,-,-
부산광역시 기장군 정관읍 용수리,1336,1336,0,이진캐스빌,59.8881,202110,5,"30,700",1,2014,정관로 545,,-,-
부산광역시 기장군 정관읍 용수리,1336,1336,0,이진캐스빌,59.8881,202110,9,"30,700",1,2014,정관로 545,,-,-
부산광역시 기장군 정관읍 용수리,1336,1336,0,이진캐스빌,59.8881,202110,11,"32,800",7,2014,정관로 545,,-,-
부산광역시 기장군 정관읍 용수리,1336,1336,0,이진캐스빌,59.8881,202110,15,"33,500",9,2014,정관로 545,,-,-
부산광역시 기장군 정관읍 용수리,1336,1336,0,이진캐스빌,59.8881,202110,19,"34,200",15,2014,정관로 545,,-,-
부산광역시 기장군 정관읍 용수리,1336,1336,0,이진캐스빌,84.9821,202110,23,"47,800",13,2014,정관로 545,,-,-
부산광역시 기장군 정관읍 용수리,1387,1387,0,정관동일스위트1차,84.8734,202110,2,"35,000",8,2012,24,,-,-
부산광역시 기장군 정관읍 용수리,1387,1387,0,정관동일스위트1차,59.6502,202110,5,"25,000",14,2012,24,,-,-
부산광역시 기장군 정관읍 용수리,1387,1387,0,정관동일스위트1차,84.9971,202110,5,"40,000",10,2012,24,,-,-
부산광역시 기장군 정관읍 용수리,1387,1387,0,정관동일스위트1차,84.8734,202110,6,"36,900",5,2012,24,,-,-
부산광역시 기장군 정관읍 용수리,1387,1387,0,정관동일스위트1차,84.9923,202110,6,"40,800",14,2012,24,,-,-
부산광역시 기장군 정관읍 용수리,1387,1387,0,정관동일스위트1차,59.6502,202110,8,"24,000",11,2012,24,,-,-
부산광역시 기장군 정관읍 용수리,1387,1387,0,정관동일스위트1차,84.8734,202110,9,"36,300",9,2012,24,,-,-
부산광역시 기장군 정관읍 용수리,1387,1387,0,정관동일스위트1차,59.6502,202110,9,"25,000",4,2012,24,,-,-
부산광역시 기장군 정관읍 용수리,1387,1387,0,정관동일스위트1차,59.8245,202110,9,"25,000",17,2012,24,,-,-
부산광역시 기장군 정관읍 용수리,1387,1387,0,정관동일스위트1차,59.6502,202110,9,"25,400",9,2012,24,,-,-
부산광역시 기장군 정관읍 용수리,1387,1387,0,정관동일스위트1차,59.6502,202110,12,"25,000",19,2012,24,,-,-
부산광역시 기장군 정관읍 용수리,1387,1387,0,정관동일스위트1차,59.6502,202110,15,"25,800",16,2012,24,,-,-
부산광역시 기장군 정관읍 용수리,1387,1387,0,정관동일스위트1차,59.8245,202110,16,"26,500",20,2012,24,,-,-
부산광역시 기장군 정관읍 용수리,1387,1387,0,정관동일스위트1차,84.9923,202110,16,"41,000",7,2012,24,,-,-
부산광역시 기장군 정관읍 용수리,1387,1387,0,정관동일스위트1차,84.9923,202110,19,"41,000",16,2012,24,,-,-
부산광역시 기장군 정관읍 용수리,1387,1387,0,정관동일스위트1차,84.8734,202110,25,"35,000",7,2012,24,,-,-
부산광역시 기장군 정관읍 용수리,1330,1330,0,정관신도시계룡리슈빌,112.6636,202110,1,"48,000",11,2008,513,,-,-
부산광역시 기장군 정관읍 용수리,1330,1330,0,정관신도시계룡리슈빌,84.836,202110,2,"37,700",5,2008,513,,-,-
부산광역시 기장군 정관읍 용수리,1330,1330,0,정관신도시계룡리슈빌,84.836,202110,13,"36,500",15,2008,513,,-,-
부산광역시 기장군 정관읍 용수리,1330,1330,0,정관신도시계룡리슈빌,112.6636,202110,30,"54,000",16,2008,513,,-,-
부산광역시 기장군 정관읍 용수리,1364,1364,0,정관신도시롯데캐슬,84.9,202110,5,"33,500",7,2008,52,,-,-
부산광역시 기장군 정관읍 용수리,1364,1364,0,정관신도시롯데캐슬,84.85,202110,15,"32,000",7,2008,52,,-,-
부산광역시 기장군 정관읍 용수리,1364,1364,0,정관신도시롯데캐슬,123.35,202110,16,"41,500",2,2008,52,,-,-
부산광역시 기장군 정관읍 용수리,1364,1364,0,정관신도시롯데캐슬,101.74,202110,21,"38,000",1,2008,52,,-,-
부산광역시 기장군 정관읍 용수리,1364,1364,0,정관신도시롯데캐슬,84.85,202110,25,"34,500",2,2008,52,,-,-
부산광역시 기장군 정관읍 용수리,1364,1364,0,정관신도시롯데캐슬,84.9,202110,25,"34,300",2,2008,52,,-,-
부산광역시 기장군 정관읍 용수리,1403,1403,0,정관신도시한진해모로,109.3076,202110,2,"52,000",2,2008,548,,-,-
부산광역시 기장군 정관읍 용수리,1403,1403,0,정관신도시한진해모로,122.9131,202110,2,"53,000",3,2008,548,,-,-
부산광역시 기장군 정관읍 용수리,1403,1403,0,정관신도시한진해모로,123.4835,202110,4,"60,000",9,2008,548,,-,-
부산광역시 기장군 정관읍 용수리,1403,1403,0,정관신도시한진해모로,122.9131,202110,5,"49,500",1,2008,548,,-,-
부산광역시 기장군 정관읍 용수리,1322,1322,0,정관신동아파밀리에,107.83,202110,9,"47,000",13,2008,75,,-,-
부산광역시 기장군 정관읍 용수리,1322,1322,0,정관신동아파밀리에,139.93,202110,26,"47,300",3,2008,75,,-,-
부산광역시 기장군 정관읍 용수리,1322,1322,0,정관신동아파밀리에,140.11,202110,27,"65,939",13,2008,75,,-,-
부산광역시 기장군 정관읍 용수리,1279,1279,0,정관이진캐스빌2차,84.7894,202110,1,"39,500",8,2017,가동3로 19,,-,-
부산광역시 기장군 정관읍 용수리,1279,1279,0,정관이진캐스빌2차,84.9026,202110,1,"37,000",10,2017,가동3로 19,,-,-
부산광역시 기장군 정관읍 용수리,1279,1279,0,정관이진캐스빌2차,84.7894,202110,5,"37,000",10,2017,가동3로 19,,-,-
부산광역시 기장군 정관읍 용수리,1279,1279,0,정관이진캐스빌2차,84.9026,202110,11,"36,800",4,2017,가동3로 19,,-,-
부산광역시 기장군 정관읍 용수리,1279,1279,0,정관이진캐스빌2차,84.7894,202110,15,"36,700",7,2017,가동3로 19,,-,-
부산광역시 기장군 정관읍 용수리,1279,1279,0,정관이진캐스빌2차,84.9026,202110,16,"36,000",9,2017,가동3로 19,,-,-
부산광역시 기장군 정관읍 용수리,1279,1279,0,정관이진캐스빌2차,84.9026,202110,19,"40,000",10,2017,가동3로 19,,-,-
부산광역시 기장군 정관읍 용수리,1275,1275,0,정관풀리페,59.9527,202110,1,"11,212",10,2016,정관5로 144,,-,-
부산광역시 기장군 정관읍 용수리,1275,1275,0,정관풀리페,59.9527,202110,1,"11,212",3,2016,정관5로 144,,-,-
부산광역시 기장군 정관읍 용수리,1275,1275,0,정관풀리페,59.8986,202110,1,"11,345",12,2016,정관5로 144,,-,-
부산광역시 기장군 정관읍 용수리,1275,1275,0,정관풀리페,59.8986,202110,1,"11,345",4,2016,정관5로 144,,-,-
부산광역시 기장군 정관읍 용수리,1275,1275,0,정관풀리페,59.8986,202110,1,"11,345",11,2016,정관5로 144,,-,-
부산광역시 기장군 정관읍 용수리,1275,1275,0,정관풀리페,59.8986,202110,1,"11,345",15,2016,정관5로 144,,-,-
부산광역시 기장군 정관읍 용수리,1275,1275,0,정관풀리페,59.8986,202110,1,"11,345",3,2016,정관5로 144,,-,-
부산광역시 기장군 정관읍 용수리,1275,1275,0,정관풀리페,59.8986,202110,1,"11,345",6,2016,정관5로 144,,-,-
부산광역시 기장군 정관읍 용수리,1275,1275,0,정관풀리페,59.8986,202110,1,"11,345",7,2016,정관5로 144,,-,-
부산광역시 기장군 정관읍 용수리,1275,1275,0,정관풀리페,59.8986,202110,1,"11,345",11,2016,정관5로 144,,-,-
부산광역시 기장군 정관읍 용수리,1275,1275,0,정관풀리페,59.9527,202110,1,"11,212",8,2016,정관5로 144,,-,-
부산광역시 기장군 정관읍 용수리,1275,1275,0,정관풀리페,59.9527,202110,1,"11,212",14,2016,정관5로 144,20211008,-,-
부산광역시 기장군 정관읍 용수리,1275,1275,0,정관풀리페,59.9983,202110,1,"11,284",7,2016,정관5로 144,,-,-
부산광역시 기장군 정관읍 용수리,1275,1275,0,정관풀리페,59.8986,202110,1,"11,345",13,2016,정관5로 144,,-,-
부산광역시 기장군 정관읍 용수리,1275,1275,0,정관풀리페,59.8986,202110,1,"11,345",1,2016,정관5로 144,,-,-
부산광역시 기장군 정관읍 용수리,1275,1275,0,정관풀리페,59.9527,202110,1,"11,212",15,2016,정관5로 144,,-,-
부산광역시 기장군 정관읍 용수리,1275,1275,0,정관풀리페,59.8986,202110,1,"11,345",9,2016,정관5로 144,,-,-
부산광역시 기장군 정관읍 용수리,1275,1275,0,정관풀리페,59.9527,202110,1,"11,212",8,2016,정관5로 144,,-,-
부산광역시 기장군 정관읍 용수리,1275,1275,0,정관풀리페,59.9527,202110,1,"11,212",13,2016,정관5로 144,,-,-
부산광역시 기장군 정관읍 용수리,1275,1275,0,정관풀리페,59.9527,202110,1,"11,212",9,2016,정관5로 144,,-,-
부산광역시 기장군 정관읍 용수리,1275,1275,0,정관풀리페,59.8986,202110,1,"11,345",9,2016,정관5로 144,,-,-
부산광역시 기장군 정관읍 용수리,1275,1275,0,정관풀리페,59.8986,202110,1,"11,345",14,2016,정관5로 144,,-,-
부산광역시 기장군 정관읍 용수리,1275,1275,0,정관풀리페,59.8986,202110,1,"11,345",5,2016,정관5로 144,,-,-
부산광역시 기장군 정관읍 용수리,1275,1275,0,정관풀리페,59.8986,202110,1,"11,345",13,2016,정관5로 144,,-,-
부산광역시 기장군 정관읍 용수리,1275,1275,0,정관풀리페,59.8986,202110,1,"11,345",10,2016,정관5로 144,,-,-
부산광역시 기장군 정관읍 용수리,1275,1275,0,정관풀리페,59.8986,202110,1,"11,345",11,2016,정관5로 144,,-,-
부산광역시 기장군 정관읍 용수리,1275,1275,0,정관풀리페,59.8986,202110,1,"11,345",6,2016,정관5로 144,,-,-
부산광역시 기장군 정관읍 용수리,1275,1275,0,정관풀리페,59.9527,202110,1,"11,212",5,2016,정관5로 144,,-,-
부산광역시 기장군 정관읍 용수리,1275,1275,0,정관풀리페,59.8986,202110,1,"11,345",14,2016,정관5로 144,,-,-
부산광역시 기장군 정관읍 용수리,1275,1275,0,정관풀리페,59.9527,202110,1,"11,212",9,2016,정관5로 144,,-,-
부산광역시 기장군 정관읍 용수리,1275,1275,0,정관풀리페,59.9527,202110,1,"11,212",13,2016,정관5로 144,,-,-
부산광역시 기장군 정관읍 용수리,1275,1275,0,정관풀리페,59.9527,202110,1,"11,212",4,2016,정관5로 144,,-,-
부산광역시 기장군 정관읍 용수리,1275,1275,0,정관풀리페,59.9527,202110,1,"11,212",4,2016,정관5로 144,,-,-
부산광역시 기장군 정관읍 용수리,1275,1275,0,정관풀리페,59.8986,202110,1,"11,345",4,2016,정관5로 144,,-,-
부산광역시 기장군 정관읍 용수리,1275,1275,0,정관풀리페,59.8986,202110,1,"11,345",8,2016,정관5로 144,,-,-
부산광역시 기장군 정관읍 용수리,1275,1275,0,정관풀리페,59.9527,202110,1,"11,212",15,2016,정관5로 144,,-,-
부산광역시 기장군 정관읍 용수리,1275,1275,0,정관풀리페,59.8986,202110,1,"11,345",9,2016,정관5로 144,,-,-
부산광역시 기장군 정관읍 용수리,1275,1275,0,정관풀리페,59.8986,202110,1,"11,345",9,2016,정관5로 144,,-,-
부산광역시 기장군 정관읍 용수리,1275,1275,0,정관풀리페,59.9527,202110,1,"11,212",10,2016,정관5로 144,,-,-
부산광역시 기장군 정관읍 용수리,1275,1275,0,정관풀리페,59.9527,202110,1,"11,212",10,2016,정관5로 144,,-,-
부산광역시 기장군 정관읍 용수리,1275,1275,0,정관풀리페,59.8986,202110,1,"11,345",1,2016,정관5로 144,20211008,-,-
부산광역시 기장군 정관읍 용수리,1275,1275,0,정관풀리페,59.8986,202110,1,"11,345",13,2016,정관5로 144,,-,-
부산광역시 기장군 정관읍 용수리,1275,1275,0,정관풀리페,59.8986,202110,1,"11,345",5,2016,정관5로 144,,-,-
부산광역시 기장군 정관읍 용수리,1275,1275,0,정관풀리페,59.8986,202110,1,"11,345",7,2016,정관5로 144,,-,-
부산광역시 기장군 정관읍 용수리,1275,1275,0,정관풀리페,59.8986,202110,1,"11,345",8,2016,정관5로 144,,-,-
부산광역시 기장군 정관읍 용수리,1275,1275,0,정관풀리페,59.8986,202110,1,"11,345",8,2016,정관5로 144,,-,-
부산광역시 기장군 정관읍 용수리,1275,1275,0,정관풀리페,59.9983,202110,1,"11,284",5,2016,정관5로 144,,-,-
부산광역시 기장군 정관읍 용수리,1275,1275,0,정관풀리페,59.8986,202110,1,"11,345",11,2016,정관5로 144,,-,-
부산광역시 기장군 정관읍 용수리,1275,1275,0,정관풀리페,59.8986,202110,1,"11,345",15,2016,정관5로 144,,-,-
부산광역시 기장군 정관읍 용수리,1275,1275,0,정관풀리페,59.8986,202110,1,"11,212",12,2016,정관5로 144,,-,-
부산광역시 기장군 정관읍 용수리,1275,1275,0,정관풀리페,59.8986,202110,1,"11,345",3,2016,정관5로 144,20211008,-,-
부산광역시 기장군 정관읍 용수리,1275,1275,0,정관풀리페,59.8986,202110,1,"11,345",1,2016,정관5로 144,,-,-
부산광역시 기장군 정관읍 용수리,1275,1275,0,정관풀리페,59.8986,202110,1,"11,345",7,2016,정관5로 144,,-,-
부산광역시 기장군 정관읍 용수리,1275,1275,0,정관풀리페,59.8986,202110,1,"11,345",3,2016,정관5로 144,,-,-
부산광역시 기장군 정관읍 용수리,1275,1275,0,정관풀리페,59.9983,202110,1,"11,284",12,2016,정관5로 144,,-,-
부산광역시 기장군 정관읍 용수리,1275,1275,0,정관풀리페,59.8986,202110,1,"11,345",3,2016,정관5로 144,,-,-
부산광역시 기장군 정관읍 용수리,1275,1275,0,정관풀리페,59.8986,202110,1,"11,345",6,2016,정관5로 144,,-,-
부산광역시 기장군 정관읍 용수리,1275,1275,0,정관풀리페,59.8986,202110,1,"11,345",13,2016,정관5로 144,,-,-
부산광역시 기장군 정관읍 용수리,1275,1275,0,정관풀리페,59.8986,202110,1,"11,345",5,2016,정관5로 144,,-,-
부산광역시 기장군 정관읍 용수리,1275,1275,0,정관풀리페,59.8986,202110,1,"11,345",14,2016,정관5로 144,,-,-
부산광역시 기장군 정관읍 용수리,1275,1275,0,정관풀리페,59.9527,202110,1,"11,212",10,2016,정관5로 144,,-,-
부산광역시 기장군 정관읍 용수리,1275,1275,0,정관풀리페,59.8986,202110,1,"11,345",1,2016,정관5로 144,,-,-
부산광역시 기장군 정관읍 용수리,1275,1275,0,정관풀리페,59.8986,202110,1,"11,345",3,2016,정관5로 144,,-,-
부산광역시 기장군 정관읍 용수리,1275,1275,0,정관풀리페,59.9983,202110,1,"11,284",8,2016,정관5로 144,20211008,-,-
부산광역시 기장군 정관읍 용수리,1275,1275,0,정관풀리페,59.9527,202110,1,"11,212",1,2016,정관5로 144,20211008,-,-
부산광역시 기장군 정관읍 용수리,1275,1275,0,정관풀리페,59.8986,202110,1,"11,345",11,2016,정관5로 144,,-,-
부산광역시 기장군 정관읍 용수리,1275,1275,0,정관풀리페,59.8986,202110,1,"11,345",2,2016,정관5로 144,,-,-
부산광역시 기장군 정관읍 용수리,1275,1275,0,정관풀리페,59.8986,202110,1,"11,345",3,2016,정관5로 144,,-,-
부산광역시 기장군 정관읍 용수리,1275,1275,0,정관풀리페,59.8986,202110,1,"11,345",5,2016,정관5로 144,,-,-
부산광역시 기장군 정관읍 용수리,1275,1275,0,정관풀리페,59.9527,202110,1,"11,212",3,2016,정관5로 144,,-,-
부산광역시 기장군 정관읍 용수리,1275,1275,0,정관풀리페,59.9527,202110,1,"20,000",9,2016,정관5로 144,,-,-
부산광역시 기장군 정관읍 용수리,1275,1275,0,정관풀리페,59.8986,202110,1,"11,345",11,2016,정관5로 144,,-,-
부산광역시 기장군 정관읍 용수리,1275,1275,0,정관풀리페,59.8986,202110,1,"11,345",12,2016,정관5로 144,,-,-
부산광역시 기장군 정관읍 용수리,1275,1275,0,정관풀리페,59.8986,202110,1,"11,345",15,2016,정관5로 144,,-,-
부산광역시 기장군 정관읍 용수리,1275,1275,0,정관풀리페,59.8986,202110,1,"11,345",7,2016,정관5로 144,,-,-
부산광역시 기장군 정관읍 용수리,1275,1275,0,정관풀리페,59.9527,202110,1,"11,212",7,2016,정관5로 144,20211008,-,-
부산광역시 기장군 정관읍 용수리,1275,1275,0,정관풀리페,59.9527,202110,1,"11,212",11,2016,정관5로 144,,-,-
부산광역시 기장군 정관읍 용수리,1275,1275,0,정관풀리페,59.8986,202110,1,"11,345",15,2016,정관5로 144,,-,-
부산광역시 기장군 정관읍 용수리,1275,1275,0,정관풀리페,59.8986,202110,1,"11,345",12,2016,정관5로 144,,-,-
부산광역시 기장군 정관읍 용수리,1275,1275,0,정관풀리페,59.9527,202110,1,"11,212",5,2016,정관5로 144,,-,-
부산광역시 기장군 정관읍 용수리,1275,1275,0,정관풀리페,59.9527,202110,1,"11,212",7,2016,정관5로 144,,-,-
부산광역시 기장군 정관읍 용수리,1275,1275,0,정관풀리페,59.9527,202110,1,"11,212",14,2016,정관5로 144,,-,-
부산광역시 기장군 정관읍 용수리,1275,1275,0,정관풀리페,59.8986,202110,1,"11,345",7,2016,정관5로 144,,-,-
부산광역시 기장군 정관읍 용수리,1275,1275,0,정관풀리페,59.8986,202110,1,"11,345",14,2016,정관5로 144,,-,-
부산광역시 기장군 정관읍 용수리,1275,1275,0,정관풀리페,59.8986,202110,1,"11,345",13,2016,정관5로 144,,-,-
부산광역시 기장군 정관읍 용수리,1275,1275,0,정관풀리페,59.9527,202110,1,"11,212",6,2016,정관5로 144,,-,-
부산광역시 기장군 정관읍 용수리,1275,1275,0,정관풀리페,59.8986,202110,1,"11,345",5,2016,정관5로 144,,-,-
부산광역시 기장군 정관읍 용수리,1275,1275,0,정관풀리페,59.8986,202110,1,"11,345",7,2016,정관5로 144,,-,-
부산광역시 기장군 정관읍 용수리,1275,1275,0,정관풀리페,59.8986,202110,1,"11,345",7,2016,정관5로 144,,-,-
부산광역시 기장군 정관읍 용수리,1275,1275,0,정관풀리페,59.8986,202110,1,"11,345",8,2016,정관5로 144,,-,-
부산광역시 기장군 정관읍 용수리,1275,1275,0,정관풀리페,59.8986,202110,1,"11,345",3,2016,정관5로 144,,-,-
부산광역시 기장군 정관읍 용수리,1275,1275,0,정관풀리페,59.9983,202110,4,"19,500",5,2016,정관5로 144,,-,-
부산광역시 기장군 정관읍 용수리,1275,1275,0,정관풀리페,59.9983,202110,5,"11,284",5,2016,정관5로 144,20211008,-,-
부산광역시 기장군 정관읍 용수리,1275,1275,0,정관풀리페,59.8986,202110,5,"11,345",9,2016,정관5로 144,20211008,-,-
부산광역시 기장군 정관읍 용수리,1275,1275,0,정관풀리페,59.9527,202110,5,"11,212",6,2016,정관5로 144,20211008,-,-
부산광역시 기장군 정관읍 용수리,1275,1275,0,정관풀리페,59.9527,202110,5,"11,212",12,2016,정관5로 144,20211008,-,-
부산광역시 기장군 정관읍 용수리,1275,1275,0,정관풀리페,59.9527,202110,5,"11,212",11,2016,정관5로 144,20211008,-,-
부산광역시 기장군 정관읍 용수리,1275,1275,0,정관풀리페,59.8986,202110,5,"11,345",4,2016,정관5로 144,20211008,-,-
부산광역시 기장군 정관읍 용수리,1275,1275,0,정관풀리페,59.8986,202110,5,"11,345",10,2016,정관5로 144,20211008,-,-
부산광역시 기장군 정관읍 용수리,1275,1275,0,정관풀리페,59.8986,202110,5,"11,345",8,2016,정관5로 144,20211008,-,-
부산광역시 기장군 정관읍 용수리,1275,1275,0,정관풀리페,59.8986,202110,5,"11,345",7,2016,정관5로 144,20211008,-,-
부산광역시 기장군 정관읍 용수리,1275,1275,0,정관풀리페,59.8986,202110,5,"11,345",12,2016,정관5로 144,20211008,-,-
부산광역시 기장군 정관읍 용수리,1275,1275,0,정관풀리페,59.8986,202110,5,"11,345",9,2016,정관5로 144,20211008,-,-
부산광역시 기장군 정관읍 용수리,1275,1275,0,정관풀리페,59.8986,202110,5,"11,345",8,2016,정관5로 144,20211008,-,-
부산광역시 기장군 정관읍 용수리,1275,1275,0,정관풀리페,59.8986,202110,5,"11,345",3,2016,정관5로 144,20211008,-,-
부산광역시 기장군 정관읍 용수리,1275,1275,0,정관풀리페,59.9983,202110,5,"11,284",8,2016,정관5로 144,20211008,-,-
부산광역시 기장군 정관읍 용수리,1275,1275,0,정관풀리페,59.9527,202110,5,"11,212",11,2016,정관5로 144,20211008,-,-
부산광역시 기장군 정관읍 용수리,1275,1275,0,정관풀리페,59.8986,202110,5,"11,345",15,2016,정관5로 144,20211008,-,-
부산광역시 기장군 정관읍 용수리,1275,1275,0,정관풀리페,59.9983,202110,5,"11,284",13,2016,정관5로 144,20211008,-,-
부산광역시 기장군 정관읍 용수리,1275,1275,0,정관풀리페,59.8986,202110,5,"11,345",8,2016,정관5로 144,20211008,-,-
부산광역시 기장군 정관읍 용수리,1275,1275,0,정관풀리페,59.9527,202110,5,"11,212",7,2016,정관5로 144,20211008,-,-
부산광역시 기장군 정관읍 용수리,1275,1275,0,정관풀리페,59.8986,202110,5,"11,345",8,2016,정관5로 144,20211008,-,-
부산광역시 기장군 정관읍 용수리,1275,1275,0,정관풀리페,59.8986,202110,5,"11,345",14,2016,정관5로 144,20211008,-,-
부산광역시 기장군 정관읍 용수리,1275,1275,0,정관풀리페,59.9527,202110,5,"11,212",9,2016,정관5로 144,20211008,-,-
부산광역시 기장군 정관읍 용수리,1275,1275,0,정관풀리페,59.8986,202110,5,"11,345",6,2016,정관5로 144,20211008,-,-
부산광역시 기장군 정관읍 용수리,1275,1275,0,정관풀리페,59.8986,202110,5,"11,345",15,2016,정관5로 144,20211008,-,-
부산광역시 기장군 정관읍 용수리,1275,1275,0,정관풀리페,59.8986,202110,5,"11,345",3,2016,정관5로 144,20211008,-,-
부산광역시 기장군 정관읍 용수리,1275,1275,0,정관풀리페,59.8986,202110,5,"11,345",13,2016,정관5로 144,20211008,-,-
부산광역시 기장군 정관읍 용수리,1275,1275,0,정관풀리페,59.9983,202110,5,"11,284",15,2016,정관5로 144,20211008,-,-
부산광역시 기장군 정관읍 용수리,1275,1275,0,정관풀리페,59.9527,202110,5,"11,212",2,2016,정관5로 144,20211008,-,-
부산광역시 기장군 정관읍 용수리,1275,1275,0,정관풀리페,59.8986,202110,5,"11,345",15,2016,정관5로 144,20211008,-,-
부산광역시 기장군 정관읍 용수리,1275,1275,0,정관풀리페,59.8986,202110,5,"11,345",5,2016,정관5로 144,20211008,-,-
부산광역시 기장군 정관읍 용수리,1275,1275,0,정관풀리페,59.8986,202110,5,"11,345",5,2016,정관5로 144,20211008,-,-
부산광역시 기장군 정관읍 용수리,1275,1275,0,정관풀리페,59.8986,202110,5,"11,345",1,2016,정관5로 144,20211008,-,-
부산광역시 기장군 정관읍 용수리,1275,1275,0,정관풀리페,59.8986,202110,5,"11,345",10,2016,정관5로 144,20211008,-,-
부산광역시 기장군 정관읍 용수리,1275,1275,0,정관풀리페,59.8986,202110,5,"11,345",9,2016,정관5로 144,20211008,-,-
부산광역시 기장군 정관읍 용수리,1275,1275,0,정관풀리페,59.9527,202110,5,"11,212",15,2016,정관5로 144,20211008,-,-
부산광역시 기장군 정관읍 용수리,1275,1275,0,정관풀리페,59.9527,202110,5,"11,212",12,2016,정관5로 144,20211008,-,-
부산광역시 기장군 정관읍 용수리,1275,1275,0,정관풀리페,59.8986,202110,5,"11,345",14,2016,정관5로 144,20211008,-,-
부산광역시 기장군 정관읍 용수리,1275,1275,0,정관풀리페,59.8986,202110,5,"11,345",12,2016,정관5로 144,20211008,-,-
부산광역시 기장군 정관읍 용수리,1275,1275,0,정관풀리페,59.8986,202110,5,"11,345",8,2016,정관5로 144,20211008,-,-
부산광역시 기장군 정관읍 용수리,1275,1275,0,정관풀리페,59.9527,202110,5,"11,212",9,2016,정관5로 144,20211008,-,-
부산광역시 기장군 정관읍 용수리,1275,1275,0,정관풀리페,59.8986,202110,5,"11,345",5,2016,정관5로 144,20211008,-,-
부산광역시 기장군 정관읍 용수리,1275,1275,0,정관풀리페,59.8986,202110,5,"11,345",13,2016,정관5로 144,20211008,-,-
부산광역시 기장군 정관읍 용수리,1275,1275,0,정관풀리페,59.9527,202110,5,"11,212",1,2016,정관5로 144,20211008,-,-
부산광역시 기장군 정관읍 용수리,1275,1275,0,정관풀리페,59.8986,202110,5,"11,345",14,2016,정관5로 144,20211008,-,-
부산광역시 기장군 정관읍 용수리,1275,1275,0,정관풀리페,59.9527,202110,5,"11,212",14,2016,정관5로 144,20211008,-,-
부산광역시 기장군 정관읍 용수리,1275,1275,0,정관풀리페,59.9527,202110,5,"11,212",2,2016,정관5로 144,20211008,-,-
부산광역시 기장군 정관읍 용수리,1275,1275,0,정관풀리페,59.8986,202110,5,"11,345",3,2016,정관5로 144,20211008,-,-
부산광역시 기장군 정관읍 용수리,1275,1275,0,정관풀리페,59.8986,202110,5,"11,345",10,2016,정관5로 144,20211008,-,-
부산광역시 기장군 정관읍 용수리,1275,1275,0,정관풀리페,59.9527,202110,5,"11,212",8,2016,정관5로 144,20211008,-,-
부산광역시 기장군 정관읍 용수리,1275,1275,0,정관풀리페,59.9527,202110,5,"11,212",2,2016,정관5로 144,20211008,-,-
부산광역시 기장군 정관읍 용수리,1275,1275,0,정관풀리페,59.8986,202110,5,"11,345",6,2016,정관5로 144,20211008,-,-
부산광역시 기장군 정관읍 용수리,1275,1275,0,정관풀리페,59.9527,202110,5,"11,212",3,2016,정관5로 144,20211008,-,-
부산광역시 기장군 정관읍 용수리,1275,1275,0,정관풀리페,59.8986,202110,5,"11,345",4,2016,정관5로 144,20211008,-,-
부산광역시 기장군 정관읍 용수리,1275,1275,0,정관풀리페,59.8986,202110,5,"11,345",1,2016,정관5로 144,20211008,-,-
부산광역시 기장군 정관읍 용수리,1275,1275,0,정관풀리페,59.8986,202110,5,"11,345",5,2016,정관5로 144,20211008,-,-
부산광역시 기장군 정관읍 용수리,1275,1275,0,정관풀리페,59.9983,202110,5,"11,284",12,2016,정관5로 144,20211008,-,-
부산광역시 기장군 정관읍 용수리,1275,1275,0,정관풀리페,59.9527,202110,5,"11,212",4,2016,정관5로 144,20211008,-,-
부산광역시 기장군 정관읍 용수리,1275,1275,0,정관풀리페,59.8986,202110,5,"11,345",4,2016,정관5로 144,20211008,-,-
부산광역시 기장군 정관읍 용수리,1275,1275,0,정관풀리페,59.8986,202110,5,"11,345",1,2016,정관5로 144,20211008,-,-
부산광역시 기장군 정관읍 용수리,1275,1275,0,정관풀리페,59.9527,202110,5,"11,212",15,2016,정관5로 144,20211008,-,-
부산광역시 기장군 정관읍 용수리,1275,1275,0,정관풀리페,59.8986,202110,5,"11,345",3,2016,정관5로 144,20211008,-,-
부산광역시 기장군 정관읍 용수리,1275,1275,0,정관풀리페,59.8986,202110,5,"11,345",2,2016,정관5로 144,20211008,-,-
부산광역시 기장군 정관읍 용수리,1275,1275,0,정관풀리페,59.8986,202110,5,"11,345",12,2016,정관5로 144,20211008,-,-
부산광역시 기장군 정관읍 용수리,1275,1275,0,정관풀리페,59.9527,202110,6,"11,212",10,2016,정관5로 144,20211008,-,-
부산광역시 기장군 정관읍 용수리,1275,1275,0,정관풀리페,59.8986,202110,6,"11,345",1,2016,정관5로 144,20211008,-,-
부산광역시 기장군 정관읍 용수리,1275,1275,0,정관풀리페,59.9527,202110,6,"19,800",10,2016,정관5로 144,,-,-
부산광역시 기장군 정관읍 용수리,1275,1275,0,정관풀리페,59.8986,202110,6,"11,345",15,2016,정관5로 144,20211008,-,-
부산광역시 기장군 정관읍 용수리,1275,1275,0,정관풀리페,59.8986,202110,6,"11,345",1,2016,정관5로 144,20211008,-,-
부산광역시 기장군 정관읍 용수리,1275,1275,0,정관풀리페,59.9527,202110,6,"11,212",1,2016,정관5로 144,20211008,-,-
부산광역시 기장군 정관읍 용수리,1275,1275,0,정관풀리페,59.8986,202110,6,"11,345",14,2016,정관5로 144,20211008,-,-
부산광역시 기장군 정관읍 용수리,1275,1275,0,정관풀리페,59.9527,202110,6,"11,212",15,2016,정관5로 144,20211008,-,-
부산광역시 기장군 정관읍 용수리,1275,1275,0,정관풀리페,59.9983,202110,6,"11,284",3,2016,정관5로 144,20211008,-,-
부산광역시 기장군 정관읍 용수리,1275,1275,0,정관풀리페,59.8986,202110,6,"11,345",12,2016,정관5로 144,20211008,-,-
부산광역시 기장군 정관읍 용수리,1275,1275,0,정관풀리페,59.8986,202110,6,"11,345",12,2016,정관5로 144,20211008,-,-
부산광역시 기장군 정관읍 용수리,1275,1275,0,정관풀리페,59.8986,202110,6,"11,345",8,2016,정관5로 144,20211008,-,-
부산광역시 기장군 정관읍 용수리,1275,1275,0,정관풀리페,59.8986,202110,6,"11,345",10,2016,정관5로 144,20211008,-,-
부산광역시 기장군 정관읍 용수리,1275,1275,0,정관풀리페,59.9527,202110,6,"11,212",12,2016,정관5로 144,20211008,-,-
부산광역시 기장군 정관읍 용수리,1275,1275,0,정관풀리페,59.8986,202110,6,"11,345",4,2016,정관5로 144,20211008,-,-
부산광역시 기장군 정관읍 용수리,1275,1275,0,정관풀리페,59.9983,202110,6,"11,284",2,2016,정관5로 144,20211008,-,-
부산광역시 기장군 정관읍 용수리,1275,1275,0,정관풀리페,59.8986,202110,6,"11,345",6,2016,정관5로 144,20211008,-,-
부산광역시 기장군 정관읍 용수리,1275,1275,0,정관풀리페,59.8986,202110,6,"11,345",11,2016,정관5로 144,20211008,-,-
부산광역시 기장군 정관읍 용수리,1275,1275,0,정관풀리페,59.9527,202110,6,"11,212",12,2016,정관5로 144,20211008,-,-
부산광역시 기장군 정관읍 용수리,1275,1275,0,정관풀리페,59.9527,202110,6,"11,212",6,2016,정관5로 144,20211008,-,-
부산광역시 기장군 정관읍 용수리,1275,1275,0,정관풀리페,59.8986,202110,6,"11,345",9,2016,정관5로 144,20211008,-,-
부산광역시 기장군 정관읍 용수리,1275,1275,0,정관풀리페,59.8986,202110,6,"11,345",2,2016,정관5로 144,20211008,-,-
부산광역시 기장군 정관읍 용수리,1275,1275,0,정관풀리페,59.9527,202110,6,"11,212",4,2016,정관5로 144,20211008,-,-
부산광역시 기장군 정관읍 용수리,1275,1275,0,정관풀리페,59.8986,202110,6,"11,345",14,2016,정관5로 144,20211008,-,-
부산광역시 기장군 정관읍 용수리,1275,1275,0,정관풀리페,59.8986,202110,6,"11,345",3,2016,정관5로 144,20211008,-,-
부산광역시 기장군 정관읍 용수리,1275,1275,0,정관풀리페,59.8986,202110,6,"11,345",6,2016,정관5로 144,20211008,-,-
부산광역시 기장군 정관읍 용수리,1275,1275,0,정관풀리페,59.9983,202110,6,"11,284",10,2016,정관5로 144,20211008,-,-
부산광역시 기장군 정관읍 용수리,1275,1275,0,정관풀리페,59.8986,202110,6,"11,345",13,2016,정관5로 144,20211008,-,-
부산광역시 기장군 정관읍 용수리,1275,1275,0,정관풀리페,59.8986,202110,6,"11,345",6,2016,정관5로 144,20211008,-,-
부산광역시 기장군 정관읍 용수리,1275,1275,0,정관풀리페,59.9983,202110,6,"11,284",14,2016,정관5로 144,20211008,-,-
부산광역시 기장군 정관읍 용수리,1275,1275,0,정관풀리페,59.9527,202110,6,"11,212",12,2016,정관5로 144,,-,-
부산광역시 기장군 정관읍 용수리,1275,1275,0,정관풀리페,59.9983,202110,6,"11,284",14,2016,정관5로 144,20211008,-,-
부산광역시 기장군 정관읍 용수리,1275,1275,0,정관풀리페,59.8986,202110,6,"11,345",12,2016,정관5로 144,20211008,-,-
부산광역시 기장군 정관읍 용수리,1275,1275,0,정관풀리페,59.8986,202110,6,"11,345",13,2016,정관5로 144,20211008,-,-
부산광역시 기장군 정관읍 용수리,1275,1275,0,정관풀리페,59.8986,202110,6,"11,345",2,2016,정관5로 144,20211008,-,-
부산광역시 기장군 정관읍 용수리,1275,1275,0,정관풀리페,59.8986,202110,6,"11,345",10,2016,정관5로 144,20211008,-,-
부산광역시 기장군 정관읍 용수리,1275,1275,0,정관풀리페,59.8986,202110,6,"11,345",6,2016,정관5로 144,20211008,-,-
부산광역시 기장군 정관읍 용수리,1275,1275,0,정관풀리페,59.8986,202110,6,"11,345",13,2016,정관5로 144,20211008,-,-
부산광역시 기장군 정관읍 용수리,1275,1275,0,정관풀리페,59.8986,202110,6,"11,345",11,2016,정관5로 144,20211008,-,-
부산광역시 기장군 정관읍 용수리,1275,1275,0,정관풀리페,59.9527,202110,6,"11,212",6,2016,정관5로 144,20211008,-,-
부산광역시 기장군 정관읍 용수리,1275,1275,0,정관풀리페,59.8986,202110,6,"11,345",5,2016,정관5로 144,20211008,-,-
부산광역시 기장군 정관읍 용수리,1275,1275,0,정관풀리페,59.8986,202110,6,"11,345",4,2016,정관5로 144,20211008,-,-
부산광역시 기장군 정관읍 용수리,1275,1275,0,정관풀리페,59.8986,202110,6,"11,345",14,2016,정관5로 144,20211008,-,-
부산광역시 기장군 정관읍 용수리,1275,1275,0,정관풀리페,59.8986,202110,6,"11,345",3,2016,정관5로 144,20211008,-,-
부산광역시 기장군 정관읍 용수리,1275,1275,0,정관풀리페,59.9527,202110,7,"11,212",4,2016,정관5로 144,20211008,-,-
부산광역시 기장군 정관읍 용수리,1275,1275,0,정관풀리페,59.8986,202110,7,"11,345",15,2016,정관5로 144,20211008,-,-
부산광역시 기장군 정관읍 용수리,1275,1275,0,정관풀리페,59.8986,202110,7,"11,345",6,2016,정관5로 144,20211008,-,-
부산광역시 기장군 정관읍 용수리,1275,1275,0,정관풀리페,59.9527,202110,11,"22,000",11,2016,정관5로 144,,-,-
부산광역시 기장군 정관읍 용수리,1275,1275,0,정관풀리페,59.8986,202110,19,"22,500",11,2016,정관5로 144,,-,-
부산광역시 기장군 정관읍 용수리,1275,1275,0,정관풀리페,59.8986,202110,19,"23,000",4,2016,정관5로 144,,-,-
부산광역시 기장군 정관읍 용수리,1275,1275,0,정관풀리페,59.9527,202110,20,"22,000",15,2016,정관5로 144,,-,-
부산광역시 기장군 정관읍 용수리,1275,1275,0,정관풀리페,59.9527,202110,20,"23,000",7,2016,정관5로 144,,-,-
부산광역시 기장군 정관읍 용수리,1275,1275,0,정관풀리페,59.9527,202110,20,"22,000",6,2016,정관5로 144,,-,-
부산광역시 기장군 정관읍 용수리,1275,1275,0,정관풀리페,59.9983,202110,21,"21,800",9,2016,정관5로 144,,-,-
부산광역시 기장군 정관읍 용수리,1275,1275,0,정관풀리페,59.8986,202110,22,"24,000",6,2016,정관5로 144,,-,-
부산광역시 기장군 정관읍 용수리,1275,1275,0,정관풀리페,59.8986,202110,22,"22,900",5,2016,정관5로 144,,-,-
부산광역시 기장군 정관읍 용수리,1275,1275,0,정관풀리페,59.9527,202110,26,"21,700",8,2016,정관5로 144,,-,-
부산광역시 기장군 정관읍 용수리,1275,1275,0,정관풀리페,59.9527,202110,26,"23,000",13,2016,정관5로 144,,-,-
부산광역시 기장군 정관읍 용수리,1275,1275,0,정관풀리페,59.8986,202110,28,"23,000",4,2016,정관5로 144,20211102,-,-
부산광역시 기장군 정관읍 용수리,1275,1275,0,정관풀리페,59.8986,202110,28,"23,000",4,2016,정관5로 144,,-,-
부산광역시 기장군 정관읍 용수리,1275,1275,0,정관풀리페,59.9527,202110,28,"22,000",6,2016,정관5로 144,,-,-
부산광역시 기장군 정관읍 용수리,1275,1275,0,정관풀리페,59.8986,202110,30,"24,900",12,2016,정관5로 144,,-,-
부산광역시 기장군 정관읍 용수리,1318,1318,0,정관협성르네상스타운,126.2039,202110,2,"62,000",12,2013,68,,-,-
부산광역시 기장군 정관읍 용수리,1318,1318,0,정관협성르네상스타운,101.316,202110,29,"43,000",1,2013,68,,-,-
부산광역시 남구 감만동,225-2,225,2,감만현대1차,59.92,202110,1,"18,000",11,1996,우암로2번길 5,,-,-
부산광역시 남구 감만동,225-2,225,2,감만현대1차,59.92,202110,9,"16,900",1,1996,우암로2번길 5,,-,-
부산광역시 남구 감만동,225-2,225,2,감만현대1차,59.92,202110,15,"17,900",5,1996,우암로2번길 5,,-,-
부산광역시 남구 감만동,73-212,73,212,동일스위트,84.9704,202110,3,"34,000",8,2005,우암로104번길 29,,-,-
부산광역시 남구 감만동,208-3,208,3,삼일,55.44,202110,8,"22,500",4,1985,우암로52번길 71,,-,-
부산광역시 남구 감만동,03월 31일,31,3,우암자유5,38.45,202110,6,"13,800",16,1996,양지골로 358,,-,-
부산광역시 남구 감만동,189-77,189,77,유창1,48.18,202110,21,"7,000",2,1991,양지골로 152,,-,-
부산광역시 남구 감만동,Feb-44,44,2,하얏트,68.139,202110,29,"15,900",1,1995,전선등로 31,,-,-
부산광역시 남구 감만동,498-2,498,2,현대2,74.01,202110,23,"23,300",13,1996,신선로 165,20211025,-,-
부산광역시 남구 감만동,498-2,498,2,현대2,74.01,202110,23,"23,300",13,1996,신선로 165,,-,-
부산광역시 남구 대연동,252-1,252,1,경동메르빌,59.9094,202110,8,"25,500",10,2005,황령대로319번길 26,,-,-
부산광역시 남구 대연동,252-1,252,1,경동메르빌,84.9302,202110,10,"38,500",5,2005,황령대로319번길 26,,-,-
부산광역시 남구 대연동,252-1,252,1,경동메르빌,84.9227,202110,16,"38,000",30,2005,황령대로319번길 26,,-,-
부산광역시 남구 대연동,1482-1,1482,1,대동아이파크,71.11,202110,28,"25,000",1,2015,진남로46번길 61,,-,-
부산광역시 남구 대연동,1509-7,1509,7,대동하이츠빌,83.83,202110,5,"21,700",7,2003,못골번영로39번길 9,,-,-
부산광역시 남구 대연동,281-52,281,52,대연그린(281-52),57.18,202110,9,"13,200",3,1995,못골번영로66번길 69,,-,-
부산광역시 남구 대연동,282-1,282,1,대연극동StarClass,59.73,202110,30,"23,000",11,2002,진남로36번길 50,,-,-
부산광역시 남구 대연동,Feb-74,74,2,대연동동일스위트,31.8492,202110,22,"10,750",13,2004,수영로 294,,-,-
부산광역시 남구 대연동,1872,1872,0,대연롯데캐슬레전드1단지,39.7,202110,4,"27,000",5,2018,수영로 135,,-,-
부산광역시 남구 대연동,1872,1872,0,대연롯데캐슬레전드1단지,49.31,202110,17,"47,500",23,2018,수영로 135,,-,-
부산광역시 남구 대연동,1872,1872,0,대연롯데캐슬레전드1단지,39.7,202110,20,"30,000",13,2018,수영로 135,,-,-
부산광역시 남구 대연동,1878,1878,0,대연롯데캐슬레전드2단지,84.98,202110,8,"88,500",18,2018,수영로 135,,-,-
부산광역시 남구 대연동,1893,1893,0,대연파크푸르지오,99.9356,202110,7,"78,700",8,2018,홍곡로 360,,-,-
부산광역시 남구 대연동,1893,1893,0,대연파크푸르지오,84.9866,202110,22,"78,700",25,2018,홍곡로 360,,-,-
부산광역시 남구 대연동,1893,1893,0,대연파크푸르지오,84.9866,202110,23,"78,000",22,2018,홍곡로 360,,-,-
부산광역시 남구 대연동,1858,1858,0,대연힐스테이트푸르지오,84.92,202110,9,"108,000",3,2013,수영로 345,,-,-
부산광역시 남구 대연동,967-1,967,1,대영(967-1),65.62,202110,4,"13,800",4,1976,석포로126번길 4,,-,-
부산광역시 남구 대연동,1170-2,1170,2,대우,84.92,202110,9,"24,700",2,1996,홍곡로 343,,-,-
부산광역시 남구 대연동,1170-2,1170,2,대우,84.92,202110,12,"26,000",13,1996,홍곡로 343,,-,-
부산광역시 남구 대연동,1170-2,1170,2,대우,84.92,202110,22,"26,000",11,1996,홍곡로 343,,-,-
부산광역시 남구 대연동,1170-2,1170,2,대우,59.88,202110,25,"19,000",17,1996,홍곡로 343,,-,-
부산광역시 남구 대연동,245,245,0,대우그린1,84.95,202110,7,"26,000",7,1997,황령대로319번가길 190-6,,-,-
부산광역시 남구 대연동,245,245,0,대우그린1,59.99,202110,9,"17,500",6,1997,황령대로319번가길 190-6,,-,-
부산광역시 남구 대연동,245,245,0,대우그린1,59.99,202110,11,"17,800",22,1997,황령대로319번가길 190-6,,-,-
부산광역시 남구 대연동,242-1,242,1,대우그린2,59.99,202110,8,"18,000",2,2000,황령대로319번가길 189,,-,-
부산광역시 남구 대연동,242-1,242,1,대우그린2,59.99,202110,23,"16,700",17,2000,황령대로319번가길 189,,-,-
부산광역시 남구 대연동,1797-12,1797,12,동경리치타운102동,83.26,202110,18,"27,000",7,2005,진남로 112,,-,-
부산광역시 남구 대연동,281-5,281,5,동남,84.96,202110,14,"19,000",6,1991,진남로36번길 101,,-,-
부산광역시 남구 대연동,281-5,281,5,동남,84.96,202110,22,"17,900",1,1991,진남로36번길 101,,-,-
부산광역시 남구 대연동,Mar-93,93,3,부산대연동푸르지오,29.24,202110,1,"16,500",9,2005,수영로325번길 12,,-,-
부산광역시 남구 대연동,Mar-93,93,3,부산대연동푸르지오,29.24,202110,11,"15,500",2,2005,수영로325번길 12,,-,-
부산광역시 남구 대연동,649,649,0,삼성,134.98,202110,7,"54,700",25,1996,신선로 490,,-,-
부산광역시 남구 대연동,245-23,245,23,삼익그린,59.99,202110,1,"20,900",13,2001,황령대로319번가길 142,,-,-
부산광역시 남구 대연동,245-23,245,23,삼익그린,59.86,202110,6,"20,500",7,2001,황령대로319번가길 142,,-,-
부산광역시 남구 대연동,245-23,245,23,삼익그린,59.86,202110,11,"21,500",16,2001,황령대로319번가길 142,,-,-
부산광역시 남구 대연동,245-23,245,23,삼익그린,84.98,202110,18,"28,700",13,2001,황령대로319번가길 142,,-,-
부산광역시 남구 대연동,245-23,245,23,삼익그린,59.99,202110,21,"20,700",20,2001,황령대로319번가길 142,,-,-
부산광역시 남구 대연동,245-137,245,137,신원,59.99,202110,16,"16,800",6,2000,황령대로319번가길 158-30,,-,-
부산광역시 남구 대연동,245-137,245,137,신원,59.99,202110,22,"17,000",17,2000,황령대로319번가길 158-30,,-,-
부산광역시 남구 대연동,1375-2,1375,2,일동지에닌,84.96,202110,4,"47,800",21,2006,수영로 209,,-,-
부산광역시 남구 대연동,255-9,255,9,장백,38.595,202110,14,"9,900",4,2005,황령대로319번길 110,,-,-
부산광역시 남구 대연동,255-1,255,1,장백장미타워1,83.1,202110,1,"25,000",10,1996,황령대로319번길 120,,-,-
부산광역시 남구 대연동,255-1,255,1,장백장미타워1,59.94,202110,23,"18,000",22,1996,황령대로319번길 120,,-,-
부산광역시 남구 대연동,874-3,874,3,중앙월드타워,84.58,202110,5,"27,000",3,2004,유엔평화로29번길 73,,-,-
부산광역시 남구 대연동,243-23,243,23,청구,140.14,202110,1,"49,700",11,2001,황령대로319번가길 110,20211105,-,-
부산광역시 남구 대연동,243-23,243,23,청구,59.99,202110,2,"20,500",3,2001,황령대로319번가길 110,,-,-
부산광역시 남구 대연동,243-23,243,23,청구,84.91,202110,4,"28,000",12,2001,황령대로319번가길 110,,-,-
부산광역시 남구 대연동,243-23,243,23,청구,84.91,202110,6,"28,200",8,2001,황령대로319번가길 110,,-,-
부산광역시 남구 대연동,243-23,243,23,청구,84.99,202110,7,"31,500",13,2001,황령대로319번가길 110,,-,-
부산광역시 남구 대연동,243-23,243,23,청구,84.99,202110,7,"29,000",1,2001,황령대로319번가길 110,,-,-
부산광역시 남구 대연동,243-23,243,23,청구,84.91,202110,16,"31,400",17,2001,황령대로319번가길 110,,-,-
부산광역시 남구 대연동,871-20,871,20,태백하우징빌라(871-20),84.32,202110,6,"22,000",2,2001,유엔평화로41번길 67,,-,-
부산광역시 남구 대연동,1741-6,1741,6,투윈빌리지,67.94,202110,7,"17,800",4,2002,못골로 96,,-,-
부산광역시 남구 대연동,1472-5,1472,5,한우(1472-5),75.47,202110,6,"19,000",4,1978,진남로46번길 28,,-,-
부산광역시 남구 대연동,888-12,888,12,흑석파크,83.31,202110,9,"28,150",3,2003,유엔평화로29번길 5,,-,-
부산광역시 남구 문현동,390-24,390,24,문현동태영데시앙,84.9676,202110,7,"54,000",9,2006,전포대로 38,,-,-
부산광역시 남구 문현동,390-24,390,24,문현동태영데시앙,77.9555,202110,9,"48,000",6,2006,전포대로 38,,-,-
부산광역시 남구 문현동,390-24,390,24,문현동태영데시앙,84.5849,202110,11,"52,000",26,2006,전포대로 38,,-,-
부산광역시 남구 문현동,1232,1232,0,문현범양레우스,59.983,202110,8,"36,000",4,2017,황령대로90번길 55,20211103,-,-
부산광역시 남구 문현동,1232,1232,0,문현범양레우스,59.983,202110,8,"36,000",4,2017,황령대로90번길 55,,-,-
부산광역시 남구 문현동,Mar-95,95,3,문현파크,47.61,202110,1,"12,000",4,1985,진남로 168,,-,-
부산광역시 남구 문현동,1234,1234,0,베스티움,33.6838,202110,3,"21,700",3,2019,고동골로 29,,-,-
부산광역시 남구 문현동,1234,1234,0,베스티움,84.7769,202110,23,"75,000",24,2019,고동골로 29,,-,-
부산광역시 남구 문현동,351-12,351,12,벽산기린,84.68,202110,5,"28,000",4,1990,지게골로 52-15,,-,-
부산광역시 남구 문현동,31-87,31,87,부림빌라(31-87),142.65,202110,7,"68,000",1,1991,고동골로97번길 78,,-,-
부산광역시 남구 문현동,395,395,0,삼성,84.85,202110,2,"53,000",6,2001,전포대로20번길 15,,-,-
부산광역시 남구 문현동,395,395,0,삼성,59.92,202110,9,"42,000",12,2001,전포대로20번길 15,,-,-
부산광역시 남구 문현동,366-14,366,14,삼한사랑채,84.99,202110,6,"29,700",17,2007,수영로 18-8,,-,-
부산광역시 남구 문현동,474-1,474,1,스카이빌리지2,52.2,202110,16,"24,000",14,2017,전포대로40번길 37,,-,-
부산광역시 남구 문현동,363-1,363,1,시티프라자,42.499,202110,13,"14,700",9,1999,수영로 26,,-,-
부산광역시 남구 문현동,402-70,402,70,한화꿈에그린,84.925,202110,5,"54,000",14,2006,전포대로20번길 26,,-,-
부산광역시 남구 문현동,402-70,402,70,한화꿈에그린,84.8948,202110,18,"50,200",26,2006,전포대로20번길 26,,-,-
부산광역시 남구 문현동,986-5,986,5,해운파크,60.45,202110,1,"10,000",5,1987,장고개로85번길 14-37,,-,-
부산광역시 남구 문현동,Jan-73,73,1,현대,84.846,202110,4,"35,000",20,1998,진남로198번길 9-1,,-,-
부산광역시 남구 문현동,Jan-73,73,1,현대,84.846,202110,25,"33,500",6,1998,진남로198번길 9-1,,-,-
부산광역시 남구 용당동,592-9,592,9,용당대광,59.97,202110,1,"16,000",13,1997,유엔평화로126번길 19,,-,-
부산광역시 남구 용당동,592-9,592,9,용당대광,75.75,202110,8,"18,800",2,1997,유엔평화로126번길 19,,-,-
부산광역시 남구 용당동,580-10,580,10,용당창조,84.45,202110,2,"18,500",12,1994,유엔평화로 136-1,,-,-
부산광역시 남구 용당동,580-10,580,10,용당창조,45.83,202110,9,"9,900",4,1994,유엔평화로 136-1,,-,-
부산광역시 남구 용당동,564-3,564,3,한신문화타운,175.04,202110,2,"47,000",8,1990,유엔평화로 152-2,,-,-
부산광역시 남구 용당동,564-3,564,3,한신문화타운,84.99,202110,8,"24,250",5,1990,유엔평화로 152-2,,-,-
부산광역시 남구 용당동,Oct-99,99,10,현대아이파크,59.9358,202110,2,"24,100",20,2002,동명로 26,,-,-
부산광역시 남구 용당동,Oct-99,99,10,현대아이파크,119.042,202110,7,"39,800",20,2002,동명로 26,,-,-
부산광역시 남구 용당동,Oct-99,99,10,현대아이파크,77.4806,202110,7,"29,000",15,2002,동명로 26,,-,-
부산광역시 남구 용당동,Oct-99,99,10,현대아이파크,77.4806,202110,8,"26,500",3,2002,동명로 26,,-,-
부산광역시 남구 용당동,Oct-99,99,10,현대아이파크,84.9623,202110,21,"31,000",21,2002,동명로 26,,-,-
부산광역시 남구 용호동,197,197,0,GS하이츠자이,84.7841,202110,11,"89,500",2,2008,신선로 566,,-,-
부산광역시 남구 용호동,519-5,519,5,경동,70.6,202110,9,"17,300",9,1992,동명로 202,,-,-
부산광역시 남구 용호동,519-5,519,5,경동,70.6,202110,9,"17,100",4,1992,동명로 202,,-,-
부산광역시 남구 용호동,467,467,0,대광타워맨션,84.93,202110,1,"17,000",15,1995,이기대공원로26번길 45-3,,-,-
부산광역시 남구 용호동,538-40,538,40,도시타워,59.99,202110,16,"11,800",7,1993,용호로232번길 31,,-,-
부산광역시 남구 용호동,481-8,481,8,동방파크,68.14,202110,15,"25,800",3,1989,용호로198번길 39,,-,-
부산광역시 남구 용호동,Apr-50,50,4,동산산호,64.1,202110,2,"29,500",4,1987,용호로76번길 71,,-,-
부산광역시 남구 용호동,251-14,251,14,동원,72.51,202110,18,"19,800",6,1991,동명로101번길 57-2,,-,-
부산광역시 남구 용호동,522-2,522,2,동일타운,75.61,202110,2,"26,200",13,1991,동명로170번길 93,,-,-
부산광역시 남구 용호동,419-12,419,12,로얄맨션,61.8,202110,29,"14,700",4,1986,동명로100번길 48,,-,-
부산광역시 남구 용호동,776-12,776,12,롯데캐슬아인스,84.898,202110,9,"40,000",10,2007,용호로231번길 62,,-,-
부산광역시 남구 용호동,776-12,776,12,롯데캐슬아인스,59.9329,202110,17,"27,000",23,2007,용호로231번길 62,,-,-
부산광역시 남구 용호동,482-8,482,8,목련5차,55.17,202110,25,"9,500",4,1985,용호로198번길 66,,-,-
부산광역시 남구 용호동,480-2,480,2,미주,58.83,202110,9,"17,800",2,1999,동명로92번길 91,,-,-
부산광역시 남구 용호동,776-3,776,3,벽산화이트타워,84.91,202110,4,"21,500",24,1994,용호로269번길 90,,-,-
부산광역시 남구 용호동,776-3,776,3,벽산화이트타워,59.97,202110,7,"14,000",10,1994,용호로269번길 90,,-,-
부산광역시 남구 용호동,537-11,537,11,삼성,49.23,202110,29,"8,900",2,1989,용호로232번길 49,,-,-
부산광역시 남구 용호동,514-26,514,26,신익타워,62.1,202110,6,"13,000",19,1993,동명로 189,,-,-
부산광역시 남구 용호동,514-26,514,26,신익타워,84.3,202110,17,"19,000",12,1993,동명로 189,,-,-
부산광역시 남구 용호동,176-30,176,30,엘지메트로시티1,102.52,202110,16,"83,500",8,2001,분포로 111,,-,-
부산광역시 남구 용호동,176-30,176,30,엘지메트로시티3,164.76,202110,16,"110,000",4,2002,분포로 111,,-,-
부산광역시 남구 용호동,563-1,563,1,오륙도 뜨란채,84.57,202110,4,"26,500",3,2000,용호로269번길 29,,-,-
부산광역시 남구 용호동,944,944,0,오륙도에스케이뷰,223.2425,202110,1,"235,000",47,2008,오륙도로 85,,-,-
부산광역시 남구 용호동,944,944,0,오륙도에스케이뷰,123.307,202110,7,"88,250",25,2008,오륙도로 85,,-,-
부산광역시 남구 용호동,944,944,0,오륙도에스케이뷰,174.107,202110,8,"113,000",45,2008,오륙도로 85,,-,-
부산광역시 남구 용호동,944,944,0,오륙도에스케이뷰,200.8926,202110,8,"110,000",4,2008,오륙도로 85,,-,-
부산광역시 남구 용호동,944,944,0,오륙도에스케이뷰,123.307,202110,11,"84,000",2,2008,오륙도로 85,,-,-
부산광역시 남구 용호동,944,944,0,오륙도에스케이뷰,244.8647,202110,14,"228,000",21,2008,오륙도로 85,,-,-
부산광역시 남구 용호동,944,944,0,오륙도에스케이뷰,123.307,202110,20,"80,000",2,2008,오륙도로 85,,-,-
부산광역시 남구 용호동,50-18,50,18,용마맨션,66.02,202110,9,"28,500",2,1979,동명로101번다길 7,,-,-
부산광역시 남구 용호동,179-9,179,9,용호동일신님(林)Ⅱ,59.9653,202110,6,"39,800",6,2006,용호로 38-17,,-,-
부산광역시 남구 용호동,976,976,0,용호예가,84.9995,202110,23,"53,500",8,2013,용호로216번가길 10,,-,-
부산광역시 남구 용호동,307-9,307,9,중경맨션,60.46,202110,2,"23,000",5,1979,용호로42번길 112,,-,-
부산광역시 남구 용호동,산20-1,20,1,한라,50.5,202110,20,"7,500",4,1987,이기대공원로26번길 21-7,,-,-
부산광역시 남구 용호동,537-13,537,13,한진훼미리타운,48.72,202110,14,"10,800",16,1996,용호로232번길 61,20211019,-,-
부산광역시 남구 용호동,487-38,487,38,해림발리빌,84.54,202110,7,"22,000",8,2005,동명로132번길 47,,-,-
부산광역시 남구 용호동,181-1,181,1,현대비치,59.62,202110,2,"37,000",4,1997,용호로42번길 14,,-,-
부산광역시 남구 용호동,181-1,181,1,현대비치,59.62,202110,11,"40,000",9,1997,용호로42번길 14,,-,-
부산광역시 남구 용호동,181-1,181,1,현대비치,52.29,202110,11,"32,000",20,1997,용호로42번길 14,,-,-
부산광역시 남구 용호동,181-1,181,1,현대비치,59.62,202110,11,"42,700",14,1997,용호로42번길 14,,-,-
부산광역시 남구 용호동,536-18,536,18,협진태양,47.38,202110,11,"19,000",3,1988,용호로198번길 37,,-,-
부산광역시 남구 우암동,Jan-53,53,1,뉴서울,59.84,202110,1,"20,200",15,1996,유엔로 10,,-,-
부산광역시 남구 우암동,10,10,0,대승하이아트,59.78,202110,9,"19,400",23,1999,유엔로 66,,-,-
부산광역시 남구 우암동,10,10,0,대승하이아트,59.78,202110,9,"19,400",23,1999,유엔로 66,20211020,-,-
부산광역시 남구 우암동,216,216,0,상경전원,114.87,202110,2,"26,000",1,1993,장고개로 62,,-,-
부산광역시 남구 우암동,216,216,0,상경전원,59.34,202110,25,"15,000",14,1993,장고개로 62,,-,-
부산광역시 남구 우암동,129-1,129,1,석천,59.81,202110,2,"12,600",4,1997,우암양달로75번길 21,,-,-
부산광역시 남구 우암동,Feb-49,49,2,우암자유3,57.06,202110,9,"17,500",8,1994,우암로 142,,-,-
부산광역시 남구 우암동,Feb-49,49,2,우암자유3,84.91,202110,14,"30,450",14,1994,우암로 142,,-,-
부산광역시 남구 우암동,101-1,101,1,우암중앙하이츠아파트,71.7271,202110,6,"26,800",4,2004,유엔로 46,,-,-
부산광역시 남구 우암동,101-1,101,1,우암중앙하이츠아파트,84.9856,202110,6,"33,900",15,2004,유엔로 46,,-,-
부산광역시 남구 우암동,101-1,101,1,우암중앙하이츠아파트,26.9625,202110,13,"9,500",6,2004,유엔로 46,,-,-
부산광역시 남구 우암동,25,25,0,자유1,61.38,202110,15,"19,000",16,1991,우암로154번길 57,,-,-
부산광역시 남구 우암동,01월 25일,25,1,자유2,61.38,202110,7,"16,950",2,1993,유엔로 22,,-,-
부산광역시 남구 우암동,01월 25일,25,1,자유2,84.98,202110,7,"31,000",5,1993,유엔로 22,,-,-
부산광역시 동구 범일동,825-7,825,7,두산위브포세이돈2,84.99,202110,8,"50,800",27,2006,자성로116번길 2,,-,-
부산광역시 동구 범일동,830-77,830,77,봄여름가을겨울,84.982,202110,14,"34,500",12,2013,자성로133번길 46,,-,-
부산광역시 동구 범일동,08월 26일,26,8,서면베스티움더시티,49.02,202110,19,"24,600",11,2021,중앙대로 539,,-,-
부산광역시 동구 범일동,08월 26일,26,8,서면베스티움더시티,49.02,202110,21,"21,000",4,2021,중앙대로 539,,-,-
부산광역시 동구 범일동,1655,1655,0,오션브릿지,59.92,202110,5,"48,700",12,2018,범일로 41,,-,-
부산광역시 동구 범일동,1655,1655,0,오션브릿지,59.92,202110,11,"48,000",10,2018,범일로 41,,-,-
부산광역시 동구 수정동,1048-4,1048,4,덕림아파트,59.74,202110,16,"11,500",4,1978,망양로668번길 28,,-,-
부산광역시 동구 수정동,1011-51,1011,51,동남,65.31,202110,5,"18,000",2,1981,홍곡로 67,,-,-
부산광역시 동구 수정동,1011-51,1011,51,동남,68.83,202110,13,"18,000",6,1981,홍곡로 67,,-,-
부산광역시 동구 수정동,1352,1352,0,협성휴포레부산진역오션뷰,69.5108,202110,9,"64,000",3,2019,중앙대로 357,,-,-
부산광역시 동구 좌천동,1168,1168,0,두산위브범일뉴타운,84.9959,202110,22,"45,000",3,2006,성남일로 5,,-,-
부산광역시 동구 좌천동,1168,1168,0,두산위브범일뉴타운,59.6572,202110,22,"33,000",7,2006,성남일로 5,,-,-
부산광역시 동구 좌천동,548,548,0,린다스마트포레,42.0056,202110,18,"21,300",6,2018,정공단로 8,,-,-
부산광역시 동구 좌천동,187-5,187,5,선경뉴빌,46.33,202110,1,"13,900",14,2013,자성로8번길 12,,-,-
부산광역시 동구 좌천동,734-4,734,4,제일,43.1,202110,1,"5,200",4,1962,증산로 101,,-,-
부산광역시 동구 좌천동,734-4,734,4,제일,42.98,202110,19,"5,800",4,1962,증산로 101,,-,-
부산광역시 동구 좌천동,1170,1170,0,좌천서린엘마르더뷰,59.485,202110,18,"28,100",12,2018,망양로 850,,-,-
부산광역시 동구 좌천동,1170,1170,0,좌천서린엘마르더뷰,59.8947,202110,18,"27,500",3,2018,망양로 850,,-,-
부산광역시 동구 좌천동,737-1,737,1,좌천시민(737-1),36.4,202110,27,"4,180",2,1962,성북로22번길 29,,-,-
부산광역시 동구 초량동,1161-8,1161,8,KCB센트리움,57.48,202110,22,"16,500",12,2003,중앙대로286번길 7-4,,-,-
부산광역시 동구 초량동,1218,1218,0,e편한세상부산항,84.6836,202110,3,"87,500",26,2019,홍곡로 50,,-,-
부산광역시 동구 초량동,1156-4,1156,4,남평N-CITY,55.7382,202110,25,"20,000",5,2016,중앙대로308번길 7-7,,-,-
부산광역시 동구 초량동,865-32,865,32,대륙,56.17,202110,5,"5,000",4,1975,망양로 494-10,,-,-
부산광역시 동구 초량동,865-31,865,31,동일파크,60.75,202110,16,"14,500",3,1984,망양로 483,,-,-
부산광역시 동구 초량동,1165-1,1165,1,부산역유림로미오,27.0945,202110,6,"11,500",8,2014,중앙대로274번길 7-7,,-,-
부산광역시 동구 초량동,1165-11,1165,11,부산역유림줄리엣,16.8434,202110,6,"7,300",13,2014,중앙대로274번길 7-3,,-,-
부산광역시 동구 초량동,1165-11,1165,11,부산역유림줄리엣,16.7238,202110,25,"8,700",13,2014,중앙대로274번길 7-3,,-,-
부산광역시 동구 초량동,1143-15,1143,15,신우,76.93,202110,18,"11,000",1,1976,고관로 70,,-,-
부산광역시 동구 초량동,865-42,865,42,영림,36.8,202110,26,"3,100",4,1990,영초길247번길 26,,-,-
부산광역시 동구 초량동,1160-11,1160,11,장원하이드파크,79.806,202110,8,"30,000",12,2017,중앙대로296번길 11,,-,-
부산광역시 동구 초량동,865-166,865,166,화신1,45.63,202110,25,"7,600",4,1986,망양로 516-4,,-,-
부산광역시 동래구 낙민동,Sep-92,92,9,동래벽산,59.916,202110,8,"32,500",6,1997,안남로 47,,-,-
부산광역시 동래구 낙민동,Sep-92,92,9,동래벽산,59.916,202110,9,"32,000",9,1997,안남로 47,,-,-
부산광역시 동래구 낙민동,Jan-83,83,1,동래우성,134.886,202110,8,"52,500",6,1997,안남로 9,,-,-
부산광역시 동래구 낙민동,288-29,288,29,동서허브H,49.99,202110,16,"18,500",8,2017,충렬대로256번가길 25,,-,-
부산광역시 동래구 낙민동,Jan-94,94,1,동원로얄듀크,59.955,202110,2,"33,000",8,1998,온천천로399번길 14,,-,-
부산광역시 동래구 낙민동,Jan-94,94,1,동원로얄듀크,84.98,202110,13,"49,800",4,1998,온천천로399번길 14,,-,-
부산광역시 동래구 낙민동,Jan-94,94,1,동원로얄듀크,59.955,202110,23,"32,000",3,1998,온천천로399번길 14,,-,-
부산광역시 동래구 낙민동,Jan-94,94,1,동원로얄듀크,59.955,202110,28,"34,700",5,1998,온천천로399번길 14,,-,-
부산광역시 동래구 낙민동,293-1,293,1,블리시움,43.4147,202110,1,"22,087",11,2021,충렬대로256번길 25-10,,-,-
부산광역시 동래구 낙민동,294-22,294,22,아델리아,72.14,202110,27,"37,400",10,2020,충렬대로238번가길 49-1,,-,-
부산광역시 동래구 낙민동,Jun-90,90,6,중앙하이츠2,84.83,202110,1,"44,500",8,1996,안남로 36,,-,-
부산광역시 동래구 낙민동,Jun-90,90,6,중앙하이츠2,59.9,202110,22,"30,000",9,1996,안남로 36,,-,-
부산광역시 동래구 낙민동,326,326,0,포레나동래,84.8287,202110,15,"80,400",15,2019,온천천로339번길 51,,-,-
부산광역시 동래구 낙민동,Jan-93,93,1,한신,59.84,202110,4,"31,300",10,1999,안남로 46,,-,-
부산광역시 동래구 낙민동,Jan-93,93,1,한신,84.93,202110,15,"44,700",21,1999,안남로 46,,-,-
부산광역시 동래구 낙민동,Jan-77,77,1,한일유앤아이,105.1831,202110,1,"68,500",12,2007,온천천로339번길 28,,-,-
부산광역시 동래구 낙민동,Jan-77,77,1,한일유앤아이,84.9573,202110,2,"61,000",21,2007,온천천로339번길 28,,-,-
부산광역시 동래구 낙민동,Jan-77,77,1,한일유앤아이,124.9736,202110,18,"81,500",18,2007,온천천로339번길 28,,-,-
부산광역시 동래구 명륜동,533-128,533,128,금림필3차,82.18,202110,6,"25,000",11,2004,온천천로 179,,-,-
부산광역시 동래구 명륜동,756,756,0,동래센트럴파크하이츠1차,131.7788,202110,15,"117,800",15,2011,문화로 15,,-,-
부산광역시 동래구 명륜동,756-1,756,1,동래센트럴파크하이츠2차,84.972,202110,16,"78,700",25,2010,문화로 33,,-,-
부산광역시 동래구 명륜동,782,782,0,명륜2차아이파크,59.9038,202110,8,"59,400",1,2015,시실로 49,,-,-
부산광역시 동래구 명륜동,782,782,0,명륜2차아이파크,84.9708,202110,9,"89,000",27,2015,시실로 49,,-,-
부산광역시 동래구 명륜동,782,782,0,명륜2차아이파크,108.2742,202110,18,"104,000",7,2015,시실로 49,,-,-
부산광역시 동래구 명륜동,752,752,0,명륜동SK-VIEW,84.5011,202110,2,"57,000",23,2006,명륜로236번길 9,,-,-
부산광역시 동래구 명륜동,752,752,0,명륜동SK-VIEW,84.5011,202110,13,"53,000",19,2006,명륜로236번길 9,,-,-
부산광역시 동래구 명륜동,757,757,0,명륜아이파크1단지,84.9949,202110,24,"91,000",10,2013,명륜로 170,,-,-
부산광역시 동래구 명륜동,526-11,526,11,이삭빌,77.1,202110,15,"22,500",5,2003,충렬대로182번나길 22,,-,-
부산광역시 동래구 명륜동,618-5,618,5,천일스카이원,49.992,202110,15,"22,000",3,2018,명륜로 151,,-,-
부산광역시 동래구 명륜동,679,679,0,청마,81.81,202110,12,"42,000",3,1983,동래로 61,,-,-
부산광역시 동래구 명장동,623,623,0,e편한세상동래명장1단지,76.22,202110,5,"68,000",8,2019,명장로 65,,-,-
부산광역시 동래구 명장동,26-24,26,24,국제파크,59.86,202110,5,"25,000",6,1996,충렬사로 81,,-,-
부산광역시 동래구 명장동,616,616,0,대가하이츠,59.2199,202110,1,"22,800",2,2017,시실로 154,,-,-
부산광역시 동래구 명장동,517-2,517,2,동남타워,81.65,202110,4,"17,000",1,1992,시실로 156,,-,-
부산광역시 동래구 명장동,300-55,300,55,동양맨션,47.11,202110,18,"25,000",3,1982,명서로 160,,-,-
부산광역시 동래구 명장동,488-1,488,1,명장제일,41.49,202110,23,"14,000",3,1981,반송로354번길 10,,-,-
부산광역시 동래구 명장동,Sep-63,63,9,삼성타운,59.61,202110,7,"30,000",17,1996,명장로20번길 90,,-,-
부산광역시 동래구 명장동,497-76,497,76,아림파크맨션,43.05,202110,19,"23,700",2,1988,명서로 140,,-,-
부산광역시 동래구 명장동,497-76,497,76,아림파크맨션,43.05,202110,26,"24,600",5,1988,명서로 140,,-,-
부산광역시 동래구 명장동,01월 25일,25,1,영산무지개타운,67.54,202110,8,"21,000",3,1993,충렬사로67번길 13,,-,-
부산광역시 동래구 명장동,01월 25일,25,1,영산무지개타운,67.54,202110,18,"18,200",12,1993,충렬사로67번길 13,,-,-
부산광역시 동래구 명장동,497-1,497,1,협진태양,48.3,202110,15,"28,500",3,1986,반송로339번길 8,,-,-
부산광역시 동래구 명장동,497-1,497,1,협진태양,48.3,202110,18,"31,200",3,1986,반송로339번길 8,,-,-
부산광역시 동래구 사직동,632-4,632,4,로얄2,52.38,202110,15,"50,500",2,1984,쇠미로 109,,-,-
부산광역시 동래구 사직동,632-4,632,4,로얄2,61.29,202110,24,"59,700",5,1984,쇠미로 109,,-,-
부산광역시 동래구 사직동,1017,1017,0,사직쌍용예가,119.009,202110,6,"87,500",4,2006,사직로 80,,-,-
부산광역시 동래구 사직동,1017,1017,0,사직쌍용예가,119.009,202110,16,"72,000",19,2006,사직로 80,,-,-
부산광역시 동래구 사직동,1017,1017,0,사직쌍용예가,84.965,202110,18,"70,700",9,2006,사직로 80,,-,-
부산광역시 동래구 사직동,981-100,981,100,삼정그린코아,59.76,202110,4,"22,000",7,1998,쇠미로 37,,-,-
부산광역시 동래구 사직동,981-100,981,100,삼정그린코아,84.76,202110,15,"32,000",3,1998,쇠미로 37,,-,-
부산광역시 동래구 사직동,981-100,981,100,삼정그린코아,59.73,202110,20,"22,000",7,1998,쇠미로 37,,-,-
부산광역시 동래구 사직동,981-100,981,100,삼정그린코아,84.76,202110,21,"35,800",19,1998,쇠미로 37,,-,-
부산광역시 동래구 사직동,1019,1019,0,삼환나우빌,59.972,202110,9,"47,500",14,2010,쇠미로 72,,-,-
부산광역시 동래구 사직동,1019,1019,0,삼환나우빌,84.9999,202110,11,"55,750",15,2010,쇠미로 72,,-,-
부산광역시 동래구 사직동,Jul-46,46,7,상우다솜,84.91,202110,25,"32,700",8,2014,사직북로47번길 43,,-,-
부산광역시 동래구 사직동,1058,1058,0,쌍용더플래티넘사직아시아드아파트,84.9207,202110,2,"114,500",9,2020,아시아드대로134번길 14,,-,-
부산광역시 동래구 사직동,632-94,632,94,유원,84.77,202110,4,"15,000",4,1992,쇠미로119번길 85,,-,-
부산광역시 동래구 사직동,632-94,632,94,유원,84.77,202110,15,"17,000",13,1992,쇠미로119번길 85,,-,-
부산광역시 동래구 사직동,597,597,0,한신,84.94,202110,15,"29,500",12,1999,쇠미로81번길 33,,-,-
부산광역시 동래구 사직동,597,597,0,한신,59.82,202110,25,"21,800",9,1999,쇠미로81번길 33,,-,-
부산광역시 동래구 수안동,9-44,9,44,동래센트리움아파트,45.46,202110,1,"22,400",5,2018,명륜로 62,,-,-
부산광역시 동래구 수안동,106-1,106,1,반도보라,71.01,202110,19,"47,000",4,1984,충렬대로238번가길 58,,-,-
부산광역시 동래구 수안동,06월 01일,6,1,새동래1(가~라동),77.76,202110,12,"70,000",9,1979,명륜로75번길 31,,-,-
부산광역시 동래구 수안동,11월 21일,11,21,새한센시빌,84.85,202110,19,"27,200",4,2004,명륜로 33,,-,-
부산광역시 동래구 수안동,344,344,0,수안동미소지음아파트,68.3878,202110,19,"30,900",15,2015,명륜로98번길 67-4,,-,-
부산광역시 동래구 수안동,11월 11일,11,11,수안동하나로아파트4차,84.71,202110,13,"23,000",6,2002,명륜로 39,,-,-
부산광역시 동래구 수안동,11월 28일,11,28,프랜즈원룸,23.76,202110,15,"5,200",8,2005,온천천로 255,,-,-
부산광역시 동래구 수안동,666-1,666,1,한진,59.4,202110,8,"45,000",19,1996,충렬대로200번길 25,,-,-
부산광역시 동래구 안락동,1251,1251,0,강변뜨란채,59.69,202110,1,"48,800",19,2006,안남로 79,,-,-
부산광역시 동래구 안락동,947-12,947,12,골드타워,83.27,202110,4,"22,500",2,2002,반송로240번길 5,,-,-
부산광역시 동래구 안락동,603-12,603,12,동래보해이브,50.4481,202110,9,"23,700",15,2017,충렬대로428번길 30,,-,-
부산광역시 동래구 안락동,603-12,603,12,동래보해이브,64.7974,202110,14,"29,500",19,2017,충렬대로428번길 30,,-,-
부산광역시 동래구 안락동,598,598,0,동부산아이존빌,59.7331,202110,3,"38,500",11,2003,충렬대로428번길 49,20211015,-,-
부산광역시 동래구 안락동,598,598,0,동부산아이존빌,73.1692,202110,9,"45,500",10,2003,충렬대로428번길 49,,-,-
부산광역시 동래구 안락동,598,598,0,동부산아이존빌,59.7331,202110,16,"38,000",11,2003,충렬대로428번길 49,,-,-
부산광역시 동래구 안락동,598,598,0,동부산아이존빌,84.8354,202110,30,"48,300",13,2003,충렬대로428번길 49,,-,-
부산광역시 동래구 안락동,472-57,472,57,안락SKVIEW,134.97,202110,4,"67,800",23,1999,충렬대로 487,,-,-
부산광역시 동래구 안락동,472-57,472,57,안락SKVIEW,59.813,202110,13,"43,000",14,1999,충렬대로 487,,-,-
부산광역시 동래구 안락동,1258,1258,0,안락경동리인,84.9844,202110,11,"69,800",10,2015,충렬대로446번길 67,,-,-
부산광역시 동래구 안락동,1242,1242,0,안락뜨란채2단지,51.86,202110,5,"40,500",17,2005,연안로 74,,-,-
부산광역시 동래구 안락동,1242,1242,0,안락뜨란채2단지,59.91,202110,12,"36,000",11,2005,연안로 74,,-,-
부산광역시 동래구 안락동,1242,1242,0,안락뜨란채2단지,84.92,202110,14,"64,500",13,2005,연안로 74,,-,-
부산광역시 동래구 안락동,1242,1242,0,안락뜨란채2단지,59.91,202110,18,"46,300",4,2005,연안로 74,,-,-
부산광역시 동래구 안락동,15-26,15,26,안락현대,84.83,202110,25,"44,000",4,2001,삼어로 9,,-,-
부산광역시 동래구 안락동,03월 15일,15,3,에스케이쁘띠메종,59.91,202110,5,"31,700",11,2000,삼어로 12,,-,-
부산광역시 동래구 안락동,632-4,632,4,태성맨션,46.41,202110,1,"14,500",1,1982,온천천로431번길 28,,-,-
부산광역시 동래구 안락동,632-1,632,1,한성기린(632-1),43.67,202110,16,"17,500",6,1987,온천천로431번길 42,,-,-
부산광역시 동래구 온천동,161-1,161,1,SK허브올리브,26.46,202110,12,"9,300",5,2006,금강공원로 2,,-,-
부산광역시 동래구 온천동,161-1,161,1,SK허브올리브,26.46,202110,15,"9,500",6,2006,금강공원로 2,,-,-
부산광역시 동래구 온천동,161-1,161,1,SK허브올리브,26.46,202110,27,"10,000",6,2006,금강공원로 2,,-,-
부산광역시 동래구 온천동,161-1,161,1,SK허브올리브,26.46,202110,28,"9,400",4,2006,금강공원로 2,,-,-
부산광역시 동래구 온천동,161-1,161,1,SK허브올리브,53.29,202110,30,"19,000",16,2006,금강공원로 2,,-,-
부산광역시 동래구 온천동,1846,1846,0,e편한세상동래아시아드,84.9754,202110,6,"90,000",10,2020,아시아드대로 202,20211013,-,-
부산광역시 동래구 온천동,1846,1846,0,e편한세상동래아시아드,84.9754,202110,16,"90,000",10,2020,아시아드대로 202,,-,-
부산광역시 동래구 온천동,1846,1846,0,e편한세상동래아시아드,84.9602,202110,20,"90,000",10,2020,아시아드대로 202,,-,-
부산광역시 동래구 온천동,1241-1,1241,1,경보이리스힐,75.0298,202110,9,"25,200",11,2004,쇠미로 185,,-,-
부산광역시 동래구 온천동,1241-1,1241,1,경보이리스힐,75.0298,202110,30,"25,500",3,2004,쇠미로 185,,-,-
부산광역시 동래구 온천동,1129-4,1129,4,대동타운,59.54,202110,27,"27,000",13,1998,금정마을로 120,,-,-
부산광역시 동래구 온천동,1650,1650,0,대륙코리아나,83.78,202110,9,"20,500",13,1995,쇠미로129번길 67,,-,-
부산광역시 동래구 온천동,1650,1650,0,대륙코리아나,59.12,202110,9,"13,000",3,1995,쇠미로129번길 67,,-,-
부산광역시 동래구 온천동,1414-7,1414,7,더블루원,47.39,202110,16,"16,700",6,2015,여고북로23번길 54,,-,-
부산광역시 동래구 온천동,707,707,0,동래럭키,132.492,202110,5,"150,000",10,1983,충렬대로107번길 54,,-,-
부산광역시 동래구 온천동,1833,1833,0,동래삼정그린코아포레스트,84.6791,202110,5,"66,300",7,2018,쇠미로 153,,-,-
부산광역시 동래구 온천동,1834,1834,0,동래지웰,59.9664,202110,16,"33,500",4,2018,쇠미로 197,,-,-
부산광역시 동래구 온천동,1834,1834,0,동래지웰,59.9664,202110,27,"37,000",19,2018,쇠미로 197,,-,-
부산광역시 동래구 온천동,477-5,477,5,동래퀸즈W,49.7889,202110,25,"17,700",6,2015,동래로 9,,-,-
부산광역시 동래구 온천동,477-5,477,5,동래퀸즈W,46.3536,202110,27,"18,000",9,2015,동래로 9,,-,-
부산광역시 동래구 온천동,1249-2,1249,2,동래효산벨뷰,64.8837,202110,1,"34,500",8,2020,아시아드대로231번길 3,,-,-
부산광역시 동래구 온천동,1249-2,1249,2,동래효산벨뷰,68.0083,202110,8,"38,730",16,2020,아시아드대로231번길 3,,-,-
부산광역시 동래구 온천동,1249-2,1249,2,동래효산벨뷰,67.7565,202110,12,"38,570",10,2020,아시아드대로231번길 3,,-,-
부산광역시 동래구 온천동,1249-2,1249,2,동래효산벨뷰,68.0083,202110,12,"38,730",15,2020,아시아드대로231번길 3,20211025,-,-
부산광역시 동래구 온천동,1249-2,1249,2,동래효산벨뷰,67.7565,202110,22,"39,000",12,2020,아시아드대로231번길 3,,-,-
부산광역시 동래구 온천동,1680,1680,0,동부현대,59.755,202110,18,"12,700",4,1995,쇠미로129번길 86,,-,-
부산광역시 동래구 온천동,1680,1680,0,동부현대,56.755,202110,20,"12,300",9,1995,쇠미로129번길 86,,-,-
부산광역시 동래구 온천동,1680,1680,0,동부현대,59.755,202110,21,"13,500",3,1995,쇠미로129번길 86,,-,-
부산광역시 동래구 온천동,1680,1680,0,동부현대,59.755,202110,27,"15,200",10,1995,쇠미로129번길 86,,-,-
부산광역시 동래구 온천동,1680,1680,0,동부현대,59.755,202110,28,"13,300",13,1995,쇠미로129번길 86,,-,-
부산광역시 동래구 온천동,725-5,725,5,동해맨션,67.34,202110,12,"20,000",3,1978,충렬대로95번길 12,,-,-
부산광역시 동래구 온천동,1841,1841,0,두비앙에코힐아파트,71.5626,202110,2,"28,800",2,2019,쇠미로121번길 91-1,,-,-
부산광역시 동래구 온천동,1841,1841,0,두비앙에코힐아파트,59.6946,202110,14,"28,000",24,2019,쇠미로121번길 91-1,,-,-
부산광역시 동래구 온천동,1841,1841,0,두비앙에코힐아파트,74.7091,202110,19,"27,200",21,2019,쇠미로121번길 91-1,,-,-
부산광역시 동래구 온천동,1841,1841,0,두비앙에코힐아파트,59.6946,202110,31,"26,300",8,2019,쇠미로121번길 91-1,,-,-
부산광역시 동래구 온천동,200-27,200,27,목영해돋이,33,202110,17,"6,500",14,2005,금강로 81,,-,-
부산광역시 동래구 온천동,1412-1,1412,1,반도보라스카이뷰,84.9501,202110,2,"67,000",29,2006,아시아드대로 234,,-,-
부산광역시 동래구 온천동,1412-1,1412,1,반도보라스카이뷰,101.4053,202110,23,"68,000",32,2006,아시아드대로 234,,-,-
부산광역시 동래구 온천동,178-7,178,7,벽산아스타,136.896,202110,7,"73,500",10,2008,중앙대로1473번길 13,,-,-
부산광역시 동래구 온천동,1654,1654,0,삼정그린코아,84.96,202110,2,"25,700",18,2003,쇠미로129번길 91,,-,-
부산광역시 동래구 온천동,1654,1654,0,삼정그린코아,69.87,202110,25,"22,000",11,2003,쇠미로129번길 91,,-,-
부산광역시 동래구 온천동,1654,1654,0,삼정그린코아,59.83,202110,30,"17,400",6,2003,쇠미로129번길 91,,-,-
부산광역시 동래구 온천동,1600,1600,0,새온천화신동영,59.4,202110,15,"14,500",18,1995,쇠미로129번길 62-12,,-,-
부산광역시 동래구 온천동,1411-10,1411,10,세경더뷰,53.93,202110,26,"19,000",10,2014,아시아드대로 212,,-,-
부산광역시 동래구 온천동,1212-1,1212,1,신보빌라,84.68,202110,13,"17,000",10,2002,쇠미로 209-8,,-,-
부산광역시 동래구 온천동,456-29,456,29,신화타워,59.79,202110,5,"22,200",11,1999,온천장로 20,,-,-
부산광역시 동래구 온천동,456-29,456,29,신화타워,59.79,202110,6,"22,000",14,1999,온천장로 20,,-,-
부산광역시 동래구 온천동,456-29,456,29,신화타워,84.45,202110,28,"32,800",13,1999,온천장로 20,,-,-
부산광역시 동래구 온천동,460-6,460,6,온천동유림노르웨이숲,67.8868,202110,9,"58,800",16,2018,중앙대로 1453,,-,-
부산광역시 동래구 온천동,1842,1842,0,온천삼정그린코아더베스트,84.9868,202110,13,"68,000",33,2019,중앙대로1493번길 16-1,,-,-
부산광역시 동래구 온천동,94-20,94,20,용진스타티스,76.86,202110,25,"25,000",6,2013,금강로 148,,-,-
부산광역시 동래구 온천동,192-6,192,6,은우아일레,62.5102,202110,2,"24,100",12,2017,금강로 100,,-,-
부산광역시 동래구 온천동,210-16,210,16,케이에이치마이우스,23.99,202110,30,"11,800",12,2016,금강공원로 27,,-,-
부산광역시 동래구 온천동,1218-1,1218,1,하림빌라트,109.27,202110,1,"29,500",8,2002,아시아드대로247번길 97,20211025,-,-
부산광역시 동래구 온천동,1218-1,1218,1,하림빌라트,109.27,202110,25,"29,500",8,2002,아시아드대로247번길 97,,-,-
부산광역시 동래구 온천동,172-35,172,35,협성스카이라인80,25.96,202110,21,"7,000",16,2004,중앙대로1473번길 14-12,,-,-
부산광역시 동래구 온천동,1129-2,1129,2,화신,84.64,202110,2,"24,600",8,1991,쇠미로235번길 9,,-,-
부산광역시 동래구 온천동,1424-16,1424,16,휴림아르페,50.84,202110,23,"17,900",6,2016,미남로 138,,-,-
부산광역시 부산진구 가야동,128-1,128,1,가야동원로얄듀크,77.3048,202110,22,"54,000",15,2013,가야대로 531,,-,-
부산광역시 부산진구 가야동,361-85,361,85,가야삼정그린코아,118.94,202110,10,"32,500",9,2000,엄광로238번길 5,,-,-
부산광역시 부산진구 가야동,669-9,669,9,벽산2,174.2,202110,20,"62,000",13,1992,엄광로 68,,-,-
부산광역시 부산진구 가야동,617-8,617,8,보광(617-8),76.47,202110,9,"16,500",5,1983,냉정로 265,,-,-
부산광역시 부산진구 가야동,385-2,385,2,시영,39.67,202110,9,"12,500",6,1974,엄광로 270,,-,-
부산광역시 부산진구 가야동,Jan-50,50,1,유림,59.92,202110,26,"25,000",25,1996,가야대로679번길 155,,-,-
부산광역시 부산진구 가야동,Feb-56,56,2,한신센타뷰,73.57,202110,8,"25,000",14,2002,가야대로 597,,-,-
부산광역시 부산진구 가야동,55,55,0,화신,59.8,202110,14,"31,500",16,1999,가야대로679번길 166,,-,-
부산광역시 부산진구 개금동,796,796,0,개금롯데캐슬,84.9056,202110,21,"51,500",12,2010,개금온정로 10,,-,-
부산광역시 부산진구 개금동,424-6,424,6,개금미네스트,45.2153,202110,2,"19,900",11,2021,개금본동로9번길 69,,-,-
부산광역시 부산진구 개금동,618-2,618,2,개금아이파크,84.99,202110,4,"35,600",16,2002,복지로 70,,-,-
부산광역시 부산진구 개금동,618-2,618,2,개금아이파크,84.99,202110,12,"34,500",11,2002,복지로 70,,-,-
부산광역시 부산진구 개금동,618-2,618,2,개금아이파크,84.99,202110,21,"38,000",18,2002,복지로 70,,-,-
부산광역시 부산진구 개금동,618-2,618,2,개금아이파크,59.76,202110,26,"27,200",8,2002,복지로 70,,-,-
부산광역시 부산진구 개금동,618-2,618,2,개금아이파크,120.39,202110,31,"45,000",17,2002,복지로 70,,-,-
부산광역시 부산진구 개금동,875,875,0,개금역금강펜테리움더스퀘어아파트,84.327,202110,11,"72,000",27,2018,가야대로 450,,-,-
부산광역시 부산진구 개금동,875,875,0,개금역금강펜테리움더스퀘어아파트,84.3949,202110,15,"74,700",19,2018,가야대로 450,,-,-
부산광역시 부산진구 개금동,875,875,0,개금역금강펜테리움더스퀘어아파트,84.3949,202110,23,"76,000",13,2018,가야대로 450,,-,-
부산광역시 부산진구 개금동,451-12,451,12,개금역스마트더블유,41.7308,202110,19,"17,500",9,2016,가야대로 411,,-,-
부산광역시 부산진구 개금동,01월 07일,1,7,개금우드빌,44.87,202110,9,"11,000",18,1994,백양대로208번길 144,,-,-
부산광역시 부산진구 개금동,01월 07일,1,7,개금우드빌,44.87,202110,20,"10,300",2,1994,백양관문로77번길 81,,-,-
부산광역시 부산진구 개금동,01월 07일,1,7,개금우드빌,44.87,202110,27,"11,900",9,1994,백양관문로77번길 81,,-,-
부산광역시 부산진구 개금동,01월 09일,1,9,개금우드빌(1-9),56.88,202110,1,"12,500",15,1994,백양관문로77번길 56,,-,-
부산광역시 부산진구 개금동,01월 09일,1,9,개금우드빌(1-9),56.88,202110,5,"15,000",18,1994,백양관문로77번길 56,,-,-
부산광역시 부산진구 개금동,01월 09일,1,9,개금우드빌(1-9),56.88,202110,6,"15,000",13,1994,백양관문로77번길 56,,-,-
부산광역시 부산진구 개금동,01월 09일,1,9,개금우드빌(1-9),56.88,202110,13,"15,500",12,1994,백양관문로77번길 56,,-,-
부산광역시 부산진구 개금동,Jan-53,53,1,개금주공1,31.98,202110,4,"23,300",5,1987,백양대로208번길 25,,-,-
부산광역시 부산진구 개금동,Jan-53,53,1,개금주공1,31.98,202110,7,"24,500",2,1987,백양대로208번길 25,,-,-
부산광역시 부산진구 개금동,Jan-53,53,1,개금주공1,39.72,202110,16,"29,000",2,1987,백양대로208번길 25,,-,-
부산광역시 부산진구 개금동,Jan-53,53,1,개금주공1,31.98,202110,21,"24,900",3,1987,백양대로208번길 25,,-,-
부산광역시 부산진구 개금동,53,53,0,개금주공2,61.52,202110,11,"33,000",11,1988,백양관문로 7,,-,-
부산광역시 부산진구 개금동,산54-4,54,4,고원,41.67,202110,16,"9,900",2,1986,엄광로62번길 61,,-,-
부산광역시 부산진구 개금동,515-6,515,6,글로벌타워,67.1,202110,29,"21,700",15,2005,가야대로 458,,-,-
부산광역시 부산진구 개금동,566-51,566,51,대동,69.32,202110,26,"14,000",14,1999,진사로89번길 73,,-,-
부산광역시 부산진구 개금동,01월 12일,1,12,동원화인패밀리,84.98,202110,12,"22,500",4,1995,백양관문로77번길 42,,-,-
부산광역시 부산진구 개금동,01월 12일,1,12,동원화인패밀리,84.98,202110,12,"22,500",4,1995,백양관문로77번길 42,20211025,-,-
부산광역시 부산진구 개금동,06월 19일,19,6,반도보라맨션,84.975,202110,5,"18,500",8,1994,개금본동로 42,,-,-
부산광역시 부산진구 개금동,06월 19일,19,6,반도보라맨션,84.975,202110,11,"18,650",1,1994,개금본동로 42,20211102,-,-
부산광역시 부산진구 개금동,06월 19일,19,6,반도보라맨션,84.975,202110,11,"18,650",1,1994,개금본동로 42,,-,-
부산광역시 부산진구 개금동,01월 04일,1,4,삼환,84.93,202110,16,"20,500",3,1995,백양대로208번길 133,,-,-
부산광역시 부산진구 개금동,01월 04일,1,4,삼환,84.93,202110,17,"20,500",1,1995,백양대로208번길 133,,-,-
부산광역시 부산진구 개금동,10,10,0,성도,56.44,202110,1,"10,500",2,1992,개금본동로22번길 31,,-,-
부산광역시 부산진구 개금동,10,10,0,성도,56.44,202110,16,"9,500",3,1992,개금본동로22번길 31,,-,-
부산광역시 부산진구 개금동,10,10,0,성도,56.37,202110,20,"9,850",10,1992,개금본동로22번길 31,,-,-
부산광역시 부산진구 개금동,10,10,0,성도,56.37,202110,20,"9,850",10,1992,개금본동로22번길 31,20211021,-,-
부산광역시 부산진구 개금동,10,10,0,성도,84.5,202110,21,"16,750",10,1992,개금본동로22번길 31,,-,-
부산광역시 부산진구 개금동,10,10,0,성도,56.44,202110,26,"12,000",5,1992,개금본동로22번길 31,,-,-
부산광역시 부산진구 개금동,10,10,0,성도,56.44,202110,27,"11,250",10,1992,개금본동로22번길 31,,-,-
부산광역시 부산진구 개금동,627-1,627,1,시영(1~5동),39.67,202110,23,"13,000",2,1975,진사로61번길 29,,-,-
부산광역시 부산진구 개금동,628-1,628,1,시영(6~11동),39.67,202110,9,"13,000",3,1975,진사로61번길 29,,-,-
부산광역시 부산진구 개금동,628-1,628,1,시영(6~11동),39.67,202110,19,"14,100",1,1975,진사로61번길 29,,-,-
부산광역시 부산진구 개금동,523-3,523,3,시티파크,84.68,202110,8,"28,100",8,2012,복지로21번길 6,,-,-
부산광역시 부산진구 개금동,455,455,0,엘지신개금(2-1),60,202110,5,"33,000",23,1998,백양대로300번길 20,,-,-
부산광역시 부산진구 개금동,455,455,0,엘지신개금(2-1),60,202110,8,"32,000",5,1998,백양대로300번길 20,,-,-
부산광역시 부산진구 개금동,455,455,0,엘지신개금(2-1),59.99,202110,9,"30,800",17,1998,백양대로300번길 20,,-,-
부산광역시 부산진구 개금동,455,455,0,엘지신개금(2-1),134.92,202110,16,"60,000",7,1998,백양대로300번길 20,,-,-
부산광역시 부산진구 개금동,455,455,0,엘지신개금(2-1),84.99,202110,18,"47,500",11,1998,백양대로300번길 20,,-,-
부산광역시 부산진구 개금동,455,455,0,엘지신개금(2-1),134.92,202110,23,"59,500",10,1998,백양대로300번길 20,,-,-
부산광역시 부산진구 개금동,596,596,0,엘지신개금(2-2),59.99,202110,2,"28,800",3,1999,백양대로300번길 19,,-,-
부산광역시 부산진구 개금동,596,596,0,엘지신개금(2-2),84.99,202110,2,"44,700",15,1999,백양대로300번길 19,,-,-
부산광역시 부산진구 개금동,596,596,0,엘지신개금(2-2),84.99,202110,2,"35,800",1,1999,백양대로300번길 19,,-,-
부산광역시 부산진구 개금동,596,596,0,엘지신개금(2-2),84.99,202110,6,"42,000",7,1999,백양대로300번길 19,,-,-
부산광역시 부산진구 개금동,596,596,0,엘지신개금(2-2),59.99,202110,7,"35,600",11,1999,백양대로300번길 19,,-,-
부산광역시 부산진구 개금동,596,596,0,엘지신개금(2-2),84.99,202110,13,"44,950",23,1999,백양대로300번길 19,,-,-
부산광역시 부산진구 개금동,596,596,0,엘지신개금(2-2),59.99,202110,30,"32,000",24,1999,백양대로300번길 19,,-,-
부산광역시 부산진구 개금동,산52-6,52,6,태림,64.54,202110,26,"14,200",3,1979,엄광로44번길 21,,-,-
부산광역시 부산진구 개금동,산52-6,52,6,태림,71.24,202110,29,"17,200",4,1979,엄광로44번길 21,,-,-
부산광역시 부산진구 개금동,02월 01일,2,1,한진,84.96,202110,2,"18,500",4,1992,백양대로208번길 88,,-,-
부산광역시 부산진구 당감동,516,516,0,개금주공3단지,61.52,202110,11,"34,000",12,1989,백양관문로 10,,-,-
부산광역시 부산진구 당감동,516,516,0,개금주공3단지,41.3,202110,14,"26,000",5,1989,백양관문로 10,,-,-
부산광역시 부산진구 당감동,976,976,0,건오힐타워,79.69,202110,20,"18,000",9,2004,가야대로 711,,-,-
부산광역시 부산진구 당감동,791,791,0,국제백양,77.7825,202110,2,"16,700",1,1995,백양관문로 104,,-,-
부산광역시 부산진구 당감동,791,791,0,국제백양,84.9825,202110,2,"21,500",5,1995,백양관문로 104,,-,-
부산광역시 부산진구 당감동,791,791,0,국제백양,59.9325,202110,20,"14,700",7,1995,백양관문로 104,,-,-
부산광역시 부산진구 당감동,791,791,0,국제백양,84.9825,202110,23,"19,400",14,1995,백양관문로 104,,-,-
부산광역시 부산진구 당감동,792-3,792,3,국제프라자,84.78,202110,12,"17,800",5,1995,백양관문로 101,,-,-
부산광역시 부산진구 당감동,797,797,0,"당감주공1차,백양뜨란채",59.89,202110,1,"16,700",11,1999,백양산로53번길 125,,-,-
부산광역시 부산진구 당감동,797,797,0,"당감주공1차,백양뜨란채",59.91,202110,1,"17,500",14,1999,백양산로53번길 125,,-,-
부산광역시 부산진구 당감동,797,797,0,"당감주공1차,백양뜨란채",59.91,202110,2,"17,300",11,1999,백양산로53번길 125,,-,-
부산광역시 부산진구 당감동,797,797,0,"당감주공1차,백양뜨란채",59.54,202110,2,"17,300",4,1999,백양산로53번길 125,,-,-
부산광역시 부산진구 당감동,797,797,0,"당감주공1차,백양뜨란채",59.54,202110,2,"17,700",8,1999,백양산로53번길 125,,-,-
부산광역시 부산진구 당감동,797,797,0,"당감주공1차,백양뜨란채",59.91,202110,7,"17,100",18,1999,백양산로53번길 125,,-,-
부산광역시 부산진구 당감동,797,797,0,"당감주공1차,백양뜨란채",59.54,202110,7,"15,900",2,1999,백양산로53번길 125,,-,-
부산광역시 부산진구 당감동,797,797,0,"당감주공1차,백양뜨란채",59.54,202110,13,"16,200",4,1999,백양산로53번길 125,,-,-
부산광역시 부산진구 당감동,807-4,807,4,동일스위트,59.9926,202110,2,"22,700",22,2005,백양관문로 115,,-,-
부산광역시 부산진구 당감동,807-4,807,4,동일스위트,84.9772,202110,2,"32,400",14,2005,백양관문로 115,,-,-
부산광역시 부산진구 당감동,807-4,807,4,동일스위트,59.9926,202110,3,"24,000",3,2005,백양관문로 115,,-,-
부산광역시 부산진구 당감동,807-4,807,4,동일스위트,84.9772,202110,6,"31,300",5,2005,백양관문로 115,,-,-
부산광역시 부산진구 당감동,807-4,807,4,동일스위트,80.2373,202110,12,"29,600",21,2005,백양관문로 115,,-,-
부산광역시 부산진구 당감동,807-4,807,4,동일스위트,110.2211,202110,12,"36,800",7,2005,백양관문로 115,,-,-
부산광역시 부산진구 당감동,807-4,807,4,동일스위트,110.2211,202110,18,"37,900",6,2005,백양관문로 115,,-,-
부산광역시 부산진구 당감동,495-9,495,9,"무궁화아파트101동,102동,103동,105동,106동",64.16,202110,2,"35,500",3,1981,당감로17번길 90,,-,-
부산광역시 부산진구 당감동,768-1,768,1,백산,54.12,202110,23,"13,500",3,1988,백양순환로 55,,-,-
부산광역시 부산진구 당감동,794,794,0,백양푸른채,59.54,202110,1,"16,050",1,1999,백양산로53번길 62,,-,-
부산광역시 부산진구 당감동,794,794,0,백양푸른채,49.99,202110,2,"13,900",19,1999,백양산로53번길 62,,-,-
부산광역시 부산진구 당감동,794,794,0,백양푸른채,59.89,202110,9,"16,800",12,1999,백양산로53번길 62,,-,-
부산광역시 부산진구 당감동,794,794,0,백양푸른채,49.99,202110,11,"13,000",17,1999,백양산로53번길 62,,-,-
부산광역시 부산진구 당감동,794,794,0,백양푸른채,59.54,202110,12,"17,400",11,1999,백양산로53번길 62,,-,-
부산광역시 부산진구 당감동,794,794,0,백양푸른채,59.89,202110,13,"17,500",6,1999,백양산로53번길 62,,-,-
부산광역시 부산진구 당감동,794,794,0,백양푸른채,49.99,202110,26,"13,000",4,1999,백양산로53번길 62,,-,-
부산광역시 부산진구 당감동,1024,1024,0,서면2차봄여름가을겨울,62.2152,202110,2,"39,500",14,2019,신천대로197번길 15,,-,-
부산광역시 부산진구 당감동,1024,1024,0,서면2차봄여름가을겨울,59.7941,202110,25,"31,800",10,2019,신천대로197번길 15,20211027,-,-
부산광역시 부산진구 당감동,1024,1024,0,서면2차봄여름가을겨울,59.7941,202110,27,"31,800",10,2019,신천대로197번길 15,,-,-
부산광역시 부산진구 당감동,Jan-99,99,1,서면봄여름가을겨울,49.34,202110,21,"22,300",4,2015,가야대로691번길 19,,-,-
부산광역시 부산진구 당감동,Apr-69,69,4,서면시즈빌,24.4766,202110,8,"5,800",13,2002,가야대로703번길 30,,-,-
부산광역시 부산진구 당감동,Apr-69,69,4,서면시즈빌,35.7933,202110,21,"8,300",10,2002,가야대로703번길 30,,-,-
부산광역시 부산진구 당감동,109-1,109,1,태화현대1,84.77,202110,2,"42,800",6,1996,가야대로 635-20,,-,-
부산광역시 부산진구 당감동,109-1,109,1,태화현대1,59.72,202110,6,"30,750",7,1996,가야대로 635-20,,-,-
부산광역시 부산진구 당감동,109-1,109,1,태화현대1,84.77,202110,16,"41,500",22,1996,가야대로 635-20,,-,-
부산광역시 부산진구 당감동,123,123,0,태화현대2,59.72,202110,5,"32,900",5,1996,가야대로 635-13,,-,-
부산광역시 부산진구 범전동,450,450,0,삼한골든뷰센트럴파크,84.9929,202110,21,"95,000",50,2019,중앙대로 821,,-,-
부산광역시 부산진구 범천동,944-1,944,1,경남,84.9375,202110,5,"38,900",18,2003,신암로 32,,-,-
부산광역시 부산진구 범천동,944-1,944,1,경남,59.9425,202110,6,"32,000",12,2003,신암로 32,,-,-
부산광역시 부산진구 범천동,944-1,944,1,경남,84.9375,202110,6,"38,200",3,2003,신암로 32,,-,-
부산광역시 부산진구 범천동,974-2,974,2,골든팰리스더리치,53.5767,202110,18,"23,500",6,2019,범천로12번길 13-1,,-,-
부산광역시 부산진구 범천동,974-2,974,2,골든팰리스더리치,56.0954,202110,25,"22,700",3,2019,범천로12번길 13-1,,-,-
부산광역시 부산진구 범천동,1057-2,1057,2,대우디오빌1,25.5675,202110,26,"6,750",15,2004,가야대로 714,,-,-
부산광역시 부산진구 범천동,1197-8,1197,8,동원퀸스빌,71.41,202110,1,"18,100",14,2005,신암로 107,,-,-
부산광역시 부산진구 범천동,1197-8,1197,8,동원퀸스빌,71.41,202110,4,"18,600",10,2005,신암로 107,,-,-
부산광역시 부산진구 범천동,1197-8,1197,8,동원퀸스빌,71.29,202110,23,"17,600",4,2005,신암로 107,,-,-
부산광역시 부산진구 범천동,1127,1127,0,로얄,48,202110,18,"12,300",5,1981,엄광로 394,,-,-
부산광역시 부산진구 범천동,842-28,842,28,리츠캐슬,70.29,202110,19,"28,700",8,2019,중앙번영로 26,,-,-
부산광역시 부산진구 범천동,842-28,842,28,리츠캐슬,70.29,202110,30,"28,800",7,2019,중앙번영로 26,,-,-
부산광역시 부산진구 범천동,1298-97,1298,97,린다비스타,30.1027,202110,20,"9,500",10,2016,신암로5번길 12,,-,-
부산광역시 부산진구 범천동,886-41,886,41,범일역이즈,49.7054,202110,9,"24,850",2,2019,범일로131번길 46,,-,-
부산광역시 부산진구 범천동,881-3,881,3,서면6차봄여름가을겨울,60.3229,202110,23,"28,800",13,2020,중앙대로 582,,-,-
부산광역시 부산진구 범천동,1647,1647,0,서면DS·협성엘리시안아파트,59.7961,202110,3,"40,000",4,2017,만리산로 11,,-,-
부산광역시 부산진구 범천동,1647,1647,0,서면DS·협성엘리시안아파트,62.7679,202110,13,"46,000",28,2017,만리산로 11,,-,-
부산광역시 부산진구 범천동,879-2,879,2,서면베르빌2,23.88,202110,19,"7,000",11,2004,중앙대로 584,,-,-
부산광역시 부산진구 범천동,879-2,879,2,서면베르빌2,28.62,202110,24,"6,700",10,2004,중앙대로 584,,-,-
부산광역시 부산진구 범천동,1054,1054,0,서면이-편한세상,84.981,202110,8,"59,800",25,2006,가야대로 702,,-,-
부산광역시 부산진구 범천동,1054,1054,0,서면이-편한세상,84.787,202110,25,"61,500",22,2006,가야대로 702,,-,-
부산광역시 부산진구 범천동,878-6,878,6,스타파크,65.42,202110,9,"27,700",15,2017,범일로 169-1,,-,-
부산광역시 부산진구 범천동,882-24,882,24,에스제이파베르,43.286,202110,7,"22,700",17,2019,범일로 161-1,,-,-
부산광역시 부산진구 범천동,882-24,882,24,에스제이파베르,49.091,202110,8,"23,000",5,2019,범일로 161-1,,-,-
부산광역시 부산진구 범천동,882-24,882,24,에스제이파베르,49.591,202110,15,"24,500",13,2019,범일로 161-1,,-,-
부산광역시 부산진구 범천동,882-24,882,24,에스제이파베르,47.079,202110,25,"23,220",18,2019,범일로 161-1,,-,-
부산광역시 부산진구 범천동,875-11,875,11,평광우리가,40.47,202110,29,"12,500",10,2015,신천대로65번길 90,,-,-
부산광역시 부산진구 범천동,1284-7,1284,7,한일하나로,84.58,202110,6,"31,000",6,1990,만리산로 46,,-,-
부산광역시 부산진구 부암동,725,725,0,당감뜨란채,51.63,202110,1,"17,350",5,2005,백양산로 57,,-,-
부산광역시 부산진구 부암동,319,319,0,동원,55.44,202110,8,"15,800",4,1984,동평로181번길 29-17,,-,-
부산광역시 부산진구 부암동,319,319,0,동원,72.36,202110,12,"19,000",2,1984,동평로181번길 29-17,,-,-
부산광역시 부산진구 부암동,304-1,304,1,마제스타워서면,84.99,202110,1,"38,000",15,2008,동평로 197,,-,-
부산광역시 부산진구 부암동,657,657,0,백양산삼정그린코아,59.3705,202110,11,"21,200",4,2012,용사촌로 52-16,,-,-
부산광역시 부산진구 부암동,657,657,0,백양산삼정그린코아,59.8562,202110,27,"21,000",1,2012,용사촌로 52-16,,-,-
부산광역시 부산진구 부암동,735,735,0,부산서면동문굿모닝힐,105.2963,202110,2,"54,000",4,2011,신천대로220번길 65,,-,-
부산광역시 부산진구 부암동,735,735,0,부산서면동문굿모닝힐,70.3067,202110,20,"44,800",14,2011,신천대로220번길 65,,-,-
부산광역시 부산진구 부암동,739,739,0,서면동일파크스위트2차,56.8669,202110,16,"38,400",8,2017,동평로 128,,-,-
부산광역시 부산진구 부암동,739,739,0,서면동일파크스위트2차,69.3315,202110,23,"45,000",10,2017,동평로 128,,-,-
부산광역시 부산진구 부암동,746,746,0,서면동일파크스위트3차,67.882,202110,1,"50,000",12,2017,동평로 162,,-,-
부산광역시 부산진구 부암동,746,746,0,서면동일파크스위트3차,84.9789,202110,9,"58,000",5,2017,동평로 162,,-,-
부산광역시 부산진구 부암동,746,746,0,서면동일파크스위트3차,84.9789,202110,19,"60,000",29,2017,동평로 162,,-,-
부산광역시 부산진구 부암동,731,731,0,서면쌍용스윗닷홈파크,84.93,202110,14,"44,500",27,2007,신천대로220번길 31,,-,-
부산광역시 부산진구 부암동,601-28,601,28,솔내음파미유,58.9839,202110,2,"12,700",3,2004,부암당산로21번길 48,,-,-
부산광역시 부산진구 부암동,601-28,601,28,솔내음파미유,58.9839,202110,12,"13,000",7,2004,부암당산로21번길 48,,-,-
부산광역시 부산진구 부암동,720,720,0,쌍용스윗닷홈,94.412,202110,6,"37,800",7,2004,백양산로 70,,-,-
부산광역시 부산진구 부암동,Mar-63,63,3,쌍용스윗닷홈스카이,84.83,202110,13,"46,500",3,2007,시민공원로 11,,-,-
부산광역시 부산진구 부암동,09월 03일,9,3,일동미라주,84.9317,202110,2,"47,500",19,2007,동평로 218,,-,-
부산광역시 부산진구 부암동,Jun-55,55,6,일성인포,76.2,202110,15,"24,000",25,1997,신천대로 252,,-,-
부산광역시 부산진구 부암동,Jun-55,55,6,일성인포,76.2,202110,22,"24,100",18,1997,신천대로 252,,-,-
부산광역시 부산진구 부암동,Jun-55,55,6,일성인포,76.2,202110,25,"26,000",18,1997,신천대로 252,,-,-
부산광역시 부산진구 부암동,Mar-48,48,3,타워베르빌,84.95,202110,22,"35,000",39,2005,시민공원로19번길 65,,-,-
부산광역시 부산진구 부암동,500,500,0,화승,84.76,202110,5,"43,000",2,1997,당감로 80,,-,-
부산광역시 부산진구 부암동,500,500,0,화승,84.76,202110,14,"39,800",14,1997,당감로 80,,-,-
부산광역시 부산진구 부암동,500,500,0,화승,59.8,202110,17,"29,000",9,1997,당감로 79,,-,-
부산광역시 부산진구 부전동,450,450,0,네오스포,59.901,202110,12,"20,700",25,1999,신천대로 122,,-,-
부산광역시 부산진구 부전동,450,450,0,네오스포,59.901,202110,12,"20,700",25,1999,신천대로 122,20211015,-,-
부산광역시 부산진구 부전동,450,450,0,네오스포,59.901,202110,13,"20,000",25,1999,신천대로 122,,-,-
부산광역시 부산진구 부전동,450,450,0,네오스포,59.901,202110,21,"20,000",24,1999,신천대로 122,,-,-
부산광역시 부산진구 부전동,417-6,417,6,대동레미안더오션2,31.02,202110,19,"17,200",6,2017,가야대로755번길 26,,-,-
부산광역시 부산진구 부전동,508-22,508,22,보영미네르빌,32.154,202110,18,"8,000",14,2003,가야대로750번길 6,,-,-
부산광역시 부산진구 양정동,525,525,0,대원칸타빌멤버스,110.9382,202110,6,"64,500",28,2006,26,,-,-
부산광역시 부산진구 양정동,525,525,0,대원칸타빌멤버스,84.8502,202110,13,"54,500",22,2006,26,,-,-
부산광역시 부산진구 양정동,525,525,0,대원칸타빌멤버스,84.8502,202110,21,"56,000",12,2006,26,,-,-
부산광역시 부산진구 양정동,387-19,387,19,메리온시티,45.012,202110,26,"20,500",19,2017,52,,-,-
부산광역시 부산진구 양정동,343-3,343,3,수목하우스,47.53,202110,22,"19,800",12,2015,양지로5번길 77,,-,-
부산광역시 부산진구 양정동,272-2,272,2,수정캐슬,49.81,202110,25,"15,300",10,2014,중앙대로 962-2,,-,-
부산광역시 부산진구 양정동,350-3,350,3,양정삼성타워,59.03,202110,18,"26,500",12,2000,양지로5번길 60,,-,-
부산광역시 부산진구 양정동,397-1,397,1,양정역퀸즈팰리스,49.85,202110,5,"22,600",12,2017,거제대로48번길 20,,-,-
부산광역시 부산진구 양정동,397-1,397,1,양정역퀸즈팰리스,59.99,202110,9,"30,700",15,2017,거제대로48번길 20,,-,-
부산광역시 부산진구 양정동,397-1,397,1,양정역퀸즈팰리스,35.65,202110,27,"16,400",11,2017,거제대로48번길 20,,-,-
부산광역시 부산진구 양정동,145-12,145,12,전원타워빌,84.87,202110,20,"28,000",5,2001,연수로11번길 57,,-,-
부산광역시 부산진구 양정동,458-5,458,5,현대1차,84.99,202110,6,"56,900",15,1997,동평로 352,,-,-
부산광역시 부산진구 양정동,458-5,458,5,현대1차,84.99,202110,8,"53,900",16,1997,동평로 352,,-,-
부산광역시 부산진구 양정동,458-5,458,5,현대1차,84.99,202110,12,"57,000",15,1997,동평로 352,,-,-
부산광역시 부산진구 양정동,458-5,458,5,현대1차,59.95,202110,15,"38,000",11,1997,동평로 352,,-,-
부산광역시 부산진구 양정동,458-5,458,5,현대1차,114.98,202110,24,"75,000",22,1997,동평로 352,,-,-
부산광역시 부산진구 양정동,458-20,458,20,현대2차,84.99,202110,15,"52,000",5,1998,37,,-,-
부산광역시 부산진구 양정동,458-20,458,20,현대2차,59.95,202110,20,"39,800",2,1998,37,,-,-
부산광역시 부산진구 연지동,23-17,23,17,연지2청구,84.72,202110,2,"29,800",10,2002,동평로291번길 30-17,,-,-
부산광역시 부산진구 연지동,406,406,0,연지자이2차,84.9215,202110,9,"62,500",13,2011,초연로 11,,-,-
부산광역시 부산진구 연지동,406,406,0,연지자이2차,149.6087,202110,15,"99,000",10,2011,초연로 11,,-,-
부산광역시 부산진구 연지동,406,406,0,연지자이2차,84.9215,202110,16,"63,000",18,2011,초연로 11,,-,-
부산광역시 부산진구 연지동,72-30,72,30,지산오차드힐,84.92,202110,20,"23,000",4,2004,동평로 263,,-,-
부산광역시 부산진구 연지동,1,1,0,청구,59.82,202110,9,"26,500",18,2000,성지로62번길 10,,-,-
부산광역시 부산진구 연지동,1,1,0,청구,84.99,202110,15,"33,700",5,2000,성지로62번길 10,,-,-
부산광역시 부산진구 연지동,1,1,0,청구,59.82,202110,28,"25,000",16,2000,성지로62번길 10,,-,-
부산광역시 부산진구 연지동,Jun-50,50,6,화인,84.88,202110,8,"35,700",10,1996,동평로291번길 30,,-,-
부산광역시 부산진구 연지동,Jun-50,50,6,화인,39.34,202110,11,"15,750",14,1996,동평로291번길 30,,-,-
부산광역시 부산진구 연지동,Jun-50,50,6,화인,59.72,202110,16,"23,800",18,1996,동평로291번길 30,,-,-
부산광역시 부산진구 연지동,Jun-50,50,6,화인,59.72,202110,21,"24,950",8,1996,동평로291번길 30,,-,-
부산광역시 부산진구 전포동,694-6,694,6,메리온시티,38.78,202110,5,"13,000",19,2016,서전로46번길 90,,-,-
부산광역시 부산진구 전포동,693-2,693,2,몽뜨레,23.75,202110,1,"7,500",7,2013,전포대로189번길 30,,-,-
부산광역시 부산진구 전포동,693-2,693,2,몽뜨레,23.75,202110,5,"7,800",11,2013,전포대로189번길 30,,-,-
부산광역시 부산진구 전포동,693-2,693,2,몽뜨레,23.75,202110,12,"7,500",6,2013,전포대로189번길 30,,-,-
부산광역시 부산진구 전포동,693-2,693,2,몽뜨레,23.75,202110,12,"7,500",5,2013,전포대로189번길 30,,-,-
부산광역시 부산진구 전포동,693-2,693,2,몽뜨레,23.75,202110,27,"7,500",4,2013,전포대로189번길 30,,-,-
부산광역시 부산진구 전포동,892-21,892,21,서면노르웨이아침,30.49,202110,9,"5,700",6,2004,동천로 10-1,,-,-
부산광역시 부산진구 전포동,181-1,181,1,서면대우디오빌2,32.6,202110,5,"9,500",23,2005,전포대로 274,,-,-
부산광역시 부산진구 전포동,587,587,0,서면롯데캐슬스카이,33.7495,202110,1,"15,900",22,2004,전포대로275번길 20,,-,-
부산광역시 부산진구 전포동,587,587,0,서면롯데캐슬스카이,59.9438,202110,2,"52,000",29,2004,전포대로275번길 20,,-,-
부산광역시 부산진구 전포동,587,587,0,서면롯데캐슬스카이,33.7495,202110,8,"15,600",5,2004,전포대로275번길 20,,-,-
부산광역시 부산진구 전포동,587,587,0,서면롯데캐슬스카이,33.7495,202110,21,"15,900",10,2004,전포대로275번길 20,,-,-
부산광역시 부산진구 전포동,587,587,0,서면롯데캐슬스카이,33.7495,202110,24,"16,000",14,2004,전포대로275번길 20,,-,-
부산광역시 부산진구 전포동,648,648,0,서면엘리시움,84.56,202110,1,"26,800",4,2012,서전로37번길 46,,-,-
부산광역시 부산진구 전포동,Sep-33,33,9,서면한신,59.84,202110,1,"40,500",20,1997,전포대로 294,,-,-
부산광역시 부산진구 전포동,312-31,312,31,스윗팰리스,45.7,202110,14,"24,800",17,2018,전포대로 204,,-,-
부산광역시 부산진구 전포동,876-4,876,4,전포동에메랄드홈,84.525,202110,5,"45,500",27,2006,중앙대로 786,,-,-
부산광역시 부산진구 전포동,876-4,876,4,전포동에메랄드홈,83.505,202110,8,"43,500",10,2006,중앙대로 786,,-,-
부산광역시 부산진구 전포동,326,326,0,전포시영,40.1,202110,16,"18,700",2,1978,진남로 336,,-,-
부산광역시 부산진구 전포동,644-1,644,1,프리미엄안단테,49.42,202110,13,"17,950",9,2015,동천로132번길 42,,-,-
부산광역시 부산진구 전포동,362-62,362,62,한웅인터빌,26.25,202110,6,"5,800",19,2004,전포대로 162,,-,-
부산광역시 부산진구 전포동,362-62,362,62,한웅인터빌,33.15,202110,23,"8,500",9,2004,전포대로 162,,-,-
부산광역시 부산진구 전포동,191-661,191,661,화신,132.56,202110,8,"34,000",13,1993,진남로356번길 90,,-,-
부산광역시 부산진구 전포동,191-661,191,661,화신,83.99,202110,10,"23,300",4,1993,진남로356번길 90,,-,-
부산광역시 부산진구 초읍동,271-4,271,4,선경,103.49,202110,4,"57,200",5,1982,새싹로 221,,-,-
부산광역시 부산진구 초읍동,173-8,173,8,세원秀아파트,84.7339,202110,11,"36,000",4,2018,성지로 130,,-,-
부산광역시 부산진구 초읍동,279-9,279,9,신화하이빌,84.3364,202110,13,"22,500",1,2001,초읍천로108번길 56,,-,-
부산광역시 부산진구 초읍동,508,508,0,초읍대우,84.962,202110,2,"22,000",9,2000,성지로94번길 85,,-,-
부산광역시 부산진구 초읍동,508,508,0,초읍대우,59.946,202110,2,"17,800",17,2000,성지로94번길 85,,-,-
부산광역시 부산진구 초읍동,508,508,0,초읍대우,59.946,202110,2,"17,300",4,2000,성지로94번길 85,,-,-
부산광역시 부산진구 초읍동,508,508,0,초읍대우,59.946,202110,2,"19,000",20,2000,성지로94번길 85,,-,-
부산광역시 부산진구 초읍동,508,508,0,초읍대우,59.946,202110,20,"18,000",16,2000,성지로94번길 85,,-,-
부산광역시 부산진구 초읍동,215-22,215,22,한일맨션,58.4,202110,18,"16,000",4,1983,성지로 84,,-,-
부산광역시 부산진구 초읍동,671,671,0,혜도인파크에비뉴연지,84.9564,202110,2,"42,800",16,2018,새싹로 229,,-,-
부산광역시 북구 구포동,857-5,857,5,곡산주택,84.96,202110,5,"10,000",15,1992,모분재로149번길 35,,-,-
부산광역시 북구 구포동,923-119,923,119,구포대성아파트,47.46,202110,15,"19,500",5,1986,구남언덕로20번길 7,,-,-
부산광역시 북구 구포동,849-1,849,1,구포대우,74.22,202110,12,"12,200",4,1992,모분재로105번길 43-7,,-,-
부산광역시 북구 구포동,1103-2,1103,2,구포현대,72.87,202110,11,"27,000",8,1994,백양대로 1003,,-,-
부산광역시 북구 구포동,1103-2,1103,2,구포현대,84.91,202110,14,"29,000",5,1994,백양대로 1003,,-,-
부산광역시 북구 구포동,1103-2,1103,2,구포현대,84.91,202110,14,"29,000",3,1994,백양대로 1003,,-,-
부산광역시 북구 구포동,1246-4,1246,4,벽산그린타운,59.74,202110,27,"9,300",12,1993,시랑로182번길 19,,-,-
부산광역시 북구 구포동,1256-5,1256,5,벽산그린필드2차,84.93,202110,9,"12,500",6,1993,시랑로94번길 97,,-,-
부산광역시 북구 구포동,1095-2,1095,2,삼정그린코아,59.76,202110,7,"28,500",8,1999,백양대로1016번길 10,,-,-
부산광역시 북구 구포동,1294,1294,0,성림누리아라,84.7799,202110,8,"31,600",12,2007,구남로 11,,-,-
부산광역시 북구 구포동,1294,1294,0,성림누리아라,84.7799,202110,30,"30,000",8,2007,구남로 11,,-,-
부산광역시 북구 구포동,986-56,986,56,에이스타운,70.5,202110,22,"18,500",2,1997,백양대로 1098,,-,-
부산광역시 북구 구포동,782-29,782,29,우정맨션가동,74.23,202110,7,"9,000",5,1984,시랑로48번길 56,,-,-
부산광역시 북구 구포동,1293,1293,0,유림노르웨이숲,59.8889,202110,1,"16,300",4,2005,낙동북로 737,,-,-
부산광역시 북구 구포동,1293,1293,0,유림노르웨이숲,59.8889,202110,2,"15,000",17,2005,낙동북로 737,,-,-
부산광역시 북구 구포동,1293,1293,0,유림노르웨이숲,84.9149,202110,2,"28,000",18,2005,낙동북로 737,,-,-
부산광역시 북구 구포동,1293,1293,0,유림노르웨이숲,59.8889,202110,9,"15,000",14,2005,낙동북로 737,20211102,-,-
부산광역시 북구 구포동,1293,1293,0,유림노르웨이숲,59.8889,202110,9,"15,000",14,2005,낙동북로 737,,-,-
부산광역시 북구 구포동,1293,1293,0,유림노르웨이숲,59.8889,202110,10,"14,300",1,2005,낙동북로 737,,-,-
부산광역시 북구 구포동,1293,1293,0,유림노르웨이숲,59.8889,202110,10,"14,800",1,2005,낙동북로 737,,-,-
부산광역시 북구 구포동,1293,1293,0,유림노르웨이숲,59.8889,202110,11,"15,000",19,2005,낙동북로 737,,-,-
부산광역시 북구 구포동,1293,1293,0,유림노르웨이숲,59.8889,202110,19,"17,000",10,2005,낙동북로 737,,-,-
부산광역시 북구 구포동,1293,1293,0,유림노르웨이숲,84.9149,202110,23,"22,700",19,2005,낙동북로 737,,-,-
부산광역시 북구 구포동,1251-2,1251,2,태경,84.98,202110,7,"14,000",10,1992,시랑로138번길 8,,-,-
부산광역시 북구 구포동,1297,1297,0,태성캐슬,84.9219,202110,18,"27,300",9,2016,낙동북로 752,,-,-
부산광역시 북구 구포동,1247-10,1247,10,태평양,67.73,202110,19,"10,800",6,1992,시랑로 176,,-,-
부산광역시 북구 구포동,972-54,972,54,해피투모로우,59.6915,202110,8,"27,500",14,2018,낙동북로 692,,-,-
부산광역시 북구 구포동,972-54,972,54,해피투모로우,59.4281,202110,21,"27,500",11,2018,낙동북로 692,,-,-
부산광역시 북구 구포동,1060-45,1060,45,효산벨루스,54.9144,202110,12,"17,300",10,2016,구포만세길 115,,-,-
부산광역시 북구 금곡동,Jan-57,57,1,금곡3단지주공,41.85,202110,1,"8,300",10,1994,효열로220번길 23,,-,-
부산광역시 북구 금곡동,Jan-57,57,1,금곡3단지주공,59.97,202110,7,"13,800",15,1994,효열로220번길 23,,-,-
부산광역시 북구 금곡동,Jan-57,57,1,금곡3단지주공,41.85,202110,7,"7,900",6,1994,효열로220번길 23,,-,-
부산광역시 북구 금곡동,Jan-57,57,1,금곡3단지주공,41.85,202110,8,"8,400",14,1994,효열로220번길 23,,-,-
부산광역시 북구 금곡동,Jan-57,57,1,금곡3단지주공,49.77,202110,9,"10,000",1,1994,효열로220번길 23,,-,-
부산광역시 북구 금곡동,Jan-57,57,1,금곡3단지주공,41.85,202110,11,"8,300",2,1994,효열로220번길 23,,-,-
부산광역시 북구 금곡동,Jan-57,57,1,금곡3단지주공,41.85,202110,13,"7,300",1,1994,효열로220번길 23,,-,-
부산광역시 북구 금곡동,Jan-57,57,1,금곡3단지주공,41.85,202110,13,"8,500",7,1994,효열로220번길 23,,-,-
부산광역시 북구 금곡동,Jan-57,57,1,금곡3단지주공,41.85,202110,18,"8,300",3,1994,효열로220번길 23,,-,-
부산광역시 북구 금곡동,Jan-57,57,1,금곡3단지주공,41.85,202110,22,"8,000",2,1994,효열로220번길 23,,-,-
부산광역시 북구 금곡동,Jan-57,57,1,금곡3단지주공,41.85,202110,25,"7,400",1,1994,효열로220번길 23,,-,-
부산광역시 북구 금곡동,Jan-57,57,1,금곡3단지주공,58.65,202110,30,"13,200",8,1994,효열로220번길 23,,-,-
부산광역시 북구 금곡동,1112-2,1112,2,금곡5단지주공,42.75,202110,1,"12,200",7,1994,효열로37번길 22,,-,-
부산광역시 북구 금곡동,1112-2,1112,2,금곡5단지주공,41.85,202110,5,"10,150",6,1994,효열로37번길 22,,-,-
부산광역시 북구 금곡동,1110,1110,0,금곡6단지주공,49.32,202110,1,"12,500",13,1995,효열로 40,,-,-
부산광역시 북구 금곡동,1110,1110,0,금곡6단지주공,48.89,202110,9,"12,300",20,1995,효열로 40,,-,-
부산광역시 북구 금곡동,1110,1110,0,금곡6단지주공,48.89,202110,16,"12,400",17,1995,효열로 40,,-,-
부산광역시 북구 금곡동,1110,1110,0,금곡6단지주공,48.89,202110,18,"13,500",6,1995,효열로 40,,-,-
부산광역시 북구 금곡동,1110,1110,0,금곡6단지주공,48.89,202110,24,"13,500",6,1995,효열로 40,,-,-
부산광역시 북구 금곡동,810,810,0,금곡8단지주공,42.29,202110,2,"9,200",12,1996,효열로 134,,-,-
부산광역시 북구 금곡동,810,810,0,금곡8단지주공,42.29,202110,29,"9,800",12,1996,효열로 134,,-,-
부산광역시 북구 금곡동,810,810,0,금곡9단지주공,39.41,202110,2,"8,000",18,1996,효열로 98,,-,-
부산광역시 북구 금곡동,810,810,0,금곡9단지주공,39.43,202110,7,"7,200",3,1996,효열로 98,,-,-
부산광역시 북구 금곡동,810,810,0,금곡9단지주공,39.41,202110,8,"8,500",17,1996,효열로 98,,-,-
부산광역시 북구 금곡동,810,810,0,금곡9단지주공,39.41,202110,14,"8,900",13,1996,효열로 98,,-,-
부산광역시 북구 금곡동,810,810,0,금곡9단지주공,39.43,202110,14,"8,050",11,1996,효열로 98,,-,-
부산광역시 북구 금곡동,810,810,0,금곡9단지주공,39.41,202110,14,"8,600",16,1996,효열로 98,,-,-
부산광역시 북구 금곡동,810,810,0,금곡9단지주공,39.41,202110,18,"9,000",19,1996,효열로 98,,-,-
부산광역시 북구 금곡동,810,810,0,금곡9단지주공,39.41,202110,25,"8,600",15,1996,효열로 98,,-,-
부산광역시 북구 금곡동,810,810,0,금곡9단지주공,39.41,202110,27,"8,800",10,1996,효열로 98,,-,-
부산광역시 북구 금곡동,Oct-97,97,10,금곡화목타운,68.12,202110,12,"13,500",1,1994,효열로220번길 22,,-,-
부산광역시 북구 금곡동,Oct-97,97,10,금곡화목타운,68.12,202110,12,"16,000",2,1994,효열로220번길 22,,-,-
부산광역시 북구 금곡동,Oct-97,97,10,금곡화목타운,68.12,202110,13,"15,000",16,1994,효열로220번길 22,,-,-
부산광역시 북구 금곡동,Oct-97,97,10,금곡화목타운,68.12,202110,15,"15,000",3,1994,효열로220번길 22,,-,-
부산광역시 북구 금곡동,1909,1909,0,대우이안,84.9387,202110,7,"27,000",7,2006,금곡대로550번길 6,,-,-
부산광역시 북구 금곡동,1909,1909,0,대우이안,84.9387,202110,21,"31,900",8,2006,금곡대로550번길 6,,-,-
부산광역시 북구 금곡동,Jan-56,56,1,벽산삼협한솔,85.995,202110,19,"29,000",8,1995,효열로 265,,-,-
부산광역시 북구 금곡동,Jan-56,56,1,벽산삼협한솔,85.995,202110,21,"25,500",11,1995,효열로 265,,-,-
부산광역시 북구 금곡동,1918,1918,0,신화명리버뷰자이아파트,84.965,202110,13,"48,300",21,2015,금곡대로470번길 29,,-,-
부산광역시 북구 금곡동,1918,1918,0,신화명리버뷰자이아파트,59.895,202110,16,"40,000",13,2015,금곡대로470번길 29,,-,-
부산광역시 북구 금곡동,1918,1918,0,신화명리버뷰자이아파트,84.99,202110,18,"49,400",15,2015,금곡대로470번길 29,,-,-
부산광역시 북구 금곡동,1918,1918,0,신화명리버뷰자이아파트,84.976,202110,19,"48,000",28,2015,금곡대로470번길 29,,-,-
부산광역시 북구 금곡동,1918,1918,0,신화명리버뷰자이아파트,84.965,202110,26,"48,500",14,2015,금곡대로470번길 29,,-,-
부산광역시 북구 금곡동,1425,1425,0,유림(1차),84.42,202110,23,"18,800",16,1994,금곡대로470번길 33,,-,-
부산광역시 북구 금곡동,Jan-96,96,1,유림2차(1),88.57,202110,9,"22,800",4,1994,효열로 193,,-,-
부산광역시 북구 금곡동,Jan-96,96,1,유림2차(1),88.57,202110,11,"25,000",5,1994,효열로 193,,-,-
부산광역시 북구 금곡동,Jan-96,96,1,유림2차(1),134.94,202110,17,"30,500",14,1994,효열로 193,,-,-
부산광역시 북구 금곡동,Jan-94,94,1,유림2차(2),119.47,202110,5,"24,700",4,1994,금곡대로616번길 57,,-,-
부산광역시 북구 금곡동,Nov-97,97,11,협진태양·조성아파트,67.97,202110,2,"14,950",14,1994,효열로162번길 41,,-,-
부산광역시 북구 금곡동,Nov-97,97,11,협진태양·조성아파트,67.97,202110,5,"16,000",11,1994,효열로162번길 41,,-,-
부산광역시 북구 금곡동,Nov-97,97,11,협진태양·조성아파트,67.97,202110,8,"16,300",7,1994,효열로162번길 41,,-,-
부산광역시 북구 금곡동,Nov-97,97,11,협진태양·조성아파트,67.97,202110,12,"16,800",10,1994,효열로162번길 41,,-,-
부산광역시 북구 금곡동,Nov-97,97,11,협진태양·조성아파트,67.97,202110,15,"14,400",6,1994,효열로162번길 41,,-,-
부산광역시 북구 금곡동,Nov-97,97,11,협진태양·조성아파트,67.97,202110,15,"14,600",14,1994,효열로162번길 39,,-,-
부산광역시 북구 금곡동,Nov-97,97,11,협진태양·조성아파트,67.97,202110,27,"16,600",16,1994,효열로162번길 41,,-,-
부산광역시 북구 금곡동,1895,1895,0,화명뜨란채,76.72,202110,1,"38,000",11,2004,화명신도시로 219,,-,-
부산광역시 북구 금곡동,1895,1895,0,화명뜨란채,59.77,202110,1,"32,700",11,2004,화명신도시로 219,,-,-
부산광역시 북구 금곡동,1895,1895,0,화명뜨란채,76.72,202110,1,"40,800",17,2004,화명신도시로 219,,-,-
부산광역시 북구 금곡동,1895,1895,0,화명뜨란채,59.77,202110,2,"30,800",7,2004,화명신도시로 219,,-,-
부산광역시 북구 금곡동,1895,1895,0,화명뜨란채,59.77,202110,5,"33,000",25,2004,화명신도시로 219,,-,-
부산광역시 북구 금곡동,1895,1895,0,화명뜨란채,59.77,202110,16,"27,500",8,2004,화명신도시로 219,,-,-
부산광역시 북구 금곡동,1895,1895,0,화명뜨란채,59.77,202110,21,"30,500",12,2004,화명신도시로 219,,-,-
부산광역시 북구 금곡동,1895,1895,0,화명뜨란채,59.77,202110,23,"30,700",18,2004,화명신도시로 219,,-,-
부산광역시 북구 금곡동,1885,1885,0,화명리버빌2차,83.11,202110,13,"37,200",5,2003,화명신도시로 244,,-,-
부산광역시 북구 금곡동,1898,1898,0,화명한일유앤아이,59.79,202110,2,"32,800",3,2002,화명신도시로 194,,-,-
부산광역시 북구 금곡동,1898,1898,0,화명한일유앤아이,83.5,202110,7,"38,700",3,2002,화명신도시로 194,,-,-
부산광역시 북구 금곡동,1898,1898,0,화명한일유앤아이,83.5,202110,12,"42,500",6,2002,화명신도시로 194,,-,-
부산광역시 북구 금곡동,1898,1898,0,화명한일유앤아이,83.5,202110,13,"43,900",19,2002,화명신도시로 194,,-,-
부산광역시 북구 금곡동,1898,1898,0,화명한일유앤아이,59.79,202110,21,"29,800",7,2002,화명신도시로 194,,-,-
부산광역시 북구 금곡동,1898,1898,0,화명한일유앤아이,59.7,202110,23,"31,000",13,2002,화명신도시로 194,,-,-
부산광역시 북구 금곡동,1898,1898,0,화명한일유앤아이,83.5,202110,23,"45,000",11,2002,화명신도시로 194,,-,-
부산광역시 북구 덕천동,814-4,814,4,기비골마을,55.77,202110,21,"18,500",14,1994,만덕1로104번길 29,,-,-
부산광역시 북구 덕천동,814-4,814,4,기비골마을,55.77,202110,22,"18,300",4,1994,만덕1로104번길 29,,-,-
부산광역시 북구 덕천동,355-4,355,4,덕천역이즈카운티,49.8255,202110,20,"25,500",14,2019,금곡대로8번길 87,,-,-
부산광역시 북구 덕천동,802,802,0,덕천주공1,49.94,202110,9,"17,500",7,1991,덕천로 72,,-,-
부산광역시 북구 덕천동,802,802,0,덕천주공1,49.94,202110,19,"17,900",6,1991,덕천로 72,,-,-
부산광역시 북구 덕천동,132-65,132,65,롯데,84.7504,202110,15,"24,400",2,2004,함박봉로 26,,-,-
부산광역시 북구 덕천동,409-2,409,2,삼화,44.979,202110,1,"11,270",3,1983,만덕대로102번길 17-5,,-,-
부산광역시 북구 덕천동,128-3,128,3,승산벽산,82.51,202110,2,"16,700",4,1992,만덕3로16번길 51,,-,-
부산광역시 북구 덕천동,128-3,128,3,승산벽산,84.96,202110,6,"16,500",10,1992,만덕3로16번길 51,,-,-
부산광역시 북구 덕천동,344-2,344,2,신도,48.99,202110,26,"21,800",3,1980,만덕대로65번길 29,,-,-
부산광역시 북구 덕천동,397-1,397,1,아남프라자,83.25,202110,1,"25,000",13,2000,금곡대로8번길 33,,-,-
부산광역시 북구 덕천동,419-10,419,10,정광주택,70,202110,25,"11,000",5,1983,의성로115번길 38,,-,-
부산광역시 북구 덕천동,406,406,0,한성,42.35,202110,5,"18,800",2,1983,만덕대로142번길 32,,-,-
부산광역시 북구 덕천동,406,406,0,한성,42.35,202110,14,"17,700",5,1983,만덕대로142번길 31,,-,-
부산광역시 북구 덕천동,250-9,250,9,한성맨션1동~3동,44.73,202110,29,"15,400",2,1985,의성로127번길 28,,-,-
부산광역시 북구 만덕동,216-7,216,7,그린코아,75.57,202110,2,"20,000",9,1991,덕천로234번길 47,,-,-
부산광역시 북구 만덕동,216-7,216,7,그린코아,116.06,202110,5,"31,700",14,1991,덕천로234번길 47,,-,-
부산광역시 북구 만덕동,216-7,216,7,그린코아,75.57,202110,8,"21,000",14,1991,덕천로234번길 47,,-,-
부산광역시 북구 만덕동,216-7,216,7,그린코아,75.57,202110,13,"20,450",8,1991,덕천로234번길 47,,-,-
부산광역시 북구 만덕동,216-7,216,7,그린코아,84.69,202110,20,"21,500",2,1991,덕천로234번길 47,,-,-
부산광역시 북구 만덕동,960,960,0,금정산엘에이치뉴웰시티,74.85,202110,2,"48,000",1,2019,상학로 35,,-,-
부산광역시 북구 만덕동,960,960,0,금정산엘에이치뉴웰시티,84.95,202110,9,"58,300",14,2019,상학로 35,,-,-
부산광역시 북구 만덕동,927-1,927,1,대성타워,84.92,202110,22,"27,700",19,1991,덕천로259번길 30,,-,-
부산광역시 북구 만덕동,925-1,925,1,동원,59.84,202110,16,"17,800",3,1992,덕천로234번길 7,,-,-
부산광역시 북구 만덕동,925-1,925,1,동원,59.84,202110,16,"17,500",2,1992,덕천로234번길 7,,-,-
부산광역시 북구 만덕동,925-1,925,1,동원,59.84,202110,18,"17,500",4,1992,덕천로234번길 7,,-,-
부산광역시 북구 만덕동,925-1,925,1,동원,59.84,202110,28,"19,500",14,1992,덕천로234번길 7,,-,-
부산광역시 북구 만덕동,925-1,925,1,동원,77.82,202110,29,"20,000",2,1992,덕천로234번길 7,,-,-
부산광역시 북구 만덕동,658,658,0,동일,75.105,202110,26,"20,350",1,1998,만덕1로104번가길 57,,-,-
부산광역시 북구 만덕동,831-15,831,15,만덕2주공,49.6,202110,14,"19,000",5,2001,만덕1로 25-12,,-,-
부산광역시 북구 만덕동,831-15,831,15,만덕2주공,59.02,202110,14,"23,000",25,2001,만덕1로 25-12,,-,-
부산광역시 북구 만덕동,831-15,831,15,만덕2주공,59.02,202110,14,"23,000",15,2001,만덕1로 25-12,,-,-
부산광역시 북구 만덕동,831-15,831,15,만덕2주공,59.02,202110,31,"23,500",21,2001,만덕1로 25-12,,-,-
부산광역시 북구 만덕동,954,954,0,만덕3휴먼시아,59.97,202110,5,"28,500",20,2009,만덕1로51번길 11,,-,-
부산광역시 북구 만덕동,954,954,0,만덕3휴먼시아,74.89,202110,22,"31,500",14,2009,만덕1로51번길 11,,-,-
부산광역시 북구 만덕동,954,954,0,만덕3휴먼시아,74.83,202110,31,"33,500",18,2009,만덕1로51번길 11,,-,-
부산광역시 북구 만덕동,670,670,0,만덕대진,47.14,202110,4,"25,500",5,1979,만덕1로 92,,-,-
부산광역시 북구 만덕동,670,670,0,만덕대진,47.14,202110,9,"24,500",3,1979,만덕1로 92,,-,-
부산광역시 북구 만덕동,670,670,0,만덕대진,47.14,202110,13,"25,900",3,1979,만덕1로 92,,-,-
부산광역시 북구 만덕동,670,670,0,만덕대진,47.14,202110,19,"25,800",1,1979,만덕1로 92,,-,-
부산광역시 북구 만덕동,823-8,823,8,만덕베르빌,59.8,202110,9,"20,000",15,2001,만덕1로 8,,-,-
부산광역시 북구 만덕동,823-8,823,8,만덕베르빌,59.8,202110,13,"22,800",9,2001,만덕1로 8,20211103,-,-
부산광역시 북구 만덕동,823-8,823,8,만덕베르빌,59.8,202110,21,"22,600",15,2001,만덕1로 8,,-,-
부산광역시 북구 만덕동,234-1,234,1,만덕현대,84.77,202110,7,"24,900",11,1997,만덕3로 45,,-,-
부산광역시 북구 만덕동,955,955,0,백양산동문굿모닝힐,70.1847,202110,2,"38,500",28,2015,덕천로276번길 60,,-,-
부산광역시 북구 만덕동,955,955,0,백양산동문굿모닝힐,84.9913,202110,2,"48,500",7,2015,덕천로276번길 60,,-,-
부산광역시 북구 만덕동,955,955,0,백양산동문굿모닝힐,84.9913,202110,2,"46,000",20,2015,덕천로276번길 60,,-,-
부산광역시 북구 만덕동,955,955,0,백양산동문굿모닝힐,84.9944,202110,2,"38,800",19,2015,덕천로276번길 60,,-,-
부산광역시 북구 만덕동,955,955,0,백양산동문굿모닝힐,84.9944,202110,4,"39,700",14,2015,덕천로276번길 60,,-,-
부산광역시 북구 만덕동,955,955,0,백양산동문굿모닝힐,84.9944,202110,4,"39,750",5,2015,덕천로276번길 60,,-,-
부산광역시 북구 만덕동,955,955,0,백양산동문굿모닝힐,84.9944,202110,8,"40,500",23,2015,덕천로276번길 60,,-,-
부산광역시 북구 만덕동,955,955,0,백양산동문굿모닝힐,84.9913,202110,8,"44,000",12,2015,덕천로276번길 60,,-,-
부산광역시 북구 만덕동,955,955,0,백양산동문굿모닝힐,70.1847,202110,8,"38,000",8,2015,덕천로276번길 60,,-,-
부산광역시 북구 만덕동,955,955,0,백양산동문굿모닝힐,84.9944,202110,8,"43,500",18,2015,덕천로276번길 60,,-,-
부산광역시 북구 만덕동,955,955,0,백양산동문굿모닝힐,84.9944,202110,10,"40,000",26,2015,덕천로276번길 60,,-,-
부산광역시 북구 만덕동,955,955,0,백양산동문굿모닝힐,84.9944,202110,11,"43,200",13,2015,덕천로276번길 60,,-,-
부산광역시 북구 만덕동,955,955,0,백양산동문굿모닝힐,84.9944,202110,12,"42,700",27,2015,덕천로276번길 60,,-,-
부산광역시 북구 만덕동,955,955,0,백양산동문굿모닝힐,84.9944,202110,15,"42,000",27,2015,덕천로276번길 60,,-,-
부산광역시 북구 만덕동,955,955,0,백양산동문굿모닝힐,84.9944,202110,16,"40,000",4,2015,덕천로276번길 60,,-,-
부산광역시 북구 만덕동,955,955,0,백양산동문굿모닝힐,59.1416,202110,18,"34,900",15,2015,덕천로276번길 60,,-,-
부산광역시 북구 만덕동,955,955,0,백양산동문굿모닝힐,72.2358,202110,22,"42,300",4,2015,덕천로276번길 60,,-,-
부산광역시 북구 만덕동,955,955,0,백양산동문굿모닝힐,84.9944,202110,23,"43,800",26,2015,덕천로276번길 60,,-,-
부산광역시 북구 만덕동,955,955,0,백양산동문굿모닝힐,84.9913,202110,25,"42,800",10,2015,덕천로276번길 60,,-,-
부산광역시 북구 만덕동,774-7,774,7,벽산라인타운,84.99,202110,2,"23,500",1,1998,덕천로 182,,-,-
부산광역시 북구 만덕동,774-7,774,7,벽산라인타운,74.6,202110,2,"21,500",20,1998,덕천로 182,,-,-
부산광역시 북구 만덕동,774-7,774,7,벽산라인타운,74.6,202110,4,"21,700",6,1998,덕천로 182,,-,-
부산광역시 북구 만덕동,774-7,774,7,벽산라인타운,84.99,202110,18,"23,500",15,1998,덕천로 182,,-,-
부산광역시 북구 만덕동,774-7,774,7,벽산라인타운,59.67,202110,20,"17,000",1,1998,덕천로 182,,-,-
부산광역시 북구 만덕동,761-1,761,1,벽산라인훼미리,59.91,202110,8,"15,900",7,1994,만덕대로178번길 29,,-,-
부산광역시 북구 만덕동,761-1,761,1,벽산라인훼미리,59.9,202110,9,"17,150",17,1994,만덕대로178번길 29,,-,-
부산광역시 북구 만덕동,761-1,761,1,벽산라인훼미리,59.91,202110,15,"17,100",7,1994,만덕대로178번길 29,,-,-
부산광역시 북구 만덕동,290-1,290,1,삼성,82.2,202110,4,"39,700",5,1989,만덕2로 10,,-,-
부산광역시 북구 만덕동,290-1,290,1,삼성,68.7,202110,28,"32,500",7,1989,만덕2로 10,,-,-
부산광역시 북구 만덕동,943-1,943,1,상록한신휴플러스,59.941,202110,17,"15,900",1,2006,함박봉로140번길 16,,-,-
부산광역시 북구 만덕동,943-1,943,1,상록한신휴플러스,84.992,202110,18,"26,000",3,2006,함박봉로140번길 16,,-,-
부산광역시 북구 만덕동,943-1,943,1,상록한신휴플러스,59.918,202110,22,"21,800",7,2006,함박봉로140번길 16,,-,-
부산광역시 북구 만덕동,943-1,943,1,상록한신휴플러스,84.992,202110,22,"24,800",4,2006,함박봉로140번길 16,,-,-
부산광역시 북구 만덕동,670-1,670,1,협성파크,53.92,202110,2,"17,500",20,1997,만덕1로 82,,-,-
부산광역시 북구 화명동,1293-1,1293,1,e편한세상화명힐스,100.98,202110,2,"75,000",7,2015,화명대로 68,,-,-
부산광역시 북구 화명동,1293-1,1293,1,e편한세상화명힐스,84.98,202110,8,"66,000",16,2015,화명대로 68,,-,-
부산광역시 북구 화명동,1293-1,1293,1,e편한세상화명힐스,100.98,202110,13,"77,000",8,2015,화명대로 68,,-,-
부산광역시 북구 화명동,1293-1,1293,1,e편한세상화명힐스,84.98,202110,22,"70,000",21,2015,화명대로 68,,-,-
부산광역시 북구 화명동,196,196,0,경남아너스빌,84.91,202110,4,"45,000",6,1998,대천천길 37,,-,-
부산광역시 북구 화명동,196,196,0,경남아너스빌,99.66,202110,4,"45,000",15,1998,대천천길 37,,-,-
부산광역시 북구 화명동,512,512,0,그린숲속아파트,59.82,202110,1,"14,000",15,1996,산성로 88,,-,-
부산광역시 북구 화명동,512,512,0,그린숲속아파트,59.82,202110,1,"13,700",6,1996,산성로 88,,-,-
부산광역시 북구 화명동,512,512,0,그린숲속아파트,59.82,202110,3,"13,900",10,1996,산성로 88,,-,-
부산광역시 북구 화명동,512,512,0,그린숲속아파트,59.82,202110,3,"13,100",1,1996,산성로 88,,-,-
부산광역시 북구 화명동,512,512,0,그린숲속아파트,59.82,202110,4,"14,400",11,1996,산성로 88,,-,-
부산광역시 북구 화명동,512,512,0,그린숲속아파트,59.82,202110,4,"13,700",15,1996,산성로 88,,-,-
부산광역시 북구 화명동,512,512,0,그린숲속아파트,59.82,202110,9,"16,800",13,1996,산성로 88,,-,-
부산광역시 북구 화명동,512,512,0,그린숲속아파트,59.82,202110,11,"14,900",2,1996,산성로 88,,-,-
부산광역시 북구 화명동,512,512,0,그린숲속아파트,59.82,202110,21,"14,000",11,1996,산성로 88,,-,-
부산광역시 북구 화명동,512,512,0,그린숲속아파트,59.82,202110,28,"14,900",4,1996,산성로 88,,-,-
부산광역시 북구 화명동,2306,2306,0,대림쌍용강변타운,59.89,202110,4,"37,700",1,2004,화명신도시로 39,,-,-
부산광역시 북구 화명동,2306,2306,0,대림쌍용강변타운,59.89,202110,7,"45,800",21,2004,화명신도시로 39,,-,-
부산광역시 북구 화명동,2306,2306,0,대림쌍용강변타운,84.97,202110,15,"54,000",1,2004,화명신도시로 39,,-,-
부산광역시 북구 화명동,2306,2306,0,대림쌍용강변타운,84.97,202110,17,"61,000",10,2004,화명신도시로 39,,-,-
부산광역시 북구 화명동,1170-1,1170,1,대림타운,84.99,202110,2,"35,000",13,1998,금곡대로 268,,-,-
부산광역시 북구 화명동,1170-1,1170,1,대림타운,59.8,202110,2,"24,000",25,1998,금곡대로 268,,-,-
부산광역시 북구 화명동,1170-1,1170,1,대림타운,111.74,202110,5,"47,000",24,1998,금곡대로 268,,-,-
부산광역시 북구 화명동,1170-1,1170,1,대림타운,59.8,202110,9,"25,300",6,1998,금곡대로 268,,-,-
부산광역시 북구 화명동,1170-1,1170,1,대림타운,59.8,202110,9,"24,250",25,1998,금곡대로 268,,-,-
부산광역시 북구 화명동,1170-1,1170,1,대림타운,84.99,202110,12,"36,700",21,1998,금곡대로 268,,-,-
부산광역시 북구 화명동,1170-1,1170,1,대림타운,84.99,202110,16,"34,000",12,1998,금곡대로 268,,-,-
부산광역시 북구 화명동,1170-1,1170,1,대림타운,84.99,202110,16,"37,000",14,1998,금곡대로 268,,-,-
부산광역시 북구 화명동,1170-1,1170,1,대림타운,84.99,202110,18,"34,000",19,1998,금곡대로 268,,-,-
부산광역시 북구 화명동,1170-1,1170,1,대림타운,59.8,202110,22,"23,000",24,1998,금곡대로 268,,-,-
부산광역시 북구 화명동,1170-1,1170,1,대림타운,111.74,202110,23,"41,000",25,1998,금곡대로 268,,-,-
부산광역시 북구 화명동,1170-1,1170,1,대림타운,139.9,202110,26,"42,000",5,1998,금곡대로 268,,-,-
부산광역시 북구 화명동,1170-1,1170,1,대림타운,75.86,202110,27,"32,500",22,1998,금곡대로 268,,-,-
부산광역시 북구 화명동,206,206,0,도시화명그린(206),49.83,202110,13,"12,500",14,1996,양달로 53,,-,-
부산광역시 북구 화명동,206,206,0,도시화명그린(206),49.83,202110,16,"11,700",3,1996,양달로 53,,-,-
부산광역시 북구 화명동,206,206,0,도시화명그린(206),49.83,202110,23,"12,700",17,1996,양달로 53,,-,-
부산광역시 북구 화명동,295,295,0,도시화명그린(295),49.42,202110,3,"11,000",9,1996,양달로 69,,-,-
부산광역시 북구 화명동,295,295,0,도시화명그린(295),49.42,202110,13,"11,000",1,1996,양달로 69,,-,-
부산광역시 북구 화명동,295,295,0,도시화명그린(295),49.42,202110,19,"12,000",2,1996,양달로 69,,-,-
부산광역시 북구 화명동,295,295,0,도시화명그린(295),49.42,202110,26,"12,900",13,1996,양달로 69,,-,-
부산광역시 북구 화명동,295,295,0,도시화명그린(295),49.42,202110,26,"12,900",6,1996,양달로 69,,-,-
부산광역시 북구 화명동,295,295,0,도시화명그린(295),49.42,202110,29,"12,800",14,1996,양달로 69,,-,-
부산광역시 북구 화명동,313,313,0,도시화명그린(313),59.82,202110,12,"18,000",10,1996,양달로 80-18,,-,-
부산광역시 북구 화명동,313,313,0,도시화명그린(313),59.82,202110,15,"16,300",7,1996,양달로 80-18,,-,-
부산광역시 북구 화명동,313,313,0,도시화명그린(313),59.82,202110,16,"16,100",11,1996,양달로 80-18,,-,-
부산광역시 북구 화명동,1150,1150,0,동원로얄듀크,84.9949,202110,12,"42,000",7,2004,금곡대로 228,,-,-
부산광역시 북구 화명동,1150,1150,0,동원로얄듀크,84.9949,202110,15,"50,000",15,2004,금곡대로 228,,-,-
부산광역시 북구 화명동,2264,2264,0,롯데낙천대,84.769,202110,4,"64,900",5,2002,화명신도시로 156,,-,-
부산광역시 북구 화명동,2264,2264,0,롯데낙천대,59.807,202110,7,"41,000",25,2002,화명신도시로 156,,-,-
부산광역시 북구 화명동,188,188,0,벽산강변타운,74.48,202110,3,"21,450",18,1995,양달로9번길 21,20211102,-,-
부산광역시 북구 화명동,188,188,0,벽산강변타운,74.48,202110,3,"21,450",18,1995,양달로9번길 21,,-,-
부산광역시 북구 화명동,188,188,0,벽산강변타운,84.89,202110,5,"24,800",3,1995,양달로9번길 21,,-,-
부산광역시 북구 화명동,188,188,0,벽산강변타운,84.89,202110,9,"21,300",6,1995,양달로9번길 21,,-,-
부산광역시 북구 화명동,188,188,0,벽산강변타운,84.89,202110,26,"27,500",9,1995,양달로9번길 21,,-,-
부산광역시 북구 화명동,886,886,0,보경그린,63.33,202110,26,"10,000",6,1998,금곡대로200번길 63,,-,-
부산광역시 북구 화명동,732,732,0,삼한힐파크,84.994,202110,9,"27,200",20,2003,화명대로 119,,-,-
부산광역시 북구 화명동,732,732,0,삼한힐파크,84.994,202110,14,"31,100",19,2003,화명대로 119,,-,-
부산광역시 북구 화명동,732,732,0,삼한힐파크,84.994,202110,14,"22,800",9,2003,화명대로 119,,-,-
부산광역시 북구 화명동,732,732,0,삼한힐파크,84.994,202110,24,"27,500",8,2003,화명대로 119,,-,-
부산광역시 북구 화명동,732,732,0,삼한힐파크,84.994,202110,25,"31,000",8,2003,화명대로 119,,-,-
부산광역시 북구 화명동,2322,2322,0,수정강변타운,59.4,202110,4,"34,400",25,2001,학사로17번길 31,,-,-
부산광역시 북구 화명동,2322,2322,0,수정강변타운,49.82,202110,15,"26,000",8,2001,학사로17번길 31,,-,-
부산광역시 북구 화명동,2322,2322,0,수정강변타운,49.82,202110,16,"24,500",8,2001,학사로17번길 31,,-,-
부산광역시 북구 화명동,2322,2322,0,수정강변타운,84.34,202110,16,"46,800",7,2001,학사로17번길 31,,-,-
부산광역시 북구 화명동,2322,2322,0,수정강변타운,59.4,202110,19,"35,000",8,2001,학사로17번길 31,,-,-
부산광역시 북구 화명동,2322,2322,0,수정강변타운,49.82,202110,23,"23,000",1,2001,학사로17번길 31,,-,-
부산광역시 북구 화명동,1426-1,1426,1,우신,49.68,202110,12,"34,500",2,1987,산성로12번길 27,,-,-
부산광역시 북구 화명동,1426-1,1426,1,우신,57.26,202110,16,"37,000",1,1987,금곡대로324번길 45,,-,-
부산광역시 북구 화명동,310,310,0,코오롱,84.99,202110,19,"27,700",10,1997,양달로 80-11,,-,-
부산광역시 북구 화명동,2290,2290,0,코오롱하늘채1차,84.975,202110,25,"59,000",13,2002,화명신도시로 70,,-,-
부산광역시 북구 화명동,2288,2288,0,코오롱하늘채2차,84.935,202110,11,"60,000",17,2002,화명신도시로 100,,-,-
부산광역시 북구 화명동,2288,2288,0,코오롱하늘채2차,84.935,202110,20,"59,000",9,2002,화명신도시로 100,,-,-
부산광역시 북구 화명동,2288,2288,0,코오롱하늘채2차,118.984,202110,25,"75,700",16,2002,화명신도시로 100,,-,-
부산광역시 북구 화명동,2337,2337,0,화명2차동원로얄듀크비스타,84.9848,202110,1,"64,500",26,2015,금곡대로 175,,-,-
부산광역시 북구 화명동,2337,2337,0,화명2차동원로얄듀크비스타,84.9848,202110,5,"60,000",12,2015,금곡대로 175,,-,-
부산광역시 북구 화명동,2337,2337,0,화명2차동원로얄듀크비스타,84.9959,202110,12,"67,000",30,2015,금곡대로 175,20211027,-,-
부산광역시 북구 화명동,2337,2337,0,화명2차동원로얄듀크비스타,84.9959,202110,12,"67,000",30,2015,금곡대로 175,,-,-
부산광역시 북구 화명동,1258-1,1258,1,화명그린파크맨션,43.58,202110,11,"40,100",5,1988,금곡대로 280-9,,-,-
부산광역시 북구 화명동,754,754,0,화명그린힐,55.38,202110,11,"18,000",16,2003,화명대로94번길 45,,-,-
부산광역시 북구 화명동,754,754,0,화명그린힐,55.38,202110,16,"17,500",11,2003,화명대로94번길 45,,-,-
부산광역시 북구 화명동,754,754,0,화명그린힐,55.38,202110,23,"17,000",2,2003,화명대로94번길 45,,-,-
부산광역시 북구 화명동,754,754,0,화명그린힐,55.38,202110,25,"19,000",12,2003,화명대로94번길 45,,-,-
부산광역시 북구 화명동,754,754,0,화명그린힐,55.438,202110,26,"18,500",4,2003,화명대로94번길 45,,-,-
부산광역시 북구 화명동,754,754,0,화명그린힐,55.438,202110,26,"18,500",4,2003,화명대로94번길 45,20211028,-,-
부산광역시 북구 화명동,752,752,0,화명대우,86.787,202110,15,"35,000",7,2000,화명대로 104,,-,-
부산광역시 북구 화명동,1130-9,1130,9,화명동롯데캐슬멤버스,118.7961,202110,1,"60,700",7,2007,금곡대로 240,,-,-
부산광역시 북구 화명동,2324,2324,0,화명롯데캐슬카이저,115.95,202110,5,"91,000",35,2012,금곡대로 166,,-,-
부산광역시 북구 화명동,2324,2324,0,화명롯데캐슬카이저,115.95,202110,6,"83,500",6,2012,금곡대로 166,,-,-
부산광역시 북구 화명동,2324,2324,0,화명롯데캐슬카이저,98.07,202110,8,"85,500",8,2012,금곡대로 166,,-,-
부산광역시 북구 화명동,2324,2324,0,화명롯데캐슬카이저,115.95,202110,8,"88,000",13,2012,금곡대로 166,,-,-
부산광역시 북구 화명동,2324,2324,0,화명롯데캐슬카이저,98.07,202110,9,"82,500",7,2012,금곡대로 166,,-,-
부산광역시 북구 화명동,2324,2324,0,화명롯데캐슬카이저,115.03,202110,13,"85,000",8,2012,금곡대로 166,,-,-
부산광역시 북구 화명동,2324,2324,0,화명롯데캐슬카이저,98.07,202110,16,"84,000",23,2012,금곡대로 166,,-,-
부산광역시 북구 화명동,749,749,0,화명유림,59.921,202110,4,"18,500",5,2000,화명대로 110,,-,-
부산광역시 북구 화명동,749,749,0,화명유림,59.921,202110,24,"19,200",5,2000,화명대로 110,,-,-
부산광역시 북구 화명동,749,749,0,화명유림,59.921,202110,25,"18,500",13,2000,화명대로 110,,-,-
부산광역시 북구 화명동,495-2,495,2,화명장원맨션,83.565,202110,15,"14,800",7,1992,산성로 66,,-,-
부산광역시 북구 화명동,733,733,0,화명현대,134.79,202110,7,"40,300",3,1999,화명대로 87,,-,-
부산광역시 북구 화명동,733,733,0,화명현대,134.79,202110,23,"36,000",2,1999,화명대로 87,,-,-
부산광역시 사상구 괘법동,548-7,548,7,강일프라임빌,36.46,202110,13,"16,000",11,2014,광장로 96-8,,-,-
부산광역시 사상구 괘법동,516-3,516,3,괘법한신2,73.4,202110,4,"30,900",17,1998,낙동대로1210번길 33,,-,-
부산광역시 사상구 괘법동,516-3,516,3,괘법한신2,73.4,202110,4,"30,900",17,1998,낙동대로1210번길 33,20211022,-,-
부산광역시 사상구 괘법동,516-3,516,3,괘법한신2,59.84,202110,6,"26,500",12,1998,낙동대로1210번길 33,,-,-
부산광역시 사상구 괘법동,516-3,516,3,괘법한신2,73.4,202110,19,"27,000",2,1998,낙동대로1210번길 33,,-,-
부산광역시 사상구 괘법동,523-4,523,4,굿모닝뷰,47.815,202110,5,"19,500",11,2018,낙동대로1210번길 84,,-,-
부산광역시 사상구 괘법동,509-6,509,6,사상샬레,42.525,202110,29,"14,000",10,2016,광장로104번길 37,,-,-
부산광역시 사상구 괘법동,564-8,564,8,사상역포르투나더테라스,18.5856,202110,19,"12,000",17,2021,광장로 54,,-,-
부산광역시 사상구 괘법동,526-44,526,44,주은타워빌,84.59,202110,27,"31,300",13,2004,사상로 217,,-,-
부산광역시 사상구 괘법동,516-1,516,1,한신,59.85,202110,5,"23,300",18,1994,낙동대로1210번길 53,,-,-
부산광역시 사상구 덕포동,789,789,0,남영,37.62,202110,5,"8,600",11,1993,백양대로 716,,-,-
부산광역시 사상구 덕포동,789,789,0,남영,48.39,202110,6,"11,300",8,1993,백양대로 716,,-,-
부산광역시 사상구 덕포동,789,789,0,남영,38.43,202110,6,"7,300",1,1993,백양대로 716,,-,-
부산광역시 사상구 덕포동,789,789,0,남영,37.62,202110,8,"10,000",15,1993,백양대로 716,,-,-
부산광역시 사상구 덕포동,793,793,0,덕포경동메르빌,73.5126,202110,5,"27,700",13,2013,덕상로 8-37,,-,-
부산광역시 사상구 덕포동,793,793,0,덕포경동메르빌,74.0038,202110,8,"26,500",9,2013,덕상로 8-37,,-,-
부산광역시 사상구 덕포동,386-1,386,1,덕포늘푸른,59.94,202110,6,"24,500",14,1996,사상로342번길 21,,-,-
부산광역시 사상구 덕포동,58,58,0,덕포청구,84.97,202110,1,"29,000",22,2001,백양대로700번길 23,,-,-
부산광역시 사상구 덕포동,58,58,0,덕포청구,59.805,202110,2,"14,900",1,2001,백양대로700번길 23,,-,-
부산광역시 사상구 덕포동,58,58,0,덕포청구,59.805,202110,14,"16,350",7,2001,백양대로700번길 23,,-,-
부산광역시 사상구 덕포동,58,58,0,덕포청구,70.41,202110,16,"19,500",15,2001,백양대로700번길 23,20211022,-,-
부산광역시 사상구 덕포동,58,58,0,덕포청구,70.41,202110,22,"19,500",15,2001,백양대로700번길 23,,-,-
부산광역시 사상구 덕포동,49,49,0,벽산신익타운,74.655,202110,4,"16,000",3,1994,덕상로 20,,-,-
부산광역시 사상구 덕포동,49,49,0,벽산신익타운,74.655,202110,4,"14,400",6,1994,덕상로 20,,-,-
부산광역시 사상구 덕포동,49,49,0,벽산신익타운,74.655,202110,11,"14,950",12,1994,덕상로 20,,-,-
부산광역시 사상구 덕포동,49,49,0,벽산신익타운,74.655,202110,18,"14,000",13,1994,덕상로 20,,-,-
부산광역시 사상구 덕포동,762,762,0,부원파크타운,71.57,202110,13,"15,700",1,1989,백양대로804번길 31,,-,-
부산광역시 사상구 덕포동,416-7,416,7,비룡벨로스텔라,49.72,202110,2,"23,800",3,2020,사상로 320,,-,-
부산광역시 사상구 덕포동,761-1,761,1,자유,39.72,202110,8,"10,500",8,1989,백양대로 820,,-,-
부산광역시 사상구 덕포동,761-1,761,1,자유,54,202110,30,"13,900",4,1989,백양대로 820,,-,-
부산광역시 사상구 모라동,991-2,991,2,모라동골든파크,84.975,202110,12,"24,000",8,2005,사상로 508,,-,-
부산광역시 사상구 모라동,857,857,0,모라동비버힐아파트,40.96,202110,8,"18,000",13,2019,사상로478번길 12,,-,-
부산광역시 사상구 모라동,1361,1361,0,모라동원타운,67.45,202110,2,"19,800",13,1989,백양대로 879,,-,-
부산광역시 사상구 모라동,1361,1361,0,모라동원타운,59.7,202110,4,"18,400",13,1989,백양대로 879,,-,-
부산광역시 사상구 모라동,1361,1361,0,모라동원타운,84.97,202110,13,"22,500",15,1989,백양대로 879,,-,-
부산광역시 사상구 모라동,1361,1361,0,모라동원타운,59.7,202110,16,"19,000",7,1989,백양대로 879,,-,-
부산광역시 사상구 모라동,1361,1361,0,모라동원타운,59.7,202110,29,"14,500",1,1989,백양대로 879,,-,-
부산광역시 사상구 모라동,203,203,0,모라벽산,84.9,202110,2,"25,000",19,2001,백양대로934번길 84,,-,-
부산광역시 사상구 모라동,203,203,0,모라벽산,59.88,202110,9,"14,000",1,2001,백양대로934번길 84,,-,-
부산광역시 사상구 모라동,203,203,0,모라벽산,59.88,202110,9,"17,400",10,2001,백양대로934번길 84,,-,-
부산광역시 사상구 모라동,203,203,0,모라벽산,59.88,202110,16,"17,800",15,2001,백양대로934번길 84,,-,-
부산광역시 사상구 모라동,552,552,0,백양그린,49.94,202110,7,"15,450",13,1992,모라로110번길 88,,-,-
부산광역시 사상구 모라동,552,552,0,백양그린,41.3,202110,14,"12,800",5,1992,모라로110번길 88,,-,-
부산광역시 사상구 모라동,552,552,0,백양그린,49.94,202110,18,"14,000",15,1992,모라로110번길 88,,-,-
부산광역시 사상구 모라동,420-3,420,3,부창스카이빌,79.31,202110,9,"16,300",12,2004,모라로110번길 55,,-,-
부산광역시 사상구 모라동,1380,1380,0,사상구남역동원로얄듀크,84.9117,202110,13,"51,000",4,2019,백양대로934번길 94,,-,-
부산광역시 사상구 모라동,334,334,0,삼정그린코아,84.99,202110,5,"18,500",10,1993,백양대로934번길 20,,-,-
부산광역시 사상구 모라동,334,334,0,삼정그린코아,83.325,202110,12,"16,000",14,1993,백양대로934번길 20,,-,-
부산광역시 사상구 모라동,1357,1357,0,우성,84.54,202110,26,"29,900",14,1989,백양대로 906,,-,-
부산광역시 사상구 모라동,1362,1362,0,우신모라,59.99,202110,2,"14,700",15,1992,백양대로 880,,-,-
부산광역시 사상구 모라동,1362,1362,0,우신모라,59.67,202110,15,"16,800",8,1992,백양대로 880,,-,-
부산광역시 사상구 모라동,1362,1362,0,우신모라,59.67,202110,21,"16,500",6,1992,백양대로 880,,-,-
부산광역시 사상구 모라동,75,75,0,주공4,49.94,202110,1,"11,000",14,1993,모라로192번길 50,,-,-
부산광역시 사상구 모라동,75,75,0,주공4,41.3,202110,21,"9,250",14,1993,모라로192번길 50,,-,-
부산광역시 사상구 모라동,75,75,0,주공4,41.3,202110,30,"9,000",4,1993,모라로192번길 50,,-,-
부산광역시 사상구 모라동,1341,1341,0,협성,82.345,202110,4,"10,500",6,1989,백양대로950번나길 14,,-,-
부산광역시 사상구 삼락동,418-8,418,8,동양한신,59.99,202110,5,"19,700",2,1995,운산로 25,,-,-
부산광역시 사상구 삼락동,418-8,418,8,동양한신,72.18,202110,11,"28,700",18,1995,운산로 25,,-,-
부산광역시 사상구 엄궁동,726,726,0,롯데캐슬,84.9932,202110,6,"40,000",10,2010,엄궁북로 62,,-,-
부산광역시 사상구 엄궁동,726,726,0,롯데캐슬,84.9932,202110,6,"40,000",10,2010,엄궁북로 62,,-,-
부산광역시 사상구 엄궁동,726,726,0,롯데캐슬,72.4488,202110,7,"41,000",20,2010,엄궁북로 62,,-,-
부산광역시 사상구 엄궁동,1,1,0,무학다솜,49.8,202110,14,"13,950",8,2000,대동로64번길 22,,-,-
부산광역시 사상구 엄궁동,01월 10일,1,10,삼성타워,59.86,202110,16,"9,900",2,1993,대동로64번길 40,,-,-
부산광역시 사상구 엄궁동,225-1,225,1,신엄궁대동,59.54,202110,9,"16,000",20,1998,엄궁남로 43,,-,-
부산광역시 사상구 엄궁동,Mar-37,37,3,신흥동백맨션,50.43,202110,13,"9,800",3,1992,엄궁로 172,,-,-
부산광역시 사상구 엄궁동,680-2,680,2,쌍용스윗닷홈,59.9349,202110,6,"22,300",22,2005,엄궁로 100,,-,-
부산광역시 사상구 엄궁동,683-3,683,3,엄궁2차한신,84.9,202110,4,"24,000",18,1999,엄궁로 40,,-,-
부산광역시 사상구 엄궁동,669-2,669,2,엄궁대림,59.85,202110,9,"15,600",1,1999,엄궁로 158,,-,-
부산광역시 사상구 엄궁동,669-2,669,2,엄궁대림,59.85,202110,14,"18,900",24,1999,엄궁로 158,,-,-
부산광역시 사상구 엄궁동,669-2,669,2,엄궁대림,59.85,202110,21,"18,800",19,1999,엄궁로 158,,-,-
부산광역시 사상구 엄궁동,Jan-37,37,1,청송,82.7,202110,15,"17,000",9,2003,엄궁로 184,,-,-
부산광역시 사상구 엄궁동,680-1,680,1,코오롱,59.94,202110,13,"20,400",15,1999,엄궁로 142,,-,-
부산광역시 사상구 엄궁동,680-1,680,1,코오롱,59.9,202110,20,"18,500",17,1999,엄궁로 142,,-,-
부산광역시 사상구 주례동,55-139,55,139,경동윈츠빌,30.57,202110,2,"7,600",11,2004,냉정로 120,,-,-
부산광역시 사상구 주례동,316,316,0,대성,60,202110,12,"23,500",5,1988,양지로 3,,-,-
부산광역시 사상구 주례동,316,316,0,대성,49.16,202110,20,"18,000",3,1988,양지로 3,,-,-
부산광역시 사상구 주례동,317,317,0,동일,60.05,202110,2,"22,500",1,1989,양지로 47,,-,-
부산광역시 사상구 주례동,317,317,0,동일,68.34,202110,16,"22,000",4,1989,양지로 47,,-,-
부산광역시 사상구 주례동,10월 21일,10,21,반도보라매머드,113.59,202110,5,"35,500",10,1996,백양대로 372-22,,-,-
부산광역시 사상구 주례동,10월 21일,10,21,반도보라매머드,84.99,202110,5,"26,800",21,1996,백양대로 372-22,,-,-
부산광역시 사상구 주례동,10월 21일,10,21,반도보라매머드,59.76,202110,9,"17,700",6,1996,백양대로 372-22,,-,-
부산광역시 사상구 주례동,10월 21일,10,21,반도보라매머드,59.76,202110,11,"17,000",12,1996,백양대로 372-22,,-,-
부산광역시 사상구 주례동,1010-3,1010,3,벽산신화,60.48,202110,12,"14,750",13,1993,백양대로 515,,-,-
부산광역시 사상구 주례동,1010-3,1010,3,벽산신화,84.51,202110,27,"18,400",8,1993,백양대로 515,,-,-
부산광역시 사상구 주례동,03월 16일,3,16,엘지신주례1,84.973,202110,23,"33,000",4,1996,백양대로342번길 16,,-,-
부산광역시 사상구 주례동,03월 16일,3,16,엘지신주례1,59.97,202110,29,"19,700",15,1996,백양대로342번길 16,,-,-
부산광역시 사상구 주례동,03월 16일,3,16,엘지신주례1,59.97,202110,30,"20,000",15,1996,백양대로342번길 16,,-,-
부산광역시 사상구 주례동,10월 04일,10,4,엘지신주례2,59.97,202110,1,"20,700",24,1996,백양대로342번길 17,,-,-
부산광역시 사상구 주례동,10월 04일,10,4,엘지신주례2,59.97,202110,2,"20,800",19,1996,백양대로342번길 17,,-,-
부산광역시 사상구 주례동,10월 04일,10,4,엘지신주례2,84.973,202110,9,"32,700",20,1996,백양대로342번길 17,,-,-
부산광역시 사상구 주례동,10월 04일,10,4,엘지신주례2,59.97,202110,9,"20,000",15,1996,백양대로342번길 17,,-,-
부산광역시 사상구 주례동,10월 04일,10,4,엘지신주례2,59.97,202110,20,"19,450",8,1996,백양대로342번길 17,,-,-
부산광역시 사상구 주례동,10월 04일,10,4,엘지신주례2,84.973,202110,23,"36,800",22,1996,백양대로342번길 17,,-,-
부산광역시 사상구 주례동,122,122,0,조양,84.6,202110,8,"27,700",4,1984,냉정로 56,,-,-
부산광역시 사상구 주례동,152-20,152,20,주례,50.45,202110,29,"8,200",5,1975,가야대로344번길 10,,-,-
부산광역시 사상구 주례동,939,939,0,주례1차동일,59.96,202110,3,"18,300",1,1998,백양대로494번길 10,,-,-
부산광역시 사상구 주례동,939,939,0,주례1차동일,115.61,202110,8,"40,800",9,1998,백양대로494번길 10,,-,-
부산광역시 사상구 주례동,939,939,0,주례1차동일,59.94,202110,13,"18,500",14,1998,백양대로494번길 10,,-,-
부산광역시 사상구 주례동,1288,1288,0,주례경동리인,67.7557,202110,13,"37,700",16,2017,백양대로 526,,-,-
부산광역시 사상구 주례동,1288,1288,0,주례경동리인,72.6203,202110,22,"38,700",20,2017,백양대로 526,,-,-
부산광역시 사상구 주례동,519-6,519,6,주례맨션,47.91,202110,20,"15,850",5,1983,주례로10번길 110,,-,-
부산광역시 사상구 주례동,616-4,616,4,주례벽산,84.98,202110,12,"16,900",13,1992,주례로139번길 8,,-,-
부산광역시 사상구 주례동,616-4,616,4,주례벽산,72.69,202110,13,"15,250",8,1992,주례로139번길 8,,-,-
부산광역시 사상구 주례동,616-4,616,4,주례벽산,84.98,202110,23,"16,800",13,1992,주례로139번길 8,,-,-
부산광역시 사상구 주례동,616-4,616,4,주례벽산,72.69,202110,27,"14,500",10,1992,주례로139번길 8,,-,-
부산광역시 사상구 주례동,616-4,616,4,주례벽산,84.98,202110,27,"17,200",4,1992,주례로139번길 8,,-,-
부산광역시 사상구 주례동,955-2,955,2,주례청구,84.99,202110,2,"25,700",14,2002,백양대로494번길 38,,-,-
부산광역시 사상구 주례동,955-2,955,2,주례청구,75.06,202110,5,"21,800",15,2002,백양대로494번길 38,,-,-
부산광역시 사상구 주례동,955-2,955,2,주례청구,59.76,202110,10,"17,000",1,2002,백양대로494번길 38,,-,-
부산광역시 사상구 주례동,955-2,955,2,주례청구,59.76,202110,31,"19,150",8,2002,백양대로494번길 38,,-,-
부산광역시 사상구 주례동,3-32,3,32,주례한효,59.94,202110,4,"15,600",20,1996,백양대로342번길 50,,-,-
부산광역시 사상구 주례동,3-32,3,32,주례한효,59.94,202110,5,"14,700",14,1996,백양대로342번길 50,,-,-
부산광역시 사상구 주례동,3-32,3,32,주례한효,59.94,202110,16,"15,400",1,1996,백양대로342번길 50,,-,-
부산광역시 사상구 주례동,239,239,0,한일유엔아이,59.73,202110,1,"24,980",6,2005,백양대로 372-15,,-,-
부산광역시 사상구 주례동,239,239,0,한일유엔아이,125.16,202110,4,"45,000",10,2005,백양대로 372-15,,-,-
부산광역시 사상구 주례동,239,239,0,한일유엔아이,125.16,202110,9,"45,000",1,2005,백양대로 372-15,,-,-
부산광역시 사상구 주례동,239,239,0,한일유엔아이,59.67,202110,16,"21,000",4,2005,백양대로 372-15,,-,-
부산광역시 사상구 주례동,530-5,530,5,현대무지개타운,84.99,202110,2,"20,000",5,1993,주례로 93,,-,-
부산광역시 사상구 주례동,530-5,530,5,현대무지개타운,76.515,202110,8,"19,700",9,1993,주례로 93,,-,-
부산광역시 사상구 주례동,530-5,530,5,현대무지개타운,84.99,202110,9,"18,800",2,1993,주례로 93,,-,-
부산광역시 사상구 주례동,530-5,530,5,현대무지개타운,84.99,202110,14,"18,500",3,1993,주례로 93,,-,-
부산광역시 사상구 주례동,530-5,530,5,현대무지개타운,109.645,202110,16,"26,000",4,1993,주례로 93,,-,-
부산광역시 사상구 주례동,530-5,530,5,현대무지개타운,84.99,202110,31,"23,000",14,1993,주례로 93,,-,-
부산광역시 사상구 주례동,Jan-90,90,1,홍익,40.64,202110,1,"6,700",2,1988,가야대로318번길 78-25,,-,-
부산광역시 사상구 주례동,Jan-90,90,1,홍익,40.64,202110,6,"6,500",2,1988,가야대로318번길 78-25,,-,-
부산광역시 사상구 학장동,574-111,574,111,1차삼성,49.14,202110,1,"10,800",1,1997,대동로 148-29,,-,-
부산광역시 사상구 학장동,574-111,574,111,1차삼성,84.99,202110,28,"24,500",20,1997,대동로 148-29,,-,-
부산광역시 사상구 학장동,173-16,173,16,구덕극동,84.92,202110,1,"17,700",10,1996,학감대로 62,,-,-
부산광역시 사상구 학장동,173-16,173,16,구덕극동,84.92,202110,22,"16,500",25,1996,학감대로 62,,-,-
부산광역시 사상구 학장동,168-8,168,8,구학마을,46.32,202110,2,"13,250",11,1992,학감대로49번길 15,,-,-
부산광역시 사상구 학장동,168-8,168,8,구학마을,46.32,202110,4,"12,000",5,1992,학감대로49번길 15,,-,-
부산광역시 사상구 학장동,168-8,168,8,구학마을,46.32,202110,5,"9,700",5,1992,학감대로49번길 28-19,,-,-
부산광역시 사상구 학장동,168-8,168,8,구학마을,46.32,202110,8,"11,000",1,1992,학감대로49번길 28-19,,-,-
부산광역시 사상구 학장동,168-8,168,8,구학마을,46.32,202110,10,"13,000",12,1992,학감대로49번길 15,,-,-
부산광역시 사상구 학장동,168-8,168,8,구학마을,46.32,202110,19,"12,300",6,1992,학감대로49번길 28-19,,-,-
부산광역시 사상구 학장동,168-8,168,8,구학마을,46.32,202110,28,"11,700",3,1992,학감대로49번길 28-19,,-,-
부산광역시 사상구 학장동,819,819,0,금강,79.34,202110,1,"18,200",2,1992,대동로64번길 25,,-,-
부산광역시 사상구 학장동,574-82,574,82,목화,49.965,202110,8,"15,000",9,1993,대동로 104-8,,-,-
부산광역시 사상구 학장동,574-82,574,82,목화,49.965,202110,9,"16,300",12,1993,대동로 104-8,,-,-
부산광역시 사상구 학장동,574-82,574,82,목화,40.425,202110,9,"11,200",19,1993,대동로 104-8,,-,-
부산광역시 사상구 학장동,574-82,574,82,목화,49.965,202110,11,"18,700",20,1993,대동로 104-8,,-,-
부산광역시 사상구 학장동,574-82,574,82,목화,49.965,202110,19,"15,100",18,1993,대동로 104-8,,-,-
부산광역시 사상구 학장동,574-82,574,82,목화,49.965,202110,20,"16,000",12,1993,대동로 104-8,,-,-
부산광역시 사상구 학장동,574-82,574,82,목화,49.965,202110,21,"15,000",19,1993,대동로 104-8,,-,-
부산광역시 사상구 학장동,573-1,573,1,반도보라타운,59.88,202110,11,"17,800",18,1994,대동로 98,,-,-
부산광역시 사상구 학장동,573-1,573,1,반도보라타운,59.88,202110,16,"17,500",13,1994,대동로 98,,-,-
부산광역시 사상구 학장동,573-1,573,1,반도보라타운,59.88,202110,23,"18,700",9,1994,대동로 98,,-,-
부산광역시 사상구 학장동,437,437,0,삼정송림맨션,43.83,202110,2,"7,400",4,1986,학감대로123번길 65,,-,-
부산광역시 사상구 학장동,437,437,0,삼정송림맨션,42.3,202110,4,"5,300",5,1986,학감대로123번길 65,,-,-
부산광역시 사상구 학장동,571-3,571,3,신구덕우성,84.97,202110,11,"28,300",13,2000,학감대로 109-16,,-,-
부산광역시 사상구 학장동,571-3,571,3,신구덕우성,75.65,202110,16,"22,600",13,2000,학감대로 109-16,,-,-
부산광역시 사상구 학장동,571-3,571,3,신구덕우성,59.98,202110,17,"18,000",11,2000,학감대로 109-16,,-,-
부산광역시 사상구 학장동,571-3,571,3,신구덕우성,75.65,202110,20,"23,300",18,2000,학감대로 109-16,,-,-
부산광역시 사상구 학장동,571-3,571,3,신구덕우성,59.98,202110,27,"19,600",23,2000,학감대로 109-16,,-,-
부산광역시 사상구 학장동,574-23,574,23,정남파크맨션,44.01,202110,2,"10,000",2,1985,대동로140번길 26,,-,-
부산광역시 사상구 학장동,571-4,571,4,학장극동,84.97,202110,8,"18,350",16,1994,학감대로 109-43,,-,-
부산광역시 사상구 학장동,571-4,571,4,학장극동,84.97,202110,9,"16,800",2,1994,학감대로 109-43,,-,-
부산광역시 사상구 학장동,571-4,571,4,학장극동,59.4,202110,15,"12,000",6,1994,학감대로 109-43,,-,-
부산광역시 사상구 학장동,571-4,571,4,학장극동,141.8,202110,20,"21,700",2,1994,학감대로 109-43,,-,-
부산광역시 사상구 학장동,167-3,167,3,학장대림,59.94,202110,1,"12,000",14,1991,학감대로49번길 57,,-,-
부산광역시 사상구 학장동,167-3,167,3,학장대림,59.94,202110,11,"12,000",8,1991,학감대로49번길 57,,-,-
부산광역시 사상구 학장동,167-3,167,3,학장대림,75.61,202110,15,"14,000",4,1991,학감대로49번길 62,,-,-
부산광역시 사상구 학장동,167-3,167,3,학장대림,59.94,202110,16,"12,350",10,1991,학감대로49번길 57,,-,-
부산광역시 사상구 학장동,167-3,167,3,학장대림,75.61,202110,18,"13,300",15,1991,학감대로49번길 62,,-,-
부산광역시 사상구 학장동,167-3,167,3,학장대림,75.61,202110,25,"16,000",4,1991,학감대로49번길 62,,-,-
부산광역시 사상구 학장동,167-3,167,3,학장대림,75.61,202110,25,"14,500",4,1991,학감대로49번길 62,,-,-
부산광역시 사상구 학장동,858,858,0,학장동삼정그린코아아파트,59.919,202110,1,"29,000",8,2014,학감대로123번길 67,,-,-
부산광역시 사상구 학장동,858,858,0,학장동삼정그린코아아파트,59.919,202110,2,"27,000",18,2014,학감대로123번길 67,,-,-
부산광역시 사상구 학장동,858,858,0,학장동삼정그린코아아파트,59.999,202110,12,"28,000",2,2014,학감대로123번길 67,,-,-
부산광역시 사상구 학장동,820-1,820,1,학장무학,59.99,202110,9,"19,800",4,1997,대동로 84,,-,-
부산광역시 사상구 학장동,820-1,820,1,학장무학,59.99,202110,19,"18,300",4,1997,대동로 84,20211029,-,-
부산광역시 사상구 학장동,820-1,820,1,학장무학,59.99,202110,19,"18,300",4,1997,대동로 84,,-,-
부산광역시 사상구 학장동,820-1,820,1,학장무학,59.99,202110,19,"19,000",13,1997,대동로 84,,-,-
부산광역시 사상구 학장동,820-1,820,1,학장무학,59.99,202110,28,"18,700",18,1997,대동로 84,,-,-
부산광역시 사하구 감천동,868,868,0,감천오펠리움아파트,76.2709,202110,7,"22,000",13,2018,감천로105번길 53,,-,-
부산광역시 사하구 감천동,808,808,0,감천유림1차,84.99,202110,5,"25,300",18,1997,감천로 24,,-,-
부산광역시 사하구 감천동,808,808,0,감천유림1차,84.99,202110,16,"22,500",13,1997,감천로 24,,-,-
부산광역시 사하구 감천동,808,808,0,감천유림1차,84.99,202110,20,"23,650",11,1997,감천로 24,,-,-
부산광역시 사하구 감천동,789,789,0,감천유림2차,119.17,202110,23,"22,300",3,1999,사하로 80,,-,-
부산광역시 사하구 감천동,315-2,315,2,남성타워,84.84,202110,18,"16,250",14,1994,암남공원로 527,,-,-
부산광역시 사하구 감천동,181-1,181,1,남성한빛가든,59.61,202110,9,"12,000",22,1995,감천로 175,,-,-
부산광역시 사하구 감천동,181-1,181,1,남성한빛가든,59.61,202110,13,"11,500",8,1995,감천로 175,,-,-
부산광역시 사하구 감천동,181-1,181,1,남성한빛가든,59.61,202110,14,"13,800",19,1995,감천로 175,,-,-
부산광역시 사하구 감천동,648,648,0,동일,63.27,202110,1,"15,500",4,1987,감천로 53,,-,-
부산광역시 사하구 감천동,648,648,0,동일,39.03,202110,29,"8,800",5,1987,감천로 53,,-,-
부산광역시 사하구 감천동,632-1,632,1,무지개,64.08,202110,9,"10,700",2,1984,감천로73번길 69,,-,-
부산광역시 사하구 감천동,567,567,0,부영벽산파라빌,84.9939,202110,1,"23,500",2,2002,감천로21번길 35,,-,-
부산광역시 사하구 감천동,567,567,0,부영벽산파라빌,59.9786,202110,2,"18,300",5,2002,감천로21번길 35,,-,-
부산광역시 사하구 감천동,567,567,0,부영벽산파라빌,84.9939,202110,5,"20,000",3,2002,감천로21번길 35,,-,-
부산광역시 사하구 감천동,567,567,0,부영벽산파라빌,59.862,202110,15,"16,800",17,2002,감천로21번길 35,,-,-
부산광역시 사하구 감천동,359-1,359,1,신흥동백(359-1),59.76,202110,12,"7,000",4,1987,암남공원로521번길 33,,-,-
부산광역시 사하구 감천동,361,361,0,신흥동백(361),53.28,202110,25,"7,000",2,1986,암남공원로521번길 30,,-,-
부산광역시 사하구 감천동,12-108,12,108,영동힐타운,84.1813,202110,23,"15,800",14,2003,옥천로 87,,-,-
부산광역시 사하구 감천동,803-42,803,42,해태,84.93,202110,13,"15,200",13,2000,사하로 74-6,,-,-
부산광역시 사하구 괴정동,1278,1278,0,괴정 K스타파크,73.9678,202110,7,"25,700",2,2015,사리로70번길 24,,-,-
부산광역시 사하구 괴정동,1278,1278,0,괴정 K스타파크,59.5399,202110,16,"24,700",7,2015,사리로70번길 24,,-,-
부산광역시 사하구 괴정동,619-16,619,16,괴정경동메르빌,84.986,202110,1,"23,200",15,2006,괴정로244번길 57,,-,-
부산광역시 사하구 괴정동,619-16,619,16,괴정경동메르빌,84.986,202110,5,"22,200",12,2006,괴정로244번길 57,,-,-
부산광역시 사하구 괴정동,619-16,619,16,괴정경동메르빌,84.986,202110,13,"23,400",11,2006,괴정로244번길 57,,-,-
부산광역시 사하구 괴정동,213-6,213,6,극동스타클래스,84.898,202110,2,"36,500",4,2007,대티로1번길 22,,-,-
부산광역시 사하구 괴정동,350-72,350,72,동아파크,84.97,202110,27,"12,500",6,1992,오작로 138,,-,-
부산광역시 사하구 괴정동,762-3,762,3,부경솔리드102동,83.88,202110,13,"34,000",9,2002,낙동대로280번길 28,,-,-
부산광역시 사하구 괴정동,762-3,762,3,부경솔리드102동,84.53,202110,29,"31,100",8,2002,낙동대로280번길 28,,-,-
부산광역시 사하구 괴정동,697-11,697,11,사남신익,81.03,202110,19,"17,900",4,1992,장평로 410,,-,-
부산광역시 사하구 괴정동,398-23,398,23,신괴정화신아파트,55.64,202110,29,"11,600",9,1990,오작로 68,,-,-
부산광역시 사하구 괴정동,547-1,547,1,신동양,62.48,202110,15,"33,500",10,1979,낙동대로 265,,-,-
부산광역시 사하구 괴정동,398-22,398,22,신익타운,83.96,202110,3,"12,500",1,1991,오작로 46,,-,-
부산광역시 사하구 괴정동,998,998,0,신화프라자,60.92,202110,25,"27,750",8,2003,낙동대로216번길 3,,-,-
부산광역시 사하구 괴정동,614-9,614,9,우신타워아파트,68.15,202110,13,"11,300",14,1989,사하로141번나길 35-4,,-,-
부산광역시 사하구 괴정동,614-9,614,9,우신타워아파트,60.8,202110,19,"10,000",13,1989,사하로141번나길 35-4,,-,-
부산광역시 사하구 괴정동,614-9,614,9,우신타워아파트,76.65,202110,23,"10,700",2,1989,사하로141번나길 35-4,,-,-
부산광역시 사하구 괴정동,614-9,614,9,우신타워아파트,76.65,202110,26,"10,000",10,1989,사하로141번나길 35-4,,-,-
부산광역시 사하구 괴정동,890-4,890,4,유성해네스타워,41.9919,202110,12,"24,000",10,2019,사하로197번길 40,,-,-
부산광역시 사하구 괴정동,890-4,890,4,유성해네스타워,45.9577,202110,22,"22,000",13,2019,사하로197번길 40,,-,-
부산광역시 사하구 구평동,517,517,0,e편한세상사하,84.1412,202110,4,"41,400",26,2016,서포로30번길 26,,-,-
부산광역시 사하구 구평동,517,517,0,e편한세상사하,59.9278,202110,14,"28,000",16,2016,서포로30번길 26,,-,-
부산광역시 사하구 구평동,517,517,0,e편한세상사하,72.9641,202110,14,"34,800",20,2016,서포로30번길 26,,-,-
부산광역시 사하구 구평동,517,517,0,e편한세상사하,59.9278,202110,29,"28,000",5,2016,서포로30번길 26,,-,-
부산광역시 사하구 구평동,518,518,0,e편한세상사하2차,84.6031,202110,6,"43,000",12,2017,서포로30번길 12,,-,-
부산광역시 사하구 구평동,518,518,0,e편한세상사하2차,59.9458,202110,9,"31,900",29,2017,서포로30번길 12,,-,-
부산광역시 사하구 구평동,518,518,0,e편한세상사하2차,59.9833,202110,13,"29,900",8,2017,서포로30번길 12,,-,-
부산광역시 사하구 구평동,17,17,0,구평1차자유,59.97,202110,7,"11,000",11,1999,을숙도대로709번길 31,,-,-
부산광역시 사하구 구평동,17,17,0,구평1차자유,84.6,202110,26,"14,600",8,1999,을숙도대로709번길 31,,-,-
부산광역시 사하구 구평동,Jul-41,41,7,구평화신,84.945,202110,4,"14,000",11,1993,사하로 47,,-,-
부산광역시 사하구 구평동,Jul-41,41,7,구평화신,84.945,202110,7,"15,000",7,1993,사하로 47,,-,-
부산광역시 사하구 구평동,497,497,0,부산구평동한신휴플러스,84.9936,202110,2,"27,500",16,2013,을숙도대로709번길 22,,-,-
부산광역시 사하구 구평동,497,497,0,부산구평동한신휴플러스,59.7627,202110,14,"17,500",17,2013,을숙도대로709번길 22,,-,-
부산광역시 사하구 구평동,106,106,0,영생비치,54,202110,3,"8,450",4,1985,을숙도대로 741,,-,-
부산광역시 사하구 다대동,Feb-94,94,2,국제그린,45.5,202110,1,"8,500",22,1995,다대로381번길 75,,-,-
부산광역시 사하구 다대동,Feb-94,94,2,국제그린,45.5,202110,9,"8,000",1,1995,다대로381번길 75,,-,-
부산광역시 사하구 다대동,Feb-94,94,2,국제그린,45.5,202110,20,"9,000",3,1995,다대로381번길 75,,-,-
부산광역시 사하구 다대동,Feb-94,94,2,국제그린,45.5,202110,27,"9,000",19,1995,다대로381번길 75,,-,-
부산광역시 사하구 다대동,Feb-94,94,2,국제그린,45.5,202110,28,"7,800",2,1995,다대로381번길 75,,-,-
부산광역시 사하구 다대동,80-14,80,14,다대다해,44.82,202110,4,"18,900",6,1986,다송로 7,,-,-
부산광역시 사하구 다대동,1624,1624,0,다대동롯데캐슬몰운대,84.9902,202110,1,"29,900",15,2007,다대낙조2길 100,,-,-
부산광역시 사하구 다대동,1624,1624,0,다대동롯데캐슬몰운대,117.59,202110,1,"42,200",11,2007,다대낙조2길 100,,-,-
부산광역시 사하구 다대동,1624,1624,0,다대동롯데캐슬몰운대,84.9748,202110,2,"28,000",20,2007,다대낙조2길 100,,-,-
부산광역시 사하구 다대동,1624,1624,0,다대동롯데캐슬몰운대,84.9902,202110,2,"27,000",1,2007,다대낙조2길 100,,-,-
부산광역시 사하구 다대동,1624,1624,0,다대동롯데캐슬몰운대,106.064,202110,2,"38,500",9,2007,다대낙조2길 100,,-,-
부산광역시 사하구 다대동,1624,1624,0,다대동롯데캐슬몰운대,84.9902,202110,2,"31,000",16,2007,다대낙조2길 100,,-,-
부산광역시 사하구 다대동,1624,1624,0,다대동롯데캐슬몰운대,84.9902,202110,6,"30,000",4,2007,다대낙조2길 100,,-,-
부산광역시 사하구 다대동,1624,1624,0,다대동롯데캐슬몰운대,117.59,202110,6,"48,500",13,2007,다대낙조2길 100,,-,-
부산광역시 사하구 다대동,1624,1624,0,다대동롯데캐슬몰운대,84.9902,202110,7,"29,000",6,2007,다대낙조2길 100,,-,-
부산광역시 사하구 다대동,1624,1624,0,다대동롯데캐슬몰운대,106.064,202110,8,"40,500",3,2007,다대낙조2길 100,,-,-
부산광역시 사하구 다대동,1624,1624,0,다대동롯데캐슬몰운대,106.064,202110,9,"46,500",19,2007,다대낙조2길 100,,-,-
부산광역시 사하구 다대동,1624,1624,0,다대동롯데캐슬몰운대,84.9902,202110,12,"29,500",17,2007,다대낙조2길 100,,-,-
부산광역시 사하구 다대동,1624,1624,0,다대동롯데캐슬몰운대,84.9902,202110,18,"28,000",13,2007,다대낙조2길 100,,-,-
부산광역시 사하구 다대동,1624,1624,0,다대동롯데캐슬몰운대,59.9115,202110,23,"23,400",6,2007,다대낙조2길 100,,-,-
부산광역시 사하구 다대동,1624,1624,0,다대동롯데캐슬몰운대,84.9902,202110,30,"29,000",2,2007,다대낙조2길 100,,-,-
부산광역시 사하구 다대동,1670,1670,0,다대롯데캐슬블루,84.96,202110,7,"44,700",12,2014,다송로 23,,-,-
부산광역시 사하구 다대동,1670,1670,0,다대롯데캐슬블루,84.9922,202110,25,"52,000",17,2014,다송로 23,,-,-
부산광역시 사하구 다대동,37,37,0,다대코오롱맨션,77,202110,2,"38,700",2,1988,다송로 36,,-,-
부산광역시 사하구 다대동,37,37,0,다대코오롱맨션,77,202110,28,"25,000",3,1988,다송로 36,,-,-
부산광역시 사하구 다대동,120-1,120,1,다대포현대,185.23,202110,6,"53,300",19,1993,다대로 473,,-,-
부산광역시 사하구 다대동,120-1,120,1,다대포현대,185.23,202110,15,"30,000",20,1993,다대로 473,20211101,-,-
부산광역시 사하구 다대동,120-1,120,1,다대포현대,78.11,202110,20,"29,000",12,1993,다대로 473,,-,-
부산광역시 사하구 다대동,1667,1667,0,다대푸르지오,104.6621,202110,8,"50,000",26,2012,윤공단로 123,,-,-
부산광역시 사하구 다대동,1548-13,1548,13,다대푸른,48.51,202110,1,"14,000",15,1996,다대낙조2길 11,,-,-
부산광역시 사하구 다대동,1548-13,1548,13,다대푸른,48.51,202110,5,"11,200",9,1996,다대낙조2길 11,,-,-
부산광역시 사하구 다대동,1548-13,1548,13,다대푸른,48.51,202110,9,"13,000",6,1996,다대낙조2길 11,,-,-
부산광역시 사하구 다대동,1548-13,1548,13,다대푸른,48.51,202110,11,"14,750",16,1996,다대낙조2길 11,,-,-
부산광역시 사하구 다대동,1548-13,1548,13,다대푸른,48.51,202110,16,"11,900",4,1996,다대낙조2길 11,,-,-
부산광역시 사하구 다대동,113-11,113,11,다대해송,52.11,202110,4,"20,500",9,1991,다대로 470,,-,-
부산광역시 사하구 다대동,May-94,94,5,다송,41.27,202110,1,"6,800",4,1995,다대로381번길 99,,-,-
부산광역시 사하구 다대동,May-94,94,5,다송,41.27,202110,7,"7,000",11,1995,다대로381번길 99,,-,-
부산광역시 사하구 다대동,May-94,94,5,다송,41.27,202110,9,"8,000",7,1995,다대로381번길 99,,-,-
부산광역시 사하구 다대동,1552,1552,0,대우,134.96,202110,5,"46,250",8,1998,다대낙조1길 12,,-,-
부산광역시 사하구 다대동,1550,1550,0,몰운대,49.08,202110,1,"12,200",11,1996,다대낙조2길 14,,-,-
부산광역시 사하구 다대동,1550,1550,0,몰운대,49.08,202110,2,"14,100",13,1996,다대낙조2길 216,,-,-
부산광역시 사하구 다대동,1550,1550,0,몰운대,49.08,202110,4,"12,900",14,1996,다대낙조2길 14,,-,-
부산광역시 사하구 다대동,1550,1550,0,몰운대,49.08,202110,4,"14,200",16,1996,다대낙조2길 12,,-,-
부산광역시 사하구 다대동,1550,1550,0,몰운대,49.08,202110,8,"11,800",3,1996,다대낙조2길 14,,-,-
부산광역시 사하구 다대동,1550,1550,0,몰운대,49.08,202110,9,"11,500",16,1996,다대낙조2길 14,,-,-
부산광역시 사하구 다대동,1550,1550,0,몰운대,49.08,202110,10,"9,400",21,1996,다대낙조2길 215,,-,-
부산광역시 사하구 다대동,1550,1550,0,몰운대,49.08,202110,11,"13,000",13,1996,다대낙조2길 14,,-,-
부산광역시 사하구 다대동,1550,1550,0,몰운대,49.08,202110,14,"13,900",17,1996,다대낙조2길 12,,-,-
부산광역시 사하구 다대동,1550,1550,0,몰운대,49.08,202110,15,"13,700",16,1996,다대낙조2길 215,,-,-
부산광역시 사하구 다대동,1550,1550,0,몰운대,49.08,202110,18,"13,300",7,1996,다대낙조2길 12,,-,-
부산광역시 사하구 다대동,1550,1550,0,몰운대,49.08,202110,20,"12,750",20,1996,다대낙조2길 14,,-,-
부산광역시 사하구 다대동,1550,1550,0,몰운대,49.08,202110,22,"14,100",7,1996,다대낙조2길 215,20211025,-,-
부산광역시 사하구 다대동,1550,1550,0,몰운대,49.08,202110,22,"14,100",7,1996,다대낙조2길 215,,-,-
부산광역시 사하구 다대동,1550,1550,0,몰운대,49.08,202110,22,"13,400",12,1996,다대낙조2길 12,,-,-
부산광역시 사하구 다대동,120-10,120,10,삼환,59.76,202110,2,"21,800",15,1996,다대로429번길 20,,-,-
부산광역시 사하구 다대동,120-10,120,10,삼환,59.76,202110,5,"20,200",16,1996,다대로429번길 20,,-,-
부산광역시 사하구 다대동,120-10,120,10,삼환,121.65,202110,6,"47,000",13,1996,다대로429번길 20,,-,-
부산광역시 사하구 다대동,120-10,120,10,삼환,84.87,202110,9,"32,000",5,1996,다대로429번길 20,,-,-
부산광역시 사하구 다대동,120-10,120,10,삼환,191.43,202110,11,"53,000",15,1996,다대로429번길 20,,-,-
부산광역시 사하구 다대동,120-10,120,10,삼환,84.87,202110,18,"35,500",14,1996,다대로429번길 20,,-,-
부산광역시 사하구 다대동,120-10,120,10,삼환,84.87,202110,18,"36,000",10,1996,다대로429번길 20,,-,-
부산광역시 사하구 다대동,120-10,120,10,삼환,121.65,202110,27,"41,000",21,1996,다대로429번길 20,,-,-
부산광역시 사하구 다대동,94,94,0,삼환2,84.99,202110,1,"21,000",12,1999,다대로381번길 41,,-,-
부산광역시 사하구 다대동,94,94,0,삼환2,84.99,202110,5,"18,700",1,1999,다대로381번길 41,,-,-
부산광역시 사하구 다대동,94,94,0,삼환2,84.99,202110,11,"23,000",15,1999,다대로381번길 41,,-,-
부산광역시 사하구 다대동,94,94,0,삼환2,84.99,202110,11,"22,000",11,1999,다대로381번길 41,,-,-
부산광역시 사하구 다대동,113,113,0,신다대,39.78,202110,1,"11,000",9,1991,다대로 400,,-,-
부산광역시 사하구 다대동,113,113,0,신다대,39.78,202110,7,"10,400",8,1991,다대로 400,,-,-
부산광역시 사하구 다대동,113,113,0,신다대,39.78,202110,14,"10,200",8,1991,다대로 400,,-,-
부산광역시 사하구 다대동,113,113,0,신다대,39.78,202110,16,"11,000",5,1991,다대로 400,,-,-
부산광역시 사하구 다대동,113,113,0,신다대,39.78,202110,25,"10,000",9,1991,다대로 400,,-,-
부산광역시 사하구 다대동,857-2,857,2,우성로얄캐슬,43.3607,202110,2,"15,000",5,2017,다대로543번길 17-1,,-,-
부산광역시 사하구 다대동,382-3,382,3,자유,84.97,202110,5,"27,700",20,1993,다대로 617,,-,-
부산광역시 사하구 다대동,948-1,948,1,조성,49.87,202110,4,"15,000",3,1990,윤공단로17번길 103,,-,-
부산광역시 사하구 다대동,948-1,948,1,조성,49.87,202110,7,"14,800",3,1990,윤공단로17번길 103,,-,-
부산광역시 사하구 다대동,948-1,948,1,조성,49.87,202110,14,"12,500",6,1990,윤공단로17번길 103,,-,-
부산광역시 사하구 다대동,1548-15,1548,15,조성하이츠,84.96,202110,4,"30,500",14,1995,다대낙조2길 7,,-,-
부산광역시 사하구 당리동,17,17,0,당리4차혜성,84.89,202110,12,"16,000",6,2000,제석로 126,,-,-
부산광역시 사하구 당리동,07월 16일,16,7,당리동1차동원베네스트,84.7606,202110,3,"22,500",13,2005,제석로 160,,-,-
부산광역시 사하구 당리동,07월 16일,16,7,당리동1차동원베네스트,84.7606,202110,18,"23,000",9,2005,제석로 160,,-,-
부산광역시 사하구 당리동,Apr-33,33,4,당리동신동아(33-4),84.62,202110,5,"12,300",11,1996,제석로95번길 22-3,,-,-
부산광역시 사하구 당리동,Apr-33,33,4,당리동신동아(33-4),84.62,202110,18,"13,700",11,1996,제석로95번길 22-3,,-,-
부산광역시 사하구 당리동,Apr-33,33,4,당리동신동아(33-4),59.81,202110,23,"9,800",7,1996,제석로95번길 22-3,,-,-
부산광역시 사하구 당리동,180,180,0,당리반도보라맨션,84.7,202110,20,"24,000",15,1992,제석로79번길 11,,-,-
부산광역시 사하구 당리동,572,572,0,당리푸르지오,84.9606,202110,9,"62,500",5,2013,승학로71번길 30,,-,-
부산광역시 사하구 당리동,572,572,0,당리푸르지오,84.9835,202110,18,"59,900",24,2013,승학로71번길 30,,-,-
부산광역시 사하구 당리동,12월 16일,16,12,동원베네스트2차,84.5059,202110,14,"23,500",7,2006,제석로 171,,-,-
부산광역시 사하구 당리동,66,66,0,부영벽산블루밍,84.9636,202110,2,"33,200",6,2011,승학로71번길 60,,-,-
부산광역시 사하구 당리동,66,66,0,부영벽산블루밍,84.9636,202110,6,"31,000",9,2011,승학로71번길 60,,-,-
부산광역시 사하구 당리동,66,66,0,부영벽산블루밍,84.9636,202110,11,"31,000",16,2011,승학로71번길 60,,-,-
부산광역시 사하구 당리동,317-7,317,7,에스제이파베르,84.68,202110,15,"28,500",7,2019,낙동대로410번길 18,,-,-
부산광역시 사하구 당리동,Mar-33,33,3,우림그린맨션,84.78,202110,8,"13,430",12,1991,제석로95번길 22-5,,-,-
부산광역시 사하구 당리동,Mar-33,33,3,우림그린맨션,84.78,202110,17,"14,250",11,1991,제석로95번길 22-5,,-,-
부산광역시 사하구 당리동,Mar-33,33,3,우림그린맨션,84.78,202110,23,"14,500",5,1991,제석로95번길 22-5,,-,-
부산광역시 사하구 당리동,02월 17일,17,2,혜성,59.91,202110,8,"12,300",7,1996,제석로 127,,-,-
부산광역시 사하구 당리동,02월 17일,17,2,혜성,59.91,202110,9,"13,500",24,1996,제석로 127,,-,-
부산광역시 사하구 당리동,02월 17일,17,2,혜성,84.36,202110,9,"16,500",1,1996,제석로 127,,-,-
부산광역시 사하구 당리동,02월 17일,17,2,혜성,59.91,202110,9,"13,000",15,1996,제석로 127,,-,-
부산광역시 사하구 당리동,02월 17일,17,2,혜성,84.36,202110,21,"17,000",5,1996,제석로 127,,-,-
부산광역시 사하구 당리동,02월 17일,17,2,혜성,59.91,202110,23,"13,150",9,1996,제석로 127,,-,-
부산광역시 사하구 당리동,237-33,237,33,호성빌라맨션,83.37,202110,6,"39,700",1,1989,승학로19번길 15,,-,-
부산광역시 사하구 신평동,669,669,0,사하뷰웰,84.74,202110,14,"28,700",11,2016,신산북로43번길 59,,-,-
부산광역시 사하구 신평동,669,669,0,사하뷰웰,84.9,202110,15,"30,600",20,2016,신산북로43번길 59,,-,-
부산광역시 사하구 신평동,669,669,0,사하뷰웰,84.9,202110,17,"27,800",3,2016,신산북로43번길 59,,-,-
부산광역시 사하구 신평동,206-1,206,1,신평럭키무지개타운,84.95,202110,5,"15,200",13,1990,신산북로43번길 43,,-,-
부산광역시 사하구 신평동,206-1,206,1,신평럭키무지개타운,84.95,202110,7,"14,600",1,1990,신산북로43번길 43,,-,-
부산광역시 사하구 신평동,206-1,206,1,신평럭키무지개타운,58.62,202110,16,"11,550",8,1990,신산북로43번길 43,,-,-
부산광역시 사하구 신평동,206-1,206,1,신평럭키무지개타운,55.65,202110,25,"11,450",10,1990,신산북로43번길 43,,-,-
부산광역시 사하구 신평동,7,7,0,신평삼익,62.28,202110,5,"15,900",2,1989,장평로 311,,-,-
부산광역시 사하구 신평동,7,7,0,신평삼익,84.9,202110,6,"13,000",5,1989,장평로 311,,-,-
부산광역시 사하구 신평동,668,668,0,신평삼한사랑채,84.9735,202110,16,"30,400",22,2016,신산북로 5,,-,-
부산광역시 사하구 신평동,668,668,0,신평삼한사랑채,84.9735,202110,20,"29,500",6,2016,신산북로 5,,-,-
부산광역시 사하구 신평동,100,100,0,신평한성임호,84.21,202110,9,"14,400",2,1993,다대로 109,,-,-
부산광역시 사하구 신평동,100,100,0,신평한성임호,82.44,202110,18,"13,000",4,1993,다대로 109,,-,-
부산광역시 사하구 신평동,100,100,0,신평한성임호,82.44,202110,23,"15,150",12,1993,다대로 109,,-,-
부산광역시 사하구 신평동,11월 06일,11,6,신평협성엠파이어,69.2108,202110,14,"22,200",15,2012,장평로 339,,-,-
부산광역시 사하구 신평동,414-10,414,10,원우,68.13,202110,14,"16,800",9,2001,비봉로 29,,-,-
부산광역시 사하구 신평동,01월 14일,14,1,청솔맨션,46.2,202110,30,"6,200",3,1984,장평로 336,,-,-
부산광역시 사하구 신평동,Sep-84,84,9,한솔베스파트,59.92,202110,3,"17,500",8,2001,신산로 187,,-,-
부산광역시 사하구 신평동,425,425,0,한신,84.96,202110,2,"14,000",2,1993,비봉로 42,,-,-
부산광역시 사하구 신평동,425,425,0,한신,84.96,202110,2,"11,500",1,1993,비봉로 42,,-,-
부산광역시 사하구 신평동,425,425,0,한신,84.96,202110,11,"15,900",9,1993,비봉로 42,,-,-
부산광역시 사하구 신평동,425,425,0,한신,84.96,202110,14,"15,350",11,1993,비봉로 42,,-,-
부산광역시 사하구 신평동,425,425,0,한신,84.96,202110,16,"15,750",13,1993,비봉로 42,,-,-
부산광역시 사하구 신평동,425,425,0,한신,84.96,202110,16,"15,000",3,1993,비봉로 42,,-,-
부산광역시 사하구 신평동,425,425,0,한신,84.96,202110,19,"16,750",11,1993,비봉로 42,,-,-
부산광역시 사하구 신평동,425,425,0,한신,84.96,202110,25,"15,000",14,1993,비봉로 42,,-,-
부산광역시 사하구 신평동,400,400,0,현대,59.16,202110,3,"19,100",6,1994,하신중앙로 170,,-,-
부산광역시 사하구 신평동,400,400,0,현대,59.97,202110,7,"18,000",22,1994,하신중앙로 170,,-,-
부산광역시 사하구 신평동,400,400,0,현대,59.97,202110,14,"18,400",17,1994,하신중앙로 170,,-,-
부산광역시 사하구 신평동,400,400,0,현대,84.96,202110,15,"24,900",21,1994,하신중앙로 170,,-,-
부산광역시 사하구 신평동,400,400,0,현대,84.96,202110,16,"26,000",2,1994,하신중앙로 170,,-,-
부산광역시 사하구 장림동,566-7,566,7,강남,84.945,202110,2,"13,000",11,1992,장평로41번길 61,,-,-
부산광역시 사하구 장림동,566-7,566,7,강남,84.945,202110,7,"13,300",9,1992,장평로41번길 61,,-,-
부산광역시 사하구 장림동,566-7,566,7,강남,84.945,202110,9,"13,800",2,1992,장평로41번길 61,,-,-
부산광역시 사하구 장림동,566-7,566,7,강남,84.945,202110,13,"12,000",10,1992,장평로41번길 61,,-,-
부산광역시 사하구 장림동,566-7,566,7,강남,77.425,202110,13,"11,000",4,1992,장평로41번길 61,,-,-
부산광역시 사하구 장림동,2,2,0,경동메르빌아파트,59.959,202110,23,"9,400",6,2002,다대로277번길 124,,-,-
부산광역시 사하구 장림동,328-1,328,1,국제그레이트,84.51,202110,30,"18,600",12,1998,장림로184번길 10,,-,-
부산광역시 사하구 장림동,566-12,566,12,국제마마,65.385,202110,2,"8,000",9,1993,장평로41번길 51,,-,-
부산광역시 사하구 장림동,566-12,566,12,국제마마,84.885,202110,9,"10,300",1,1993,장평로41번길 51,,-,-
부산광역시 사하구 장림동,566-12,566,12,국제마마,79.055,202110,14,"9,300",7,1993,장평로41번길 51,,-,-
부산광역시 사하구 장림동,566-12,566,12,국제마마,84.885,202110,20,"11,100",9,1993,장평로41번길 51,,-,-
부산광역시 사하구 장림동,426,426,0,극동정림,84.96,202110,1,"14,800",11,1995,다대로 339,,-,-
부산광역시 사하구 장림동,426,426,0,극동정림,59.91,202110,4,"11,200",20,1995,다대로 339,,-,-
부산광역시 사하구 장림동,426,426,0,극동정림,84.96,202110,7,"14,500",19,1995,다대로 339,,-,-
부산광역시 사하구 장림동,426,426,0,극동정림,118.65,202110,7,"18,200",23,1995,다대로 339,,-,-
부산광역시 사하구 장림동,426,426,0,극동정림,70.59,202110,9,"11,800",23,1995,다대로 339,,-,-
부산광역시 사하구 장림동,426,426,0,극동정림,84.96,202110,12,"15,800",17,1995,다대로 339,,-,-
부산광역시 사하구 장림동,426,426,0,극동정림,84.96,202110,19,"14,900",11,1995,다대로 339,,-,-
부산광역시 사하구 장림동,325-89,325,89,누리아띠,50,202110,1,"13,000",2,2013,장림로196번길 28,,-,-
부산광역시 사하구 장림동,325-89,325,89,누리아띠,50,202110,1,"13,450",4,2013,장림로196번길 28,,-,-
부산광역시 사하구 장림동,325-89,325,89,누리아띠,50,202110,16,"14,900",7,2013,장림로196번길 28,,-,-
부산광역시 사하구 장림동,875,875,0,동원로얄듀크,59.9942,202110,2,"14,500",16,2005,하신중앙로 2,,-,-
부산광역시 사하구 장림동,875,875,0,동원로얄듀크,59.9942,202110,7,"14,550",23,2005,하신중앙로 2,,-,-
부산광역시 사하구 장림동,875,875,0,동원로얄듀크,59.9942,202110,8,"14,000",4,2005,하신중앙로 2,,-,-
부산광역시 사하구 장림동,875,875,0,동원로얄듀크,59.9942,202110,8,"13,800",4,2005,하신중앙로 2,,-,-
부산광역시 사하구 장림동,875,875,0,동원로얄듀크,59.9942,202110,9,"15,200",12,2005,하신중앙로 2,,-,-
부산광역시 사하구 장림동,875,875,0,동원로얄듀크,84.9961,202110,9,"22,600",21,2005,하신중앙로 2,,-,-
부산광역시 사하구 장림동,875,875,0,동원로얄듀크,84.9961,202110,12,"21,400",18,2005,하신중앙로 2,,-,-
부산광역시 사하구 장림동,875,875,0,동원로얄듀크,59.9942,202110,13,"14,000",7,2005,하신중앙로 2,,-,-
부산광역시 사하구 장림동,875,875,0,동원로얄듀크,59.9942,202110,13,"13,000",10,2005,하신중앙로 2,,-,-
부산광역시 사하구 장림동,875,875,0,동원로얄듀크,59.9942,202110,14,"13,600",6,2005,하신중앙로 2,,-,-
부산광역시 사하구 장림동,875,875,0,동원로얄듀크,59.9942,202110,14,"13,000",3,2005,하신중앙로 2,,-,-
부산광역시 사하구 장림동,875,875,0,동원로얄듀크,84.9961,202110,21,"21,400",3,2005,하신중앙로 2,,-,-
부산광역시 사하구 장림동,875,875,0,동원로얄듀크,59.9942,202110,27,"15,500",22,2005,하신중앙로 2,,-,-
부산광역시 사하구 장림동,875,875,0,동원로얄듀크,59.9942,202110,30,"14,900",13,2005,하신중앙로 2,,-,-
부산광역시 사하구 장림동,875,875,0,동원로얄듀크,59.9942,202110,31,"16,300",15,2005,하신중앙로 2,,-,-
부산광역시 사하구 장림동,532,532,0,벽산아파트,122.64,202110,2,"13,200",14,1992,장평로41번길 19,,-,-
부산광역시 사하구 장림동,532,532,0,벽산아파트,84.73,202110,4,"10,800",5,1992,장평로41번길 19,,-,-
부산광역시 사하구 장림동,532,532,0,벽산아파트,62.46,202110,5,"9,000",15,1992,장평로41번길 19,,-,-
부산광역시 사하구 장림동,532,532,0,벽산아파트,78.88,202110,7,"11,000",12,1992,장평로41번길 19,,-,-
부산광역시 사하구 장림동,532,532,0,벽산아파트,78.88,202110,9,"12,700",9,1992,장평로41번길 19,,-,-
부산광역시 사하구 장림동,532,532,0,벽산아파트,84.73,202110,16,"12,900",5,1992,장평로41번길 19,,-,-
부산광역시 사하구 장림동,532,532,0,벽산아파트,84.73,202110,23,"14,300",7,1992,장평로41번길 19,,-,-
부산광역시 사하구 장림동,532,532,0,벽산아파트,84.73,202110,30,"11,600",1,1992,장평로41번길 19,,-,-
부산광역시 사하구 장림동,1151,1151,0,스마트더블유,49.746,202110,17,"19,400",13,2018,장림번영로104번길 10,,-,-
부산광역시 사하구 장림동,1151,1151,0,스마트더블유,15.9073,202110,20,"6,800",15,2018,장림번영로104번길 10,,-,-
부산광역시 사하구 장림동,16,16,0,신세대지큐빌,49.14,202110,1,"10,350",9,2003,다대로277번길 85,,-,-
부산광역시 사하구 장림동,16,16,0,신세대지큐빌,49.14,202110,5,"10,000",5,2003,다대로277번길 85,,-,-
부산광역시 사하구 장림동,16,16,0,신세대지큐빌,59.075,202110,7,"13,400",21,2003,다대로277번길 85,,-,-
부산광역시 사하구 장림동,16,16,0,신세대지큐빌,49.14,202110,13,"9,630",24,2003,다대로277번길 85,,-,-
부산광역시 사하구 장림동,16,16,0,신세대지큐빌,49.14,202110,19,"10,100",18,2003,다대로277번길 85,,-,-
부산광역시 사하구 장림동,16,16,0,신세대지큐빌,49.14,202110,20,"10,200",14,2003,다대로277번길 85,,-,-
부산광역시 사하구 장림동,16,16,0,신세대지큐빌,59.075,202110,23,"12,350",25,2003,다대로277번길 85,,-,-
부산광역시 사하구 장림동,16,16,0,신세대지큐빌,59.075,202110,23,"13,800",14,2003,다대로277번길 85,,-,-
부산광역시 사하구 장림동,16,16,0,신세대지큐빌,49.14,202110,26,"10,200",4,2003,다대로277번길 85,,-,-
부산광역시 사하구 장림동,185-1,185,1,장림3차동원,59.6,202110,2,"12,900",22,1999,다대로227번길 37,,-,-
부산광역시 사하구 장림동,185-1,185,1,장림3차동원,59.6,202110,28,"12,300",1,1999,다대로227번길 37,,-,-
부산광역시 사하구 장림동,185-29,185,29,장림로얄베스토피아,84.43,202110,17,"15,150",6,1993,다대로227번길 45,,-,-
부산광역시 사하구 장림동,599-27,599,27,장림윌더하임,59.9666,202110,2,"14,500",13,2005,장평로 119,,-,-
부산광역시 사하구 장림동,599-27,599,27,장림윌더하임,59.9666,202110,9,"14,300",7,2005,장평로 119,,-,-
부산광역시 사하구 장림동,599-27,599,27,장림윌더하임,59.9666,202110,23,"16,500",21,2005,장평로 119,,-,-
부산광역시 사하구 장림동,60-42,60,42,장림현대(60-42),112.72,202110,28,"17,200",8,1995,두송로 47,,-,-
부산광역시 사하구 장림동,585-1,585,1,협성르네상스,59.9971,202110,12,"20,700",8,2007,장평로 87,,-,-
부산광역시 사하구 장림동,585-1,585,1,협성르네상스,84.9985,202110,23,"25,600",4,2007,장평로 87,,-,-
부산광역시 사하구 장림동,328-3,328,3,화천,61.2,202110,22,"9,800",2,1984,장림번영로 15,,-,-
부산광역시 사하구 하단동,1161-2,1161,2,가락타운1,84.96,202110,12,"41,640",4,1992,하신번영로 365,,-,-
부산광역시 사하구 하단동,1161-2,1161,2,가락타운1,84.93,202110,15,"44,500",8,1992,하신번영로 365,,-,-
부산광역시 사하구 하단동,1161-2,1161,2,가락타운1,84.96,202110,19,"48,000",5,1992,하신번영로 365,,-,-
부산광역시 사하구 하단동,1175,1175,0,가락타운3,84.96,202110,1,"32,500",16,1992,하신중앙로 265,,-,-
부산광역시 사하구 하단동,1175,1175,0,가락타운3,84.96,202110,2,"34,500",11,1992,하신중앙로 265,,-,-
부산광역시 사하구 하단동,1175,1175,0,가락타운3,84.96,202110,7,"37,500",8,1992,하신중앙로 265,,-,-
부산광역시 사하구 하단동,1175,1175,0,가락타운3,84.93,202110,9,"34,000",8,1992,하신중앙로 265,,-,-
부산광역시 사하구 하단동,1175,1175,0,가락타운3,84.96,202110,12,"31,500",20,1992,하신중앙로 265,,-,-
부산광역시 사하구 하단동,1175,1175,0,가락타운3,84.96,202110,13,"35,700",3,1992,하신중앙로 265,,-,-
부산광역시 사하구 하단동,1175,1175,0,가락타운3,84.93,202110,18,"30,550",1,1992,하신중앙로 265,,-,-
부산광역시 사하구 하단동,1175,1175,0,가락타운3,84.93,202110,25,"35,000",7,1992,하신중앙로 233,,-,-
부산광역시 사하구 하단동,492-2,492,2,대우에덴프라자,59.4,202110,7,"15,800",5,1997,낙동대로 542,,-,-
부산광역시 사하구 하단동,511-4,511,4,보해이브빌,115.46,202110,16,"27,000",7,2002,낙동대로 493,,-,-
부산광역시 사하구 하단동,616-8,616,8,보해이브빌2차,84.87,202110,13,"22,700",14,2003,하신중앙로 324,20211013,-,-
부산광역시 사하구 하단동,616-8,616,8,보해이브빌2차,84.87,202110,13,"22,700",14,2003,하신중앙로 324,,-,-
부산광역시 사하구 하단동,870-98,870,98,지오빌1(A동),80.49,202110,15,"25,100",14,2003,하신중앙로313번길 84,,-,-
부산광역시 사하구 하단동,487-1,487,1,청목미르피아,84.044,202110,13,"33,200",10,2004,낙동대로549번길 29,,-,-
부산광역시 사하구 하단동,589-34,589,34,충우드림라이프,84.98,202110,8,"28,500",13,2004,하신중앙로 337,,-,-
부산광역시 사하구 하단동,1217-1,1217,1,하단동에스케이뷰,84.7737,202110,12,"38,800",5,2004,하신번영로 400,,-,-
부산광역시 사하구 하단동,1217-1,1217,1,하단동에스케이뷰,84.7737,202110,16,"42,500",18,2004,하신번영로 400,,-,-
부산광역시 사하구 하단동,1217-1,1217,1,하단동에스케이뷰,84.9814,202110,23,"44,500",18,2004,하신번영로 400,,-,-
부산광역시 사하구 하단동,277-2,277,2,한신혜성,59.91,202110,4,"13,900",3,1996,동매로 120,,-,-
부산광역시 사하구 하단동,277-2,277,2,한신혜성,59.91,202110,9,"13,500",5,1996,동매로 120,,-,-
부산광역시 사하구 하단동,277-2,277,2,한신혜성,59.91,202110,11,"14,000",6,1996,동매로 120,,-,-
부산광역시 사하구 하단동,887-7,887,7,헤를리치,54.27,202110,15,"23,000",13,2017,하신번영로 302,,-,-
부산광역시 서구 남부민동,523-1,523,1,대림비치,84.77,202110,19,"35,000",9,2003,충무대로 133,,-,-
부산광역시 서구 남부민동,647-14,647,14,마린포시즌2차,53.46,202110,11,"27,000",3,2018,충무대로241번길 5-28,,-,-
부산광역시 서구 남부민동,647-17,647,17,충무대로봄여름가을겨울,79.4795,202110,22,"37,500",13,2020,충무대로 229,,-,-
부산광역시 서구 남부민동,647-17,647,17,충무대로봄여름가을겨울,79.4795,202110,30,"35,000",12,2020,충무대로 229,,-,-
부산광역시 서구 남부민동,685,685,0,현대타운,84.45,202110,3,"29,000",7,1999,충무대로 246,,-,-
부산광역시 서구 동대신동1가,113-1,113,1,동대맨션,82.94,202110,20,"24,000",4,1979,대영로 78,,-,-
부산광역시 서구 동대신동2가,139,139,0,신익빌라,158.41,202110,21,"26,600",4,1993,대영로112번길 40,,-,-
부산광역시 서구 동대신동2가,07월 01일,7,1,전원빌라,75,202110,8,"12,000",2,1989,중앙공원로 24,,-,-
부산광역시 서구 동대신동3가,63-183,63,183,덕산,105.16,202110,13,"16,400",1,1981,망양로111번길 12,,-,-
부산광역시 서구 동대신동3가,173,173,0,문화,56.2,202110,14,"20,000",10,1971,구덕로 350,,-,-
부산광역시 서구 부민동1가,Jun-32,32,6,허브센티움,84.91,202110,6,"27,500",9,2008,구덕로 196,,-,-
부산광역시 서구 부민동3가,76,76,0,부민e편한세상,85,202110,1,"29,000",19,2004,해돋이로 313,,-,-
부산광역시 서구 부민동3가,76,76,0,부민e편한세상,60,202110,16,"22,500",18,2004,해돋이로 313,,-,-
부산광역시 서구 부민동3가,76,76,0,부민e편한세상,85,202110,20,"28,000",2,2004,해돋이로 313,,-,-
부산광역시 서구 부용동1가,Aug-46,46,8,부용동한웅드리머스,84.705,202110,8,"35,500",4,2015,구덕로238번길 13,,-,-
부산광역시 서구 서대신동1가,Feb-34,34,2,대신에코팰리스,49.06,202110,23,"22,000",10,2018,부용로 33,,-,-
부산광역시 서구 서대신동1가,283,283,0,대신푸르지오1차,59.879,202110,20,"55,000",7,2018,대영로38번길 11,,-,-
부산광역시 서구 서대신동1가,54-14,54,14,대우빌라,84.98,202110,1,"22,400",4,2000,구덕로285번길 15,,-,-
부산광역시 서구 서대신동1가,52-17,52,17,대호그린빌라,35.91,202110,3,"9,650",10,2003,구덕로279번길 10,,-,-
부산광역시 서구 서대신동1가,34-15,34,15,영촌아트빌,22.05,202110,19,"5,700",3,2003,부용로 35,,-,-
부산광역시 서구 서대신동1가,122-6,122,6,오션스카이,48.44,202110,13,"17,000",10,2013,부용로 4,,-,-
부산광역시 서구 서대신동2가,52,52,0,경남비,84.84,202110,8,"20,100",6,2004,구덕로305번길 13,,-,-
부산광역시 서구 서대신동2가,270,270,0,보람,84.945,202110,13,"30,500",3,2005,대영로 24,,-,-
부산광역시 서구 서대신동2가,Jun-36,36,6,한우리빌리지2차,82.98,202110,7,"25,000",7,2014,구덕로305번길 4-10,,-,-
부산광역시 서구 서대신동2가,Jun-36,36,6,한우리빌리지2차,80.82,202110,23,"28,000",10,2014,구덕로305번길 4-10,,-,-
부산광역시 서구 서대신동2가,77,77,0,향원에이스타운(77),84.98,202110,12,"26,300",7,2001,구덕로301번길 22,,-,-
부산광역시 서구 서대신동2가,120,120,0,희망센츄럴타운,121.96,202110,16,"40,000",9,2002,구덕로 293,,-,-
부산광역시 서구 서대신동2가,120,120,0,희망센츄럴타운,84.9,202110,27,"27,900",4,2002,구덕로 293,,-,-
부산광역시 서구 서대신동3가,31-57,31,57,금호어울림,138.63,202110,13,"46,000",20,2004,꽃마을로 57,,-,-
부산광역시 서구 서대신동3가,161-13,161,13,남성한빛가든,59.34,202110,2,"18,400",18,1996,꽃마을로 43,,-,-
부산광역시 서구 서대신동3가,161-13,161,13,남성한빛가든,59.34,202110,9,"17,600",5,1996,꽃마을로 43,,-,-
부산광역시 서구 서대신동3가,09월 19일,19,9,대림e편한세상,84.84,202110,6,"26,100",15,1998,보수대로320번길 11,,-,-
부산광역시 서구 서대신동3가,09월 19일,19,9,대림e편한세상,84.87,202110,8,"22,600",23,1998,보수대로320번길 11,,-,-
부산광역시 서구 서대신동3가,09월 19일,19,9,대림e편한세상,84.87,202110,9,"25,500",10,1998,보수대로320번길 11,,-,-
부산광역시 서구 서대신동3가,762,762,0,대신롯데캐슬,102.7835,202110,5,"69,000",13,2014,대티로 161,,-,-
부산광역시 서구 서대신동3가,762,762,0,대신롯데캐슬,84.995,202110,9,"61,000",12,2014,대티로 161,,-,-
부산광역시 서구 서대신동3가,762,762,0,대신롯데캐슬,84.995,202110,19,"61,000",6,2014,대티로 161,,-,-
부산광역시 서구 서대신동3가,293-10,293,10,서대센츄럴타운,84.78,202110,2,"22,300",8,2003,구덕로 335-1,,-,-
부산광역시 서구 서대신동3가,293-10,293,10,서대센츄럴타운,82.59,202110,18,"23,000",3,2003,구덕로 335-1,,-,-
부산광역시 서구 서대신동3가,285,285,0,서대신부백자연애,67.0139,202110,8,"30,000",13,2017,구덕로345번길 7,,-,-
부산광역시 서구 서대신동3가,360-4,360,4,세영엘도라도A동,49.87,202110,11,"22,900",5,2018,구덕로333번길 15,,-,-
부산광역시 서구 서대신동3가,360-3,360,3,크로바A동,84.73,202110,25,"20,000",6,1999,구덕로333번길 19,,-,-
부산광역시 서구 서대신동3가,694-1,694,1,협성르네상스,126.58,202110,22,"44,700",4,2001,대티로 159,,-,-
부산광역시 서구 암남동,354-1,354,1,기산비치타운,99.82,202110,1,"36,000",13,1996,충무대로 8,,-,-
부산광역시 서구 암남동,354-1,354,1,기산비치타운,99.82,202110,7,"31,000",11,1996,충무대로 8,,-,-
부산광역시 서구 암남동,06월 16일,16,6,송도동일스위트,84.9698,202110,29,"25,600",5,2006,성산길 47-17,,-,-
부산광역시 서구 암남동,201-1,201,1,송도봄여름가을겨울,84.87,202110,18,"30,000",5,2006,충무대로 72,,-,-
부산광역시 서구 암남동,201-1,201,1,송도봄여름가을겨울,84.94,202110,23,"31,700",20,2006,충무대로 72,,-,-
부산광역시 서구 암남동,206-1,206,1,송도삼정비치맨션,50.49,202110,8,"20,500",8,1988,충무대로 64,,-,-
부산광역시 서구 암남동,Dec-81,81,12,송도자유비치,79.02,202110,9,"17,000",20,1997,천해로7번길 33,,-,-
부산광역시 서구 암남동,Dec-81,81,12,송도자유비치,48.63,202110,17,"8,500",20,1997,천해로7번길 33,,-,-
부산광역시 서구 암남동,Dec-81,81,12,송도자유비치,59.79,202110,24,"12,800",18,1997,천해로7번길 33,,-,-
부산광역시 서구 암남동,Feb-64,64,2,송도정림비치타운,84.91,202110,5,"18,800",13,1993,감천로 271,,-,-
부산광역시 서구 암남동,595,595,0,송도풍림아이원,117.0651,202110,22,"60,000",14,2010,암남공원로 39,,-,-
부산광역시 서구 암남동,611-5,611,5,송도현대,84.865,202110,27,"18,000",6,1992,암남공원로 72,,-,-
부산광역시 서구 암남동,81-19,81,19,신익별장,45.84,202110,11,"9,500",4,1989,천마로 17,,-,-
부산광역시 서구 암남동,81-19,81,19,신익별장,45.84,202110,19,"8,250",3,1989,천마로 17,,-,-
부산광역시 서구 충무동1가,05월 17일,17,5,헤리츠아파트3차,67.6,202110,21,"32,500",14,2018,충무시장길 6,,-,-
부산광역시 서구 충무동2가,Mar-36,36,3,대륙타워A,59.94,202110,12,"18,000",8,1995,천마로205번길 37-5,,-,-
부산광역시 서구 충무동2가,01월 05일,1,5,에코펠리스,47.29,202110,16,"19,000",2,2016,충무대로275번길 20,,-,-
부산광역시 서구 토성동1가,05월 01일,5,1,수근에이스타운,69.65,202110,25,"22,000",12,2002,보수대로 41-12,,-,-
부산광역시 서구 토성동1가,01월 25일,25,1,토성동경동리인타워,63.7565,202110,7,"49,450",6,2018,보수대로 27,,-,-
부산광역시 서구 토성동1가,03월 02일,3,2,토성동봄여름가을겨울,60.45,202110,5,"25,300",15,2015,까치고개로245번길 17-20,,-,-
부산광역시 서구 토성동5가,Jun-45,45,6,서원블루오션B동,81.83,202110,6,"30,800",10,2014,초장로 53,,-,-
부산광역시 서구 토성동5가,Mar-34,34,3,해오름,84.8,202110,21,"27,900",13,2006,구덕로 130,,-,-
부산광역시 수영구 광안동,1069-3,1069,3,광안동일스위트,64.6681,202110,7,"42,500",7,2005,망미번영로38번길 104,,-,-
부산광역시 수영구 광안동,191-1,191,1,광안비치올리브씨,45.814,202110,8,"41,000",20,2021,광안로62번길 10,,-,-
부산광역시 수영구 광안동,191-1,191,1,광안비치올리브씨,45.814,202110,8,"36,340",9,2021,광안로62번길 10,,-,-
부산광역시 수영구 광안동,774-8,774,8,광안예서더불어,55.92,202110,4,"25,500",3,2015,호암로9번길 7,,-,-
부산광역시 수영구 광안동,774-8,774,8,광안예서더불어,55.92,202110,8,"26,000",13,2015,호암로9번길 7,,-,-
부산광역시 수영구 광안동,774-8,774,8,광안예서더불어,66.1775,202110,11,"31,100",9,2015,호암로9번길 7,,-,-
부산광역시 수영구 광안동,Mar-93,93,3,광안화목,49.26,202110,10,"40,000",4,1982,무학로49번길 64,,-,-
부산광역시 수영구 광안동,526-1,526,1,광원,59.94,202110,14,"31,700",5,1995,광일로 63,,-,-
부산광역시 수영구 광안동,688-23,688,23,광일센텀스카이뷰,28.95,202110,9,"14,700",9,2016,광서로10번길 10,,-,-
부산광역시 수영구 광안동,688-23,688,23,광일센텀스카이뷰,61.61,202110,12,"30,500",13,2016,광서로10번길 10,,-,-
부산광역시 수영구 광안동,184-8,184,8,글로벌하일타운,29.93,202110,21,"11,000",8,2002,광남로 89,,-,-
부산광역시 수영구 광안동,1027-8,1027,8,더클래스동진,75.91,202110,14,"34,500",12,2017,연수로 340,,-,-
부산광역시 수영구 광안동,1027-8,1027,8,더클래스동진,76.05,202110,15,"33,900",5,2017,연수로 340,,-,-
부산광역시 수영구 광안동,691-10,691,10,동진프라임빌,44.75,202110,7,"17,600",8,2013,광서로 5-6,,-,-
부산광역시 수영구 광안동,691-10,691,10,동진프라임빌,44.75,202110,16,"17,000",4,2013,광서로 5-6,,-,-
부산광역시 수영구 광안동,May-99,99,5,롯데골드로즈,41.61,202110,10,"15,400",12,2006,수영로 648,,-,-
부산광역시 수영구 광안동,May-99,99,5,롯데골드로즈,41.61,202110,23,"14,700",12,2006,수영로 648,,-,-
부산광역시 수영구 광안동,May-99,99,5,롯데골드로즈,33.06,202110,23,"11,500",14,2006,수영로 648,,-,-
부산광역시 수영구 광안동,951-4,951,4,봉황맨션,64.71,202110,6,"24,800",1,1984,연수로392번길 72,,-,-
부산광역시 수영구 광안동,567-12,567,12,부일에코캐슬,42.66,202110,9,"22,200",3,2015,수영로595번길 12,,-,-
부산광역시 수영구 광안동,135-4,135,4,부흥맨션,50.4,202110,20,"44,000",5,1983,수영로594번길 85,,-,-
부산광역시 수영구 광안동,529,529,0,비치-그린아파트,84.9,202110,11,"52,000",3,1996,광일로 49,,-,-
부산광역시 수영구 광안동,1078-2,1078,2,삼흥토인월드,63.31,202110,6,"13,500",1,2001,수영로665번길 11,,-,-
부산광역시 수영구 광안동,116-26,116,26,솔내음파비르,83.5,202110,8,"29,500",10,2003,수영로 632-1,,-,-
부산광역시 수영구 광안동,1078-1,1078,1,송파지오스V,84.52,202110,8,"30,500",4,2004,수영로 665,,-,-
부산광역시 수영구 광안동,1330,1330,0,쌍용예가디오션,84.9616,202110,2,"116,000",6,2014,광안로 20,,-,-
부산광역시 수영구 광안동,165-5,165,5,태경더클래스센텀,41.45,202110,23,"20,900",6,2018,광안로16번길 52,,-,-
부산광역시 수영구 광안동,567-31,567,31,파크블루V,42.51,202110,16,"19,000",3,2014,장대골로 8-6,,-,-
부산광역시 수영구 남천동,36-13,36,13,궁전아이브,43.54,202110,13,"18,000",9,2011,남천바다로10번길 22,20211025,-,-
부산광역시 수영구 남천동,36-13,36,13,궁전아이브,32.04,202110,13,"12,000",10,2011,남천바다로10번길 22,,-,-
부산광역시 수영구 남천동,36-13,36,13,궁전아이브,43.54,202110,29,"17,000",9,2011,남천바다로10번길 22,,-,-
부산광역시 수영구 남천동,490,490,0,동원보라,84.92,202110,12,"65,000",19,2000,황령대로 431,,-,-
부산광역시 수영구 남천동,05월 18일,18,5,라움팰리스,48.7949,202110,20,"26,500",13,2018,남천동로10번길 10,,-,-
부산광역시 수영구 남천동,Jun-74,74,6,리부스남천,75.49,202110,15,"47,600",18,2021,남천서로 5-6,,-,-
부산광역시 수영구 남천동,Jun-74,74,6,리부스남천,75.49,202110,15,"47,600",17,2021,남천서로 5-6,,-,-
부산광역시 수영구 남천동,27-16,27,16,마르빌주상복합,84.62,202110,1,"35,000",9,2020,수영로 452-14,,-,-
부산광역시 수영구 남천동,Feb-31,31,2,백산,65.88,202110,1,"63,500",1,1984,광남로 55,,-,-
부산광역시 수영구 남천동,148-4,148,4,삼익비치,60.83,202110,1,"127,800",1,1979,광안해변로 100,,-,-
부산광역시 수영구 남천동,148-4,148,4,삼익비치,131.27,202110,6,"210,000",4,1979,광안해변로 100,,-,-
부산광역시 수영구 남천동,148-4,148,4,삼익비치,61.09,202110,20,"128,000",5,1979,광안해변로 100,,-,-
부산광역시 수영구 남천동,08월 30일,30,8,삼인스카이뷰,49.92,202110,5,"26,600",5,2016,남천바다로10번길 56,,-,-
부산광역시 수영구 남천동,Feb-41,41,2,소라맨션,56.53,202110,1,"30,000",4,1979,황령산로8번길 63,,-,-
부산광역시 수영구 남천동,171,171,0,우성보라,84.95,202110,12,"62,000",3,1989,수영로408번길 55,,-,-
부산광역시 수영구 남천동,171,171,0,우성보라,136.18,202110,13,"92,000",9,1989,수영로408번길 55,,-,-
부산광역시 수영구 남천동,171,171,0,우성보라,136.18,202110,18,"65,000",2,1989,수영로408번길 55,,-,-
부산광역시 수영구 망미동,1159,1159,0,망미이진캐스빌,65.6123,202110,7,"46,200",16,2017,망미로30번길 51,,-,-
부산광역시 수영구 망미동,1159,1159,0,망미이진캐스빌,62.6471,202110,8,"45,000",8,2017,망미로30번길 51,,-,-
부산광역시 수영구 망미동,1176,1176,0,수영SKVIEW1단지,59.9164,202110,2,"63,000",9,2019,망미배산로 56,,-,-
부산광역시 수영구 망미동,1168,1168,0,수영SKVIEW2단지,59.4436,202110,8,"47,000",4,2019,망미배산로70번라길 8,,-,-
부산광역시 수영구 망미동,1128,1128,0,이편한세상2차,84.939,202110,5,"54,000",13,2004,좌수영로 204,20211022,-,-
부산광역시 수영구 망미동,1128,1128,0,이편한세상2차,84.939,202110,5,"54,000",13,2004,좌수영로 204,,-,-
부산광역시 수영구 망미동,1128,1128,0,이편한세상2차,59.901,202110,13,"44,000",11,2004,좌수영로 204,,-,-
부산광역시 수영구 민락동,14-22,14,22,대유빌아트,84.9,202110,17,"29,500",6,2002,광남로 262,,-,-
부산광역시 수영구 민락동,336-48,336,48,민락동센텀메르빌,68.2215,202110,17,"60,000",10,2014,광안해변로 446,,-,-
부산광역시 수영구 민락동,778,778,0,센텀비스타동원,84.8264,202110,13,"99,500",2,2017,수영로 754,,-,-
부산광역시 수영구 민락동,108-1,108,1,센텀비치푸르지오,84.97,202110,3,"80,000",26,2003,광안해변로 418,,-,-
부산광역시 수영구 민락동,108-1,108,1,센텀비치푸르지오,84.97,202110,16,"68,000",1,2003,광안해변로 418,,-,-
부산광역시 수영구 민락동,159-2,159,2,진흥목화,70.47,202110,27,"30,000",3,1985,감포로8번길 39,,-,-
부산광역시 수영구 수영동,457-2,457,2,동양맨션,84.03,202110,12,"30,300",2,1978,연수로379번길 5,,-,-
부산광역시 수영구 수영동,432-1,432,1,수영협성르네상스타운,154.5655,202110,1,"112,000",16,2004,수영로741번길 46,,-,-
부산광역시 수영구 수영동,432-1,432,1,수영협성르네상스타운,84.9468,202110,20,"78,000",2,2004,수영로741번길 46,,-,-
부산광역시 수영구 수영동,541,541,0,현대,84.21,202110,11,"131,500",12,1988,수영로741번길 20,,-,-
부산광역시 연제구 거제동,1481,1481,0,거제1차현대홈타운,59.93,202110,8,"56,500",16,2001,법원북로 34,,-,-
부산광역시 연제구 거제동,1479,1479,0,거제2차현대홈타운,84.717,202110,9,"86,900",7,2002,법원북로 16,,-,-
부산광역시 연제구 거제동,1479,1479,0,거제2차현대홈타운,59.676,202110,19,"61,500",3,2002,법원북로 16,,-,-
부산광역시 연제구 거제동,1472,1472,0,거제동3차동원로얄듀크,59.8995,202110,9,"37,000",10,2004,법원북로41번길 5,,-,-
부산광역시 연제구 거제동,1472,1472,0,거제동3차동원로얄듀크,59.8995,202110,9,"37,000",12,2004,법원북로41번길 5,,-,-
부산광역시 연제구 거제동,1468-1,1468,1,거제동월드메르디앙,84.9171,202110,7,"72,800",4,2005,거제천로 233,,-,-
부산광역시 연제구 거제동,1468-1,1468,1,거제동월드메르디앙,101.9945,202110,21,"87,000",12,2005,거제천로 233,,-,-
부산광역시 연제구 거제동,1468-1,1468,1,거제동월드메르디앙,141.2661,202110,23,"97,000",18,2005,거제천로 233,,-,-
부산광역시 연제구 거제동,1519,1519,0,거제센트럴자이,59.9635,202110,23,"68,000",5,2018,법원북로 93,,-,-
부산광역시 연제구 거제동,769-78,769,78,거제청구하이츠,121.47,202110,14,"34,000",15,2003,화지로 95,,-,-
부산광역시 연제구 거제동,566-6,566,6,금화베르빌,80.205,202110,5,"27,000",5,2003,거제대로114번길 31,,-,-
부산광역시 연제구 거제동,566-6,566,6,금화베르빌,86.935,202110,8,"28,500",4,2003,거제대로114번길 31,,-,-
부산광역시 연제구 거제동,1088-5,1088,5,다뉴브,84.9,202110,16,"33,000",4,1993,월드컵대로252번길 5,,-,-
부산광역시 연제구 거제동,1088-5,1088,5,다뉴브,83.16,202110,29,"39,000",24,1993,월드컵대로252번길 5,,-,-
부산광역시 연제구 거제동,1029-2,1029,2,동원타워,59.93,202110,15,"33,500",16,1996,월드컵대로243번길 19,,-,-
부산광역시 연제구 거제동,739-1,739,1,성원맨투로빌,84.604,202110,2,"30,700",18,2003,128,,-,-
부산광역시 연제구 거제동,739-1,739,1,성원맨투로빌,75.86,202110,15,"25,000",13,2003,128,,-,-
부산광역시 연제구 거제동,577-1,577,1,연제그린타워,84.19,202110,9,"35,900",10,1999,거제천로87번길 30,,-,-
부산광역시 연제구 거제동,1513,1513,0,온천천2차동원로얄듀크,78.2467,202110,21,"54,400",13,2013,거제천로269번길 41,,-,-
부산광역시 연제구 거제동,1464-3,1464,3,우성,84.92,202110,10,"39,800",22,1997,거제천로 255,,-,-
부산광역시 연제구 거제동,714-144,714,144,유림아시아드,84.9706,202110,2,"50,000",19,2001,해맞이로 23,,-,-
부산광역시 연제구 거제동,714-144,714,144,유림아시아드,59.9326,202110,6,"30,000",2,2001,해맞이로 23,,-,-
부산광역시 연제구 거제동,768-1,768,1,유림아시아드타워,59.983,202110,20,"27,800",19,2004,화지로 84,,-,-
부산광역시 연제구 거제동,1515,1515,0,일동미라주리버,84.9629,202110,1,"59,700",11,2014,세병로 74,,-,-
부산광역시 연제구 거제동,150-8,150,8,청마마이우스,35.0625,202110,7,"7,000",8,2003,명륜로 14,,-,-
부산광역시 연제구 거제동,163-1,163,1,태경썬싸인,113.29,202110,8,"58,000",18,1995,중앙대로1226번길 30,,-,-
부산광역시 연제구 거제동,1025,1025,0,현대타운,84.99,202110,12,"40,000",13,1995,아시아드대로46번길 15,20211105,-,-
부산광역시 연제구 연산동,399-9,399,9,강일프라임빌,64.3902,202110,15,"23,800",10,2017,안연로8번길 22,,-,-
부산광역시 연제구 연산동,137,137,0,경남,83.08,202110,11,"27,000",3,1994,고분로 260,,-,-
부산광역시 연제구 연산동,137,137,0,경남,83.08,202110,13,"30,300",4,1994,고분로 260,,-,-
부산광역시 연제구 연산동,304-1,304,1,경동,84.87,202110,9,"31,900",13,1994,과정로344번길 50,,-,-
부산광역시 연제구 연산동,304-1,304,1,경동,59.82,202110,30,"21,500",20,1994,과정로344번길 50,,-,-
부산광역시 연제구 연산동,412-1,412,1,남산,56.52,202110,16,"19,000",2,1980,과정로225번길 15,,-,-
부산광역시 연제구 연산동,01월 30일,30,1,대우,69.779,202110,6,"30,000",3,2000,토곡남로 15,,-,-
부산광역시 연제구 연산동,01월 30일,30,1,대우,53.676,202110,24,"22,500",14,2000,토곡남로 15,,-,-
부산광역시 연제구 연산동,704-9,704,9,더라임시티뷰,22.64,202110,9,"14,000",12,2019,중앙대로1066번길 10,,-,-
부산광역시 연제구 연산동,2311,2311,0,더샵파크시티,84.96,202110,5,"77,900",14,2015,안연로 33,,-,-
부산광역시 연제구 연산동,2311,2311,0,더샵파크시티,69.93,202110,16,"66,500",33,2015,안연로 33,,-,-
부산광역시 연제구 연산동,603-6,603,6,동서상가,70.41,202110,1,"28,000",2,1978,반송로 22,,-,-
부산광역시 연제구 연산동,603-6,603,6,동서상가,71.4,202110,1,"29,500",4,1978,반송로 22,,-,-
부산광역시 연제구 연산동,346-11,346,11,동원베네스트,84.4977,202110,16,"37,000",1,2006,과정로294번길 10,,-,-
부산광역시 연제구 연산동,1936-21,1936,21,루미랑스,69.7075,202110,2,"30,300",4,2017,연수로 157,,-,-
부산광역시 연제구 연산동,469-7,469,7,마이네하임,75.17,202110,26,"25,000",14,2016,과정로 174,,-,-
부산광역시 연제구 연산동,300-58,300,58,미림맨션,41.64,202110,9,"14,800",4,1981,과정로348번길 45,,-,-
부산광역시 연제구 연산동,1646-33,1646,33,삼일아파트,54,202110,15,"12,000",3,1978,중앙천로73번길 13-20,,-,-
부산광역시 연제구 연산동,1135-48,1135,48,서전기아타운,51.12,202110,16,"12,200",14,1994,쌍미천로84번길 2,,-,-
부산광역시 연제구 연산동,867-2,867,2,성일이안시티,47.8889,202110,21,"22,500",14,2016,연제로 31,,-,-
부산광역시 연제구 연산동,2317,2317,0,센텀리버SKVIEW,64.0118,202110,3,"54,400",3,2017,좌수영로 225,,-,-
부산광역시 연제구 연산동,2317,2317,0,센텀리버SKVIEW,64.0118,202110,14,"60,000",19,2017,좌수영로 225,,-,-
부산광역시 연제구 연산동,1361-9,1361,9,시청역SKVIEW,84.2077,202110,1,"62,250",19,2018,중앙대로1043번길 34,,-,-
부산광역시 연제구 연산동,1355-6,1355,6,시청역이즈팰리스1차,49.6812,202110,25,"23,000",6,2016,신촌로 11,,-,-
부산광역시 연제구 연산동,859-2,859,2,시청역퀸즈W,49.9004,202110,10,"21,600",20,2016,연제로 7,,-,-
부산광역시 연제구 연산동,859-2,859,2,시청역퀸즈W,47.2498,202110,13,"18,900",16,2016,연제로 7,,-,-
부산광역시 연제구 연산동,859-2,859,2,시청역퀸즈W,48.7781,202110,25,"22,470",12,2016,연제로 7,,-,-
부산광역시 연제구 연산동,1837-5,1837,5,신일아트빌,83.08,202110,9,"20,700",3,2004,연수로 191,,-,-
부산광역시 연제구 연산동,587-4,587,4,에스케이뷰,84.5855,202110,4,"45,000",25,2006,중앙대로1124번길 15,,-,-
부산광역시 연제구 연산동,382-26,382,26,에이스리버팰리스,45.23,202110,2,"16,700",8,2016,과정로 262,,-,-
부산광역시 연제구 연산동,675-3,675,3,엘리시움,47.9304,202110,15,"20,000",4,2017,중앙대로1124번길 14,,-,-
부산광역시 연제구 연산동,2352,2352,0,연산더샵,84.9819,202110,9,"83,000",5,2019,연수로 130,,-,-
부산광역시 연제구 연산동,2352,2352,0,연산더샵,84.9819,202110,30,"85,000",21,2019,연수로 130,,-,-
부산광역시 연제구 연산동,2335,2335,0,연산동일동미라주더스타,39.2018,202110,2,"25,500",14,2017,반송로 80,,-,-
부산광역시 연제구 연산동,325-7,325,7,연산맨션(325-7),50.91,202110,8,"14,400",5,1980,쌍미천로162번길 20,,-,-
부산광역시 연제구 연산동,585-6,585,6,연산센터빌,84.87,202110,5,"33,300",17,1995,거제천로230번길 53,,-,-
부산광역시 연제구 연산동,585-6,585,6,연산센터빌,84.87,202110,14,"34,000",7,1995,거제천로230번길 53,,-,-
부산광역시 연제구 연산동,585-6,585,6,연산센터빌,59.86,202110,29,"25,500",4,1995,거제천로230번길 53,,-,-
부산광역시 연제구 연산동,1230-22,1230,22,연산스카이힐,43.9699,202110,16,"19,600",13,2019,대리로5번길 41,,-,-
부산광역시 연제구 연산동,243-18,243,18,연산엘지,59.997,202110,16,"33,000",6,1999,고분로 200,,-,-
부산광역시 연제구 연산동,2262,2262,0,연산자이,131.9004,202110,12,"91,000",4,2010,과정로343번길 43,,-,-
부산광역시 연제구 연산동,469-5,469,5,연산헤즈,41.03,202110,15,"19,400",13,2018,고분로235번길 57,,-,-
부산광역시 연제구 연산동,2341,2341,0,연제롯데캐슬데시앙,84.83,202110,2,"86,500",10,2018,월드컵대로 55,,-,-
부산광역시 연제구 연산동,309-5,309,5,월드파크4,49.65,202110,13,"25,500",17,2017,과정로 320,,-,-
부산광역시 연제구 연산동,1359-7,1359,7,월성,84.24,202110,20,"48,130",1,1984,중앙대로1043번길 11,,-,-
부산광역시 연제구 연산동,699-3,699,3,웰메이드홈,49.1347,202110,13,"22,000",16,2017,월드컵대로 64,,-,-
부산광역시 연제구 연산동,469-36,469,36,윤강하이츠빌라,77.5,202110,11,"16,000",4,2003,고분로235번길 61,,-,-
부산광역시 연제구 연산동,2220,2220,0,주공,54.9,202110,1,"58,500",9,1986,토현로 10,,-,-
부산광역시 연제구 연산동,2220,2220,0,주공,54.9,202110,21,"59,400",10,1986,토현로 10,,-,-
부산광역시 연제구 연산동,1299-2,1299,2,지성캐슬,65.66,202110,17,"29,600",4,2019,월드컵대로153번길 64,,-,-
부산광역시 연제구 연산동,585-7,585,7,진흥목화,57.87,202110,5,"19,000",4,1984,세병로 15,,-,-
부산광역시 연제구 연산동,584-1,584,1,한성기린,58.74,202110,5,"26,500",8,1993,세병로 16,,-,-
부산광역시 연제구 연산동,387-1,387,1,한양(387-1),53.73,202110,5,"47,000",8,1988,온천천남로 110,,-,-
부산광역시 연제구 연산동,387-1,387,1,한양(387-1),53.73,202110,5,"47,000",8,1988,온천천남로 110,,-,-
부산광역시 연제구 연산동,391-1,391,1,한양상가(391-1),82.5475,202110,6,"64,000",6,1988,온천천남로 110,,-,-
부산광역시 연제구 연산동,1136-5,1136,5,한일유앤아이,84.898,202110,12,"38,900",10,2006,묘봉산로 4,,-,-
부산광역시 연제구 연산동,983-9,983,9,현대(983-9),59.99,202110,4,"20,000",1,1997,고분로112번길 23,,-,-
부산광역시 연제구 연산동,983-9,983,9,현대(983-9),84.955,202110,5,"28,900",12,1997,고분로112번길 23,,-,-
부산광역시 연제구 연산동,983-9,983,9,현대(983-9),59.99,202110,5,"21,900",14,1997,고분로112번길 23,,-,-
부산광역시 연제구 연산동,983-9,983,9,현대(983-9),59.99,202110,8,"21,000",2,1997,고분로112번길 23,,-,-
부산광역시 연제구 연산동,983-9,983,9,현대(983-9),59.99,202110,19,"23,200",8,1997,고분로112번길 23,,-,-
부산광역시 연제구 연산동,983-9,983,9,현대(983-9),59.99,202110,30,"22,000",11,1997,고분로112번길 23,,-,-
부산광역시 연제구 연산동,1279-17,1279,17,홍림3차,68.22,202110,4,"23,000",8,2002,거제천로146번길 59,,-,-
부산광역시 연제구 연산동,1643-2,1643,2,효성,69.57,202110,8,"36,000",3,1983,중앙대로1038번길 54,,-,-
부산광역시 연제구 연산동,1310-87,1310,87,희망센트럴뷰,91.71,202110,8,"30,000",6,2004,중앙천로 85,,-,-
부산광역시 영도구 남항동1가,86,86,0,더킹페로스아파트,70.7,202110,6,"31,400",15,2019,절영로 48,,-,-
부산광역시 영도구 남항동1가,116,116,0,혜광드림팰리스,84.84,202110,1,"23,500",7,2003,절영로 43,,-,-
부산광역시 영도구 남항동2가,230-2,230,2,유진캐슬3차아파트,43.42,202110,4,"16,500",12,2016,절영로93번길 35,,-,-
부산광역시 영도구 남항동3가,01월 02일,1,2,남일,57.88,202110,13,"10,400",4,1975,남항서로82번길 12,,-,-
부산광역시 영도구 남항동3가,100,100,0,남항화랑맨션,83.16,202110,2,"22,500",2,1984,절영로94번길 14,,-,-
부산광역시 영도구 대교동1가,1,1,0,원광브릿지타워,119.56,202110,9,"39,500",11,2012,태종로 40,,-,-
부산광역시 영도구 대교동2가,151-3,151,3,아이블리스,65.4632,202110,27,"26,900",5,2017,절영로 33,,-,-
부산광역시 영도구 대평동1가,7,7,0,하나빌,82.99,202110,9,"19,000",11,2004,대평로20번길 23,,-,-
부산광역시 영도구 동삼동,510-33,510,33,국제마마뉴비치타운,85.76,202110,6,"20,900",9,1995,중리로 32,,-,-
부산광역시 영도구 동삼동,510-33,510,33,국제마마뉴비치타운,85.76,202110,7,"19,500",2,1995,중리로 32,20211022,-,-
부산광역시 영도구 동삼동,510-33,510,33,국제마마뉴비치타운,85.76,202110,19,"21,000",12,1995,중리로 32,,-,-
부산광역시 영도구 동삼동,326-9,326,9,대성타워,84.97,202110,7,"24,000",11,2006,동삼로 47,,-,-
부산광역시 영도구 동삼동,1123,1123,0,동삼그린힐,49.94,202110,9,"12,750",9,1993,상리로 1,,-,-
부산광역시 영도구 동삼동,1123,1123,0,동삼그린힐,49.94,202110,13,"12,000",13,1993,상리로 1,,-,-
부산광역시 영도구 동삼동,1123,1123,0,동삼그린힐,49.94,202110,16,"13,500",5,1993,상리로 1,,-,-
부산광역시 영도구 동삼동,1123,1123,0,동삼그린힐,49.94,202110,19,"14,900",9,1993,상리로 1,,-,-
부산광역시 영도구 동삼동,1123,1123,0,동삼그린힐,49.94,202110,20,"13,500",9,1993,상리로 1,,-,-
부산광역시 영도구 동삼동,1123,1123,0,동삼그린힐,41.3,202110,23,"12,000",9,1993,상리로 1,,-,-
부산광역시 영도구 동삼동,1123,1123,0,동삼그린힐,58.46,202110,25,"17,200",15,1993,상리로 1,,-,-
부산광역시 영도구 동삼동,1123,1123,0,동삼그린힐,49.94,202110,25,"15,900",13,1993,상리로 1,,-,-
부산광역시 영도구 동삼동,1123,1123,0,동삼그린힐,49.94,202110,25,"16,500",10,1993,상리로 1,,-,-
부산광역시 영도구 동삼동,510-34,510,34,동삼동한진로즈힐,59.9793,202110,2,"19,500",8,2004,와치로 294,,-,-
부산광역시 영도구 동삼동,510-34,510,34,동삼동한진로즈힐,59.9793,202110,4,"20,300",4,2004,와치로 294,,-,-
부산광역시 영도구 동삼동,510-34,510,34,동삼동한진로즈힐,59.9793,202110,5,"19,500",3,2004,와치로 294,,-,-
부산광역시 영도구 동삼동,510-34,510,34,동삼동한진로즈힐,59.9793,202110,28,"21,000",8,2004,와치로 294,,-,-
부산광역시 영도구 동삼동,510-37,510,37,동삼절영3,41.85,202110,6,"13,400",17,1997,와치로 287,,-,-
부산광역시 영도구 동삼동,510-37,510,37,동삼절영3,41.85,202110,13,"8,700",1,1997,와치로 287,,-,-
부산광역시 영도구 동삼동,510-37,510,37,동삼절영3,41.85,202110,18,"10,500",3,1997,와치로 287,,-,-
부산광역시 영도구 동삼동,510-37,510,37,동삼절영3,41.85,202110,19,"10,000",1,1997,와치로 287,,-,-
부산광역시 영도구 동삼동,510-37,510,37,동삼절영3,41.85,202110,20,"12,300",2,1997,와치로 287,,-,-
부산광역시 영도구 동삼동,1189,1189,0,롯데캐슬블루오션,59.96,202110,1,"33,000",8,2017,절영로 524,,-,-
부산광역시 영도구 동삼동,1189,1189,0,롯데캐슬블루오션,74.97,202110,7,"38,000",11,2017,절영로 524,,-,-
부산광역시 영도구 동삼동,1189,1189,0,롯데캐슬블루오션,84.97,202110,9,"49,000",16,2017,절영로 524,,-,-
부산광역시 영도구 동삼동,1189,1189,0,롯데캐슬블루오션,59.96,202110,11,"29,500",2,2017,절영로 524,,-,-
부산광역시 영도구 동삼동,1189,1189,0,롯데캐슬블루오션,59.96,202110,21,"32,500",4,2017,절영로 524,,-,-
부산광역시 영도구 동삼동,1189,1189,0,롯데캐슬블루오션,84.97,202110,23,"47,400",6,2017,절영로 524,,-,-
부산광역시 영도구 동삼동,1124-2,1124,2,반도보라비치타운,85.14,202110,26,"23,000",9,1994,함지로 19,,-,-
부산광역시 영도구 동삼동,510-27,510,27,벽산비치,85.87,202110,12,"25,500",7,1995,와치로 266,,-,-
부산광역시 영도구 동삼동,510-27,510,27,벽산비치,118.105,202110,30,"31,200",12,1995,와치로 266,,-,-
부산광역시 영도구 동삼동,231-1,231,1,봉황주택,71.91,202110,9,"13,000",5,1984,동삼로 88,,-,-
부산광역시 영도구 동삼동,363-38,363,38,삼창파크맨션1동,60.39,202110,7,"13,900",3,1986,절영로 555,,-,-
부산광역시 영도구 동삼동,363-46,363,46,삼창파크타운3차,63.21,202110,2,"13,000",1,1989,동삼로29번길 7,,-,-
부산광역시 영도구 동삼동,363-46,363,46,삼창파크타운3차,48.18,202110,4,"11,900",2,1989,동삼로29번길 7,,-,-
부산광역시 영도구 동삼동,363-46,363,46,삼창파크타운3차,84.18,202110,7,"18,000",1,1989,동삼로29번길 7,,-,-
부산광역시 영도구 동삼동,363-46,363,46,삼창파크타운3차,65.13,202110,26,"16,000",2,1989,동삼로29번길 7,,-,-
부산광역시 영도구 동삼동,349-3,349,3,선마린빌라트,70.68,202110,3,"22,000",7,2003,태종로 638,,-,-
부산광역시 영도구 동삼동,1190,1190,0,영도경동리인,68.9213,202110,5,"26,800",19,2017,절영로490번길 18,,-,-
부산광역시 영도구 동삼동,1170,1170,0,영도일동미라주브라이튼(1단지),60.22,202110,2,"32,800",10,2014,동삼북로 20,,-,-
부산광역시 영도구 동삼동,1170,1170,0,영도일동미라주브라이튼(1단지),74.5994,202110,6,"37,000",12,2014,동삼북로 20,,-,-
부산광역시 영도구 동삼동,327-3,327,3,유나맨션,60.03,202110,30,"12,400",1,1986,동삼로 46,,-,-
부산광역시 영도구 동삼동,1145,1145,0,유림노르웨이숲비치,59.6616,202110,29,"20,500",8,2005,태종로 705,,-,-
부산광역시 영도구 동삼동,510-11,510,11,절영(510-11),46.27,202110,2,"17,500",20,1995,중리로 41,,-,-
부산광역시 영도구 동삼동,510-11,510,11,절영(510-11),46.27,202110,5,"14,500",5,1995,중리로 41,,-,-
부산광역시 영도구 동삼동,510-11,510,11,절영(510-11),46.27,202110,23,"16,500",20,1995,중리로 41,,-,-
부산광역시 영도구 동삼동,510-11,510,11,절영(510-11),46.27,202110,25,"16,700",19,1995,중리로 41,,-,-
부산광역시 영도구 동삼동,510-2,510,2,절영(510-2),46.27,202110,4,"17,400",11,1995,와치로 231,,-,-
부산광역시 영도구 동삼동,510-2,510,2,절영(510-2),46.27,202110,9,"14,000",7,1995,와치로 231,,-,-
부산광역시 영도구 동삼동,510-2,510,2,절영(510-2),46.27,202110,16,"14,900",4,1995,와치로 231,,-,-
부산광역시 영도구 동삼동,510-2,510,2,절영(510-2),46.27,202110,16,"10,200",1,1995,와치로 231,,-,-
부산광역시 영도구 동삼동,510-2,510,2,절영(510-2),46.27,202110,18,"13,500",3,1995,와치로 231,,-,-
부산광역시 영도구 동삼동,510-2,510,2,절영(510-2),46.27,202110,20,"13,500",16,1995,와치로 231,,-,-
부산광역시 영도구 동삼동,656,656,0,조양비취맨션,53.85,202110,27,"15,000",3,1985,절영로 504,,-,-
부산광역시 영도구 동삼동,314,314,0,태림,56.2,202110,17,"8,700",4,1980,웃서발로 92,,-,-
부산광역시 영도구 동삼동,227-233,227,233,태종파크맨션(227-233),56.34,202110,22,"8,000",1,1987,웃서발로 15,,-,-
부산광역시 영도구 동삼동,1124,1124,0,함지그린,45.5,202110,14,"19,500",16,1994,함지로 8,,-,-
부산광역시 영도구 동삼동,1124,1124,0,함지그린,45.5,202110,16,"19,500",7,1994,함지로 8,,-,-
부산광역시 영도구 동삼동,1124,1124,0,함지그린,45.5,202110,18,"19,000",11,1994,함지로 8,,-,-
부산광역시 영도구 봉래동1가,77,77,0,영광골든타워,84.08,202110,6,"21,500",6,2001,절영로 4,,-,-
부산광역시 영도구 봉래동1가,77,77,0,영광골든타워,84.08,202110,7,"23,800",9,2001,절영로 4,,-,-
부산광역시 영도구 봉래동1가,77,77,0,영광골든타워,84.08,202110,25,"23,000",13,2001,절영로 4,,-,-
부산광역시 영도구 봉래동1가,77,77,0,영광골든타워,84.08,202110,25,"25,000",16,2001,절영로 4,,-,-
부산광역시 영도구 봉래동3가,149,149,0,수근에이스타운,46.715,202110,12,"16,350",10,2003,대교로2번길 26,,-,-
부산광역시 영도구 봉래동3가,149,149,0,수근에이스타운,70.73,202110,22,"21,800",14,2003,대교로2번길 26,,-,-
부산광역시 영도구 봉래동4가,300,300,0,영도유림,84.45,202110,11,"17,200",2,1996,봉래길 94,,-,-
부산광역시 영도구 봉래동5가,177-1,177,1,삼신,59.59,202110,21,"7,800",4,1992,봉래길 172,,-,-
부산광역시 영도구 봉래동5가,Feb-45,45,2,한성맨션,53.59,202110,5,"6,310",4,1979,태종로 188,,-,-
부산광역시 영도구 봉래동5가,01월 30일,30,1,한진중공업사원,60,202110,1,"12,800",9,1998,하나길 753,,-,-
부산광역시 영도구 봉래동5가,01월 30일,30,1,한진중공업사원,60,202110,2,"10,400",1,1998,하나길 753,,-,-
부산광역시 영도구 봉래동5가,01월 30일,30,1,한진중공업사원,60,202110,20,"9,800",2,1998,하나길 753,,-,-
부산광역시 영도구 영선동3가,8,8,0,더페로스,84.93,202110,2,"27,800",8,2013,영선대로67번길 17,,-,-
부산광역시 영도구 영선동4가,186-46,186,46,반도보라,84.81,202110,1,"34,000",14,2000,해안산책길 30,,-,-
부산광역시 영도구 영선동4가,186-46,186,46,반도보라,84.81,202110,1,"35,500",22,2000,해안산책길 30,,-,-
부산광역시 영도구 영선동4가,186-46,186,46,반도보라,59.7,202110,5,"24,300",23,2000,해안산책길 30,,-,-
부산광역시 영도구 영선동4가,245-1,245,1,영도대원,134.81,202110,6,"40,000",2,1991,남항새싹길 79,,-,-
부산광역시 영도구 청학동,69-83,69,83,미주비치,59.95,202110,3,"11,700",10,1999,일산봉로 62,,-,-
부산광역시 영도구 청학동,69-83,69,83,미주비치,59.95,202110,19,"10,700",1,1999,일산봉로 62,,-,-
부산광역시 영도구 청학동,69-83,69,83,미주비치,84.94,202110,30,"17,800",11,1999,일산봉로 62,,-,-
부산광역시 영도구 청학동,216-26,216,26,비온뒤,67.725,202110,23,"16,300",4,2014,해양로 78,,-,-
부산광역시 영도구 청학동,48,48,0,삼창,59.86,202110,10,"15,900",7,1995,광암길 6,,-,-
부산광역시 영도구 청학동,48,48,0,삼창,59.86,202110,20,"16,200",11,1995,광암길 6,,-,-
부산광역시 영도구 청학동,99-294,99,294,신영도롯데낙천대,59.9675,202110,9,"17,500",10,2005,청학남로 48,,-,-
부산광역시 영도구 청학동,99-294,99,294,신영도롯데낙천대,59.9675,202110,18,"17,800",4,2005,청학남로 48,,-,-
부산광역시 영도구 청학동,99-294,99,294,신영도롯데낙천대,59.9675,202110,24,"17,800",8,2005,청학남로 48,,-,-
부산광역시 영도구 청학동,99-294,99,294,신영도롯데낙천대,101.7996,202110,25,"27,000",5,2005,청학남로 48,,-,-
부산광역시 영도구 청학동,419,419,0,영광마린타워,58.5,202110,21,"9,700",9,1995,청학서로 1,,-,-
부산광역시 영도구 청학동,536,536,0,영도신도브래뉴,84.961,202110,4,"39,000",20,2009,태종로 260,,-,-
부산광역시 영도구 청학동,489-30,489,30,원우엔리치빌,67.9319,202110,4,"15,500",2,2004,조내기로 38,,-,-
부산광역시 영도구 청학동,489-30,489,30,원우엔리치빌,84.9149,202110,6,"23,800",17,2004,조내기로 38,,-,-
부산광역시 영도구 청학동,489-30,489,30,원우엔리치빌,67.9319,202110,8,"16,200",12,2004,조내기로 38,,-,-
부산광역시 영도구 청학동,489-30,489,30,원우엔리치빌,67.9319,202110,9,"15,500",4,2004,조내기로 38,,-,-
부산광역시 영도구 청학동,489-30,489,30,원우엔리치빌,67.9319,202110,16,"17,000",7,2004,조내기로 38,,-,-
부산광역시 영도구 청학동,239,239,0,퀸즈팰리스,70.9255,202110,5,"20,000",4,2015,청학로 81,,-,-
부산광역시 영도구 청학동,62-60,62,60,한라비치,84.83,202110,6,"21,000",8,1994,태종로 428,,-,-
부산광역시 영도구 청학동,69-93,69,93,한일유앤아이,84.4568,202110,4,"19,500",10,2005,일산봉로 58,,-,-
부산광역시 영도구 청학동,69-93,69,93,한일유앤아이,84.4568,202110,7,"22,900",19,2005,일산봉로 58,,-,-
부산광역시 영도구 청학동,135,135,0,화신,62.64,202110,3,"28,000",3,1983,태종로358번길 3,,-,-
부산광역시 중구 대청동4가,Jan-79,79,1,새들맨션,84.13,202110,1,"36,000",5,1981,중구로 81,,-,-
부산광역시 중구 대청동4가,75-120,75,120,유한빌라,59.73,202110,8,"12,300",2,1995,대청북길 9,,-,-
부산광역시 중구 보수동1가,Jan-41,41,1,대림에이스타운,147.78,202110,15,"36,000",16,1994,법수길 72,,-,-
부산광역시 중구 보수동1가,산3-148,3,148,시영,36.36,202110,18,"2,750",3,1969,망양로319번길 24,,-,-
부산광역시 중구 보수동2가,118-3,118,3,노블레스힐,28.03,202110,4,"4,150",6,1994,대청로 37,,-,-
부산광역시 중구 보수동2가,118-3,118,3,노블레스힐,31.25,202110,15,"4,550",10,1994,대청로 37,,-,-
부산광역시 중구 보수동2가,118-3,118,3,노블레스힐,24.79,202110,19,"5,000",9,1994,대청로 37,,-,-
부산광역시 중구 보수동3가,73-35,73,35,보수3차봄여름가을겨울,59.0948,202110,5,"27,600",10,2017,대청로 23,,-,-
부산광역시 중구 보수동3가,56,56,0,보수허브센티움,72.41,202110,5,"25,900",5,2016,흑교로45번길 28,,-,-
부산광역시 중구 부평동2가,77,77,0,부평,64.13,202110,4,"16,000",5,1975,흑교로 34,,-,-
부산광역시 중구 부평동2가,77,77,0,부평,69.42,202110,21,"14,350",4,1975,흑교로 34,,-,-
부산광역시 중구 부평동2가,77,77,0,부평,69.42,202110,26,"15,500",6,1975,흑교로 34,,-,-
부산광역시 중구 영주동,161,161,0,금호,84.59,202110,4,"22,700",7,1997,영주로 51,,-,-
부산광역시 중구 영주동,161,161,0,금호,59.75,202110,18,"16,100",12,1997,영주로 51,,-,-
부산광역시 중구 영주동,160,160,0,동아(160-0),57.09,202110,25,"13,600",3,1998,영주로 65,,-,-
부산광역시 중구 영주동,92,92,0,동아(92-0),59.57,202110,18,"15,000",6,1998,영주로 73,,-,-
부산광역시 중구 영주동,92,92,0,동아(92-0),52.19,202110,20,"13,300",5,1998,영주로 73,,-,-
부산광역시 중구 영주동,106-9,106,9,동주파크,60.75,202110,12,"11,000",1,1983,망양로 405,,-,-
부산광역시 중구 영주동,5,5,0,우남이채롬,69.7456,202110,8,"25,000",18,2006,초량상로 13,,-,-
부산광역시 중구 영주동,2,2,0,초원,49.59,202110,12,"9,800",2,1976,영초길 135-5,,-,-
부산광역시 해운대구 반송동,884,884,0,LIG건영,59.88,202110,10,"15,400",13,1997,신반송로 80,,-,-
부산광역시 해운대구 반송동,884,884,0,LIG건영,59.88,202110,10,"15,000",12,1997,신반송로 80,,-,-
부산광역시 해운대구 반송동,93,93,0,광하주택2,43.97,202110,23,"9,400",5,1988,신반송로 194,,-,-
부산광역시 해운대구 반송동,Jan-93,93,1,광하주택A동,41.65,202110,3,"14,700",2,1987,신반송로 194,,-,-
부산광역시 해운대구 반송동,887,887,0,남흥,59.95,202110,10,"16,500",13,1996,신반송로 163,,-,-
부산광역시 해운대구 반송동,887,887,0,남흥,59.95,202110,18,"16,500",13,1996,신반송로 163,,-,-
부산광역시 해운대구 반송동,887,887,0,남흥,84.88,202110,31,"22,600",6,1996,신반송로 163,,-,-
부산광역시 해운대구 반송동,892,892,0,벽산삼협,59.916,202110,6,"16,500",4,1997,신반송로 29,,-,-
부산광역시 해운대구 반송동,892,892,0,벽산삼협,59.916,202110,10,"16,000",9,1997,신반송로 29,,-,-
부산광역시 해운대구 반송동,892,892,0,벽산삼협,59.916,202110,18,"17,000",16,1997,신반송로 29,,-,-
부산광역시 해운대구 반송동,872,872,0,삼한2,59.98,202110,9,"16,500",12,1997,신반송로 102,,-,-
부산광역시 해운대구 반송동,872,872,0,삼한2,59.92,202110,13,"16,700",20,1997,신반송로 102,,-,-
부산광역시 해운대구 반송동,886,886,0,삼한5차,59.92,202110,10,"15,000",2,2002,신반송로 72,,-,-
부산광역시 해운대구 반송동,886,886,0,삼한5차,59.92,202110,10,"16,500",8,2002,신반송로 72,,-,-
부산광역시 해운대구 반송동,888,888,0,삼한그린타운1,84.87,202110,9,"21,500",6,1995,신반송로 171,,-,-
부산광역시 해운대구 반송동,208-2,208,2,풍전,66.18,202110,19,"11,000",5,1984,신반송로 199,,-,-
부산광역시 해운대구 반여동,1174-1,1174,1,SKVIEW,59.91,202110,7,"31,200",2,2001,삼어로 55,,-,-
부산광역시 해운대구 반여동,1174-1,1174,1,SKVIEW,76.56,202110,28,"37,000",15,2001,삼어로 55,,-,-
부산광역시 해운대구 반여동,1291-1405,1291,1405,광우파크맨션,60.32,202110,14,"8,200",2,1986,재반로212번길 33-52,,-,-
부산광역시 해운대구 반여동,1291-1405,1291,1405,광우파크맨션,60.32,202110,29,"6,500",5,1986,재반로212번길 33-52,,-,-
부산광역시 해운대구 반여동,1662,1662,0,메가센텀한화꿈에그린,84.9304,202110,6,"74,900",11,2008,반여로 67,,-,-
부산광역시 해운대구 반여동,1662,1662,0,메가센텀한화꿈에그린,100.9973,202110,11,"75,500",6,2008,반여로 67,,-,-
부산광역시 해운대구 반여동,1662,1662,0,메가센텀한화꿈에그린,84.9304,202110,18,"66,500",4,2008,반여로 67,,-,-
부산광역시 해운대구 반여동,1585-1,1585,1,보람,36.33,202110,2,"7,300",5,1984,재반로270번길 29,,-,-
부산광역시 해운대구 반여동,1199-11,1199,11,센텀대림,126.93,202110,13,"59,000",4,1996,선수촌로 95,,-,-
부산광역시 해운대구 반여동,1199-11,1199,11,센텀대림,126.93,202110,16,"59,400",10,1996,선수촌로 95,,-,-
부산광역시 해운대구 반여동,1199-11,1199,11,센텀대림,84.98,202110,20,"54,000",12,1996,선수촌로 95,,-,-
부산광역시 해운대구 반여동,1619,1619,0,센텀롯데캐슬아파트,84.97,202110,1,"62,000",14,2004,반여로 133,,-,-
부산광역시 해운대구 반여동,1619,1619,0,센텀롯데캐슬아파트,127.3684,202110,15,"74,800",19,2004,반여로 133,,-,-
부산광역시 해운대구 반여동,1063-4,1063,4,송보자유,59.99,202110,6,"16,060",23,1998,삼어로 95,20211007,-,-
부산광역시 해운대구 반여동,1638,1638,0,아시아선수촌아파트,101.55,202110,15,"76,500",18,2002,선수촌로 122,,-,-
부산광역시 해운대구 반여동,1638,1638,0,아시아선수촌아파트,59.92,202110,15,"53,500",22,2002,선수촌로 122,,-,-
부산광역시 해운대구 반여동,1638,1638,0,아시아선수촌아파트,101.55,202110,16,"71,000",6,2002,선수촌로 122,,-,-
부산광역시 해운대구 반여동,1638,1638,0,아시아선수촌아파트,84.8,202110,31,"65,500",2,2002,선수촌로 122,,-,-
부산광역시 해운대구 반여동,1291-1414,1291,1414,에덴동산타운,59.1,202110,6,"10,200",3,1993,재반로212번길 45,,-,-
부산광역시 해운대구 반여동,1291-1414,1291,1414,에덴동산타운,84.09,202110,7,"13,200",7,1993,재반로212번길 45,,-,-
부산광역시 해운대구 반여동,1291-1414,1291,1414,에덴동산타운,83.58,202110,26,"16,000",10,1993,재반로212번길 45,,-,-
부산광역시 해운대구 반여동,1190-1,1190,1,우방신세계타운,59.96,202110,2,"30,000",8,2002,삼어로 61,,-,-
부산광역시 해운대구 반여동,1190-1,1190,1,우방신세계타운,59.96,202110,3,"29,500",24,2002,삼어로 61,,-,-
부산광역시 해운대구 반여동,1190-1,1190,1,우방신세계타운,84.92,202110,3,"40,500",9,2002,삼어로 61,,-,-
부산광역시 해운대구 반여동,1190-1,1190,1,우방신세계타운,84.92,202110,3,"41,000",11,2002,삼어로 61,,-,-
부산광역시 해운대구 반여동,1190-1,1190,1,우방신세계타운,77.67,202110,5,"39,950",17,2002,삼어로 61,,-,-
부산광역시 해운대구 반여동,1190-1,1190,1,우방신세계타운,59.96,202110,11,"28,000",11,2002,삼어로 61,,-,-
부산광역시 해운대구 반여동,1190-1,1190,1,우방신세계타운,59.96,202110,12,"24,000",2,2002,삼어로 61,,-,-
부산광역시 해운대구 반여동,585,585,0,우신,59.8,202110,6,"25,900",15,2001,삼어로 181,,-,-
부산광역시 해운대구 반여동,585,585,0,우신,59.8,202110,9,"23,500",1,2001,삼어로 181,,-,-
부산광역시 해운대구 반여동,1672,1672,0,해운대더샵센텀그린,59.9626,202110,9,"46,000",8,2019,해운대로61번길 73,,-,-
부산광역시 해운대구 반여동,1672,1672,0,해운대더샵센텀그린,72.9699,202110,12,"50,900",3,2019,해운대로61번길 73,,-,-
부산광역시 해운대구 반여동,1581-6,1581,6,현대1차,71.56,202110,21,"13,600",2,1991,재반로282번길 112,,-,-
부산광역시 해운대구 반여동,1291-1460,1291,1460,현대3,59.97,202110,14,"10,300",16,1995,재반로212번길 67,,-,-
부산광역시 해운대구 반여동,1477-10,1477,10,현대4,84.69,202110,6,"94,000",1,1989,선수촌로21번길 31,,-,-
부산광역시 해운대구 반여동,1291-1446,1291,1446,현대일성2,111.07,202110,8,"25,500",16,1994,재반로226번길 72,,-,-
부산광역시 해운대구 반여동,1581-22,1581,22,홍림센텀,35.82,202110,20,"8,200",1,1991,재반로282번길 83,,-,-
부산광역시 해운대구 송정동,137-12,137,12,럭스빌비치,58.3,202110,21,"18,700",8,2018,송정1로8번길 30,,-,-
부산광역시 해운대구 송정동,311-1,311,1,송정세양시에당,84.4337,202110,12,"37,200",8,2004,송정광어골로82번길 160,,-,-
부산광역시 해운대구 송정동,200-4,200,4,쏠데까사,62.2387,202110,15,"24,500",7,2012,송정중앙로21번길 14,,-,-
부산광역시 해운대구 송정동,947,947,0,해운대송정우림필유아파트,84.9197,202110,9,"50,000",15,2015,송정1로8번길 25-78,,-,-
부산광역시 해운대구 송정동,947,947,0,해운대송정우림필유아파트,84.9197,202110,15,"53,900",22,2015,송정1로8번길 25-78,,-,-
부산광역시 해운대구 송정동,947,947,0,해운대송정우림필유아파트,59.9295,202110,20,"38,000",20,2015,송정1로8번길 25-78,20211020,-,-
부산광역시 해운대구 우동,1388-1,1388,1,경남마리나,59.83,202110,6,"99,500",6,1996,해운대해변로 99,,-,-
부산광역시 해운대구 우동,974,974,0,경동,58.695,202110,19,"50,000",2,1995,해운대해변로 85,20211021,-,-
부산광역시 해운대구 우동,974,974,0,경동,58.695,202110,19,"50,000",2,1995,해운대해변로 85,,-,-
부산광역시 해운대구 우동,450,450,0,공작맨션,66.69,202110,25,"117,700",3,1984,우동1로50번길 32,,-,-
부산광역시 해운대구 우동,1105,1105,0,센텀두산위브,84.972,202110,1,"110,000",28,2014,해운대로383번길 93,,-,-
부산광역시 해운대구 우동,1196-12,1196,12,센텀엘카사,44.915,202110,22,"27,000",6,2018,해운대로394번길 23,,-,-
부산광역시 해운대구 우동,1196-12,1196,12,센텀엘카사,51.9046,202110,30,"34,500",9,2018,해운대로394번길 23,,-,-
부산광역시 해운대구 우동,1102-221,1102,221,센텀현대,84.92,202110,1,"69,500",20,1999,해운대로469번길 190,,-,-
부산광역시 해운대구 우동,345-6,345,6,신동비치,84.86,202110,8,"43,000",1,1991,우동2로 88,,-,-
부산광역시 해운대구 우동,1398,1398,0,해운대엑소디움,141.807,202110,9,"128,000",19,2009,해운대해변로 30,,-,-
부산광역시 해운대구 우동,887-1,887,1,해운대한솔솔파크,84.8092,202110,7,"60,000",34,2006,해운대로 564,,-,-
부산광역시 해운대구 우동,918-3,918,3,해운대협성엠파이어,62.2985,202110,12,"27,800",1,2011,우동1로85번길 57,,-,-
부산광역시 해운대구 우동,333,333,0,협성프라임빌,76.7051,202110,9,"42,000",5,2005,우동2로 93,,-,-
부산광역시 해운대구 재송동,1041-3,1041,3,금호,59.955,202110,16,"15,800",1,1996,재반로 141,,-,-
부산광역시 해운대구 재송동,1151-2,1151,2,남성선파크,49.95,202110,1,"8,300",6,1988,재송2로23번길 50,,-,-
부산광역시 해운대구 재송동,1151-2,1151,2,남성선파크,49.95,202110,2,"13,000",4,1988,재송2로 17,,-,-
부산광역시 해운대구 재송동,1151-2,1151,2,남성선파크,56.79,202110,8,"12,000",3,1988,재송2로23번길 36,,-,-
부산광역시 해운대구 재송동,1151-2,1151,2,남성선파크,49.95,202110,30,"10,800",6,1988,재송2로23번길 50,,-,-
부산광역시 해운대구 재송동,1183-3,1183,3,대원,58.65,202110,6,"7,000",1,1997,재송2로 115,,-,-
부산광역시 해운대구 재송동,1200,1200,0,더샵센텀파크1차,84.6389,202110,9,"123,000",14,2005,센텀중앙로 145,,-,-
부산광역시 해운대구 재송동,1200,1200,0,더샵센텀파크1차,126.9004,202110,23,"180,000",26,2005,센텀중앙로 145,,-,-
부산광역시 해운대구 재송동,1200,1200,0,더샵센텀파크1차,125.4155,202110,23,"200,000",50,2005,센텀중앙로 145,,-,-
부산광역시 해운대구 재송동,1200,1200,0,더샵센텀파크1차,151.9156,202110,28,"240,000",20,2005,센텀중앙로 145,,-,-
부산광역시 해운대구 재송동,1197,1197,0,더샵센텀파크2차,100.945,202110,16,"122,000",11,2005,센텀중앙로 142,,-,-
부산광역시 해운대구 재송동,152,152,0,명유그린,64.26,202110,29,"14,500",9,1993,재반로64번길 42,,-,-
부산광역시 해운대구 재송동,1157-1,1157,1,센텀골든파크,59.46,202110,4,"9,500",15,1995,재송2로175번길 43,,-,-
부산광역시 해운대구 재송동,1157-1,1157,1,센텀골든파크,59.46,202110,7,"10,000",1,1995,재송2로175번길 43,,-,-
부산광역시 해운대구 재송동,1157-1,1157,1,센텀골든파크,59.46,202110,13,"9,000",13,1995,재송2로175번길 43,,-,-
부산광역시 해운대구 재송동,1157-1,1157,1,센텀골든파크,84.99,202110,21,"12,000",1,1995,재송2로175번길 43,,-,-
부산광역시 해운대구 재송동,1160-12,1160,12,센텀글로리아,55.02,202110,2,"9,900",1,1989,재송2로74번길 31,,-,-
부산광역시 해운대구 재송동,1160-12,1160,12,센텀글로리아,76.89,202110,8,"15,400",1,1989,재송2로74번길 31,,-,-
부산광역시 해운대구 재송동,1023,1023,0,센텀삼익아파트,49.96,202110,1,"34,000",11,1981,해운대로61번가길 6,,-,-
부산광역시 해운대구 재송동,1059-1,1059,1,센텀에코하임,81.85,202110,5,"24,000",8,2015,재반로 119-15,,-,-
부산광역시 해운대구 재송동,1048-3,1048,3,센텀우신골든빌,76.0621,202110,5,"34,900",10,2006,재반로125번길 30,,-,-
부산광역시 해운대구 재송동,1048-3,1048,3,센텀우신골든빌,76.0621,202110,12,"32,000",1,2006,재반로125번길 30,,-,-
부산광역시 해운대구 재송동,1048-3,1048,3,센텀우신골든빌,59.6054,202110,24,"26,400",15,2006,재반로125번길 30,,-,-
부산광역시 해운대구 재송동,1302,1302,0,센텀피오레1차,84.9446,202110,3,"66,500",8,2005,수영강변대로 382,,-,-
부산광역시 해운대구 재송동,1025-1,1025,1,센텀협성,50.61,202110,23,"20,000",4,1987,해운대로81번가길 63,,-,-
부산광역시 해운대구 재송동,1324,1324,0,센텀협성르네상스타운,73.4795,202110,27,"70,000",11,2013,해운대로38번길 60,,-,-
부산광역시 해운대구 재송동,1030,1030,0,시영79년,40.13,202110,1,"31,000",5,1980,해운대로61번길 62-7,,-,-
부산광역시 해운대구 재송동,1026-1,1026,1,시영80년,43.9,202110,2,"32,200",1,1981,재반로165번길 82,,-,-
부산광역시 해운대구 재송동,1026-1,1026,1,시영80년,43.9,202110,16,"29,000",4,1981,재반로165번길 82,,-,-
부산광역시 해운대구 재송동,1159-1,1159,1,에이스,76.78,202110,2,"18,750",3,1992,재송2로 256,,-,-
부산광역시 해운대구 재송동,1121-2,1121,2,영광그린파크(나),76.78,202110,11,"14,300",2,1993,재반로64번다길 24,,-,-
부산광역시 해운대구 재송동,1182-1,1182,1,장산동국,59.64,202110,4,"12,500",5,1993,재송2로 91,,-,-
부산광역시 해운대구 재송동,1182-1,1182,1,장산동국,84.78,202110,9,"16,800",15,1993,재송2로 91,,-,-
부산광역시 해운대구 재송동,1182-1,1182,1,장산동국,84.78,202110,22,"14,700",2,1993,재송2로 91,,-,-
부산광역시 해운대구 재송동,1147-3,1147,3,해강소라,59.88,202110,13,"16,500",3,1993,재반로 162-8,,-,-
부산광역시 해운대구 재송동,1042-2,1042,2,현대(1042-2),59.79,202110,5,"15,900",4,1995,해운대로81번길 137,,-,-
부산광역시 해운대구 재송동,1051-2,1051,2,현대(1051-2),41.235,202110,12,"27,200",10,1988,해운대로81번길 60,,-,-
부산광역시 해운대구 재송동,1162-1,1162,1,혜성골든타운,78.67,202110,15,"12,700",5,1990,재송2로 80,,-,-
부산광역시 해운대구 재송동,1045-2,1045,2,화송빌라,64.83,202110,9,"11,300",4,1992,해운대로81번길 108-10,,-,-
부산광역시 해운대구 좌동,1278,1278,0,LH뜨란채아파트,49.94,202110,4,"30,600",15,1997,대천로67번길 18,,-,-
부산광역시 해운대구 좌동,1450,1450,0,SKVIEW,39.95,202110,23,"24,800",22,1998,청사포로 12,,-,-
부산광역시 해운대구 좌동,1375,1375,0,경남,58.804,202110,9,"41,700",16,1997,좌동순환로99번길 22,,-,-
부산광역시 해운대구 좌동,1375,1375,0,경남,58.804,202110,20,"44,000",5,1997,좌동순환로99번길 22,,-,-
부산광역시 해운대구 좌동,1448,1448,0,경남선경,59.85,202110,2,"40,800",5,1996,청사포로 27,,-,-
부산광역시 해운대구 좌동,1438,1438,0,대우2,59.946,202110,3,"49,500",8,1998,좌동순환로 275,,-,-
부산광역시 해운대구 좌동,1438,1438,0,대우2,59.946,202110,3,"49,700",18,1998,좌동순환로 275,,-,-
부산광역시 해운대구 좌동,1438,1438,0,대우2,59.946,202110,14,"51,000",26,1998,좌동순환로 275,,-,-
부산광역시 해운대구 좌동,1273,1273,0,대창,101.94,202110,7,"72,500",7,1996,대천로67번길 7,,-,-
부산광역시 해운대구 좌동,1273,1273,0,대창,59.946,202110,12,"40,700",7,1996,대천로67번길 7,,-,-
부산광역시 해운대구 좌동,1302,1302,0,동신,101.73,202110,29,"79,800",10,1996,좌동순환로217번길 7,,-,-
부산광역시 해운대구 좌동,1394,1394,0,두산1차,84.9,202110,2,"64,500",22,1996,양운로 182,,-,-
부산광역시 해운대구 좌동,1394,1394,0,두산1차,59.94,202110,16,"49,900",11,1996,양운로 182,,-,-
부산광역시 해운대구 좌동,1386,1386,0,롯데2,59.76,202110,9,"43,000",8,1998,좌동순환로 117,,-,-
부산광역시 해운대구 좌동,1300,1300,0,롯데3차,59.6,202110,12,"62,800",19,1997,세실로 138,,-,-
부산광역시 해운대구 좌동,1300,1300,0,롯데3차,59.6,202110,28,"60,000",12,1997,세실로 138,,-,-
부산광역시 해운대구 좌동,1413,1413,0,삼성,164.91,202110,2,"108,000",10,1997,세실로 174,,-,-
부산광역시 해운대구 좌동,1331,1331,0,상록,59.85,202110,9,"49,700",6,1998,세실로 7,,-,-
부산광역시 해운대구 좌동,1331,1331,0,상록,59.85,202110,13,"51,000",17,1998,세실로 7,,-,-
부산광역시 해운대구 좌동,1398,1398,0,엘지,59.94,202110,9,"54,000",8,1996,대천로103번길 61,,-,-
부산광역시 해운대구 좌동,1348,1348,0,코오롱,59.985,202110,6,"50,800",13,1997,대천로 35,,-,-
부산광역시 해운대구 좌동,1348,1348,0,코오롱,101.97,202110,15,"78,500",10,1997,대천로 35,,-,-
부산광역시 해운대구 좌동,1282,1282,0,해운대 센트럴파크,49.73,202110,23,"34,000",21,1998,좌동순환로 118,,-,-
부산광역시 해운대구 좌동,1492,1492,0,해운대케이씨씨스위첸,153.208,202110,15,"186,000",22,2011,세실로 80,,-,-
부산광역시 해운대구 좌동,1337,1337,0,현대,134.005,202110,27,"97,000",6,1996,양운로37번길 11,,-,-
부산광역시 해운대구 중동,1507-4,1507,4,경동메르빌골드,161.747,202110,1,"79,000",3,2007,달맞이길65번길 89,,-,-
부산광역시 해운대구 중동,1515-2,1515,2,달맞이경동메르빌,69.16,202110,3,"51,000",11,2002,달맞이길65번길 12-12,,-,-
부산광역시 해운대구 중동,1488-1,1488,1,동보하이츠,164.52,202110,18,"31,600",5,1991,달맞이길117번가길 190,,-,-
부산광역시 해운대구 중동,1199-4,1199,4,럭키골든스위트,84.1614,202110,6,"60,770",19,2019,해운대해변로 346,,-,-
부산광역시 해운대구 중동,1199-4,1199,4,럭키골든스위트,84.1614,202110,18,"59,434",15,2019,해운대해변로 346,,-,-
부산광역시 해운대구 중동,1199-4,1199,4,럭키골든스위트,74.4445,202110,20,"53,369",16,2019,해운대해변로 346,,-,-
부산광역시 해운대구 중동,1199-4,1199,4,럭키골든스위트,49.9826,202110,20,"34,677",12,2019,해운대해변로 346,,-,-
부산광역시 해운대구 중동,1199-4,1199,4,럭키골든스위트,84.1614,202110,20,"58,766",13,2019,해운대해변로 346,,-,-
부산광역시 해운대구 중동,1199-4,1199,4,럭키골든스위트,84.8491,202110,25,"59,853",11,2019,해운대해변로 346,,-,-
부산광역시 해운대구 중동,1199-4,1199,4,럭키골든스위트,84.8491,202110,25,"59,853",12,2019,해운대해변로 346,,-,-
부산광역시 해운대구 중동,1554,1554,0,아크로뷰,24.93,202110,2,"8,300",7,2004,우동3로 4,,-,-
부산광역시 해운대구 중동,1481-2,1481,2,에스엘하우스,163.717,202110,8,"64,000",3,2007,달맞이길117번가길 216,,-,-
부산광역시 해운대구 중동,1378-49,1378,49,해운대경보이리스오션,41.6,202110,14,"27,000",11,2020,중동1로19번길 24,,-,-
부산광역시 해운대구 중동,1378-49,1378,49,해운대경보이리스오션,41.76,202110,17,"24,000",3,2020,중동1로19번길 24,,-,-
부산광역시 해운대구 중동,1763,1763,0,해운대동일,59.91,202110,7,"51,000",24,1998,해운대해변로 394,,-,-
부산광역시 해운대구 중동,1793,1793,0,해운대래미안,114.4345,202110,2,"135,000",13,2014,좌동순환로 402,,-,-
부산광역시 해운대구 중동,1793,1793,0,해운대래미안,84.984,202110,27,"101,300",25,2014,좌동순환로 402,,-,-
부산광역시 해운대구 중동,1792,1792,0,해운대양우내안애팰리스,84.9383,202110,8,"44,000",8,2013,좌동순환로433번길 40,,-,-
부산광역시 해운대구 중동,1818,1818,0,해운대힐스테이트위브,129.8796,202110,8,"148,000",15,2015,좌동순환로433번길 30,,-,-
부산광역시 해운대구 중동,1818,1818,0,해운대힐스테이트위브,98.1948,202110,10,"118,000",12,2015,좌동순환로433번길 30,,-,-
부산광역시 해운대구 중동,1818,1818,0,해운대힐스테이트위브,59.9517,202110,12,"80,000",16,2015,좌동순환로433번길 30,,-,-
부산광역시 해운대구 중동,1818,1818,0,해운대힐스테이트위브,102.3162,202110,20,"88,000",6,2015,좌동순환로433번길 30,,-,-
부산광역시 해운대구 중동,1533-1,1533,1,현우산호맨션,51.3,202110,1,"13,000",3,1987,달맞이길117번나길 194,,-,-
부산광역시 해운대구 중동,1533-1,1533,1,현우산호맨션,51.3,202110,1,"13,000",3,1987,달맞이길117번나길 194,,-,-
부산광역시 해운대구 중동,1516-5,1516,5,협진태양,59.9,202110,6,"31,000",2,1995,달맞이길65번길 15,,-,-
서울특별시 강남구 개포동,1282,1282,0,개포래미안포레스트,49.92,202110,13,"185,000",5,2020,개포로 264,,-,-
서울특별시 강남구 개포동,1282,1282,0,개포래미안포레스트,59.92,202110,20,"220,000",15,2020,개포로 264,,-,-
서울특별시 강남구 개포동,187,187,0,개포주공5단지,83.17,202110,6,"279,500",1,1983,삼성로4길 17,,-,-
서울특별시 강남구 개포동,138,138,0,디에이치아너힐즈,94.2875,202110,2,"340,000",19,2019,삼성로 11,,-,-
서울특별시 강남구 개포동,138,138,0,디에이치아너힐즈,59.7479,202110,8,"230,500",5,2019,삼성로 11,,-,-
서울특별시 강남구 개포동,1280,1280,0,래미안블레스티지,84.94,202110,9,"320,000",28,2019,선릉로 8,,-,-
서울특별시 강남구 개포동,12,12,0,삼익대청아파트,39.53,202110,4,"144,000",7,1992,개포로109길 21,,-,-
서울특별시 강남구 개포동,12,12,0,삼익대청아파트,39.53,202110,4,"149,500",2,1992,개포로109길 21,,-,-
서울특별시 강남구 개포동,12,12,0,성원대치2단지아파트,49.86,202110,4,"175,000",10,1992,개포로109길 9,,-,-
서울특별시 강남구 논현동,196,196,0,거평프리젠,39.035,202110,8,"47,500",7,1996,강남대로112길 41,,-,-
서울특별시 강남구 논현동,252,252,0,논현라폴리움,240.03,202110,7,"460,000",8,2012,학동로46길 32,,-,-
서울특별시 강남구 논현동,Feb-58,58,2,마일스디오빌,36.29,202110,1,"40,000",5,2004,학동로 165,,-,-
서울특별시 강남구 논현동,Feb-58,58,2,마일스디오빌,36.29,202110,2,"41,000",6,2004,학동로 165,,-,-
서울특별시 강남구 대치동,503,503,0,개포우성1,84.81,202110,9,"318,000",5,1983,선릉로 120,,-,-
서울특별시 강남구 대치동,888,888,0,대치아이파크,149.78,202110,7,"460,000",25,2008,선릉로 222,,-,-
서울특별시 강남구 대치동,63,63,0,"대치우성아파트1동,2동,3동,5동,6동,7동",84.69,202110,16,"259,000",14,1984,영동대로 230,,-,-
서울특별시 강남구 대치동,1027,1027,0,래미안대치팰리스,94.49,202110,9,"375,000",4,2015,삼성로51길 37,,-,-
서울특별시 강남구 대치동,506,506,0,선경2차(8동-12동),84.55,202110,2,"300,000",2,1985,삼성로 151,,-,-
서울특별시 강남구 대치동,890-49,890,49,선릉역대우아이빌(890-49),28.34,202110,22,"27,800",12,2004,테헤란로64길 9,,-,-
서울특별시 강남구 대치동,511,511,0,한보미도맨션2,115.05,202110,4,"350,000",11,1985,삼성로 150,,-,-
서울특별시 강남구 도곡동,527,527,0,도곡렉슬,59.9937,202110,3,"229,500",18,2006,선릉로 221,,-,-
서울특별시 강남구 도곡동,527,527,0,도곡렉슬,84.9984,202110,7,"288,000",1,2006,선릉로 221,,-,-
서울특별시 강남구 도곡동,527,527,0,도곡렉슬,114.9931,202110,9,"410,000",6,2006,선릉로 221,,-,-
서울특별시 강남구 도곡동,963,963,0,럭키(963),84.97,202110,1,"235,000",11,1995,논현로 213,,-,-
서울특별시 강남구 도곡동,869,869,0,삼익,153.71,202110,9,"279,000",12,1983,논현로 218,,-,-
서울특별시 강남구 도곡동,202,202,0,상지리츠빌카일룸,210.5,202110,7,"618,000",6,2018,남부순환로373길 23,,-,-
서울특별시 강남구 도곡동,464,464,0,한신(개포),59.48,202110,1,"230,000",4,1985,언주로 123,,-,-
서울특별시 강남구 도곡동,464,464,0,한신(개포),52.73,202110,15,"220,000",3,1985,언주로 123,,-,-
서울특별시 강남구 도곡동,467-19,467,19,현대비젼21,35.48,202110,23,"50,000",15,1999,언주로30길 10,,-,-
서울특별시 강남구 도곡동,192-2,192,2,현대파크빌라,228.63,202110,3,"270,000",1,1998,남부순환로377길 25,,-,-
서울특별시 강남구 삼성동,142-3,142,3,LG선릉에클라트(B),48.81,202110,18,"82,000",14,2004,테헤란로63길 12,,-,-
서울특별시 강남구 삼성동,04월 19일,19,4,래미안라클래시,84.99,202110,8,"328,000",15,2021, ,,-,-
서울특별시 강남구 삼성동,04월 06일,4,6,삼성동한솔아파트,85,202110,9,"190,000",13,1998,학동로64길 7,,-,-
서울특별시 강남구 삼성동,04월 06일,4,6,삼성동한솔아파트,85,202110,9,"190,000",13,1998,학동로64길 7,20211028,-,-
서울특별시 강남구 삼성동,2,2,0,서광아파트,59.67,202110,2,"172,000",15,1998,선릉로130길 19,,-,-
서울특별시 강남구 삼성동,2,2,0,서광아파트,59.67,202110,2,"165,500",5,1998,선릉로130길 19,,-,-
서울특별시 강남구 삼성동,117,117,0,쌍용플래티넘,154.77,202110,1,"253,000",15,2003,봉은사로 474,,-,-
서울특별시 강남구 삼성동,109-21,109,21,엘에이치삼성도시형생활주택,27.75,202110,26,"38,200",6,2013,영동대로112길 46,,-,-
서울특별시 강남구 삼성동,50,50,0,현대힐스테이트2단지,84.236,202110,6,"275,000",18,2008,삼성로111길 8,,-,-
서울특별시 강남구 삼성동,50,50,0,현대힐스테이트2단지,84.349,202110,9,"270,000",2,2008,삼성로111길 8,,-,-
서울특별시 강남구 삼성동,50,50,0,현대힐스테이트2단지,84.236,202110,15,"290,000",10,2008,삼성로111길 8,,-,-
서울특별시 강남구 세곡동,579,579,0,강남엘에이치1단지,84.83,202110,9,"173,000",3,2013,헌릉로571길 20,,-,-
서울특별시 강남구 압구정동,490,490,0,한양1차(영동한양),91.21,202110,11,"359,000",3,1977,압구정로 321,,-,-
서울특별시 강남구 압구정동,481,481,0,현대8차(성수현대:91~95동),107.64,202110,12,"368,000",5,1980,압구정로 309,,-,-
서울특별시 강남구 역삼동,727-2,727,2,대명벨리온,17.684,202110,6,"20,500",2,2012,역삼로25길 27,,-,-
서울특별시 강남구 역삼동,727-2,727,2,대명벨리온,13.604,202110,22,"20,000",7,2012,역삼로25길 27,,-,-
서울특별시 강남구 역삼동,824-25,824,25,대우디오빌플러스,43.99,202110,2,"45,000",10,2004,강남대로84길 33,,-,-
서울특별시 강남구 역삼동,727-9,727,9,요진와이시티미니,12.94,202110,19,"18,000",1,2012,역삼로25길 21,,-,-
서울특별시 강남구 역삼동,709-5,709,5,테헤란아이파크,118.0315,202110,8,"338,000",9,2014,테헤란로52길 16,,-,-
서울특별시 강남구 역삼동,706-20,706,20,한화진넥스빌,41.68,202110,1,"41,000",24,2001,언주로86길 11,,-,-
서울특별시 강남구 역삼동,706-20,706,20,한화진넥스빌,42.52,202110,8,"39,000",20,2001,언주로86길 11,,-,-
서울특별시 강남구 역삼동,710,710,0,현대까르띠에710,149.7,202110,5,"298,000",3,2001,언주로86길 12,,-,-
서울특별시 강남구 역삼동,710,710,0,현대까르띠에710,200.14,202110,11,"435,000",22,2001,언주로86길 12,,-,-
서울특별시 강남구 일원동,741,741,0,래미안 개포 루체하임,59.99,202110,7,"230,000",14,2018,개포로110길 50,,-,-
서울특별시 강남구 자곡동,602,602,0,엘에이치강남아이파크,74.89,202110,9,"185,000",11,2014,자곡로 175,,-,-
서울특별시 강남구 자곡동,619,619,0,엘에이치강남힐스테이트,51.96,202110,8,"98,000",2,2015,자곡로3길 21,,-,-
서울특별시 강남구 자곡동,619,619,0,엘에이치강남힐스테이트,51.96,202110,8,"63,590",16,2015,자곡로3길 21,,-,-
서울특별시 강남구 자곡동,619,619,0,엘에이치강남힐스테이트,59.93,202110,8,"70,380",10,2015,자곡로3길 21,,-,-
서울특별시 강남구 자곡동,619,619,0,엘에이치강남힐스테이트,74.8,202110,12,"42,620",7,2015,자곡로3길 21,,-,-
서울특별시 강남구 자곡동,619,619,0,엘에이치강남힐스테이트,74.8,202110,12,"42,050",5,2015,자곡로3길 21,,-,-
서울특별시 강남구 자곡동,619,619,0,엘에이치강남힐스테이트,74.8,202110,12,"41,510",4,2015,자곡로3길 21,,-,-
서울특별시 강남구 자곡동,619,619,0,엘에이치강남힐스테이트,74.8,202110,12,"42,395",7,2015,자곡로3길 21,,-,-
서울특별시 강남구 자곡동,619,619,0,엘에이치강남힐스테이트,84.39,202110,12,"47,030",11,2015,자곡로3길 21,,-,-
서울특별시 강남구 자곡동,619,619,0,엘에이치강남힐스테이트,74.8,202110,12,"43,325",15,2015,자곡로3길 21,,-,-
서울특별시 강남구 자곡동,619,619,0,엘에이치강남힐스테이트,84.39,202110,12,"47,300",13,2015,자곡로3길 21,,-,-
서울특별시 강남구 자곡동,619,619,0,엘에이치강남힐스테이트,84.39,202110,12,"46,805",7,2015,자곡로3길 21,,-,-
서울특별시 강남구 자곡동,619,619,0,엘에이치강남힐스테이트,74.8,202110,12,"41,690",3,2015,자곡로3길 21,,-,-
서울특별시 강남구 자곡동,619,619,0,엘에이치강남힐스테이트,74.8,202110,12,"43,370",17,2015,자곡로3길 21,,-,-
서울특별시 강남구 자곡동,619,619,0,엘에이치강남힐스테이트,74.8,202110,12,"41,600",4,2015,자곡로3길 21,,-,-
서울특별시 강남구 자곡동,619,619,0,엘에이치강남힐스테이트,84.39,202110,13,"46,610",5,2015,자곡로3길 21,,-,-
서울특별시 강남구 자곡동,619,619,0,엘에이치강남힐스테이트,84.39,202110,13,"47,390",17,2015,자곡로3길 21,,-,-
서울특별시 강남구 자곡동,619,619,0,엘에이치강남힐스테이트,74.8,202110,13,"41,900",7,2015,자곡로3길 21,,-,-
서울특별시 강남구 자곡동,619,619,0,엘에이치강남힐스테이트,51.96,202110,13,"62,735",8,2015,자곡로3길 21,,-,-
서울특별시 강남구 자곡동,619,619,0,엘에이치강남힐스테이트,74.8,202110,13,"43,025",11,2015,자곡로3길 21,,-,-
서울특별시 강남구 자곡동,619,619,0,엘에이치강남힐스테이트,74.8,202110,13,"43,250",15,2015,자곡로3길 21,,-,-
서울특별시 강남구 자곡동,619,619,0,엘에이치강남힐스테이트,84.39,202110,13,"46,355",7,2015,자곡로3길 21,,-,-
서울특별시 강남구 자곡동,619,619,0,엘에이치강남힐스테이트,51.99,202110,13,"61,185",8,2015,자곡로3길 21,,-,-
서울특별시 강남구 자곡동,619,619,0,엘에이치강남힐스테이트,74.8,202110,13,"43,325",15,2015,자곡로3길 21,,-,-
서울특별시 강남구 자곡동,619,619,0,엘에이치강남힐스테이트,84.39,202110,13,"47,300",13,2015,자곡로3길 21,,-,-
서울특별시 강남구 자곡동,619,619,0,엘에이치강남힐스테이트,74.8,202110,14,"43,010",11,2015,자곡로3길 21,,-,-
서울특별시 강남구 자곡동,619,619,0,엘에이치강남힐스테이트,84.39,202110,14,"46,355",5,2015,자곡로3길 21,,-,-
서울특별시 강남구 자곡동,619,619,0,엘에이치강남힐스테이트,74.8,202110,14,"42,425",7,2015,자곡로3길 21,,-,-
서울특별시 강남구 자곡동,619,619,0,엘에이치강남힐스테이트,84.39,202110,14,"46,880",9,2015,자곡로3길 21,,-,-
서울특별시 강남구 자곡동,619,619,0,엘에이치강남힐스테이트,74.8,202110,14,"43,250",15,2015,자곡로3길 21,,-,-
서울특별시 강남구 자곡동,619,619,0,엘에이치강남힐스테이트,84.39,202110,14,"47,300",13,2015,자곡로3길 21,,-,-
서울특별시 강남구 자곡동,619,619,0,엘에이치강남힐스테이트,74.8,202110,14,"43,250",13,2015,자곡로3길 21,,-,-
서울특별시 강남구 자곡동,619,619,0,엘에이치강남힐스테이트,84.39,202110,14,"46,760",7,2015,자곡로3길 21,,-,-
서울특별시 강남구 자곡동,619,619,0,엘에이치강남힐스테이트,59.93,202110,14,"70,675",12,2015,자곡로3길 21,,-,-
서울특별시 강남구 자곡동,619,619,0,엘에이치강남힐스테이트,74.8,202110,14,"42,770",9,2015,자곡로3길 21,,-,-
서울특별시 강남구 자곡동,619,619,0,엘에이치강남힐스테이트,84.39,202110,15,"47,435",15,2015,자곡로3길 21,,-,-
서울특별시 강남구 자곡동,619,619,0,엘에이치강남힐스테이트,74.8,202110,15,"42,500",11,2015,자곡로3길 21,,-,-
서울특별시 강남구 자곡동,619,619,0,엘에이치강남힐스테이트,74.8,202110,15,"43,070",13,2015,자곡로3길 21,,-,-
서울특별시 강남구 자곡동,619,619,0,엘에이치강남힐스테이트,74.8,202110,15,"41,780",3,2015,자곡로3길 21,,-,-
서울특별시 강남구 자곡동,619,619,0,엘에이치강남힐스테이트,84.39,202110,15,"46,880",9,2015,자곡로3길 21,,-,-
서울특별시 강남구 자곡동,619,619,0,엘에이치강남힐스테이트,84.39,202110,15,"46,025",5,2015,자곡로3길 21,,-,-
서울특별시 강남구 자곡동,619,619,0,엘에이치강남힐스테이트,84.39,202110,15,"46,985",9,2015,자곡로3길 21,,-,-
서울특별시 강남구 자곡동,619,619,0,엘에이치강남힐스테이트,74.8,202110,15,"42,800",11,2015,자곡로3길 21,,-,-
서울특별시 강남구 자곡동,619,619,0,엘에이치강남힐스테이트,84.39,202110,15,"45,650",3,2015,자곡로3길 21,,-,-
서울특별시 강남구 자곡동,619,619,0,엘에이치강남힐스테이트,84.39,202110,15,"46,055",5,2015,자곡로3길 21,,-,-
서울특별시 강남구 자곡동,619,619,0,엘에이치강남힐스테이트,84.39,202110,15,"46,640",13,2015,자곡로3길 21,,-,-
서울특별시 강남구 자곡동,619,619,0,엘에이치강남힐스테이트,74.8,202110,18,"43,280",15,2015,자곡로3길 21,,-,-
서울특별시 강남구 자곡동,619,619,0,엘에이치강남힐스테이트,84.39,202110,18,"46,805",9,2015,자곡로3길 21,,-,-
서울특별시 강남구 자곡동,619,619,0,엘에이치강남힐스테이트,84.39,202110,18,"46,355",9,2015,자곡로3길 21,,-,-
서울특별시 강남구 자곡동,619,619,0,엘에이치강남힐스테이트,84.39,202110,18,"45,875",3,2015,자곡로3길 21,,-,-
서울특별시 강남구 자곡동,619,619,0,엘에이치강남힐스테이트,84.39,202110,18,"46,460",5,2015,자곡로3길 21,,-,-
서울특별시 강남구 자곡동,619,619,0,엘에이치강남힐스테이트,84.39,202110,18,"46,685",9,2015,자곡로3길 21,,-,-
서울특별시 강남구 자곡동,619,619,0,엘에이치강남힐스테이트,84.39,202110,18,"47,030",9,2015,자곡로3길 21,,-,-
서울특별시 강남구 자곡동,619,619,0,엘에이치강남힐스테이트,74.8,202110,18,"42,590",7,2015,자곡로3길 21,,-,-
서울특별시 강남구 자곡동,619,619,0,엘에이치강남힐스테이트,74.8,202110,18,"41,540",4,2015,자곡로3길 21,,-,-
서울특별시 강남구 자곡동,619,619,0,엘에이치강남힐스테이트,84.39,202110,18,"45,530",3,2015,자곡로3길 21,,-,-
서울특별시 강남구 자곡동,619,619,0,엘에이치강남힐스테이트,84.39,202110,19,"46,970",11,2015,자곡로3길 21,,-,-
서울특별시 강남구 자곡동,619,619,0,엘에이치강남힐스테이트,84.39,202110,19,"47,345",17,2015,자곡로3길 21,,-,-
서울특별시 강남구 자곡동,619,619,0,엘에이치강남힐스테이트,51.96,202110,19,"109,000",8,2015,자곡로3길 21,,-,-
서울특별시 강남구 자곡동,619,619,0,엘에이치강남힐스테이트,74.8,202110,19,"42,680",9,2015,자곡로3길 21,,-,-
서울특별시 강남구 자곡동,619,619,0,엘에이치강남힐스테이트,84.39,202110,19,"45,875",3,2015,자곡로3길 21,,-,-
서울특별시 강남구 자곡동,619,619,0,엘에이치강남힐스테이트,74.8,202110,19,"42,050",3,2015,자곡로3길 21,,-,-
서울특별시 강남구 자곡동,619,619,0,엘에이치강남힐스테이트,74.8,202110,19,"42,800",9,2015,자곡로3길 21,,-,-
서울특별시 강남구 자곡동,619,619,0,엘에이치강남힐스테이트,84.39,202110,19,"46,355",5,2015,자곡로3길 21,,-,-
서울특별시 강남구 자곡동,619,619,0,엘에이치강남힐스테이트,74.8,202110,19,"42,590",9,2015,자곡로3길 21,,-,-
서울특별시 강남구 자곡동,619,619,0,엘에이치강남힐스테이트,84.39,202110,19,"46,760",7,2015,자곡로3길 21,,-,-
서울특별시 강남구 자곡동,619,619,0,엘에이치강남힐스테이트,84.39,202110,19,"47,195",11,2015,자곡로3길 21,,-,-
서울특별시 강남구 자곡동,619,619,0,엘에이치강남힐스테이트,84.39,202110,19,"46,940",11,2015,자곡로3길 21,,-,-
서울특별시 강남구 자곡동,619,619,0,엘에이치강남힐스테이트,84.39,202110,20,"46,805",7,2015,자곡로3길 21,,-,-
서울특별시 강남구 자곡동,619,619,0,엘에이치강남힐스테이트,84.39,202110,20,"47,120",11,2015,자곡로3길 21,,-,-
서울특별시 강남구 자곡동,619,619,0,엘에이치강남힐스테이트,59.93,202110,20,"70,280",10,2015,자곡로3길 21,,-,-
서울특별시 강남구 자곡동,619,619,0,엘에이치강남힐스테이트,84.39,202110,20,"46,175",5,2015,자곡로3길 21,,-,-
서울특별시 강남구 자곡동,619,619,0,엘에이치강남힐스테이트,51.96,202110,20,"62,395",8,2015,자곡로3길 21,,-,-
서울특별시 강남구 자곡동,619,619,0,엘에이치강남힐스테이트,84.39,202110,20,"46,805",9,2015,자곡로3길 21,,-,-
서울특별시 강남구 자곡동,619,619,0,엘에이치강남힐스테이트,74.8,202110,20,"41,570",2,2015,자곡로3길 21,,-,-
서울특별시 강남구 자곡동,619,619,0,엘에이치강남힐스테이트,74.8,202110,20,"41,390",3,2015,자곡로3길 21,,-,-
서울특별시 강남구 자곡동,619,619,0,엘에이치강남힐스테이트,84.39,202110,20,"46,805",7,2015,자곡로3길 21,,-,-
서울특별시 강남구 자곡동,619,619,0,엘에이치강남힐스테이트,74.8,202110,21,"43,325",15,2015,자곡로3길 21,,-,-
서울특별시 강남구 자곡동,619,619,0,엘에이치강남힐스테이트,74.8,202110,21,"42,140",5,2015,자곡로3길 21,,-,-
서울특별시 강남구 자곡동,619,619,0,엘에이치강남힐스테이트,84.39,202110,21,"46,205",7,2015,자곡로3길 21,,-,-
서울특별시 강남구 자곡동,619,619,0,엘에이치강남힐스테이트,84.39,202110,21,"46,160",7,2015,자곡로3길 21,,-,-
서울특별시 강남구 자곡동,619,619,0,엘에이치강남힐스테이트,84.39,202110,21,"47,465",15,2015,자곡로3길 21,,-,-
서울특별시 강남구 자곡동,619,619,0,엘에이치강남힐스테이트,74.8,202110,21,"42,110",5,2015,자곡로3길 21,,-,-
서울특별시 강남구 자곡동,619,619,0,엘에이치강남힐스테이트,74.8,202110,21,"41,600",7,2015,자곡로3길 21,,-,-
서울특별시 강남구 자곡동,619,619,0,엘에이치강남힐스테이트,84.39,202110,21,"47,030",11,2015,자곡로3길 21,,-,-
서울특별시 강남구 자곡동,619,619,0,엘에이치강남힐스테이트,84.39,202110,21,"47,060",9,2015,자곡로3길 21,,-,-
서울특별시 강남구 자곡동,619,619,0,엘에이치강남힐스테이트,84.39,202110,22,"46,175",7,2015,자곡로3길 21,,-,-
서울특별시 강남구 자곡동,619,619,0,엘에이치강남힐스테이트,74.8,202110,22,"41,675",6,2015,자곡로3길 21,,-,-
서울특별시 강남구 자곡동,619,619,0,엘에이치강남힐스테이트,74.8,202110,22,"43,220",15,2015,자곡로3길 21,,-,-
서울특별시 강남구 자곡동,619,619,0,엘에이치강남힐스테이트,74.8,202110,22,"42,110",5,2015,자곡로3길 21,,-,-
서울특별시 강남구 자곡동,619,619,0,엘에이치강남힐스테이트,84.39,202110,22,"47,015",9,2015,자곡로3길 21,,-,-
서울특별시 강남구 자곡동,619,619,0,엘에이치강남힐스테이트,74.8,202110,22,"42,560",9,2015,자곡로3길 21,,-,-
서울특별시 강남구 자곡동,619,619,0,엘에이치강남힐스테이트,84.39,202110,22,"46,205",11,2015,자곡로3길 21,,-,-
서울특별시 강남구 자곡동,619,619,0,엘에이치강남힐스테이트,74.8,202110,22,"42,170",4,2015,자곡로3길 21,,-,-
서울특별시 강남구 자곡동,619,619,0,엘에이치강남힐스테이트,84.39,202110,22,"47,030",13,2015,자곡로3길 21,,-,-
서울특별시 강남구 자곡동,619,619,0,엘에이치강남힐스테이트,84.39,202110,22,"46,805",7,2015,자곡로3길 21,,-,-
서울특별시 강남구 자곡동,619,619,0,엘에이치강남힐스테이트,74.8,202110,22,"42,170",7,2015,자곡로3길 21,,-,-
서울특별시 강남구 자곡동,619,619,0,엘에이치강남힐스테이트,74.8,202110,22,"42,350",7,2015,자곡로3길 21,,-,-
서울특별시 강남구 자곡동,619,619,0,엘에이치강남힐스테이트,84.39,202110,25,"46,565",7,2015,자곡로3길 21,,-,-
서울특별시 강남구 자곡동,619,619,0,엘에이치강남힐스테이트,84.39,202110,25,"45,980",7,2015,자곡로3길 21,,-,-
서울특별시 강남구 자곡동,619,619,0,엘에이치강남힐스테이트,74.8,202110,25,"43,190",15,2015,자곡로3길 21,,-,-
서울특별시 강남구 자곡동,619,619,0,엘에이치강남힐스테이트,74.8,202110,25,"42,050",7,2015,자곡로3길 21,,-,-
서울특별시 강남구 자곡동,619,619,0,엘에이치강남힐스테이트,84.39,202110,25,"45,650",3,2015,자곡로3길 21,,-,-
서울특별시 강남구 자곡동,619,619,0,엘에이치강남힐스테이트,74.8,202110,25,"42,830",9,2015,자곡로3길 21,,-,-
서울특별시 강남구 자곡동,619,619,0,엘에이치강남힐스테이트,84.05,202110,25,"46,615",13,2015,자곡로3길 21,,-,-
서울특별시 강남구 자곡동,619,619,0,엘에이치강남힐스테이트,84.39,202110,25,"45,920",3,2015,자곡로3길 21,,-,-
서울특별시 강남구 자곡동,619,619,0,엘에이치강남힐스테이트,84.39,202110,25,"47,390",13,2015,자곡로3길 21,,-,-
서울특별시 강남구 자곡동,619,619,0,엘에이치강남힐스테이트,84.39,202110,25,"46,640",7,2015,자곡로3길 21,,-,-
서울특별시 강남구 자곡동,619,619,0,엘에이치강남힐스테이트,84.39,202110,26,"46,325",5,2015,자곡로3길 21,,-,-
서울특별시 강남구 자곡동,619,619,0,엘에이치강남힐스테이트,84.39,202110,26,"46,055",7,2015,자곡로3길 21,,-,-
서울특별시 강남구 자곡동,619,619,0,엘에이치강남힐스테이트,84.39,202110,26,"46,880",11,2015,자곡로3길 21,,-,-
서울특별시 강남구 자곡동,619,619,0,엘에이치강남힐스테이트,84.39,202110,26,"45,500",5,2015,자곡로3길 21,,-,-
서울특별시 강남구 자곡동,619,619,0,엘에이치강남힐스테이트,74.8,202110,26,"41,420",3,2015,자곡로3길 21,,-,-
서울특별시 강남구 자곡동,619,619,0,엘에이치강남힐스테이트,74.8,202110,26,"41,510",2,2015,자곡로3길 21,,-,-
서울특별시 강남구 자곡동,619,619,0,엘에이치강남힐스테이트,84.39,202110,26,"47,315",13,2015,자곡로3길 21,,-,-
서울특별시 강남구 자곡동,619,619,0,엘에이치강남힐스테이트,84.39,202110,26,"47,360",13,2015,자곡로3길 21,,-,-
서울특별시 강남구 자곡동,619,619,0,엘에이치강남힐스테이트,84.39,202110,26,"46,835",9,2015,자곡로3길 21,,-,-
서울특별시 강남구 자곡동,619,619,0,엘에이치강남힐스테이트,84.39,202110,27,"47,300",13,2015,자곡로3길 21,,-,-
서울특별시 강남구 자곡동,619,619,0,엘에이치강남힐스테이트,59.93,202110,27,"68,255",3,2015,자곡로3길 21,,-,-
서울특별시 강남구 자곡동,619,619,0,엘에이치강남힐스테이트,59.93,202110,27,"68,995",5,2015,자곡로3길 21,,-,-
서울특별시 강남구 자곡동,619,619,0,엘에이치강남힐스테이트,84.39,202110,27,"46,160",5,2015,자곡로3길 21,,-,-
서울특별시 강남구 자곡동,619,619,0,엘에이치강남힐스테이트,84.39,202110,27,"47,435",15,2015,자곡로3길 21,,-,-
서울특별시 강남구 자곡동,619,619,0,엘에이치강남힐스테이트,84.39,202110,27,"45,665",3,2015,자곡로3길 21,,-,-
서울특별시 강남구 자곡동,619,619,0,엘에이치강남힐스테이트,84.39,202110,27,"46,835",9,2015,자곡로3길 21,,-,-
서울특별시 강남구 자곡동,619,619,0,엘에이치강남힐스테이트,84.39,202110,27,"46,760",7,2015,자곡로3길 21,,-,-
서울특별시 강남구 자곡동,619,619,0,엘에이치강남힐스테이트,74.8,202110,27,"43,355",15,2015,자곡로3길 21,,-,-
서울특별시 강남구 자곡동,619,619,0,엘에이치강남힐스테이트,74.8,202110,27,"41,330",1,2015,자곡로3길 21,,-,-
서울특별시 강남구 청담동,125,125,0,범신칼릭스빌,84.78,202110,2,"150,000",3,2005,도산대로89길 12,,-,-
서울특별시 강남구 청담동,60,60,0,삼성청담공원아파트,59.93,202110,16,"174,000",15,1999,도산대로96길 39,,-,-
서울특별시 강남구 청담동,33,33,0,청담동삼성1차아파트,59.4,202110,4,"162,500",9,1997,삼성로133길 20,,-,-
서울특별시 강남구 청담동,134-38,134,38,청담자이,90.197,202110,1,"330,000",14,2011,영동대로138길 12,,-,-
서울특별시 강동구 강일동,699,699,0,강일리버파크9단지,84.74,202110,6,"120,000",8,2009,고덕로97길 29,,-,-
서울특별시 강동구 고덕동,499,499,0,고덕 아이파크,59.99,202110,1,"129,000",11,2011,동남로79길 26,,-,-
서울특별시 강동구 고덕동,499,499,0,고덕 아이파크,59.99,202110,8,"140,000",3,2011,동남로79길 26,,-,-
서울특별시 강동구 고덕동,693,693,0,고덕그라시움,175.299,202110,10,"400,000",32,2019,고덕로 333,,-,-
서울특별시 강동구 고덕동,693,693,0,고덕그라시움,84.244,202110,15,"190,000",17,2019,고덕로 333,,-,-
서울특별시 강동구 고덕동,693,693,0,고덕그라시움,84.244,202110,16,"189,000",19,2019,고덕로 333,,-,-
서울특별시 강동구 고덕동,693,693,0,고덕그라시움,84.046,202110,16,"200,000",13,2019,고덕로 333,,-,-
서울특별시 강동구 고덕동,688,688,0,고덕래미안힐스테이트아파트,84.94,202110,4,"166,500",4,2016,아리수로50길 50,,-,-
서울특별시 강동구 고덕동,486,486,0,아남1,84.91,202110,1,"138,000",8,1996,양재대로 1706,,-,-
서울특별시 강동구 고덕동,486,486,0,아남1,84.91,202110,5,"139,500",10,1996,양재대로 1706,,-,-
서울특별시 강동구 고덕동,486,486,0,아남1,84.91,202110,24,"127,500",9,1996,양재대로 1706,,-,-
서울특별시 강동구 길동,445-1,445,1,강동역에스케이허브,84.81,202110,9,"90,000",13,2006,천호대로 1107,,-,-
서울특별시 강동구 길동,456-3,456,3,강동큐브,12.49,202110,16,"10,800",12,2013,천호대로175길 16,,-,-
서울특별시 강동구 길동,456-3,456,3,강동큐브,12.49,202110,16,"10,800",13,2013,천호대로175길 16,,-,-
서울특별시 강동구 길동,415-13,415,13,강동큐브(2차),12.52,202110,16,"10,900",8,2013,진황도로 85,,-,-
서울특별시 강동구 길동,415-13,415,13,강동큐브(2차),12.52,202110,16,"10,900",7,2013,진황도로 85,,-,-
서울특별시 강동구 길동,415-13,415,13,강동큐브(2차),15.12,202110,23,"11,000",8,2013,진황도로 85,,-,-
서울특별시 강동구 길동,414-10,414,10,강동한신휴플러스,76.4,202110,9,"70,800",11,2006,진황도로 99,,-,-
서울특별시 강동구 길동,383-8,383,8,노블레스(383-8),84.55,202110,7,"50,500",1,2004,성안로 182,,-,-
서울특별시 강동구 길동,339-1,339,1,동서울오네뜨,84.82,202110,20,"80,000",8,2009,양재대로124길 32,,-,-
서울특별시 강동구 길동,384-4,384,4,에이치비골드빌(102동),64.19,202110,14,"78,000",14,2004,성안로 172,,-,-
서울특별시 강동구 길동,337-19,337,19,예전이룸2차,84.13,202110,11,"79,800",7,2004,양재대로122가길 14,,-,-
서울특별시 강동구 길동,457,457,0,청광플러스원큐브2차,14.495,202110,1,"13,000",15,2013,천호대로175길 10,,-,-
서울특별시 강동구 길동,415-16,415,16,청광플러스원큐브3차,13.265,202110,8,"11,500",18,2014,진황도로 87,,-,-
서울특별시 강동구 길동,343-1,343,1,현대웰하임(101동),16.959,202110,20,"12,640",13,2012,천중로53길 6,,-,-
서울특별시 강동구 길동,343-1,343,1,현대웰하임(101동),16.959,202110,20,"13,050",8,2012,천중로53길 6,,-,-
서울특별시 강동구 길동,343-1,343,1,현대웰하임(101동),16.959,202110,28,"13,500",13,2012,천중로53길 6,,-,-
서울특별시 강동구 길동,343-1,343,1,현대웰하임(101동),16.959,202110,28,"14,700",8,2012,천중로53길 6,,-,-
서울특별시 강동구 길동,343-2,343,2,현대웰하임(201동),14.468,202110,20,"8,170",4,2012,천중로49가길 56,,-,-
서울특별시 강동구 길동,343-2,343,2,현대웰하임(201동),14.468,202110,20,"8,680",4,2012,천중로49가길 56,,-,-
서울특별시 강동구 길동,343-2,343,2,현대웰하임(201동),18.528,202110,20,"12,740",6,2012,천중로49가길 56,,-,-
서울특별시 강동구 길동,343-2,343,2,현대웰하임(201동),18.528,202110,28,"15,000",6,2012,천중로49가길 56,,-,-
서울특별시 강동구 길동,343-2,343,2,현대웰하임(201동),14.468,202110,28,"10,500",4,2012,천중로49가길 56,,-,-
서울특별시 강동구 길동,343-2,343,2,현대웰하임(201동),14.468,202110,28,"10,500",4,2012,천중로49가길 56,,-,-
서울특별시 강동구 둔촌동,94-16,94,16,동아,54.22,202110,22,"52,000",1,1992,진황도로61길 18,,-,-
서울특별시 강동구 둔촌동,555,555,0,신동아파밀리에,59.4,202110,14,"105,000",2,2002,양재대로96길 79,,-,-
서울특별시 강동구 둔촌동,603,603,0,프라자,109.07,202110,2,"147,500",9,1984,천호대로 1240,,-,-
서울특별시 강동구 둔촌동,603,603,0,프라자,83.4,202110,12,"115,000",2,1984,천호대로 1240,,-,-
서울특별시 강동구 둔촌동,04월 30일,30,4,현대1차아파트,84.36,202110,4,"139,000",14,1984,동남로49길 57,,-,-
서울특별시 강동구 둔촌동,89,89,0,현대4,59.49,202110,12,"96,000",2,1996,진황도로61길 7,,-,-
서울특별시 강동구 둔촌동,89,89,0,현대4,84.94,202110,18,"124,500",16,1996,진황도로61길 7,,-,-
서울특별시 강동구 명일동,359,359,0,래미안솔베뉴,59.11,202110,13,"135,000",4,2019,양재대로 1650,,-,-
서울특별시 강동구 명일동,332,332,0,명일엘지,84.9,202110,4,"111,000",6,1999,상암로51길 54,,-,-
서울특별시 강동구 명일동,332,332,0,명일엘지,59.79,202110,13,"89,500",3,1999,상암로51길 61,,-,-
서울특별시 강동구 명일동,270,270,0,삼익가든,82.45,202110,14,"148,000",1,1984,상암로 224,,-,-
서울특별시 강동구 명일동,15,15,0,삼익그린2차,66.87,202110,2,"148,000",3,1983,고덕로 210,,-,-
서울특별시 강동구 명일동,47,47,0,삼환,84.93,202110,13,"145,000",4,1992,고덕로62길 29,,-,-
서울특별시 강동구 명일동,54,54,0,한양,84.92,202110,8,"160,000",14,1986,동남로71길 19,,-,-
서울특별시 강동구 상일동,514,514,0,고덕롯데캐슬베네루체,59.981,202110,11,"140,000",16,2019,상암로79길 88,,-,-
서울특별시 강동구 상일동,513,513,0,고덕센트럴아이파크,59.97,202110,4,"144,000",15,2019,고덕로80길 99,,-,-
서울특별시 강동구 상일동,520,520,0,고덕아르테온,84.97,202110,2,"181,000",13,2020,고덕로 360,,-,-
서울특별시 강동구 상일동,520,520,0,고덕아르테온,84.97,202110,12,"178,000",19,2020,고덕로 360,,-,-
서울특별시 강동구 상일동,520,520,0,고덕아르테온,84.97,202110,22,"178,800",9,2020,고덕로 360,,-,-
서울특별시 강동구 성내동,407-2,407,2,동방,60,202110,5,"60,000",7,1995,양재대로95길 74,,-,-
서울특별시 강동구 성내동,419-1,419,1,둔촌역청구,59.87,202110,11,"96,500",3,1999,풍성로 196,,-,-
서울특별시 강동구 성내동,590,590,0,성내동삼성아파트,59.88,202110,23,"108,500",17,1999,풍성로 127,,-,-
서울특별시 강동구 성내동,295,295,0,성안마을청구,59.93,202110,23,"95,500",15,2002,풍성로 114-1,,-,-
서울특별시 강동구 성내동,320-1,320,1,신주,84.98,202110,11,"82,000",4,2003,올림픽로 568-12,,-,-
서울특별시 강동구 성내동,386-6,386,6,우성(102동),83.99,202110,2,"76,900",6,2004,양재대로101길 51-16,,-,-
서울특별시 강동구 성내동,01월 25일,25,1,이안강동,84.98,202110,9,"89,500",8,2006,천호대로162길 34,,-,-
서울특별시 강동구 성내동,513,513,0,중앙,165.28,202110,13,"116,000",4,1992,풍성로45길 18,,-,-
서울특별시 강동구 성내동,196-8,196,8,코오롱(1차),84.69,202110,19,"80,000",6,1999,천호대로168길 25,,-,-
서울특별시 강동구 성내동,111-64,111,64,포레스(A동),77.49,202110,13,"81,000",2,2003,풍성로 91,,-,-
서울특별시 강동구 암사동,414-2,414,2,롯데캐슬퍼스트,84.81,202110,1,"163,000",17,2008,고덕로 131,,-,-
서울특별시 강동구 암사동,414-2,414,2,롯데캐슬퍼스트,84.98,202110,25,"149,990",20,2008,고덕로 131,,-,-
서울특별시 강동구 암사동,509,509,0,선사현대아파트,59.64,202110,2,"118,500",24,2000,상암로 11,,-,-
서울특별시 강동구 암사동,509,509,0,선사현대아파트,72.85,202110,4,"125,100",19,2000,상암로 11,,-,-
서울특별시 강동구 암사동,509,509,0,선사현대아파트,59.64,202110,7,"110,500",23,2000,상암로 11,,-,-
서울특별시 강동구 암사동,509,509,0,선사현대아파트,58.68,202110,12,"108,700",21,2000,상암로 11,,-,-
서울특별시 강동구 암사동,509,509,0,선사현대아파트,83.79,202110,14,"140,000",23,2000,상암로 11,,-,-
서울특별시 강동구 암사동,509,509,0,선사현대아파트,59.64,202110,16,"120,000",21,2000,상암로 11,,-,-
서울특별시 강동구 암사동,509,509,0,선사현대아파트,59.64,202110,16,"115,000",17,2000,상암로 11,,-,-
서울특별시 강동구 암사동,509,509,0,선사현대아파트,59.64,202110,21,"125,000",28,2000,상암로 11,,-,-
서울특별시 강동구 암사동,493-14,493,14,중앙하이츠,59.52,202110,2,"74,000",6,1998,올림픽로98가길 47,,-,-
서울특별시 강동구 암사동,413,413,0,프라이어팰리스,114.272,202110,15,"159,000",6,2007,고덕로 130,,-,-
서울특별시 강동구 암사동,516-2,516,2,한강리치팰리스,78.19,202110,2,"80,000",4,2010,선사로 138,,-,-
서울특별시 강동구 천호동,121-32,121,32,다성이즈빌(121-32),39.01,202110,26,"30,000",1,2017,성안로 195,,-,-
서울특별시 강동구 천호동,Aug-49,49,8,대명사이버아파트,84.62,202110,8,"80,000",7,2001,양재대로123길 31,,-,-
서울특별시 강동구 천호동,Aug-49,49,8,대명사이버아파트,59.84,202110,23,"67,000",5,2001,양재대로123길 31,,-,-
서울특별시 강동구 천호동,414,414,0,두산위브센티움,31.37,202110,12,"15,000",4,2004,올림픽로70길 61,,-,-
서울특별시 강동구 천호동,Apr-55,55,4,천호롯데아파트,84.51,202110,12,"86,000",16,1999,천중로 161,,-,-
서울특별시 강동구 천호동,168-6,168,6,현대아파트,44.1,202110,1,"71,500",10,1990,진황도로 47-2,,-,-
서울특별시 강동구 천호동,467-11,467,11,현진리버파크,23.08,202110,22,"28,000",3,2017,구천면로 144,20211022,-,-
서울특별시 강동구 천호동,467-11,467,11,현진리버파크,23.08,202110,22,"28,000",3,2017,구천면로 144,,-,-
서울특별시 강북구 미아동,1356,1356,0,경남아너스빌(1356-0),114.922,202110,7,"96,000",1,2003,오패산로30길 30,,-,-
서울특별시 강북구 미아동,4,4,0,꿈의숲롯데캐슬,84.98,202110,19,"117,000",8,2017,오현로 56,,-,-
서울특별시 강북구 미아동,4,4,0,꿈의숲롯데캐슬,84.98,202110,30,"113,500",12,2017,오현로 56,,-,-
서울특별시 강북구 미아동,811,811,0,두산위브트레지움,114.88,202110,20,"120,000",2,2011,삼양로27길 80,,-,-
서울특별시 강북구 미아동,797,797,0,미아1차래미안,84.58,202110,5,"88,000",9,2006,삼양로 256,,-,-
서울특별시 강북구 미아동,797,797,0,미아1차래미안,59.9,202110,29,"73,200",2,2006,삼양로 256,,-,-
서울특별시 강북구 미아동,1354,1354,0,벽산라이브파크,60,202110,5,"70,000",3,2004,솔샘로 159,,-,-
서울특별시 강북구 미아동,1357,1357,0,삼각산아이원,59.758,202110,9,"79,000",6,2003,삼양로19길 113,,-,-
서울특별시 강북구 미아동,1357,1357,0,삼각산아이원,84.705,202110,16,"90,000",10,2003,삼양로19길 113,,-,-
서울특별시 강북구 미아동,1357,1357,0,삼각산아이원,84.705,202110,22,"89,900",8,2003,삼양로19길 113,,-,-
서울특별시 강북구 미아동,1353,1353,0,에스케이북한산시티,59.98,202110,4,"77,500",9,2004,솔샘로 174,,-,-
서울특별시 강북구 미아동,1353,1353,0,에스케이북한산시티,114.85,202110,4,"89,900",1,2004,솔샘로 174,,-,-
서울특별시 강북구 미아동,1353,1353,0,에스케이북한산시티,59.98,202110,10,"76,500",2,2004,솔샘로 174,,-,-
서울특별시 강북구 미아동,1353,1353,0,에스케이북한산시티,59.98,202110,11,"69,850",1,2004,솔샘로 174,,-,-
서울특별시 강북구 미아동,1353,1353,0,에스케이북한산시티,59.98,202110,13,"73,000",2,2004,솔샘로 174,,-,-
서울특별시 강북구 미아동,1353,1353,0,에스케이북한산시티,59.98,202110,14,"72,300",12,2004,솔샘로 174,,-,-
서울특별시 강북구 미아동,1353,1353,0,에스케이북한산시티,59.98,202110,16,"74,700",20,2004,솔샘로 174,,-,-
서울특별시 강북구 번동,136,136,0,번동솔그린,59.82,202110,1,"54,700",6,1999,한천로109길 83,,-,-
서울특별시 강북구 번동,760,760,0,오동공원현대,117.2775,202110,8,"79,300",2,2001,오현로31길 89,,-,-
서울특별시 강북구 번동,139,139,0,해모로아파트,84.93,202110,2,"77,500",6,2003,오현로 156,,-,-
서울특별시 강북구 수유동,274-3,274,3,FIRSTVIEW,46.61,202110,16,"29,000",7,2010,삼양로130길 9-21,,-,-
서울특별시 강북구 수유동,734,734,0,북한산네이처파크,50.26,202110,11,"41,500",2,2015,4.19로9길 17,,-,-
서울특별시 강북구 수유동,281-32,281,32,풍산쉐르빌A동,79.75,202110,4,"29,000",3,2000,삼양로131길 23-8,,-,-
서울특별시 강서구 가양동,1490,1490,0,가양도시개발9-2단지,49.5,202110,11,"97,700",12,1993,허준로 234,,-,-
서울특별시 강서구 가양동,1490,1490,0,가양도시개발9-2단지,34.44,202110,13,"66,000",10,1993,허준로 234,,-,-
서울특별시 강서구 가양동,1500,1500,0,강서한강자이,98.9994,202110,2,"149,000",8,2013,양천로55길 55,,-,-
서울특별시 강서구 가양동,1460,1460,0,한강타운,84.99,202110,3,"137,200",9,1993,허준로 23,,-,-
서울특별시 강서구 내발산동,730,730,0,길성그랑프리텔,84.99,202110,11,"93,000",11,2003,강서로46길 79,,-,-
서울특별시 강서구 내발산동,730,730,0,길성그랑프리텔,84.99,202110,19,"77,000",2,2003,강서로46길 79,,-,-
서울특별시 강서구 내발산동,742,742,0,마곡수명산파크1단지,84.53,202110,6,"130,000",12,2007,강서로47길 108,,-,-
서울특별시 강서구 내발산동,753,753,0,마곡수명산파크4단지,84.76,202110,4,"120,000",7,2008,수명로1길 16,,-,-
서울특별시 강서구 내발산동,704-2,704,2,우장산타워빌,84.6,202110,19,"81,000",2,2002,우장산로4길 60,,-,-
서울특별시 강서구 내발산동,657,657,0,우장산힐스테이트,84.98,202110,16,"149,000",15,2005,강서로 348,,-,-
서울특별시 강서구 등촌동,635-6,635,6,나성,84.7533,202110,23,"79,500",7,2003,화곡로66길 173,,-,-
서울특별시 강서구 등촌동,694,694,0,대림,89.975,202110,7,"134,000",13,1995,공항대로39길 100,,-,-
서울특별시 강서구 등촌동,641-4,641,4,등촌동보람쉬움아파트,84.51,202110,4,"87,500",7,2003,화곡로66길 80,,-,-
서울특별시 강서구 등촌동,715,715,0,등촌동아이파크,134.8836,202110,1,"155,000",12,2004,등촌로 163,,-,-
서울특별시 강서구 등촌동,564-7,564,7,삼형.그레이스빌,55.178,202110,15,"65,300",3,2001,등촌로 91,,-,-
서울특별시 강서구 등촌동,642,642,0,제일(코오롱),59.95,202110,15,"75,000",7,1999,화곡로66길 90,,-,-
서울특별시 강서구 등촌동,702,702,0,주공10,58.14,202110,2,"93,300",7,1995,화곡로63가길 71,,-,-
서울특별시 강서구 등촌동,702,702,0,주공10,58.14,202110,6,"94,400",7,1995,화곡로63가길 71,,-,-
서울특별시 강서구 등촌동,695,695,0,주공5,37.67,202110,9,"71,600",13,1995,공항대로39길 74,,-,-
서울특별시 강서구 등촌동,714,714,0,코오롱하늘채,59.95,202110,23,"78,000",10,2003,공항대로55길 19,,-,-
서울특별시 강서구 등촌동,676,676,0,태진아름,84.81,202110,15,"88,500",5,1995,등촌로53길 39,,-,-
서울특별시 강서구 등촌동,634-2,634,2,한사랑2삼성,59.85,202110,6,"75,000",15,1999,공항대로59길 64,,-,-
서울특별시 강서구 마곡동,734,734,0,마곡엠밸리1단지,84.88,202110,1,"155,500",8,2014,마곡서1로 131,,-,-
서울특별시 강서구 마곡동,743,743,0,마곡엠밸리6단지,84.74,202110,15,"146,000",3,2014,마곡서1로 100,,-,-
서울특별시 강서구 마곡동,725-1,725,1,마곡힐스테이트,59.99,202110,7,"115,000",5,2017,마곡중앙3로 74,,-,-
서울특별시 강서구 방화동,898,898,0,경동팰리스힐,12.35,202110,6,"8,200",6,2014,양천로14길 44,,-,-
서울특별시 강서구 방화동,898,898,0,경동팰리스힐,12.22,202110,22,"8,400",6,2014,양천로14길 44,,-,-
서울특별시 강서구 방화동,897,897,0,마곡일성트루엘,72.034,202110,2,"96,800",3,2013,방화대로34길 110,,-,-
서울특별시 강서구 방화동,859,859,0,마곡청구아파트,84.92,202110,3,"89,500",8,1998,양천로26길 103,,-,-
서울특별시 강서구 방화동,863,863,0,마곡현대아파트,70.86,202110,6,"83,000",9,1999,양천로 140,,-,-
서울특별시 강서구 방화동,852,852,0,방화12도시개발공사,39.58,202110,11,"60,000",13,1994,양천로6길 28,,-,-
서울특별시 강서구 방화동,814,814,0,방화5,39.6,202110,17,"62,000",2,1994,금낭화로 287-19,,-,-
서울특별시 강서구 방화동,832,832,0,청솔,59.04,202110,28,"66,000",2,1994,방화대로47길 55,,-,-
서울특별시 강서구 방화동,547-11,547,11,한오,47.42,202110,4,"30,000",6,1988,양천로14길 86-5,,-,-
서울특별시 강서구 방화동,615-103,615,103,형제,64.08,202110,1,"95,000",2,1982,개화동로25길 34,,-,-
서울특별시 강서구 방화동,861,861,0,홍익,70.44,202110,15,"35,000",3,1999,양천로7길 8,,-,-
서울특별시 강서구 염창동,309,309,0,e편한세상염창,74.2998,202110,9,"140,000",14,2019,공항대로 583,,-,-
서울특별시 강서구 염창동,309,309,0,e편한세상염창,84.9783,202110,16,"152,000",7,2019,공항대로 583,,-,-
서울특별시 강서구 염창동,240-1,240,1,강변월드메르디앙,84.9341,202110,8,"121,500",6,2010,양천로63길 51,,-,-
서울특별시 강서구 염창동,303,303,0,강변코아루,84.77,202110,4,"114,500",11,2007,양천로71길 54,,-,-
서울특별시 강서구 염창동,280,280,0,극동상록수,84.96,202110,7,"110,000",12,1999,공항대로71길 31,,-,-
서울특별시 강서구 염창동,280,280,0,극동상록수,84.96,202110,13,"98,000",1,1999,공항대로71길 31,,-,-
서울특별시 강서구 염창동,292,292,0,동아,84.95,202110,14,"115,000",9,1998,양천로69길 58,,-,-
서울특별시 강서구 염창동,258-1,258,1,동아3,59.7,202110,11,"92,000",17,1999,양천로 731,,-,-
서울특별시 강서구 염창동,255,255,0,무학,59.38,202110,11,"85,500",14,1999,양천로77길 45,,-,-
서울특별시 강서구 염창동,289,289,0,신동아,59.82,202110,9,"81,000",7,1995,양천로67길 32,,-,-
서울특별시 강서구 염창동,301,301,0,염창3차보람,84.98,202110,4,"93,000",14,2006,양천로71가길 21,,-,-
서울특별시 강서구 염창동,297,297,0,월드메르디앙,84.98,202110,26,"105,000",13,2004,양천로71길 38,,-,-
서울특별시 강서구 화곡동,1161,1161,0,강서동도센트리움,14.677,202110,5,"10,000",6,2012,공항대로46길 28,,-,-
서울특별시 강서구 화곡동,1161,1161,0,강서동도센트리움,14.677,202110,26,"10,500",8,2012,공항대로46길 28,,-,-
서울특별시 강서구 화곡동,1165,1165,0,강서힐스테이트,84.99,202110,3,"144,000",10,2015,우현로 67,,-,-
서울특별시 강서구 화곡동,1165,1165,0,강서힐스테이트,128.81,202110,4,"168,500",4,2015,우현로 67,,-,-
서울특별시 강서구 화곡동,1165,1165,0,강서힐스테이트,59.99,202110,6,"121,500",15,2015,우현로 67,,-,-
서울특별시 강서구 화곡동,912-1,912,1,궁전(912-1)B동,91.08,202110,16,"54,600",8,1998,강서로5나길 83,,-,-
서울특별시 강서구 화곡동,920-15,920,15,남광아파트,45.99,202110,4,"32,500",10,2017,곰달래로18길 3,,-,-
서울특별시 강서구 화곡동,1061-34,1061,34,다울,58.45,202110,4,"27,000",6,2002,화곡로27가길 29,,-,-
서울특별시 강서구 화곡동,899-4,899,4,동양하우징(899-4),26.29,202110,12,"26,800",11,2017,곰달래로24길 12,,-,-
서울특별시 강서구 화곡동,899-13,899,13,드림시드아파트1차,44.53,202110,9,"32,000",8,2017,강서로7길 20-10,,-,-
서울특별시 강서구 화곡동,899-31,899,31,디아인스,23.93,202110,15,"27,000",4,2018,곰달래로 122,,-,-
서울특별시 강서구 화곡동,899-31,899,31,디아인스,23.93,202110,16,"29,500",8,2018,곰달래로 122,,-,-
서울특별시 강서구 화곡동,897-2,897,2,루체비스타,23.66,202110,15,"22,000",11,2017,강서로10길 19,,-,-
서울특별시 강서구 화곡동,917-14,917,14,삼성다빈치(917-14),14.35,202110,18,"11,500",11,2015,강서로7길 70,,-,-
서울특별시 강서구 화곡동,981-1,981,1,서광프리메라,83.7,202110,1,"64,500",11,2006,화곡로 292,,-,-
서울특별시 강서구 화곡동,143-6,143,6,성재센트리움아파트,25.47,202110,15,"22,000",7,2016,화곡로 176-19,,-,-
서울특별시 강서구 화곡동,1159,1159,0,"우장산아이파크,이편한세상",84.97,202110,11,"140,000",11,2008,강서로 266,,-,-
서울특별시 강서구 화곡동,355-42,355,42,정원,52.65,202110,1,"20,700",5,2002,월정로24길 22,,-,-
서울특별시 강서구 화곡동,351-89,351,89,중앙화곡하이츠,56.88,202110,14,"57,000",9,1988,강서로17가길 46,,-,-
서울특별시 강서구 화곡동,351-89,351,89,중앙화곡하이츠,56.88,202110,29,"54,000",7,1988,강서로17가길 46,,-,-
서울특별시 강서구 화곡동,926-4,926,4,지석,76.5,202110,18,"42,000",4,2002,곰달래로18길 33-13,,-,-
서울특별시 강서구 화곡동,1139,1139,0,초록,59.34,202110,16,"84,000",4,1998,강서로45다길 30-27,,-,-
서울특별시 강서구 화곡동,926-5,926,5,한양아이클래스,13.79,202110,1,"8,000",7,2013,강서로7길 107,,-,-
서울특별시 강서구 화곡동,926-5,926,5,한양아이클래스,13.79,202110,18,"8,500",10,2013,강서로7길 107,,-,-
서울특별시 강서구 화곡동,899-8,899,8,한울아파트,26.24,202110,27,"26,800",6,2018,강서로7길 18,,-,-
서울특별시 강서구 화곡동,1091,1091,0,화곡푸르지오,84.914,202110,12,"120,000",9,2002,화곡로13길 107,,-,-
서울특별시 강서구 화곡동,1091,1091,0,화곡푸르지오,104.75,202110,15,"124,000",11,2002,화곡로13길 107,,-,-
서울특별시 관악구 남현동,1079-3,1079,3,하이파크,75.03,202110,1,"86,500",6,2011,남현길 96,,-,-
서울특별시 관악구 남현동,1079-3,1079,3,하이파크,84.3,202110,13,"92,600",1,2011,남현길 96,,-,-
서울특별시 관악구 남현동,1132,1132,0,흥화브라운빌,59.88,202110,11,"85,000",5,2003,남현길 144,,-,-
서울특별시 관악구 남현동,1132,1132,0,흥화브라운빌,84.95,202110,12,"88,500",2,2003,남현길 144,,-,-
서울특별시 관악구 봉천동,1730-1,1730,1,e편한세상서울대입구2단지,59.96,202110,21,"117,000",6,2019,청룡16길 43,,-,-
서울특별시 관악구 봉천동,1712,1712,0,관악드림(삼성),114.75,202110,17,"124,500",10,2003,성현로 80,,-,-
서울특별시 관악구 봉천동,859-17,859,17,관악위버폴리스,104.913,202110,4,"109,500",13,2010,관악로 195,,-,-
서울특별시 관악구 봉천동,1727,1727,0,관악유앤아이,84.866,202110,23,"97,000",10,2009,은천로 137,,-,-
서울특별시 관악구 봉천동,1717,1717,0,관악푸르지오,59.58,202110,23,"92,500",3,2004,관악로30길 27,,-,-
서울특별시 관악구 봉천동,296,296,0,낙성대현대(296),59.78,202110,22,"80,500",6,1998,낙성대로 37,,-,-
서울특별시 관악구 봉천동,1713,1713,0,낙성대현대홈타운,84.923,202110,9,"110,000",7,2002,솔밭로7길 16,,-,-
서울특별시 관악구 봉천동,729-22,729,22,롯데스카이,170.11,202110,24,"160,000",15,1997,봉천로 209,,-,-
서울특별시 관악구 봉천동,893-12,893,12,마에스트로캠퍼스타운,14.49,202110,8,"13,450",11,2012,남부순환로 1773,,-,-
서울특별시 관악구 봉천동,1718,1718,0,벽산블루밍,59.99,202110,2,"84,000",17,2005,은천로 93,,-,-
서울특별시 관악구 봉천동,1718,1718,0,벽산블루밍,59.99,202110,2,"87,200",11,2005,은천로 93,,-,-
서울특별시 관악구 봉천동,1718,1718,0,벽산블루밍,114.97,202110,8,"131,000",14,2005,은천로 93,,-,-
서울특별시 관악구 봉천동,1718,1718,0,벽산블루밍,84.99,202110,12,"103,000",5,2005,은천로 93,,-,-
서울특별시 관악구 봉천동,1720,1720,0,벽산블루밍3차,83.87,202110,4,"97,000",15,2004,은천로15길 24,,-,-
서울특별시 관악구 봉천동,100-519,100,519,보람하이빌,84.63,202110,5,"55,000",5,2004,행운5길 8-9,,-,-
서울특별시 관악구 봉천동,645-87,645,87,복권,47.61,202110,6,"30,000",1,1971,은천로5길 39,,-,-
서울특별시 관악구 봉천동,1703,1703,0,봉천동아,59.76,202110,7,"77,500",2,2000,관악로 285,,-,-
서울특별시 관악구 봉천동,1706,1706,0,봉천우성,84.96,202110,1,"109,500",18,2000,관악로30길 12,,-,-
서울특별시 관악구 봉천동,180-261,180,261,삼정,80.28,202110,2,"54,700",7,2001,인헌길 168,,-,-
서울특별시 관악구 봉천동,180-261,180,261,삼정,83.09,202110,11,"52,000",3,2001,인헌길 168,,-,-
서울특별시 관악구 봉천동,1574-1,1574,1,생모리츠타운,84.36,202110,12,"64,000",7,2007,쑥고개로 100,,-,-
서울특별시 관악구 봉천동,869-6,869,6,서울대역마에스트로,19.46,202110,11,"17,000",19,2012,남부순환로218길 1,,-,-
서울특별시 관악구 봉천동,1568-1,1568,1,서울대입구한양아이클래스,16.58,202110,9,"18,000",16,2018,쑥고개로 123,,-,-
서울특별시 관악구 봉천동,1729,1729,0,서희스타힐스,52.6,202110,2,"70,000",5,2015,청림3길 10,,-,-
서울특별시 관악구 봉천동,1729,1729,0,서희스타힐스,59.92,202110,16,"81,500",8,2015,청림3길 10,,-,-
서울특별시 관악구 봉천동,863-9,863,9,코스모블루,13.09,202110,4,"11,500",8,2012,남부순환로220길 29,,-,-
서울특별시 관악구 봉천동,863-9,863,9,코스모블루,14.25,202110,14,"14,000",9,2012,남부순환로220길 29,,-,-
서울특별시 관악구 봉천동,867-12,867,12,프라비다2,15.64,202110,5,"13,300",5,2013,남부순환로218길 37,,-,-
서울특별시 관악구 봉천동,867-12,867,12,프라비다2,20.45,202110,8,"18,600",5,2013,남부순환로218길 37,,-,-
서울특별시 관악구 봉천동,867-12,867,12,프라비다2,19.85,202110,11,"17,600",9,2013,남부순환로218길 37,,-,-
서울특별시 관악구 봉천동,1000,1000,0,현대(관악),58.59,202110,1,"78,000",1,1992,관악로 304,,-,-
서울특별시 관악구 봉천동,1000,1000,0,현대(관악),68.8,202110,4,"81,000",6,1992,관악로40길 60,,-,-
서울특별시 관악구 신림동,1703-1,1703,1,LIG대학마을(건영아파트3차),58.9,202110,6,"70,000",9,1996,신림로3길 40,,-,-
서울특별시 관악구 신림동,1702-1,1702,1,건영4,84.89,202110,6,"65,000",16,1997,신림로48길 17-20,,-,-
서울특별시 관악구 신림동,1702-1,1702,1,건영4,84.71,202110,7,"84,500",10,1997,신림로48길 17-20,,-,-
서울특별시 관악구 신림동,1735-1,1735,1,관악산휴먼시아1단지,59.96,202110,9,"71,800",17,2008,난곡로 30,,-,-
서울특별시 관악구 신림동,1735,1735,0,관악산휴먼시아2단지,84.97,202110,16,"86,000",12,2008,난곡로 55,,-,-
서울특별시 관악구 신림동,1735,1735,0,관악산휴먼시아2단지,59.96,202110,21,"70,700",9,2008,난곡로 55,,-,-
서울특별시 관악구 신림동,1693,1693,0,국제산장,84.15,202110,12,"64,000",12,1993,호암로 417,,-,-
서울특별시 관악구 신림동,1705,1705,0,금호(1차),84.96,202110,4,"72,000",11,1997,대학18길 9,,-,-
서울특별시 관악구 신림동,1706,1706,0,금호2,59.96,202110,4,"65,000",1,1998,신림로3가길 7,,-,-
서울특별시 관악구 신림동,1714,1714,0,삼성산주공(주공3단지),113.31,202110,2,"88,000",20,2000,호암로 399,,-,-
서울특별시 관악구 신림동,1714,1714,0,삼성산주공(주공3단지),113.31,202110,8,"85,000",7,2000,호암로 399,,-,-
서울특별시 관악구 신림동,1714,1714,0,삼성산주공(주공3단지),83.21,202110,20,"73,000",23,2000,호암로 399,,-,-
서울특별시 관악구 신림동,1714,1714,0,삼성산주공(주공3단지),58.55,202110,20,"65,000",19,2000,호암로 399,,-,-
서울특별시 관악구 신림동,1714,1714,0,삼성산주공(주공3단지),58.55,202110,22,"63,000",19,2000,호암로 399,,-,-
서울특별시 관악구 신림동,1714,1714,0,삼성산주공(주공3단지),83.21,202110,22,"72,000",8,2000,호암로 399,,-,-
서울특별시 관악구 신림동,산28-9,28,9,신동아,84.3,202110,1,"52,000",1,1994,신림로11길 151,,-,-
서울특별시 관악구 신림동,1744,1744,0,신림스카이아파트,55.34,202110,2,"59,900",4,2021,신림로 185,,-,-
서울특별시 관악구 신림동,1744,1744,0,신림스카이아파트,56.45,202110,3,"59,900",10,2021,신림로 185,,-,-
서울특별시 관악구 신림동,1744,1744,0,신림스카이아파트,55.34,202110,4,"59,900",2,2021,신림로 185,,-,-
서울특별시 관악구 신림동,1744,1744,0,신림스카이아파트,56.46,202110,4,"59,900",10,2021,신림로 185,,-,-
서울특별시 관악구 신림동,1730,1730,0,신림푸르지오,84.79,202110,2,"93,000",1,2005,남부순환로 1430,,-,-
서울특별시 관악구 신림동,1730,1730,0,신림푸르지오,138.74,202110,3,"140,000",16,2005,남부순환로 1430,,-,-
서울특별시 관악구 신림동,1730,1730,0,신림푸르지오,138.74,202110,9,"146,000",17,2005,남부순환로 1430,,-,-
서울특별시 관악구 신림동,1694,1694,0,신림현대,59.85,202110,4,"78,500",7,1993,신림로29길 8,,-,-
서울특별시 관악구 신림동,1694,1694,0,신림현대,82.2,202110,24,"90,000",12,1993,신림로29길 8,,-,-
서울특별시 관악구 신림동,10월 10일,10,10,신안,55.21,202110,16,"49,000",3,1978,신림로58길 62-5,,-,-
서울특별시 관악구 신림동,1743,1743,0,앰팰리스아파트,73.133,202110,19,"73,500",2,2020,신림로 194,,-,-
서울특별시 관악구 신림동,538-39,538,39,위드비엠3,38.81,202110,1,"48,000",6,2021,난곡로65길 13,,-,-
서울특별시 관악구 신림동,538-39,538,39,위드비엠3,33.02,202110,3,"38,000",7,2021,난곡로65길 13,,-,-
서울특별시 관악구 신림동,538-39,538,39,위드비엠3,22.8,202110,5,"26,500",8,2021,난곡로65길 13,,-,-
서울특별시 관악구 신림동,538-39,538,39,위드비엠3,33.02,202110,10,"38,000",6,2021,난곡로65길 13,,-,-
서울특별시 관악구 신림동,538-39,538,39,위드비엠3,37.1,202110,12,"45,500",7,2021,난곡로65길 13,,-,-
서울특별시 관악구 신림동,538-39,538,39,위드비엠3,37.1,202110,12,"45,500",6,2021,난곡로65길 13,,-,-
서울특별시 관악구 신림동,538-39,538,39,위드비엠3,38.71,202110,13,"47,000",13,2021,난곡로65길 13,,-,-
서울특별시 관악구 신림동,538-39,538,39,위드비엠3,22.8,202110,16,"26,000",7,2021,난곡로65길 13,,-,-
서울특별시 관악구 신림동,538-39,538,39,위드비엠3,37.83,202110,18,"47,500",12,2021,난곡로65길 13,,-,-
서울특별시 관악구 신림동,1716,1716,0,청광,84.8,202110,7,"80,000",8,2000,신림로3가길 45-24,,-,-
서울특별시 관악구 신림동,1712,1712,0,초원,59.93,202110,15,"50,800",8,1999,미성5길 40,,-,-
서울특별시 관악구 신림동,1424-28,1424,28,태영,49.92,202110,9,"50,000",18,1997,신림로 350,,-,-
서울특별시 관악구 신림동,1433-55,1433,55,프라비다트라움,14.06,202110,14,"13,000",4,2013,신림로65길 27,,-,-
서울특별시 관악구 신림동,1433-55,1433,55,프라비다트라움,14.06,202110,29,"14,000",10,2013,신림로65길 27,,-,-
서울특별시 광진구 광장동,579,579,0,광장11현대홈타운,84.94,202110,1,"198,000",2,2003,아차산로69길 29,,-,-
서울특별시 광진구 광장동,576,576,0,광장현대9단지,59.97,202110,6,"85,500",1,1999,아차산로69길 19,,-,-
서울특별시 광진구 광장동,582,582,0,광장힐스테이트,59.99,202110,23,"180,000",7,2012,아차산로 537-17,,-,-
서울특별시 광진구 광장동,118,118,0,리버리치빌,83.61,202110,12,"84,000",2,2008,아차산로78길 43,,-,-
서울특별시 광진구 구의동,668,668,0,래미안파크스위트,59.98,202110,11,"130,700",4,2018,광나루로 545,,-,-
서울특별시 광진구 구의동,668,668,0,래미안파크스위트,59.98,202110,12,"139,500",11,2018,광나루로 545,,-,-
서울특별시 광진구 구의동,591-29,591,29,우남위시빌,69.12,202110,2,"83,000",4,2003,아차산로58길 55,,-,-
서울특별시 광진구 구의동,665,665,0,파크타운,59.26,202110,10,"76,500",4,2015,천호대로 671,,-,-
서울특별시 광진구 자양동,227-7,227,7,더샵스타시티,96.98,202110,7,"189,500",28,2007,아차산로 262,,-,-
서울특별시 광진구 자양동,579,579,0,우성1,51.57,202110,16,"105,000",6,1988,뚝섬로 569,,-,-
서울특별시 광진구 자양동,792,792,0,자양10차현대홈타운,111.88,202110,6,"158,000",11,2002,뚝섬로34길 25-19,,-,-
서울특별시 광진구 자양동,861,861,0,자양호반써밋,40.2751,202110,11,"60,000",20,2021,능동로 69,20211101,-,-
서울특별시 광진구 자양동,672,672,0,한솔리베르,83.37,202110,9,"131,000",6,2002,뚝섬로56가길 28,,-,-
서울특별시 광진구 자양동,670,670,0,현대3,84.9,202110,2,"111,000",2,1996,뚝섬로58길 101,,-,-
서울특별시 광진구 중곡동,Jun-68,68,6,대영,57.94,202110,1,"30,000",6,2002,긴고랑로 149,,-,-
서울특별시 광진구 중곡동,107-4,107,4,삼보드림,146.34,202110,14,"65,000",4,2003,영화사로7길 4,,-,-
서울특별시 광진구 중곡동,109-13,109,13,삼성로얄2,76.38,202110,12,"61,000",3,2002,자양로53길 40,,-,-
서울특별시 광진구 중곡동,110-33,110,33,예다움,84.93,202110,2,"59,000",3,2004,자양로53길 33,,-,-
서울특별시 광진구 화양동,111-88,111,88,신원리브웰화양동주상복합,16.92,202110,5,"22,050",4,2019,능동로 170,,-,-
서울특별시 광진구 화양동,110-37,110,37,화양타워,15.18,202110,18,"8,000",2,1999,능동로19길 47,,-,-
서울특별시 광진구 화양동,110-37,110,37,화양타워,16.77,202110,29,"8,000",2,1999,능동로19길 47,,-,-
서울특별시 구로구 개봉동,489,489,0,개봉동현대아이파크,84.98,202110,5,"110,000",15,2006,개봉로2길 133-15,,-,-
서울특별시 구로구 개봉동,489,489,0,개봉동현대아이파크,59.99,202110,9,"86,000",6,2006,개봉로2길 133-15,,-,-
서울특별시 구로구 개봉동,335-1,335,1,동인,67.36,202110,11,"42,000",11,1989,서해안로34가길 22,,-,-
서울특별시 구로구 개봉동,472,472,0,두산,84.96,202110,8,"74,000",5,1997,남부순환로95길 88,,-,-
서울특별시 구로구 개봉동,471,471,0,삼호,84.88,202110,1,"80,000",3,1996,남부순환로95길 16,,-,-
서울특별시 구로구 개봉동,473,473,0,상우,84.06,202110,1,"69,500",21,1997,남부순환로97길 50,,-,-
서울특별시 구로구 개봉동,475,475,0,영화,143.09,202110,8,"98,700",7,1998,경인로40길 11,,-,-
서울특별시 구로구 개봉동,476,476,0,한마을,84.57,202110,2,"92,000",2,1999,경인로 382,,-,-
서울특별시 구로구 개봉동,476,476,0,한마을,84.57,202110,7,"97,000",22,1999,경인로 382,,-,-
서울특별시 구로구 개봉동,476,476,0,한마을,59.57,202110,15,"80,000",12,1999,경인로 382,,-,-
서울특별시 구로구 개봉동,476,476,0,한마을,59.57,202110,19,"79,000",19,1999,경인로 382,,-,-
서울특별시 구로구 개봉동,493,493,0,한양아이클래스구로,42.35,202110,11,"32,500",3,2018,개봉로23가길 10,,-,-
서울특별시 구로구 개봉동,493,493,0,한양아이클래스구로,47.74,202110,20,"40,000",9,2018,개봉로23가길 10,,-,-
서울특별시 구로구 개봉동,478,478,0,한진,84.96,202110,19,"75,000",7,2000,개봉로3길 87,,-,-
서울특별시 구로구 개봉동,481,481,0,현대,84.99,202110,9,"96,750",9,2001,개봉로20길 6,,-,-
서울특별시 구로구 개봉동,480,480,0,현대홈타운,84.915,202110,1,"99,500",24,2001,개봉로20길 158,,-,-
서울특별시 구로구 개봉동,480,480,0,현대홈타운,84.915,202110,3,"95,000",25,2001,개봉로20길 158,,-,-
서울특별시 구로구 고척동,343,343,0,고척월드메르디앙,84.93,202110,14,"93,000",13,2011,중앙로8길 11,,-,-
서울특별시 구로구 고척동,296,296,0,대우,59.96,202110,8,"75,000",14,1999,고척로52길 48,,-,-
서울특별시 구로구 고척동,141-1,141,1,서울가든,64.39,202110,5,"72,500",10,1989,중앙로5길 62,,-,-
서울특별시 구로구 고척동,326,326,0,청구,59.94,202110,13,"70,000",6,1999,중앙로6길 5-15,,-,-
서울특별시 구로구 고척동,337,337,0,한일유앤아이,84.98,202110,23,"74,500",13,2005,중앙로15길 151,,-,-
서울특별시 구로구 구로동,716-22,716,22,(716-22)우진빌라C,48.4,202110,15,"22,500",5,2000,구로동로15길 5-9,,-,-
서울특별시 구로구 구로동,743-5,743,5,(743-5),54.99,202110,23,"25,000",4,1995,구로동로22길 56,,-,-
서울특별시 구로구 구로동,1265,1265,0,구로두산,63.33,202110,6,"77,000",10,1998,도림로 59,,-,-
서울특별시 구로구 구로동,1278,1278,0,구로두산위브,36.88,202110,19,"55,800",1,2006,디지털로31길 85,,-,-
서울특별시 구로구 구로동,1256,1256,0,구로현대,63.98,202110,9,"77,800",6,1992,디지털로 319,,-,-
서울특별시 구로구 구로동,1259,1259,0,구일우성,59.44,202110,2,"67,000",17,1998,구일로2길 60,,-,-
서울특별시 구로구 구로동,1259,1259,0,구일우성,59.44,202110,9,"67,000",8,1998,구일로2길 60,,-,-
서울특별시 구로구 구로동,1259,1259,0,구일우성,59.44,202110,14,"63,700",13,1998,구일로2길 60,,-,-
서울특별시 구로구 구로동,104-6,104,6,그린플러스구로해담채2,13.23,202110,10,"10,500",13,2013,가마산로27길 11-7,,-,-
서울특별시 구로구 구로동,314,314,0,극동,91.05,202110,8,"69,800",6,1984,구로중앙로7길 28,,-,-
서울특별시 구로구 구로동,Apr-43,43,4,다솜금호,59.95,202110,9,"61,850",11,1995,새말로16길 70,,-,-
서울특별시 구로구 구로동,106-2,106,2,대림역포스큐,14.579,202110,29,"13,000",15,2015,공원로 11,,-,-
서울특별시 구로구 구로동,745-16,745,16,대승빌라,59.88,202110,12,"29,000",3,1994,구로동로18길 34-5,,-,-
서울특별시 구로구 구로동,745-16,745,16,대승빌라,59.88,202110,16,"29,000",4,1994,구로동로18길 34-5,,-,-
서울특별시 구로구 구로동,May-44,44,5,비즈트위트레인보우,15.58,202110,1,"11,800",4,2012,공원로6길 25,,-,-
서울특별시 구로구 구로동,Aug-44,44,8,비즈트위트오렌지,12.18,202110,4,"11,500",6,2013,공원로6가길 8,,-,-
서울특별시 구로구 구로동,256-1,256,1,삼성래미안,58.136,202110,2,"84,500",17,2004,디지털로31길 90,,-,-
서울특별시 구로구 구로동,1275,1275,0,성삼하이츠,56.85,202110,17,"53,000",16,2004,구로중앙로18길 56,,-,-
서울특별시 구로구 구로동,104-9,104,9,성호메이플라워멤버스빌,41.4,202110,12,"21,900",5,2002,가마산로 283,,-,-
서울특별시 구로구 구로동,1263,1263,0,신도림롯데아파트,84.93,202110,5,"114,000",12,1999,새말로 31,,-,-
서울특별시 구로구 구로동,1267,1267,0,신도림태영타운,84.87,202110,1,"116,000",2,2000,새말로 93,,-,-
서울특별시 구로구 구로동,560,560,0,신도림현대,80.01,202110,1,"97,000",8,1994,새말로9길 45,,-,-
서울특별시 구로구 구로동,1274,1274,0,신성미소지움,71.04,202110,6,"64,000",1,2003,시흥대로161길 50,,-,-
서울특별시 구로구 구로동,1277,1277,0,우리유앤미,53.51,202110,17,"58,500",18,2004,구로동로43길 10,,-,-
서울특별시 구로구 구로동,642-46,642,46,우방,84.9,202110,1,"73,000",11,1993,구일로 154-17,,-,-
서울특별시 구로구 구로동,1262,1262,0,월드,84.94,202110,16,"73,800",1,1998,구로중앙로 229,,-,-
서울특별시 구로구 구로동,685-222,685,222,주공1,73.08,202110,7,"100,400",11,1986,구일로4길 65,,-,-
서울특별시 구로구 구로동,685-222,685,222,주공1,83.805,202110,9,"114,000",9,1986,구일로4길 65,,-,-
서울특별시 구로구 구로동,110-8,110,8,하나세인스톤1차,21.7256,202110,20,"15,800",18,2011,구로중앙로28다길 16,,-,-
서울특별시 구로구 구로동,110-8,110,8,하나세인스톤1차,21.7256,202110,27,"15,000",17,2011,구로중앙로28다길 16,,-,-
서울특별시 구로구 구로동,May-46,46,5,한스타워,59.96,202110,2,"40,800",11,1996,공원로 34,,-,-
서울특별시 구로구 구로동,642-9,642,9,한신,35.277,202110,5,"53,000",13,1988,구일로8길 63,,-,-
서울특별시 구로구 구로동,1281,1281,0,한일유앤아이,84.962,202110,2,"86,000",11,2006,가마산로 87,,-,-
서울특별시 구로구 구로동,685-147,685,147,현대상선,79.98,202110,4,"82,000",5,1987,구일로10길 53,,-,-
서울특별시 구로구 구로동,685-70,685,70,현대연예인,84.91,202110,23,"82,700",5,1989,구일로4길 46,,-,-
서울특별시 구로구 신도림동,642,642,0,대림1,59.88,202110,7,"95,000",4,1999,신도림로 16,,-,-
서울특별시 구로구 신도림동,642,642,0,대림1,59.82,202110,20,"91,700",16,1999,신도림로 16,,-,-
서울특별시 구로구 신도림동,692,692,0,디큐브시티,128.41,202110,7,"170,000",27,2011,경인로 662,,-,-
서울특별시 구로구 신도림동,435-10,435,10,신도림3차푸르지오,82.8,202110,4,"116,000",12,2007,경인로 619-3,,-,-
서울특별시 구로구 신도림동,641,641,0,현대홈타운아파트,84.69,202110,20,"114,000",6,1999,신도림로19길 16,,-,-
서울특별시 구로구 오류동,338,338,0,동부골든,113.43,202110,2,"72,800",2,1998,고척로 49,,-,-
서울특별시 구로구 오류동,334,334,0,라인,114.69,202110,14,"59,600",7,1995,경인로 230-13,,-,-
서울특별시 구로구 오류동,340,340,0,삼천리,84.75,202110,21,"76,700",21,1998,경인로8길 75,,-,-
서울특별시 구로구 오류동,351,351,0,서해그랑블,84.98,202110,9,"62,700",1,2009,오리로13길 90-3,,-,-
서울특별시 구로구 오류동,34-13,34,13,썬앤빌,14.064,202110,23,"8,000",16,2014,경인로19가길 40,,-,-
서울특별시 구로구 오류동,34-13,34,13,썬앤빌,14.064,202110,23,"8,400",16,2014,경인로19가길 40,,-,-
서울특별시 구로구 오류동,Feb-75,75,2,오류동역솔리스타,19.27,202110,19,"9,000",9,2016,경인로20나길 63,,-,-
서울특별시 구로구 오류동,349,349,0,은하수수목원,77.831,202110,7,"57,800",5,2005,경인로2길 29,,-,-
서울특별시 구로구 오류동,51-31,51,31,포스시티,14.29,202110,21,"9,000",17,2014,경인로20길 6,,-,-
서울특별시 구로구 오류동,Apr-63,63,4,한가람,68.39,202110,8,"44,900",6,2003,경인로22길 62,,-,-
서울특별시 구로구 오류동,341,341,0,한신플러스타운,59.91,202110,2,"57,400",3,2002,고척로 52,,-,-
서울특별시 구로구 항동,가-237,237,0,하버라인2단지,59.86,202110,5,"81,500",12,2019,연동로 234,,-,-
서울특별시 구로구 항동,가-242,242,0,하버라인3단지,59.86,202110,6,"80,000",6,2019,항동로 43,,-,-
서울특별시 구로구 항동,가-242,242,0,하버라인3단지,59.94,202110,23,"79,000",13,2019,항동로 43,,-,-
서울특별시 구로구 항동,가-236,236,0,항동중흥에스클래스베르데카운티,84.9416,202110,2,"111,500",3,2019,연동로 233,,-,-
서울특별시 금천구 가산동,140-9,140,9,가산지웰에스테이트,12.13,202110,6,"9,500",13,2013,가산로 147,,-,-
서울특별시 금천구 가산동,143-6,143,6,가산지웰에스테이트2차,14.12,202110,22,"17,800",10,2018,가산로9길 12-8,,-,-
서울특별시 금천구 가산동,143-6,143,6,가산지웰에스테이트2차,14.12,202110,28,"16,000",12,2018,가산로9길 12-8,,-,-
서울특별시 금천구 가산동,140-36,140,36,비즈트위트바이올렛5차,13.34,202110,13,"12,000",11,2014,디지털로12길 15,,-,-
서울특별시 금천구 가산동,140-36,140,36,비즈트위트바이올렛5차,12.19,202110,18,"10,400",14,2014,디지털로12길 15,,-,-
서울특별시 금천구 가산동,140-36,140,36,비즈트위트바이올렛5차,12.19,202110,21,"12,200",11,2014,디지털로12길 15,,-,-
서울특별시 금천구 가산동,234-46,234,46,삼익,84.69,202110,7,"62,000",5,1998,두산로9길 56,,-,-
서울특별시 금천구 독산동,1007-13,1007,13,e편한세상독산더타워,59.8245,202110,8,"91,000",14,2019,범안로 1212,,-,-
서울특별시 금천구 독산동,1147,1147,0,금천롯데캐슬골드파크1차,84.8114,202110,1,"136,000",30,2016,벚꽃로 40,,-,-
서울특별시 금천구 독산동,1147,1147,0,금천롯데캐슬골드파크1차,84.8114,202110,2,"137,000",12,2016,벚꽃로 40,,-,-
서울특별시 금천구 독산동,1147,1147,0,금천롯데캐슬골드파크1차,84.8114,202110,23,"120,000",1,2016,벚꽃로 40,,-,-
서울특별시 금천구 독산동,1150,1150,0,금천롯데캐슬골드파크2차201동202동,59.27,202110,2,"98,000",40,2017,벚꽃로 30,,-,-
서울특별시 금천구 독산동,1155,1155,0,금천롯데캐슬골드파크3차,59.9672,202110,2,"103,000",7,2018,시흥대로 291-1,,-,-
서울특별시 금천구 독산동,1155,1155,0,금천롯데캐슬골드파크3차,59.9662,202110,2,"103,000",12,2018,시흥대로 291-1,,-,-
서울특별시 금천구 독산동,1155,1155,0,금천롯데캐슬골드파크3차,59.968,202110,9,"104,500",29,2018,시흥대로 291-1,,-,-
서울특별시 금천구 독산동,1155,1155,0,금천롯데캐슬골드파크3차,59.9672,202110,9,"104,600",39,2018,시흥대로 291-1,,-,-
서울특별시 금천구 독산동,1155,1155,0,금천롯데캐슬골드파크3차,84.408,202110,9,"136,000",43,2018,시흥대로 291-1,,-,-
서울특별시 금천구 독산동,1155,1155,0,금천롯데캐슬골드파크3차,59.9662,202110,22,"104,000",8,2018,시흥대로 291-1,,-,-
서울특별시 금천구 독산동,711-2,711,2,금천현대,59.82,202110,1,"62,300",4,2002,벚꽃로 73,,-,-
서울특별시 금천구 독산동,1088,1088,0,독산주공14단지,38.64,202110,13,"51,300",15,1990,한내로 69-54,,-,-
서울특별시 금천구 독산동,994-73,994,73,한아102(994-73),80.13,202110,5,"45,500",6,2004,독산로84길 45,,-,-
서울특별시 금천구 시흥동,820-12,820,12,경남아파트,59.97,202110,7,"51,000",7,1998,독산로 78-1,,-,-
서울특별시 금천구 시흥동,1013,1013,0,관악산벽산타운5,59.34,202110,2,"57,900",3,2004,금하로 816,,-,-
서울특별시 금천구 시흥동,1013,1013,0,관악산벽산타운5,84.97,202110,8,"67,800",9,2004,금하로 816,,-,-
서울특별시 금천구 시흥동,1013,1013,0,관악산벽산타운5,114.84,202110,9,"78,000",9,2004,금하로 816,,-,-
서울특별시 금천구 시흥동,1013,1013,0,관악산벽산타운5,84.97,202110,9,"69,500",20,2004,금하로 816,,-,-
서울특별시 금천구 시흥동,1013,1013,0,관악산벽산타운5,84.97,202110,10,"68,800",13,2004,금하로 816,,-,-
서울특별시 금천구 시흥동,1013,1013,0,관악산벽산타운5,114.84,202110,11,"80,000",9,2004,금하로 816,,-,-
서울특별시 금천구 시흥동,1013,1013,0,관악산벽산타운5,84.97,202110,16,"66,800",3,2004,금하로 816,,-,-
서울특별시 금천구 시흥동,1013,1013,0,관악산벽산타운5,59.34,202110,28,"59,750",8,2004,금하로 816,,-,-
서울특별시 금천구 시흥동,1008,1008,0,금강,59.95,202110,4,"51,000",10,2000,독산로50길 57-2,,-,-
서울특별시 금천구 시흥동,1008,1008,0,금강,84.65,202110,14,"63,500",2,2000,독산로50길 57-2,,-,-
서울특별시 금천구 시흥동,384-12,384,12,남서울건영2,41.34,202110,1,"39,500",1,1989,독산로10길 96,,-,-
서울특별시 금천구 시흥동,384-12,384,12,남서울건영2,61.14,202110,8,"61,000",7,1989,독산로10길 96,,-,-
서울특별시 금천구 시흥동,992-2,992,2,남서울건영아파트,77.02,202110,22,"69,000",9,1982,시흥대로59길 35,,-,-
서울특별시 금천구 시흥동,1026,1026,0,남서울힐스테이트,84.786,202110,6,"109,000",11,2014,시흥대로 165,,-,-
서울특별시 금천구 시흥동,1002-1,1002,1,럭키남서울아파트,49.75,202110,20,"72,500",6,1981,시흥대로47길 43,,-,-
서울특별시 금천구 시흥동,961-4,961,4,메르시대신아파트,76.15,202110,19,"45,000",4,2018,시흥대로12길 28,,-,-
서울특별시 금천구 시흥동,1010,1010,0,벽산,114.84,202110,6,"54,000",11,2000,금하로 793,,-,-
서울특별시 금천구 시흥동,1010,1010,0,벽산,114.84,202110,10,"73,800",7,2000,금하로 793,,-,-
서울특별시 금천구 시흥동,1010,1010,0,벽산,114.84,202110,23,"73,500",13,2000,금하로 793,,-,-
서울특별시 금천구 시흥동,1010,1010,0,벽산,114.84,202110,26,"60,000",18,2000,금하로 793,,-,-
서울특별시 금천구 시흥동,817-29,817,29,시흥(817-29),39.83,202110,14,"13,000",1,1975,독산로24나길 13,,-,-
서울특별시 금천구 시흥동,882-61,882,61,와이즈플레이스,14.22,202110,7,"9,200",14,2012,시흥대로 236,,-,-
서울특별시 노원구 공릉동,743,743,0,공릉동한보에센시티아파트,114.84,202110,9,"89,900",6,2000,공릉로46길 19,,-,-
서울특별시 노원구 공릉동,380-1,380,1,대동아파트2,114.95,202110,2,"87,000",14,1999,동일로195길 39,,-,-
서울특별시 노원구 공릉동,380-1,380,1,대동아파트2,114.95,202110,6,"87,900",7,1999,동일로195길 39,,-,-
서울특별시 노원구 공릉동,380-1,380,1,대동아파트2,114.95,202110,7,"88,000",10,1999,동일로195길 39,,-,-
서울특별시 노원구 공릉동,492-1,492,1,대아2차아파트,59.88,202110,14,"67,500",17,2000,동일로183길 34,,-,-
서울특별시 노원구 공릉동,745,745,0,동신아파트,114.98,202110,8,"97,500",14,1999,공릉로 213,,-,-
서울특별시 노원구 공릉동,754,754,0,삼익2차아파트,83.409,202110,6,"79,000",17,2004,공릉로34길 118,,-,-
서울특별시 노원구 공릉동,690-2,690,2,삼익아파트,59.89,202110,12,"57,500",10,1997,섬밭로 17,,-,-
서울특별시 노원구 공릉동,492-3,492,3,서진프라자아파트,92.88,202110,6,"52,000",7,1997,동일로173가길 115,,-,-
서울특별시 노원구 공릉동,707,707,0,시영2단지(라이프)아파트,49.5,202110,1,"63,800",6,1994,섬밭로 156,,-,-
서울특별시 노원구 공릉동,707,707,0,시영2단지(라이프)아파트,34.44,202110,4,"45,000",8,1994,섬밭로 156,,-,-
서울특별시 노원구 공릉동,715,715,0,시영3차(라이프)아파트,39.6,202110,9,"48,000",3,1994,섬밭로 123,,-,-
서울특별시 노원구 공릉동,370-4,370,4,신원아파트,59.59,202110,7,"58,400",2,2000,동일로192나길 26,,-,-
서울특별시 노원구 공릉동,90,90,0,청솔아파트9,84.9,202110,3,"85,400",2,2000,노원로1길 21,,-,-
서울특별시 노원구 공릉동,725,725,0,풍림아파트A,59.94,202110,23,"77,000",18,2001,섬밭로 139,,-,-
서울특별시 노원구 공릉동,683-14,683,14,한일휴니스빌,15.555,202110,1,"11,000",17,2013,화랑로 421,,-,-
서울특별시 노원구 공릉동,683-14,683,14,한일휴니스빌,13.62,202110,23,"12,000",15,2013,화랑로 421,,-,-
서울특별시 노원구 공릉동,683-14,683,14,한일휴니스빌,13.62,202110,23,"12,000",8,2013,화랑로 421,,-,-
서울특별시 노원구 공릉동,741,741,0,현대성우아파트,59.98,202110,4,"62,500",18,2000,공릉로27길 110,,-,-
서울특별시 노원구 공릉동,111,111,0,화랑타운아파트,84.65,202110,7,"95,800",3,2000,화랑로51길 17,,-,-
서울특별시 노원구 상계동,1284,1284,0,대동황토방,60,202110,13,"66,300",2,2001,상계로26길 20,,-,-
서울특별시 노원구 상계동,1305,1305,0,동양엔파트,84.88,202110,2,"83,000",1,2003,상계로5길 12,,-,-
서울특별시 노원구 상계동,1110,1110,0,두산,66.6,202110,2,"71,000",7,1994,동일로241길 53,,-,-
서울특별시 노원구 상계동,173-1,173,1,벽산,46.8,202110,4,"55,000",5,1989,한글비석로 396,,-,-
서울특별시 노원구 상계동,173-1,173,1,벽산,43.35,202110,9,"49,500",3,1989,한글비석로 396,,-,-
서울특별시 노원구 상계동,639,639,0,보람1단지,54.59,202110,9,"70,000",11,1988,한글비석로 479,,-,-
서울특별시 노원구 상계동,639,639,0,보람2단지,79.25,202110,6,"85,000",1,1988,한글비석로 480,,-,-
서울특별시 노원구 상계동,1293,1293,0,불암현대,84.9,202110,7,"76,500",22,1999,덕릉로118길 29,,-,-
서울특별시 노원구 상계동,1282,1282,0,상계2차중앙하이츠,59.82,202110,24,"75,000",22,1998,노원로 428,,-,-
서울특별시 노원구 상계동,666,666,0,상계주공10(고층),41.3,202110,11,"65,000",9,1988,노원로 564,,-,-
서울특별시 노원구 상계동,666,666,0,상계주공10(저층),47.34,202110,4,"60,800",4,1988,노원로 564,,-,-
서울특별시 노원구 상계동,666,666,0,상계주공10(저층),54.54,202110,19,"70,000",2,1988,노원로 564,,-,-
서울특별시 노원구 상계동,652,652,0,상계주공11(고층),49.94,202110,20,"70,250",13,1988,동일로227길 25,,-,-
서울특별시 노원구 상계동,626,626,0,상계주공14(고층),41.3,202110,19,"60,000",6,1989,동일로228길 23,,-,-
서울특별시 노원구 상계동,624,624,0,상계주공16(고층),45.77,202110,17,"60,000",3,1988,동일로227길 86,,-,-
서울특별시 노원구 상계동,740,740,0,상계주공2(고층),59.2,202110,9,"80,000",2,1987,동일로215길 23,,-,-
서울특별시 노원구 상계동,740,740,0,상계주공2(고층),58.01,202110,19,"79,000",2,1987,동일로215길 23,,-,-
서울특별시 노원구 상계동,730-2,730,2,상계주공3(고층),58.01,202110,10,"60,000",14,1987,동일로215길 48,,-,-
서울특별시 노원구 상계동,730-2,730,2,상계주공3(고층),68.86,202110,14,"100,000",5,1987,동일로215길 48,,-,-
서울특별시 노원구 상계동,749-5,749,5,상계주공4(고층),41.3,202110,12,"65,500",12,1988,동일로214길 21,,-,-
서울특별시 노원구 상계동,720,720,0,상계주공6(고층),58.01,202110,9,"90,000",9,1988,노해로 508,,-,-
서울특별시 노원구 상계동,691,691,0,상계주공7(고층),45.9,202110,4,"68,700",4,1988,동일로 1456,,-,-
서울특별시 노원구 상계동,691,691,0,상계주공7(고층),49.94,202110,14,"74,500",1,1988,동일로 1456,,-,-
서울특별시 노원구 상계동,670,670,0,상계주공9(고층),79.07,202110,1,"94,000",5,1988,노원로 532,,-,-
서울특별시 노원구 상계동,670,670,0,상계주공9(고층),45.9,202110,4,"59,500",15,1988,노원로 532,,-,-
서울특별시 노원구 상계동,1063,1063,0,상계현대3차,84.96,202110,6,"76,000",4,1999,수락산로 234,,-,-
서울특별시 노원구 상계동,1256,1256,0,은빛2단지,59.95,202110,11,"64,500",14,1998,동일로245가길 41,,-,-
서울특별시 노원구 상계동,1276,1276,0,청암2단지,49.77,202110,8,"58,400",4,2001,덕릉로94가길 20,,-,-
서울특별시 노원구 상계동,1281,1281,0,코오롱,59.94,202110,20,"64,900",4,1997,노원로26가길 7,,-,-
서울특별시 노원구 상계동,680,680,0,포레나노원,59.99,202110,23,"81,300",13,2020,노원로38길 76,,-,-
서울특별시 노원구 상계동,680,680,0,포레나노원,59.94,202110,28,"87,000",4,2020,노원로38길 76,,-,-
서울특별시 노원구 상계동,135,135,0,한신1차,53.96,202110,4,"57,000",2,1987,한글비석로46가길 16,,-,-
서울특별시 노원구 상계동,451,451,0,한신2차,58.46,202110,15,"42,000",15,1988,한글비석로48길 6,,-,-
서울특별시 노원구 월계동,949,949,0,꿈의숲SKVIEW,84.95,202110,3,"110,000",5,2016,월계로42길 97,,-,-
서울특별시 노원구 월계동,320-11,320,11,사슴3,39.6,202110,4,"53,000",15,1995,월계로55길 15,,-,-
서울특별시 노원구 월계동,448-3,448,3,삼창,77.84,202110,12,"74,000",10,1984,광운로2나길 50,,-,-
서울특별시 노원구 월계동,13,13,0,삼호3,59.22,202110,8,"92,300",1,1986,마들로 111,,-,-
서울특별시 노원구 월계동,492-1,492,1,우남(저층),93.36,202110,5,"107,410",4,1984,화랑로43길 34,,-,-
서울특별시 노원구 월계동,951,951,0,월계센트럴아이파크,59.99,202110,8,"99,500",9,2020,초안산로2라길 26,,-,-
서울특별시 노원구 월계동,556,556,0,주공2,44.52,202110,16,"54,000",8,1992,초안산로1길 18,,-,-
서울특별시 노원구 월계동,781,781,0,청백4,49.77,202110,2,"54,000",3,1998,월계로45가길 94,,-,-
서울특별시 노원구 월계동,18,18,0,한진한화그랑빌,139.08,202110,8,"128,000",9,2002,마들로 31,,-,-
서울특별시 노원구 월계동,929,929,0,현대,59.95,202110,9,"79,600",23,2000,석계로 49,,-,-
서울특별시 노원구 월계동,929,929,0,현대,84.98,202110,14,"95,500",5,2000,석계로 49,,-,-
서울특별시 노원구 중계동,515-2,515,2,건영2,84.96,202110,6,"89,000",15,1991,덕릉로 517,,-,-
서울특별시 노원구 중계동,505,505,0,경남,50.97,202110,11,"68,500",15,1989,섬밭로 265,,-,-
서울특별시 노원구 중계동,583,583,0,금호타운(583),84.98,202110,8,"92,250",4,1997,중계로12길 24,,-,-
서울특별시 노원구 중계동,583,583,0,금호타운(583),59.52,202110,9,"64,800",13,1997,중계로12길 24,,-,-
서울특별시 노원구 중계동,583,583,0,금호타운(583),59.52,202110,12,"67,000",11,1997,중계로12길 24,,-,-
서울특별시 노원구 중계동,583,583,0,금호타운(583),59.52,202110,15,"67,500",7,1997,중계로12길 24,,-,-
서울특별시 노원구 중계동,601,601,0,동도센트리움(601),84.983,202110,14,"94,000",1,2005,한글비석로19길 15,,-,-
서울특별시 노원구 중계동,361-1,361,1,롯데우성아파트,115.26,202110,5,"140,000",2,1993,노원로22길 34,,-,-
서울특별시 노원구 중계동,580,580,0,성원1,84.78,202110,18,"115,000",22,1996,덕릉로71길 5,,-,-
서울특별시 노원구 중계동,445,445,0,염광,59.34,202110,1,"68,000",16,1996,덕릉로79길 23,,-,-
서울특별시 노원구 중계동,360-16,360,16,주공10,58.14,202110,12,"87,400",2,1995,노원로22길 53,,-,-
서울특별시 노원구 중계동,369,369,0,주공2,44.52,202110,2,"55,000",12,1992,한글비석로14길 8,,-,-
서울특별시 노원구 중계동,369,369,0,주공2,44.52,202110,6,"57,000",5,1992,한글비석로14길 8,,-,-
서울특별시 노원구 중계동,369,369,0,주공2,44.52,202110,9,"54,000",15,1992,한글비석로14길 8,,-,-
서울특별시 노원구 중계동,369,369,0,주공2,44.52,202110,11,"57,000",13,1992,한글비석로14길 8,,-,-
서울특별시 노원구 중계동,369,369,0,주공2,44.52,202110,21,"57,000",9,1992,한글비석로14길 8,,-,-
서울특별시 노원구 중계동,359-1,359,1,주공5,44.52,202110,1,"66,500",2,1992,중계로 230,,-,-
서울특별시 노원구 중계동,359-1,359,1,주공5,84.79,202110,13,"127,000",5,1992,중계로 230,,-,-
서울특별시 노원구 중계동,363-1,363,1,주공7,44.1,202110,8,"60,800",15,1993,한글비석로8길 42,,-,-
서울특별시 노원구 중계동,363-1,363,1,주공7,44.1,202110,23,"55,000",14,1993,한글비석로8길 42,,-,-
서울특별시 노원구 중계동,502-1,502,1,중계그린1단지,39.91,202110,4,"57,800",5,1990,동일로207길 18,,-,-
서울특별시 노원구 중계동,502-1,502,1,중계그린1단지,49.5,202110,9,"67,000",8,1990,섬밭로 285,,-,-
서울특별시 노원구 중계동,512,512,0,중계무지개,49.54,202110,15,"67,900",4,1991,동일로208길 19,,-,-
서울특별시 노원구 중계동,599,599,0,중계스타클래스,84.686,202110,12,"82,000",4,2005,한글비석로14길 36,,-,-
서울특별시 노원구 중계동,435-1,435,1,중계현대2,84.34,202110,2,"85,300",8,1991,한글비석로15길 51,,-,-
서울특별시 노원구 중계동,514,514,0,중앙하이츠아쿠아,84.468,202110,1,"120,000",5,2008,공릉로 430,,-,-
서울특별시 노원구 중계동,366,366,0,청구(366),115.47,202110,8,"158,000",2,1993,중계로 184,,-,-
서울특별시 노원구 중계동,598,598,0,한화꿈에그린,84.902,202110,2,"100,000",9,2005,중계로8길 29,,-,-
서울특별시 노원구 중계동,May-34,34,5,현대(6차),59.84,202110,8,"64,000",5,2018,중계로8길 20,,-,-
서울특별시 노원구 중계동,578,578,0,현대2(4차),84.3,202110,16,"79,000",6,1993,중계로8길 103,,-,-
서울특별시 노원구 중계동,49,49,0,현대그린,84.99,202110,15,"76,000",1,1998,중계로8길 39,,-,-
서울특별시 노원구 하계동,271-3,271,3,건영,53.14,202110,16,"70,500",5,1988,섬밭로 229,,-,-
서울특별시 노원구 하계동,273,273,0,장미(시영6),43.56,202110,1,"60,000",3,1989,섬밭로 196,,-,-
서울특별시 노원구 하계동,274,274,0,청솔(시영7),49.5,202110,15,"68,500",15,1989,공릉로59길 25,,-,-
서울특별시 노원구 하계동,251,251,0,하계1청구,84.6,202110,13,"98,000",4,1997,한글비석로 91,,-,-
서울특별시 노원구 하계동,251,251,0,하계1청구,84.6,202110,21,"104,500",6,1997,한글비석로 91,,-,-
서울특별시 노원구 하계동,354,354,0,학여울청구,84.77,202110,20,"98,000",11,1999,동일로207길 186,,-,-
서울특별시 노원구 하계동,284,284,0,한신1,27,202110,12,"47,200",10,1988,공릉로 351,,-,-
서울특별시 노원구 하계동,256-5,256,5,한신동성,138.29,202110,21,"143,000",11,1993,한글비석로 151,,-,-
서울특별시 도봉구 도봉동,571,571,0,도봉산리베니움,68.11,202110,7,"38,000",5,2004,도봉로181길 74-30,,-,-
서울특별시 도봉구 도봉동,655,655,0,래미안도봉,59.25,202110,20,"74,000",9,2005,도봉로170길 40,,-,-
서울특별시 도봉구 도봉동,643,643,0,서광,59.58,202110,7,"50,800",2,1999,마들로 770,,-,-
서울특별시 도봉구 도봉동,555,555,0,서울가든,75.33,202110,4,"52,600",2,1987,도봉산길 35,,-,-
서울특별시 도봉구 도봉동,555,555,0,서울가든,75.33,202110,19,"51,000",8,1987,도봉산길 35,,-,-
서울특별시 도봉구 도봉동,641,641,0,서원,49.77,202110,8,"52,000",6,1996,마들로 684-19,,-,-
서울특별시 도봉구 도봉동,641,641,0,서원,49.77,202110,16,"49,500",1,1996,마들로 684-19,,-,-
서울특별시 도봉구 도봉동,83,83,0,유원도봉,84.93,202110,13,"55,000",1,1990,도봉로180길 50,,-,-
서울특별시 도봉구 도봉동,01월 30일,30,1,한신,84.94,202110,1,"68,000",5,1995,마들로 859-19,,-,-
서울특별시 도봉구 도봉동,01월 30일,30,1,한신,84.94,202110,4,"72,000",8,1995,마들로 859-19,,-,-
서울특별시 도봉구 도봉동,01월 30일,30,1,한신,84.94,202110,7,"71,000",8,1995,마들로 859-19,,-,-
서울특별시 도봉구 도봉동,01월 30일,30,1,한신,84.94,202110,7,"66,300",1,1995,마들로 859-19,,-,-
서울특별시 도봉구 도봉동,01월 30일,30,1,한신,84.94,202110,7,"70,300",8,1995,마들로 859-19,,-,-
서울특별시 도봉구 도봉동,01월 30일,30,1,한신,84.94,202110,9,"71,000",16,1995,마들로 859-19,,-,-
서울특별시 도봉구 도봉동,01월 30일,30,1,한신,84.94,202110,11,"72,000",14,1995,마들로 859-19,,-,-
서울특별시 도봉구 도봉동,657,657,0,한양수자인,84.46,202110,21,"64,000",3,2010,마들로 724,,-,-
서울특별시 도봉구 방학동,701-15,701,15,거성학마을아파트,59.99,202110,13,"59,000",18,1994,도당로 116,,-,-
서울특별시 도봉구 방학동,444-31,444,31,대원그린아파트,46.86,202110,5,"31,000",1,1987,방학로 212-11,,-,-
서울특별시 도봉구 방학동,689,689,0,동부센트레빌아파트,84.909,202110,15,"82,700",5,2005,방학로 120,,-,-
서울특별시 도봉구 방학동,716-5,716,5,방학E.S.A2아파트,124.66,202110,15,"99,000",19,2003,도봉로150길 43,,-,-
서울특별시 도봉구 방학동,717-2,717,2,방학지음재힐스,14.86,202110,15,"13,200",4,2018,도봉로150다길 28,,-,-
서울특별시 도봉구 방학동,735,735,0,성원아파트,59.94,202110,5,"51,300",6,1996,도당로6길 14-5,,-,-
서울특별시 도봉구 방학동,732,732,0,신동아아파트4,59.92,202110,5,"43,000",11,1995,방학로 200,,-,-
서울특별시 도봉구 방학동,507,507,0,우성아파트1,72.06,202110,6,"62,000",12,1992,해등로 295,,-,-
서울특별시 도봉구 방학동,705-17,705,17,퍼스티안,13.6794,202110,11,"9,350",13,2013,도봉로150가길 27,,-,-
서울특별시 도봉구 방학동,705-17,705,17,퍼스티안,13.6794,202110,22,"10,000",6,2013,도봉로150가길 27,,-,-
서울특별시 도봉구 쌍문동,285-5,285,5,동익미라벨,65.42,202110,5,"47,000",3,1987,우이천로32길 67,,-,-
서울특별시 도봉구 쌍문동,724,724,0,백조,66.35,202110,7,"47,900",4,1981,노해로38길 15,,-,-
서울특별시 도봉구 쌍문동,728,728,0,북한산월드메르디앙,82.09,202110,6,"75,800",6,2005,삼양로 566,,-,-
서울특별시 도봉구 쌍문동,53,53,0,성원,71.78,202110,30,"61,500",5,1989,해등로 242-11,,-,-
서울특별시 도봉구 쌍문동,139-52,139,52,신동아,63.03,202110,2,"33,000",5,2003,도봉로117길 70,,-,-
서울특별시 도봉구 쌍문동,321,321,0,쌍문금용,59.94,202110,2,"42,000",12,1995,노해로 170,,-,-
서울특별시 도봉구 쌍문동,195,195,0,청구,84.63,202110,6,"69,000",6,1996,도당로 13,,-,-
서울특별시 도봉구 쌍문동,59,59,0,한양2,76.92,202110,5,"64,000",8,1988,해등로 231,,-,-
서울특별시 도봉구 쌍문동,59,59,0,한양2,48.96,202110,8,"48,500",3,1988,해등로 231,,-,-
서울특별시 도봉구 쌍문동,158,158,0,한양7,84.92,202110,8,"73,000",9,1993,해등로25길 41,,-,-
서울특별시 도봉구 쌍문동,54,54,0,현대1,70.3,202110,2,"61,700",12,1990,해등로 242-12,,-,-
서울특별시 도봉구 쌍문동,54,54,0,현대1,70.3,202110,12,"61,500",8,1990,해등로 242-12,,-,-
서울특별시 도봉구 쌍문동,719,719,0,현대3,84.93,202110,5,"59,000",11,1995,우이천로38가길 32,,-,-
서울특별시 도봉구 쌍문동,719,719,0,현대3,84.83,202110,11,"53,800",1,1995,우이천로38가길 32,,-,-
서울특별시 도봉구 쌍문동,719,719,0,현대3,84.83,202110,13,"52,000",3,1995,우이천로38가길 32,,-,-
서울특별시 도봉구 창동,665-25,665,25,금성파크A동,71.33,202110,9,"32,500",2,2003,노해로62길 61,,-,-
서울특별시 도봉구 창동,804,804,0,대우,59.86,202110,1,"60,000",1,1995,덕릉로63가길 43,,-,-
서울특별시 도봉구 창동,26,26,0,동아,89.45,202110,6,"105,000",5,1988,노해로70길 12,,-,-
서울특별시 도봉구 창동,26,26,0,동아,89.45,202110,9,"105,000",13,1988,노해로70길 12,,-,-
서울특별시 도봉구 창동,808,808,0,동아청솔,134.94,202110,4,"140,000",14,1997,노해로69길 103,,-,-
서울특별시 도봉구 창동,808,808,0,동아청솔,59.76,202110,18,"87,300",4,1997,노해로69길 103,,-,-
서울특별시 도봉구 창동,825,825,0,북한산아이파크5차,84.4516,202110,16,"119,000",14,2004,도봉로136길 28,,-,-
서울특별시 도봉구 창동,807,807,0,쌍용,59.88,202110,1,"80,900",16,1997,마들로 551,,-,-
서울특별시 도봉구 창동,807,807,0,쌍용,84.76,202110,8,"115,000",11,1997,마들로 551,,-,-
서울특별시 도봉구 창동,807,807,0,쌍용,59.88,202110,15,"70,200",1,1997,마들로 551,,-,-
서울특별시 도봉구 창동,7,7,0,월가타워,13.09,202110,5,"9,500",9,2013,마들로11가길 6-25,,-,-
서울특별시 도봉구 창동,7,7,0,월가타워,13.09,202110,6,"9,850",11,2013,마들로11가길 6-25,,-,-
서울특별시 도봉구 창동,27,27,0,주공19단지(창동리버타운),68.86,202110,5,"100,000",2,1988,노해로70길 19,,-,-
서울특별시 도봉구 창동,27,27,0,주공19단지(창동리버타운),68.86,202110,11,"107,500",10,1988,노해로70길 19,,-,-
서울특별시 도봉구 창동,27,27,0,주공19단지(창동리버타운),68.86,202110,25,"104,000",7,1988,노해로70길 19,,-,-
서울특별시 도봉구 창동,30,30,0,창동주공18단지,84.41,202110,1,"83,000",3,1988,노해로70길 126,,-,-
서울특별시 도봉구 창동,305,305,0,창동주공1단지,49.94,202110,8,"73,000",2,1990,해등로 113,,-,-
서울특별시 도봉구 창동,316,316,0,창동주공2단지,36.16,202110,5,"59,000",5,1990,해등로12길 44,,-,-
서울특별시 도봉구 창동,347,347,0,창동주공3단지(해등마을),79.07,202110,4,"103,500",4,1990,해등로 50,,-,-
서울특별시 도봉구 창동,380,380,0,창동주공4단지,41.3,202110,27,"60,000",6,1991,덕릉로 349,,-,-
서울특별시 도봉구 창동,818,818,0,창동현대4차,101.9957,202110,16,"110,000",11,2003,노해로69가길 54,,-,-
서울특별시 도봉구 창동,443-4,443,4,파크힐,57.8,202110,12,"34,000",4,2013,덕릉로 276,,-,-
서울특별시 도봉구 창동,813,813,0,현대조합,59.91,202110,12,"64,000",10,2000,해등로16길 12,,-,-
서울특별시 도봉구 창동,813,813,0,현대조합,84.21,202110,22,"72,250",5,2000,해등로16길 12,,-,-
서울특별시 도봉구 창동,813,813,0,현대조합,59.91,202110,25,"60,000",11,2000,해등로16길 12,,-,-
서울특별시 동대문구 답십리동,1014,1014,0,답십리파크자이,59.91,202110,2,"119,990",8,2019,답십리로56길 105,,-,-
서울특별시 동대문구 답십리동,42,42,0,동답한신,59.22,202110,2,"77,000",14,1992,답십리로 210-30,,-,-
서울특별시 동대문구 답십리동,42,42,0,동답한신,44.35,202110,2,"65,000",5,1992,답십리로 210-30,,-,-
서울특별시 동대문구 답십리동,10,10,0,동아,101.94,202110,5,"97,000",10,2001,한천로11길 10-1,,-,-
서울특별시 동대문구 답십리동,990,990,0,두산,59.96,202110,2,"83,500",10,2000,답십리로56길 21,,-,-
서울특별시 동대문구 답십리동,990,990,0,두산,59.95,202110,2,"85,000",11,2000,답십리로56길 21,,-,-
서울특별시 동대문구 답십리동,998,998,0,두산위브,59.91,202110,8,"109,700",13,2007,황물로15길 25,,-,-
서울특별시 동대문구 답십리동,1013,1013,0,래미안미드카운티,59.98,202110,2,"123,000",3,2019,답십리로 141,,-,-
서울특별시 동대문구 답십리동,1013,1013,0,래미안미드카운티,84.99,202110,6,"148,000",5,2019,답십리로 141,,-,-
서울특별시 동대문구 답십리동,1013,1013,0,래미안미드카운티,59.98,202110,16,"128,500",11,2019,답십리로 141,,-,-
서울특별시 동대문구 답십리동,1013,1013,0,래미안미드카운티,84.99,202110,17,"154,500",16,2019,답십리로 141,20211028,-,-
서울특별시 동대문구 답십리동,1013,1013,0,래미안미드카운티,84.99,202110,17,"154,500",16,2019,답십리로 141,20211028,-,-
서울특별시 동대문구 답십리동,1013,1013,0,래미안미드카운티,84.99,202110,17,"154,500",16,2019,답십리로 141,,-,-
서울특별시 동대문구 답십리동,1000,1000,0,래미안엘파인아파트,84.94,202110,21,"95,000",12,2011,한천로37길 33,,-,-
서울특별시 동대문구 답십리동,488-18,488,18,센시티16,14.244,202110,13,"11,200",15,2013,전농로 16,20211014,-,-
서울특별시 동대문구 답십리동,498-7,498,7,청계지웰,18.585,202110,6,"13,900",15,2012,사가정로 6,,-,-
서울특별시 동대문구 답십리동,498-7,498,7,청계지웰,19.525,202110,15,"13,900",13,2012,사가정로 6,,-,-
서울특별시 동대문구 답십리동,1002,1002,0,청계한신휴플러스,90.62,202110,16,"135,500",7,2010,서울시립대로 14,,-,-
서울특별시 동대문구 답십리동,Feb-80,80,2,청솔2차우성,82.49,202110,2,"90,000",14,2000,전농로10길 80,,-,-
서울특별시 동대문구 답십리동,1009,1009,0,힐스테이트청계,84.85,202110,2,"149,800",13,2018,천호대로55길 11,,-,-
서울특별시 동대문구 용두동,104-34,104,34,가우디캐슬,29.68,202110,18,"31,000",10,2019,왕산로22길 16,,-,-
서울특별시 동대문구 용두동,104-3,104,3,동대문푸르지오시티(도시형생활주택),30.11,202110,22,"37,500",3,2016,왕산로 86,,-,-
서울특별시 동대문구 용두동,792,792,0,래미안 허브리츠,84.97,202110,1,"143,000",6,2011,정릉천동로 36,,-,-
서울특별시 동대문구 용두동,792,792,0,래미안 허브리츠,59.96,202110,16,"121,800",4,2011,정릉천동로 36,,-,-
서울특별시 동대문구 용두동,779,779,0,신동아,71.01,202110,1,"86,500",15,1994,무학로26길 30,,-,-
서울특별시 동대문구 용두동,779,779,0,신동아,84.63,202110,2,"92,000",7,1994,무학로26길 30,,-,-
서울특별시 동대문구 용두동,794,794,0,용두롯데캐슬리치,59.9858,202110,1,"110,000",4,2015,한빛로 73,,-,-
서울특별시 동대문구 용두동,255-49,255,49,청계한양아이클래스,14.22,202110,12,"18,000",16,2019,청계천로 461,,-,-
서울특별시 동대문구 용두동,785,785,0,청재제일타운,83.04,202110,10,"62,000",5,2005,왕산로16길 47,,-,-
서울특별시 동대문구 이문동,225,225,0,대림e-편한세상,114.937,202110,15,"115,000",3,2003,한천로63길 10,,-,-
서울특별시 동대문구 이문동,45,45,0,대우,84.89,202110,2,"93,500",16,2001,한천로58길 139,,-,-
서울특별시 동대문구 이문동,311,311,0,래미안이문2차,59.79,202110,22,"90,000",15,2004,이문로12길 3-10,,-,-
서울특별시 동대문구 이문동,64,64,0,쌍용,59.99,202110,3,"83,000",10,2000,한천로58길 47,,-,-
서울특별시 동대문구 이문동,64,64,0,쌍용,59.99,202110,7,"84,300",16,2000,한천로58길 47,,-,-
서울특별시 동대문구 이문동,64,64,0,쌍용,59.99,202110,9,"79,800",19,2000,한천로58길 47,,-,-
서울특별시 동대문구 이문동,291-35,291,35,이문스카이뷰,25.99,202110,15,"35,600",9,2020,이문로 127,,-,-
서울특별시 동대문구 이문동,54,54,0,현대,84.58,202110,16,"86,000",3,2000,한천로58길 107,,-,-
서울특별시 동대문구 장안동,586,586,0,U포그니2차,55.06,202110,1,"54,000",3,2018,답십리로68길 32,,-,-
서울특별시 동대문구 장안동,415-10,415,10,글로벌팰리스,27.08,202110,9,"27,000",12,2019,천호대로 385,,-,-
서울특별시 동대문구 장안동,587,587,0,동대문더퍼스트데시앙,59.8074,202110,8,"95,000",9,2019,장한로27가길 37,,-,-
서울특별시 동대문구 장안동,329-3,329,3,래미안장안2차,81.05,202110,7,"114,000",21,2007,장안벚꽃로 167,,-,-
서울특별시 동대문구 장안동,329-3,329,3,래미안장안2차,81.05,202110,9,"114,250",11,2007,장안벚꽃로 167,,-,-
서울특별시 동대문구 장안동,337-3,337,3,르메이에르장안타운3차,67.59,202110,7,"58,500",10,2005,장한로26다길 13,,-,-
서울특별시 동대문구 장안동,335-8,335,8,르미에르장안타운5차,84.94,202110,8,"69,700",7,2005,장한로26길 37,,-,-
서울특별시 동대문구 장안동,326-10,326,10,삼성그린,96.94,202110,4,"70,000",6,2005,장한로32길 27,,-,-
서울특별시 동대문구 장안동,416-1,416,1,에스아이팰리스장안센텀,14.213,202110,1,"19,900",8,2020,한천로2길 84,,-,-
서울특별시 동대문구 장안동,580,580,0,장안위더스빌,84.89,202110,12,"89,500",5,2011,한천로 42,,-,-
서울특별시 동대문구 장안동,580,580,0,장안위더스빌,111.59,202110,12,"94,500",19,2011,한천로 42,,-,-
서울특별시 동대문구 장안동,580,580,0,장안위더스빌,84.99,202110,18,"88,000",10,2011,한천로 42,,-,-
서울특별시 동대문구 장안동,466-5,466,5,장안푸르미에,12.9463,202110,30,"12,500",10,2013,천호대로97길 9,,-,-
서울특별시 동대문구 장안동,336,336,0,장안현대홈타운(336),58.42,202110,11,"84,700",2,2003,장안벚꽃로 107,,-,-
서울특별시 동대문구 장안동,336,336,0,장안현대홈타운(336),84.87,202110,12,"100,000",3,2003,장안벚꽃로 107,,-,-
서울특별시 동대문구 장안동,382-2,382,2,제이드파크(382-2),17.33,202110,21,"13,000",9,2014,장한로21길 11-2,,-,-
서울특별시 동대문구 장안동,400-9,400,9,청솔브레싱(B동)(400-9),70.59,202110,13,"41,700",2,2004,천호대로77다길 11-12,,-,-
서울특별시 동대문구 장안동,555-1,555,1,한신아파트,84.83,202110,11,"76,700",2,1996,사가정로 245-3,,-,-
서울특별시 동대문구 장안동,373-3,373,3,현대썬앤빌601,18.35,202110,5,"12,350",6,2015,장한로 91,,-,-
서울특별시 동대문구 장안동,373-3,373,3,현대썬앤빌601,18.35,202110,18,"11,000",7,2015,장한로 91,,-,-
서울특별시 동대문구 전농동,688,688,0,래미안아름숲,84.7,202110,16,"128,000",4,2012,전농로16길 51,,-,-
서울특별시 동대문구 전농동,690,690,0,래미안크레시티,59.99,202110,9,"128,000",16,2014,사가정로 65,,-,-
서울특별시 동대문구 전농동,690,690,0,래미안크레시티,59.99,202110,9,"135,000",6,2014,사가정로 65,,-,-
서울특별시 동대문구 전농동,690,690,0,래미안크레시티,59.99,202110,12,"132,000",17,2014,사가정로 65,,-,-
서울특별시 동대문구 전농동,10,10,0,전농SK,84.95,202110,2,"105,000",3,2000,사가정로 148,,-,-
서울특별시 동대문구 전농동,10,10,0,전농SK,59.96,202110,6,"86,900",3,2000,사가정로 148,,-,-
서울특별시 동대문구 전농동,10,10,0,전농SK,84.95,202110,21,"110,000",5,2000,사가정로 148,20211030,-,-
서울특별시 동대문구 전농동,10,10,0,전농SK,84.95,202110,21,"110,000",5,2000,사가정로 148,,-,-
서울특별시 동대문구 전농동,6,6,0,전농우성,126.63,202110,6,"97,000",12,1992,사가정로 190,,-,-
서울특별시 동대문구 전농동,6,6,0,전농우성,84.84,202110,9,"89,600",12,1992,사가정로 190,,-,-
서울특별시 동대문구 제기동,757-12,757,12,건영스타밸리,59.9,202110,8,"58,500",3,2021,경동시장로 53,,-,-
서울특별시 동대문구 제기동,1158-40,1158,40,어반넥서스,58.7,202110,2,"46,200",4,2016,왕산로19라길 3,,-,-
서울특별시 동대문구 제기동,1158-10,1158,10,청우,84.88,202110,7,"59,500",2,2003,왕산로19다길 25,,-,-
서울특별시 동대문구 제기동,1212,1212,0,한신아파트,59.84,202110,2,"85,000",12,2004,고산자로 534,,-,-
서울특별시 동대문구 제기동,1212,1212,0,한신아파트,114.885,202110,15,"113,000",23,2004,고산자로 534,,-,-
서울특별시 동대문구 청량리동,60,60,0,한신,84.92,202110,1,"109,500",3,1997,제기로 131,,-,-
서울특별시 동대문구 청량리동,60,60,0,한신,84.92,202110,10,"100,000",4,1997,제기로 131,,-,-
서울특별시 동대문구 회기동,346-18,346,18,베라체캠퍼스,22.866,202110,8,"22,800",11,2013,이문로 37,,-,-
서울특별시 동대문구 회기동,346-18,346,18,베라체캠퍼스,24.319,202110,15,"23,500",13,2013,이문로 37,,-,-
서울특별시 동대문구 휘경동,308-110,308,110,동성,79.39,202110,14,"60,000",6,2001,망우로12길 61,,-,-
서울특별시 동대문구 휘경동,366,366,0,동일스위트리버,59.732,202110,21,"76,000",5,2007,한천로 300,,-,-
서울특별시 동대문구 휘경동,368,368,0,브라운스톤휘경,114.61,202110,2,"134,500",10,2013,망우로20길 86,,-,-
서울특별시 동대문구 휘경동,57,57,0,주공1,84.82,202110,1,"90,000",10,2001,한천로 248,,-,-
서울특별시 동대문구 휘경동,367,367,0,휘경센트레빌,84.89,202110,12,"105,000",22,2011,외대역동로 14,,-,-
서울특별시 동작구 노량진동,330,330,0,삼익,84.68,202110,20,"84,500",12,2001,만양로 84,,-,-
서울특별시 동작구 노량진동,325,325,0,신동아리버파크,114.75,202110,1,"133,500",2,2001,만양로 19,,-,-
서울특별시 동작구 노량진동,325,325,0,신동아리버파크,84.88,202110,20,"122,000",1,2001,만양로 19,,-,-
서울특별시 동작구 대방동,515,515,0,아데나339,27.83,202110,12,"21,000",2,2012,여의대방로54길 39,,-,-
서울특별시 동작구 동작동,333,333,0,이수힐스테이트,59.942,202110,2,"145,000",6,2013,동작대로39길 22,,-,-
서울특별시 동작구 본동,492,492,0,삼성래미안,84.2261,202110,4,"136,000",17,2004,매봉로 123,,-,-
서울특별시 동작구 사당동,1135,1135,0,경남아너스빌2차,84.96,202110,6,"90,000",2,1998,사당로 165,,-,-
서울특별시 동작구 사당동,105,105,0,극동(105),110.14,202110,4,"134,000",10,1993,동작대로29길 119,,-,-
서울특별시 동작구 사당동,105,105,0,극동(105),84.32,202110,6,"122,000",14,1993,동작대로29길 119,,-,-
서울특별시 동작구 사당동,105,105,0,극동(105),109.7,202110,12,"134,000",12,1993,동작대로29길 119,,-,-
서울특별시 동작구 사당동,105,105,0,사당우성2,59.89,202110,4,"122,800",12,1993,동작대로29길 91,,-,-
서울특별시 동작구 사당동,105,105,0,사당우성2,84.66,202110,22,"140,000",5,1993,동작대로29길 91,,-,-
서울특별시 동작구 사당동,105,105,0,사당우성3,118.25,202110,5,"149,500",15,1993,동작대로29길 115,,-,-
서울특별시 동작구 사당동,1139,1139,0,사당자이,59.89,202110,11,"93,000",9,1999,사당로2가길 102,,-,-
서울특별시 동작구 사당동,1139,1139,0,사당자이,84.49,202110,21,"109,000",10,1999,사당로2가길 102,,-,-
서울특별시 동작구 사당동,1157,1157,0,이수역리가,84.847,202110,16,"159,500",5,2013,사당로27길 130,,-,-
서울특별시 동작구 상도동,903,903,0,e편한세상상도노빌리티,59.7827,202110,12,"154,500",8,2018,만양로 6,,-,-
서울특별시 동작구 상도동,903,903,0,e편한세상상도노빌리티,84.9704,202110,23,"173,000",14,2018,만양로 6,,-,-
서울특별시 동작구 상도동,414,414,0,건영,114.96,202110,11,"135,000",8,1997,만양로 26,,-,-
서울특별시 동작구 상도동,445,445,0,경향렉스빌,114.6534,202110,23,"105,000",6,2002,양녕로23길 9,,-,-
서울특별시 동작구 상도동,530,530,0,롯데캐슬비엔,68.56,202110,2,"88,500",2,2010,양녕로 170,,-,-
서울특별시 동작구 상도동,520,520,0,삼환나우빌(520-0),84.87,202110,20,"123,500",8,2007,상도로55길 25,,-,-
서울특별시 동작구 상도동,534,534,0,상도더샵2차,84.99,202110,15,"147,000",8,2014,장승배기로10길 100,,-,-
서울특별시 동작구 상도동,418,418,0,쌍용스윗닷홈,59.578,202110,28,"102,000",13,2003,상도로 107,,-,-
서울특별시 동작구 상도동,416,416,0,아이파크,84.96,202110,6,"128,500",5,2004,장승배기로 26,,-,-
서울특별시 동작구 상도동,533,533,0,힐스테이트 상도 프레스티지,120.004,202110,4,"195,200",12,2013,상도로 346-2,,-,-
서울특별시 동작구 신대방동,705,705,0,신대방,59.6,202110,5,"62,000",6,1995,보라매로 83,,-,-
서울특별시 동작구 신대방동,360-17,360,17,신동아,48.18,202110,2,"59,500",11,1993,여의대방로22아길 22,,-,-
서울특별시 동작구 신대방동,565,565,0,우성1,66.69,202110,6,"110,000",4,1988,여의대방로 22,,-,-
서울특별시 동작구 신대방동,707,707,0,현대,84.57,202110,2,"109,000",15,1996,여의대방로 28,,-,-
서울특별시 동작구 흑석동,340,340,0,롯데캐슬에듀포레,84.9971,202110,7,"193,000",10,2018,서달로 123,,-,-
서울특별시 동작구 흑석동,329,329,0,우리유앤미,59.6618,202110,19,"97,500",11,2003,서달로 83,,-,-
서울특별시 동작구 흑석동,327,327,0,청호,59.85,202110,8,"85,500",5,1997,서달로2길 29,,-,-
서울특별시 동작구 흑석동,28,28,0,한강현대,66.225,202110,11,"150,000",4,1988,현충로 151,,-,-
서울특별시 동작구 흑석동,328,328,0,흑석동양아파트,59.511,202110,1,"100,000",2,2003,서달로1길 17,,-,-
서울특별시 동작구 흑석동,336,336,0,흑석한강푸르지오,84.98,202110,16,"171,000",16,2012,흑석한강로 27,,-,-
서울특별시 마포구 공덕동,371,371,0,공덕1삼성래미안,84.94,202110,19,"162,500",9,1999,마포대로 115-8,,-,-
서울특별시 마포구 공덕동,43,43,0,공덕2삼성래미안,84.94,202110,1,"160,000",16,2004,마포대로20길 26,,-,-
서울특별시 마포구 공덕동,43,43,0,공덕2삼성래미안,114.87,202110,15,"164,000",17,2004,마포대로20길 26,,-,-
서울특별시 마포구 공덕동,457,457,0,공덕3삼성래미안,59.97,202110,8,"153,000",5,2004,마포대로7길 22,,-,-
서울특별시 마포구 공덕동,476,476,0,공덕파크자이,84.9541,202110,14,"174,000",12,2015,백범로 152,,-,-
서울특별시 마포구 공덕동,464,464,0,래미안공덕4차,59.9,202110,11,"147,500",10,2005,마포대로11길 50,,-,-
서울특별시 마포구 공덕동,469,469,0,래미안공덕5차,84.851,202110,4,"173,000",9,2011,마포대로 173-15,,-,-
서울특별시 마포구 공덕동,469,469,0,래미안공덕5차,59.959,202110,11,"149,000",6,2011,마포대로 173-15,,-,-
서울특별시 마포구 노고산동,01월 03일,1,3,신촌포스빌,32.34,202110,29,"26,000",6,2004,신촌로 150,,-,-
서울특별시 마포구 노고산동,107-36,107,36,현대벤처빌,31.57,202110,12,"24,900",8,2002,백범로 10,,-,-
서울특별시 마포구 대흥동,806,806,0,신촌그랑자이(1단지),84.98,202110,22,"202,000",22,2020, ,,-,-
서울특별시 마포구 도화동,550,550,0,삼성,84.985,202110,5,"154,500",1,1997,도화길 28,,-,-
서울특별시 마포구 도화동,353,353,0,현대홈타운,84.95,202110,16,"128,000",4,2000,새창로8길 72,,-,-
서울특별시 마포구 마포동,442,442,0,보성,59.4,202110,9,"98,000",10,1996,마포대로4길 90,,-,-
서울특별시 마포구 마포동,449,449,0,비체힐리버뷰,16.6071,202110,29,"13,500",6,2012,마포대로4나길 71,,-,-
서울특별시 마포구 마포동,449,449,0,비체힐리버뷰,16.5186,202110,29,"13,300",3,2012,마포대로4나길 71,,-,-
서울특별시 마포구 망원동,433-4,433,4,뉴성신아파트,59.27,202110,8,"70,700",2,2021,포은로 143,,-,-
서울특별시 마포구 망원동,496,496,0,대림1,84.96,202110,25,"120,000",8,2002,망원로2길 103,,-,-
서울특별시 마포구 망원동,463-2,463,2,동보프리미아,63.02,202110,26,"60,000",7,2004,방울내로11길 181,,-,-
서울특별시 마포구 망원동,521,521,0,마포한강아이파크,84.5533,202110,11,"148,500",7,2019,희우정로 77,,-,-
서울특별시 마포구 망원동,522,522,0,마포한강제이스카이,49.664,202110,19,"74,500",11,2019,방울내로 37,,-,-
서울특별시 마포구 망원동,513,513,0,상암마젤란21,82.39,202110,5,"95,000",1,2005,방울내로11길 43,,-,-
서울특별시 마포구 망원동,489,489,0,성원2,59.43,202110,16,"70,000",3,1999,망원로4길 8,,-,-
서울특별시 마포구 망원동,518,518,0,신부파스카5차,37.21,202110,1,"29,000",1,2013,방울내로11길 73,,-,-
서울특별시 마포구 상수동,402,402,0,래미안밤섬리베뉴Ⅰ,84.99,202110,6,"175,000",18,2014,독막로20나길 22,,-,-
서울특별시 마포구 상암동,1637,1637,0,상암월드컵파크2단지,59.92,202110,5,"105,000",14,2003,월드컵북로47길 46,,-,-
서울특별시 마포구 상암동,1655,1655,0,상암월드컵파크4단지,104.78,202110,9,"149,000",5,2006,상암산로1길 24,,-,-
서울특별시 마포구 상암동,1660,1660,0,상암월드컵파크7단지,84.9,202110,2,"128,000",5,2005,상암산로1길 92,,-,-
서울특별시 마포구 서교동,487,487,0,대우미래사랑,34.29,202110,1,"28,100",4,2005,월드컵북로5나길 18,,-,-
서울특별시 마포구 서교동,490,490,0,메세나폴리스,142.034,202110,7,"200,000",32,2012,양화로 45,,-,-
서울특별시 마포구 서교동,453-15,453,15,센트레,79.7,202110,20,"79,000",6,2002,월드컵북로7길 42,,-,-
서울특별시 마포구 성산동,650,650,0,성산동자담이움아파트,84.75,202110,12,"80,000",3,2006,월드컵로26길 57,,-,-
서울특별시 마포구 성산동,446,446,0,성산시영(대우),50.03,202110,9,"112,000",9,1986,월드컵북로 235,,-,-
서울특별시 마포구 성산동,446,446,0,성산시영(선경),50.54,202110,3,"115,000",14,1986,월드컵북로 235,,-,-
서울특별시 마포구 성산동,446,446,0,성산시영(선경),50.54,202110,14,"113,000",11,1986,월드컵북로 235,,-,-
서울특별시 마포구 성산동,446,446,0,성산시영(유원),59.43,202110,1,"134,500",5,1986,월드컵북로 235,,-,-
서울특별시 마포구 성산동,446,446,0,성산시영(유원),59.43,202110,4,"135,000",6,1986,월드컵북로 235,,-,-
서울특별시 마포구 성산동,446,446,0,성산시영(유원),59.43,202110,9,"132,500",10,1986,월드컵북로 235,,-,-
서울특별시 마포구 성산동,255-11,255,11,유안,81.38,202110,1,"64,000",5,2002,성미산로3가길 6-8,,-,-
서울특별시 마포구 성산동,01월 23일,23,1,해피존2,84.78,202110,9,"70,000",4,2005,월드컵북로12길 106,,-,-
서울특별시 마포구 신공덕동,159,159,0,신공덕래미안2차,59.48,202110,2,"113,300",19,2000,만리재로 74,,-,-
서울특별시 마포구 신공덕동,172,172,0,펜트라우스,115.04,202110,5,"190,000",2,2011,백범로 205,,-,-
서울특별시 마포구 신수동,91-511,91,511,(91-511),65.52,202110,4,"65,000",3,2011,신수로 89,,-,-
서울특별시 마포구 신수동,453,453,0,대원칸타빌,117.183,202110,9,"158,000",2,2004,창전로2길 10,,-,-
서울특별시 마포구 신수동,462,462,0,신촌숲아이파크,59.376,202110,6,"151,900",27,2019,광성로 17,,-,-
서울특별시 마포구 신수동,462,462,0,신촌숲아이파크,84.932,202110,7,"215,000",28,2019,광성로 17,,-,-
서울특별시 마포구 아현동,777,777,0,마포래미안푸르지오2단지,59.9656,202110,16,"159,500",8,2014,마포대로 195,,-,-
서울특별시 마포구 아현동,777,777,0,마포래미안푸르지오2단지,84.5978,202110,21,"194,000",12,2014,마포대로 195,,-,-
서울특별시 마포구 아현동,777,777,0,마포래미안푸르지오3단지,84.8919,202110,3,"185,000",11,2014,마포대로 195,,-,-
서울특별시 마포구 아현동,777,777,0,마포래미안푸르지오3단지,84.8919,202110,13,"180,000",11,2014,마포대로 195,,-,-
서울특별시 마포구 아현동,777,777,0,마포래미안푸르지오4단지,59.9656,202110,4,"164,000",22,2014,마포대로 195,,-,-
서울특별시 마포구 염리동,45,45,0,마포자이3차,84.86,202110,2,"178,500",6,2018,숭문길 98,,-,-
서울특별시 마포구 염리동,515-1,515,1,상록,58.71,202110,16,"90,000",17,1997,숭문길 106,,-,-
서울특별시 마포구 중동,390,390,0,DMC마포청구아파트,84.6,202110,16,"109,500",4,1994,성암로11길 60,,-,-
서울특별시 마포구 중동,30-28,30,28,수풍,76.42,202110,4,"56,300",5,2009,월드컵북로38가길 22-5,,-,-
서울특별시 마포구 중동,391,391,0,중동계룡아파트,79.75,202110,26,"89,500",5,2000,월드컵북로38가길 20,,-,-
서울특별시 마포구 창전동,444,444,0,서강예가,59.983,202110,16,"137,500",10,2007,독막로 145,,-,-
서울특별시 마포구 창전동,440,440,0,창전동현대홈타운,59.651,202110,11,"125,500",12,2005,서강로 83,,-,-
서울특별시 마포구 하중동,101,101,0,한강밤섬자이,118.28,202110,2,"217,000",16,2010,토정로 158,,-,-
서울특별시 마포구 합정동,357-3,357,3,두영이지안101동,84.87,202110,7,"109,000",6,2007,토정로 67,,-,-
서울특별시 마포구 현석동,222,222,0,강변힐스테이트,84.85,202110,21,"135,000",4,2004,신수로 15,,-,-
서울특별시 서대문구 남가좌동,388,388,0,DMC센트럴아이파크,103.19,202110,5,"157,000",20,2018,증가로 150,,-,-
서울특별시 서대문구 남가좌동,388,388,0,DMC센트럴아이파크,84.95,202110,6,"145,000",18,2018,증가로 150,,-,-
서울특별시 서대문구 남가좌동,381,381,0,DMC센트레빌,59.95,202110,5,"105,000",7,2009,거북골로 120,,-,-
서울특별시 서대문구 남가좌동,385,385,0,DMC파크뷰자이1단지,120.006,202110,3,"184,000",13,2015,가재울미래로 2,,-,-
서울특별시 서대문구 남가좌동,385,385,0,DMC파크뷰자이1단지,84.971,202110,6,"143,500",23,2015,가재울미래로 2,,-,-
서울특별시 서대문구 남가좌동,385,385,0,DMC파크뷰자이1단지,121.614,202110,15,"170,000",32,2015,가재울미래로 2,,-,-
서울특별시 서대문구 남가좌동,387,387,0,디엠씨엘가,41.23,202110,12,"43,500",3,2017,모래내로 151,,-,-
서울특별시 서대문구 남가좌동,390,390,0,래미안루센티아,59.98,202110,10,"117,500",10,2020,거북골로 100,,-,-
서울특별시 서대문구 남가좌동,390,390,0,래미안루센티아,59.98,202110,10,"122,000",9,2020,거북골로 100,,-,-
서울특별시 서대문구 대현동,144,144,0,럭키대현,59.7,202110,24,"94,000",14,1999,이화여대길 50-12,,-,-
서울특별시 서대문구 대현동,104-36,104,36,신촌자이엘라,21.96,202110,29,"25,500",20,2014,신촌로 149,,-,-
서울특별시 서대문구 대현동,90-70,90,70,파라타워,14.44,202110,12,"21,900",5,2020,신촌로 163,,-,-
서울특별시 서대문구 북가좌동,481,481,0,DMC래미안e편한세상,153.86,202110,16,"175,000",6,2012,수색로 100,,-,-
서울특별시 서대문구 북가좌동,458,458,0,DMC아이파크,59.96,202110,11,"105,000",13,2009,거북골로14길 32,,-,-
서울특별시 서대문구 북가좌동,431,431,0,DMC한양,65.34,202110,8,"91,000",3,1987,응암로 28,,-,-
서울특별시 서대문구 북가좌동,453,453,0,DMC현대아파트,71.89,202110,5,"78,500",13,2000,응암로 33,,-,-
서울특별시 서대문구 북가좌동,455,455,0,신일해피트리,84.98,202110,30,"95,000",7,2005,수색로 147-1,,-,-
서울특별시 서대문구 북가좌동,304-52,304,52,청솔하이츠2동,69.48,202110,9,"55,000",6,2004,거북골로18가길 22,,-,-
서울특별시 서대문구 북아현동,1013,1013,0,e편한세상신촌1단지,84.93,202110,2,"170,000",5,2018,북아현로1가길 20,,-,-
서울특별시 서대문구 북아현동,1009,1009,0,두산,59.96,202110,1,"95,000",5,1999,이화여대8길 62,,-,-
서울특별시 서대문구 북아현동,1009,1009,0,두산,59.96,202110,4,"93,000",18,1999,이화여대8길 62,,-,-
서울특별시 서대문구 북아현동,1009,1009,0,두산,59.96,202110,9,"84,000",3,1999,이화여대8길 62,,-,-
서울특별시 서대문구 북아현동,1009,1009,0,두산,59.96,202110,9,"95,000",9,1999,이화여대8길 62,,-,-
서울특별시 서대문구 북아현동,1013,1013,0,이편한세상신촌(4단지),84.82,202110,23,"180,000",8,2018,신촌로35길 10,,-,-
서울특별시 서대문구 연희동,740,740,0,성원,59.61,202110,9,"79,800",6,2001,연희로32길 48,,-,-
서울특별시 서대문구 창천동,510-2,510,2,3RU-City,25.06,202110,5,"19,399",9,2013,신촌로 1,,-,-
서울특별시 서대문구 창천동,510-2,510,2,3RU-City,25.06,202110,5,"19,399",3,2013,신촌로 1,,-,-
서울특별시 서대문구 창천동,510-2,510,2,3RU-City,25.06,202110,8,"18,234",5,2013,신촌로 1,,-,-
서울특별시 서대문구 창천동,510-2,510,2,3RU-City,25.06,202110,8,"17,818",3,2013,신촌로 1,,-,-
서울특별시 서대문구 창천동,510-2,510,2,3RU-City,17.19,202110,16,"17,500",9,2013,신촌로 1,,-,-
서울특별시 서대문구 창천동,510-2,510,2,3RU-City,17.19,202110,20,"22,500",6,2013,신촌로 1,20211020,-,-
서울특별시 서대문구 창천동,510-2,510,2,3RU-City,17.19,202110,22,"22,500",6,2013,신촌로 1,,-,-
서울특별시 서대문구 천연동,145,145,0,천연뜨란채,55.85,202110,1,"95,700",13,2006,독립문로8길 54,,-,-
서울특별시 서대문구 충정로3가,465,465,0,충정리시온,41.48,202110,12,"51,000",16,2004,서소문로 27,,-,-
서울특별시 서대문구 충정로3가,465,465,0,충정리시온,33.32,202110,13,"39,000",16,2004,서소문로 27,,-,-
서울특별시 서대문구 현저동,200,200,0,독립문극동(200-0),84.87,202110,9,"124,000",9,1998,독립문공원길 17,,-,-
서울특별시 서대문구 현저동,200,200,0,독립문극동(200-0),84.87,202110,12,"130,000",11,1998,독립문공원길 17,,-,-
서울특별시 서대문구 홍은동,465,465,0,HDX휴팰리스,59.1032,202110,16,"72,500",6,2018,통일로 536,,-,-
서울특별시 서대문구 홍은동,440-1,440,1,반석블레스,84.96,202110,8,"84,000",3,2013,통일로48가길 15,,-,-
서울특별시 서대문구 홍은동,265-54,265,54,서부사이버,64.46,202110,6,"29,300",4,2000,연희로39길 21,,-,-
서울특별시 서대문구 홍은동,460,460,0,홍은동풍림아이원,130.539,202110,4,"97,700",15,2002,홍은중앙로 149,,-,-
서울특별시 서대문구 홍제동,156-200,156,200,고은,58.84,202110,1,"48,900",1,1975,모래내로 453,,-,-
서울특별시 서대문구 홍제동,454,454,0,유원하나,72.34,202110,10,"67,500",3,1996,세검정로 134,,-,-
서울특별시 서대문구 홍제동,467,467,0,인왕산어울림,133.9,202110,30,"130,000",14,2006,통일로26길 17,,-,-
서울특별시 서대문구 홍제동,460,460,0,인왕산현대,59.93,202110,16,"87,000",9,2000,통일로34길 46,,-,-
서울특별시 서대문구 홍제동,460,460,0,인왕산현대,84.9,202110,19,"107,000",8,2000,통일로34길 46,,-,-
서울특별시 서대문구 홍제동,453-1,453,1,청구2차,59.89,202110,1,"78,500",12,1997,통일로 344,,-,-
서울특별시 서대문구 홍제동,473,473,0,홍제센트럴아이파크,84.9728,202110,5,"139,000",15,2020,통일로 395,,-,-
서울특별시 서대문구 홍제동,459,459,0,홍제원현대(459-0),59.93,202110,16,"88,900",14,2000,통일로34길 43,,-,-
서울특별시 서초구 내곡동,BL-1,1,0,서초더샵포레,114.71,202110,6,"155,000",17,2014,헌릉로8길 58,,-,-
서울특별시 서초구 내곡동,BL-1,1,0,서초더샵포레,101.78,202110,17,"192,000",17,2014,헌릉로8길 58,,-,-
서울특별시 서초구 반포동,30-26,30,26,반포리체,84.967,202110,2,"330,000",22,2010,고무래로 35,,-,-
서울특별시 서초구 반포동,30-26,30,26,반포리체,59.993,202110,8,"258,000",13,2010,고무래로 35,,-,-
서울특별시 서초구 반포동,Apr-60,60,4,반포미도,84.96,202110,2,"270,000",5,1987,서초중앙로29길 28,,-,-
서울특별시 서초구 반포동,1342,1342,0,반포써밋,59.9207,202110,16,"265,000",17,2018,고무래로 89,,-,-
서울특별시 서초구 반포동,20-43,20,43,반포자이,216.49,202110,1,"530,000",16,2009,신반포로 270,,-,-
서울특별시 서초구 반포동,20-43,20,43,반포자이,84.943,202110,7,"366,000",21,2009,신반포로 270,,-,-
서울특별시 서초구 반포동,757,757,0,반포주공1단지,140.13,202110,7,"630,000",2,1973,신반포로 45,,-,-
서울특별시 서초구 반포동,757,757,0,반포주공1단지,106.26,202110,13,"530,000",3,1973,신반포로 45,,-,-
서울특별시 서초구 반포동,10,10,0,반포푸르지오,59.91,202110,16,"158,000",11,2000,신반포로15길 4,,-,-
서울특별시 서초구 반포동,02월 12일,2,12,아크로리버파크,84.97,202110,5,"400,000",13,2016,신반포로15길 19,,-,-
서울특별시 서초구 반포동,968,968,0,에이아이디차관주택,72.51,202110,2,"350,000",2,1974,신반포로 32,20211021,-,-
서울특별시 서초구 반포동,968,968,0,에이아이디차관주택,72.51,202110,2,"350,000",2,1974,신반포로 32,,-,-
서울특별시 서초구 반포동,Jan-70,70,1,한신서래,137.47,202110,15,"240,000",11,1987,사평대로28길 31,,-,-
서울특별시 서초구 방배동,1008-2,1008,2,래미안방배아트힐(1008-2),127.61,202110,8,"255,000",10,2004,남부순환로 2311-12,,-,-
서울특별시 서초구 방배동,754-1,754,1,롯데캐슬헤론,95.66,202110,8,"185,000",7,2006,동광로1길 112,,-,-
서울특별시 서초구 방배동,1344,1344,0,방배1차현대홈타운,59.94,202110,2,"180,000",13,1999,서초대로1길 30,,-,-
서울특별시 서초구 방배동,485-3,485,3,방배래미안타워,103.34,202110,1,"194,000",6,2005,남부순환로 2183,,-,-
서울특별시 서초구 방배동,866-10,866,10,방배마에스트로,35.53,202110,18,"91,500",9,2019,서초대로 13,,-,-
서울특별시 서초구 방배동,930-1,930,1,방배브라운가,124.67,202110,6,"200,000",4,2006,방배로19길 67,,-,-
서울특별시 서초구 방배동,3282,3282,0,방배중앙센트레빌,59.933,202110,5,"133,200",4,2021,방배중앙로 158,,-,-
서울특별시 서초구 방배동,3282,3282,0,방배중앙센트레빌,59.933,202110,14,"134,500",5,2021,방배중앙로 158,,-,-
서울특별시 서초구 방배동,770-1,770,1,삼호1동~3동,116.13,202110,12,"230,000",5,1975,방배로43길 21,,-,-
서울특별시 서초구 방배동,758-4,758,4,삼호2,131.41,202110,14,"230,000",9,1976,방배로43길 2,,-,-
서울특별시 서초구 방배동,758-4,758,4,삼호2,127.94,202110,15,"240,000",9,1976,방배로43길 30,,-,-
서울특별시 서초구 방배동,906-13,906,13,서리풀e편한세상,84.97,202110,16,"257,000",6,2010,효령로33길 50,,-,-
서울특별시 서초구 방배동,988-1,988,1,신동아,102.65,202110,7,"245,000",10,1981,효령로 164,,-,-
서울특별시 서초구 방배동,883-9,883,9,황실자이,186.983,202110,15,"310,000",11,2005,서초대로 156,,-,-
서울특별시 서초구 서초동,1584-6,1584,6,DK밸리뷰시티,25.57,202110,27,"44,900",6,2019,반포대로14길 14,,-,-
서울특별시 서초구 서초동,1337-3,1337,3,urbanplace,20.998,202110,29,"19,000",3,2014,효령로77길 30,,-,-
서울특별시 서초구 서초동,1327-23,1327,23,강남아르젠,27.64,202110,29,"43,000",9,2014,강남대로55길 9-7,,-,-
서울특별시 서초구 서초동,1332-13,1332,13,래미안서초에스티지,83.6,202110,2,"294,000",21,2016,서운로 107,,-,-
서울특별시 서초구 서초동,1754,1754,0,래미안서초에스티지S,84.96,202110,11,"285,000",13,2018,서운로 104,,-,-
서울특별시 서초구 서초동,1445-4,1445,4,래미안서초유니빌,35.383,202110,1,"32,800",3,2003,서초중앙로 26,,-,-
서울특별시 서초구 서초동,1456-1,1456,1,서린,118.32,202110,13,"146,000",3,2004,반포대로10길 30,,-,-
서울특별시 서초구 서초동,1675-11,1675,11,서초대우아이빌,26.947,202110,29,"25,000",12,2003,서초대로58길 10,,-,-
서울특별시 서초구 서초동,1330,1330,0,서초동삼성쉐르빌2,70.49,202110,4,"94,700",5,2002,강남대로53길 11,,-,-
서울특별시 서초구 서초동,1330,1330,0,서초동삼성쉐르빌2,51.08,202110,8,"74,000",18,2002,강남대로53길 11,,-,-
서울특별시 서초구 서초동,1582-3,1582,3,서초센트럴IPARK,80.5332,202110,20,"182,000",12,2020,반포대로18길 36,,-,-
서울특별시 서초구 서초동,1445-13,1445,13,서초쌍용플래티넘,82.46,202110,1,"135,000",14,2006,서초중앙로 18,,-,-
서울특별시 서초구 서초동,1583-10,1583,10,서초아트자이,144.3141,202110,1,"248,000",18,2009,반포대로 58,,-,-
서울특별시 서초구 서초동,1593-7,1593,7,서초이오빌,36.66,202110,18,"29,800",7,2003,효령로53길 45,,-,-
서울특별시 서초구 서초동,1593-7,1593,7,서초이오빌,43.2,202110,20,"37,500",14,2003,효령로53길 45,,-,-
서울특별시 서초구 서초동,1344-13,1344,13,서초트라팰리스,107.69,202110,4,"182,000",5,2005,효령로72길 57,,-,-
서울특별시 서초구 서초동,1685-3,1685,3,아크로비스타,205.07,202110,6,"350,000",9,2004,서초중앙로 188,,-,-
서울특별시 서초구 서초동,1487-115,1487,115,연우,89.35,202110,12,"114,500",2,2015,명달로8길 8,,-,-
서울특별시 서초구 서초동,1687,1687,0,유원서초,84.82,202110,27,"205,000",8,1993,서초중앙로24길 43,,-,-
서울특별시 서초구 서초동,1446-11,1446,11,현대슈퍼빌,164.87,202110,3,"240,000",5,2003,서초중앙로 15,,-,-
서울특별시 서초구 서초동,1446-11,1446,11,현대슈퍼빌,164.87,202110,5,"245,000",4,2003,서초중앙로 15,,-,-
서울특별시 서초구 서초동,1446-11,1446,11,현대슈퍼빌,147.86,202110,7,"238,000",11,2003,서초중앙로 15,,-,-
서울특별시 서초구 서초동,1346,1346,0,현대아파트,84.34,202110,7,"200,000",3,1989,효령로72길 14,,-,-
서울특별시 서초구 양재동,154-2,154,2,우성,73.15,202110,1,"165,000",6,1991,바우뫼로 91,,-,-
서울특별시 서초구 우면동,764,764,0,계룡리슈빌S,30.89,202110,4,"30,000",7,2014,양재대로2길 100-11,,-,-
서울특별시 서초구 잠원동,162,162,0,반포센트럴자이,98.99,202110,5,"450,000",32,2020,반포대로 310-6,,-,-
서울특별시 서초구 잠원동,May-49,49,5,빌폴라리스,244.76,202110,15,"330,000",15,2003,잠원로 221-25,,-,-
서울특별시 서초구 잠원동,58-24,58,24,신반포11,76.4,202110,14,"281,000",8,1981,나루터로4길 61,,-,-
서울특별시 서초구 잠원동,70,70,0,신반포4,96.48,202110,23,"315,000",6,1979,잠원로 37-48,,-,-
서울특별시 서초구 잠원동,Mar-60,60,3,신반포8,52.74,202110,6,"213,000",12,1981,나루터로4길 28,,-,-
서울특별시 서초구 잠원동,Feb-63,63,2,신반포청구,84.86,202110,1,"244,000",6,1998,신반포로33길 66,,-,-
서울특별시 서초구 잠원동,Feb-63,63,2,신반포청구,84.86,202110,19,"265,000",4,1998,신반포로33길 66,,-,-
서울특별시 서초구 잠원동,159,159,0,아크로리버뷰신반포,84.79,202110,7,"370,000",23,2018,잠원로 117,,-,-
서울특별시 서초구 잠원동,159,159,0,아크로리버뷰신반포,78.5,202110,19,"375,000",19,2018,잠원로 117,,-,-
서울특별시 서초구 잠원동,Nov-33,33,11,월드메르디앙,84.78,202110,10,"179,000",3,2002,신반포로45길 71,,-,-
서울특별시 서초구 잠원동,Dec-71,71,12,킴스빌리지,23.7,202110,16,"82,000",10,1996,잠원로3길 6,,-,-
서울특별시 서초구 잠원동,Aug-49,49,8,한강,84.53,202110,2,"250,000",15,1989,잠원로 213-10,,-,-
서울특별시 성동구 금호동1가,633,633,0,벽산,84.82,202110,16,"146,000",3,2001,금호로 100,,-,-
서울특별시 성동구 금호동1가,280,280,0,이편한세상금호파크힐스,116.134,202110,5,"205,500",9,2019,금호로 140,,-,-
서울특별시 성동구 금호동2가,1217,1217,0,래미안하이리버,84.98,202110,2,"160,000",5,2012,금호로 107,,-,-
서울특별시 성동구 금호동2가,1,1,0,신금호파크자이,84.98,202110,4,"165,000",1,2016,금호로 173,,-,-
서울특별시 성동구 금호동3가,917,917,0,금호1차푸르지오,59.97,202110,20,"122,500",3,2005,금호산길 8,,-,-
서울특별시 성동구 금호동3가,1331,1331,0,두산,79.08,202110,5,"129,000",14,1994,동호로 100,,-,-
서울특별시 성동구 금호동4가,340,340,0,서울숲푸르지오,84.55,202110,17,"159,000",12,2007,금호로 15,,-,-
서울특별시 성동구 금호동4가,1553,1553,0,힐스테이트서울숲리버,84.92,202110,14,"193,000",11,2018,독서당로 344,,-,-
서울특별시 성동구 마장동,817,817,0,삼성,84.93,202110,9,"128,000",13,1996,마장로 271,,-,-
서울특별시 성동구 상왕십리동,12-47,12,47,센트럴큐브,19.42,202110,18,"26,000",15,2019,난계로24길 19,,-,-
서울특별시 성동구 성수동1가,710,710,0,LIG건영,73.912,202110,2,"199,500",14,2002,왕십리로 36,,-,-
서울특별시 성동구 성수동1가,708,708,0,동아그린,84.91,202110,2,"145,000",9,1999,상원길 76,,-,-
서울특별시 성동구 성수동1가,706,706,0,쌍용,84.78,202110,15,"127,000",1,1997,상원길 63,,-,-
서울특별시 성동구 성수동1가,718,718,0,트리마제,35.4442,202110,13,"169,000",9,2017,왕십리로 16,,-,-
서울특별시 성동구 성수동1가,704,704,0,한진타운,84.21,202110,1,"174,000",13,1994,뚝섬로 310,,-,-
서울특별시 성동구 성수동1가,704,704,0,한진타운,84.21,202110,7,"175,000",15,1994,뚝섬로 310,,-,-
서울특별시 성동구 성수동1가,676-5,676,5,현대,84.73,202110,2,"164,000",13,1990,서울숲길 25,,-,-
서울특별시 성동구 성수동1가,676-5,676,5,현대,69.21,202110,9,"130,000",15,1990,서울숲길 25,,-,-
서울특별시 성동구 성수동2가,279-50,279,50,대우1,59.49,202110,23,"70,000",10,1999,동일로 143,,-,-
서울특별시 성동구 성수동2가,286,286,0,우방2,84.645,202110,22,"120,000",12,1999,성수일로10길 3,,-,-
서울특별시 성동구 성수동2가,834,834,0,현대I-PARK,116.22,202110,1,"187,000",5,2003,성수이로 137,,-,-
서울특별시 성동구 성수동2가,834,834,0,현대I-PARK,84.98,202110,1,"159,000",22,2003,성수이로 137,,-,-
서울특별시 성동구 송정동,90,90,0,건영,59.83,202110,16,"69,500",1,2000,동일로 263,,-,-
서울특별시 성동구 옥수동,561,561,0,래미안 옥수 리버젠,84.73,202110,2,"195,000",17,2012,매봉길 15,,-,-
서울특별시 성동구 옥수동,561,561,0,래미안 옥수 리버젠,59.25,202110,11,"148,000",1,2012,매봉길 15,,-,-
서울특별시 성동구 옥수동,561,561,0,래미안 옥수 리버젠,59.25,202110,12,"175,000",16,2012,매봉길 15,,-,-
서울특별시 성동구 옥수동,561,561,0,래미안 옥수 리버젠,84.81,202110,23,"186,500",4,2012,매봉길 15,,-,-
서울특별시 성동구 옥수동,220-2,220,2,레미테지,224.09,202110,19,"174,000",3,2004,독서당로 154,,-,-
서울특별시 성동구 옥수동,250,250,0,삼성,59.7,202110,16,"142,000",10,1999,독서당로 218,,-,-
서울특별시 성동구 옥수동,528,528,0,옥수파크힐스101동~116동,84.51,202110,1,"209,000",8,2016,매봉길 50,,-,-
서울특별시 성동구 옥수동,100,100,0,옥수하이츠,84.86,202110,10,"190,000",11,1998,한림말길 50,,-,-
서울특별시 성동구 옥수동,60,60,0,풍림아이원,84.762,202110,11,"186,000",14,2004,뚝섬로 51,,-,-
서울특별시 성동구 옥수동,4,4,0,현대,71.05,202110,8,"150,000",1,1990,독서당로40길 25,,-,-
서울특별시 성동구 용답동,226-4,226,4,YM프라젠,59.94,202110,12,"69,000",3,2007,자동차시장1길 14,20211027,-,-
서울특별시 성동구 용답동,226-4,226,4,YM프라젠,59.94,202110,12,"69,000",3,2007,자동차시장1길 14,,-,-
서울특별시 성동구 응봉동,15,15,0,대림강변타운,114.88,202110,12,"173,000",13,2001,고산자로 160,,-,-
서울특별시 성동구 응봉동,276,276,0,서울숲리버그린동아아파트,59.98,202110,11,"119,500",10,2003,고산자로4길 34,,-,-
서울특별시 성동구 하왕십리동,992,992,0,무학현대,84.675,202110,9,"96,000",2,1996,무학봉길 49,,-,-
서울특별시 성동구 하왕십리동,966-18,966,18,상리제나우스,12.84,202110,5,"14,000",8,2013,무학봉28길 5,,-,-
서울특별시 성동구 하왕십리동,1070,1070,0,센트라스아파트,84.96,202110,6,"173,000",15,2016,왕십리로 410,,-,-
서울특별시 성동구 하왕십리동,1070,1070,0,센트라스아파트,84.96,202110,9,"183,300",9,2016,왕십리로 410,,-,-
서울특별시 성동구 하왕십리동,1070,1070,0,센트라스아파트,84.89,202110,24,"172,000",7,2016,왕십리로 410,,-,-
서울특별시 성동구 하왕십리동,1002,1002,0,왕십리KCC스위첸,84.897,202110,26,"140,000",10,2016,무학봉길 35,,-,-
서울특별시 성동구 하왕십리동,258,258,0,청계벽산,114.46,202110,6,"136,000",3,1996,무학로 50,,-,-
서울특별시 성동구 하왕십리동,258,258,0,청계벽산,84.94,202110,9,"134,000",10,1996,무학로 50,,-,-
서울특별시 성동구 하왕십리동,1066,1066,0,텐즈힐아파트(1단지),84.88,202110,3,"175,000",11,2015,무학로 33,,-,-
서울특별시 성동구 행당동,375,375,0,두산위브,59.99,202110,22,"130,000",9,2009,행당로8길 8,,-,-
서울특별시 성동구 행당동,349,349,0,서울숲 한신 더 휴,59.91,202110,4,"124,000",7,2003,고산자로 164,,-,-
서울특별시 성동구 행당동,349,349,0,서울숲 한신 더 휴,59.91,202110,8,"126,500",17,2003,고산자로 164,,-,-
서울특별시 성동구 행당동,346,346,0,행당한진타운,114.62,202110,5,"159,500",3,2000,행당로 82,,-,-
서울특별시 성동구 행당동,346,346,0,행당한진타운,84.71,202110,8,"143,000",13,2000,행당로 82,,-,-
서울특별시 성동구 행당동,346,346,0,행당한진타운,114.62,202110,30,"160,000",9,2000,행당로 82,,-,-
서울특별시 성동구 홍익동,119-1,119,1,홍익한신,69.26,202110,5,"65,000",3,1975,마장로 219,,-,-
서울특별시 성북구 길음동,1279,1279,0,길음뉴타운1단지(래미안길음1차),59.99,202110,28,"89,900",18,2003,길음로9길 40,,-,-
서울특별시 성북구 길음동,1280-1,1280,1,길음뉴타운3단지푸르지오,84.97,202110,5,"99,000",10,2005,길음로13길 39,,-,-
서울특별시 성북구 길음동,1283,1283,0,길음뉴타운6단지(래미안),84.049,202110,2,"129,000",8,2007,길음로 16,,-,-
서울특별시 성북구 길음동,1285,1285,0,길음뉴타운7단지(두산위브),114.99,202110,22,"145,000",10,2010,길음로13길 22,,-,-
서울특별시 성북구 길음동,1284,1284,0,길음뉴타운8단지(래미안),84.94,202110,7,"139,500",12,2010,길음로 33,,-,-
서울특별시 성북구 길음동,1284,1284,0,길음뉴타운8단지(래미안),59.99,202110,9,"97,000",8,2010,길음로 33,,-,-
서울특별시 성북구 길음동,1284,1284,0,길음뉴타운8단지(래미안),59.99,202110,9,"97,000",3,2010,길음로 33,,-,-
서울특별시 성북구 길음동,1284,1284,0,길음뉴타운8단지(래미안),59.99,202110,19,"99,000",16,2010,길음로 33,,-,-
서울특별시 성북구 길음동,1276,1276,0,돈암2-1삼부,59.94,202110,21,"71,700",9,1998,동소문로 248,,-,-
서울특별시 성북구 길음동,1287-1,1287,1,롯데캐슬골든힐스,84.93,202110,2,"118,000",2,2019,서경로 60,,-,-
서울특별시 성북구 돈암동,01월 15일,15,1,돈암동삼성,114.66,202110,1,"107,000",12,1999,동소문로34길 24,,-,-
서울특별시 성북구 돈암동,01월 15일,15,1,돈암동삼성,84.59,202110,9,"94,500",23,1999,동소문로34길 24,,-,-
서울특별시 성북구 돈암동,01월 15일,15,1,돈암동삼성,84.59,202110,30,"90,000",1,1999,동소문로34길 24,,-,-
서울특별시 성북구 돈암동,644,644,0,돈암코오롱하늘채,59.9342,202110,2,"95,500",10,2016,아리랑로 75,,-,-
서울특별시 성북구 돈암동,1,1,0,돈암현대아파트,41.58,202110,3,"60,000",13,1991,정릉로 404,,-,-
서울특별시 성북구 돈암동,633,633,0,동부센트레빌,80.54,202110,11,"100,500",18,2003,정릉로 388,,-,-
서울특별시 성북구 돈암동,633,633,0,동부센트레빌,115.51,202110,11,"127,000",19,2003,정릉로 388,,-,-
서울특별시 성북구 돈암동,633,633,0,동부센트레빌,81.82,202110,13,"105,000",9,2003,정릉로 388,,-,-
서울특별시 성북구 돈암동,609-1,609,1,한신,113.67,202110,1,"110,000",2,1998,성북로4길 52,,-,-
서울특별시 성북구 돈암동,609-1,609,1,한신,113.67,202110,9,"119,800",10,1998,성북로4길 52,,-,-
서울특별시 성북구 돈암동,609-1,609,1,한진(609-1),59.58,202110,13,"74,000",20,1998,성북로4길 52,,-,-
서울특별시 성북구 돈암동,609-1,609,1,한진(609-1),84.87,202110,16,"95,000",13,1998,성북로4길 52,,-,-
서울특별시 성북구 석관동,10,10,0,두산,59.97,202110,8,"83,000",23,1998,화랑로48길 16,,-,-
서울특별시 성북구 석관동,410,410,0,래미안아트리치,59.96,202110,8,"105,500",8,2019,돌곶이로8길 22,,-,-
서울특별시 성북구 석관동,410,410,0,래미안아트리치,59.96,202110,22,"105,000",9,2019,돌곶이로8길 22,,-,-
서울특별시 성북구 석관동,410,410,0,래미안아트리치,59.98,202110,23,"101,500",3,2019,돌곶이로8길 22,,-,-
서울특별시 성북구 석관동,410,410,0,래미안아트리치,59.98,202110,23,"103,000",4,2019,돌곶이로8길 22,,-,-
서울특별시 성북구 석관동,407,407,0,석관래미안,59.9,202110,1,"90,000",8,2009,화랑로 214,,-,-
서울특별시 성북구 안암동1가,361,361,0,안암동삼성래미안,84.8681,202110,8,"105,000",6,2005,고려대로17가길 64,,-,-
서울특별시 성북구 안암동4가,03월 23일,23,3,안암,64.63,202110,7,"28,000",6,1969,안암로9가길 9-16,,-,-
서울특별시 성북구 장위동,317,317,0,꿈의숲대명루첸아파트,84.843,202110,8,"105,500",10,2008,월계로36길 27,,-,-
서울특별시 성북구 장위동,317,317,0,꿈의숲대명루첸아파트,59.988,202110,10,"87,500",13,2008,월계로36길 27,,-,-
서울특별시 성북구 장위동,319,319,0,꿈의숲코오롱하늘채,59.92,202110,10,"99,500",16,2017,돌곶이로 220,,-,-
서울특별시 성북구 장위동,173-114,173,114,래미안장위퍼스트하이,84.94,202110,5,"133,000",21,2020,한천로 713,,-,-
서울특별시 성북구 장위동,173-114,173,114,래미안장위퍼스트하이,84.94,202110,9,"131,000",8,2020,한천로 713,,-,-
서울특별시 성북구 장위동,08월 02일,8,2,석계역한일노벨리아시티,15.2144,202110,9,"12,600",11,2019,화랑로 299,,-,-
서울특별시 성북구 장위동,08월 02일,8,2,석계역한일노벨리아시티,15.2144,202110,9,"12,600",11,2019,화랑로 299,20211029,-,-
서울특별시 성북구 정릉동,508-201,508,201,장원,111.51,202110,2,"54,800",4,1998,북악산로 705,,-,-
서울특별시 성북구 정릉동,1035,1035,0,정릉2차e-편한세상,59.37,202110,7,"87,500",9,2009,북악산로 851,,-,-
서울특별시 성북구 정릉동,1028,1028,0,정릉e-편한세상,59.77,202110,2,"77,900",19,2006,솔샘로24길 15,,-,-
서울특별시 성북구 정릉동,1037,1037,0,정릉꿈에그린,59.63,202110,4,"80,000",16,2015,아리랑로19가길 20,,-,-
서울특별시 성북구 정릉동,1019,1019,0,"정릉성원아파트101동,102동",59.94,202110,1,"63,300",14,2000,정릉로21길 21,,-,-
서울특별시 성북구 정릉동,809,809,0,정릉중앙하이츠아파트,84.71,202110,8,"28,000",1,1999,보국문로32길 53,,-,-
서울특별시 성북구 정릉동,406,406,0,정릉푸르지오,59.98,202110,4,"78,000",12,2005,보국문로 19,,-,-
서울특별시 성북구 정릉동,406,406,0,정릉푸르지오,84.89,202110,4,"87,000",6,2005,보국문로 19,,-,-
서울특별시 성북구 정릉동,406,406,0,정릉푸르지오,59.98,202110,6,"82,000",15,2005,보국문로 19,,-,-
서울특별시 성북구 정릉동,210,210,0,정릉푸른마을동아,84.96,202110,3,"71,000",7,2003,서경로 31,,-,-
서울특별시 성북구 정릉동,210,210,0,정릉푸른마을동아,84.96,202110,14,"76,000",2,2003,서경로 31,,-,-
서울특별시 성북구 정릉동,239,239,0,정릉풍림아이원,84.09,202110,7,"85,500",10,2005,솔샘로25길 28,,-,-
서울특별시 성북구 정릉동,239,239,0,정릉풍림아이원,114.75,202110,11,"79,000",1,2005,솔샘로25길 28,,-,-
서울특별시 성북구 정릉동,494,494,0,정릉하이츠빌1단지,84.98,202110,3,"82,000",17,2004,아리랑로19길 60,,-,-
서울특별시 성북구 종암동,134,134,0,래미안라센트,84.99,202110,4,"130,000",19,2011,종암로24가길 80,,-,-
서울특별시 성북구 종암동,134,134,0,래미안라센트,84.99,202110,4,"130,000",21,2011,종암로24가길 80,,-,-
서울특별시 성북구 종암동,133,133,0,래미안세레니티,114.99,202110,16,"140,000",15,2009,종암로23길 35,,-,-
서울특별시 성북구 종암동,80,80,0,삼성래미안,84.95,202110,7,"100,500",1,2004,종암로25길 30,,-,-
서울특별시 성북구 종암동,80,80,0,삼성래미안,114.98,202110,7,"117,800",10,2004,종암로25길 30,,-,-
서울특별시 성북구 종암동,130,130,0,아이파크종암동1차,59.73,202110,14,"89,000",8,2004,종암로21길 127,,-,-
서울특별시 성북구 종암동,131,131,0,아이파크종암동2차,84.73,202110,9,"105,000",12,2005,종암로9길 71,,-,-
서울특별시 성북구 종암동,104-1,104,1,종암에스케이,84.72,202110,6,"96,900",21,1999,종암로24가길 53,,-,-
서울특별시 성북구 종암동,104-1,104,1,종암에스케이,84.72,202110,15,"92,000",8,1999,종암로24가길 53,,-,-
서울특별시 성북구 종암동,104-1,104,1,종암에스케이,114.75,202110,20,"105,000",20,1999,종암로24가길 53,,-,-
서울특별시 성북구 종암동,104-1,104,1,종암에스케이,84.72,202110,23,"91,700",5,1999,종암로24가길 53,,-,-
서울특별시 성북구 하월곡동,228,228,0,꿈의숲푸르지오,59.65,202110,7,"80,500",3,2010,오패산로16가길 40,,-,-
서울특별시 성북구 하월곡동,228,228,0,꿈의숲푸르지오,59.65,202110,9,"81,500",7,2010,오패산로16가길 40,,-,-
서울특별시 성북구 하월곡동,219,219,0,동신,84.78,202110,1,"91,000",19,1998,오패산로3길 17,,-,-
서울특별시 성북구 하월곡동,225,225,0,래미안월곡,84.589,202110,10,"107,500",7,2006,오패산로 90,,-,-
서울특별시 성북구 하월곡동,225,225,0,래미안월곡,84.589,202110,12,"60,000",5,2006,오패산로 90,,-,-
서울특별시 성북구 하월곡동,222,222,0,월곡두산위브,59.855,202110,8,"84,000",20,2003,오패산로 46,,-,-
서울특별시 성북구 하월곡동,222,222,0,월곡두산위브,59.855,202110,15,"83,500",18,2003,오패산로 46,,-,-
서울특별시 성북구 하월곡동,222,222,0,월곡두산위브,59.855,202110,17,"81,000",9,2003,오패산로 46,,-,-
서울특별시 성북구 하월곡동,226,226,0,월곡래미안루나밸리,59.98,202110,2,"94,900",13,2007,월곡로14길 26,,-,-
서울특별시 송파구 가락동,Jan-95,95,1,가락금호아파트,59.91,202110,11,"132,000",2,1997,송파대로32길 15,,-,-
서울특별시 송파구 가락동,70-19,70,19,대림,84.11,202110,4,"140,000",10,1988,송이로 88,,-,-
서울특별시 송파구 가락동,98,98,0,두산위브,33.1,202110,5,"25,900",8,2004,송파대로30길 16,,-,-
서울특별시 송파구 가락동,79,79,0,롯데캐슬,180.516,202110,6,"140,000",21,2003,중대로 121,,-,-
서울특별시 송파구 가락동,29-16,29,16,쌍용노블래스,73.17,202110,9,"71,900",7,2003,오금로36길 42,,-,-
서울특별시 송파구 가락동,Jan-96,96,1,우성,58.46,202110,9,"139,300",1,1986,송파대로32길 8,,-,-
서울특별시 송파구 가락동,913,913,0,헬리오시티,84.95,202110,2,"238,000",29,2018,송파대로 345,,-,-
서울특별시 송파구 가락동,913,913,0,헬리오시티,84.98,202110,2,"225,500",5,2018,송파대로 345,,-,-
서울특별시 송파구 가락동,913,913,0,헬리오시티,49.21,202110,4,"159,500",29,2018,송파대로 345,,-,-
서울특별시 송파구 가락동,913,913,0,헬리오시티,39.1,202110,8,"123,000",12,2018,송파대로 345,,-,-
서울특별시 송파구 가락동,913,913,0,헬리오시티,39.12,202110,12,"129,500",16,2018,송파대로 345,,-,-
서울특별시 송파구 가락동,171-5,171,5,현대7,84.65,202110,3,"124,500",4,1991,오금로44가길 27,,-,-
서울특별시 송파구 거여동,293,293,0,거여4단지,39.6,202110,21,"82,950",7,1997,양산로4길 8,,-,-
서울특별시 송파구 거여동,136,136,0,삼호,59.79,202110,2,"85,000",8,1999,거마로9길 19,,-,-
서울특별시 송파구 거여동,136,136,0,삼호,59.79,202110,20,"83,000",5,1999,거마로9길 19,,-,-
서울특별시 송파구 거여동,136,136,0,삼호,59.79,202110,20,"83,000",5,1999,거마로9길 19,,-,-
서울특별시 송파구 거여동,44,44,0,현대2차,82.96,202110,8,"109,500",4,1992,오금로61길 20,,-,-
서울특별시 송파구 마천동,22,22,0,성영,80.13,202110,9,"70,000",1,2000,마천로35길 6,,-,-
서울특별시 송파구 마천동,9,9,0,아남,82.13,202110,5,"88,500",9,1992,마천로35길 18,,-,-
서울특별시 송파구 문정동,1,1,0,문정래미안,150.58,202110,20,"205,000",14,2004,문정로 83,,-,-
서울특별시 송파구 문정동,145,145,0,문정시영,39.69,202110,5,"87,300",8,1989,송이로31길 56,,-,-
서울특별시 송파구 문정동,150,150,0,올림픽훼밀리타운,158.705,202110,8,"284,000",4,1988,중대로 24,,-,-
서울특별시 송파구 문정동,112,112,0,트윈팰리스(101동),84.78,202110,1,"93,500",3,2006,새말로 176,,-,-
서울특별시 송파구 문정동,618,618,0,파크하비오,84.9648,202110,1,"180,000",7,2016,송파대로 111,,-,-
서울특별시 송파구 문정동,104,104,0,현대,71.52,202110,6,"93,000",9,1991,송이로34길 26,,-,-
서울특별시 송파구 방이동,89,89,0,올림픽선수기자촌1단지,121.23,202110,2,"293,000",3,1988,양재대로 1218,,-,-
서울특별시 송파구 방이동,51,51,0,올림픽파크리움,17.729,202110,27,"24,300",17,2016,백제고분로 505,,-,-
서울특별시 송파구 방이동,51,51,0,올림픽파크리움,16.056,202110,27,"20,000",19,2016,백제고분로 505,,-,-
서울특별시 송파구 삼전동,May-69,69,5,하늘공원(69-5),66,202110,15,"58,000",4,2006,삼학사로1길 40,,-,-
서울특별시 송파구 석촌동,03월 24일,24,3,석촌호수효성해링턴타워,15.8307,202110,8,"24,000",16,2015,석촌호수로 210,,-,-
서울특별시 송파구 석촌동,03월 24일,24,3,석촌호수효성해링턴타워,15.8307,202110,16,"24,000",14,2015,석촌호수로 210,,-,-
서울특별시 송파구 석촌동,03월 24일,24,3,석촌호수효성해링턴타워,15.8307,202110,26,"23,000",9,2015,석촌호수로 210,,-,-
서울특별시 송파구 송파동,166,166,0,가락삼익맨숀,108.338,202110,3,"198,000",12,1984,오금로32길 5,,-,-
서울특별시 송파구 송파동,166,166,0,가락삼익맨숀,127.808,202110,29,"207,500",3,1984,오금로32길 5,,-,-
서울특별시 송파구 송파동,243,243,0,래미안송파파인탑,64.66,202110,16,"166,000",9,2012,오금로32길 31,,-,-
서울특별시 송파구 송파동,Apr-58,58,4,레이크해모로,83.57,202110,22,"145,000",13,2005,오금로 126,,-,-
서울특별시 송파구 송파동,162,162,0,송파삼성래미안아파트,79.7,202110,1,"166,000",6,2001,오금로32길 14,,-,-
서울특별시 송파구 송파동,12월 02일,12,2,엘에이치송파도시형생활주택,18.97,202110,12,"14,850",4,2013,백제고분로41길 27-1,,-,-
서울특별시 송파구 송파동,12월 02일,12,2,엘에이치송파도시형생활주택,18.97,202110,12,"14,900",5,2013,백제고분로41길 27-1,,-,-
서울특별시 송파구 송파동,104-1,104,1,위례캐스빌,83.9,202110,24,"76,500",6,2003,가락로 165,,-,-
서울특별시 송파구 송파동,119,119,0,한양아파트,158.61,202110,11,"212,000",11,1983,가락로 187,,-,-
서울특별시 송파구 신천동,11월 04일,11,4,잠실푸르지오월드마크,123.27,202110,13,"228,000",13,2013,올림픽로35가길 9,,-,-
서울특별시 송파구 신천동,17,17,0,파크리오,144.77,202110,1,"320,000",8,2008,올림픽로 435,,-,-
서울특별시 송파구 신천동,17,17,0,파크리오,84.79,202110,2,"234,500",35,2008,올림픽로 435,,-,-
서울특별시 송파구 신천동,17,17,0,파크리오,59.86,202110,2,"200,000",9,2008,올림픽로 435,,-,-
서울특별시 송파구 신천동,17,17,0,파크리오,84.9,202110,4,"231,000",17,2008,올림픽로 435,,-,-
서울특별시 송파구 신천동,17,17,0,파크리오,84.9,202110,9,"226,500",2,2008,올림픽로 435,,-,-
서울특별시 송파구 신천동,17,17,0,파크리오,84.9,202110,9,"252,000",24,2008,올림픽로 435,,-,-
서울특별시 송파구 신천동,17,17,0,파크리오,144.77,202110,10,"330,000",22,2008,올림픽로 435,,-,-
서울특별시 송파구 오금동,2,2,0,대림,125.79,202110,3,"177,000",7,1988,마천로7길 4,,-,-
서울특별시 송파구 오금동,160,160,0,삼성,84.87,202110,19,"125,000",5,1989,문정로 197,,-,-
서울특별시 송파구 오금동,165,165,0,상아2차아파트,45.77,202110,2,"94,000",14,1988,오금로 407,,-,-
서울특별시 송파구 오금동,615,615,0,올림픽파크센트레빌,84.6819,202110,5,"162,000",15,2009,양재대로72길 5,,-,-
서울특별시 송파구 오금동,164,164,0,우창,76.42,202110,29,"134,000",7,1985,동남로24길 6,,-,-
서울특별시 송파구 오금동,43,43,0,현대(2-4차),84.98,202110,6,"189,000",11,1984,오금로35길 17,,-,-
서울특별시 송파구 잠실동,44,44,0,레이크팰리스,59.97,202110,11,"187,500",21,2006,잠실로 88,,-,-
서울특별시 송파구 잠실동,22,22,0,리센츠,27.68,202110,1,"113,000",30,2008,올림픽로 135,,-,-
서울특별시 송파구 잠실동,22,22,0,리센츠,84.99,202110,18,"262,000",22,2008,올림픽로 135,,-,-
서울특별시 송파구 잠실동,19,19,0,잠실엘스,84.8,202110,8,"260,000",22,2008,올림픽로 99,,-,-
서울특별시 송파구 잠실동,19,19,0,잠실엘스,84.8,202110,18,"270,000",14,2008,올림픽로 99,,-,-
서울특별시 송파구 장지동,879,879,0,송파더센트레,59.96,202110,2,"140,000",7,2013,위례광장로 163,,-,-
서울특별시 송파구 장지동,901,901,0,위례24단지(꿈에그린),51.78,202110,5,"125,000",5,2013,위례광장로 121,,-,-
서울특별시 송파구 장지동,894,894,0,위례아이파크,87.8354,202110,3,"145,000",13,2015,위례광장로 136,,-,-
서울특별시 송파구 풍납동,391,391,0,극동,59.975,202110,13,"119,500",8,1987,올림픽로45길 12,,-,-
서울특별시 송파구 풍납동,506,506,0,동아한가람1,59.98,202110,19,"105,000",3,1995,한가람로 448,,-,-
서울특별시 송파구 풍납동,510,510,0,신성노바빌아파트,59.78,202110,3,"118,500",16,2000,한가람로 468,,-,-
서울특별시 송파구 풍납동,510,510,0,신성노바빌아파트,84.96,202110,9,"134,000",13,2000,한가람로 468,,-,-
서울특별시 송파구 풍납동,514,514,0,잠실올림픽공원아이파크,59.97,202110,2,"165,000",8,2019,올림픽로43길 34,,-,-
서울특별시 송파구 풍납동,508,508,0,한강극동,84.76,202110,5,"138,500",13,1995,토성로 38-6,,-,-
서울특별시 양천구 목동,808-5,808,5,대원칸타빌,84.97,202110,6,"149,000",12,2001,목동로 224,,-,-
서울특별시 양천구 목동,965,965,0,목동롯데캐슬마에스트로,59.9846,202110,6,"124,000",11,2019,목동중앙북로8길 71,,-,-
서울특별시 양천구 목동,965,965,0,목동롯데캐슬마에스트로,59.9846,202110,11,"119,000",14,2019,목동중앙북로8길 71,,-,-
서울특별시 양천구 목동,901,901,0,목동신시가지1,47.52,202110,7,"136,500",12,1985,목동서로 38,,-,-
서울특별시 양천구 목동,904,904,0,목동신시가지4,48.69,202110,2,"139,500",5,1986,목동서로 130,,-,-
서울특별시 양천구 목동,911,911,0,목동신시가지6,47.94,202110,8,"146,500",16,1986,목동동로 430,,-,-
서울특별시 양천구 목동,925,925,0,목동신시가지7,53.88,202110,14,"157,000",8,1986,목동로 186,,-,-
서울특별시 양천구 목동,925,925,0,목동신시가지7,53.88,202110,19,"158,000",7,1986,목동로 186,,-,-
서울특별시 양천구 목동,966,966,0,목동에버하임,41.06,202110,7,"38,000",10,2019,목동중앙북로 68,,-,-
서울특별시 양천구 목동,966,966,0,목동에버하임,41.06,202110,15,"37,000",5,2019,목동중앙북로 68,,-,-
서울특별시 양천구 목동,966,966,0,목동에버하임,37.62,202110,18,"34,000",11,2019,목동중앙북로 68,,-,-
서울특별시 양천구 목동,929,929,0,목동청구한신아파트,84.76,202110,4,"169,700",15,1997,목동서로2길 22,,-,-
서울특별시 양천구 목동,528-7,528,7,삼성(528-7),57.34,202110,8,"30,000",4,2002,목동중앙본로30가길 55,,-,-
서울특별시 양천구 목동,528-7,528,7,삼성(528-7),50.5,202110,13,"26,750",4,2002,목동중앙본로30가길 55,,-,-
서울특별시 양천구 목동,200,200,0,우성,84.44,202110,14,"160,000",10,1992,목동중앙로 143,,-,-
서울특별시 양천구 목동,948,948,0,월드메르디앙2,84.3,202110,8,"117,500",8,2003,목동중앙본로1길 5,,-,-
서울특별시 양천구 목동,771-31,771,31,인우,55.931,202110,9,"53,000",3,2002,목동중앙남로 11-32,,-,-
서울특별시 양천구 신월동,142-14,142,14,금하뜨라네,84.95,202110,9,"42,800",6,2016,가로공원로56길 10,,-,-
서울특별시 양천구 신월동,142-14,142,14,금하뜨라네,84.94,202110,16,"43,000",7,2016,가로공원로56길 10,,-,-
서울특별시 양천구 신월동,1043,1043,0,길훈엔트런스빌,84.96,202110,13,"62,000",9,2005,곰달래로11길 21,,-,-
서울특별시 양천구 신월동,1060,1060,0,동원데자뷰,76.6408,202110,5,"69,300",1,2012,화곡로3길 43,,-,-
서울특별시 양천구 신월동,1060,1060,0,동원데자뷰,84.9201,202110,12,"71,700",1,2012,화곡로3길 43,,-,-
서울특별시 양천구 신월동,535-7,535,7,로즈그린타운,95.96,202110,8,"46,500",6,2000,신월로 185,,-,-
서울특별시 양천구 신월동,1075,1075,0,목동센트럴아이파크위브1단지,84.98,202110,14,"134,000",11,2020,남부순환로83길 17,,-,-
서울특별시 양천구 신월동,1076,1076,0,목동센트럴아이파크위브2단지,52.96,202110,2,"86,500",1,2020,남부순환로83길 18,,-,-
서울특별시 양천구 신월동,1023,1023,0,벽산블루밍2단지,98.919,202110,4,"92,000",4,2003,신정로13길 51,,-,-
서울특별시 양천구 신월동,1001-5,1001,5,보금자리,70.13,202110,13,"45,000",6,2004,남부순환로 586,,-,-
서울특별시 양천구 신월동,457-6,457,6,보람아파트,75.87,202110,2,"40,000",2,1996,중앙로55길 20,,-,-
서울특별시 양천구 신월동,1056,1056,0,삼익4차플라주,83.935,202110,6,"63,500",6,2008,신월로 203,,-,-
서울특별시 양천구 신월동,547-5,547,5,세아쎄닛빌,66.9,202110,7,"49,000",8,2002,남부순환로 569,,-,-
서울특별시 양천구 신월동,1070,1070,0,수명산그린시아,83.25,202110,21,"56,750",6,2014,월정로 299,,-,-
서울특별시 양천구 신월동,1036,1036,0,수명산롯데캐슬,81.5,202110,23,"86,850",7,2008,월정로 303,,-,-
서울특별시 양천구 신월동,350-2,350,2,신안파크,47.6,202110,20,"36,000",2,1987,지양로15길 20,,-,-
서울특별시 양천구 신월동,1039,1039,0,신월2차보람쉬움,59.43,202110,4,"56,000",11,2005,오목로1길 46,,-,-
서울특별시 양천구 신월동,222-7,222,7,신월성원,59.94,202110,28,"41,000",12,1996,곰달래로2길 16,,-,-
서울특별시 양천구 신월동,987-1,987,1,신월시영,43.2,202110,2,"61,700",2,1988,신월로 99,,-,-
서울특별시 양천구 신월동,987-1,987,1,신월시영,50.67,202110,2,"73,500",6,1988,신월로 99,,-,-
서울특별시 양천구 신월동,987-1,987,1,신월시영,43.2,202110,4,"65,400",4,1988,신월로 99,,-,-
서울특별시 양천구 신월동,987-1,987,1,신월시영,59.49,202110,12,"83,000",3,1988,신월로 99,,-,-
서울특별시 양천구 신월동,987-1,987,1,신월시영,43.2,202110,18,"63,000",3,1988,신월로 99,,-,-
서울특별시 양천구 신월동,1055,1055,0,신정두산위브,75.63,202110,2,"102,000",12,2012,신월로20길 7,,-,-
서울특별시 양천구 신월동,1055,1055,0,신정두산위브,84.22,202110,7,"108,000",9,2012,신월로20길 7,,-,-
서울특별시 양천구 신월동,1026,1026,0,양천벽산블루밍1단지,84.77,202110,31,"84,000",9,2006,월정로9길 17,,-,-
서울특별시 양천구 신월동,1027,1027,0,양천벽산블루밍2단지,84.63,202110,4,"79,700",8,2006,월정로9길 20,,-,-
서울특별시 양천구 신월동,1027,1027,0,양천벽산블루밍2단지,59.99,202110,6,"69,000",5,2006,월정로9길 20,,-,-
서울특별시 양천구 신월동,548-1,548,1,유림웰스빌,80.02,202110,3,"51,750",2,2004,남부순환로 585,,-,-
서울특별시 양천구 신월동,1035,1035,0,청성넥스빌,84.28,202110,13,"59,500",6,2004,신월로9길 16,,-,-
서울특별시 양천구 신월동,467-3,467,3,태진,84.87,202110,24,"59,500",8,1998,중앙로55길 25,,-,-
서울특별시 양천구 신정동,1303,1303,0,대림e-편한세상,84.951,202110,4,"110,000",13,2004,신정로13길 38,,-,-
서울특별시 양천구 신정동,1198-23,1198,23,대성유니드1차,84.9,202110,9,"79,000",4,2004,중앙로29길 102,,-,-
서울특별시 양천구 신정동,893-9,893,9,로데오휘버스빌,84.99,202110,18,"77,000",4,2003,목동로29길 16,,-,-
서울특별시 양천구 신정동,1194-5,1194,5,마이홈,114.99,202110,6,"78,800",13,1995,중앙로29길 120-13,,-,-
서울특별시 양천구 신정동,318-12,318,12,목동삼성쉐르빌Ⅱ,133.71,202110,6,"209,000",24,2004,목동동로 177,,-,-
서울특별시 양천구 신정동,311,311,0,목동신시가지10,53.82,202110,18,"139,000",10,1987,목동서로 400,,-,-
서울특별시 양천구 신정동,311,311,0,목동신시가지10,127.21,202110,22,"225,000",15,1987,목동서로 400,,-,-
서울특별시 양천구 신정동,311,311,0,목동신시가지10,53.82,202110,26,"141,000",8,1987,목동서로 400,,-,-
서울특별시 양천구 신정동,329,329,0,목동신시가지14,71.37,202110,23,"168,000",13,1987,목동동로 130,,-,-
서울특별시 양천구 신정동,314,314,0,목동신시가지8,71.77,202110,2,"168,000",11,1987,목동서로 280,,-,-
서울특별시 양천구 신정동,314,314,0,목동신시가지8,54.94,202110,20,"143,500",12,1987,목동서로 280,,-,-
서울특별시 양천구 신정동,743-2,743,2,신정6현대,59.4,202110,6,"72,500",20,2000,신정로 170,,-,-
서울특별시 양천구 신정동,743-2,743,2,신정6현대,114.8,202110,25,"80,000",1,2000,신정로 170,,-,-
서울특별시 양천구 신정동,336,336,0,청구,84.99,202110,2,"113,900",3,1992,신목로2길 11,,-,-
서울특별시 양천구 신정동,1281,1281,0,푸른마을2,49.16,202110,19,"54,000",1,2001,신정로7길 76,,-,-
서울특별시 양천구 신정동,1293,1293,0,학마을1단지,49.99,202110,12,"68,500",9,2000,신정로14길 6,,-,-
서울특별시 양천구 신정동,1252,1252,0,현대,84.84,202110,10,"124,000",18,1995,신목로 23,,-,-
서울특별시 영등포구 당산동,376,376,0,강변래미안,55.91,202110,9,"118,000",16,2002,버드나루로 130,,-,-
서울특별시 영등포구 당산동,374,374,0,래미안당산1차,59.97,202110,9,"112,000",14,1995,당산로54길 11,,-,-
서울특별시 영등포구 당산동,121-108,121,108,훼미리하우스138,14.28,202110,12,"14,500",10,2013,버드나루로17길 2,,-,-
서울특별시 영등포구 당산동,121-108,121,108,훼미리하우스138,14.28,202110,20,"12,220",2,2013,버드나루로17길 2,,-,-
서울특별시 영등포구 당산동,121-108,121,108,훼미리하우스138,14.28,202110,28,"14,000",2,2013,버드나루로17길 2,,-,-
서울특별시 영등포구 당산동,121-200,121,200,휴브리지빌딩,17.11,202110,30,"16,100",8,2012,버드나루로 116,,-,-
서울특별시 영등포구 당산동1가,01월 16일,16,1,진로,59.4,202110,18,"101,000",4,1997,당산로 68,,-,-
서울특별시 영등포구 당산동1가,09월 01일,9,1,코오롱,68.88,202110,22,"83,000",15,1996,영등포로28길 5,,-,-
서울특별시 영등포구 당산동2가,01월 16일,16,1,대우,31.73,202110,5,"39,600",13,1999,영등포로 106,,-,-
서울특별시 영등포구 당산동2가,01월 16일,16,1,대우,31.73,202110,6,"39,270",13,1999,영등포로 106,,-,-
서울특별시 영등포구 당산동2가,01월 16일,16,1,대우,45.55,202110,9,"61,000",6,1999,영등포로 106,,-,-
서울특별시 영등포구 당산동2가,01월 16일,16,1,대우,31.73,202110,9,"41,000",18,1999,영등포로 106,,-,-
서울특별시 영등포구 당산동3가,564,564,0,당산계룡리슈빌1단지,47.25,202110,8,"87,000",4,2014,양산로25길 16,,-,-
서울특별시 영등포구 당산동3가,565,565,0,당산계룡리슈빌3단지,49.963,202110,12,"88,000",4,2014,양산로25길 12,,-,-
서울특별시 영등포구 당산동3가,561,561,0,동부센트레빌,94.75,202110,4,"140,000",11,2003,영신로 191,,-,-
서울특별시 영등포구 당산동3가,561,561,0,동부센트레빌,94.75,202110,5,"140,000",11,2003,영신로 191,20211022,-,-
서울특별시 영등포구 당산동3가,561,561,0,동부센트레빌,134.83,202110,8,"147,700",1,2003,영신로 191,,-,-
서울특별시 영등포구 당산동4가,Jan-94,94,1,당산2차삼성,59.76,202110,6,"106,500",10,1997,당산로36길 12,,-,-
서울특별시 영등포구 당산동4가,Jan-94,94,1,당산2차삼성,84.93,202110,6,"125,000",12,1997,당산로36길 12,,-,-
서울특별시 영등포구 당산동5가,12,12,0,효성1,59.85,202110,15,"114,800",1,1999,당산로42길 13,,-,-
서울특별시 영등포구 대림동,650,650,0,성원(650),59.63,202110,12,"73,000",9,1995,대림로 256,,-,-
서울특별시 영등포구 대림동,1124,1124,0,신대림신동아파밀리에,59.9754,202110,4,"75,700",1,2013,도림로54길 14,,-,-
서울특별시 영등포구 대림동,777-1,777,1,신동아,67.41,202110,1,"72,300",6,1987,가마산로 312,,-,-
서울특별시 영등포구 대림동,1120,1120,0,온누리,81.91,202110,8,"63,500",7,2007,대림로22길 38,,-,-
서울특별시 영등포구 대림동,1123,1123,0,한솔솔파크,84.89,202110,1,"99,800",16,2008,도림천로 431,,-,-
서울특별시 영등포구 도림동,821,821,0,영등포아트자이,143.591,202110,12,"177,250",24,2014,도영로 66,,-,-
서울특별시 영등포구 문래동5가,14,14,0,문래두산위브,65.46,202110,7,"86,900",2,1988,선유로9나길 8,,-,-
서울특별시 영등포구 문래동5가,14,14,0,문래두산위브,79.86,202110,18,"91,000",2,1988,선유로9나길 8,,-,-
서울특별시 영등포구 문래동5가,01월 23일,23,1,현대5,84.79,202110,2,"92,000",12,1992,선유서로9길 5,,-,-
서울특별시 영등포구 문래동6가,46,46,0,현대1,79.52,202110,26,"97,000",9,1986,문래로4길 14,,-,-
서울특별시 영등포구 문래동6가,Jan-55,55,1,현대6,84.72,202110,7,"110,000",13,1997,선유서로 31,,-,-
서울특별시 영등포구 신길동,3002,3002,0,남서울,48.3,202110,5,"85,000",1,1974,신길로 108,,-,-
서울특별시 영등포구 신길동,3002,3002,0,남서울,42.98,202110,6,"106,500",2,1974,신길로 108,,-,-
서울특별시 영등포구 신길동,456-93,456,93,다울102동,83.4,202110,5,"78,000",2,2006,영등포로84길 42,,-,-
서울특별시 영등포구 신길동,1343,1343,0,대방전철,75.88,202110,23,"83,000",2,1976,여의대방로61길 6,,-,-
서울특별시 영등포구 신길동,4945,4945,0,래미안영등포프레비뉴,59.99,202110,7,"125,000",8,2015,가마산로 442,,-,-
서울특별시 영등포구 신길동,4759,4759,0,삼성,60.48,202110,14,"88,300",7,1984,여의대방로 45,,-,-
서울특별시 영등포구 신길동,4759,4759,0,삼성,60.48,202110,14,"84,000",1,1984,여의대방로 45,,-,-
서울특별시 영등포구 신길동,4934,4934,0,삼성래미안,84.91,202110,13,"110,000",8,2001,가마산로79길 7,,-,-
서울특별시 영등포구 신길동,4935,4935,0,신기목련,59.4,202110,8,"69,900",11,2000,신길로42가길 34,,-,-
서울특별시 영등포구 신길동,261-22,261,22,신길레전드힐스,13.49,202110,19,"10,400",13,2013,가마산로 468,,-,-
서울특별시 영등포구 신길동,261-22,261,22,신길레전드힐스,13.74,202110,25,"10,000",17,2013,가마산로 468,,-,-
서울특별시 영등포구 신길동,261-22,261,22,신길레전드힐스,13.55,202110,28,"10,400",5,2013,가마산로 468,,-,-
서울특별시 영등포구 신길동,4933,4933,0,우성5,84.98,202110,16,"93,000",13,1993,도신로 100,,-,-
서울특별시 영등포구 양평동2가,23,23,0,벽산,51.24,202110,28,"52,500",5,1990,선유서로21길 19,,-,-
서울특별시 영등포구 양평동3가,Jan-55,55,1,양평경남,59.9,202110,15,"89,650",6,1998,선유로33길 22,,-,-
서울특별시 영등포구 양평동4가,94,94,0,삼호한숲,59.9,202110,9,"92,000",17,2000,선유로47길 34,,-,-
서울특별시 영등포구 양평동4가,160-2,160,2,약산,33.92,202110,15,"21,700",2,1984,선유로 269,,-,-
서울특별시 영등포구 양평동5가,76,76,0,한신,59.94,202110,2,"95,500",17,1996,양평로24길 9,,-,-
서울특별시 영등포구 여의도동,30,30,0,목화,89.26,202110,4,"220,000",11,1977,여의나루로 126,,-,-
서울특별시 영등포구 여의도동,30,30,0,목화,89.26,202110,4,"220,000",12,1977,여의나루로 126,,-,-
서울특별시 영등포구 영등포동,651,651,0,라르파크,30.2372,202110,22,"47,000",4,2021,신길로61길 28,,-,-
서울특별시 영등포구 영등포동,647,647,0,영등포푸르지오,79.777,202110,1,"127,000",2,2002,도신로29길 28,,-,-
서울특별시 영등포구 영등포동,647,647,0,영등포푸르지오,79.777,202110,6,"131,000",16,2002,도신로29길 28,,-,-
서울특별시 영등포구 영등포동,647,647,0,영등포푸르지오,84.908,202110,9,"130,000",7,2002,도신로29길 28,,-,-
서울특별시 영등포구 영등포동,647,647,0,영등포푸르지오,73.133,202110,11,"122,000",4,2002,도신로29길 28,,-,-
서울특별시 영등포구 영등포동,647,647,0,영등포푸르지오,73.133,202110,11,"125,000",14,2002,도신로29길 28,,-,-
서울특별시 영등포구 영등포동1가,145,145,0,내이처해밀,14.89,202110,20,"12,320",10,2012,경인로114길 62,,-,-
서울특별시 영등포구 영등포동1가,145,145,0,내이처해밀,14.24,202110,20,"12,740",8,2012,경인로114길 62,,-,-
서울특별시 영등포구 영등포동1가,145,145,0,내이처해밀,14.89,202110,20,"11,710",13,2012,경인로114길 62,,-,-
서울특별시 영등포구 영등포동1가,145,145,0,내이처해밀,14.24,202110,20,"12,200",3,2012,경인로114길 62,,-,-
서울특별시 영등포구 영등포동1가,145,145,0,내이처해밀,14.89,202110,28,"13,000",13,2012,경인로114길 62,,-,-
서울특별시 영등포구 영등포동1가,145,145,0,내이처해밀,14.89,202110,28,"13,600",10,2012,경인로114길 62,,-,-
서울특별시 영등포구 영등포동1가,145,145,0,내이처해밀,14.24,202110,28,"13,500",8,2012,경인로114길 62,,-,-
서울특별시 영등포구 영등포동1가,145,145,0,내이처해밀,14.24,202110,28,"12,900",3,2012,경인로114길 62,,-,-
서울특별시 영등포구 영등포동1가,Apr-75,75,4,스테이72여의도,12.06,202110,23,"12,650",11,2013,경인로112길 4-7,,-,-
서울특별시 영등포구 영등포동1가,Feb-94,94,2,여의도더리브스타일,14.8376,202110,12,"21,000",9,2020,경인로 900,,-,-
서울특별시 영등포구 영등포동1가,144,144,0,헤렌어반,13.331,202110,23,"11,000",6,2011,경인로114가길 14,,-,-
서울특별시 영등포구 영등포동7가,Jan-46,46,1,경남아너스빌,84.93,202110,8,"127,500",11,1998,양산로 177,,-,-
서울특별시 영등포구 영등포동7가,203,203,0,아크로타워스퀘어,115.58,202110,14,"200,000",14,2017,국회대로54길 10,,-,-
서울특별시 영등포구 영등포동7가,94-51,94,51,훼미리하우스117,16.98,202110,15,"11,800",7,2012,버드나루로 85,,-,-
서울특별시 영등포구 영등포동8가,Jan-51,51,1,영등포메이준2011,12.11,202110,15,"14,500",12,2012,영중로 120,,-,-
서울특별시 용산구 도원동,23,23,0,삼성래미안,59.94,202110,2,"143,000",9,2001,새창로 70,,-,-
서울특별시 용산구 도원동,23,23,0,삼성래미안,114.99,202110,9,"174,000",22,2001,새창로 70,,-,-
서울특별시 용산구 도원동,23,23,0,삼성래미안,114.99,202110,13,"165,000",12,2001,새창로 70,,-,-
서울특별시 용산구 동자동,45,45,0,센트레빌아스테리움서울,149.05,202110,5,"186,000",15,2013,한강대로 372,,-,-
서울특별시 용산구 문배동,11월 10일,11,10,용산KCC웰츠타워,84.68,202110,2,"164,000",23,2015,백범로90길 90,,-,-
서울특별시 용산구 문배동,04월 24일,24,4,용산큐브,13.01,202110,5,"19,500",20,2013,백범로90길 12,,-,-
서울특별시 용산구 용산동5가,01월 24일,24,1,용산파크타워(24-1),205.29,202110,4,"480,000",25,2009,서빙고로 69,,-,-
서울특별시 용산구 원효로4가,178,178,0,강변삼성스위트,59.94,202110,5,"138,500",6,1999,원효로 40,,-,-
서울특별시 용산구 이촌동,212-41,212,41,G&D용산드림,18.55,202110,27,"71,000",5,2020,이촌로2가길 9,,-,-
서울특별시 용산구 이촌동,430,430,0,LG한강자이,169.44,202110,4,"345,000",22,2003,이촌로64길 15,,-,-
서울특별시 용산구 이촌동,193-3,193,3,강변,63.93,202110,3,"120,000",5,1971,이촌로 104,,-,-
서울특별시 용산구 이촌동,404,404,0,한가람,59.88,202110,2,"190,000",13,1998,이촌로65길 8,,-,-
서울특별시 용산구 이촌동,404,404,0,한가람,59.88,202110,5,"184,900",9,1998,이촌로 201,,-,-
서울특별시 용산구 이촌동,404,404,0,한가람,84.89,202110,11,"238,000",22,1998,이촌로71길 10,,-,-
서울특별시 용산구 이촌동,404,404,0,한가람,59.88,202110,14,"181,500",4,1998,이촌로 201,,-,-
서울특별시 용산구 이촌동,404,404,0,한가람,59.88,202110,18,"190,000",10,1998,이촌로 201,,-,-
서울특별시 용산구 이촌동,300-23,300,23,한강맨숀,120.56,202110,3,"400,000",4,1971,이촌로 248,,-,-
서울특별시 용산구 이태원동,730,730,0,이태원(이테크빌),84.48,202110,12,"160,000",3,2002,이태원로20길 31,,-,-
서울특별시 용산구 한강로1가,64,64,0,대우월드마크용산,133.085,202110,2,"206,000",17,2007,한강대로 211,,-,-
서울특별시 용산구 한강로3가,16-85,16,85,한강자이에클라트,68.59,202110,2,"115,000",17,2006,이촌로 1,,-,-
서울특별시 용산구 한남동,829,829,0,나인원한남,273.4125,202110,14,"840,000",1,2019,한남대로 91,,-,-
서울특별시 용산구 한남동,263-10,263,10,성아1,44.73,202110,7,"48,000",11,1970,독서당로 73,,-,-
서울특별시 용산구 효창동,287,287,0,용산롯데캐슬센터포레,59.9525,202110,17,"158,000",6,2019,백범로 313,,-,-
서울특별시 용산구 효창동,5-49,5,49,효창팰리스2차,84.03,202110,2,"94,800",2,2002,효창원로70길 10,,-,-
서울특별시 은평구 갈현동,267-1,267,1,라이프시티,64.63,202110,11,"39,800",7,1991,갈현로29길 61,,-,-
서울특별시 은평구 갈현동,468-5,468,5,베로니스,52.1,202110,27,"68,000",8,2017,연서로17길 9,,-,-
서울특별시 은평구 갈현동,542-1,542,1,현재트윈빌,113.25,202110,2,"75,000",9,2000,서오릉로20길 5-10,,-,-
서울특별시 은평구 구산동,547,547,0,갈현1단지e-편한세상,122.578,202110,8,"89,500",5,2004,서오릉로21길 47,,-,-
서울특별시 은평구 구산동,224,224,0,경남아너스빌,122.77,202110,11,"82,500",4,2004,갈현로11길 46,,-,-
서울특별시 은평구 구산동,162-1,162,1,경향,84.06,202110,7,"50,000",1,1989,갈현로15길 53,,-,-
서울특별시 은평구 구산동,162-1,162,1,경향,84.06,202110,28,"45,000",2,1989,갈현로15길 53,,-,-
서울특별시 은평구 구산동,159-10,159,10,브라운스톤구산,59.97,202110,2,"67,500",11,2006,갈현로17길 17,,-,-
서울특별시 은평구 구산동,307-1,307,1,은평서해그랑블,44.25,202110,7,"50,000",8,2021,서오릉로 253,,-,-
서울특별시 은평구 구산동,225,225,0,한국프라우드,70.35,202110,4,"45,000",5,2005,갈현로15길 28-17,,-,-
서울특별시 은평구 녹번동,280-1,280,1,녹번JR아파트,59.866,202110,9,"72,700",5,2002,통일로 586-19,,-,-
서울특별시 은평구 녹번동,283,283,0,래미안베라힐즈,59.98,202110,4,"112,300",7,2019,통일로 630,,-,-
서울특별시 은평구 녹번동,281,281,0,북한산푸르지오,84.99,202110,2,"125,000",5,2015,통일로 660,,-,-
서울특별시 은평구 녹번동,281,281,0,북한산푸르지오,84.99,202110,4,"114,800",2,2015,통일로 660,,-,-
서울특별시 은평구 녹번동,281,281,0,북한산푸르지오,84.99,202110,11,"120,000",18,2015,통일로 660,,-,-
서울특별시 은평구 녹번동,281,281,0,북한산푸르지오,97.06,202110,15,"134,500",3,2015,통일로 660,,-,-
서울특별시 은평구 녹번동,281,281,0,북한산푸르지오,84.99,202110,24,"122,000",3,2015,통일로 660,,-,-
서울특별시 은평구 녹번동,176-22,176,22,유일아트리움,52.37,202110,21,"49,500",9,2016,응암로 351,,-,-
서울특별시 은평구 녹번동,282,282,0,힐스테이트녹번,84.9,202110,2,"143,500",20,2019,통일로 610,,-,-
서울특별시 은평구 대조동,06월 18일,6,18,나이스홈,29.98,202110,8,"25,000",12,2012,통일로67길 8-8,,-,-
서울특별시 은평구 대조동,84-21,84,21,동명베스트(84-21),90.02,202110,29,"43,000",5,2001,통일로71가길 10-5,,-,-
서울특별시 은평구 대조동,04월 11일,4,11,벽산메트로시티,30.14,202110,10,"19,200",10,2012,통일로 749-7,,-,-
서울특별시 은평구 대조동,179-16,179,16,북한산포레스트,19.08,202110,7,"27,000",8,2021,서오릉로 80-1,,-,-
서울특별시 은평구 대조동,231,231,0,삼성타운,84.83,202110,20,"65,000",4,1997,서오릉로 94,,-,-
서울특별시 은평구 대조동,15-114,15,114,정익제이원아파트(15-114),20.89,202110,23,"21,500",11,2015,통일로65길 13-10,,-,-
서울특별시 은평구 불광동,391-68,391,68,대광월드,82.83,202110,6,"47,500",1,2003,통일로88길 3,20211017,-,-
서울특별시 은평구 불광동,71-16,71,16,북한산대창센시티,73.72,202110,1,"73,000",14,2004,불광로 208,,-,-
서울특별시 은평구 불광동,643,643,0,북한산힐스테이트7차,84.947,202110,19,"129,000",7,2011,통일로 796,,-,-
서울특별시 은평구 불광동,484-103,484,103,송광(484-103),84.86,202110,15,"57,000",4,2006,통일로82길 47,,-,-
서울특별시 은평구 불광동,484-63,484,63,연신내역트리플라101동,43.94,202110,1,"67,000",11,2021,통일로82길 6-3,,-,-
서울특별시 은평구 불광동,484-63,484,63,연신내역트리플라101동,23.17,202110,2,"38,500",6,2021,통일로82길 6-3,,-,-
서울특별시 은평구 불광동,484-63,484,63,연신내역트리플라101동,29.84,202110,5,"46,500",8,2021,통일로82길 6-3,,-,-
서울특별시 은평구 불광동,484-63,484,63,연신내역트리플라101동,23.17,202110,11,"39,500",9,2021,통일로82길 6-3,,-,-
서울특별시 은평구 불광동,486-14,486,14,정익제이원5차,20.54,202110,11,"24,900",9,2016,통일로82길 6-7,,-,-
서울특별시 은평구 불광동,486-14,486,14,정익제이원5차,16.07,202110,16,"19,500",11,2016,통일로82길 6-7,,-,-
서울특별시 은평구 불광동,484-73,484,73,효민아크로뷰,27.02,202110,5,"38,500",20,2021,통일로 868,,-,-
서울특별시 은평구 불광동,484-73,484,73,효민아크로뷰,27.02,202110,10,"38,500",11,2021,통일로 868,,-,-
서울특별시 은평구 불광동,484-73,484,73,효민아크로뷰,27.02,202110,19,"38,500",10,2021,통일로 868,,-,-
서울특별시 은평구 신사동,369,369,0,굿모닝기룡(369-0),83.53,202110,2,"57,500",1,2005,은평터널로 167,,-,-
서울특별시 은평구 신사동,369,369,0,굿모닝기룡(369-0),83.53,202110,4,"57,500",1,2005,은평터널로 167,,-,-
서울특별시 은평구 신사동,361,361,0,삼부,84.6,202110,2,"68,900",4,2001,증산로21길 11,,-,-
서울특별시 은평구 신사동,361,361,0,삼부,62.7,202110,11,"56,000",8,2001,증산로21길 11,,-,-
서울특별시 은평구 신사동,359,359,0,현대1,84.33,202110,9,"75,000",4,1997,은평터널로 164,,-,-
서울특별시 은평구 역촌동,32-35,32,35,건우샹그리라,84.16,202110,8,"52,400",5,2004,연서로6길 12,,-,-
서울특별시 은평구 역촌동,24-25,24,25,한명딩크,80.34,202110,2,"44,000",1,2003,진흥로1길 50,,-,-
서울특별시 은평구 응암동,714,714,0,경남,61.88,202110,8,"48,500",1,1995,가좌로7나길 35,,-,-
서울특별시 은평구 응암동,96-18,96,18,경향렉스빌,84.781,202110,13,"75,000",19,2004,은평로 160,,-,-
서울특별시 은평구 응암동,769,769,0,녹번역e편한세상캐슬,114.94,202110,26,"165,100",13,2021,은평로 220,,-,-
서울특별시 은평구 응암동,762,762,0,녹번역센트레빌,84.9,202110,15,"97,500",7,2013,백련산로 160,,-,-
서울특별시 은평구 응암동,577-16,577,16,명남더블레스,51.28,202110,11,"53,000",6,2012,응암로 215,,-,-
서울특별시 은평구 응암동,767,767,0,백련산에스케이뷰아이파크,59.8545,202110,7,"94,200",12,2020,응암로29길 16,,-,-
서울특별시 은평구 응암동,767,767,0,백련산에스케이뷰아이파크,59.8545,202110,13,"90,000",1,2020,응암로30길 16,,-,-
서울특별시 은평구 응암동,759,759,0,백련산힐스테이트1차,59.63,202110,9,"83,000",1,2011,백련산로2길 19,,-,-
서울특별시 은평구 응암동,759,759,0,백련산힐스테이트1차,84.49,202110,9,"99,500",14,2011,백련산로2길 19,,-,-
서울특별시 은평구 응암동,760,760,0,백련산힐스테이트2차,59.95,202110,1,"89,000",5,2011,백련산로 38,,-,-
서울특별시 은평구 응암동,760,760,0,백련산힐스테이트2차,84.59,202110,8,"103,000",12,2011,백련산로 84,,-,-
서울특별시 은평구 응암동,760,760,0,백련산힐스테이트2차,59.63,202110,9,"91,000",10,2011,백련산로 38,,-,-
서울특별시 은평구 응암동,760,760,0,백련산힐스테이트2차,84.37,202110,30,"99,000",9,2011,백련산로 38,,-,-
서울특별시 은평구 응암동,119-16,119,16,벧엘블레스빌,84.9,202110,22,"70,000",12,2006,응암로 263,,-,-
서울특별시 은평구 응암동,109-3,109,3,서강스카이빌,150.37,202110,13,"59,900",17,2001,응암로 319,,-,-
서울특별시 은평구 응암동,694-1,694,1,우성,64.62,202110,4,"60,000",12,1988,가좌로7나길 30,,-,-
서울특별시 은평구 응암동,110-1,110,1,위산일리온시티,19.28,202110,2,"23,100",17,2020,은평로 116-1,,-,-
서울특별시 은평구 증산동,223-28,223,28,DMC자이2단지,108.52,202110,11,"140,000",14,2009,수색로 217-1,,-,-
서울특별시 은평구 진관동,155,155,0,은평뉴타운 제각말 푸르지오(5-2단지),84.89,202110,14,"82,000",1,2010,연서로48길 11,,-,-
서울특별시 은평구 진관동,66,66,0,은평뉴타운꿈에그린,59.92,202110,2,"85,000",11,2018,진관3로 33,,-,-
서울특별시 은평구 진관동,105,105,0,은평뉴타운마고정2단지,84.14,202110,14,"100,000",7,2009,진관2로 60,,-,-
서울특별시 은평구 진관동,19,19,0,은평뉴타운상림마을(롯데캐슬A-1),84.84,202110,9,"98,000",6,2008,진관4로 17,,-,-
서울특별시 은평구 진관동,3,3,0,은평뉴타운상림마을(푸르지오C-8),167.47,202110,11,"128,000",6,2008,진관4로 78-7,,-,-
서울특별시 은평구 진관동,11,11,0,은평뉴타운상림마을(현대아이파크B-13),84.63,202110,4,"97,500",4,2008,진관4로 48-50,,-,-
서울특별시 은평구 진관동,11,11,0,은평뉴타운상림마을(현대아이파크B-13),134.75,202110,9,"115,000",6,2008,진관4로 48-50,,-,-
서울특별시 은평구 진관동,65,65,0,은평뉴타운엘크루,59.98,202110,17,"78,000",9,2017,진관3로 21,,-,-
서울특별시 은평구 진관동,81,81,0,은평뉴타운우물골(두산위브6단지),84.51,202110,3,"124,000",11,2009,진관2로 57-7,,-,-
서울특별시 은평구 진관동,62,62,0,은평스카이뷰자이,84.3363,202110,30,"125,000",13,2019,통일로 1034,,-,-
서울특별시 종로구 내수동,95,95,0,경희궁파크팰리스,147.62,202110,20,"180,000",2,2003,사직로8길 20,,-,-
서울특별시 종로구 사직동,9,9,0,광화문풍림스페이스본(101동~105동),108.07,202110,12,"146,000",1,2008,사직로8길 4,,-,-
서울특별시 종로구 수송동,85,85,0,로얄팰리스스위트,39.67,202110,1,"36,800",13,2005,율곡로2길 7,,-,-
서울특별시 종로구 숭인동,494,494,0,"동문(비동,씨동)(494-0)",59.94,202110,5,"51,500",7,1997,숭인동2길 14-5,,-,-
서울특별시 종로구 숭인동,296-19,296,19,삼전솔하임2차,16.67,202110,26,"13,000",9,2012,종로58가길 27,,-,-
서울특별시 종로구 숭인동,318-2,318,2,삼전솔하임4차,15.09,202110,5,"13,000",14,2014,지봉로4길 13,,-,-
서울특별시 종로구 숭인동,1421-1,1421,1,종로동광모닝스카이,15.855,202110,15,"11,150",10,2013,난계로29가길 24,,-,-
서울특별시 종로구 숭인동,201-11,201,11,종로유케이201,12.08,202110,12,"9,800",12,2013,난계로29길 33-4,,-,-
서울특별시 종로구 숭인동,766,766,0,종로청계힐스테이트,59.9426,202110,5,"97,000",9,2009,숭인동길 21,,-,-
서울특별시 종로구 익선동,55,55,0,현대뜨레비앙,46.64,202110,7,"33,000",3,2003,돈화문로11가길 59,,-,-
서울특별시 종로구 창신동,232,232,0,두산,59.95,202110,9,"87,000",18,1999,지봉로5길 7,,-,-
서울특별시 종로구 창신동,702,702,0,창신쌍용1,54.7,202110,7,"73,000",3,1992,동망산길 19,,-,-
서울특별시 종로구 평동,233,233,0,경희궁자이(3단지),59.943,202110,2,"170,000",3,2017,경교장길 35,,-,-
서울특별시 종로구 평창동,72,72,0,롯데낙천대,84.21,202110,7,"96,000",12,2001,평창문화로 140,,-,-
서울특별시 종로구 필운동,254,254,0,신동아블루아광화문의꿈,111.97,202110,25,"140,000",8,2007,사직로 102,,-,-
서울특별시 종로구 홍파동,199,199,0,경희궁자이(2단지),84.614,202110,5,"194,500",2,2017,송월길 99,,-,-
서울특별시 종로구 효제동,126-2,126,2,이지마루종로,26.33,202110,1,"34,800",8,2021,김상옥로 55,,-,-
서울특별시 종로구 효제동,126-2,126,2,이지마루종로,25.55,202110,5,"35,500",13,2021,김상옥로 55,,-,-
서울특별시 종로구 효제동,126-2,126,2,이지마루종로,26.65,202110,5,"35,800",9,2021,김상옥로 55,,-,-
서울특별시 종로구 효제동,126-2,126,2,이지마루종로,26.65,202110,7,"35,800",13,2021,김상옥로 55,,-,-
서울특별시 종로구 효제동,126-2,126,2,이지마루종로,25.55,202110,9,"46,500",11,2021,김상옥로 55,,-,-
서울특별시 종로구 효제동,126-2,126,2,이지마루종로,26.65,202110,14,"35,800",10,2021,김상옥로 55,,-,-
서울특별시 종로구 효제동,126-2,126,2,이지마루종로,24.44,202110,18,"33,800",11,2021,김상옥로 55,,-,-
서울특별시 종로구 효제동,Feb-65,65,2,포레스트힐시티,16.672,202110,1,"19,500",9,2017,대학로 33,,-,-
서울특별시 중구 신당동,844,844,0,남산타운,114.88,202110,5,"178,000",17,2002,다산로 32,,-,-
서울특별시 중구 신당동,844,844,0,남산타운,114.88,202110,6,"172,000",10,2002,다산로 32,,-,-
서울특별시 중구 신당동,844,844,0,남산타운,84.88,202110,14,"153,000",13,2002,다산로 32,,-,-
서울특별시 중구 신당동,432-1653,432,1653,노블레스2,94.38,202110,11,"153,750",5,2002,동호로17길 229,,-,-
서울특별시 중구 신당동,843,843,0,삼성,114.91,202110,8,"125,000",1,1999,청구로1길 23,,-,-
서울특별시 중구 신당동,856,856,0,신당KCC스위첸,59.7807,202110,4,"125,000",12,2019,난계로 130,,-,-
서울특별시 중구 신당동,856,856,0,신당KCC스위첸,72.2733,202110,25,"131,000",6,2019,난계로 130,,-,-
서울특별시 중구 신당동,140-23,140,23,신당역솔하임,14.08,202110,2,"17,000",15,2016,퇴계로 448,,-,-
서울특별시 중구 신당동,857,857,0,약수역더시티,18.86,202110,17,"24,500",8,2021,동호로7길 14,,-,-
서울특별시 중구 신당동,852,852,0,청구e편한세상,59.89,202110,2,"124,000",1,2011,청구로 64,,-,-
서울특별시 중구 오장동,145-1,145,1,오렌지카운티을지로,12.26,202110,18,"13,700",15,2020,동호로33길 15,,-,-
서울특별시 중구 을지로5가,Jan-39,39,1,삼성파크빌(39-1),84.85,202110,19,"70,000",9,2006,을지로 221,,-,-
서울특별시 중구 중림동,149,149,0,성요셉,41.32,202110,13,"25,500",5,1975,서소문로6길 34,,-,-
서울특별시 중구 충무로5가,Feb-36,36,2,충무로엘크루메크로시티2,35.57,202110,4,"34,800",14,2016,퇴계로49길 14,,-,-
서울특별시 중구 회현동1가,206,206,0,남산SKLEADERSVIEW,244.74,202110,25,"347,000",29,2010,퇴계로 72,,-,-
서울특별시 중구 흥인동,01월 13일,13,1,청계천두산위브더제니스,123.8073,202110,12,"169,000",30,2014,다산로46길 17,,-,-
서울특별시 중구 흥인동,01월 13일,13,1,청계천두산위브더제니스,92.1357,202110,23,"148,000",17,2014,다산로46길 17,,-,-
서울특별시 중랑구 망우동,576,576,0,가야써니빌,59.96,202110,1,"53,000",4,2002,상봉로26길 29,,-,-
서울특별시 중랑구 망우동,573,573,0,신원,59.62,202110,16,"45,000",6,1999,망우로 504-7,,-,-
서울특별시 중랑구 망우동,583,583,0,중랑숲리가,84.956,202110,8,"82,300",9,2012,망우로75길 19,,-,-
서울특별시 중랑구 면목동,1529,1529,0,경남아너스빌,59.981,202110,18,"84,500",13,2006,답십리로75길 73,,-,-
서울특별시 중랑구 면목동,715,715,0,늘푸른동아,84.97,202110,9,"86,000",13,2002,동일로 476,,-,-
서울특별시 중랑구 면목동,715,715,0,늘푸른동아,59.65,202110,21,"69,500",5,2002,동일로 476,,-,-
서울특별시 중랑구 면목동,1522,1522,0,두산4,59.97,202110,2,"73,500",3,2000,면목로35길 63,,-,-
서울특별시 중랑구 면목동,1516,1516,0,면목삼익,59.5,202110,9,"68,000",15,1997,동일로 501,,-,-
서울특별시 중랑구 면목동,538,538,0,신영,14.43,202110,3,"9,100",5,2013,면목로69길 16,,-,-
서울특별시 중랑구 면목동,193-1,193,1,한신,45.44,202110,1,"53,000",5,1987,중랑천로 20,,-,-
서울특별시 중랑구 면목동,193-1,193,1,한신,35.3,202110,7,"43,000",1,1987,중랑천로 20,,-,-
서울특별시 중랑구 면목동,193-1,193,1,한신,58.46,202110,11,"72,400",5,1987,중랑천로 20,,-,-
서울특별시 중랑구 묵동,386,386,0,금호어울림,97.65,202110,13,"105,000",5,2003,공릉로2길 39,,-,-
서울특별시 중랑구 묵동,388,388,0,동구햇살,84.97,202110,12,"80,000",8,2004,동일로169길 41,,-,-
서울특별시 중랑구 묵동,387,387,0,브라운스톤태릉,83.5358,202110,2,"97,000",13,2004,공릉로18길 59,,-,-
서울특별시 중랑구 묵동,387,387,0,브라운스톤태릉,83.5358,202110,6,"98,000",8,2004,공릉로18길 59,,-,-
서울특별시 중랑구 묵동,13,13,0,신내,39.84,202110,11,"52,500",10,1996,숙선옹주로 91,,-,-
서울특별시 중랑구 묵동,384,384,0,신안3,84.99,202110,11,"81,000",10,2000,공릉로2라길 4,,-,-
서울특별시 중랑구 상봉동,104-10,104,10,리더스,29.34,202110,10,"28,000",10,2019,면목로92길 28,,-,-
서울특별시 중랑구 신내동,796,796,0,다우훼밀리,59.96,202110,14,"57,700",9,1999,송림길 18,,-,-
서울특별시 중랑구 신내동,397,397,0,동성1,59.4,202110,1,"65,000",17,1993,신내로 128,,-,-
서울특별시 중랑구 신내동,618,618,0,동성3,134.88,202110,25,"92,000",6,1997,신내로 110,,-,-
서울특별시 중랑구 신내동,797,797,0,동성7,84.78,202110,9,"80,000",3,1999,신내로14길 21,,-,-
서울특별시 중랑구 신내동,787,787,0,석탑,59.82,202110,7,"55,000",12,1997,용마산로125길 92,,-,-
서울특별시 중랑구 신내동,787,787,0,석탑,59.82,202110,12,"49,000",1,1997,용마산로125길 92,,-,-
서울특별시 중랑구 신내동,817,817,0,신내 데시앙포레,84.65,202110,1,"89,900",19,2013,신내역로 165,,-,-
서울특별시 중랑구 신내동,817,817,0,신내 데시앙포레,84.65,202110,9,"90,000",13,2013,신내역로 165,,-,-
서울특별시 중랑구 신내동,817,817,0,신내 데시앙포레,84.65,202110,13,"90,000",22,2013,신내역로 165,,-,-
서울특별시 중랑구 신내동,817,817,0,신내 데시앙포레,114.8,202110,22,"104,000",7,2013,신내역로 165,,-,-
서울특별시 중랑구 신내동,650,650,0,신내6대주,49.77,202110,8,"67,800",11,1996,신내로19길 42,,-,-
서울특별시 중랑구 신내동,657,657,0,신내9진흥,49.93,202110,6,"65,000",11,1996,신내로 127,,-,-
서울특별시 중랑구 신내동,657,657,0,신내9진흥,33.18,202110,7,"46,000",3,1996,신내로 127,,-,-
서울특별시 중랑구 신내동,657,657,0,신내9진흥,33.18,202110,13,"44,000",7,1996,신내로 127,,-,-
서울특별시 중랑구 신내동,802,802,0,우남푸르미아,81.75,202110,18,"76,000",12,2005,봉화산로56길 51,,-,-
서울특별시 중랑구 신내동,479,479,0,중앙하이츠,84.97,202110,4,"74,500",3,1996,봉화산로56길 145-1,,-,-
서울특별시 중랑구 신내동,479,479,0,중앙하이츠,84.97,202110,14,"65,000",14,1996,봉화산로56길 123,,-,-
서울특별시 중랑구 신내동,479,479,0,중앙하이츠,84.97,202110,25,"74,500",13,1996,봉화산로56길 123,,-,-
서울특별시 중랑구 신내동,656,656,0,화성두산아파트,84.99,202110,5,"90,500",4,1995,신내로 155,,-,-
서울특별시 중랑구 중화동,42,42,0,중화동건영아파트,59.85,202110,14,"47,500",7,1998,동일로140길 88,,-,-
서울특별시 중랑구 중화동,450,450,0,한신1차,50.37,202110,9,"70,000",18,1997,동일로 752,,-,-
세종특별자치시 고운동,1395,1395,0,가락마을16단지(에듀그린),59.9964,202110,16,"48,200",7,2015,만남로 187,,-,-
세종특별자치시 고운동,2111,2111,0,가락마을19단지,59.6506,202110,11,"50,800",6,2019,밝은뜰로 15,,-,-
세종특별자치시 고운동,1729,1729,0,가락마을1단지(힐데스하임),107.1454,202110,5,"85,700",8,2018,마음로 67,,-,-
세종특별자치시 고운동,1729,1729,0,가락마을1단지(힐데스하임),111.3034,202110,16,"84,800",2,2018,마음로 67,,-,-
세종특별자치시 고운동,1387,1387,0,가락마을22단지(에듀힐스),84.9968,202110,2,"83,000",18,2015,마음로 322,,-,-
세종특별자치시 고운동,1708,1708,0,가락마을3단지(호반베르디움),59.9349,202110,6,"50,000",2,2014,마음안로 47,,-,-
세종특별자치시 고운동,1728,1728,0,가락마을6단지(중흥S클래스프라디움),59.6866,202110,13,"51,000",13,2015,마음로 14,,-,-
세종특별자치시 고운동,1728,1728,0,가락마을6단지(중흥S클래스프라디움),59.7236,202110,27,"51,700",12,2015,마음로 14,,-,-
세종특별자치시 고운동,1724,1724,0,가락마을7단지(중흥S-클래스프라디움),84.9931,202110,9,"66,500",7,2015,마음안로 13,,-,-
세종특별자치시 고운동,1706,1706,0,가락마을8단지(고운뜰아파트),74.77,202110,1,"54,300",4,2015,만남로 92,,-,-
세종특별자치시 고운동,1408,1408,0,가락마을9단지(신동아 파밀리에),59.994,202110,1,"45,000",14,2015,마음로 151,,-,-
세종특별자치시 고운동,1408,1408,0,가락마을9단지(신동아 파밀리에),84.986,202110,22,"60,000",10,2015,마음로 151,,-,-
세종특별자치시 고운동,1400,1400,0,이지더원(가락마을10단지),72.497,202110,1,"56,500",16,2015,마음로 181,,-,-
세종특별자치시 금남면 용포리,320,320,0,두진리버빌,59.8676,202110,6,"36,900",12,2000,용포2길 70,,-,-
세종특별자치시 금남면 용포리,320,320,0,두진리버빌,43.008,202110,13,"24,900",12,2000,용포2길 70,,-,-
세종특별자치시 금남면 용포리,263,263,0,신성연기미소지움,84.8809,202110,5,"48,300",7,2007,용포2길 57-15,,-,-
세종특별자치시 나성동,727,727,0,SR파크센텀,17.8518,202110,2,"12,000",6,2019,한누리대로 331,,-,-
세종특별자치시 나성동,727,727,0,SR파크센텀,19.7686,202110,18,"12,300",6,2019,한누리대로 331,,-,-
세종특별자치시 나성동,727,727,0,SR파크센텀,17.8518,202110,22,"11,100",4,2019,한누리대로 331,,-,-
세종특별자치시 나성동,775,775,0,더리치세종의아침(CB4-1BL-2BL),20.5238,202110,2,"12,400",6,2015,한누리대로 194,,-,-
세종특별자치시 나성동,751,751,0,리베라아이누리(2-2),29.8957,202110,2,"12,650",5,2015,한누리대로 223,,-,-
세종특별자치시 나성동,751,751,0,리베라아이누리(2-2),29.8957,202110,2,"12,000",7,2015,한누리대로 223,,-,-
세종특별자치시 나성동,751,751,0,리베라아이누리(2-2),29.8957,202110,5,"12,900",6,2015,한누리대로 223,,-,-
세종특별자치시 나성동,751,751,0,리베라아이누리(2-2),29.8957,202110,21,"12,500",7,2015,한누리대로 223,,-,-
세종특별자치시 나성동,759,759,0,블루지움(2-4),27.39,202110,4,"12,500",5,2015,한누리대로 306,,-,-
세종특별자치시 나성동,750,750,0,세종마루(CB5-3BL),25.045,202110,8,"12,000",6,2015,한누리대로 227,,-,-
세종특별자치시 나성동,750,750,0,세종마루(CB5-3BL),24.385,202110,9,"12,100",4,2015,한누리대로 227,,-,-
세종특별자치시 나성동,750,750,0,세종마루(CB5-3BL),25.705,202110,11,"12,500",5,2015,한누리대로 227,,-,-
세종특별자치시 나성동,750,750,0,세종마루(CB5-3BL),25.705,202110,12,"12,000",4,2015,한누리대로 227,,-,-
세종특별자치시 나성동,732,732,0,세종모닝시티2차,23.2849,202110,8,"12,400",6,2016,한누리대로 311,,-,-
세종특별자치시 나성동,732,732,0,세종모닝시티2차,25.4322,202110,29,"13,200",3,2016,한누리대로 311,,-,-
세종특별자치시 나성동,738,738,0,세종포레뷰원,28.43,202110,6,"14,000",8,2016,한누리대로 287,,-,-
세종특별자치시 나성동,738,738,0,세종포레뷰원,28.43,202110,7,"14,000",5,2016,한누리대로 287,,-,-
세종특별자치시 나성동,738,738,0,세종포레뷰원,25.61,202110,12,"11,600",5,2016,한누리대로 287,,-,-
세종특별자치시 나성동,738,738,0,세종포레뷰원,26.19,202110,16,"13,900",6,2016,한누리대로 287,,-,-
세종특별자치시 나성동,730,730,0,에스알파크시티,25.44,202110,2,"13,300",5,2017,한누리대로 321,,-,-
세종특별자치시 나성동,730,730,0,에스알파크시티,25,202110,11,"12,900",7,2017,한누리대로 321,,-,-
세종특별자치시 나성동,730,730,0,에스알파크시티,24.11,202110,25,"13,000",8,2017,한누리대로 321,,-,-
세종특별자치시 나성동,715,715,0,우빈가온,33.29,202110,6,"14,300",5,2015,한누리대로 201,,-,-
세종특별자치시 나성동,737,737,0,포레뷰투도시형생활주택,28.3925,202110,11,"14,500",7,2017,한누리대로 291,,-,-
세종특별자치시 나성동,737,737,0,포레뷰투도시형생활주택,28.2095,202110,18,"14,600",7,2017,한누리대로 291,,-,-
세종특별자치시 나성동,748,748,0,한스웰시티(CB5-1BL),23.3,202110,27,"12,000",5,2015,한누리대로 237,,-,-
세종특별자치시 나성동,763,763,0,행복의아침,26.4397,202110,1,"12,500",3,2016,한누리대로 292,,-,-
세종특별자치시 나성동,763,763,0,행복의아침,26.4397,202110,8,"13,200",8,2016,한누리대로 292,,-,-
세종특별자치시 다정동,926,926,0,가온마을12단지,59.8817,202110,12,"64,600",15,2018,다정남로 123,,-,-
세종특별자치시 다정동,960,960,0,가온마을1단지,59.9843,202110,2,"60,000",13,2018,다정남로 22,,-,-
세종특별자치시 다정동,960,960,0,가온마을1단지,59.9843,202110,9,"59,000",5,2018,다정남로 22,20211028,-,-
세종특별자치시 다정동,960,960,0,가온마을1단지,59.9843,202110,9,"59,000",5,2018,다정남로 22,,-,-
세종특별자치시 다정동,960,960,0,가온마을1단지,74.9668,202110,19,"61,000",4,2018,다정남로 22,,-,-
세종특별자치시 다정동,953,953,0,가온마을2단지,98.7065,202110,6,"85,000",7,2018,다정북로 110,,-,-
세종특별자치시 다정동,916,916,0,가온마을3단지,75.5847,202110,1,"72,000",6,2018,다정북로 109,,-,-
세종특별자치시 다정동,916,916,0,가온마을3단지,59.8969,202110,15,"58,500",10,2018,다정북로 109,,-,-
세종특별자치시 다정동,916,916,0,가온마을3단지,75.5531,202110,18,"65,000",7,2018,다정북로 109,,-,-
세종특별자치시 다정동,964,964,0,가온마을4단지,59.99,202110,4,"60,500",8,2019,다정중앙로 19,,-,-
세종특별자치시 다정동,964,964,0,가온마을4단지,84.99,202110,7,"85,000",14,2019,다정중앙로 19,,-,-
세종특별자치시 다정동,964,964,0,가온마을4단지,59.99,202110,13,"57,000",18,2019,다정중앙로 19,,-,-
세종특별자치시 다정동,964,964,0,가온마을4단지,59.99,202110,15,"59,500",6,2019,다정중앙로 19,,-,-
세종특별자치시 다정동,964,964,0,가온마을4단지,59.99,202110,23,"52,000",2,2019,다정중앙로 19,,-,-
세종특별자치시 다정동,964,964,0,가온마을4단지,59.99,202110,30,"57,000",4,2019,다정중앙로 19,,-,-
세종특별자치시 대평동,704,704,0,해들마을4단지,109.8712,202110,17,"112,000",23,2018,대평로 34,,-,-
세종특별자치시 도담동,853,853,0,도램마을10단지 호반 어반시티,84.928,202110,2,"84,000",17,2014,보듬4로 20,,-,-
세종특별자치시 도담동,653,653,0,도램마을11단지(반도유보라),84.9783,202110,12,"55,000",30,2017,보듬4로 9,,-,-
세종특별자치시 도담동,845,845,0,도램마을1단지(웅진스타클래스),84.98,202110,2,"76,000",16,2014,다솜1로 140,,-,-
세종특별자치시 도담동,664,664,0,라온프라이빗시티 Ⅰ,19.1676,202110,7,"10,000",3,2014,보듬3로 8-12,,-,-
세종특별자치시 도담동,664,664,0,라온프라이빗시티 Ⅰ,20.94,202110,23,"10,000",5,2014,보듬3로 8-12,,-,-
세종특별자치시 도담동,664,664,0,라온프라이빗시티 Ⅰ,19.1676,202110,23,"9,900",6,2014,보듬3로 8-12,,-,-
세종특별자치시 도담동,664,664,0,라온프라이빗시티 Ⅰ,28.562,202110,23,"12,800",8,2014,보듬3로 8-12,,-,-
세종특별자치시 도담동,666,666,0,라온프라이빗시티 Ⅱ,19.62,202110,13,"9,500",3,2014,보듬3로 6,,-,-
세종특별자치시 도담동,666,666,0,라온프라이빗시티 Ⅱ,19.62,202110,23,"10,000",5,2014,보듬3로 6,,-,-
세종특별자치시 도담동,666,666,0,라온프라이빗시티 Ⅱ,19.62,202110,26,"9,800",3,2014,보듬3로 6,20211101,-,-
세종특별자치시 도담동,632,632,0,중흥 그린카운티(13단지),59.1132,202110,6,"52,900",18,2014,보람로 95,,-,-
세종특별자치시 도담동,632,632,0,중흥 그린카운티(13단지),59.1132,202110,8,"53,900",16,2014,보람로 95,,-,-
세종특별자치시 도담동,859,859,0,현대힐스테이트(도램마을15단지),84.941,202110,8,"85,000",4,2014,보듬2로 43,,-,-
세종특별자치시 도담동,859,859,0,현대힐스테이트(도램마을15단지),84.941,202110,17,"86,000",27,2014,보듬2로 43,,-,-
세종특별자치시 반곡동,가-4102-1,4102,1,수루배마을1단지,84.454,202110,9,"97,500",13,2019,반곡로 14,,-,-
세종특별자치시 반곡동,가-4102-1,4102,1,수루배마을1단지,84.454,202110,23,"92,000",7,2019,반곡로 14,,-,-
세종특별자치시 반곡동,가-4101-2,4101,2,수루배마을2단지,62.114,202110,25,"62,000",6,2019,반곡1길 9,,-,-
세종특별자치시 반곡동,가-4102-2,4102,2,수루배마을3단지,84.7971,202110,12,"85,000",10,2019,반곡로 15,,-,-
세종특별자치시 반곡동,가-4101-4,4101,4,수루배마을6단지,59.9,202110,2,"56,500",5,2019,시청대로 598,,-,-
세종특별자치시 보람동,700-1,700,1,호려울마을 4단지 센트럴파크,80.8021,202110,20,"78,500",8,2017,남세종로 469,,-,-
세종특별자치시 보람동,713,713,0,호려울마을10단지(중흥S클래스),98.0608,202110,28,"90,000",13,2016,시청대로 210,,-,-
세종특별자치시 보람동,730,730,0,호려울마을3단지,59.969,202110,1,"65,000",2,2019,시청대로 78,,-,-
세종특별자치시 보람동,730,730,0,호려울마을3단지,59.958,202110,8,"70,300",13,2019,시청대로 78,,-,-
세종특별자치시 보람동,777,777,0,호려울마을8단지(중흥에코시티),84.9895,202110,15,"86,500",21,2017,보람동로 14,,-,-
세종특별자치시 보람동,774,774,0,호려울마을9단지(한양수자인와이즈시티),84.8974,202110,1,"78,000",12,2016,남세종로 384,,-,-
세종특별자치시 보람동,774,774,0,호려울마을9단지(한양수자인와이즈시티),59.9734,202110,12,"55,000",15,2016,남세종로 384,,-,-
세종특별자치시 보람동,774,774,0,호려울마을9단지(한양수자인와이즈시티),84.8974,202110,13,"77,400",13,2016,남세종로 384,,-,-
세종특별자치시 보람동,774,774,0,호려울마을9단지(한양수자인와이즈시티),59.9734,202110,16,"54,200",7,2016,남세종로 384,,-,-
세종특별자치시 부강면 부강리,498-7,498,7,대신하나로,59.86,202110,2,"9,700",3,2002,부강로 29-12,,-,-
세종특별자치시 부강면 부강리,498-7,498,7,대신하나로,59.86,202110,16,"11,800",8,2002,부강로 29-12,,-,-
세종특별자치시 부강면 부강리,498-7,498,7,대신하나로,81.78,202110,25,"28,000",9,2002,부강로 29-12,,-,-
세종특별자치시 부강면 부강리,498-7,498,7,대신하나로,59.86,202110,28,"11,800",6,2002,부강로 29-12,,-,-
세종특별자치시 부강면 부강리,401-173,401,173,삼호,45.24,202110,2,"4,700",3,1990,부강신대길 53,,-,-
세종특별자치시 새롬동,558,558,0,새뜸마을10단지(더샵힐스테이트),59.9331,202110,5,"80,000",16,2017,새롬중앙로 90,,-,-
세종특별자치시 새롬동,558,558,0,새뜸마을10단지(더샵힐스테이트),84.9032,202110,8,"105,000",10,2017,새롬중앙로 90,,-,-
세종특별자치시 새롬동,614,614,0,새뜸마을12단지(금성백조예미지),84.9936,202110,2,"96,000",23,2017,새롬남로 102,,-,-
세종특별자치시 새롬동,601,601,0,새뜸마을1단지(메이저시티),84.9645,202110,2,"80,400",2,2017,새롬남로 18,,-,-
세종특별자치시 새롬동,601,601,0,새뜸마을1단지(메이저시티),84.9645,202110,13,"78,000",4,2017,새롬남로 18,,-,-
세종특별자치시 새롬동,599,599,0,새뜸마을2단지(메이저시티),59.9602,202110,1,"58,500",13,2017,새롬남로 17,,-,-
세종특별자치시 새롬동,605,605,0,새뜸마을5단지(메이저시티),84.8892,202110,16,"95,000",19,2017,새롬중앙로 19,,-,-
세종특별자치시 소담동,597,597,0,새샘마을1단지,125.8531,202110,20,"103,000",2,2018,남세종로 357,,-,-
세종특별자치시 소담동,BL-M3,00M3,0,새샘마을3단지(모아미래도리버시티),84.9989,202110,21,"92,300",11,2016,시청대로 236,,-,-
세종특별자치시 소담동,598,598,0,새샘마을5단지(한양수자인엘시티),59.4544,202110,13,"54,000",5,2017,남세종로 301,,-,-
세종특별자치시 소담동,Jun-02,3302,6,새샘마을6단지(한신더휴펜타힐스),75.9,202110,9,"69,000",4,2017,남세종로 302,,-,-
세종특별자치시 소담동,Jun-02,3302,6,새샘마을6단지(한신더휴펜타힐스),59.92,202110,16,"55,000",9,2017,남세종로 302,,-,-
세종특별자치시 소정면 운당리,Jan-35,35,1,무궁화,59.4,202110,8,"6,700",3,1996,세종로 4283,,-,-
세종특별자치시 아름동,1277,1277,0,대우푸르지오(10단지),84.9375,202110,14,"65,000",8,2014,달빛로 211,,-,-
세종특별자치시 아름동,1277,1277,0,대우푸르지오(10단지),84.9727,202110,19,"71,000",23,2014,달빛로 211,,-,-
세종특별자치시 아름동,1363,1363,0,범지기마을11단지(영무예다음),84.9816,202110,15,"66,500",28,2014,보듬3로 73,,-,-
세종특별자치시 아름동,1339,1339,0,범지기마을1단지(한양수자인에듀센텀),59.9789,202110,4,"56,500",13,2015,절재로 13,,-,-
세종특별자치시 아름동,1339,1339,0,범지기마을1단지(한양수자인에듀센텀),59.9789,202110,9,"57,800",7,2015,절재로 13,,-,-
세종특별자치시 아름동,1339,1339,0,범지기마을1단지(한양수자인에듀센텀),59.9789,202110,21,"54,000",12,2015,절재로 13,,-,-
세종특별자치시 아름동,1284,1284,0,범지기마을7단지 호반에코시티,84.757,202110,30,"64,700",9,2014,달빛1로 158,,-,-
세종특별자치시 아름동,1279,1279,0,푸르지오(8단지),84.9238,202110,9,"64,000",2,2013,달빛로 165,,-,-
세종특별자치시 어진동,649,649,0,호수의 아침,19.933,202110,6,"11,300",2,2014,가름로 253,,-,-
세종특별자치시 어진동,649,649,0,호수의 아침,17.834,202110,11,"10,600",7,2014,가름로 253,,-,-
세종특별자치시 어진동,649,649,0,호수의 아침,17.834,202110,13,"10,000",5,2014,가름로 253,,-,-
세종특별자치시 어진동,649,649,0,호수의 아침,19.933,202110,16,"12,500",3,2014,가름로 253,,-,-
세종특별자치시 연동면 명학리,255,255,0,다산청정,31.758,202110,2,"10,300",3,2001,태산로 58,,-,-
세종특별자치시 연동면 명학리,255,255,0,다산청정,41.328,202110,5,"11,800",5,2001,태산로 58,,-,-
세종특별자치시 연서면 봉암리,622,622,0,대원네스트빌,59.858,202110,2,"25,500",8,2002,당산로 290,,-,-
세종특별자치시 장군면 금암리,259-1,259,1,정보마을,28.2616,202110,11,"3,400",3,2002,대학길 118-1,,-,-
세종특별자치시 장군면 금암리,259-1,259,1,정보마을,28.2616,202110,21,"3,000",1,2002,대학길 118-1,,-,-
세종특별자치시 장군면 금암리,259-1,259,1,정보마을,28.2616,202110,21,"3,300",4,2002,대학길 118-1,,-,-
세종특별자치시 장군면 금암리,259-1,259,1,정보마을,28.2616,202110,21,"3,000",1,2002,대학길 118-1,20211028,-,-
세종특별자치시 장군면 금암리,259-1,259,1,정보마을,28.2616,202110,21,"3,000",1,2002,대학길 118-1,,-,-
세종특별자치시 전동면 노장리,586,586,0,도원,49.41,202110,10,"7,000",5,1994,하노장4길 8,,-,-
세종특별자치시 전의면 동교리,213-28,213,28,성호늘푸른,59.76,202110,2,"9,800",6,1997,동교동촌2길 16,,-,-
세종특별자치시 전의면 동교리,213-28,213,28,성호늘푸른,59.76,202110,7,"8,300",15,1997,동교동촌2길 16,,-,-
세종특별자치시 전의면 동교리,213-28,213,28,성호늘푸른,59.76,202110,7,"8,400",2,1997,동교동촌2길 16,,-,-
세종특별자치시 전의면 동교리,213-28,213,28,성호늘푸른,59.76,202110,9,"9,050",3,1997,동교동촌2길 16,,-,-
세종특별자치시 전의면 동교리,197-16,197,16,재동,59.87,202110,4,"7,650",6,1992,동신길 3,,-,-
세종특별자치시 전의면 동교리,197-16,197,16,재동,59.7,202110,23,"7,700",6,1992,동신길 3,,-,-
세종특별자치시 전의면 동교리,121-6,121,6,"재동(1,2동)",58.88,202110,2,"8,900",5,1991,동신길 11,,-,-
세종특별자치시 전의면 유천리,528,528,0,민석그린,59.94,202110,23,"9,300",4,2001,운주산로 1398,,-,-
세종특별자치시 조치원읍 교리,11월 01일,11,1,계룡,59.28,202110,2,"17,000",8,1989,새내로 143,,-,-
세종특별자치시 조치원읍 교리,140,140,0,현대,84.99,202110,5,"24,700",11,1992,새내로 165,,-,-
세종특별자치시 조치원읍 남리,456,456,0,다원파크리안,83.256,202110,5,"26,500",7,2003,조치원4길 168,,-,-
세종특별자치시 조치원읍 남리,456,456,0,다원파크리안,83.256,202110,9,"28,000",13,2003,산책2길 8,,-,-
세종특별자치시 조치원읍 남리,456,456,0,다원파크리안,65.78,202110,15,"18,000",4,2003,조치원4길 176,,-,-
세종특별자치시 조치원읍 남리,456,456,0,다원파크리안,83.256,202110,22,"29,000",14,2003,조치원4길 176,,-,-
세종특별자치시 조치원읍 신안리,346,346,0,도화,24.34,202110,22,"3,100",1,1996,섭골길 85,20211025,-,-
세종특별자치시 조치원읍 신안리,346,346,0,도화,24.34,202110,22,"3,100",1,1996,섭골길 85,,-,-
세종특별자치시 조치원읍 신안리,542,542,0,세종e편한세상,99.6514,202110,4,"43,500",1,2013,섭골길 59,,-,-
세종특별자치시 조치원읍 신안리,Mar-35,35,3,유니빌,28.168,202110,6,"3,750",3,2002,신안새동네길 26-10,,-,-
세종특별자치시 조치원읍 신안리,Mar-35,35,3,유니빌,28.168,202110,7,"3,900",9,2002,신안새동네길 26-10,,-,-
세종특별자치시 조치원읍 신안리,Mar-35,35,3,유니빌,28.168,202110,7,"3,800",8,2002,신안새동네길 26-10,,-,-
세종특별자치시 조치원읍 신안리,Mar-35,35,3,유니빌,28.168,202110,8,"3,800",3,2002,신안새동네길 26-10,,-,-
세종특별자치시 조치원읍 신안리,Mar-35,35,3,유니빌,28.168,202110,29,"4,100",12,2002,신안새동네길 26-10,,-,-
세종특별자치시 조치원읍 신안리,244-1,244,1,조형,58.35,202110,1,"16,000",5,1991,운주산로 60,,-,-
세종특별자치시 조치원읍 신안리,244-1,244,1,조형,39.97,202110,9,"12,500",1,1991,운주산로 60,,-,-
세종특별자치시 조치원읍 신안리,244-1,244,1,조형,39.97,202110,9,"10,000",5,1991,운주산로 60,,-,-
세종특별자치시 조치원읍 신안리,244-1,244,1,조형,39.97,202110,11,"10,000",5,1991,운주산로 60,,-,-
세종특별자치시 조치원읍 신흥리,398,398,0,신흥대우푸르지오,104.9044,202110,12,"26,700",6,2006,도원1로 16,,-,-
세종특별자치시 조치원읍 신흥리,398,398,0,신흥대우푸르지오,144.2557,202110,23,"58,000",13,2006,도원1로 16,,-,-
세종특별자치시 조치원읍 신흥리,393,393,0,신흥주공,59.99,202110,1,"29,850",15,1999,이화로 5,,-,-
세종특별자치시 조치원읍 신흥리,393,393,0,신흥주공,84.84,202110,2,"35,000",3,1999,이화로 5,,-,-
세종특별자치시 조치원읍 신흥리,393,393,0,신흥주공,59.99,202110,4,"27,000",12,1999,이화로 5,,-,-
세종특별자치시 조치원읍 신흥리,393,393,0,신흥주공,49.29,202110,5,"20,800",4,1999,이화로 5,,-,-
세종특별자치시 조치원읍 신흥리,393,393,0,신흥주공,49.29,202110,16,"23,000",13,1999,이화로 5,,-,-
세종특별자치시 조치원읍 신흥리,393,393,0,신흥주공,49.29,202110,23,"22,300",14,1999,이화로 5,,-,-
세종특별자치시 조치원읍 죽림리,167,167,0,삼정하이츠,61.9,202110,23,"16,400",6,1991,도장말길 45,,-,-
세종특별자치시 조치원읍 죽림리,92,92,0,신동아,59.76,202110,1,"20,500",6,1996,산막2길 7,,-,-
세종특별자치시 조치원읍 죽림리,92,92,0,신동아,59.76,202110,9,"20,500",6,1996,산막2길 7,,-,-
세종특별자치시 조치원읍 죽림리,92,92,0,신동아,59.76,202110,16,"21,000",14,1996,산막2길 7,,-,-
세종특별자치시 조치원읍 죽림리,92,92,0,신동아,59.76,202110,16,"18,700",2,1996,산막2길 7,,-,-
세종특별자치시 조치원읍 죽림리,92,92,0,신동아,59.76,202110,26,"20,800",6,1996,산막2길 7,,-,-
세종특별자치시 조치원읍 죽림리,393,393,0,조치원신동아파밀리에,84.8676,202110,1,"38,000",9,2008,도장말길 30,,-,-
세종특별자치시 조치원읍 죽림리,396,396,0,조치원죽림자이,84.6641,202110,23,"46,500",9,2008,도원로 16,,-,-
세종특별자치시 조치원읍 죽림리,396,396,0,조치원죽림자이,84.6641,202110,30,"39,700",7,2008,도원로 16,,-,-
세종특별자치시 조치원읍 침산리,89,89,0,욱일아파트,59.999,202110,12,"23,500",16,1996,충현로 159,,-,-
세종특별자치시 조치원읍 침산리,89,89,0,욱일아파트,59.999,202110,22,"15,000",17,1996,충현로 159,,-,-
세종특별자치시 종촌동,654,654,0,가재마을11단지,84.815,202110,28,"73,000",14,2013,도움3로 75,,-,-
세종특별자치시 종촌동,652,652,0,가재마을12단지,84.9941,202110,9,"77,100",10,2015,달빛로 80,,-,-
세종특별자치시 종촌동,652,652,0,가재마을12단지,84.9911,202110,11,"74,500",7,2015,달빛로 80,,-,-
세종특별자치시 종촌동,690,690,0,가재마을5단지,59.9383,202110,2,"50,000",3,2014,도움1로 105,,-,-
세종특별자치시 종촌동,690,690,0,가재마을5단지,84.9424,202110,5,"69,000",15,2014,도움1로 105,,-,-
세종특별자치시 종촌동,690,690,0,가재마을5단지,59.9474,202110,9,"55,500",21,2014,도움1로 105,,-,-
세종특별자치시 종촌동,690,690,0,가재마을5단지,59.9474,202110,11,"53,500",4,2014,도움1로 105,,-,-
세종특별자치시 종촌동,690,690,0,가재마을5단지,84.9424,202110,16,"71,000",5,2014,도움1로 105,,-,-
세종특별자치시 종촌동,697,697,0,가재마을9단지,84.663,202110,9,"71,500",20,2014,도움1로 55,,-,-
세종특별자치시 한솔동,940,940,0,첫마을2단지(퍼스트프라임),84.91,202110,14,"56,500",8,2011,노을1로 16,,-,-
세종특별자치시 한솔동,940,940,0,첫마을2단지(퍼스트프라임),84.96,202110,18,"70,000",10,2011,노을1로 16,,-,-
세종특별자치시 한솔동,947,947,0,첫마을3단지(퍼스트프라임),84.96,202110,11,"87,700",12,2011,나리1로 16,,-,-
세종특별자치시 한솔동,971,971,0,첫마을5단지(푸르지오),84.7,202110,14,"42,000",18,2012,누리로 59,,-,-
세종특별자치시 한솔동,971,971,0,첫마을5단지(푸르지오),84.7,202110,17,"57,800",20,2012,누리로 59,,-,-
세종특별자치시 한솔동,976,976,0,첫마을7단지(래미안),114.61,202110,2,"93,000",22,2012,나리로 38,,-,-
세종특별자치시 한솔동,976,976,0,첫마을7단지(래미안),84.81,202110,11,"68,000",12,2012,나리로 38,,-,-
세종특별자치시 한솔동,976,976,0,첫마을7단지(래미안),59.1,202110,20,"49,500",14,2012,나리로 38,,-,-
울산광역시 남구 달동,809-1,809,1,달동SKVIEW,59.76,202110,14,"33,000",18,1999,중앙로128번길 54,,-,-
울산광역시 남구 달동,809-1,809,1,달동SKVIEW,59.76,202110,22,"31,500",4,1999,중앙로128번길 54,,-,-
울산광역시 남구 달동,809-1,809,1,달동SKVIEW,76.02,202110,23,"44,000",15,1999,중앙로128번길 54,,-,-
울산광역시 남구 달동,629-22,629,22,달동보경하얏트,82.93,202110,20,"22,800",5,2019,중앙로156번길 52,,-,-
울산광역시 남구 달동,758-2,758,2,달동삼성1,59.88,202110,9,"28,300",14,1997,신정로17번길 5,,-,-
울산광역시 남구 달동,758-2,758,2,달동삼성1,77.04,202110,18,"30,300",9,1997,신정로17번길 5,,-,-
울산광역시 남구 달동,758,758,0,달동삼성2,59.88,202110,9,"28,000",11,1997,신정로17번길 6,,-,-
울산광역시 남구 달동,1411,1411,0,달동월드메르디앙,84.9453,202110,8,"49,500",3,2008,삼산로125번길 33,,-,-
울산광역시 남구 달동,118-3,118,3,달동주공1단지,49.77,202110,2,"23,900",9,1993,번영로107번길 22,,-,-
울산광역시 남구 달동,118-3,118,3,달동주공1단지,41.85,202110,8,"18,500",11,1993,번영로107번길 22,,-,-
울산광역시 남구 달동,119-1,119,1,달동주공2단지,44.94,202110,1,"18,000",15,1993,번영로107번길 5,,-,-
울산광역시 남구 달동,119-1,119,1,달동주공2단지,38.64,202110,8,"16,500",5,1993,번영로107번길 5,,-,-
울산광역시 남구 달동,119-1,119,1,달동주공2단지,38.64,202110,25,"16,300",1,1993,번영로107번길 5,,-,-
울산광역시 남구 달동,119-1,119,1,달동주공2단지,38.64,202110,28,"16,900",9,1993,번영로107번길 5,,-,-
울산광역시 남구 달동,1352-5,1352,5,달동현대1,84.99,202110,1,"39,000",3,1990,삼산중로 83,,-,-
울산광역시 남구 달동,1352-2,1352,2,달동힐스테이트1차,129.2774,202110,23,"74,500",7,2006,왕생로86번길 28,,-,-
울산광역시 남구 달동,1382-3,1382,3,대신그린파크,67.38,202110,18,"20,000",11,1995,도산로 123,,-,-
울산광역시 남구 달동,578-1,578,1,번영로코아루더클래식,84.4847,202110,9,"57,000",21,2017,번영로 165,,-,-
울산광역시 남구 달동,1330-1,1330,1,삼산선경,73.8,202110,2,"31,600",8,1991,돋질로 262,,-,-
울산광역시 남구 달동,1330-1,1330,1,삼산선경,84.975,202110,9,"32,500",6,1991,돋질로 262,,-,-
울산광역시 남구 달동,1330-1,1330,1,삼산선경,84.975,202110,12,"31,800",7,1991,돋질로 262,,-,-
울산광역시 남구 달동,1378-3,1378,3,신한원룸,31.815,202110,5,"6,000",2,1996,도산로101번길 4-10,,-,-
울산광역시 남구 달동,1378-3,1378,3,신한원룸,26.957,202110,23,"5,000",6,1996,도산로101번길 4-10,,-,-
울산광역시 남구 달동,1378-3,1378,3,신한원룸,26.957,202110,26,"4,350",2,1996,도산로101번길 4-10,,-,-
울산광역시 남구 달동,775-6,775,6,어울림,74.25,202110,6,"37,800",15,1999,도산로77번길 4,,-,-
울산광역시 남구 달동,775-6,775,6,어울림,59.85,202110,9,"28,500",6,1999,도산로77번길 4,,-,-
울산광역시 남구 달동,775-6,775,6,어울림,59.85,202110,30,"29,700",21,1999,도산로77번길 4,,-,-
울산광역시 남구 달동,819-6,819,6,이진빌라,69.66,202110,10,"20,500",5,1988,도산로 9,,-,-
울산광역시 남구 달동,580-4,580,4,해인비동,58.94,202110,2,"11,700",5,1980,번영로163번길 19,,-,-
울산광역시 남구 달동,118-1,118,1,현대2,127.691,202110,6,"53,000",3,1994,삼산로156번길 5-74,,-,-
울산광역시 남구 달동,1371-1,1371,1,현대3차,59.89,202110,2,"22,300",3,1995,번영로89번길 23,,-,-
울산광역시 남구 달동,1351-1,1351,1,현우골든,84.925,202110,12,"22,500",2,1990,삼산로241번길 18,,-,-
울산광역시 남구 두왕동,747-2,747,2,대공원호반베르디움2차,84.9801,202110,16,"58,000",8,2020,테크노산업로82번길 52,,-,-
울산광역시 남구 매암동,1421,1421,0,한양아이클래스,72.42,202110,7,"18,000",10,2014,장생포고래로 249,,-,-
울산광역시 남구 매암동,1421,1421,0,한양아이클래스,84.8,202110,8,"20,500",7,2014,장생포고래로 249,,-,-
울산광역시 남구 매암동,1421,1421,0,한양아이클래스,66.93,202110,17,"17,500",19,2014,장생포고래로 249,,-,-
울산광역시 남구 무거동,275-1,275,1,굴화주공1,59.99,202110,6,"24,000",10,1997,굴화4길 20,,-,-
울산광역시 남구 무거동,275-1,275,1,굴화주공1,59.99,202110,9,"23,800",15,1997,굴화4길 20,,-,-
울산광역시 남구 무거동,275-1,275,1,굴화주공1,59.99,202110,9,"23,800",15,1997,굴화4길 20,,-,-
울산광역시 남구 무거동,275-1,275,1,굴화주공1,59.99,202110,14,"22,000",12,1997,굴화4길 20,,-,-
울산광역시 남구 무거동,275-1,275,1,굴화주공1,59.99,202110,15,"22,750",4,1997,굴화4길 20,,-,-
울산광역시 남구 무거동,276-1,276,1,굴화주공2,59.99,202110,1,"25,400",11,1995,굴화4길 22,,-,-
울산광역시 남구 무거동,276-1,276,1,굴화주공2,49.65,202110,2,"19,300",12,1995,굴화4길 22,,-,-
울산광역시 남구 무거동,276-1,276,1,굴화주공2,59.99,202110,3,"24,500",13,1995,굴화4길 22,,-,-
울산광역시 남구 무거동,276-1,276,1,굴화주공2,59.99,202110,6,"24,100",17,1995,굴화4길 22,,-,-
울산광역시 남구 무거동,276-1,276,1,굴화주공2,59.99,202110,7,"24,000",14,1995,굴화4길 22,,-,-
울산광역시 남구 무거동,276-1,276,1,굴화주공2,49.65,202110,14,"16,700",2,1995,굴화4길 22,,-,-
울산광역시 남구 무거동,927-6,927,6,남운그린힐,59.4,202110,23,"10,400",8,1988,신복로79번길 8,,-,-
울산광역시 남구 무거동,927-6,927,6,남운그린힐,59.4,202110,24,"10,500",13,1988,신복로79번길 8,,-,-
울산광역시 남구 무거동,841-2,841,2,도원,53.7,202110,5,"16,500",2,1988,신복로45번길 10,,-,-
울산광역시 남구 무거동,841-2,841,2,도원,52.95,202110,13,"12,000",2,1988,신복로45번길 10,,-,-
울산광역시 남구 무거동,1549-2,1549,2,동서그린맨션5,84.895,202110,10,"26,500",14,1996,신복로46번길 35-37,,-,-
울산광역시 남구 무거동,566-1,566,1,럭키,84.11,202110,6,"16,800",2,1991,대학로33번길 24,,-,-
울산광역시 남구 무거동,566-1,566,1,럭키,77.96,202110,12,"19,000",8,1991,대학로33번길 24,,-,-
울산광역시 남구 무거동,566-1,566,1,럭키,84.11,202110,12,"24,000",4,1991,대학로33번길 24,,-,-
울산광역시 남구 무거동,1603,1603,0,무거동한신휴플러스,84.9921,202110,17,"70,600",4,2014,남부순환도로 86,,-,-
울산광역시 남구 무거동,1535-1,1535,1,무거한라1차,59.4,202110,1,"17,000",17,1996,신복로46번길 26,,-,-
울산광역시 남구 무거동,1535-1,1535,1,무거한라1차,59.4,202110,29,"18,500",18,1996,신복로46번길 26,,-,-
울산광역시 남구 무거동,1535-1,1535,1,무거한라1차,59.4,202110,29,"18,000",18,1996,신복로46번길 26,20211101,-,-
울산광역시 남구 무거동,1543,1543,0,무거한라3차,84.97,202110,18,"27,300",7,1996,신복로72번길 28-48,,-,-
울산광역시 남구 무거동,1539,1539,0,무거한라4차,84.59,202110,9,"31,000",13,1997,대학로147번길 89,,-,-
울산광역시 남구 무거동,832-2,832,2,무거현대,59.94,202110,25,"15,200",15,1995,신복로71번길 13,,-,-
울산광역시 남구 무거동,220-1,220,1,부성타워맨션,84.575,202110,25,"17,500",1,1989,북부순환도로 43,,-,-
울산광역시 남구 무거동,839-1,839,1,삼성석유화학(주)사택,48.24,202110,16,"13,500",3,1989,신복로35번길 8,,-,-
울산광역시 남구 무거동,1537,1537,0,삼익,84.72,202110,7,"27,500",9,1996,장검1길 21-59,,-,-
울산광역시 남구 무거동,1183-1,1183,1,삼호,59.65,202110,12,"12,500",1,1992,삼호로 64,,-,-
울산광역시 남구 무거동,1183-1,1183,1,삼호,59.65,202110,23,"14,500",2,1992,삼호로 64,,-,-
울산광역시 남구 무거동,1183-1,1183,1,삼호,59.65,202110,26,"14,000",9,1992,삼호로 64,,-,-
울산광역시 남구 무거동,833-1,833,1,선경,71.985,202110,2,"14,850",12,1991,신복로 67,,-,-
울산광역시 남구 무거동,833-1,833,1,선경,80.445,202110,13,"15,400",7,1991,신복로 67,,-,-
울산광역시 남구 무거동,833-1,833,1,선경,80.445,202110,14,"15,500",10,1991,신복로 67,,-,-
울산광역시 남구 무거동,1553,1553,0,신복현대,59.76,202110,12,"15,500",2,1996,신복로72번길 29,,-,-
울산광역시 남구 무거동,1553,1553,0,신복현대,59.76,202110,12,"16,000",19,1996,신복로72번길 29,20211026,-,-
울산광역시 남구 무거동,1553,1553,0,신복현대,59.76,202110,12,"16,000",19,1996,신복로72번길 29,,-,-
울산광역시 남구 무거동,1553,1553,0,신복현대,59.76,202110,12,"14,900",18,1996,신복로72번길 29,,-,-
울산광역시 남구 무거동,1553,1553,0,신복현대,59.76,202110,15,"16,800",13,1996,신복로72번길 29,,-,-
울산광역시 남구 무거동,1553,1553,0,신복현대,59.76,202110,16,"15,600",14,1996,신복로72번길 29,,-,-
울산광역시 남구 무거동,1520-8,1520,8,신세대3차,31.294,202110,20,"6,000",7,1996,대학로147번길 72,,-,-
울산광역시 남구 무거동,564-1,564,1,영남행복맨션,33.75,202110,10,"8,000",4,1992,대학로55번길 29,,-,-
울산광역시 남구 무거동,488-13,488,13,옥현으뜸마을주공3,84.99,202110,2,"53,200",18,2001,옥현로 34,,-,-
울산광역시 남구 무거동,488-13,488,13,옥현으뜸마을주공3,59.78,202110,9,"33,900",15,2001,옥현로 34,,-,-
울산광역시 남구 무거동,488-13,488,13,옥현으뜸마을주공3,59.84,202110,13,"31,000",9,2001,옥현로 34,,-,-
울산광역시 남구 무거동,488-13,488,13,옥현으뜸마을주공3,59.84,202110,13,"31,000",9,2001,옥현로 34,,-,-
울산광역시 남구 무거동,488-13,488,13,옥현으뜸마을주공3,59.78,202110,14,"32,000",20,2001,옥현로 34,,-,-
울산광역시 남구 무거동,488-13,488,13,옥현으뜸마을주공3,59.78,202110,15,"33,900",12,2001,옥현로 34,,-,-
울산광역시 남구 무거동,488-13,488,13,옥현으뜸마을주공3,59.84,202110,16,"30,800",5,2001,옥현로 34,,-,-
울산광역시 남구 무거동,488-13,488,13,옥현으뜸마을주공3,84.99,202110,29,"52,500",18,2001,옥현로 34,,-,-
울산광역시 남구 무거동,1527-4,1527,4,울산대이즈플레이스,64.41,202110,14,"30,200",2,2018,신복로6번길 17,,-,-
울산광역시 남구 무거동,477-1,477,1,울산옥현1주공,59.89,202110,2,"26,500",10,2000,옥현로 92-13,,-,-
울산광역시 남구 무거동,477-1,477,1,울산옥현1주공,59.89,202110,5,"29,000",16,2000,옥현로 92-13,,-,-
울산광역시 남구 무거동,477-1,477,1,울산옥현1주공,59.89,202110,12,"28,600",7,2000,옥현로 92-13,,-,-
울산광역시 남구 무거동,477-1,477,1,울산옥현1주공,59.89,202110,18,"26,900",15,2000,옥현로 92-13,,-,-
울산광역시 남구 무거동,477-1,477,1,울산옥현1주공,59.89,202110,19,"28,900",7,2000,옥현로 92-13,,-,-
울산광역시 남구 무거동,477-1,477,1,울산옥현1주공,59.89,202110,25,"25,700",2,2000,옥현로 92-13,,-,-
울산광역시 남구 무거동,478-1,478,1,울산옥현주공2,59.89,202110,9,"29,400",9,2000,옥현로 92-12,,-,-
울산광역시 남구 무거동,478-1,478,1,울산옥현주공2,59.89,202110,13,"31,300",13,2000,옥현로 92-12,,-,-
울산광역시 남구 무거동,478-1,478,1,울산옥현주공2,59.89,202110,18,"30,000",15,2000,옥현로 92-12,,-,-
울산광역시 남구 무거동,461,461,0,웰츠타워,136.4795,202110,15,"49,000",18,2007,대학로 164,,-,-
울산광역시 남구 무거동,461,461,0,웰츠타워,134.9451,202110,16,"50,000",7,2007,대학로 164,,-,-
울산광역시 남구 무거동,563-1,563,1,코아아트타운,40.352,202110,9,"10,000",7,1991,대학로55번길 35,,-,-
울산광역시 남구 무거동,1593,1593,0,태화강서희스타힐스,84.8257,202110,9,"37,800",8,2014,남산로12번길 7-7,,-,-
울산광역시 남구 무거동,1532-1,1532,1,현대프리빌,34.246,202110,16,"8,900",12,2003,신복로22번길 28,,-,-
울산광역시 남구 무거동,569-4,569,4,협성벽산,70.86,202110,21,"19,000",6,1990,대학로21번길 25,,-,-
울산광역시 남구 삼산동,1529-2,1529,2,대우푸르지오,84.8612,202110,1,"50,400",7,2004,돋질로339번길 35,,-,-
울산광역시 남구 삼산동,1529-2,1529,2,대우푸르지오,84.8612,202110,4,"49,000",13,2004,돋질로339번길 35,,-,-
울산광역시 남구 삼산동,1529-1,1529,1,벽산강변타운,59.925,202110,17,"23,500",4,1998,화합로 250,,-,-
울산광역시 남구 삼산동,1529-1,1529,1,벽산강변타운,59.925,202110,19,"22,000",19,1998,화합로 250,,-,-
울산광역시 남구 삼산동,1564-1,1564,1,삼산동대성스카이렉스,167.12,202110,1,"60,000",13,2010,삼산로 303,,-,-
울산광역시 남구 삼산동,1564-1,1564,1,삼산동대성스카이렉스,167.12,202110,8,"69,000",23,2010,삼산로 303,20211013,-,-
울산광역시 남구 삼산동,1564-1,1564,1,삼산동대성스카이렉스,167.12,202110,8,"69,000",23,2010,삼산로 303,,-,-
울산광역시 남구 삼산동,1564-1,1564,1,삼산동대성스카이렉스,152.62,202110,19,"59,000",15,2010,삼산로 303,,-,-
울산광역시 남구 삼산동,183-1,183,1,삼산리버뷰웰가,55.974,202110,5,"34,300",9,2017,정동로 142,,-,-
울산광역시 남구 삼산동,183-1,183,1,삼산리버뷰웰가,55.974,202110,6,"34,500",19,2017,정동로 142,,-,-
울산광역시 남구 삼산동,183-1,183,1,삼산리버뷰웰가,55.974,202110,12,"34,000",8,2017,정동로 142,,-,-
울산광역시 남구 삼산동,183-1,183,1,삼산리버뷰웰가,55.974,202110,20,"31,000",3,2017,정동로 142,,-,-
울산광역시 남구 삼산동,1459-1,1459,1,삼산현대,128.87,202110,5,"74,700",6,1990,월평로 253,,-,-
울산광역시 남구 삼산동,1461-3,1461,3,삼신현대,84.96,202110,7,"39,700",11,1991,월평로 272,,-,-
울산광역시 남구 삼산동,1461-3,1461,3,삼신현대,84.96,202110,23,"39,700",10,1991,월평로 272,,-,-
울산광역시 남구 삼산동,1461-3,1461,3,삼신현대,128.12,202110,27,"51,000",5,1991,월평로 272,,-,-
울산광역시 남구 삼산동,172-1,172,1,세양청구마을,59.98,202110,4,"26,600",13,1997,돋질로401번길 12,,-,-
울산광역시 남구 삼산동,172-1,172,1,세양청구마을,84.99,202110,7,"36,500",23,1997,돋질로401번길 12,,-,-
울산광역시 남구 삼산동,172-1,172,1,세양청구마을,84.99,202110,15,"39,000",3,1997,돋질로401번길 12,,-,-
울산광역시 남구 삼산동,172-1,172,1,세양청구마을,84.99,202110,16,"35,800",18,1997,돋질로401번길 12,,-,-
울산광역시 남구 삼산동,172-1,172,1,세양청구마을,59.98,202110,20,"25,500",17,1997,돋질로401번길 12,,-,-
울산광역시 남구 삼산동,172-1,172,1,세양청구마을,59.98,202110,23,"26,700",17,1997,돋질로401번길 12,,-,-
울산광역시 남구 삼산동,1537-16,1537,16,세원WE아파트,69.9339,202110,23,"27,500",8,2016,삼산중로146번길 36,,-,-
울산광역시 남구 삼산동,182-1,182,1,아데라움,116.0578,202110,12,"65,000",5,2005,강남로 348,,-,-
울산광역시 남구 삼산동,1461-1,1461,1,우성,84.99,202110,19,"40,000",6,1991,돋질로261번길 32,,-,-
울산광역시 남구 삼산동,1403-3,1403,3,태화강더뷰,24.4252,202110,2,"8,500",15,2017,번영로 266,,-,-
울산광역시 남구 삼산동,1498-4,1498,4,팔레드상떼,159.243,202110,21,"53,000",12,2013,번영로 234,,-,-
울산광역시 남구 삼산동,1547,1547,0,평창2차현대,124.4,202110,7,"54,000",15,1994,삼산중로 110,,-,-
울산광역시 남구 삼산동,1547,1547,0,평창2차현대,54.96,202110,16,"24,000",17,1994,삼산중로 110,,-,-
울산광역시 남구 삼산동,1547,1547,0,평창2차현대,54.96,202110,18,"22,500",5,1994,삼산중로 110,,-,-
울산광역시 남구 삼산동,1547,1547,0,평창2차현대,54.96,202110,19,"21,800",5,1994,삼산중로 110,,-,-
울산광역시 남구 삼산동,1538-2,1538,2,평창3차현대,84.99,202110,1,"46,800",13,1995,삼산중로128번길 21,,-,-
울산광역시 남구 삼산동,1538-2,1538,2,평창3차현대,84.99,202110,2,"46,700",9,1995,삼산중로128번길 21,,-,-
울산광역시 남구 삼산동,1538-2,1538,2,평창3차현대,164.62,202110,6,"65,500",5,1995,삼산중로128번길 21,,-,-
울산광역시 남구 삼산동,1538-2,1538,2,평창3차현대,59.95,202110,8,"30,000",9,1995,삼산중로128번길 21,,-,-
울산광역시 남구 삼산동,324-17,324,17,한화꿈에그린2단지,84.9949,202110,20,"54,300",15,2010,산업로613번길 29,,-,-
울산광역시 남구 삼산동,1605-3,1605,3,현대문화1차,59.76,202110,2,"18,000",8,1996,화합로102번길 10,,-,-
울산광역시 남구 삼산동,1605-3,1605,3,현대문화1차,59.76,202110,6,"17,200",25,1996,화합로102번길 10,,-,-
울산광역시 남구 삼산동,1605-3,1605,3,현대문화1차,59.76,202110,16,"16,900",6,1996,화합로102번길 10,,-,-
울산광역시 남구 삼산동,1605-3,1605,3,현대문화1차,59.76,202110,18,"16,300",18,1996,화합로102번길 10,,-,-
울산광역시 남구 삼산동,1605-3,1605,3,현대문화1차,59.76,202110,29,"17,100",12,1996,화합로102번길 10,,-,-
울산광역시 남구 삼산동,1607-1,1607,1,현대문화2차,59.76,202110,12,"17,000",23,1998,정동로6번길 18,,-,-
울산광역시 남구 상개동,산110-1,110,1,크로바전원빌라,59.07,202110,22,"12,900",3,2002,두왕로34번길 9-20,,-,-
울산광역시 남구 선암동,626,626,0,강남파크맨션,63.99,202110,13,"12,000",2,1991,두왕로190번길 50,,-,-
울산광역시 남구 선암동,626,626,0,강남파크맨션,63.99,202110,19,"12,200",8,1991,두왕로190번길 50,,-,-
울산광역시 남구 선암동,589-4,589,4,남양그린빌,58.1788,202110,4,"15,000",4,2003,두왕로34번길 38-8,,-,-
울산광역시 남구 선암동,589-4,589,4,남양그린빌,58.1788,202110,14,"16,250",8,2003,두왕로34번길 38-8,,-,-
울산광역시 남구 선암동,633,633,0,대원오성,77.47,202110,11,"12,500",3,1993,두왕로174번길 65,,-,-
울산광역시 남구 선암동,620-2,620,2,동서그린맨션,78.3,202110,1,"17,500",10,1992,두왕로190번길 26,,-,-
울산광역시 남구 선암동,156-4,156,4,동양,51.21,202110,27,"10,000",2,1987,산업로339번길 38-27,,-,-
울산광역시 남구 선암동,672-6,672,6,삼도가든맨션,69.87,202110,29,"13,400",1,1992,두왕로190번길 35-20,,-,-
울산광역시 남구 선암동,180-236,180,236,삼호,39.708,202110,10,"8,000",3,1987,산업로303번길 35,,-,-
울산광역시 남구 선암동,730,730,0,선암동아크리티공동주택,58.0697,202110,3,"26,500",20,2018,두왕로190번길 31,,-,-
울산광역시 남구 선암동,730,730,0,선암동아크리티공동주택,58.0697,202110,15,"24,800",5,2018,두왕로190번길 31,,-,-
울산광역시 남구 선암동,723,723,0,선암에코하이츠,59.9478,202110,9,"34,000",18,2015,산업로339번길 27-10,,-,-
울산광역시 남구 선암동,723,723,0,선암에코하이츠,59.9478,202110,23,"33,800",20,2015,산업로339번길 27-10,,-,-
울산광역시 남구 선암동,679-2,679,2,아성타워맨션,82.93,202110,27,"17,500",15,1990,두왕로190번길 6,,-,-
울산광역시 남구 선암동,679-3,679,3,한라전원,53.34,202110,5,"13,300",5,1988,두왕로 194,,-,-
울산광역시 남구 선암동,679-3,679,3,한라전원,63.39,202110,11,"16,300",3,1988,두왕로 194,,-,-
울산광역시 남구 선암동,665-2,665,2,현대아트,68.82,202110,22,"14,500",13,1992,두왕로190번길 51,,-,-
울산광역시 남구 선암동,681-1,681,1,힐그린파크,83.7106,202110,2,"27,000",5,2008,두왕로174번길 5,,-,-
울산광역시 남구 선암동,681-1,681,1,힐그린파크,83.7106,202110,3,"25,900",2,2008,두왕로174번길 5,,-,-
울산광역시 남구 신정동,319,319,0,강변센트럴하이츠,140.007,202110,15,"89,900",21,2011,중앙로290번길 53,,-,-
울산광역시 남구 신정동,319,319,0,강변센트럴하이츠,140.007,202110,16,"90,000",15,2011,중앙로290번길 53,,-,-
울산광역시 남구 신정동,319,319,0,강변센트럴하이츠,140.007,202110,18,"96,500",2,2011,중앙로290번길 53,,-,-
울산광역시 남구 신정동,319,319,0,강변센트럴하이츠,140.007,202110,20,"87,000",13,2011,중앙로290번길 53,,-,-
울산광역시 남구 신정동,1586-13,1586,13,강산리더스,78.8099,202110,3,"54,000",3,2011,봉월로67번길 46,,-,-
울산광역시 남구 신정동,581-9,581,9,공간휴,84.52,202110,13,"25,000",6,2017,중앙로214번길 8,,-,-
울산광역시 남구 신정동,726-3,726,3,공업탑하트랜드,30.02,202110,1,"9,850",4,2014,삼산로 26,,-,-
울산광역시 남구 신정동,726-3,726,3,공업탑하트랜드,30.02,202110,17,"9,500",16,2014,삼산로 26,,-,-
울산광역시 남구 신정동,584-5,584,5,금광예다움,82.26,202110,11,"34,500",10,2018,중앙로204번길 8,,-,-
울산광역시 남구 신정동,1591,1591,0,금탑,59.38,202110,6,"39,000",5,1982,거마로118번길 12,,-,-
울산광역시 남구 신정동,1591,1591,0,금탑,59.38,202110,7,"38,500",1,1982,거마로118번길 12,,-,-
울산광역시 남구 신정동,576-2,576,2,남경신정마을,84.9217,202110,11,"26,700",12,2012,봉월로102번길 9-13,,-,-
울산광역시 남구 신정동,1910,1910,0,대공원코아루파크베르,68.2591,202110,28,"44,000",14,2018,문수로 482,,-,-
울산광역시 남구 신정동,1909,1909,0,대명루첸,83.1716,202110,4,"79,700",23,2016,중앙로120번길 12-8,,-,-
울산광역시 남구 신정동,1909,1909,0,대명루첸,83.1716,202110,9,"85,000",22,2016,중앙로120번길 12-8,,-,-
울산광역시 남구 신정동,1909,1909,0,대명루첸,83.2996,202110,23,"81,000",17,2016,중앙로120번길 12-8,,-,-
울산광역시 남구 신정동,510-29,510,29,도해위너스빌,84.99,202110,5,"22,000",4,2004,중앙로242번길 7,,-,-
울산광역시 남구 신정동,1639-1,1639,1,문수로IPARK1,84.3093,202110,1,"100,000",18,2003,문수로409번길 20,,-,-
울산광역시 남구 신정동,1639-1,1639,1,문수로IPARK1,84.3093,202110,8,"97,400",6,2003,문수로409번길 20,,-,-
울산광역시 남구 신정동,1639-1,1639,1,문수로IPARK1,84.3093,202110,25,"90,000",14,2003,문수로409번길 20,,-,-
울산광역시 남구 신정동,526-10,526,10,미소드리움아파트,80.183,202110,6,"25,000",3,2018,봉월로 144,,-,-
울산광역시 남구 신정동,651-3,651,3,비발디칸,84.0044,202110,8,"27,200",2,2017,중앙로167번길 12,,-,-
울산광역시 남구 신정동,1443-1,1443,1,"삼부(A,B동)",70.05,202110,10,"32,000",3,1978,남산로332번길 18,,-,-
울산광역시 남구 신정동,1559-2,1559,2,송림맨션,75.35,202110,15,"44,500",4,1984,거마로 89,,-,-
울산광역시 남구 신정동,1852,1852,0,신성미소지움1단지,135.61,202110,4,"80,000",6,2007,대암로 25,,-,-
울산광역시 남구 신정동,1853,1853,0,신성미소지움2단지,59.97,202110,3,"41,800",11,2007,대암로 26,,-,-
울산광역시 남구 신정동,1853,1853,0,신성미소지움2단지,84.96,202110,4,"64,000",20,2007,대암로 26,,-,-
울산광역시 남구 신정동,1853,1853,0,신성미소지움2단지,84.95,202110,6,"57,800",19,2007,대암로 26,,-,-
울산광역시 남구 신정동,1853,1853,0,신성미소지움2단지,59.97,202110,25,"41,500",12,2007,대암로 26,,-,-
울산광역시 남구 신정동,1911,1911,0,신정지웰,84.987,202110,8,"44,300",7,2018,월평로171번길 26,,-,-
울산광역시 남구 신정동,1911,1911,0,신정지웰,84.987,202110,11,"48,000",28,2018,월평로171번길 26,,-,-
울산광역시 남구 신정동,1911,1911,0,신정지웰,84.9638,202110,20,"46,500",9,2018,월평로171번길 26,,-,-
울산광역시 남구 신정동,851-21,851,21,신정현대홈타운3,59.9,202110,9,"32,900",8,2001,수암로129번길 25,,-,-
울산광역시 남구 신정동,851-21,851,21,신정현대홈타운3,59.97,202110,12,"34,500",25,2001,수암로129번길 25,,-,-
울산광역시 남구 신정동,851-21,851,21,신정현대홈타운3,84.96,202110,14,"43,600",11,2001,수암로129번길 25,,-,-
울산광역시 남구 신정동,851-21,851,21,신정현대홈타운3,114.6,202110,26,"55,000",14,2001,수암로129번길 25,,-,-
울산광역시 남구 신정동,851-20,851,20,신정현대홈타운4,40.8,202110,13,"16,000",21,2001,수암로129번길 25,,-,-
울산광역시 남구 신정동,851-20,851,20,신정현대홈타운4,40.8,202110,23,"17,500",24,2001,수암로129번길 25,,-,-
울산광역시 남구 신정동,851-20,851,20,신정현대홈타운4,59.97,202110,24,"33,000",7,2001,수암로129번길 25,,-,-
울산광역시 남구 신정동,1680,1680,0,올림푸스골든(1680),84.875,202110,26,"54,000",12,1989,대공원로 156,,-,-
울산광역시 남구 신정동,1822-2,1822,2,올림푸스맨션,81.86,202110,27,"41,000",10,1986,수암로22번길 16,,-,-
울산광역시 남구 신정동,318,318,0,울산신정푸르지오,84.9569,202110,3,"65,000",4,2012,팔등로 85,,-,-
울산광역시 남구 신정동,535-9,535,9,위너하임,81.5129,202110,23,"23,000",11,2009,봉월로134번길 19,,-,-
울산광역시 남구 신정동,770-15,770,15,유씨티,20.43,202110,22,"9,000",12,2015,중앙로 139,,-,-
울산광역시 남구 신정동,1169-3,1169,3,푸오레스위트,80.9245,202110,7,"26,000",9,2017,봉월로50번길 14,,-,-
울산광역시 남구 신정동,872-55,872,55,한라백조,84.66,202110,2,"22,900",18,1993,중앙로63번길 16,,-,-
울산광역시 남구 신정동,1177-4,1177,4,해피그린,66.8749,202110,19,"15,400",6,2005,문수로483번길 15,,-,-
울산광역시 남구 신정동,955-2,955,2,현대싱그런,84.9862,202110,2,"30,500",7,2008,중앙로47번길 18,,-,-
울산광역시 남구 신정동,955-2,955,2,현대싱그런,83.7555,202110,5,"34,800",1,2008,중앙로47번길 18,,-,-
울산광역시 남구 야음동,868-3,868,3,그랜드타운,44.85,202110,13,"9,300",5,1999,신남로 8-8,,-,-
울산광역시 남구 야음동,911,911,0,대현더샵,68.632,202110,1,"76,000",18,2018,야음로26번길 34,,-,-
울산광역시 남구 야음동,911,911,0,대현더샵,68.632,202110,25,"70,000",3,2018,수암로190번길 18,,-,-
울산광역시 남구 야음동,885,885,0,대현동디아채,84.7977,202110,4,"52,000",11,2011,수암로196번길 20,,-,-
울산광역시 남구 야음동,832-3,832,3,동광모닝스카이,49.872,202110,6,"14,500",7,2014,수암로 208,,-,-
울산광역시 남구 야음동,832-3,832,3,동광모닝스카이,30.3596,202110,14,"9,900",13,2014,수암로 208,,-,-
울산광역시 남구 야음동,832-3,832,3,동광모닝스카이,49.872,202110,18,"14,900",17,2014,수암로 208,,-,-
울산광역시 남구 야음동,789-6,789,6,동부2,84.93,202110,2,"38,700",2,1996,야음로 21,,-,-
울산광역시 남구 야음동,789-6,789,6,동부2,59.64,202110,7,"33,500",18,1996,야음로 21,,-,-
울산광역시 남구 야음동,789-6,789,6,동부2,59.64,202110,13,"32,000",2,1996,야음로 21,,-,-
울산광역시 남구 야음동,789-6,789,6,동부2,84.93,202110,27,"45,300",15,1996,야음로 21,,-,-
울산광역시 남구 야음동,789-6,789,6,동부3,134.98,202110,4,"54,800",15,1996,야음로 24,,-,-
울산광역시 남구 야음동,878,878,0,롯데캐슬골드1단지,129.53,202110,15,"70,300",9,2008,신선로 45,,-,-
울산광역시 남구 야음동,564-9,564,9,무룡,83.4,202110,21,"15,800",4,1992,꽃대나리로46번길 37-13,,-,-
울산광역시 남구 야음동,570-1,570,1,번영로롯데인벤스스위트,84.9761,202110,23,"38,800",4,2006,번영로 66,,-,-
울산광역시 남구 야음동,489-18,489,18,삼환나띠르빌,59.9328,202110,9,"31,000",16,2005,신화로15번길 4,,-,-
울산광역시 남구 야음동,701-1,701,1,수암한라에이스빌,59.6521,202110,5,"32,700",1,2003,수암로128번길 24,,-,-
울산광역시 남구 야음동,594-37,594,37,신정현대홈타운(1),59.97,202110,2,"31,000",9,1999,대암로 81,,-,-
울산광역시 남구 야음동,594-37,594,37,신정현대홈타운(1),40.8,202110,16,"16,800",19,1999,대암로 81,,-,-
울산광역시 남구 야음동,594-10,594,10,신정현대홈타운(2),84.96,202110,3,"43,700",13,1999,대암로 82,,-,-
울산광역시 남구 야음동,594-10,594,10,신정현대홈타운(2),84.96,202110,8,"39,400",1,1999,대암로 82,,-,-
울산광역시 남구 야음동,594-10,594,10,신정현대홈타운(2),114.6,202110,11,"48,000",16,1999,대암로 82,,-,-
울산광역시 남구 야음동,594-10,594,10,신정현대홈타운(2),59.97,202110,19,"33,300",5,1999,대암로 82,,-,-
울산광역시 남구 야음동,594-10,594,10,신정현대홈타운(2),114.6,202110,28,"50,000",24,1999,대암로 82,,-,-
울산광역시 남구 야음동,789-105,789,105,쌍용스윗닷홈,84.97,202110,4,"64,000",6,2004,야음로 33,,-,-
울산광역시 남구 야음동,910,910,0,울산번영로두산위브,84.912,202110,30,"85,000",18,2017,번영로 29,,-,-
울산광역시 남구 야음동,725-1,725,1,일동미라주,75.0616,202110,8,"41,300",13,2004,중앙로 39,,-,-
울산광역시 남구 야음동,725-1,725,1,일동미라주,75.0616,202110,19,"41,500",2,2004,중앙로 39,,-,-
울산광역시 남구 야음동,725-1,725,1,일동미라주,84.7489,202110,20,"46,500",15,2004,중앙로 39,,-,-
울산광역시 남구 야음동,455-4,455,4,지산오차드힐,84.9721,202110,27,"29,500",6,2008,수암로 255,,-,-
울산광역시 남구 야음동,748-2,748,2,진달래가든,82.73,202110,18,"18,000",2,1988,야음로5번길 19,,-,-
울산광역시 남구 야음동,564-1,564,1,태양한신,84.825,202110,7,"23,300",4,1989,꽃대나리로46번길 38,,-,-
울산광역시 남구 야음동,564-2,564,2,태양한신2,79.065,202110,28,"22,000",4,1989,꽃대나리로46번길 29,,-,-
울산광역시 남구 야음동,538-1,538,1,한라하이타운,59.4,202110,16,"16,000",6,1993,꽃대나리로46번길 7,,-,-
울산광역시 남구 야음동,937,937,0,힐스테이트수암(1단지),84.8029,202110,1,"80,000",12,2019,중앙로47번길 27,,-,-
울산광역시 남구 야음동,937,937,0,힐스테이트수암(1단지),84.7267,202110,4,"82,000",11,2019,중앙로47번길 27,,-,-
울산광역시 남구 옥동,282-4,282,4,KCB뜰에봄,166.28,202110,12,"86,000",2,2004,문수로289번길 8,,-,-
울산광역시 남구 옥동,129-6,129,6,대공원현대,79.875,202110,2,"40,000",2,1992,대공원로115번길 10,,-,-
울산광역시 남구 옥동,157-5,157,5,대륙현대1차,84.747,202110,16,"54,000",12,1989,거마로 22,,-,-
울산광역시 남구 옥동,162,162,0,대륙현대2차,84.92,202110,1,"34,300",2,1991,은월로40번길 8,,-,-
울산광역시 남구 옥동,1385-4,1385,4,도성타운,60.435,202110,10,"21,000",7,1991,문수로369번길 59,,-,-
울산광역시 남구 옥동,254-6,254,6,동현빌라,84.15,202110,6,"33,400",7,2003,대공원입구로21번길 80,,-,-
울산광역시 남구 옥동,257,257,0,옥동서광,84.98,202110,1,"74,000",11,1998,문수로314번길 11,,-,-
울산광역시 남구 옥동,257,257,0,옥동서광,140.34,202110,18,"103,500",4,1998,문수로314번길 11,,-,-
울산광역시 남구 장생포동,267-1,267,1,(주)태영화학사원,49.65,202110,13,"9,500",3,1993,장생포고래로183번길 42,,-,-
울산광역시 동구 동부동,424-1,424,1,남목그린타워,58.62,202110,4,"6,000",7,1993,옥류로 87,,-,-
울산광역시 동구 동부동,672,672,0,남목현대,75.02,202110,2,"14,500",3,1992,남목12길 17,,-,-
울산광역시 동구 동부동,672,672,0,남목현대,50.1,202110,22,"7,500",6,1992,남목12길 17,,-,-
울산광역시 동구 동부동,667-3,667,3,두산,54.81,202110,30,"8,400",1,1990,남목21길 5,,-,-
울산광역시 동구 동부동,421,421,0,벽산유토피아,71.4,202110,1,"13,500",8,1993,옥류로 92,,-,-
울산광역시 동구 동부동,421,421,0,벽산유토피아,81.79,202110,8,"15,500",2,1993,옥류로 92,,-,-
울산광역시 동구 동부동,421,421,0,벽산유토피아,81.79,202110,14,"17,900",10,1993,옥류로 92,,-,-
울산광역시 동구 동부동,421,421,0,벽산유토피아,71.4,202110,18,"13,500",8,1993,옥류로 92,,-,-
울산광역시 동구 동부동,327-1,327,1,삼성,63.525,202110,15,"5,500",1,1985,동해안로 63-3,,-,-
울산광역시 동구 동부동,664,664,0,신안그린파크,71.94,202110,2,"13,000",7,1991,남목12길 39,,-,-
울산광역시 동구 동부동,350-1,350,1,아성오우션맨션,55.71,202110,5,"8,250",9,1992,남목13길 20,,-,-
울산광역시 동구 동부동,350-1,350,1,아성오우션맨션,55.71,202110,24,"8,500",10,1992,남목13길 20,,-,-
울산광역시 동구 동부동,350-1,350,1,아성오우션맨션,70.02,202110,28,"14,000",10,1992,남목13길 20,,-,-
울산광역시 동구 동부동,665,665,0,영진청구,72.88,202110,2,"13,000",15,1990,남목21길 18,,-,-
울산광역시 동구 동부동,665,665,0,영진청구,80.25,202110,2,"14,900",14,1990,남목21길 18,,-,-
울산광역시 동구 동부동,665,665,0,영진청구,78.85,202110,2,"14,000",2,1990,남목21길 18,,-,-
울산광역시 동구 동부동,120-1,120,1,한라오로라타워,59.595,202110,15,"9,000",1,1993,동해안로 98,,-,-
울산광역시 동구 동부동,120-1,120,1,한라오로라타워,59.595,202110,23,"9,000",8,1993,동해안로 98,,-,-
울산광역시 동구 동부동,150,150,0,현대패밀리동부,49.85,202110,1,"9,000",3,1993,안산로 50,,-,-
울산광역시 동구 동부동,150,150,0,현대패밀리동부,49.85,202110,1,"10,800",7,1993,안산로 50,,-,-
울산광역시 동구 동부동,150,150,0,현대패밀리동부,49.85,202110,2,"9,850",9,1993,안산로 50,,-,-
울산광역시 동구 동부동,150,150,0,현대패밀리동부,49.85,202110,2,"9,000",7,1993,안산로 50,,-,-
울산광역시 동구 동부동,150,150,0,현대패밀리동부,49.85,202110,2,"10,700",12,1993,안산로 50,,-,-
울산광역시 동구 동부동,150,150,0,현대패밀리동부,49.85,202110,6,"10,000",10,1993,안산로 50,,-,-
울산광역시 동구 동부동,150,150,0,현대패밀리동부,59.78,202110,6,"15,500",7,1993,안산로 50,,-,-
울산광역시 동구 동부동,150,150,0,현대패밀리동부,59.78,202110,7,"15,000",15,1993,안산로 50,,-,-
울산광역시 동구 동부동,150,150,0,현대패밀리동부,49.85,202110,8,"9,600",15,1993,안산로 50,,-,-
울산광역시 동구 동부동,150,150,0,현대패밀리동부,59.78,202110,8,"13,800",3,1993,안산로 50,,-,-
울산광역시 동구 동부동,150,150,0,현대패밀리동부,49.85,202110,10,"9,500",2,1993,안산로 50,,-,-
울산광역시 동구 동부동,150,150,0,현대패밀리동부,59.78,202110,16,"12,800",15,1993,안산로 50,,-,-
울산광역시 동구 동부동,150,150,0,현대패밀리동부,74.96,202110,18,"18,700",1,1993,안산로 50,,-,-
울산광역시 동구 동부동,150,150,0,현대패밀리동부,49.85,202110,19,"9,900",11,1993,안산로 50,,-,-
울산광역시 동구 동부동,150,150,0,현대패밀리동부,49.85,202110,19,"10,000",4,1993,안산로 50,,-,-
울산광역시 동구 동부동,150,150,0,현대패밀리동부,49.85,202110,19,"10,000",15,1993,안산로 50,,-,-
울산광역시 동구 동부동,150,150,0,현대패밀리동부,59.78,202110,23,"14,700",12,1993,안산로 50,,-,-
울산광역시 동구 동부동,150,150,0,현대패밀리동부,49.85,202110,23,"9,800",3,1993,안산로 50,,-,-
울산광역시 동구 동부동,가-5-1,5,1,현대하이야트맨션2,54.62,202110,22,"8,200",6,1991,옥류로 65,,-,-
울산광역시 동구 방어동,971,971,0,꽃바위현대,59.7,202110,1,"13,000",10,1995,화잠9길 45,,-,-
울산광역시 동구 방어동,971,971,0,꽃바위현대,59.7,202110,15,"12,300",11,1995,화잠9길 45,,-,-
울산광역시 동구 방어동,971,971,0,꽃바위현대,59.7,202110,19,"12,000",7,1995,화잠9길 45,,-,-
울산광역시 동구 방어동,193-1,193,1,나래골든,84.95,202110,30,"17,200",12,1994,내진길 26,,-,-
울산광역시 동구 방어동,902-20,902,20,남경비발디,84.36,202110,27,"22,800",15,2008,문재로 20,,-,-
울산광역시 동구 방어동,1083-11,1083,11,대길이룸,84.9571,202110,9,"20,100",8,2008,북진2길 17,,-,-
울산광역시 동구 방어동,Jan-59,59,1,대왕암엘크루,74.7,202110,11,"36,700",5,2014,등대4길 26,,-,-
울산광역시 동구 방어동,Jan-59,59,1,대왕암엘크루,74.54,202110,11,"35,000",17,2014,등대4길 26,,-,-
울산광역시 동구 방어동,Jan-59,59,1,대왕암엘크루,84.42,202110,14,"39,800",3,2014,등대4길 26,,-,-
울산광역시 동구 방어동,Jan-59,59,1,대왕암엘크루,59.6,202110,16,"31,700",3,2014,등대4길 26,,-,-
울산광역시 동구 방어동,Jan-59,59,1,대왕암엘크루,84.87,202110,16,"42,000",16,2014,등대4길 26,,-,-
울산광역시 동구 방어동,Jan-59,59,1,대왕암엘크루,59.6,202110,27,"28,730",4,2014,등대4길 26,,-,-
울산광역시 동구 방어동,1079-3,1079,3,대호하이빌19차,84.7106,202110,29,"24,000",10,2012,문현로 3,,-,-
울산광역시 동구 방어동,261-13,261,13,렉스,84.5829,202110,15,"18,800",11,2017,상진1길 22,,-,-
울산광역시 동구 방어동,261-13,261,13,렉스,84.5829,202110,15,"19,200",12,2017,상진1길 22,,-,-
울산광역시 동구 방어동,261-13,261,13,렉스,84.5829,202110,15,"17,900",5,2017,상진1길 22,,-,-
울산광역시 동구 방어동,261-13,261,13,렉스,84.5829,202110,18,"18,100",6,2017,상진1길 22,,-,-
울산광역시 동구 방어동,1122,1122,0,문현아이파크,84.854,202110,7,"32,000",4,2007,문현6길 19,,-,-
울산광역시 동구 방어동,1122,1122,0,문현아이파크,84.854,202110,15,"32,700",10,2007,문현6길 19,,-,-
울산광역시 동구 방어동,1122,1122,0,문현아이파크,84.854,202110,15,"32,800",4,2007,문현6길 19,,-,-
울산광역시 동구 방어동,1122,1122,0,문현아이파크,84.854,202110,24,"31,500",3,2007,문현6길 19,,-,-
울산광역시 동구 방어동,124-5,124,5,산호맨션,83.91,202110,5,"12,400",3,1992,동진1길 38,,-,-
울산광역시 동구 방어동,971-1,971,1,삼전아이필2차,59.5698,202110,5,"16,000",11,2005,화잠1길 29,,-,-
울산광역시 동구 방어동,376-10,376,10,센트럴오션파크,84.5091,202110,20,"25,000",8,2018,내진4길 11,,-,-
울산광역시 동구 방어동,916-4,916,4,송정타워맨션,82.44,202110,8,"16,000",3,1990,월봉10길 100,,-,-
울산광역시 동구 방어동,916-4,916,4,송정타워맨션,66.84,202110,11,"11,650",4,1990,월봉10길 100,,-,-
울산광역시 동구 방어동,916-4,916,4,송정타워맨션,82.44,202110,27,"16,000",3,1990,월봉10길 100,,-,-
울산광역시 동구 방어동,927-1,927,1,우진비둘기2,67.26,202110,14,"14,500",3,1991,월봉1길 15,,-,-
울산광역시 동구 방어동,911-3,911,3,우진비둘기3,64.26,202110,11,"7,500",1,1991,월봉4길 46,,-,-
울산광역시 동구 방어동,931-5,931,5,코엔스오션빌리지6차,84.73,202110,13,"23,000",15,2010,방어진순환도로 496,,-,-
울산광역시 동구 방어동,992-2,992,2,풍성비치,60.2,202110,2,"10,900",13,1998,꽃바위5길 27,,-,-
울산광역시 동구 방어동,992-2,992,2,풍성비치,59.88,202110,5,"11,500",5,1998,꽃바위5길 27,,-,-
울산광역시 동구 방어동,992-2,992,2,풍성비치,59.88,202110,8,"11,000",8,1998,꽃바위5길 27,,-,-
울산광역시 동구 방어동,917-3,917,3,한양코아맨션,54.12,202110,25,"11,500",4,1990,월봉10길 107,,-,-
울산광역시 동구 방어동,505,505,0,현대비치타운,84.745,202110,1,"23,000",6,1997,화문로 70,,-,-
울산광역시 동구 방어동,505,505,0,현대비치타운,59.98,202110,9,"16,400",6,1997,화문로 70,,-,-
울산광역시 동구 방어동,505,505,0,현대비치타운,84.745,202110,12,"22,500",9,1997,화문로 70,,-,-
울산광역시 동구 방어동,505,505,0,현대비치타운,84.745,202110,14,"22,700",13,1997,화문로 70,,-,-
울산광역시 동구 방어동,505,505,0,현대비치타운,84.745,202110,17,"18,900",3,1997,화문로 70,,-,-
울산광역시 동구 방어동,505,505,0,현대비치타운,59.98,202110,21,"16,000",5,1997,화문로 70,,-,-
울산광역시 동구 서부동,591,591,0,남목현대,60,202110,16,"9,800",12,1992,제기천길 7-10,,-,-
울산광역시 동구 서부동,248-24,248,24,서부성원상떼빌,84.85,202110,5,"33,300",1,2005,봉수로 450,,-,-
울산광역시 동구 서부동,248-24,248,24,서부성원상떼빌,59.92,202110,15,"26,000",16,2005,봉수로 450,,-,-
울산광역시 동구 서부동,248-24,248,24,서부성원상떼빌,84.85,202110,18,"39,700",19,2005,봉수로 450,,-,-
울산광역시 동구 서부동,248-24,248,24,서부성원상떼빌,84.85,202110,19,"37,000",10,2005,봉수로 450,,-,-
울산광역시 동구 서부동,248-24,248,24,서부성원상떼빌,70.84,202110,22,"31,100",2,2005,봉수로 450,,-,-
울산광역시 동구 서부동,248-24,248,24,서부성원상떼빌,70.84,202110,22,"31,100",2,2005,봉수로 450,20211105,-,-
울산광역시 동구 서부동,248-24,248,24,서부성원상떼빌,59.92,202110,23,"23,000",3,2005,봉수로 450,,-,-
울산광역시 동구 서부동,248-24,248,24,서부성원상떼빌,59.92,202110,30,"25,000",20,2005,봉수로 450,,-,-
울산광역시 동구 서부동,385-3,385,3,서영골든,76.6638,202110,7,"16,300",12,1995,남목11길 25,,-,-
울산광역시 동구 서부동,290-6,290,6,신광그린파크,59.88,202110,2,"10,000",14,1993,방어진순환도로 1099,,-,-
울산광역시 동구 서부동,493-1,493,1,우주,50.64,202110,1,"6,000",5,1987,남목7길 36,,-,-
울산광역시 동구 서부동,493-1,493,1,우주,50.64,202110,4,"6,800",5,1987,남목7길 36,,-,-
울산광역시 동구 서부동,493-1,493,1,우주,50.64,202110,5,"4,000",5,1987,남목7길 36,,-,-
울산광역시 동구 서부동,493-1,493,1,우주,50.64,202110,6,"6,000",4,1987,남목7길 36,,-,-
울산광역시 동구 서부동,493-1,493,1,우주,50.64,202110,7,"5,800",4,1987,남목7길 36,,-,-
울산광역시 동구 서부동,493-1,493,1,우주,50.64,202110,15,"6,900",3,1987,남목7길 36,,-,-
울산광역시 동구 서부동,493-1,493,1,우주,50.64,202110,15,"6,800",1,1987,남목7길 36,,-,-
울산광역시 동구 서부동,493-1,493,1,우주,50.64,202110,17,"5,000",2,1987,남목7길 36,,-,-
울산광역시 동구 서부동,284-1,284,1,한아름현대,59.205,202110,2,"8,600",10,1993,방어진순환도로 1045,,-,-
울산광역시 동구 서부동,284-1,284,1,한아름현대,71.115,202110,2,"12,500",14,1993,방어진순환도로 1045,,-,-
울산광역시 동구 서부동,284-1,284,1,한아름현대,59.205,202110,10,"8,100",3,1993,방어진순환도로 1045,,-,-
울산광역시 동구 서부동,238-29,238,29,현대패밀리명덕,59.78,202110,2,"18,900",10,1992,명덕로 30,,-,-
울산광역시 동구 서부동,238-29,238,29,현대패밀리명덕,59.78,202110,3,"16,000",2,1992,명덕로 30,,-,-
울산광역시 동구 서부동,238-29,238,29,현대패밀리명덕,59.78,202110,4,"17,350",1,1992,명덕로 30,,-,-
울산광역시 동구 서부동,238-29,238,29,현대패밀리명덕,59.78,202110,4,"16,800",3,1992,명덕로 30,,-,-
울산광역시 동구 서부동,238-29,238,29,현대패밀리명덕,59.78,202110,16,"17,800",8,1992,명덕로 30,20211019,-,-
울산광역시 동구 서부동,238-29,238,29,현대패밀리명덕,59.78,202110,16,"17,800",8,1992,명덕로 30,,-,-
울산광역시 동구 서부동,238-27,238,27,현대패밀리명덕2,59.98,202110,7,"17,700",6,1995,명덕로 70,,-,-
울산광역시 동구 서부동,238-27,238,27,현대패밀리명덕2,59.98,202110,9,"15,800",2,1995,명덕로 70,,-,-
울산광역시 동구 서부동,257-4,257,4,현대패밀리서부,49.85,202110,2,"10,200",14,1992,방어진순환도로 995,,-,-
울산광역시 동구 서부동,257-4,257,4,현대패밀리서부,49.85,202110,2,"10,200",14,1992,방어진순환도로 995,20211012,-,-
울산광역시 동구 서부동,257-4,257,4,현대패밀리서부,49.85,202110,3,"10,300",5,1992,방어진순환도로 995,,-,-
울산광역시 동구 서부동,257-4,257,4,현대패밀리서부,59.78,202110,4,"17,000",12,1992,방어진순환도로 995,,-,-
울산광역시 동구 서부동,257-4,257,4,현대패밀리서부,49.79,202110,4,"10,700",11,1992,방어진순환도로 995,20211019,-,-
울산광역시 동구 서부동,257-4,257,4,현대패밀리서부,49.85,202110,5,"10,700",9,1992,방어진순환도로 995,,-,-
울산광역시 동구 서부동,257-4,257,4,현대패밀리서부,49.79,202110,6,"9,300",1,1992,방어진순환도로 995,,-,-
울산광역시 동구 서부동,257-4,257,4,현대패밀리서부,49.85,202110,7,"10,300",10,1992,방어진순환도로 995,,-,-
울산광역시 동구 서부동,257-4,257,4,현대패밀리서부,84.62,202110,9,"19,200",15,1992,방어진순환도로 995,,-,-
울산광역시 동구 서부동,257-4,257,4,현대패밀리서부,84.62,202110,11,"20,000",2,1992,방어진순환도로 995,,-,-
울산광역시 동구 서부동,257-4,257,4,현대패밀리서부,49.79,202110,11,"10,050",15,1992,방어진순환도로 995,,-,-
울산광역시 동구 서부동,257-4,257,4,현대패밀리서부,49.85,202110,12,"11,800",11,1992,방어진순환도로 995,,-,-
울산광역시 동구 서부동,257-4,257,4,현대패밀리서부,49.85,202110,12,"12,000",11,1992,방어진순환도로 995,,-,-
울산광역시 동구 서부동,257-4,257,4,현대패밀리서부,49.79,202110,13,"10,400",14,1992,방어진순환도로 995,,-,-
울산광역시 동구 서부동,257-4,257,4,현대패밀리서부,49.79,202110,15,"10,800",10,1992,방어진순환도로 995,,-,-
울산광역시 동구 서부동,257-4,257,4,현대패밀리서부,59.78,202110,15,"16,500",9,1992,방어진순환도로 995,,-,-
울산광역시 동구 서부동,257-4,257,4,현대패밀리서부,49.79,202110,16,"11,850",8,1992,방어진순환도로 995,,-,-
울산광역시 동구 서부동,257-4,257,4,현대패밀리서부,49.85,202110,17,"12,500",12,1992,방어진순환도로 995,,-,-
울산광역시 동구 서부동,257-4,257,4,현대패밀리서부,49.79,202110,18,"11,800",11,1992,방어진순환도로 995,,-,-
울산광역시 동구 서부동,257-4,257,4,현대패밀리서부,49.85,202110,20,"11,750",14,1992,방어진순환도로 995,,-,-
울산광역시 동구 서부동,257-4,257,4,현대패밀리서부,49.85,202110,20,"11,000",11,1992,방어진순환도로 995,,-,-
울산광역시 동구 서부동,257-4,257,4,현대패밀리서부,49.79,202110,21,"10,400",12,1992,방어진순환도로 995,,-,-
울산광역시 동구 서부동,257-4,257,4,현대패밀리서부,59.78,202110,22,"15,500",9,1992,방어진순환도로 995,,-,-
울산광역시 동구 서부동,257-4,257,4,현대패밀리서부,49.79,202110,23,"11,000",13,1992,방어진순환도로 995,,-,-
울산광역시 동구 서부동,257-4,257,4,현대패밀리서부,59.78,202110,23,"14,500",15,1992,방어진순환도로 995,,-,-
울산광역시 동구 서부동,257-4,257,4,현대패밀리서부,49.79,202110,25,"11,500",7,1992,방어진순환도로 995,,-,-
울산광역시 동구 서부동,257-30,257,30,현대패밀리서부2,84.97,202110,1,"26,100",11,1995,방어진순환도로 999,,-,-
울산광역시 동구 서부동,257-30,257,30,현대패밀리서부2,49.11,202110,6,"11,500",10,1995,방어진순환도로 999,,-,-
울산광역시 동구 서부동,257-30,257,30,현대패밀리서부2,84.97,202110,8,"25,700",10,1995,방어진순환도로 999,,-,-
울산광역시 동구 서부동,257-30,257,30,현대패밀리서부2,49.11,202110,21,"11,000",16,1995,방어진순환도로 999,,-,-
울산광역시 동구 서부동,257-30,257,30,현대패밀리서부2,49.11,202110,26,"11,800",14,1995,방어진순환도로 999,,-,-
울산광역시 동구 일산동,456-9,456,9,삼성힐스파크,84.18,202110,3,"33,000",10,2019,진성9길 2,,-,-
울산광역시 동구 일산동,456-9,456,9,삼성힐스파크,83.28,202110,5,"32,600",8,2019,진성9길 2,,-,-
울산광역시 동구 일산동,456-9,456,9,삼성힐스파크,84.18,202110,5,"33,000",12,2019,진성9길 2,,-,-
울산광역시 동구 일산동,579-13,579,13,시온리버빌,84.9372,202110,25,"17,300",13,2004,방어진순환도로 631,,-,-
울산광역시 동구 전하동,630-1,630,1,e편한세상전하,84.99,202110,5,"49,300",3,2013,봉수로 290,20211020,-,-
울산광역시 동구 전하동,630-1,630,1,e편한세상전하,84.99,202110,5,"49,300",3,2013,봉수로 290,,-,-
울산광역시 동구 전하동,768,768,0,늘푸른,59.85,202110,27,"8,100",8,1995,산록길 68,,-,-
울산광역시 동구 전하동,768,768,0,늘푸른,59.85,202110,30,"8,500",4,1995,산록길 68,,-,-
울산광역시 동구 전하동,301-28,301,28,대경넥스빌,114.834,202110,1,"39,500",14,2004,바드래길 110,,-,-
울산광역시 동구 전하동,301-28,301,28,대경넥스빌,83.7657,202110,1,"34,800",19,2004,바드래길 110,,-,-
울산광역시 동구 전하동,625-2,625,2,대성휴원,69.7118,202110,30,"14,000",1,2006,진성1길 19,,-,-
울산광역시 동구 전하동,546-2,546,2,삼성타워맨션,75.31,202110,1,"12,200",5,1990,녹수8길 31,,-,-
울산광역시 동구 전하동,546-2,546,2,삼성타워맨션,75.31,202110,22,"12,300",5,1990,녹수8길 31,,-,-
울산광역시 동구 전하동,684-2,684,2,삼창파크,68.64,202110,19,"13,000",4,1983,진성15가길 5,,-,-
울산광역시 동구 전하동,684-2,684,2,삼창파크,54.71,202110,29,"11,000",4,1983,진성15가길 5,,-,-
울산광역시 동구 전하동,639-6,639,6,상림시드니,66.015,202110,20,"14,000",4,2003,진성3길 8,,-,-
울산광역시 동구 전하동,660-1,660,1,울산전하푸르지오,84.8283,202110,16,"47,000",24,2011,봉수로 250,,-,-
울산광역시 동구 전하동,660-2,660,2,울산전하푸르지오,59.8984,202110,6,"35,800",21,2011,봉수로 250,,-,-
울산광역시 동구 전하동,301-24,301,24,전하동현대홈타운,60,202110,12,"24,000",25,2002,봉수로 370,,-,-
울산광역시 동구 전하동,640-1,640,1,전하아이파크,84.983,202110,15,"52,000",10,2012,봉수로 270,,-,-
울산광역시 동구 전하동,640-1,640,1,전하아이파크,84.983,202110,15,"52,000",10,2012,봉수로 270,20211020,-,-
울산광역시 동구 전하동,618,618,0,한라한빛타운,84.57,202110,12,"31,300",5,1998,진성1길 45,,-,-
울산광역시 동구 전하동,618,618,0,한라한빛타운,59.95,202110,21,"20,400",7,1998,전하로 35,,-,-
울산광역시 동구 전하동,301-5,301,5,현대3,59.46,202110,7,"22,700",1,1987,녹수12길 16,,-,-
울산광역시 동구 전하동,549-14,549,14,현대패밀리전하,59.96,202110,2,"20,000",4,1997,녹수11길 50,,-,-
울산광역시 동구 전하동,549-14,549,14,현대패밀리전하,59.96,202110,4,"19,400",6,1997,녹수11길 50,,-,-
울산광역시 동구 전하동,549-14,549,14,현대패밀리전하,59.96,202110,8,"20,500",6,1997,녹수11길 50,,-,-
울산광역시 동구 전하동,549-14,549,14,현대패밀리전하,59.96,202110,9,"21,300",12,1997,녹수11길 50,,-,-
울산광역시 동구 전하동,549-14,549,14,현대패밀리전하,59.96,202110,16,"18,200",2,1997,녹수11길 50,,-,-
울산광역시 동구 화정동,149-1,149,1,금강,53.84,202110,11,"11,200",1,1990,봉수로 170,,-,-
울산광역시 동구 화정동,149-1,149,1,금강,53.84,202110,16,"12,900",8,1990,봉수로 170,,-,-
울산광역시 동구 화정동,149-1,149,1,금강,53.84,202110,16,"13,300",6,1990,봉수로 170,,-,-
울산광역시 동구 화정동,162,162,0,대송현대1,53.84,202110,6,"10,500",1,1990,대송1길 10,,-,-
울산광역시 동구 화정동,162,162,0,대송현대1,53.84,202110,23,"13,700",2,1990,대송1길 10,,-,-
울산광역시 동구 화정동,162,162,0,대송현대1,59.845,202110,26,"16,300",10,1990,대송2길 10,,-,-
울산광역시 동구 화정동,149-2,149,2,대송현대2,53.84,202110,15,"14,000",12,1991,봉수로 162,,-,-
울산광역시 동구 화정동,149-2,149,2,대송현대2,59.78,202110,25,"17,500",8,1991,대송3길 10,,-,-
울산광역시 동구 화정동,149-2,149,2,대송현대2,53.84,202110,26,"13,600",8,1991,봉수로 162,,-,-
울산광역시 동구 화정동,851-6,851,6,대하크리스탈,80.67,202110,13,"15,000",3,1993,양지5길 5,,-,-
울산광역시 동구 화정동,851-6,851,6,대하크리스탈,80.67,202110,18,"16,300",11,1993,양지5길 5,,-,-
울산광역시 동구 화정동,851-6,851,6,대하크리스탈,55.86,202110,29,"9,900",2,1993,양지5길 5,20211029,-,-
울산광역시 동구 화정동,655-14,655,14,대호파크빌,84.85,202110,1,"14,390",6,2002,등대로 8-10,,-,-
울산광역시 동구 화정동,240,240,0,벽산우진,84.91,202110,3,"27,500",17,1998,진성15길 55,,-,-
울산광역시 동구 화정동,240,240,0,벽산우진,59.98,202110,18,"17,000",5,1998,진성15길 55,,-,-
울산광역시 동구 화정동,645-1,645,1,신원그린빌,70.21,202110,18,"16,500",10,2003,방어진순환도로 602,,-,-
울산광역시 동구 화정동,848-9,848,9,정우베르빌,84.79,202110,10,"19,750",8,2002,양지2길 39,,-,-
울산광역시 동구 화정동,650-30,650,30,정우비치빌리지,81.52,202110,14,"15,000",8,2002,해수욕장1길 56,,-,-
울산광역시 동구 화정동,851,851,0,현대파라다이스1,55.53,202110,4,"11,500",5,1992,봉수로 110,,-,-
울산광역시 동구 화정동,851,851,0,현대파라다이스1,84.88,202110,13,"18,500",6,1992,봉수로 110,,-,-
울산광역시 동구 화정동,851,851,0,현대파라다이스1,84.88,202110,14,"17,400",4,1992,봉수로 110,,-,-
울산광역시 동구 화정동,851,851,0,현대파라다이스1,55.53,202110,15,"10,000",1,1992,봉수로 110,,-,-
울산광역시 동구 화정동,851-3,851,3,현대파라다이스3,58.89,202110,4,"12,700",12,1993,봉수로 100,,-,-
울산광역시 동구 화정동,851-3,851,3,현대파라다이스3,73.53,202110,15,"15,000",13,1993,봉수로 100,,-,-
울산광역시 동구 화정동,949,949,0,힐스테이트 이스턴베이,68.9187,202110,9,"41,100",15,2015,화진길 100,,-,-
울산광역시 동구 화정동,949,949,0,힐스테이트 이스턴베이,68.9187,202110,10,"42,500",24,2015,화진길 100,,-,-
울산광역시 동구 화정동,949,949,0,힐스테이트 이스턴베이,68.9187,202110,18,"40,000",21,2015,화진길 100,,-,-
울산광역시 동구 화정동,949,949,0,힐스테이트 이스턴베이,84.9759,202110,20,"54,000",6,2015,화진길 100,,-,-
울산광역시 북구 달천동,107,107,0,그린카운티1,59.8237,202110,6,"18,700",9,2004,달천로 119,,-,-
울산광역시 북구 달천동,107,107,0,그린카운티1,83.9989,202110,24,"26,000",13,2004,달천로 119,,-,-
울산광역시 북구 달천동,107-1,107,1,그린카운티2,83.9989,202110,22,"24,750",15,2004,달천로 109,,-,-
울산광역시 북구 달천동,107-1,107,1,그린카운티2,83.9989,202110,24,"25,800",14,2004,달천로 109,,-,-
울산광역시 북구 달천동,107-7,107,7,그린카운티3,59.8237,202110,24,"19,500",6,2005,달천로 95,,-,-
울산광역시 북구 달천동,107-6,107,6,그린카운티4,83.9989,202110,30,"22,400",6,2005,달천로 100,,-,-
울산광역시 북구 달천동,01월 05일,1,5,달천아이파크1차,123.829,202110,1,"44,200",1,2008,달천로 50,,-,-
울산광역시 북구 달천동,01월 05일,1,5,달천아이파크1차,123.829,202110,2,"51,500",16,2008,달천로 50,,-,-
울산광역시 북구 달천동,01월 05일,1,5,달천아이파크1차,101.966,202110,4,"48,000",11,2008,달천로 50,,-,-
울산광역시 북구 달천동,01월 05일,1,5,달천아이파크1차,134.905,202110,4,"54,000",14,2008,달천로 50,,-,-
울산광역시 북구 달천동,01월 05일,1,5,달천아이파크1차,134.905,202110,5,"48,000",3,2008,달천로 50,,-,-
울산광역시 북구 달천동,01월 05일,1,5,달천아이파크1차,123.829,202110,7,"48,000",17,2008,달천로 50,,-,-
울산광역시 북구 달천동,01월 05일,1,5,달천아이파크1차,123.829,202110,8,"46,000",3,2008,달천로 50,,-,-
울산광역시 북구 달천동,01월 05일,1,5,달천아이파크1차,123.829,202110,8,"47,000",18,2008,달천로 50,,-,-
울산광역시 북구 달천동,01월 05일,1,5,달천아이파크1차,101.966,202110,10,"52,250",20,2008,달천로 50,,-,-
울산광역시 북구 달천동,01월 05일,1,5,달천아이파크1차,84.952,202110,21,"37,900",1,2008,달천로 50,,-,-
울산광역시 북구 달천동,01월 05일,1,5,달천아이파크1차,123.829,202110,23,"44,000",4,2008,달천로 50,,-,-
울산광역시 북구 달천동,886,886,0,달천아이파크2차(2단지),84.952,202110,7,"35,500",15,2008,달천로 103-19,,-,-
울산광역시 북구 달천동,886,886,0,달천아이파크2차(2단지),84.952,202110,7,"38,800",20,2008,달천로 103-19,,-,-
울산광역시 북구 달천동,886,886,0,달천아이파크2차(2단지),84.952,202110,11,"34,700",6,2008,달천로 103-19,,-,-
울산광역시 북구 달천동,886,886,0,달천아이파크2차(2단지),101.966,202110,23,"40,500",8,2008,달천로 103-19,,-,-
울산광역시 북구 달천동,886,886,0,달천아이파크2차(2단지),84.952,202110,31,"35,700",15,2008,달천로 103-19,,-,-
울산광역시 북구 달천동,887,887,0,달천아이파크2차(3단지),84.952,202110,8,"36,000",15,2008,달천로 103-20,,-,-
울산광역시 북구 달천동,887,887,0,달천아이파크2차(3단지),101.966,202110,23,"39,700",19,2008,달천로 103-20,,-,-
울산광역시 북구 매곡동,682,682,0,대하그린파크,59.75,202110,1,"8,500",4,1993,매곡본길 28,,-,-
울산광역시 북구 매곡동,682,682,0,대하그린파크,84.55,202110,2,"17,500",12,1993,매곡본길 28,,-,-
울산광역시 북구 매곡동,682,682,0,대하그린파크,73.395,202110,8,"11,500",7,1993,매곡본길 28,,-,-
울산광역시 북구 매곡동,682,682,0,대하그린파크,70.75,202110,15,"11,800",11,1993,매곡본길 28,,-,-
울산광역시 북구 매곡동,682,682,0,대하그린파크,46.34,202110,24,"7,150",10,1993,매곡본길 28,,-,-
울산광역시 북구 매곡동,682,682,0,대하그린파크,73.395,202110,25,"12,500",7,1993,매곡본길 28,,-,-
울산광역시 북구 매곡동,897,897,0,드림인시티에일린의뜰1차,84.9044,202110,2,"50,500",31,2017,호계매곡1로 31,,-,-
울산광역시 북구 매곡동,897,897,0,드림인시티에일린의뜰1차,101.716,202110,2,"64,000",9,2017,호계매곡1로 31,,-,-
울산광역시 북구 매곡동,897,897,0,드림인시티에일린의뜰1차,71.883,202110,5,"41,000",11,2017,호계매곡1로 31,,-,-
울산광역시 북구 매곡동,897,897,0,드림인시티에일린의뜰1차,84.9044,202110,9,"49,000",28,2017,호계매곡1로 31,,-,-
울산광역시 북구 매곡동,895,895,0,드림인시티에일린의뜰2차,84.9044,202110,6,"51,400",27,2017,호계매곡1로 32,,-,-
울산광역시 북구 매곡동,895,895,0,드림인시티에일린의뜰2차,84.8412,202110,8,"51,000",20,2017,호계매곡1로 32,,-,-
울산광역시 북구 매곡동,895,895,0,드림인시티에일린의뜰2차,71.883,202110,23,"45,300",15,2017,호계매곡1로 32,,-,-
울산광역시 북구 매곡동,842,842,0,매곡푸르지오1차,84.981,202110,9,"32,800",13,2008,신천로 92,,-,-
울산광역시 북구 매곡동,842,842,0,매곡푸르지오1차,84.981,202110,9,"32,800",13,2008,신천로 92,20211012,-,-
울산광역시 북구 매곡동,842,842,0,매곡푸르지오1차,101.662,202110,13,"37,200",14,2008,신천로 92,,-,-
울산광역시 북구 매곡동,842,842,0,매곡푸르지오1차,84.981,202110,13,"31,750",4,2008,신천로 92,,-,-
울산광역시 북구 매곡동,842,842,0,매곡푸르지오1차,84.884,202110,16,"31,400",10,2008,신천로 92,,-,-
울산광역시 북구 매곡동,842,842,0,매곡푸르지오1차,84.981,202110,23,"31,200",10,2008,신천로 92,,-,-
울산광역시 북구 매곡동,842,842,0,매곡푸르지오1차,84.981,202110,30,"31,500",7,2008,신천로 92,,-,-
울산광역시 북구 매곡동,855,855,0,매곡푸르지오2차,84.981,202110,9,"29,900",9,2008,매곡1로 17,,-,-
울산광역시 북구 매곡동,532,532,0,매곡현대,49.805,202110,2,"9,300",2,1994,매곡1로 12,,-,-
울산광역시 북구 매곡동,532,532,0,매곡현대,49.805,202110,2,"10,000",8,1994,매곡1로 13,,-,-
울산광역시 북구 매곡동,532,532,0,매곡현대,49.805,202110,9,"9,700",6,1994,매곡1로 13,,-,-
울산광역시 북구 매곡동,532,532,0,매곡현대,49.805,202110,10,"9,500",6,1994,매곡1로 13,,-,-
울산광역시 북구 매곡동,532,532,0,매곡현대,49.805,202110,12,"10,400",11,1994,매곡1로 13,,-,-
울산광역시 북구 매곡동,532,532,0,매곡현대,49.805,202110,15,"9,800",7,1994,매곡1로 13,,-,-
울산광역시 북구 매곡동,532,532,0,매곡현대,49.805,202110,18,"10,000",12,1994,매곡1로 13,,-,-
울산광역시 북구 매곡동,532,532,0,매곡현대,49.805,202110,25,"9,900",7,1994,매곡1로 13,,-,-
울산광역시 북구 매곡동,532,532,0,매곡현대,49.805,202110,29,"9,200",5,1994,매곡1로 13,,-,-
울산광역시 북구 매곡동,532,532,0,매곡현대,49.805,202110,29,"9,200",5,1994,매곡1로 13,,-,-
울산광역시 북구 매곡동,917,917,0,오토밸리로효성해링턴플레이스아파트,84.7991,202110,2,"40,000",14,2016,신천로 105,,-,-
울산광역시 북구 매곡동,917,917,0,오토밸리로효성해링턴플레이스아파트,75.176,202110,2,"35,650",16,2016,신천로 105,,-,-
울산광역시 북구 매곡동,917,917,0,오토밸리로효성해링턴플레이스아파트,84.7991,202110,2,"39,300",16,2016,신천로 105,20211023,-,-
울산광역시 북구 매곡동,917,917,0,오토밸리로효성해링턴플레이스아파트,84.8348,202110,12,"40,500",13,2016,신천로 105,,-,-
울산광역시 북구 매곡동,917,917,0,오토밸리로효성해링턴플레이스아파트,84.7991,202110,15,"37,700",3,2016,신천로 105,,-,-
울산광역시 북구 매곡동,917,917,0,오토밸리로효성해링턴플레이스아파트,75.176,202110,16,"34,900",12,2016,신천로 105,,-,-
울산광역시 북구 매곡동,917,917,0,오토밸리로효성해링턴플레이스아파트,84.7991,202110,16,"38,400",1,2016,신천로 105,,-,-
울산광역시 북구 매곡동,917,917,0,오토밸리로효성해링턴플레이스아파트,84.7991,202110,23,"39,300",16,2016,신천로 105,,-,-
울산광역시 북구 매곡동,917,917,0,오토밸리로효성해링턴플레이스아파트,84.8819,202110,27,"41,900",5,2016,신천로 105,,-,-
울산광역시 북구 매곡동,917,917,0,오토밸리로효성해링턴플레이스아파트,84.7991,202110,31,"38,300",3,2016,신천로 105,,-,-
울산광역시 북구 매곡동,864,864,0,월드메르디앙월드시티,84.8844,202110,1,"36,000",13,2011,매산로 66,,-,-
울산광역시 북구 매곡동,864,864,0,월드메르디앙월드시티,104.1191,202110,1,"41,200",1,2011,매산로 65,,-,-
울산광역시 북구 매곡동,864,864,0,월드메르디앙월드시티,84.8997,202110,2,"37,800",13,2011,매산로 66,,-,-
울산광역시 북구 매곡동,864,864,0,월드메르디앙월드시티,84.8997,202110,2,"36,500",3,2011,매산로 66,,-,-
울산광역시 북구 매곡동,864,864,0,월드메르디앙월드시티,84.8997,202110,2,"38,300",8,2011,매산로 66,,-,-
울산광역시 북구 매곡동,864,864,0,월드메르디앙월드시티,84.6122,202110,3,"36,500",13,2011,매산로 65,,-,-
울산광역시 북구 매곡동,864,864,0,월드메르디앙월드시티,104.1191,202110,4,"42,800",5,2011,매산로 66,,-,-
울산광역시 북구 매곡동,864,864,0,월드메르디앙월드시티,104.1191,202110,8,"43,700",5,2011,매산로 65,,-,-
울산광역시 북구 매곡동,864,864,0,월드메르디앙월드시티,84.8997,202110,9,"38,300",21,2011,매산로 66,,-,-
울산광역시 북구 매곡동,864,864,0,월드메르디앙월드시티,104.1191,202110,14,"45,800",16,2011,매산로 66,,-,-
울산광역시 북구 매곡동,864,864,0,월드메르디앙월드시티,104.1191,202110,18,"43,200",27,2011,매산로 65,,-,-
울산광역시 북구 매곡동,864,864,0,월드메르디앙월드시티,84.8997,202110,24,"38,100",25,2011,매산로 66,,-,-
울산광역시 북구 매곡동,864,864,0,월드메르디앙월드시티,84.6122,202110,27,"36,500",13,2011,매산로 65,,-,-
울산광역시 북구 매곡동,864,864,0,월드메르디앙월드시티,84.8844,202110,31,"36,500",19,2011,매산로 65,,-,-
울산광역시 북구 매곡동,864,864,0,월드메르디앙월드시티,129.796,202110,31,"49,000",7,2011,매산로 66,,-,-
울산광역시 북구 매곡동,864,864,0,월드메르디앙월드시티,84.6122,202110,31,"37,500",24,2011,매산로 65,,-,-
울산광역시 북구 매곡동,542-22,542,22,정림은하수타운,59.75,202110,20,"9,000",3,1996,매곡로 97-8,,-,-
울산광역시 북구 매곡동,233,233,0,현대으뜸타운,66.8,202110,1,"10,500",7,1997,매곡본길 53,,-,-
울산광역시 북구 매곡동,233,233,0,현대으뜸타운,66.8,202110,2,"12,800",8,1997,매곡본길 53,,-,-
울산광역시 북구 매곡동,233,233,0,현대으뜸타운,59.95,202110,4,"10,100",2,1997,매곡본길 53,,-,-
울산광역시 북구 매곡동,233,233,0,현대으뜸타운,66.8,202110,12,"11,350",6,1997,매곡본길 53,,-,-
울산광역시 북구 매곡동,233,233,0,현대으뜸타운,59.95,202110,16,"10,500",14,1997,매곡본길 53,,-,-
울산광역시 북구 매곡동,233,233,0,현대으뜸타운,59.95,202110,22,"12,000",10,1997,매곡본길 53,,-,-
울산광역시 북구 매곡동,422-2,422,2,현대파크맨션,59.61,202110,9,"14,500",7,1996,신기3길 19-1,,-,-
울산광역시 북구 매곡동,422-2,422,2,현대파크맨션,59.61,202110,15,"13,500",1,1996,신기3길 19-10,,-,-
울산광역시 북구 매곡동,422-2,422,2,현대파크맨션,59.61,202110,25,"13,200",4,1996,신기3길 19-10,,-,-
울산광역시 북구 명촌동,BL 9--3,9,3,경남팰리스,84.7466,202110,5,"29,800",10,2017,명촌9길 7,,-,-
울산광역시 북구 명촌동,BL 9--3,9,3,경남팰리스,84.7466,202110,18,"31,000",11,2017,명촌9길 7,,-,-
울산광역시 북구 명촌동,BL-107-9,107,9,새한프리빌아파트,84.5246,202110,15,"33,700",14,2016,명촌12길 10,,-,-
울산광역시 북구 명촌동,가-114-2,114,2,세원WE2차아파트(114B-2L),65.0085,202110,14,"24,000",3,2014,고헌로 96,,-,-
울산광역시 북구 명촌동,BL-83,83,0,울산강변효성해링턴플레이스(83블럭),84.9083,202110,18,"54,000",2,2018,명촌17길 36,,-,-
울산광역시 북구 명촌동,BL 126--1,126,1,평창리비에르1차,71.6649,202110,4,"25,000",16,2002,명촌10길 22,20211008,-,-
울산광역시 북구 명촌동,BL 126--1,126,1,평창리비에르1차,84.3909,202110,9,"29,300",17,2002,명촌10길 22,,-,-
울산광역시 북구 명촌동,BL 126--1,126,1,평창리비에르1차,71.6649,202110,9,"25,000",3,2002,명촌10길 22,,-,-
울산광역시 북구 명촌동,BL 126--1,126,1,평창리비에르1차,71.6649,202110,11,"25,000",6,2002,명촌10길 22,,-,-
울산광역시 북구 명촌동,BL 126--1,126,1,평창리비에르1차,71.6649,202110,16,"26,400",2,2002,명촌10길 22,,-,-
울산광역시 북구 명촌동,BL 126-1-1,126,101,평창리비에르2차,84.5532,202110,13,"33,500",13,2003,명촌로 91,,-,-
울산광역시 북구 명촌동,BL 126-1-1,126,101,평창리비에르2차,84.5532,202110,15,"30,500",18,2003,명촌로 91,,-,-
울산광역시 북구 명촌동,BL 126-1-1,126,101,평창리비에르2차,84.5532,202110,22,"30,800",4,2003,명촌로 91,,-,-
울산광역시 북구 명촌동,BL 126-1-1,126,101,평창리비에르2차,84.5532,202110,27,"31,500",7,2003,명촌로 91,,-,-
울산광역시 북구 명촌동,BL 126-1-1,126,101,평창리비에르2차,84.5532,202110,27,"29,300",3,2003,명촌로 91,,-,-
울산광역시 북구 명촌동,BL 126-1-1,126,101,평창리비에르2차,71.5457,202110,28,"29,000",17,2003,명촌로 91,,-,-
울산광역시 북구 명촌동,BL 126-1-1,126,101,평창리비에르2차,71.5457,202110,28,"28,000",9,2003,명촌로 91,,-,-
울산광역시 북구 명촌동,BL 126-1-1,126,101,평창리비에르2차,84.5532,202110,28,"27,500",1,2003,명촌로 91,,-,-
울산광역시 북구 명촌동,BL 126-1-1,126,101,평창리비에르2차,84.5532,202110,28,"33,800",8,2003,명촌로 91,,-,-
울산광역시 북구 명촌동,BL 126-1-1,126,101,평창리비에르2차,84.5532,202110,28,"31,800",14,2003,명촌로 91,,-,-
울산광역시 북구 명촌동,BL-115,115,0,평창리비에르3차,84.9841,202110,8,"26,200",7,2003,명촌15길 10,,-,-
울산광역시 북구 명촌동,BL-115,115,0,평창리비에르3차,84.9841,202110,9,"27,700",4,2003,명촌15길 10,,-,-
울산광역시 북구 명촌동,BL-115,115,0,평창리비에르3차,84.9841,202110,10,"30,500",14,2003,명촌15길 10,,-,-
울산광역시 북구 명촌동,BL-115,115,0,평창리비에르3차,84.9841,202110,12,"29,000",8,2003,명촌15길 10,,-,-
울산광역시 북구 명촌동,BL-115,115,0,평창리비에르3차,84.9841,202110,13,"25,800",16,2003,명촌15길 10,,-,-
울산광역시 북구 명촌동,BL-115,115,0,평창리비에르3차,84.9841,202110,13,"25,500",2,2003,명촌15길 10,,-,-
울산광역시 북구 명촌동,BL-115,115,0,평창리비에르3차,84.9841,202110,15,"26,900",4,2003,명촌15길 10,,-,-
울산광역시 북구 명촌동,BL-115,115,0,평창리비에르3차,84.9841,202110,17,"30,300",11,2003,명촌15길 10,,-,-
울산광역시 북구 명촌동,BL-115,115,0,평창리비에르3차,71.5457,202110,20,"23,000",6,2003,명촌15길 10,,-,-
울산광역시 북구 산하동,가-,0,0,블루마시티KCC스위첸,84.9865,202110,10,"50,000",44,2019,산하중앙1로 6,,-,-
울산광역시 북구 산하동,BL 63--1,63,1,블루마시티효성해링턴플레이스1단지,62.33,202110,21,"24,000",4,2017,화암7길 5,,-,-
울산광역시 북구 산하동,BL 68--1,68,1,블루마시티효성해링턴플레이스2단지,74.45,202110,6,"35,000",26,2017,강동산하5로 25,,-,-
울산광역시 북구 산하동,BL 68--1,68,1,블루마시티효성해링턴플레이스2단지,74.45,202110,9,"33,500",23,2017,강동산하5로 25,,-,-
울산광역시 북구 산하동,BL 68--1,68,1,블루마시티효성해링턴플레이스2단지,84.75,202110,18,"37,500",16,2017,강동산하5로 25,,-,-
울산광역시 북구 산하동,BL-1-1,1,1,울산블루마시티2차푸르지오,59.7799,202110,7,"26,000",20,2015,강동산하2로 43,,-,-
울산광역시 북구 산하동,BL-1-1,1,1,울산블루마시티2차푸르지오,59.7799,202110,16,"24,900",5,2015,강동산하2로 43,,-,-
울산광역시 북구 산하동,BL-1-1,1,1,울산블루마시티2차푸르지오,84.935,202110,21,"35,500",17,2015,강동산하2로 43,,-,-
울산광역시 북구 산하동,BL-1-1,1,1,울산블루마시티2차푸르지오,84.9955,202110,21,"28,000",32,2015,강동산하2로 43,,-,-
울산광역시 북구 산하동,BL 73--1,73,1,울산블루마시티서희스타힐스블루원아파트,84.8856,202110,1,"39,000",25,2016,산하중앙3로 142,20211018,-,-
울산광역시 북구 산하동,BL 73--1,73,1,울산블루마시티서희스타힐스블루원아파트,84.8856,202110,1,"39,000",25,2016,산하중앙3로 142,,-,-
울산광역시 북구 산하동,BL 73--1,73,1,울산블루마시티서희스타힐스블루원아파트,84.5645,202110,2,"46,000",14,2016,산하중앙3로 142,,-,-
울산광역시 북구 산하동,BL 73--1,73,1,울산블루마시티서희스타힐스블루원아파트,84.5645,202110,9,"44,500",24,2016,산하중앙3로 142,,-,-
울산광역시 북구 산하동,BL 73--1,73,1,울산블루마시티서희스타힐스블루원아파트,64.9532,202110,21,"29,500",17,2016,산하중앙3로 142,,-,-
울산광역시 북구 산하동,BL 73--1,73,1,울산블루마시티서희스타힐스블루원아파트,84.5645,202110,22,"42,600",17,2016,산하중앙3로 142,,-,-
울산광역시 북구 산하동,가-74-1,74,1,울산블루마시티푸르지오,59.9833,202110,1,"23,900",15,2014,강동산하5로 66,,-,-
울산광역시 북구 산하동,가-74-1,74,1,울산블루마시티푸르지오,84.7914,202110,14,"30,000",26,2014,강동산하5로 66,,-,-
울산광역시 북구 산하동,BL 74--2,74,2,힐스테이트강동,84.7669,202110,3,"35,500",28,2017,강동산하5로 52,,-,-
울산광역시 북구 산하동,BL 74--2,74,2,힐스테이트강동,84.7669,202110,8,"40,000",29,2017,강동산하5로 52,,-,-
울산광역시 북구 산하동,BL 74--2,74,2,힐스테이트강동,84.7669,202110,24,"40,000",17,2017,강동산하5로 52,,-,-
울산광역시 북구 상안동,411,411,0,쌍용아진그린3,84.93,202110,5,"21,000",3,1996,아진로 115,,-,-
울산광역시 북구 상안동,411,411,0,쌍용아진그린3,84.93,202110,7,"23,000",11,1996,아진로 115,,-,-
울산광역시 북구 상안동,411,411,0,쌍용아진그린3,73.64,202110,13,"21,500",5,1996,아진로 115,,-,-
울산광역시 북구 상안동,411,411,0,쌍용아진그린3,84.93,202110,30,"23,300",9,1996,아진로 115,,-,-
울산광역시 북구 상안동,358-1,358,1,쌍용아진그린타운1,59.89,202110,9,"17,500",14,1996,아진로 42,,-,-
울산광역시 북구 상안동,358-1,358,1,쌍용아진그린타운1,59.89,202110,15,"17,200",8,1996,아진로 42,,-,-
울산광역시 북구 상안동,381-1,381,1,쌍용아진그린타운2,59.98,202110,1,"16,500",5,1996,아진로 75,,-,-
울산광역시 북구 상안동,381-1,381,1,쌍용아진그린타운2,84.93,202110,1,"23,300",10,1996,아진로 75,,-,-
울산광역시 북구 상안동,381-1,381,1,쌍용아진그린타운2,59.98,202110,7,"17,500",12,1996,아진로 75,,-,-
울산광역시 북구 상안동,381-1,381,1,쌍용아진그린타운2,84.93,202110,8,"23,900",10,1996,아진로 75,,-,-
울산광역시 북구 상안동,381-1,381,1,쌍용아진그린타운2,73.64,202110,13,"22,000",11,1996,아진로 75,,-,-
울산광역시 북구 상안동,381-1,381,1,쌍용아진그린타운2,59.952,202110,23,"18,000",12,1996,아진로 75,,-,-
울산광역시 북구 상안동,381-1,381,1,쌍용아진그린타운2,84.93,202110,24,"21,900",4,1996,아진로 75,,-,-
울산광역시 북구 송정동,1237-2,1237,2,울산송정반도유보라아이비파크,84.9456,202110,11,"68,000",4,2019,화산로 104,,-,-
울산광역시 북구 송정동,1237-2,1237,2,울산송정반도유보라아이비파크,84.9456,202110,15,"72,800",20,2019,화산로 104,,-,-
울산광역시 북구 송정동,1237-2,1237,2,울산송정반도유보라아이비파크,84.9519,202110,18,"65,000",23,2019,화산로 104,,-,-
울산광역시 북구 송정동,1237-2,1237,2,울산송정반도유보라아이비파크,84.9456,202110,20,"68,500",9,2019,화산로 104,,-,-
울산광역시 북구 송정동,1236-4,1236,4,울산송정제일풍경채레이크뷰,84.9588,202110,28,"65,000",14,2019,박상진3로 73,,-,-
울산광역시 북구 송정동,1207-2,1207,2,울산송정호반베르디움,84.973,202110,16,"60,000",24,2018,박상진3로 5,,-,-
울산광역시 북구 신천동,530-1,530,1,극동스타클래스,84.9421,202110,1,"29,400",19,2007,신천로 27,,-,-
울산광역시 북구 신천동,530-1,530,1,극동스타클래스,84.9421,202110,2,"28,500",6,2007,신천로 27,,-,-
울산광역시 북구 신천동,530-1,530,1,극동스타클래스,84.9421,202110,3,"29,500",16,2007,신천로 27,,-,-
울산광역시 북구 신천동,530-1,530,1,극동스타클래스,84.9421,202110,8,"28,300",12,2007,신천로 27,,-,-
울산광역시 북구 신천동,530-1,530,1,극동스타클래스,84.9421,202110,8,"28,000",10,2007,신천로 27,,-,-
울산광역시 북구 신천동,530-1,530,1,극동스타클래스,84.9421,202110,9,"29,000",18,2007,신천로 27,,-,-
울산광역시 북구 신천동,530-1,530,1,극동스타클래스,84.9421,202110,9,"29,300",14,2007,신천로 27,,-,-
울산광역시 북구 신천동,530-1,530,1,극동스타클래스,122.1719,202110,10,"38,000",5,2007,신천로 27,,-,-
울산광역시 북구 신천동,530-1,530,1,극동스타클래스,84.9421,202110,12,"29,200",12,2007,신천로 27,,-,-
울산광역시 북구 신천동,530-1,530,1,극동스타클래스,84.9421,202110,23,"28,300",6,2007,신천로 27,,-,-
울산광역시 북구 신천동,244,244,0,무지개1,81.17,202110,2,"12,000",10,1993,제내5길 26,,-,-
울산광역시 북구 신천동,317-5,317,5,문화청솔,84.135,202110,1,"14,500",6,1994,호계로 327-8,,-,-
울산광역시 북구 신천동,317-5,317,5,문화청솔,59.57,202110,6,"9,650",15,1994,호계로 327-8,,-,-
울산광역시 북구 신천동,317-5,317,5,문화청솔,59.57,202110,7,"8,900",2,1994,호계로 327-8,,-,-
울산광역시 북구 신천동,317-5,317,5,문화청솔,73.59,202110,16,"15,000",11,1994,호계로 327-8,,-,-
울산광역시 북구 신천동,317-5,317,5,문화청솔,84.135,202110,28,"15,300",7,1994,호계로 327-8,,-,-
울산광역시 북구 신천동,346-5,346,5,성우현대,84.28,202110,4,"16,500",7,1993,호계로 313,,-,-
울산광역시 북구 신천동,346-5,346,5,성우현대,69.15,202110,5,"12,700",10,1993,호계로 313,,-,-
울산광역시 북구 신천동,346-5,346,5,성우현대,69.15,202110,16,"14,500",3,1993,호계로 313,,-,-
울산광역시 북구 신천동,430-1,430,1,신동,59.61,202110,11,"9,800",12,1993,호계로 371,,-,-
울산광역시 북구 신천동,430-1,430,1,신동,84.995,202110,23,"14,500",9,1993,호계로 371,,-,-
울산광역시 북구 신천동,430-1,430,1,신동,59.61,202110,25,"9,000",14,1993,호계로 371,,-,-
울산광역시 북구 신천동,430-1,430,1,신동,78.28,202110,26,"12,500",2,1993,호계로 371,,-,-
울산광역시 북구 신천동,799,799,0,신천효성해링턴플레이스,59.5699,202110,9,"30,200",4,2018,신천로 26,,-,-
울산광역시 북구 신천동,799,799,0,신천효성해링턴플레이스,84.1449,202110,11,"41,800",18,2018,신천로 26,,-,-
울산광역시 북구 신천동,799,799,0,신천효성해링턴플레이스,59.5699,202110,25,"31,700",10,2018,신천로 26,,-,-
울산광역시 북구 신천동,799,799,0,신천효성해링턴플레이스,59.5699,202110,30,"30,800",21,2018,신천로 26,,-,-
울산광역시 북구 신천동,786,786,0,울산신천엠코타운,121.9028,202110,3,"43,500",14,2010,신천소공원로 15,,-,-
울산광역시 북구 신천동,786,786,0,울산신천엠코타운,84.9382,202110,4,"32,300",6,2010,신천소공원로 15,,-,-
울산광역시 북구 신천동,786,786,0,울산신천엠코타운,84.7513,202110,9,"34,900",15,2010,신천소공원로 15,,-,-
울산광역시 북구 신천동,786,786,0,울산신천엠코타운,84.9382,202110,11,"33,500",10,2010,신천소공원로 15,,-,-
울산광역시 북구 신천동,786,786,0,울산신천엠코타운,84.9382,202110,11,"33,300",15,2010,신천소공원로 15,,-,-
울산광역시 북구 신천동,786,786,0,울산신천엠코타운,84.5355,202110,25,"31,000",13,2010,신천소공원로 15,,-,-
울산광역시 북구 신천동,394-1,394,1,한라신천지타운,59.61,202110,8,"10,400",12,1993,갈밭길 1,,-,-
울산광역시 북구 신천동,394-1,394,1,한라신천지타운,84.6,202110,8,"13,900",12,1993,갈밭길 1,,-,-
울산광역시 북구 신천동,394-1,394,1,한라신천지타운,59.61,202110,8,"10,400",12,1993,갈밭길 1,20211019,-,-
울산광역시 북구 신천동,394-1,394,1,한라신천지타운,59.61,202110,22,"8,400",13,1993,갈밭길 1,,-,-
울산광역시 북구 신천동,358-9,358,9,협성노블리스,77.55,202110,9,"22,250",14,2003,호계로 309-20,,-,-
울산광역시 북구 신천동,358-9,358,9,협성노블리스,59.945,202110,15,"20,100",11,2003,호계로 309-20,,-,-
울산광역시 북구 신천동,358-9,358,9,협성노블리스,77.55,202110,20,"22,500",13,2003,호계로 309-20,,-,-
울산광역시 북구 양정동,533-1,533,1,삼창에이스파크,79.2,202110,25,"11,700",8,1992,치전1길 12-7,,-,-
울산광역시 북구 양정동,500-33,500,33,양정힐스테이트,114.845,202110,5,"37,000",10,2007,염포로 459,,-,-
울산광역시 북구 양정동,500-33,500,33,양정힐스테이트,59.979,202110,9,"22,000",5,2007,염포로 459,,-,-
울산광역시 북구 양정동,500-33,500,33,양정힐스테이트,59.979,202110,12,"23,200",22,2007,염포로 459,,-,-
울산광역시 북구 양정동,500-33,500,33,양정힐스테이트,69.839,202110,12,"28,000",7,2007,염포로 459,,-,-
울산광역시 북구 양정동,500-33,500,33,양정힐스테이트,59.979,202110,13,"23,000",15,2007,염포로 459,,-,-
울산광역시 북구 양정동,500-33,500,33,양정힐스테이트,84.957,202110,23,"31,500",15,2007,염포로 459,,-,-
울산광역시 북구 양정동,802,802,0,양정힐스테이트2차,122.7707,202110,11,"37,700",7,2009,양정4길 15,,-,-
울산광역시 북구 양정동,802,802,0,양정힐스테이트2차,122.7707,202110,22,"39,800",10,2009,양정4길 15,,-,-
울산광역시 북구 연암동,415,415,0,벽산늘푸른,59.485,202110,1,"20,600",10,1994,상방로 160,,-,-
울산광역시 북구 연암동,415,415,0,벽산늘푸른,59.485,202110,2,"20,000",10,1994,상방로 160,,-,-
울산광역시 북구 연암동,415,415,0,벽산늘푸른,84.555,202110,6,"28,200",10,1994,상방로 160,,-,-
울산광역시 북구 연암동,415,415,0,벽산늘푸른,84.555,202110,10,"28,200",8,1994,상방로 160,,-,-
울산광역시 북구 연암동,415,415,0,벽산늘푸른,59.485,202110,16,"21,300",4,1994,상방로 160,,-,-
울산광역시 북구 연암동,415,415,0,벽산늘푸른,59.485,202110,16,"19,900",2,1994,상방로 160,,-,-
울산광역시 북구 연암동,402-1,402,1,성원,48.78,202110,22,"15,000",9,1996,화봉로 54,,-,-
울산광역시 북구 염포동,326,326,0,염포성원상떼빌,84.69,202110,2,"24,000",11,2004,염포로 685,,-,-
울산광역시 북구 염포동,326,326,0,염포성원상떼빌,59.89,202110,2,"17,500",1,2004,염포로 685,,-,-
울산광역시 북구 염포동,326,326,0,염포성원상떼빌,84.69,202110,3,"23,700",7,2004,염포로 685,,-,-
울산광역시 북구 염포동,326,326,0,염포성원상떼빌,84.69,202110,4,"25,900",22,2004,염포로 685,,-,-
울산광역시 북구 염포동,326,326,0,염포성원상떼빌,119.87,202110,5,"31,500",10,2004,염포로 685,,-,-
울산광역시 북구 염포동,326,326,0,염포성원상떼빌,84.69,202110,7,"24,700",16,2004,염포로 685,,-,-
울산광역시 북구 염포동,326,326,0,염포성원상떼빌,59.89,202110,7,"17,800",22,2004,염포로 685,,-,-
울산광역시 북구 염포동,326,326,0,염포성원상떼빌,59.89,202110,12,"19,100",13,2004,염포로 685,,-,-
울산광역시 북구 염포동,326,326,0,염포성원상떼빌,76.73,202110,12,"21,200",10,2004,염포로 685,,-,-
울산광역시 북구 염포동,326,326,0,염포성원상떼빌,59.89,202110,15,"18,800",9,2004,염포로 685,,-,-
울산광역시 북구 염포동,326,326,0,염포성원상떼빌,84.69,202110,16,"24,500",20,2004,염포로 685,,-,-
울산광역시 북구 염포동,326,326,0,염포성원상떼빌,119.87,202110,20,"28,500",1,2004,염포로 685,,-,-
울산광역시 북구 염포동,326,326,0,염포성원상떼빌,59.89,202110,21,"17,900",24,2004,염포로 685,,-,-
울산광역시 북구 염포동,326,326,0,염포성원상떼빌,84.69,202110,25,"24,800",20,2004,염포로 685,,-,-
울산광역시 북구 염포동,146-1,146,1,청림,62.54,202110,26,"9,000",2,1981,새장터7길 43-1,,-,-
울산광역시 북구 염포동,201,201,0,현대1차,63.06,202110,1,"14,800",3,1983,염포로 645,,-,-
울산광역시 북구 염포동,201,201,0,현대1차,41.19,202110,15,"10,900",4,1983,염포로 645,,-,-
울산광역시 북구 염포동,201,201,0,현대1차,41.19,202110,16,"11,500",2,1983,염포로 645,,-,-
울산광역시 북구 염포동,201,201,0,현대1차,51.075,202110,16,"12,300",1,1983,염포로 645,,-,-
울산광역시 북구 염포동,64,64,0,현대2차,51.075,202110,5,"12,000",1,1985,새장터4길 5-15,,-,-
울산광역시 북구 염포동,64,64,0,현대2차,51.075,202110,9,"12,000",5,1985,새장터4길 5-15,,-,-
울산광역시 북구 염포동,64,64,0,현대2차,51.075,202110,9,"11,700",4,1985,새장터4길 5-15,,-,-
울산광역시 북구 염포동,64,64,0,현대2차,51.075,202110,22,"8,300",2,1985,새장터4길 5-15,,-,-
울산광역시 북구 염포동,64,64,0,현대2차,51.075,202110,25,"13,000",1,1985,새장터4길 5-15,,-,-
울산광역시 북구 정자동,3,3,0,벽산블루밍,84.96,202110,24,"15,500",6,1993,동해안로 1502,,-,-
울산광역시 북구 중산동,가-,0,0,U-스타시티일동미라주더스타1단지,84.8941,202110,2,"41,900",22,2018,중산로 48,,-,-
울산광역시 북구 중산동,가-,0,0,U-스타시티일동미라주더스타1단지,59.9284,202110,9,"31,100",16,2018,중산로 48,,-,-
울산광역시 북구 중산동,가-,0,0,U-스타시티일동미라주더스타1단지,59.9284,202110,16,"30,800",22,2018,중산로 48,,-,-
울산광역시 북구 중산동,가-,0,0,U-스타시티일동미라주더스타2단지,73.4718,202110,17,"34,600",13,2018,중산로 47,,-,-
울산광역시 북구 중산동,가-,0,0,U-스타시티일동미라주더스타3단지,80.3421,202110,8,"32,100",18,2019,중산로 45-1,,-,-
울산광역시 북구 중산동,가-,0,0,U-스타시티일동미라주더스타3단지,59.9284,202110,15,"29,900",16,2019,중산로 45-1,,-,-
울산광역시 북구 중산동,1028,1028,0,경동그린맨션,59.94,202110,1,"7,300",14,1995,약수9길 16,,-,-
울산광역시 북구 중산동,1028,1028,0,경동그린맨션,59.94,202110,18,"6,500",13,1995,약수9길 16,,-,-
울산광역시 북구 중산동,688-3,688,3,대암파크랜드,84.28,202110,9,"7,800",3,2002,이화1길 29,,-,-
울산광역시 북구 중산동,533,533,0,대암훼미리101동,59.91,202110,20,"5,000",9,1993,이화2길 13,,-,-
울산광역시 북구 중산동,200,200,0,디아채,84.9921,202110,6,"24,800",8,2007,중산동로 37,,-,-
울산광역시 북구 중산동,200,200,0,디아채,84.9921,202110,11,"24,500",11,2007,중산동로 37,,-,-
울산광역시 북구 중산동,200,200,0,디아채,123.7856,202110,16,"34,000",7,2007,중산동로 37,,-,-
울산광역시 북구 중산동,736,736,0,백산그린타워,59.94,202110,5,"5,600",14,1993,화정1길 12-2,,-,-
울산광역시 북구 중산동,736,736,0,백산그린타워,80.37,202110,13,"7,500",3,1993,화정1길 12-2,,-,-
울산광역시 북구 중산동,730,730,0,삼우타운,59.76,202110,17,"6,550",3,1996,화정1길 28,,-,-
울산광역시 북구 중산동,730,730,0,삼우타운,59.76,202110,26,"3,900",1,1996,화정1길 28,,-,-
울산광역시 북구 중산동,691,691,0,삼진아파트,59.79,202110,5,"6,100",8,1999,이화1길 29-1,,-,-
울산광역시 북구 중산동,1010-1,1010,1,약수제일,84.51,202110,27,"8,300",4,1992,약수9길 20,,-,-
울산광역시 북구 중산동,1277-1,1277,1,울산오토밸리로Z00M파크,59.9852,202110,7,"27,000",9,2016,중산서로 19,,-,-
울산광역시 북구 중산동,1277-1,1277,1,울산오토밸리로Z00M파크,59.9852,202110,10,"27,200",8,2016,중산서로 19,,-,-
울산광역시 북구 중산동,1277-1,1277,1,울산오토밸리로Z00M파크,59.9852,202110,11,"26,000",11,2016,중산서로 19,,-,-
울산광역시 북구 중산동,1277-1,1277,1,울산오토밸리로Z00M파크,59.85,202110,12,"27,100",6,2016,중산서로 19,,-,-
울산광역시 북구 중산동,1277-1,1277,1,울산오토밸리로Z00M파크,84.9875,202110,12,"35,700",15,2016,중산서로 19,,-,-
울산광역시 북구 중산동,1277-1,1277,1,울산오토밸리로Z00M파크,59.85,202110,14,"28,000",18,2016,중산서로 19,,-,-
울산광역시 북구 중산동,1277-1,1277,1,울산오토밸리로Z00M파크,59.9852,202110,15,"26,650",9,2016,중산서로 19,,-,-
울산광역시 북구 중산동,1277-1,1277,1,울산오토밸리로Z00M파크,84.9164,202110,20,"35,500",10,2016,중산서로 19,,-,-
울산광역시 북구 중산동,1277-1,1277,1,울산오토밸리로Z00M파크,59.9852,202110,22,"26,000",15,2016,중산서로 19,,-,-
울산광역시 북구 중산동,1277-1,1277,1,울산오토밸리로Z00M파크,84.9875,202110,29,"33,850",4,2016,중산서로 19,,-,-
울산광역시 북구 중산동,566-1,566,1,이화한라동아,59.97,202110,22,"6,600",9,1998,이화5길 29-3,,-,-
울산광역시 북구 중산동,566-1,566,1,이화한라동아,59.97,202110,23,"5,450",1,1998,이화5길 29-3,,-,-
울산광역시 북구 중산동,622,622,0,중산현대,70.53,202110,3,"10,000",6,1995,이화5길 20,,-,-
울산광역시 북구 중산동,622,622,0,중산현대,59.595,202110,8,"7,200",5,1995,이화5길 20,,-,-
울산광역시 북구 중산동,622,622,0,중산현대,59.595,202110,8,"7,000",4,1995,이화5길 20,,-,-
울산광역시 북구 중산동,1029-1,1029,1,한라그린맨션,59.595,202110,2,"5,950",3,1992,약수9길 4-3,20211005,-,-
울산광역시 북구 중산동,1029-1,1029,1,한라그린맨션,59.595,202110,2,"6,100",9,1992,약수9길 4-3,,-,-
울산광역시 북구 중산동,1029-1,1029,1,한라그린맨션,59.595,202110,8,"6,200",10,1992,약수9길 4-3,,-,-
울산광역시 북구 중산동,617,617,0,현대글로리아,78.525,202110,4,"11,500",18,1996,이화5길 23,,-,-
울산광역시 북구 중산동,617,617,0,현대글로리아,59.265,202110,9,"6,500",17,1996,이화5길 23,,-,-
울산광역시 북구 중산동,617,617,0,현대글로리아,59.595,202110,12,"6,500",9,1996,이화5길 23,,-,-
울산광역시 북구 중산동,676-1,676,1,현우파크맨션,78.09,202110,13,"5,000",1,1997,화정4길 20,,-,-
울산광역시 북구 중산동,676-1,676,1,현우파크맨션,76.71,202110,17,"6,500",6,1997,화정4길 20,,-,-
울산광역시 북구 중산동,676-1,676,1,현우파크맨션,76.71,202110,17,"7,500",3,1997,화정4길 20,,-,-
울산광역시 북구 중산동,1070-2,1070,2,효연,37.74,202110,7,"3,950",3,1990,약수9길 4-5,,-,-
울산광역시 북구 진장동,BL-62-17,62,17,나린헤리티지3차,84.76,202110,27,"30,500",3,2017,명촌2길 5,,-,-
울산광역시 북구 천곡동,940-6,940,6,대동한마음타운,59.79,202110,2,"11,300",6,1998,천곡길 165,,-,-
울산광역시 북구 천곡동,940-6,940,6,대동한마음타운,59.79,202110,6,"9,400",2,1998,천곡길 165,,-,-
울산광역시 북구 천곡동,940-6,940,6,대동한마음타운,59.79,202110,9,"10,500",7,1998,천곡길 165,,-,-
울산광역시 북구 천곡동,940-6,940,6,대동한마음타운,59.79,202110,12,"11,000",17,1998,천곡길 165,,-,-
울산광역시 북구 천곡동,940-6,940,6,대동한마음타운,59.79,202110,18,"11,000",11,1998,천곡길 165,,-,-
울산광역시 북구 천곡동,940-6,940,6,대동한마음타운,59.79,202110,31,"10,700",10,1998,천곡길 165,,-,-
울산광역시 북구 천곡동,940-10,940,10,대동황토방,59.25,202110,22,"7,900",12,2000,천곡길 183,,-,-
울산광역시 북구 천곡동,418,418,0,삼성코아루,84.921,202110,1,"29,300",5,2005,천곡남로 37,,-,-
울산광역시 북구 천곡동,418,418,0,삼성코아루,84.921,202110,1,"28,000",4,2005,천곡남로 37,,-,-
울산광역시 북구 천곡동,418,418,0,삼성코아루,84.921,202110,4,"30,500",15,2005,천곡남로 37,,-,-
울산광역시 북구 천곡동,418,418,0,삼성코아루,59.989,202110,4,"22,900",13,2005,천곡남로 37,,-,-
울산광역시 북구 천곡동,418,418,0,삼성코아루,75.993,202110,7,"26,500",6,2005,천곡남로 37,,-,-
울산광역시 북구 천곡동,418,418,0,삼성코아루,84.921,202110,15,"29,700",7,2005,천곡남로 37,,-,-
울산광역시 북구 천곡동,418,418,0,삼성코아루,75.993,202110,16,"27,000",7,2005,천곡남로 37,20211029,-,-
울산광역시 북구 천곡동,418,418,0,삼성코아루,75.993,202110,16,"27,000",7,2005,천곡남로 37,,-,-
울산광역시 북구 천곡동,418,418,0,삼성코아루,59.989,202110,18,"22,500",14,2005,천곡남로 37,,-,-
울산광역시 북구 천곡동,418,418,0,삼성코아루,59.989,202110,26,"23,200",16,2005,천곡남로 37,,-,-
울산광역시 북구 천곡동,418,418,0,삼성코아루,84.921,202110,26,"30,000",13,2005,천곡남로 37,,-,-
울산광역시 북구 천곡동,418,418,0,삼성코아루,59.989,202110,28,"22,900",11,2005,천곡남로 37,,-,-
울산광역시 북구 천곡동,1153,1153,0,새천곡한신휴플러스2단지,84.994,202110,11,"32,400",6,2013,천곡남로 95,,-,-
울산광역시 북구 천곡동,411,411,0,쌍용아진그린3,59.98,202110,1,"17,000",2,1996,아진로 115,,-,-
울산광역시 북구 천곡동,410-1,410,1,쌍용아진그린4,73.8,202110,6,"19,000",6,1998,천곡남로 38,,-,-
울산광역시 북구 천곡동,410-1,410,1,쌍용아진그린4,73.8,202110,6,"19,000",6,1998,천곡남로 38,20211027,-,-
울산광역시 북구 천곡동,410-1,410,1,쌍용아진그린4,59.98,202110,10,"16,500",3,1998,천곡남로 38,,-,-
울산광역시 북구 천곡동,410-1,410,1,쌍용아진그린4,84.92,202110,11,"20,800",14,1998,천곡남로 38,,-,-
울산광역시 북구 천곡동,410-1,410,1,쌍용아진그린4,84.92,202110,12,"21,800",6,1998,천곡남로 38,,-,-
울산광역시 북구 천곡동,410-1,410,1,쌍용아진그린4,84.92,202110,16,"22,100",14,1998,천곡남로 38,,-,-
울산광역시 북구 천곡동,410-1,410,1,쌍용아진그린4,59.95,202110,16,"17,800",9,1998,천곡남로 38,,-,-
울산광역시 북구 천곡동,410-1,410,1,쌍용아진그린4,84.92,202110,17,"19,700",5,1998,천곡남로 38,,-,-
울산광역시 북구 천곡동,410-1,410,1,쌍용아진그린4,59.98,202110,18,"17,400",12,1998,천곡남로 38,,-,-
울산광역시 북구 천곡동,410-1,410,1,쌍용아진그린4,84.92,202110,20,"20,400",12,1998,천곡남로 38,,-,-
울산광역시 북구 천곡동,410-1,410,1,쌍용아진그린4,73.8,202110,23,"17,000",4,1998,천곡남로 38,,-,-
울산광역시 북구 천곡동,410-1,410,1,쌍용아진그린4,73.8,202110,23,"17,000",4,1998,천곡남로 38,,-,-
울산광역시 북구 천곡동,940-1,940,1,우방,49.5,202110,2,"6,400",3,1998,천곡길 199,,-,-
울산광역시 북구 천곡동,940-1,940,1,우방,49.5,202110,3,"6,650",1,1998,천곡길 199,,-,-
울산광역시 북구 천곡동,940-1,940,1,우방,49.5,202110,12,"7,500",6,1998,천곡길 199,,-,-
울산광역시 북구 천곡동,940-1,940,1,우방,49.5,202110,14,"6,700",5,1998,천곡길 199,,-,-
울산광역시 북구 천곡동,940-1,940,1,우방,49.5,202110,23,"7,150",4,1998,천곡길 199,,-,-
울산광역시 북구 천곡동,940-1,940,1,우방,49.5,202110,23,"6,800",5,1998,천곡길 199,,-,-
울산광역시 북구 천곡동,940-1,940,1,우방,49.5,202110,27,"6,500",2,1998,천곡길 199,,-,-
울산광역시 북구 천곡동,402,402,0,원동현대,59.91,202110,1,"9,700",9,1994,고래로 2,,-,-
울산광역시 북구 천곡동,402,402,0,원동현대,74.27,202110,1,"9,500",1,1994,고래로 2,,-,-
울산광역시 북구 천곡동,402,402,0,원동현대,84.755,202110,3,"17,800",11,1994,고래로 2,20211006,-,-
울산광역시 북구 천곡동,402,402,0,원동현대,84.755,202110,3,"17,800",11,1994,고래로 2,,-,-
울산광역시 북구 천곡동,402,402,0,원동현대,59.91,202110,12,"11,600",5,1994,고래로 2,,-,-
울산광역시 북구 천곡동,402,402,0,원동현대,59.91,202110,13,"11,500",9,1994,고래로 2,,-,-
울산광역시 북구 천곡동,402,402,0,원동현대,84.755,202110,16,"16,500",3,1994,고래로 2,,-,-
울산광역시 북구 천곡동,402,402,0,원동현대,84.755,202110,16,"17,000",15,1994,고래로 2,,-,-
울산광역시 북구 천곡동,1020-21,1020,21,일지리버타워,84.78,202110,2,"8,700",2,1993,천곡길 51-6,,-,-
울산광역시 북구 천곡동,1136,1136,0,천곡벽산블루밍,84.9187,202110,1,"33,800",14,2010,천곡길 137,,-,-
울산광역시 북구 천곡동,1136,1136,0,천곡벽산블루밍,84.9187,202110,9,"33,800",7,2010,천곡길 137,,-,-
울산광역시 북구 천곡동,1136,1136,0,천곡벽산블루밍,84.8536,202110,19,"34,300",11,2010,천곡길 137,,-,-
울산광역시 북구 천곡동,1136,1136,0,천곡벽산블루밍,115.9799,202110,30,"40,500",17,2010,천곡길 137,,-,-
울산광역시 북구 천곡동,674,674,0,천곡웰빙,84.3313,202110,17,"14,500",9,2009,덕곡길 18,,-,-
울산광역시 북구 천곡동,500,500,0,천곡코아루2차,84.8434,202110,2,"27,500",3,2008,천곡남로 65,,-,-
울산광역시 북구 천곡동,500,500,0,천곡코아루2차,84.8434,202110,5,"29,500",20,2008,천곡남로 65,,-,-
울산광역시 북구 천곡동,500,500,0,천곡코아루2차,84.8434,202110,10,"27,750",14,2008,천곡남로 65,,-,-
울산광역시 북구 호계동,346-5,346,5,성우현대,84.28,202110,9,"16,000",9,1993,호계로 313,,-,-
울산광역시 북구 호계동,346-5,346,5,성우현대,84.28,202110,12,"16,800",14,1993,호계로 313,,-,-
울산광역시 북구 호계동,BL-1-1,1,1,호계2차한양수자인아파트,84.8135,202110,1,"38,000",7,2017,호수중앙로 15-22,,-,-
울산광역시 북구 호계동,BL-1-1,1,1,호계2차한양수자인아파트,73.2782,202110,4,"34,000",3,2017,호수중앙로 15-22,,-,-
울산광역시 북구 호계동,BL-1-1,1,1,호계2차한양수자인아파트,84.8135,202110,11,"39,200",15,2017,호수중앙로 15-22,,-,-
울산광역시 북구 호계동,BL-1-1,1,1,호계2차한양수자인아파트,84.8135,202110,17,"35,800",4,2017,호수중앙로 15-22,,-,-
울산광역시 북구 화봉동,452,452,0,동아.청구아파트,85,202110,19,"26,000",3,1994,상방로 81,,-,-
울산광역시 북구 화봉동,1492-2,1492,2,울산송정한라비발디캠퍼스,84.899,202110,17,"64,500",10,2019,박상진2로 121,,-,-
울산광역시 북구 화봉동,894-1,894,1,청우그린파크맨션,84.88,202110,6,"22,500",6,1995,사청1길 37,,-,-
울산광역시 북구 화봉동,894-1,894,1,청우그린파크맨션,84.97,202110,7,"22,000",4,1995,사청1길 37,,-,-
울산광역시 북구 화봉동,1471,1471,0,화봉휴먼시아,84.95,202110,9,"38,900",9,2009,화산로 19,,-,-
울산광역시 북구 화봉동,1471,1471,0,화봉휴먼시아,84.95,202110,11,"37,750",4,2009,화산로 19,,-,-
울산광역시 북구 화봉동,639-1,639,1,효성삼환,59.985,202110,2,"16,500",12,1996,통샘10길 9,,-,-
울산광역시 북구 화봉동,639-1,639,1,효성삼환,59.985,202110,5,"17,600",8,1996,통샘10길 9,,-,-
울산광역시 북구 화봉동,639-1,639,1,효성삼환,59.985,202110,6,"17,000",7,1996,통샘10길 9,,-,-
울산광역시 북구 화봉동,639-1,639,1,효성삼환,59.985,202110,8,"18,000",7,1996,통샘10길 9,,-,-
울산광역시 북구 화봉동,639-1,639,1,효성삼환,59.985,202110,14,"17,450",4,1996,통샘10길 9,,-,-
울산광역시 북구 효문동,1039,1039,0,효문코오롱하늘채,77.03,202110,8,"40,800",7,2018,율동2길 8,,-,-
울산광역시 북구 효문동,1039,1039,0,효문코오롱하늘채,77.05,202110,13,"40,000",12,2018,율동2길 8,,-,-
울산광역시 북구 효문동,1039,1039,0,효문코오롱하늘채,77.03,202110,22,"40,500",14,2018,율동2길 8,,-,-
울산광역시 북구 효문동,1039,1039,0,효문코오롱하늘채,72.11,202110,23,"35,300",18,2018,율동2길 8,,-,-
울산광역시 울주군 범서읍 구영리,873-4,873,4,경동파크빌,84.271,202110,18,"24,900",4,2007,구영앞길 104,,-,-
울산광역시 울주군 범서읍 구영리,204-1,204,1,구영1차우미린,83.3113,202110,19,"44,000",1,2007,구영로 75-9,,-,-
울산광역시 울주군 범서읍 구영리,204-1,204,1,구영1차우미린,67.925,202110,21,"37,800",17,2007,구영로 75-9,,-,-
울산광역시 울주군 범서읍 구영리,207-1,207,1,구영2차우미린,74.9978,202110,13,"44,000",12,2007,대리로 15-17,,-,-
울산광역시 울주군 범서읍 구영리,209-1,209,1,구영2차푸르지오,70.73,202110,11,"39,800",14,2007,구영로 101-7,,-,-
울산광역시 울주군 범서읍 구영리,209-1,209,1,구영2차푸르지오,84.84,202110,15,"52,300",10,2007,구영로 101-7,,-,-
울산광역시 울주군 범서읍 구영리,209-1,209,1,구영2차푸르지오,70.73,202110,16,"40,000",5,2007,구영로 101-7,,-,-
울산광역시 울주군 범서읍 구영리,810-1,810,1,구영더라이징,84.8241,202110,2,"32,500",3,2019,점촌5길 19,,-,-
울산광역시 울주군 범서읍 구영리,370-1,370,1,구영지구푸르지오1단지,84.995,202110,1,"40,000",14,2006,대리2길 48,,-,-
울산광역시 울주군 범서읍 구영리,370-1,370,1,구영지구푸르지오1단지,84.995,202110,10,"43,700",15,2006,대리2길 48,,-,-
울산광역시 울주군 범서읍 구영리,370-1,370,1,구영지구푸르지오1단지,84.995,202110,23,"42,500",7,2006,대리2길 48,,-,-
울산광역시 울주군 범서읍 구영리,371,371,0,구영지구푸르지오2단지,84.995,202110,3,"41,500",20,2006,대리2길 46,,-,-
울산광역시 울주군 범서읍 구영리,371,371,0,구영지구푸르지오2단지,84.995,202110,17,"38,500",1,2006,대리2길 46,,-,-
울산광역시 울주군 범서읍 구영리,371,371,0,구영지구푸르지오2단지,84.995,202110,22,"40,500",3,2006,대리2길 46,,-,-
울산광역시 울주군 범서읍 구영리,798-1,798,1,구영현대아이파크,70.53,202110,1,"17,250",8,1991,점촌4길 43,,-,-
울산광역시 울주군 범서읍 구영리,798-1,798,1,구영현대아이파크,70.53,202110,8,"17,650",11,1991,점촌4길 43,,-,-
울산광역시 울주군 범서읍 구영리,798-1,798,1,구영현대아이파크,81.42,202110,16,"20,000",11,1991,점촌4길 43,,-,-
울산광역시 울주군 범서읍 구영리,799-5,799,5,범서현대3차,68.85,202110,2,"15,350",6,1993,점촌4길 65,,-,-
울산광역시 울주군 범서읍 구영리,807-8,807,8,서영골든,57.5,202110,5,"10,500",13,1995,점촌5길 16,,-,-
울산광역시 울주군 범서읍 구영리,881-2,881,2,신한디아채,59.5225,202110,15,"20,500",9,1998,점촌5길 51-3,20211025,-,-
울산광역시 울주군 범서읍 구영리,881-2,881,2,신한디아채,59.5225,202110,15,"20,500",9,1998,점촌5길 51-3,,-,-
울산광역시 울주군 범서읍 구영리,881-2,881,2,신한디아채,59.5225,202110,16,"17,700",3,1998,점촌5길 51-3,,-,-
울산광역시 울주군 범서읍 구영리,881-2,881,2,신한디아채,59.94,202110,20,"17,500",7,1998,점촌5길 51-3,,-,-
울산광역시 울주군 범서읍 구영리,881-2,881,2,신한디아채,84.5525,202110,22,"25,000",12,1998,점촌5길 51-3,,-,-
울산광역시 울주군 범서읍 구영리,840,840,0,일신파크맨션,84.9,202110,4,"21,300",13,1993,점촌4길 31,,-,-
울산광역시 울주군 범서읍 구영리,840,840,0,일신파크맨션,84.9,202110,5,"22,500",14,1993,점촌4길 31,,-,-
울산광역시 울주군 범서읍 구영리,840,840,0,일신파크맨션,84.9,202110,15,"20,500",14,1993,점촌4길 31,,-,-
울산광역시 울주군 범서읍 구영리,840,840,0,일신파크맨션,84.9,202110,26,"18,900",7,1993,점촌4길 31,,-,-
울산광역시 울주군 범서읍 구영리,208,208,0,풍경채,63.8628,202110,9,"33,400",17,2007,구영로 75-26,,-,-
울산광역시 울주군 범서읍 구영리,208,208,0,풍경채,63.8628,202110,28,"36,500",14,2007,구영로 75-26,,-,-
울산광역시 울주군 범서읍 구영리,796-2,796,2,한신,57.9,202110,5,"13,800",4,1994,점촌4길 77,,-,-
울산광역시 울주군 범서읍 구영리,796-2,796,2,한신,102.03,202110,9,"25,500",17,1994,점촌4길 77,,-,-
울산광역시 울주군 범서읍 구영리,796-2,796,2,한신,57.9,202110,25,"14,000",9,1994,점촌4길 77,,-,-
울산광역시 울주군 범서읍 구영리,870,870,0,현대2차,71.115,202110,20,"18,000",2,1992,구영앞길 114,,-,-
울산광역시 울주군 범서읍 구영리,870,870,0,현대2차,59.205,202110,29,"16,820",11,1992,구영앞길 114,,-,-
울산광역시 울주군 범서읍 구영리,870,870,0,현대2차,59.205,202110,29,"17,000",6,1992,구영앞길 114,,-,-
울산광역시 울주군 범서읍 구영리,870,870,0,현대2차,71.115,202110,29,"17,400",11,1992,구영앞길 114,,-,-
울산광역시 울주군 범서읍 구영리,211-1,211,1,호반베르디움,84.3181,202110,9,"43,300",14,2007,대리로 15-12,,-,-
울산광역시 울주군 범서읍 굴화리,06월 01일,6,1,강변그린빌(6-1),84.54,202110,11,"53,000",8,2002,울밀로 2879-7,,-,-
울산광역시 울주군 범서읍 굴화리,758,758,0,문수산 더샵,84.79,202110,7,"60,000",23,2014,장검길 88,,-,-
울산광역시 울주군 범서읍 굴화리,734,734,0,문수산동문굿모닝힐,156.7665,202110,2,"67,400",3,2010,장검길 123,,-,-
울산광역시 울주군 범서읍 굴화리,734,734,0,문수산동문굿모닝힐,130.8826,202110,13,"67,000",4,2010,장검길 123,,-,-
울산광역시 울주군 범서읍 굴화리,743-2,743,2,문수산동원로얄듀크,99.9959,202110,3,"77,200",9,2017,장검길 60,,-,-
울산광역시 울주군 범서읍 굴화리,743-2,743,2,문수산동원로얄듀크,99.9959,202110,7,"83,000",23,2017,장검길 60,,-,-
울산광역시 울주군 범서읍 굴화리,743,743,0,문수산신동아파밀리에,84.9785,202110,20,"44,500",10,2014,장검길 143,,-,-
울산광역시 울주군 범서읍 굴화리,122-1,122,1,보람빌라A,78.74,202110,31,"10,000",4,2000,굴화길 31,,-,-
울산광역시 울주군 범서읍 굴화리,353,353,0,월드메르디앙,110.5006,202110,8,"65,000",4,2008,굴화1길 55,,-,-
울산광역시 울주군 범서읍 굴화리,245,245,0,장검한라아트빌,58.2737,202110,21,"20,500",2,2001,장검1길 30,,-,-
울산광역시 울주군 범서읍 굴화리,245,245,0,장검한라아트빌,58.2737,202110,21,"20,500",2,2001,장검1길 30,20211026,-,-
울산광역시 울주군 범서읍 천상리,324-2,324,2,경동태원하이빌,59.961,202110,4,"10,000",8,2001,천상길 43,,-,-
울산광역시 울주군 범서읍 천상리,324-2,324,2,경동태원하이빌,59.961,202110,17,"12,800",6,2001,천상길 43,,-,-
울산광역시 울주군 범서읍 천상리,324-2,324,2,경동태원하이빌,59.961,202110,19,"10,300",2,2001,천상길 43,,-,-
울산광역시 울주군 범서읍 천상리,324-2,324,2,경동태원하이빌,59.961,202110,22,"13,950",19,2001,천상길 43,,-,-
울산광역시 울주군 범서읍 천상리,268,268,0,문수애시앙1단지,126.25,202110,6,"58,500",6,2014,대동길 21,,-,-
울산광역시 울주군 범서읍 천상리,268,268,0,문수애시앙1단지,126.25,202110,9,"59,000",7,2014,대동길 21,,-,-
울산광역시 울주군 범서읍 천상리,268,268,0,문수애시앙1단지,102.89,202110,22,"45,000",25,2014,대동길 21,,-,-
울산광역시 울주군 범서읍 천상리,268,268,0,문수애시앙1단지,84.78,202110,22,"44,750",11,2014,대동길 21,,-,-
울산광역시 울주군 범서읍 천상리,666-1,666,1,벽산,59.925,202110,5,"16,000",24,1999,천상길 55,,-,-
울산광역시 울주군 범서읍 천상리,666-1,666,1,벽산,59.925,202110,5,"13,500",12,1999,천상길 55,,-,-
울산광역시 울주군 범서읍 천상리,666-1,666,1,벽산,84.99,202110,7,"21,800",4,1999,천상길 55,,-,-
울산광역시 울주군 범서읍 천상리,666-1,666,1,벽산,59.925,202110,17,"13,400",2,1999,천상길 55,,-,-
울산광역시 울주군 범서읍 천상리,666-1,666,1,벽산,84.99,202110,21,"22,500",3,1999,천상길 55,,-,-
울산광역시 울주군 범서읍 천상리,605,605,0,천상국태그린빌,49.98,202110,6,"10,000",13,2001,천상4길 4,,-,-
울산광역시 울주군 범서읍 천상리,605,605,0,천상국태그린빌,49.98,202110,26,"10,300",7,2001,천상4길 4,,-,-
울산광역시 울주군 범서읍 천상리,299-1,299,1,천상동아,59.67,202110,14,"14,900",12,1998,대동길 34,,-,-
울산광역시 울주군 범서읍 천상리,300-3,300,3,천상필그린아트리움,84.9275,202110,14,"27,300",11,2008,천상길 9,,-,-
울산광역시 울주군 범서읍 천상리,578,578,0,청구(그린타운)1차,59.84,202110,26,"13,000",23,1998,평천길 94,,-,-
울산광역시 울주군 범서읍 천상리,574-1,574,1,청구(천상그린타운)2차,59.82,202110,13,"11,000",4,2000,평천길 82,,-,-
울산광역시 울주군 범서읍 천상리,574-1,574,1,청구(천상그린타운)2차,84.86,202110,20,"20,700",3,2000,평천길 82,,-,-
울산광역시 울주군 범서읍 천상리,646,646,0,한라그린피스,83.58,202110,1,"18,500",11,1998,천상3길 20,,-,-
울산광역시 울주군 범서읍 천상리,646,646,0,한라그린피스,59.58,202110,15,"11,400",20,1998,천상3길 20,,-,-
울산광역시 울주군 범서읍 천상리,646,646,0,한라그린피스,83.58,202110,19,"17,200",1,1998,천상3길 20,,-,-
울산광역시 울주군 삼남읍 가천리,Apr-90,90,4,대원그린파크,59.6,202110,23,"5,900",4,1993,1,,-,-
울산광역시 울주군 삼남읍 교동리,1678-1,1678,1,KTX울산역우성스마트시티뷰,84.9939,202110,10,"53,000",14,2018,울산역로 300,,-,-
울산광역시 울주군 삼남읍 교동리,1678,1678,0,경동우신알프스타운,54.4281,202110,24,"11,000",1,2015,작괘들길 41,,-,-
울산광역시 울주군 삼남읍 교동리,1678,1678,0,경동우신알프스타운,54.5389,202110,25,"6,000",12,2015,작괘들길 41,,-,-
울산광역시 울주군 삼남읍 교동리,840-2,840,2,대진그린피아,59.85,202110,16,"9,150",6,1993, 591-16,,-,-
울산광역시 울주군 삼남읍 교동리,1369,1369,0,부일맨션,61.56,202110,14,"4,700",6,1991,자수정로 51,,-,-
울산광역시 울주군 삼남읍 교동리,1366,1366,0,새진흥,51.48,202110,13,"5,100",1,1989,31,,-,-
울산광역시 울주군 삼남읍 교동리,1705,1705,0,소슬채아파트,82.0025,202110,9,"26,500",3,2016,29,,-,-
울산광역시 울주군 삼남읍 교동리,1348-3,1348,3,수산로얄팰리스,84.42,202110,3,"13,000",4,2004,17,,-,-
울산광역시 울주군 삼남읍 교동리,1555-1,1555,1,울산교동리슈빌,84.5903,202110,3,"28,200",14,2008,164,,-,-
울산광역시 울주군 삼남읍 교동리,1555-1,1555,1,울산교동리슈빌,84.5903,202110,4,"28,000",6,2008,164,,-,-
울산광역시 울주군 삼남읍 교동리,1555-1,1555,1,울산교동리슈빌,84.5903,202110,9,"29,000",19,2008,164,,-,-
울산광역시 울주군 삼남읍 교동리,1555-1,1555,1,울산교동리슈빌,101.3889,202110,16,"27,500",4,2008,164,,-,-
울산광역시 울주군 삼남읍 교동리,1678-3,1678,3,울산역KTX신도시동문굿모닝힐,84.989,202110,12,"57,800",35,2019,울산역로 274,,-,-
울산광역시 울주군 삼남읍 교동리,1522-5,1522,5,태봉파크맨션,59.73,202110,2,"8,200",11,1992,613,,-,-
울산광역시 울주군 삼남읍 교동리,1522-5,1522,5,태봉파크맨션,59.73,202110,6,"7,800",11,1992,613,,-,-
울산광역시 울주군 삼남읍 교동리,1522-5,1522,5,태봉파크맨션,59.73,202110,15,"6,800",2,1992,613,,-,-
울산광역시 울주군 삼남읍 교동리,1522-5,1522,5,태봉파크맨션,59.73,202110,30,"7,700",12,1992,613,,-,-
울산광역시 울주군 삼남읍 방기리,565-2,565,2,삼아,66,202110,14,"4,150",1,1993,22,,-,-
울산광역시 울주군 삼남읍 신화리,1609,1609,0,KTX울산역금아드림팰리스,84.14,202110,5,"45,700",2,2018, 39-11,,-,-
울산광역시 울주군 상북면 궁근정리,916-10,916,10,광천그린코아,59.74,202110,8,"5,000",6,1991,신기3길 12,,-,-
울산광역시 울주군 상북면 궁근정리,916-10,916,10,광천그린코아,59.49,202110,8,"4,600",5,1991,신기3길 12,,-,-
울산광역시 울주군 상북면 궁근정리,830-1,830,1,삼진금탑,59.74,202110,13,"3,900",1,1992,신기1길 5,,-,-
울산광역시 울주군 상북면 천전리,532-19,532,19,경동청구타운,79.535,202110,2,"10,750",8,1991,남천로 247,,-,-
울산광역시 울주군 상북면 천전리,532-19,532,19,경동청구타운,61.935,202110,4,"7,300",4,1991,남천로 247,,-,-
울산광역시 울주군 상북면 천전리,532-19,532,19,경동청구타운,79.535,202110,5,"10,500",2,1991,남천로 247,,-,-
울산광역시 울주군 상북면 천전리,532-19,532,19,경동청구타운,59.73,202110,16,"7,800",8,1991,남천로 247,,-,-
울산광역시 울주군 서생면 진하리,Mar-73,73,3,진하비치,59.94,202110,5,"9,950",11,1993,진하8길 25,,-,-
울산광역시 울주군 언양읍 동부리,385-3,385,3,산정동부빌라트,84.965,202110,4,"15,300",5,1998,동부2길 45,,-,-
울산광역시 울주군 언양읍 동부리,385-3,385,3,산정동부빌라트,84.965,202110,19,"16,000",15,1998,동부2길 45,,-,-
울산광역시 울주군 언양읍 동부리,498,498,0,신울산경남아너스빌,84.7195,202110,1,"29,900",21,2010,북문11길 9,,-,-
울산광역시 울주군 언양읍 동부리,498,498,0,신울산경남아너스빌,118.3019,202110,2,"35,400",2,2010,북문11길 9,,-,-
울산광역시 울주군 언양읍 동부리,498,498,0,신울산경남아너스빌,118.3019,202110,11,"35,000",6,2010,북문11길 9,,-,-
울산광역시 울주군 언양읍 동부리,498,498,0,신울산경남아너스빌,84.819,202110,22,"32,800",12,2010,북문11길 9,,-,-
울산광역시 울주군 언양읍 동부리,360-1,360,1,언양동부주공,49.85,202110,11,"12,800",11,1999,북문8길 17,,-,-
울산광역시 울주군 언양읍 동부리,360-1,360,1,언양동부주공,49.85,202110,15,"12,850",13,1999,북문8길 17,,-,-
울산광역시 울주군 언양읍 동부리,258-3,258,3,천지아파트,84.89,202110,15,"22,000",10,2015,동부9길 5,,-,-
울산광역시 울주군 언양읍 반천리,1023-51,1023,51,반천현대,84.89,202110,14,"14,500",13,1994,반천강변길 51,,-,-
울산광역시 울주군 언양읍 반천리,1023-51,1023,51,반천현대,59.75,202110,16,"8,800",12,1994,반천강변길 51,,-,-
울산광역시 울주군 언양읍 반천리,1023-51,1023,51,반천현대,59.75,202110,20,"8,500",5,1994,반천강변길 51,,-,-
울산광역시 울주군 언양읍 반천리,1023-51,1023,51,반천현대,59.75,202110,28,"9,000",13,1994,반천강변길 51,,-,-
울산광역시 울주군 언양읍 서부리,401,401,0,두산위브,120.985,202110,7,"44,000",6,2009,헌양길 202,,-,-
울산광역시 울주군 언양읍 서부리,401,401,0,두산위브,84.947,202110,15,"36,200",11,2009,헌양길 202,,-,-
울산광역시 울주군 언양읍 서부리,401,401,0,두산위브,123.68,202110,25,"46,000",15,2009,헌양길 202,,-,-
울산광역시 울주군 언양읍 서부리,236,236,0,삼성아파트,59.91,202110,5,"12,150",17,1996,웃방천1길 33,,-,-
울산광역시 울주군 언양읍 서부리,236,236,0,삼성아파트,59.91,202110,8,"15,900",14,1996,웃방천1길 33,,-,-
울산광역시 울주군 언양읍 서부리,236,236,0,삼성아파트,59.91,202110,18,"15,200",15,1996,웃방천1길 33,,-,-
울산광역시 울주군 언양읍 서부리,236,236,0,삼성아파트,59.91,202110,28,"13,400",3,1996,웃방천1길 33,,-,-
울산광역시 울주군 언양읍 서부리,236,236,0,삼성아파트,59.91,202110,31,"11,600",1,1996,웃방천1길 33,,-,-
울산광역시 울주군 언양읍 서부리,411,411,0,서울산한신휴플러스,77.6725,202110,4,"30,800",9,2013,웃방천1길 48,,-,-
울산광역시 울주군 언양읍 서부리,411,411,0,서울산한신휴플러스,77.6725,202110,9,"31,000",6,2013,웃방천1길 48,,-,-
울산광역시 울주군 언양읍 서부리,411,411,0,서울산한신휴플러스,69.9926,202110,16,"29,600",3,2013,웃방천1길 48,,-,-
울산광역시 울주군 언양읍 서부리,411,411,0,서울산한신휴플러스,84.9886,202110,18,"35,000",18,2013,웃방천1길 48,,-,-
울산광역시 울주군 언양읍 서부리,411,411,0,서울산한신휴플러스,77.6725,202110,22,"31,900",10,2013,웃방천1길 48,,-,-
울산광역시 울주군 언양읍 서부리,411,411,0,서울산한신휴플러스,59.9442,202110,24,"25,000",9,2013,웃방천1길 48,,-,-
울산광역시 울주군 언양읍 서부리,411,411,0,서울산한신휴플러스,77.6725,202110,26,"31,700",7,2013,웃방천1길 48,,-,-
울산광역시 울주군 언양읍 서부리,187,187,0,세명다이아몬드,59.8,202110,16,"9,300",10,1993,서문7길 18,,-,-
울산광역시 울주군 언양읍 서부리,257-2,257,2,청전아트빌,82.94,202110,20,"13,000",4,2003,방천7길 24,,-,-
울산광역시 울주군 언양읍 어음리,253,253,0,장원그랜즈,58.34,202110,11,"8,700",4,1997,언양로 65,,-,-
울산광역시 울주군 언양읍 어음리,253,253,0,장원그랜즈,80.46,202110,11,"13,000",4,1997,언양로 65,,-,-
울산광역시 울주군 온산읍 덕신리,184-1,184,1,가화파티오,84.965,202110,5,"19,700",6,2008,영남길 26,,-,-
울산광역시 울주군 온산읍 덕신리,184-1,184,1,가화파티오,84.965,202110,5,"19,400",15,2008,영남길 26,,-,-
울산광역시 울주군 온산읍 덕신리,184-1,184,1,가화파티오,84.965,202110,13,"19,300",5,2008,영남길 26,,-,-
울산광역시 울주군 온산읍 덕신리,184-1,184,1,가화파티오,84.965,202110,20,"19,700",14,2008,영남길 26,,-,-
울산광역시 울주군 온산읍 덕신리,184-1,184,1,가화파티오,84.965,202110,21,"18,700",1,2008,영남길 26,,-,-
울산광역시 울주군 온산읍 덕신리,184-1,184,1,가화파티오,84.558,202110,21,"19,200",2,2008,영남길 26,,-,-
울산광역시 울주군 온산읍 덕신리,184-1,184,1,가화파티오,84.965,202110,22,"19,700",13,2008,영남길 26,,-,-
울산광역시 울주군 온산읍 덕신리,184-1,184,1,가화파티오,84.965,202110,25,"18,700",15,2008,영남길 26,,-,-
울산광역시 울주군 온산읍 덕신리,184-1,184,1,가화파티오,84.965,202110,26,"19,300",4,2008,영남길 26,,-,-
울산광역시 울주군 온산읍 덕신리,1346-12,1346,12,강산리더스3차,84.7221,202110,4,"21,000",1,2008,서영남2길 18,,-,-
울산광역시 울주군 온산읍 덕신리,1329-4,1329,4,덕신동백,49.85,202110,5,"6,700",7,1992,영남7길 21,,-,-
울산광역시 울주군 온산읍 덕신리,1329-4,1329,4,덕신동백,49.85,202110,11,"7,000",4,1992,영남7길 21,,-,-
울산광역시 울주군 온산읍 덕신리,1329-4,1329,4,덕신동백,49.85,202110,12,"7,000",13,1992,영남7길 21,,-,-
울산광역시 울주군 온산읍 덕신리,1329-4,1329,4,덕신동백,49.85,202110,13,"8,000",13,1992,영남7길 21,,-,-
울산광역시 울주군 온산읍 덕신리,1329-4,1329,4,덕신동백,49.85,202110,14,"7,600",2,1992,영남7길 21,,-,-
울산광역시 울주군 온산읍 덕신리,1329-4,1329,4,덕신동백,49.85,202110,29,"6,500",3,1992,영남7길 21,,-,-
울산광역시 울주군 온산읍 덕신리,1329-5,1329,5,덕신주공,47.31,202110,23,"6,300",5,1992,영남7길 35,,-,-
울산광역시 울주군 온산읍 덕신리,184,184,0,덕신천지,59.925,202110,1,"11,600",4,2005,영남4길 22,,-,-
울산광역시 울주군 온산읍 덕신리,1329-2,1329,2,동원아파트1차,84.89,202110,7,"17,500",8,1997,영남7길 13,,-,-
울산광역시 울주군 온산읍 덕신리,1329-2,1329,2,동원아파트1차,59.94,202110,9,"12,000",10,1997,영남7길 13,,-,-
울산광역시 울주군 온산읍 덕신리,336-1,336,1,무궁화,67.5,202110,2,"6,200",5,1991,신온9길 45,,-,-
울산광역시 울주군 온산읍 덕신리,336-1,336,1,무궁화,54.66,202110,6,"6,000",2,1991,신온9길 45,,-,-
울산광역시 울주군 온산읍 덕신리,336-1,336,1,무궁화,67.5,202110,11,"7,000",1,1991,신온9길 45,,-,-
울산광역시 울주군 온산읍 덕신리,336-1,336,1,무궁화,67.5,202110,15,"6,300",5,1991,신온9길 45,,-,-
울산광역시 울주군 온양읍 남창리,155-1,155,1,이채리움,82.3555,202110,5,"20,500",8,2016,남창2길 29,,-,-
울산광역시 울주군 온양읍 대안리,575,575,0,남창럭키,52.56,202110,23,"8,700",10,1991,온양로 86,,-,-
울산광역시 울주군 온양읍 대안리,575,575,0,남창럭키,52.56,202110,29,"9,150",3,1991,온양로 86,,-,-
울산광역시 울주군 온양읍 대안리,542,542,0,대안IPARK,59.925,202110,4,"12,800",7,1993,남창강변로 93,,-,-
울산광역시 울주군 온양읍 대안리,542,542,0,대안IPARK,59.925,202110,5,"11,400",1,1993,남창강변로 93,,-,-
울산광역시 울주군 온양읍 대안리,542,542,0,대안IPARK,84.86,202110,17,"17,500",4,1993,남창강변로 93,,-,-
울산광역시 울주군 온양읍 대안리,542,542,0,대안IPARK,59.925,202110,18,"12,500",2,1993,남창강변로 102,,-,-
울산광역시 울주군 온양읍 대안리,542,542,0,대안IPARK,59.925,202110,19,"12,400",6,1993,남창강변로 93,,-,-
울산광역시 울주군 온양읍 대안리,542,542,0,대안IPARK,59.925,202110,22,"12,500",11,1993,남창강변로 93,,-,-
울산광역시 울주군 온양읍 대안리,542,542,0,대안IPARK,84.86,202110,25,"17,500",15,1993,남창강변로 93,,-,-
울산광역시 울주군 온양읍 대안리,542,542,0,대안IPARK,59.925,202110,27,"12,350",11,1993,남창강변로 93,,-,-
울산광역시 울주군 온양읍 대안리,542,542,0,대안IPARK,59.925,202110,29,"12,800",8,1993,남창강변로 93,,-,-
울산광역시 울주군 온양읍 대안리,417,417,0,미도파,84.905,202110,2,"18,400",13,1993,연안2길 22,,-,-
울산광역시 울주군 온양읍 대안리,417,417,0,미도파,84.905,202110,14,"14,500",12,1993,연안2길 22,,-,-
울산광역시 울주군 온양읍 대안리,419,419,0,상아비취,77.19,202110,3,"9,800",11,1993,연안8길 44-7,,-,-
울산광역시 울주군 온양읍 대안리,419,419,0,상아비취,84.33,202110,7,"13,700",11,1993,연안8길 44-7,,-,-
울산광역시 울주군 온양읍 대안리,400-1,400,1,상아해미안1차,68.67,202110,26,"10,300",5,1993,연안1길 3,,-,-
울산광역시 울주군 온양읍 대안리,626-12,626,12,성림그린빌,59.9616,202110,18,"15,700",10,2003,솔밭3길 35,,-,-
울산광역시 울주군 온양읍 대안리,266-2,266,2,우주그린가든,84.28,202110,16,"13,900",8,1992,화산발리로 712,,-,-
울산광역시 울주군 온양읍 대안리,196,196,0,울산온양대우,84.989,202110,4,"20,000",7,1998,솔밭1길 12,,-,-
울산광역시 울주군 온양읍 대안리,196,196,0,울산온양대우,59.95,202110,5,"12,800",14,1998,솔밭1길 12,,-,-
울산광역시 울주군 온양읍 대안리,196,196,0,울산온양대우,59.95,202110,7,"12,500",10,1998,솔밭1길 12,,-,-
울산광역시 울주군 온양읍 대안리,196,196,0,울산온양대우,59.95,202110,9,"14,500",14,1998,솔밭1길 12,,-,-
울산광역시 울주군 온양읍 대안리,196,196,0,울산온양대우,84.989,202110,13,"20,900",15,1998,솔밭1길 12,,-,-
울산광역시 울주군 온양읍 대안리,196,196,0,울산온양대우,59.95,202110,18,"15,000",8,1998,솔밭1길 12,,-,-
울산광역시 울주군 온양읍 대안리,196,196,0,울산온양대우,59.95,202110,19,"14,000",9,1998,솔밭1길 12,,-,-
울산광역시 울주군 온양읍 대안리,196,196,0,울산온양대우,59.95,202110,23,"13,000",10,1998,솔밭1길 12,,-,-
울산광역시 울주군 온양읍 대안리,196,196,0,울산온양대우,59.95,202110,29,"13,400",2,1998,솔밭1길 12,,-,-
울산광역시 울주군 온양읍 대안리,750,750,0,울산온양일동미라주아파트,84.9645,202110,16,"44,000",12,2018,대안3길 46,,-,-
울산광역시 울주군 온양읍 대안리,750,750,0,울산온양일동미라주아파트,73.2358,202110,26,"36,500",7,2018,대안3길 46,,-,-
울산광역시 울주군 온양읍 대안리,409-3,409,3,한그린,72.54,202110,11,"7,500",2,1993,연안8길 31,,-,-
울산광역시 울주군 온양읍 망양리,794,794,0,e편한세상울산온양,74.9966,202110,2,"30,950",10,2018,망양길 50,,-,-
울산광역시 울주군 온양읍 망양리,794,794,0,e편한세상울산온양,59.9889,202110,3,"28,500",12,2018,망양길 50,,-,-
울산광역시 울주군 온양읍 망양리,794,794,0,e편한세상울산온양,74.9934,202110,3,"33,500",21,2018,망양길 50,,-,-
울산광역시 울주군 온양읍 망양리,794,794,0,e편한세상울산온양,74.9934,202110,20,"32,800",24,2018,망양길 50,,-,-
울산광역시 울주군 온양읍 망양리,794,794,0,e편한세상울산온양,59.9889,202110,23,"28,300",25,2018,망양길 50,,-,-
울산광역시 울주군 온양읍 망양리,481-101,481,101,성우빌리지,83.22,202110,22,"11,800",8,1997,터실1길 5,,-,-
울산광역시 울주군 온양읍 망양리,481-101,481,101,성우빌리지,59.79,202110,25,"8,300",11,1997,터실1길 5,,-,-
울산광역시 울주군 온양읍 망양리,481-101,481,101,성우빌리지,59.79,202110,30,"8,200",3,1997,터실1길 5,,-,-
울산광역시 울주군 온양읍 망양리,가-5-1,5,1,회야리버,39.715,202110,2,"6,400",1,2000,원동2길 19-1,,-,-
울산광역시 울주군 온양읍 망양리,가-5-1,5,1,회야리버,39.715,202110,9,"6,300",7,2000,원동2길 19-1,,-,-
울산광역시 울주군 온양읍 망양리,가-5-1,5,1,회야리버,39.715,202110,9,"6,500",14,2000,원동2길 19-2,,-,-
울산광역시 울주군 온양읍 망양리,가-5-1,5,1,회야리버,39.715,202110,10,"6,300",1,2000,원동2길 19-1,,-,-
울산광역시 울주군 온양읍 망양리,가-5-1,5,1,회야리버,39.715,202110,11,"6,500",13,2000,원동2길 19-2,,-,-
울산광역시 울주군 온양읍 망양리,가-5-1,5,1,회야리버,39.715,202110,12,"6,600",12,2000,원동2길 19-2,,-,-
울산광역시 울주군 온양읍 망양리,가-5-1,5,1,회야리버,39.715,202110,12,"6,500",1,2000,원동2길 19-1,,-,-
울산광역시 울주군 온양읍 망양리,가-5-1,5,1,회야리버,45.073,202110,13,"7,300",13,2000,원동2길 19-1,,-,-
울산광역시 울주군 온양읍 망양리,가-5-1,5,1,회야리버,39.715,202110,25,"6,800",12,2000,원동2길 19-1,,-,-
울산광역시 울주군 온양읍 망양리,가-5-1,5,1,회야리버,45.073,202110,25,"6,600",3,2000,원동2길 19-2,,-,-
울산광역시 울주군 온양읍 망양리,가-5-1,5,1,회야리버,45.073,202110,29,"7,300",4,2000,원동2길 19-2,,-,-
울산광역시 울주군 온양읍 발리,1307,1307,0,여울목,84.93,202110,1,"33,850",10,2012,솔밭3길 19-10,,-,-
울산광역시 울주군 온양읍 발리,1307,1307,0,여울목,84.93,202110,5,"30,200",3,2012,솔밭3길 19-10,,-,-
울산광역시 울주군 온양읍 발리,1307,1307,0,여울목,125.9136,202110,14,"40,000",6,2012,솔밭3길 19-10,,-,-
울산광역시 울주군 온양읍 발리,1311,1311,0,울산온양서희스타힐스,84.993,202110,22,"42,000",22,2017,보곡3길 40,,-,-
울산광역시 울주군 온양읍 발리,1311,1311,0,울산온양서희스타힐스,84.993,202110,24,"38,850",9,2017,보곡3길 40,,-,-
울산광역시 울주군 온양읍 운화리,14,14,0,영원,84.83,202110,6,"12,000",10,1994,온양로 38-2,,-,-
울산광역시 울주군 온양읍 운화리,163-22,163,22,위드,51.375,202110,11,"8,250",2,1990,온양로 4,,-,-
울산광역시 울주군 온양읍 운화리,163-22,163,22,위드,51.3725,202110,20,"8,500",5,1990,온양로 4,,-,-
울산광역시 울주군 웅촌면 대복리,302,302,0,한솔그린빌,49.93,202110,1,"6,000",11,1997,삼동로 1617,,-,-
울산광역시 울주군 웅촌면 대복리,302,302,0,한솔그린빌,49.93,202110,3,"5,500",1,1997,삼동로 1617,,-,-
울산광역시 울주군 웅촌면 대복리,302,302,0,한솔그린빌,49.93,202110,5,"5,000",12,1997,삼동로 1617,,-,-
울산광역시 울주군 웅촌면 대복리,302,302,0,한솔그린빌,49.93,202110,9,"5,500",17,1997,삼동로 1617,,-,-
울산광역시 울주군 웅촌면 대복리,302,302,0,한솔그린빌,49.93,202110,21,"5,000",2,1997,삼동로 1617,,-,-
울산광역시 울주군 웅촌면 대복리,302,302,0,한솔그린빌,49.93,202110,22,"5,800",20,1997,삼동로 1617,,-,-
울산광역시 울주군 웅촌면 대복리,302,302,0,한솔그린빌,49.93,202110,27,"5,200",20,1997,삼동로 1617,,-,-
울산광역시 울주군 웅촌면 대복리,302,302,0,한솔그린빌,49.93,202110,28,"5,500",15,1997,삼동로 1617,,-,-
울산광역시 울주군 청량읍 덕하리,404-7,404,7,덕정유림,59.84,202110,3,"14,200",12,1998,덕정1길 8,,-,-
울산광역시 울주군 청량읍 덕하리,404-7,404,7,덕정유림,59.84,202110,5,"12,400",7,1998,덕정1길 8,,-,-
울산광역시 울주군 청량읍 덕하리,404-7,404,7,덕정유림,59.84,202110,6,"14,000",23,1998,덕정1길 8,,-,-
울산광역시 울주군 청량읍 덕하리,404-7,404,7,덕정유림,59.84,202110,7,"14,700",11,1998,덕정1길 8,,-,-
울산광역시 울주군 청량읍 덕하리,404-7,404,7,덕정유림,59.84,202110,10,"12,900",18,1998,덕정1길 8,,-,-
울산광역시 울주군 청량읍 덕하리,404-7,404,7,덕정유림,59.84,202110,14,"13,400",7,1998,덕정1길 8,,-,-
울산광역시 울주군 청량읍 덕하리,404-7,404,7,덕정유림,59.84,202110,14,"12,400",5,1998,덕정1길 8,,-,-
울산광역시 울주군 청량읍 덕하리,404-7,404,7,덕정유림,102.09,202110,15,"18,200",3,1998,덕정1길 8,,-,-
울산광역시 울주군 청량읍 덕하리,404-7,404,7,덕정유림,59.84,202110,15,"14,000",13,1998,덕정1길 8,,-,-
울산광역시 울주군 청량읍 삼정리,755,755,0,쌍용하나빌리지,84.76,202110,16,"18,800",8,1999,92,,-,-
울산광역시 울주군 청량읍 삼정리,755,755,0,쌍용하나빌리지,59.97,202110,16,"10,200",1,1999,92,,-,-
울산광역시 울주군 청량읍 삼정리,755,755,0,쌍용하나빌리지,59.94,202110,25,"12,300",14,1999,92,,-,-
울산광역시 울주군 청량읍 상남리,878-1,878,1,덕하상남지구골드클래스,59.9126,202110,12,"31,300",4,2017,상남길 25,,-,-
울산광역시 울주군 청량읍 상남리,696-2,696,2,덕하한양수자인,57.87,202110,16,"32,000",7,2018,덕하로 182,,-,-
울산광역시 울주군 청량읍 상남리,696-2,696,2,덕하한양수자인,57.87,202110,19,"32,800",10,2018,덕하로 182,,-,-
울산광역시 울주군 청량읍 상남리,696-2,696,2,덕하한양수자인,57.87,202110,19,"30,300",19,2018,덕하로 182,,-,-
울산광역시 울주군 청량읍 상남리,696-2,696,2,덕하한양수자인,57.87,202110,28,"32,650",19,2018,덕하로 182,,-,-
울산광역시 울주군 청량읍 상남리,762-9,762,9,상남모던힐,63.287,202110,1,"18,500",4,2017,대등1길 6-6,,-,-
울산광역시 울주군 청량읍 상남리,696-1,696,1,울산덕하신일해피트리,74.8854,202110,12,"33,000",13,2019,삼정로 811,,-,-
울산광역시 울주군 청량읍 상남리,696-1,696,1,울산덕하신일해피트리,74.9663,202110,16,"39,000",10,2019,삼정로 811,,-,-
울산광역시 중구 남외동,506-1,506,1,남외푸르지오1차,107.65,202110,9,"53,500",7,2006,남외3길 33,,-,-
울산광역시 중구 남외동,501-1,501,1,남외푸르지오2차,101.9431,202110,1,"62,000",14,2007,남외로 60,,-,-
울산광역시 중구 남외동,501-1,501,1,남외푸르지오2차,84.9636,202110,15,"57,800",15,2007,남외로 60,,-,-
울산광역시 중구 남외동,426-3,426,3,동남,72.075,202110,18,"12,200",1,1980,곽남길 48,,-,-
울산광역시 중구 남외동,388,388,0,병영,47.957,202110,6,"5,700",2,1982,곽남14길 41,,-,-
울산광역시 중구 남외동,509-1,509,1,삼환나우빌1단지,137.35,202110,2,"44,700",1,2010,남외2길 10,,-,-
울산광역시 중구 남외동,500,500,0,에일린의뜰,114.7345,202110,1,"62,300",10,2007,남외1길 105,,-,-
울산광역시 중구 남외동,500,500,0,에일린의뜰,133.2012,202110,5,"59,800",8,2007,남외1길 105,,-,-
울산광역시 중구 남외동,500,500,0,에일린의뜰,133.2012,202110,9,"66,000",14,2007,남외1길 105,,-,-
울산광역시 중구 남외동,500,500,0,에일린의뜰,84.992,202110,9,"49,000",9,2007,남외1길 105,,-,-
울산광역시 중구 남외동,500,500,0,에일린의뜰,84.992,202110,21,"49,500",7,2007,남외1길 105,,-,-
울산광역시 중구 남외동,Feb-38,38,2,평화보라타운,41.25,202110,5,"16,000",1,1983,병영성길 16,,-,-
울산광역시 중구 다운동,768,768,0,다운,39.99,202110,5,"6,300",3,1992,다운6길 16,,-,-
울산광역시 중구 다운동,768,768,0,다운,39.99,202110,7,"7,000",13,1992,다운6길 16,,-,-
울산광역시 중구 다운동,768,768,0,다운,39.99,202110,8,"6,400",10,1992,다운6길 16,,-,-
울산광역시 중구 다운동,768,768,0,다운,39.99,202110,8,"6,400",10,1992,다운6길 16,20211104,-,-
울산광역시 중구 다운동,768,768,0,다운,39.99,202110,9,"8,450",5,1992,다운6길 16,,-,-
울산광역시 중구 다운동,768,768,0,다운,39.99,202110,16,"7,500",2,1992,다운6길 16,,-,-
울산광역시 중구 다운동,768,768,0,다운,49.59,202110,18,"10,500",13,1992,다운6길 16,,-,-
울산광역시 중구 다운동,768,768,0,다운,49.59,202110,21,"9,600",15,1992,다운6길 16,,-,-
울산광역시 중구 다운동,768,768,0,다운,49.59,202110,23,"13,200",6,1992,다운6길 16,,-,-
울산광역시 중구 다운동,768,768,0,다운,49.59,202110,23,"12,450",9,1992,다운6길 16,,-,-
울산광역시 중구 다운동,590,590,0,다운현대,134.97,202110,1,"39,000",10,1999,운곡3길 23,,-,-
울산광역시 중구 다운동,702,702,0,한라동아,84.99,202110,2,"28,700",11,2002,다운로 175,,-,-
울산광역시 중구 다운동,702,702,0,한라동아,59.925,202110,13,"16,800",6,2002,다운로 175,,-,-
울산광역시 중구 동동,117,117,0,서울빌라,64.92,202110,12,"6,000",5,1989,산전5길 16,,-,-
울산광역시 중구 반구동,679,679,0,e편한세상강변,84.9946,202110,11,"55,000",8,2015,반구로 55,,-,-
울산광역시 중구 반구동,679,679,0,e편한세상강변,84.9808,202110,12,"52,000",6,2015,반구로 55,,-,-
울산광역시 중구 반구동,679,679,0,e편한세상강변,101.2115,202110,15,"76,900",18,2015,반구로 55,,-,-
울산광역시 중구 반구동,679,679,0,e편한세상강변,84.9634,202110,16,"57,300",16,2015,반구로 55,,-,-
울산광역시 중구 반구동,679,679,0,e편한세상강변,84.9808,202110,27,"53,500",13,2015,반구로 55,,-,-
울산광역시 중구 반구동,679,679,0,e편한세상강변,84.9808,202110,30,"53,000",6,2015,반구로 55,,-,-
울산광역시 중구 반구동,742,742,0,금성,58.55,202110,9,"13,500",4,1983,서원10길 12-2,,-,-
울산광역시 중구 반구동,795-2,795,2,동산그린3차,78.89,202110,3,"27,000",8,2006,내황6길 40,,-,-
울산광역시 중구 반구동,785-8,785,8,리치아파트,84.7008,202110,29,"29,800",10,2016,내황11길 48,,-,-
울산광역시 중구 반구동,Oct-54,54,10,세한프리빌반구5차,84.7145,202110,8,"37,000",10,2020,구교8길 11,,-,-
울산광역시 중구 반구동,Oct-54,54,10,세한프리빌반구5차,84.7145,202110,21,"35,700",7,2020,구교8길 11,,-,-
울산광역시 중구 반구동,26-23,26,23,소미빌,36.6839,202110,23,"13,000",5,2014,번영로 520,,-,-
울산광역시 중구 반구동,May-49,49,5,은실,58.87,202110,9,"12,800",5,1983,번영로 498,,-,-
울산광역시 중구 반구동,290-2,290,2,한라그랜드,59.895,202110,29,"13,000",1,1994,반구정9길 10,,-,-
울산광역시 중구 반구동,290-3,290,3,현대그랜드맨션,63,202110,1,"11,500",15,1993,반구정9길 20,,-,-
울산광역시 중구 반구동,290-3,290,3,현대그랜드맨션,63,202110,3,"15,700",12,1993,반구정9길 20,,-,-
울산광역시 중구 반구동,290-3,290,3,현대그랜드맨션,63,202110,6,"11,400",1,1993,반구정9길 20,,-,-
울산광역시 중구 반구동,290-3,290,3,현대그랜드맨션,63,202110,16,"11,500",10,1993,반구정9길 20,,-,-
울산광역시 중구 반구동,565-1,565,1,현대글로리아맨션,65.8875,202110,2,"15,400",10,1991,반구로 58,,-,-
울산광역시 중구 복산동,329,329,0,동덕현대(103동),71.25,202110,28,"17,000",8,1991,손골2길 12,,-,-
울산광역시 중구 복산동,320,320,0,동덕현대(320),84.9775,202110,5,"20,900",14,1991,손골5길 30,,-,-
울산광역시 중구 복산동,Jan-34,34,1,동아맨션(34-1),45.41,202110,19,"10,800",4,1982,서원1길 42-2,,-,-
울산광역시 중구 복산동,Nov-31,31,11,물망초,55.8,202110,19,"12,000",5,1985,서원4길 10,,-,-
울산광역시 중구 복산동,Sep-40,40,9,번영로드림파크,28.1749,202110,1,"8,300",4,2016,계변로 54,,-,-
울산광역시 중구 복산동,776,776,0,복산아이파크,59.84,202110,8,"45,300",2,2017,계변로 96,,-,-
울산광역시 중구 복산동,776,776,0,복산아이파크,59.84,202110,9,"44,970",4,2017,계변로 96,,-,-
울산광역시 중구 복산동,186-3,186,3,새운파래스,115.635,202110,11,"33,600",2,1989,북부순환도로 680,,-,-
울산광역시 중구 복산동,671,671,0,신한그린맨션,70.89,202110,27,"11,900",1,1991,손골9길 38,,-,-
울산광역시 중구 복산동,671,671,0,신한그린맨션,57.69,202110,28,"11,200",7,1991,손골9길 38,,-,-
울산광역시 중구 복산동,Nov-36,36,11,아띠안,84.1662,202110,28,"28,000",3,2013,서원3길 48,,-,-
울산광역시 중구 복산동,Jan-35,35,1,정우,59.07,202110,2,"12,600",1,1983,서원6길 25,,-,-
울산광역시 중구 복산동,186-1,186,1,해동성지,59.91,202110,6,"18,500",11,2021,도화골길 30,,-,-
울산광역시 중구 복산동,186-1,186,1,해동성지,59.91,202110,12,"17,800",10,2021,도화골길 30,,-,-
울산광역시 중구 복산동,186-1,186,1,해동성지,84.78,202110,27,"21,800",2,2021,도화골길 30,,-,-
울산광역시 중구 서동,Jan-34,34,1,두강팔레스맨션,81.75,202110,3,"17,900",13,1996,동천4길 31,,-,-
울산광역시 중구 서동,Jan-34,34,1,두강팔레스맨션,72.84,202110,9,"15,100",14,1996,동천4길 31,,-,-
울산광역시 중구 서동,Feb-34,34,2,서동현대,49.955,202110,22,"14,800",8,1992,동천1길 31,,-,-
울산광역시 중구 서동,Feb-34,34,2,서동현대,49.955,202110,25,"12,500",5,1992,동천1길 31,,-,-
울산광역시 중구 서동,613,613,0,우정혁신도시KCC스위첸,84.98,202110,6,"52,500",7,2015,종가로 668-10,,-,-
울산광역시 중구 서동,613,613,0,우정혁신도시KCC스위첸,84.98,202110,22,"47,000",1,2015,종가로 668-10,,-,-
울산광역시 중구 서동,66-13,66,13,하니콤타워,58.44,202110,29,"10,000",3,1994,병영성2길 14,,-,-
울산광역시 중구 성남동,255-1,255,1,롯데캐슬스카이,158.33,202110,8,"55,000",10,2009,강북로 105,,-,-
울산광역시 중구 성안동,855-3,855,3,경동햇빛마을2단지,70.5141,202110,3,"16,300",3,2001,함월2길 56,,-,-
울산광역시 중구 성안동,855-3,855,3,경동햇빛마을2단지,78.2618,202110,9,"17,000",6,2001,함월2길 56,,-,-
울산광역시 중구 성안동,476-2,476,2,공주마을401동,84.85,202110,14,"17,500",6,2003,성안8길 66,,-,-
울산광역시 중구 성안동,476-2,476,2,공주마을401동,84.85,202110,29,"16,400",4,2003,성안8길 66,,-,-
울산광역시 중구 성안동,509-14,509,14,나르샤아파트,80.53,202110,15,"28,500",8,2018,백양로 99,,-,-
울산광역시 중구 성안동,792-3,792,3,대협팔래스,84.5138,202110,6,"18,800",5,2005,함월로 46,,-,-
울산광역시 중구 성안동,371-2,371,2,벽산e빌리지,84.7692,202110,2,"27,450",9,2004,함월22길 24,,-,-
울산광역시 중구 성안동,371-2,371,2,벽산e빌리지,75.3949,202110,28,"21,900",6,2004,함월22길 24,,-,-
울산광역시 중구 성안동,858-1,858,1,성안금호타운,74.69,202110,5,"18,800",12,1998,함월5길 35,,-,-
울산광역시 중구 성안동,858-1,858,1,성안금호타운,59.8875,202110,28,"15,300",6,1998,함월5길 35,,-,-
울산광역시 중구 성안동,859-15,859,15,성안에일린,113.6955,202110,9,"28,500",5,2009,함월1길 120-5,,-,-
울산광역시 중구 성안동,400-5,400,5,성안에일린3차,84.9,202110,14,"25,200",6,2013,성안로 178,,-,-
울산광역시 중구 성안동,399-2,399,2,성안에일린9차,82.28,202110,29,"26,700",9,2017,성안로 170,,-,-
울산광역시 중구 성안동,370-1,370,1,성안청구타운,84.99,202110,17,"16,500",1,1996,함월22길 25,,-,-
울산광역시 중구 성안동,481-8,481,8,아드리아,84.72,202110,5,"19,500",6,2007,백양로 171,,-,-
울산광역시 중구 성안동,382-12,382,12,한솔그린빌,84.2962,202110,6,"14,000",4,2003,성안로 225,,-,-
울산광역시 중구 성안동,375-1,375,1,힐그린파크,84.948,202110,8,"22,400",3,2013,함월1길 336,,-,-
울산광역시 중구 약사동,707,707,0,삼성래미안2차3단지,112.6387,202110,28,"73,000",6,2004,약사로 25,,-,-
울산광역시 중구 약사동,1101,1101,0,약사아이파크,72.51,202110,27,"59,950",15,2015,평산로 50,,-,-
울산광역시 중구 옥교동,Jan-82,82,1,태화강엑소디움,113.41,202110,9,"67,800",10,2010,강북로 123,,-,-
울산광역시 중구 우정동,172,172,0,마제스타워,133.5138,202110,1,"40,000",8,2009,학성로 1,,-,-
울산광역시 중구 우정동,172,172,0,마제스타워,133.5138,202110,12,"51,000",14,2009,학성로 1,,-,-
울산광역시 중구 우정동,385,385,0,선경1차,84.65,202110,2,"34,450",16,1994,우정3길 9,,-,-
울산광역시 중구 우정동,385,385,0,선경1차,84.65,202110,4,"35,000",9,1994,우정3길 9,,-,-
울산광역시 중구 우정동,385,385,0,선경1차,134.3,202110,7,"41,700",14,1994,우정3길 9,,-,-
울산광역시 중구 우정동,385,385,0,선경1차,134.3,202110,9,"44,500",8,1994,우정3길 9,,-,-
울산광역시 중구 우정동,385,385,0,선경1차,84.65,202110,13,"36,500",23,1994,우정3길 9,,-,-
울산광역시 중구 우정동,385,385,0,선경1차,59.335,202110,13,"24,000",19,1994,우정3길 9,,-,-
울산광역시 중구 우정동,385,385,0,선경1차,59.335,202110,18,"24,500",8,1994,우정3길 9,,-,-
울산광역시 중구 우정동,385,385,0,선경1차,59.335,202110,19,"19,700",7,1994,우정3길 9,,-,-
울산광역시 중구 우정동,369-1,369,1,선경2차,59.74,202110,9,"32,000",11,1997,유곡로 10,,-,-
울산광역시 중구 우정동,369-1,369,1,선경2차,84.94,202110,11,"41,000",7,1997,유곡로 10,,-,-
울산광역시 중구 우정동,369-1,369,1,선경2차,59.74,202110,14,"33,500",17,1997,유곡로 10,,-,-
울산광역시 중구 우정동,369-1,369,1,선경2차,84.94,202110,16,"39,700",11,1997,유곡로 10,,-,-
울산광역시 중구 우정동,369-1,369,1,선경2차,59.74,202110,27,"32,000",12,1997,유곡로 10,,-,-
울산광역시 중구 우정동,394-31,394,31,성경,65.52,202110,4,"9,000",5,1982,우정8길 13,,-,-
울산광역시 중구 우정동,689,689,0,우정I'PARK,125.5478,202110,5,"85,000",5,2010,우정2길 45,,-,-
울산광역시 중구 유곡동,264,264,0,에일린의뜰1차,84.9386,202110,16,"53,500",1,2013,종가5길 10,,-,-
울산광역시 중구 유곡동,264,264,0,에일린의뜰1차,84.9646,202110,17,"60,500",12,2013,종가5길 10,,-,-
울산광역시 중구 유곡동,271-2,271,2,에일린의뜰3차,84.8594,202110,2,"59,800",17,2014,종가로 245,,-,-
울산광역시 중구 유곡동,215,215,0,우정혁신도시2차동원로얄듀크,84.9913,202110,22,"63,800",10,2014,종가4길 10,,-,-
울산광역시 중구 유곡동,260,260,0,우정혁신도시푸르지오,84.996,202110,9,"58,000",11,2013,유곡로 80,,-,-
울산광역시 중구 유곡동,260,260,0,우정혁신도시푸르지오,75.986,202110,21,"54,000",15,2013,유곡로 80,,-,-
울산광역시 중구 유곡동,69,69,0,울산유곡푸르지오,131.0796,202110,29,"78,000",19,2010,평동3길 1,,-,-
울산광역시 중구 유곡동,142,142,0,유곡e편한세상,84.7259,202110,2,"59,000",18,2010,평동3길 2,,-,-
울산광역시 중구 장현동,191,191,0,에일린의뜰2차아파트,84.9643,202110,2,"52,250",11,2013,종가로 730,,-,-
울산광역시 중구 장현동,191,191,0,에일린의뜰2차아파트,84.8207,202110,2,"50,900",13,2013,종가로 730,,-,-
울산광역시 중구 장현동,191,191,0,에일린의뜰2차아파트,84.9643,202110,8,"54,700",11,2013,종가로 730,,-,-
울산광역시 중구 장현동,191,191,0,에일린의뜰2차아파트,75.9499,202110,8,"40,500",3,2013,종가로 730,,-,-
울산광역시 중구 장현동,191,191,0,에일린의뜰2차아파트,84.8207,202110,22,"49,000",9,2013,종가로 730,,-,-
울산광역시 중구 태화동,11월 14일,11,14,대륜로얄맨션,59.95,202110,8,"16,000",13,1993,화진4길 86,,-,-
울산광역시 중구 태화동,200-7,200,7,동덕현대맨션,76.47,202110,9,"15,500",3,1990,유곡로 55,,-,-
울산광역시 중구 태화동,200-7,200,7,동덕현대맨션,84.83,202110,10,"18,100",3,1990,유곡로 55,,-,-
울산광역시 중구 태화동,Jul-37,37,7,리버스위트,84.9262,202110,2,"25,000",4,2007,화진길 13-2,,-,-
울산광역시 중구 태화동,200-17,200,17,범진그린파크,59.1,202110,8,"14,000",12,1993,유곡로 51,,-,-
울산광역시 중구 태화동,150-5,150,5,삼익세라믹(102동),84.885,202110,16,"22,800",8,1990,신기13길 2,,-,-
울산광역시 중구 태화동,431-11,431,11,서린파크맨션,141.965,202110,4,"37,700",4,1991,신기2길 30,,-,-
울산광역시 중구 태화동,200-1,200,1,선경맨션,84.81,202110,4,"19,500",2,1990,유곡로 77,,-,-
울산광역시 중구 태화동,200-1,200,1,선경맨션,84.81,202110,12,"17,000",13,1990,유곡로 77,,-,-
울산광역시 중구 태화동,257,257,0,우정혁신엘에이치2단지,59.97,202110,2,"42,000",17,2014,종가로 142,,-,-
울산광역시 중구 태화동,257,257,0,우정혁신엘에이치2단지,59.98,202110,13,"35,200",2,2014,종가로 142,,-,-
울산광역시 중구 태화동,431-10,431,10,전원타운,66.405,202110,5,"22,400",11,1991,신기길 31,,-,-
울산광역시 중구 태화동,431-10,431,10,전원타운,69.255,202110,5,"24,300",8,1991,신기길 31,,-,-
울산광역시 중구 태화동,431-10,431,10,전원타운,84.565,202110,14,"36,500",3,1991,신기길 31,,-,-
울산광역시 중구 태화동,412-2,412,2,진영동부,59.94,202110,7,"16,150",13,1994,신기12길 38,,-,-
울산광역시 중구 태화동,412-2,412,2,진영동부,59.94,202110,9,"17,300",17,1994,신기12길 38,,-,-
울산광역시 중구 태화동,412-2,412,2,진영동부,59.94,202110,15,"17,000",8,1994,신기12길 38,,-,-
울산광역시 중구 태화동,412-2,412,2,진영동부,59.94,202110,16,"16,500",4,1994,신기12길 38,,-,-
울산광역시 중구 태화동,412-2,412,2,진영동부,59.94,202110,27,"15,000",15,1994,신기12길 38,,-,-
울산광역시 중구 태화동,01월 21일,21,1,태화,66.71,202110,19,"12,300",3,1979,유곡로 37,,-,-
울산광역시 중구 태화동,412-35,412,35,태화일신,84.72,202110,1,"28,800",10,1997,신기14길 1,,-,-
울산광역시 중구 태화동,412-35,412,35,태화일신,84.72,202110,3,"26,500",2,1997,신기14길 1,,-,-
울산광역시 중구 태화동,412-35,412,35,태화일신,59.84,202110,6,"19,900",12,1997,신기14길 1,,-,-
울산광역시 중구 태화동,110,110,0,한라궁전맨션,84.97,202110,13,"20,500",4,1992,태화로 263,,-,-
울산광역시 중구 태화동,460-3,460,3,희마비아이피맨션,84.94,202110,13,"19,000",12,1990,신기12길 70,,-,-
울산광역시 중구 학산동,12월 15일,15,12,동남하이빌5차,66.8843,202110,5,"26,000",5,2016,옥교3길 70-2,,-,-
울산광역시 중구 학성동,468-1,468,1,남경파크,81.4266,202110,27,"18,000",13,2003,옥교3길 100,,-,-
울산광역시 중구 학성동,432-352,432,352,모아시티타워,84.9563,202110,20,"21,500",13,2007,학성로 186,,-,-
울산광역시 중구 학성동,188-8,188,8,부평빌라맨션,73.89,202110,12,"15,000",4,1984,옥교로 99,,-,-
인천광역시 강화군 강화읍 갑곳리,Jan-83,83,1,설호,62.13,202110,6,"9,400",4,1990,갑룡길49번길 2,,-,-
인천광역시 강화군 강화읍 관청리,175-1,175,1,그랑프리타워,30.83,202110,4,"8,750",7,2015,강화대로404번길 7,,-,-
인천광역시 강화군 강화읍 관청리,175-1,175,1,그랑프리타워,31.14,202110,4,"8,750",7,2015,강화대로404번길 7,,-,-
인천광역시 강화군 강화읍 관청리,175-1,175,1,그랑프리타워,34.71,202110,8,"9,500",5,2015,강화대로404번길 7,,-,-
인천광역시 강화군 강화읍 관청리,175-1,175,1,그랑프리타워,30.84,202110,28,"8,600",8,2015,강화대로404번길 7,,-,-
인천광역시 강화군 강화읍 남산리,599,599,0,이지미래지향,84.8364,202110,1,"37,000",9,2011,남문로 41,,-,-
인천광역시 강화군 길상면 온수리,455-6,455,6,건일온수,54,202110,21,"7,700",5,1991,온수길 67,,-,-
인천광역시 계양구 계산동,산37-6,37,6,경신,45.18,202110,6,"12,800",4,1987,계양산로 17,,-,-
인천광역시 계양구 계산동,산37-6,37,6,경신,48.96,202110,23,"13,500",3,1987,계양산로 17,,-,-
인천광역시 계양구 계산동,898-1,898,1,동남,49.22,202110,23,"11,000",1,1989,경명대로1029번길 36,,-,-
인천광역시 계양구 계산동,Jan-55,55,1,동남(55-1),43.71,202110,1,"19,300",6,1990,주부토로532번길 38,,-,-
인천광역시 계양구 계산동,Jan-55,55,1,동남(55-1),43.71,202110,9,"20,400",4,1990,주부토로532번길 38,,-,-
인천광역시 계양구 계산동,342-1,342,1,삼보1,40.59,202110,9,"21,000",4,1987,주부토로 528,,-,-
인천광역시 계양구 계산동,342-1,342,1,삼보1,40.59,202110,15,"22,000",1,1987,주부토로 528,,-,-
인천광역시 계양구 계산동,12월 04일,12,4,삼보3,49.59,202110,22,"23,000",5,1988,경명대로 1126,,-,-
인천광역시 계양구 계산동,930,930,0,삼환1,65.88,202110,14,"28,000",2,1989,하느재로 15,,-,-
인천광역시 계양구 계산동,753,753,0,서해2,58.14,202110,7,"15,000",6,1990,계산로 18-1,,-,-
인천광역시 계양구 계산동,753,753,0,서해2,58.14,202110,7,"15,200",4,1990,계산로 18-1,,-,-
인천광역시 계양구 계산동,753,753,0,서해2,59.88,202110,8,"16,400",6,1990,계산로 18-1,,-,-
인천광역시 계양구 계산동,753,753,0,서해2,59.88,202110,9,"16,000",6,1990,계산로 18-1,,-,-
인천광역시 계양구 계산동,941,941,0,신도브래뉴,57.6852,202110,4,"36,000",18,2005,계양대로 215,,-,-
인천광역시 계양구 계산동,941,941,0,신도브래뉴,57.6852,202110,13,"38,000",16,2005,계양대로 215,,-,-
인천광역시 계양구 계산동,941,941,0,신도브래뉴,57.6852,202110,22,"36,850",12,2005,계양대로 215,,-,-
인천광역시 계양구 계산동,900,900,0,연희,57.84,202110,12,"15,500",2,1985,하느재로41번길 14,,-,-
인천광역시 계양구 계산동,1085-2,1085,2,은행마을(태평),68.05,202110,18,"40,500",3,1997,용종로 20,,-,-
인천광역시 계양구 계산동,1085-2,1085,2,은행마을(태평),68.05,202110,21,"40,500",11,1997,용종로 20,,-,-
인천광역시 계양구 계산동,1109,1109,0,조이너스계산,59.43,202110,1,"25,000",2,2016,주부토로 478-2,,-,-
인천광역시 계양구 계산동,20,20,0,주공,36.34,202110,30,"25,800",10,1990,경명대로1142번길 3,,-,-
인천광역시 계양구 계산동,36,36,0,태산,54.54,202110,4,"23,500",2,1990,계산새로33번길 26,,-,-
인천광역시 계양구 계산동,36,36,0,태산,54.54,202110,15,"22,500",6,1990,계산새로33번길 26,,-,-
인천광역시 계양구 계산동,857-3,857,3,팬더,38.7,202110,29,"10,300",2,1987,계산로 50-1,,-,-
인천광역시 계양구 계산동,04월 18일,18,4,팬더2,40.76,202110,21,"20,900",1,1989,경명대로1142번길 15,,-,-
인천광역시 계양구 계산동,348-2,348,2,하나,39.96,202110,21,"23,800",6,1987,경명대로1114번길 6,,-,-
인천광역시 계양구 계산동,348-2,348,2,하나,39.96,202110,26,"26,200",2,1987,경명대로1114번길 6,,-,-
인천광역시 계양구 계산동,Jan-62,62,1,현대,129.73,202110,13,"63,000",15,1992,계산로 171,,-,-
인천광역시 계양구 계산동,Jan-62,62,1,현대,71.175,202110,19,"30,000",17,1992,계산로 171,,-,-
인천광역시 계양구 계산동,906-2,906,2,휴인아파트,83.2941,202110,12,"39,000",5,2016,주부토로587번길 10,,-,-
인천광역시 계양구 귤현동,531,531,0,계양센트레빌1단지,84.9653,202110,11,"62,800",11,2013,형제봉길 100,,-,-
인천광역시 계양구 귤현동,532,532,0,계양센트레빌2단지,84.9653,202110,4,"64,200",7,2013,형제봉길 50,,-,-
인천광역시 계양구 동양동,613,613,0,일신휴먼빌,84.78,202110,6,"54,000",6,2007,당미길 43,,-,-
인천광역시 계양구 방축동,212,212,0,한성,47.67,202110,2,"15,500",5,1990,장제로933번길 10,,-,-
인천광역시 계양구 병방동,383,383,0,신명진달래1,48.24,202110,22,"22,000",2,1988,병방시장로61번길 4,,-,-
인천광역시 계양구 병방동,380,380,0,신명진달래2,39.91,202110,5,"18,000",2,1989,병방시장로61번길 12,,-,-
인천광역시 계양구 병방동,381,381,0,아주,41.55,202110,21,"16,700",1,1989,장제로927번길 15,,-,-
인천광역시 계양구 병방동,381,381,0,아주,54.99,202110,23,"22,000",6,1989,장제로927번길 15,,-,-
인천광역시 계양구 병방동,432-3,432,3,학마을서원,34.44,202110,7,"20,000",4,1997,용종로 123,,-,-
인천광역시 계양구 병방동,432-3,432,3,학마을서원,59.94,202110,22,"39,000",16,1997,용종로 123,,-,-
인천광역시 계양구 병방동,432-5,432,5,학마을서해,26.01,202110,1,"12,800",2,1997,장제로 878,,-,-
인천광역시 계양구 병방동,432-5,432,5,학마을서해,59.79,202110,4,"46,000",8,1997,장제로 878,,-,-
인천광역시 계양구 병방동,432-5,432,5,학마을서해,26.01,202110,12,"14,000",2,1997,장제로 878,,-,-
인천광역시 계양구 병방동,432-5,432,5,학마을서해,26.01,202110,13,"13,500",2,1997,장제로 878,,-,-
인천광역시 계양구 병방동,432-5,432,5,학마을서해,26.01,202110,21,"13,900",3,1997,장제로 878,20211023,-,-
인천광역시 계양구 병방동,432-5,432,5,학마을서해,26.01,202110,25,"14,000",3,1997,장제로 878,,-,-
인천광역시 계양구 병방동,432-5,432,5,학마을서해,26.01,202110,25,"13,900",3,1997,장제로 878,,-,-
인천광역시 계양구 병방동,432-5,432,5,학마을영남,26.01,202110,4,"13,500",9,1997,장제로 878,,-,-
인천광역시 계양구 병방동,432-5,432,5,학마을영남,59.94,202110,4,"45,000",11,1997,장제로 878,,-,-
인천광역시 계양구 병방동,433-1,433,1,학마을한진,49.77,202110,7,"28,300",9,1998,용종로 124,,-,-
인천광역시 계양구 병방동,433-1,433,1,학마을한진,49.77,202110,8,"27,700",8,1998,용종로 124,,-,-
인천광역시 계양구 병방동,433-1,433,1,학마을한진,59.73,202110,9,"39,000",13,1998,용종로 124,,-,-
인천광역시 계양구 병방동,433-1,433,1,학마을한진,49.77,202110,18,"27,000",3,1998,용종로 124,,-,-
인천광역시 계양구 병방동,433-1,433,1,학마을한진,49.77,202110,22,"28,600",11,1998,용종로 124,,-,-
인천광역시 계양구 병방동,433-1,433,1,학마을한진,39.84,202110,27,"16,900",1,1998,용종로 124,,-,-
인천광역시 계양구 병방동,433-1,433,1,학마을한진,49.77,202110,29,"27,800",9,1998,용종로 124,,-,-
인천광역시 계양구 서운동,178,178,0,서운동경남아너스빌,101.8427,202110,18,"59,900",11,2007,살라리로 21,,-,-
인천광역시 계양구 오류동,180,180,0,신동아,59.95,202110,9,"31,000",7,1997,황어로115번길 12,,-,-
인천광역시 계양구 오류동,180,180,0,신동아,84.96,202110,14,"37,900",12,1997,황어로115번길 12,,-,-
인천광역시 계양구 오류동,180,180,0,신동아,59.95,202110,22,"28,000",13,1997,황어로115번길 12,,-,-
인천광역시 계양구 오류동,180,180,0,신동아,59.95,202110,23,"31,250",7,1997,황어로115번길 12,,-,-
인천광역시 계양구 오류동,180,180,0,신동아,59.95,202110,23,"29,700",11,1997,황어로115번길 12,,-,-
인천광역시 계양구 용종동,214-1,214,1,용종마을신대진,37.17,202110,5,"8,000",11,1997,용종로 97,,-,-
인천광역시 계양구 용종동,214-1,214,1,용종마을신대진,37.17,202110,23,"18,300",16,1997,용종로 97,,-,-
인천광역시 계양구 용종동,214-2,214,2,용종마을중앙,39.825,202110,5,"20,900",9,1997,계양문화로 141,,-,-
인천광역시 계양구 용종동,207-1,207,1,인천계양코아루센트럴파크,59.97,202110,9,"56,500",1,2017,계양문화로 119,,-,-
인천광역시 계양구 용종동,213-3,213,3,초정마을(동아),95.469,202110,22,"55,000",9,1998,계산새로 109,,-,-
인천광역시 계양구 용종동,213-2,213,2,초정마을(두산),122.04,202110,14,"70,500",16,1997,계양문화로 142,,-,-
인천광역시 계양구 용종동,228-1,228,1,초정마을하나,26.395,202110,6,"11,700",10,1997,계양문화로 168,,-,-
인천광역시 계양구 용종동,228-1,228,1,초정마을하나,84.99,202110,19,"48,000",15,1997,계양문화로 168,,-,-
인천광역시 계양구 용종동,228-1,228,1,초정마을하나,26.395,202110,20,"9,700",2,1997,계양문화로 168,,-,-
인천광역시 계양구 임학동,03월 25일,25,3,용정,48.87,202110,16,"20,000",3,1989,장제로883번길 6,,-,-
인천광역시 계양구 임학동,31,31,0,은영칠성,46.78,202110,1,"13,000",5,1988,임학안로 30,,-,-
인천광역시 계양구 임학동,Feb-32,32,2,한일,39.24,202110,6,"13,300",4,1989,임학안로 29,,-,-
인천광역시 계양구 임학동,Feb-32,32,2,한일,39.24,202110,29,"14,000",6,1989,임학안로 29,,-,-
인천광역시 계양구 작전동,131-1,131,1,광명11,61.29,202110,15,"23,500",4,1989,효서로341번길 5,,-,-
인천광역시 계양구 작전동,131-1,131,1,광명11,47.26,202110,18,"18,500",1,1989,효서로341번길 5,,-,-
인천광역시 계양구 작전동,131-1,131,1,광명11,47.26,202110,21,"18,500",1,1989,효서로341번길 5,,-,-
인천광역시 계양구 작전동,915-1,915,1,까치마을태화,37.38,202110,13,"20,000",9,1997,효서로 393,,-,-
인천광역시 계양구 작전동,915-1,915,1,까치마을태화,37.38,202110,16,"18,500",17,1997,효서로 393,,-,-
인천광역시 계양구 작전동,915-1,915,1,까치마을태화,37.38,202110,21,"19,000",14,1997,효서로 393,,-,-
인천광역시 계양구 작전동,915-1,915,1,까치마을태화,37.38,202110,23,"20,300",11,1997,효서로 393,,-,-
인천광역시 계양구 작전동,915-1,915,1,까치마을한진,59.91,202110,2,"39,500",8,1997,효서로 393,,-,-
인천광역시 계양구 작전동,915-1,915,1,까치마을한진,37.38,202110,11,"20,000",16,1997,효서로 393,,-,-
인천광역시 계양구 작전동,915-1,915,1,까치마을한진,37.38,202110,16,"20,400",10,1997,효서로 393,,-,-
인천광역시 계양구 작전동,915-1,915,1,까치마을한진,59.91,202110,16,"35,800",3,1997,효서로 393,,-,-
인천광역시 계양구 작전동,102-3,102,3,뉴서울1,39.6,202110,22,"16,400",4,1988,봉오대로744번길 7,,-,-
인천광역시 계양구 작전동,102-3,102,3,뉴서울1,39.6,202110,23,"17,500",3,1988,봉오대로744번길 7,,-,-
인천광역시 계양구 작전동,102-3,102,3,뉴서울1,39.6,202110,27,"15,000",1,1988,봉오대로744번길 7,,-,-
인천광역시 계양구 작전동,912-5,912,5,도두리마을대동,40.05,202110,1,"20,800",18,1997,도두리로 74,,-,-
인천광역시 계양구 작전동,912-5,912,5,도두리마을대동,40.05,202110,5,"19,000",3,1997,도두리로 74,,-,-
인천광역시 계양구 작전동,912-5,912,5,도두리마을대동,59.84,202110,11,"36,000",6,1997,도두리로 74,,-,-
인천광역시 계양구 작전동,912-5,912,5,도두리마을대동,40.05,202110,19,"19,500",16,1997,도두리로 74,,-,-
인천광역시 계양구 작전동,912-4,912,4,도두리마을동남,40.32,202110,6,"19,100",9,1997,도두리로 62,,-,-
인천광역시 계양구 작전동,912-4,912,4,도두리마을동남,40.32,202110,12,"21,300",8,1997,도두리로 62,,-,-
인천광역시 계양구 작전동,912-4,912,4,도두리마을동남,40.32,202110,13,"20,000",3,1997,도두리로 62,,-,-
인천광역시 계양구 작전동,912-4,912,4,도두리마을동남,40.32,202110,20,"19,000",10,1997,도두리로 62,,-,-
인천광역시 계양구 작전동,912-4,912,4,도두리마을롯데,40.32,202110,19,"21,500",13,1997,도두리로 62,,-,-
인천광역시 계양구 작전동,103-2,103,2,무지개,39.2,202110,11,"17,000",14,1989,봉오대로744번길 4,,-,-
인천광역시 계양구 작전동,103-2,103,2,무지개,43.16,202110,19,"17,950",3,1989,봉오대로744번길 4,,-,-
인천광역시 계양구 작전동,853,853,0,미림,42.24,202110,13,"10,500",1,1983,계양대로119번길 11,,-,-
인천광역시 계양구 작전동,44,44,0,백합,55.62,202110,5,"25,000",5,1985,주부토로 464,,-,-
인천광역시 계양구 작전동,44,44,0,백합,55.62,202110,9,"24,000",4,1985,주부토로 464,,-,-
인천광역시 계양구 작전동,947,947,0,삼성홈타운,72.28,202110,5,"32,500",5,2013,효서로303번길 19,,-,-
인천광역시 계양구 작전동,09월 28일,28,9,삼우,45,202110,6,"17,100",2,1989,주부토로472번길 33,,-,-
인천광역시 계양구 작전동,445-8,445,8,수정,52.42,202110,9,"13,900",6,1989,효서로 222,,-,-
인천광역시 계양구 작전동,140-2,140,2,신진,43.36,202110,12,"17,800",4,1987,봉오대로744번길 17,,-,-
인천광역시 계양구 작전동,140-2,140,2,신진,43.36,202110,26,"21,000",3,1987,봉오대로744번길 17,,-,-
인천광역시 계양구 작전동,852-14,852,14,신한,48.28,202110,5,"19,300",1,1984,계양대로139번길 9,,-,-
인천광역시 계양구 작전동,857-5,857,5,우암센스뷰,64.706,202110,12,"27,700",3,2003,계산로126번길 19,,-,-
인천광역시 계양구 작전동,869-17,869,17,우영,58.77,202110,12,"28,000",1,1984,봉오대로686번길 9,,-,-
인천광역시 계양구 작전동,381-3,381,3,유호,59.61,202110,9,"26,000",15,1995,주부토로363번길 4,,-,-
인천광역시 계양구 작전동,111,111,0,작전현대1차,84.945,202110,2,"45,500",8,1990,봉오대로743번길 8,,-,-
인천광역시 계양구 작전동,May-99,99,5,중앙하이츠,59.58,202110,4,"23,500",15,1990,효서로303번길 20,,-,-
인천광역시 계양구 작전동,53,53,0,팬더(53),47.24,202110,23,"15,800",3,1989,주부토로448번길 2,,-,-
인천광역시 계양구 작전동,79,79,0,"한국(101동,102동)",59.97,202110,1,"27,500",3,1998,봉오대로743번길 9,,-,-
인천광역시 계양구 작전동,79,79,0,"한국(101동,102동)",59.97,202110,16,"24,900",1,1998,봉오대로743번길 9,,-,-
인천광역시 계양구 작전동,854-4,854,4,한양,58.5,202110,2,"24,500",3,1985,계양대로120번길 10,,-,-
인천광역시 계양구 작전동,707-5,707,5,현광,56.92,202110,15,"20,000",5,1992,아나지로 388,,-,-
인천광역시 계양구 작전동,707-5,707,5,현광,56.92,202110,16,"20,000",14,1992,아나지로 388,,-,-
인천광역시 계양구 작전동,580,580,0,현대2-2차,84.93,202110,5,"46,500",12,1993,효서로 381,,-,-
인천광역시 계양구 작전동,859-14,859,14,현대3,59.4,202110,11,"29,200",17,1992,주부토로413번길 18,,-,-
인천광역시 계양구 장기동,131-10,131,10,계양벽산블루밍,111.082,202110,22,"50,000",10,2009,황어로115번길 13,,-,-
인천광역시 계양구 효성동,623-27,623,27,경남1,49.935,202110,11,"24,000",3,1987,봉오대로463번길 17,,-,-
인천광역시 계양구 효성동,Nov-99,99,11,뉴서울1,41.67,202110,2,"20,000",1,1985,안남로573번길 16,,-,-
인천광역시 계양구 효성동,Nov-99,99,11,뉴서울1,44.01,202110,4,"21,000",4,1985,안남로573번길 16,,-,-
인천광역시 계양구 효성동,24,24,0,뉴서울2,34.74,202110,11,"17,000",3,1986,안남로 560,,-,-
인천광역시 계양구 효성동,301-1,301,1,뉴서울6,59.79,202110,14,"28,000",20,1995,아나지로198번길 8,,-,-
인천광역시 계양구 효성동,Apr-69,69,4,대신,39.54,202110,6,"12,000",3,1989,안남로 526,,-,-
인천광역시 계양구 효성동,25-20,25,20,동남,56.91,202110,11,"18,000",2,1984,안남로 590,,-,-
인천광역시 계양구 효성동,25-20,25,20,동남,56.91,202110,12,"17,500",4,1984,안남로 590,,-,-
인천광역시 계양구 효성동,25-20,25,20,동남,51.51,202110,18,"14,000",3,1984,안남로 590,,-,-
인천광역시 계양구 효성동,286,286,0,동아,45.18,202110,16,"19,200",1,1986,새벌로 159,,-,-
인천광역시 계양구 효성동,Feb-33,33,2,두산,84.86,202110,3,"44,000",12,1997,안남로573번길 18,,-,-
인천광역시 계양구 효성동,Feb-33,33,2,두산,59.93,202110,4,"30,000",8,1997,안남로573번길 18,,-,-
인천광역시 계양구 효성동,Feb-33,33,2,두산,59.93,202110,4,"29,500",15,1997,안남로573번길 18,,-,-
인천광역시 계양구 효성동,Feb-33,33,2,두산,59.93,202110,13,"32,000",10,1997,안남로573번길 18,,-,-
인천광역시 계양구 효성동,101-5,101,5,백영,60,202110,2,"21,500",18,1996,길마로11번길 3,,-,-
인천광역시 계양구 효성동,242-6,242,6,신진,68.34,202110,18,"23,400",2,1984,효서로 150,,-,-
인천광역시 계양구 효성동,273,273,0,유승,59.85,202110,5,"22,700",10,1996,아나지로197번길 9,,-,-
인천광역시 계양구 효성동,273,273,0,유승,59.85,202110,19,"23,300",11,1996,아나지로197번길 9,,-,-
인천광역시 계양구 효성동,556,556,0,유승와이드빌2,59.1126,202110,9,"29,000",8,2002,새풀로 27,,-,-
인천광역시 계양구 효성동,225-1,225,1,풍림,59.99,202110,1,"34,500",10,1997,아나지로213번길 22,,-,-
인천광역시 계양구 효성동,225-1,225,1,풍림,59.99,202110,7,"34,800",15,1997,아나지로213번길 22,,-,-
인천광역시 계양구 효성동,225-1,225,1,풍림,59.99,202110,15,"34,600",6,1997,아나지로213번길 22,,-,-
인천광역시 계양구 효성동,623-3,623,3,하나,59.79,202110,9,"27,500",10,1996,봉오대로463번길 12,,-,-
인천광역시 계양구 효성동,280-5,280,5,현대3,84.96,202110,11,"40,000",17,1992,새벌로133번길 4,,-,-
인천광역시 남동구 간석동,216-18,216,18,TK리즈빌,35.29,202110,1,"14,500",8,2016,경인로 649,,-,-
인천광역시 남동구 간석동,216-18,216,18,TK리즈빌,31.73,202110,6,"16,000",12,2016,경인로 649,,-,-
인천광역시 남동구 간석동,216-18,216,18,TK리즈빌,48.36,202110,15,"21,700",11,2016,경인로 649,,-,-
인천광역시 남동구 간석동,939-1,939,1,간석래미안자이,84.98,202110,1,"77,000",14,2008,남동대로 860,,-,-
인천광역시 남동구 간석동,939-1,939,1,간석래미안자이,143.22,202110,6,"89,000",21,2008,남동대로 860,,-,-
인천광역시 남동구 간석동,939-1,939,1,간석래미안자이,84.98,202110,8,"75,000",25,2008,남동대로 860,,-,-
인천광역시 남동구 간석동,939-1,939,1,간석래미안자이,59.91,202110,28,"50,000",7,2008,남동대로 860,,-,-
인천광역시 남동구 간석동,216-5,216,5,간석리페(1차)도시형생활주택,12.373,202110,15,"6,500",12,2013,경인로653번길 11,,-,-
인천광역시 남동구 간석동,216-19,216,19,간석리페(2차)도시형생활주택,12.373,202110,22,"5,500",12,2013,경인로653번길 9,,-,-
인천광역시 남동구 간석동,123-19,123,19,대준블루인,54.7,202110,22,"31,000",10,2019,용천로153번길 30,,-,-
인천광역시 남동구 간석동,123-19,123,19,대준블루인,53.27,202110,22,"30,000",6,2019,용천로153번길 30,,-,-
인천광역시 남동구 간석동,123-19,123,19,대준블루인,53.27,202110,22,"30,000",9,2019,용천로153번길 30,,-,-
인천광역시 남동구 간석동,917-2,917,2,두진,59.43,202110,13,"26,500",15,1994,호구포로899번길 8,,-,-
인천광역시 남동구 간석동,216-1,216,1,베네시안,41.7531,202110,18,"19,600",6,2015,경인로653번길 1,,-,-
인천광역시 남동구 간석동,106-7,106,7,베네시안2차,59.8571,202110,13,"17,500",4,2017,간석로 14,,-,-
인천광역시 남동구 간석동,514,514,0,성락,52.515,202110,13,"25,300",3,1983,석산로72번길 18,,-,-
인천광역시 남동구 간석동,Mar-93,93,3,세중,76.69,202110,1,"20,800",5,2003,간석로50번길 13-5,,-,-
인천광역시 남동구 간석동,216-2,216,2,솔리채,16.01,202110,14,"10,000",3,2011,경인로653번길 5,,-,-
인천광역시 남동구 간석동,415,415,0,신태양,41.38,202110,2,"12,000",4,1987,예술로268번길 39,,-,-
인천광역시 남동구 간석동,415,415,0,신태양,41.38,202110,4,"18,000",5,1987,예술로268번길 39,,-,-
인천광역시 남동구 간석동,415,415,0,신태양,43.99,202110,16,"20,800",3,1987,예술로268번길 39,,-,-
인천광역시 남동구 간석동,May-32,32,5,신한,59.85,202110,5,"12,800",2,1990,용천로 200,,-,-
인천광역시 남동구 간석동,May-32,32,5,신한,59.145,202110,15,"13,000",3,1990,용천로 200,,-,-
인천광역시 남동구 간석동,938-1,938,1,어울림마을,84.96,202110,2,"57,000",3,2005,석산로 138,,-,-
인천광역시 남동구 간석동,938-1,938,1,어울림마을,84.96,202110,5,"59,500",3,2005,석산로 138,,-,-
인천광역시 남동구 간석동,617-31,617,31,영남,53.97,202110,14,"13,500",5,1988,경원대로 950,,-,-
인천광역시 남동구 간석동,893-1,893,1,우성,54.52,202110,9,"26,800",5,1990,방축로 501,,-,-
인천광역시 남동구 간석동,893-1,893,1,우성,54.52,202110,11,"27,400",12,1990,방축로 501,,-,-
인천광역시 남동구 간석동,893-1,893,1,우성,84.97,202110,16,"38,000",4,1990,방축로 501,,-,-
인천광역시 남동구 간석동,893-1,893,1,우성,72.94,202110,16,"35,400",7,1990,방축로 501,,-,-
인천광역시 남동구 간석동,893-1,893,1,우성,84.97,202110,21,"40,200",13,1990,방축로 501,,-,-
인천광역시 남동구 간석동,159-3,159,3,"우신아파트(가,나동)",52.23,202110,1,"25,000",5,1981,석촌로20번길 31,,-,-
인천광역시 남동구 간석동,214-15,214,15,웰스하임,18.97,202110,2,"7,200",19,2014,백범로 381,,-,-
인천광역시 남동구 간석동,214-15,214,15,웰스하임,18.97,202110,25,"7,300",15,2014,백범로 381,,-,-
인천광역시 남동구 간석동,940,940,0,인천간석휴먼시아1단지,84.86,202110,1,"54,500",26,2014,백범로294번길 15,,-,-
인천광역시 남동구 간석동,940,940,0,인천간석휴먼시아1단지,59.93,202110,6,"53,000",13,2014,백범로294번길 15,,-,-
인천광역시 남동구 간석동,940,940,0,인천간석휴먼시아1단지,84.87,202110,14,"62,000",23,2014,백범로294번길 15,,-,-
인천광역시 남동구 간석동,940,940,0,인천간석휴먼시아1단지,59.93,202110,25,"49,000",10,2014,백범로294번길 15,,-,-
인천광역시 남동구 간석동,941,941,0,인천간석휴먼시아2단지,84.76,202110,6,"59,800",15,2014,백범로294번길 16,,-,-
인천광역시 남동구 간석동,454,454,0,주원무지개,49.06,202110,5,"55,360",2,1985,예술로 300,,-,-
인천광역시 남동구 간석동,918-5,918,5,"태화아파트101동,102동,103동,105동",59.93,202110,2,"29,800",16,1994,호구포로900번길 5,,-,-
인천광역시 남동구 간석동,918-5,918,5,"태화아파트101동,102동,103동,105동",84.56,202110,5,"36,000",6,1994,호구포로900번길 5,,-,-
인천광역시 남동구 간석동,918-5,918,5,"태화아파트101동,102동,103동,105동",84.56,202110,6,"35,750",12,1994,호구포로900번길 5,,-,-
인천광역시 남동구 간석동,918-5,918,5,"태화아파트101동,102동,103동,105동",84.56,202110,13,"35,800",9,1994,호구포로900번길 5,,-,-
인천광역시 남동구 간석동,918-5,918,5,"태화아파트101동,102동,103동,105동",84.56,202110,20,"36,500",11,1994,호구포로900번길 5,,-,-
인천광역시 남동구 간석동,519-4,519,4,한진,54.51,202110,9,"35,000",6,1980,경인로524번길 16,,-,-
인천광역시 남동구 간석동,519-4,519,4,한진,61.42,202110,12,"37,000",11,1980,경인로524번길 16,,-,-
인천광역시 남동구 간석동,616-13,616,13,현광,63.45,202110,1,"15,500",5,1990,경원대로939번길 45,,-,-
인천광역시 남동구 간석동,616-13,616,13,현광,52.95,202110,6,"12,800",5,1990,경원대로939번길 9,,-,-
인천광역시 남동구 간석동,616-13,616,13,현광,48.54,202110,21,"9,500",6,1990,경원대로939번길 45,,-,-
인천광역시 남동구 간석동,616-13,616,13,현광,48.54,202110,25,"10,000",4,1990,경원대로939번길 45,,-,-
인천광역시 남동구 구월동,산16-1,16,1,(구)현광,59.94,202110,16,"14,900",5,1984,구월말로39번길 10-11,,-,-
인천광역시 남동구 구월동,1143-34,1143,34,구월동파라디아빌딩,18.14,202110,7,"7,800",16,2014,남동대로765번길 26,,-,-
인천광역시 남동구 구월동,1143-34,1143,34,구월동파라디아빌딩,18.14,202110,20,"8,000",18,2014,남동대로765번길 26,,-,-
인천광역시 남동구 구월동,1124-8,1124,8,구월베스티움,20.405,202110,27,"6,700",3,2014,성말로13번길 85,,-,-
인천광역시 남동구 구월동,1486,1486,0,구월아시아드선수촌1단지,51.95,202110,15,"41,900",4,2015,선수촌공원로 85,,-,-
인천광역시 남동구 구월동,1513,1513,0,구월아시아드선수촌5단지,74.92,202110,1,"63,000",3,2015,선수촌로 56,,-,-
인천광역시 남동구 구월동,1524,1524,0,구월아시아드선수촌6단지,74.91,202110,20,"55,000",6,2015,선수촌로 27,,-,-
인천광역시 남동구 구월동,1510,1510,0,구월아시아드선수촌센트럴자이,101.95,202110,23,"87,500",6,2015,선수촌로 55,,-,-
인천광역시 남동구 구월동,1131-18,1131,18,구월프라움아트,19,202110,16,"9,800",16,2016,예술로204번길 19,,-,-
인천광역시 남동구 구월동,23,23,0,구월힐스테이트1단지,83.9829,202110,2,"64,700",11,2007,구월로 192,,-,-
인천광역시 남동구 구월동,23,23,0,구월힐스테이트1단지,115.6671,202110,5,"85,600",16,2007,구월로 192,,-,-
인천광역시 남동구 구월동,23,23,0,구월힐스테이트1단지,75.3036,202110,12,"62,000",24,2007,구월로 192,,-,-
인천광역시 남동구 구월동,23,23,0,구월힐스테이트1단지,59.9,202110,25,"59,000",17,2007,구월로 192,,-,-
인천광역시 남동구 구월동,1142-21,1142,21,나이스뷰,14.3,202110,2,"6,200",9,2015,구월남로 150,,-,-
인천광역시 남동구 구월동,1476,1476,0,대우재엘에이치,84.74,202110,5,"60,000",3,2011,문화로 161,,-,-
인천광역시 남동구 구월동,287,287,0,동남,62.73,202110,2,"20,000",5,1991,인주대로676번길 19,,-,-
인천광역시 남동구 구월동,1530,1530,0,두플라스,41.923,202110,23,"16,300",9,2016,선수촌공원로 26,,-,-
인천광역시 남동구 구월동,1316-8,1316,8,드림랜드프라자,82.25,202110,21,"20,000",4,1995,복개서로35번길 27-17,,-,-
인천광역시 남동구 구월동,24,24,0,롯데캐슬골드,83.8726,202110,2,"60,000",6,2007,호구포로 803,,-,-
인천광역시 남동구 구월동,24,24,0,롯데캐슬골드,115.6671,202110,2,"80,000",18,2007,호구포로 803,,-,-
인천광역시 남동구 구월동,24,24,0,롯데캐슬골드,83.9829,202110,8,"60,000",15,2007,호구포로 803,,-,-
인천광역시 남동구 구월동,24,24,0,롯데캐슬골드,83.8913,202110,9,"59,000",1,2007,호구포로 803,,-,-
인천광역시 남동구 구월동,24,24,0,롯데캐슬골드,83.8726,202110,20,"60,000",11,2007,호구포로 803,,-,-
인천광역시 남동구 구월동,1144-10,1144,10,룩소르주상복합,46.7855,202110,14,"21,900",9,2015,남동대로777번길 9,,-,-
인천광역시 남동구 구월동,1124-5,1124,5,리치캐슬,30.52,202110,9,"10,500",6,2012,예술로174번길 12,,-,-
인천광역시 남동구 구월동,1312-6,1312,6,벽산,53.58,202110,2,"17,000",4,1989,구월말로4번길 5,,-,-
인천광역시 남동구 구월동,1312-6,1312,6,벽산,53.58,202110,12,"19,200",3,1989,구월말로4번길 5,,-,-
인천광역시 남동구 구월동,1312-6,1312,6,벽산,57.93,202110,13,"19,000",4,1989,구월말로4번길 9-6,,-,-
인천광역시 남동구 구월동,1298-6,1298,6,서울,66.8175,202110,27,"16,800",5,1987,구월말로9번길 29,,-,-
인천광역시 남동구 구월동,1160,1160,0,송정,40.2,202110,16,"11,800",5,1988,남동대로725번길 31,,-,-
인천광역시 남동구 구월동,1160,1160,0,송정,44.04,202110,20,"15,000",2,1988,남동대로725번길 31,,-,-
인천광역시 남동구 구월동,1129,1129,0,아델라이,19.53,202110,6,"7,800",16,2012,예술로204번길 26,,-,-
인천광역시 남동구 구월동,1143-31,1143,31,에코라이프주상복합,20.19,202110,10,"7,400",18,2013,인주대로623번길 31,,-,-
인천광역시 남동구 구월동,1143-31,1143,31,에코라이프주상복합,20.54,202110,20,"7,500",14,2013,인주대로623번길 31,,-,-
인천광역시 남동구 구월동,1143-31,1143,31,에코라이프주상복합,20.19,202110,29,"7,000",13,2013,인주대로623번길 31,,-,-
인천광역시 남동구 구월동,201-34,201,34,중앙(201-34),118.92,202110,14,"30,000",7,2003,인주대로626번길 7,,-,-
인천광역시 남동구 구월동,1132-11,1132,11,중앙헤리티지,12.03,202110,6,"7,100",6,2012,예술로204번길 39,20211015,-,-
인천광역시 남동구 구월동,1143-13,1143,13,지앤수,49.705,202110,5,"16,500",12,2017,남동대로765번길 42-15,,-,-
인천광역시 남동구 구월동,1146-5,1146,5,지앤이츠,49.38,202110,14,"23,000",6,2017,남동대로765번길 25,,-,-
인천광역시 남동구 구월동,258,258,0,팬더,77.84,202110,9,"37,000",7,1991,인주대로662번길 32,,-,-
인천광역시 남동구 구월동,1259-14,1259,14,현광5차(다동),39.18,202110,17,"12,000",5,1987,호구포로810번길 66-55,,-,-
인천광역시 남동구 구월동,1133,1133,0,현대홈타운,39.6693,202110,4,"17,700",6,2015,예술로226번길 28,,-,-
인천광역시 남동구 남촌동,320-2,320,2,남촌풍림1차,84.835,202110,7,"38,500",19,1998,남촌동로15번길 21,,-,-
인천광역시 남동구 남촌동,649,649,0,남촌풍림3차,83.508,202110,13,"38,000",10,1999,남촌로84번길 38,,-,-
인천광역시 남동구 남촌동,571-1,571,1,청호,63,202110,13,"11,900",4,1991,남촌로93번길 44,,-,-
인천광역시 남동구 논현동,604-1,604,1,냇마을신영지웰(9단지),96.5212,202110,4,"64,500",4,2007,소래역로 93,,-,-
인천광역시 남동구 논현동,618-1,618,1,논현신일해피트리,116.804,202110,5,"70,500",18,2007,은봉로 288,,-,-
인천광역시 남동구 논현동,618-1,618,1,논현신일해피트리,134.894,202110,29,"71,000",2,2007,은봉로 288,,-,-
인천광역시 남동구 논현동,580-1,580,1,논현휴먼시아숲속마을,84.94,202110,6,"70,000",23,2009,은봉로165번길 24,,-,-
인천광역시 남동구 논현동,580-1,580,1,논현휴먼시아숲속마을,84.88,202110,10,"51,500",14,2009,은봉로165번길 24,,-,-
인천광역시 남동구 논현동,732-1,732,1,논현힐스테이트,117.2657,202110,1,"85,000",9,2010,논고개로68번길 49,,-,-
인천광역시 남동구 논현동,634-1,634,1,어진마을한화꿈에그린(6단지),119.877,202110,5,"71,500",21,2007,논현로 106,,-,-
인천광역시 남동구 논현동,634-1,634,1,어진마을한화꿈에그린(6단지),101.31,202110,16,"64,500",16,2007,논현로 106,,-,-
인천광역시 남동구 논현동,774-1,774,1,에코메트로11,84.993,202110,6,"51,000",7,2009,논고개로 17,,-,-
인천광역시 남동구 논현동,774-1,774,1,에코메트로11,131.261,202110,21,"87,000",10,2009,논고개로 17,,-,-
인천광역시 남동구 논현동,755-4,755,4,에코메트로12,84.993,202110,11,"71,500",25,2009,논고개로 10,,-,-
인천광역시 남동구 논현동,755-4,755,4,에코메트로12,84.997,202110,23,"67,000",27,2009,논고개로 10,,-,-
인천광역시 남동구 논현동,755-4,755,4,에코메트로12,84.993,202110,23,"69,000",22,2009,논고개로 10,,-,-
인천광역시 남동구 논현동,755-1,755,1,에코메트로5,84.986,202110,13,"70,000",21,2010,소래역남로 39,,-,-
인천광역시 남동구 논현동,756-1,756,1,에코메트로6,84.992,202110,22,"63,500",36,2010,아암대로1503번길 98,,-,-
인천광역시 남동구 논현동,757-1,757,1,에코메트로7,84.947,202110,2,"70,000",12,2010,에코중앙로 163,,-,-
인천광역시 남동구 논현동,766-1,766,1,에코메트로9,123.812,202110,7,"86,500",28,2011,에코중앙로 96,,-,-
인천광역시 남동구 논현동,May-66,66,5,유호엔시티201동,84.985,202110,19,"41,000",10,2013,포구로 45,,-,-
인천광역시 남동구 논현동,810,810,0,인천논현푸르지오,61.8677,202110,25,"55,000",28,2019,포구로 40,,-,-
인천광역시 남동구 논현동,749-1,749,1,인천소래엘에이치4단지,59.84,202110,8,"59,000",10,2014,논고개로68번길 34,,-,-
인천광역시 남동구 논현동,602-1,602,1,주공11단지(단풍마을),84.38,202110,2,"47,500",4,2006,소래역로 94,,-,-
인천광역시 남동구 논현동,602-1,602,1,주공11단지(단풍마을),84.55,202110,2,"50,000",3,2006,소래역로 94,,-,-
인천광역시 남동구 논현동,564-1,564,1,주공1단지,59.13,202110,9,"34,750",19,1998,호구포로 294,,-,-
인천광역시 남동구 논현동,564-1,564,1,주공1단지,59.13,202110,14,"34,000",3,1998,호구포로 294,,-,-
인천광역시 남동구 논현동,564-1,564,1,주공1단지,48.87,202110,26,"24,750",17,1998,호구포로 294,,-,-
인천광역시 남동구 논현동,563-3,563,3,주공2단지,38.95,202110,9,"15,000",5,1998,함박뫼로 439,,-,-
인천광역시 남동구 논현동,563-3,563,3,주공2단지,59.23,202110,12,"35,300",11,1998,함박뫼로 439,,-,-
인천광역시 남동구 논현동,563-3,563,3,주공2단지,48.45,202110,13,"25,700",20,1998,함박뫼로 439,,-,-
인천광역시 남동구 논현동,563-3,563,3,주공2단지,48.45,202110,19,"21,700",20,1998,함박뫼로 439,20211027,-,-
인천광역시 남동구 논현동,563-3,563,3,주공2단지,48.45,202110,23,"26,300",12,1998,함박뫼로 439,,-,-
인천광역시 남동구 논현동,563-3,563,3,주공2단지,48.45,202110,23,"26,300",2,1998,함박뫼로 439,20211027,-,-
인천광역시 남동구 논현동,577,577,0,풍림,59.7,202110,1,"36,400",12,2000,청능대로718번길 7,,-,-
인천광역시 남동구 도림동,654-2,654,2,벽산블루밍,84.85,202110,25,"45,500",18,2008,도림로 8,,-,-
인천광역시 남동구 도림동,630-1,630,1,주공그린빌2차,76.28,202110,4,"40,000",14,2003,오봉로 33,,-,-
인천광역시 남동구 만수동,900-17,900,17,고운웰리움,59.9403,202110,14,"29,700",4,2006,구월말로103번길 18-4,,-,-
인천광역시 남동구 만수동,1079-2,1079,2,공작아파트,37.83,202110,7,"9,300",6,1988,장승로 20,,-,-
인천광역시 남동구 만수동,1048,1048,0,금호타운,101.88,202110,1,"47,500",11,1992,담방로 22-16,,-,-
인천광역시 남동구 만수동,1014,1014,0,남동아파트,60,202110,27,"25,500",5,1992,장승남로33번길 23,,-,-
인천광역시 남동구 만수동,1044,1044,0,뉴서울,34.65,202110,2,"15,400",11,1992,담방로21번길 61,,-,-
인천광역시 남동구 만수동,1044,1044,0,뉴서울,34.65,202110,4,"16,200",4,1992,담방로21번길 61,,-,-
인천광역시 남동구 만수동,1044,1044,0,뉴서울,34.65,202110,9,"13,700",1,1992,담방로21번길 61,,-,-
인천광역시 남동구 만수동,1044,1044,0,뉴서울,34.65,202110,11,"15,900",11,1992,담방로21번길 61,,-,-
인천광역시 남동구 만수동,1044,1044,0,뉴서울,34.65,202110,14,"16,300",7,1992,담방로21번길 61,20211018,-,-
인천광역시 남동구 만수동,1044,1044,0,뉴서울,34.65,202110,14,"16,300",7,1992,담방로21번길 61,20211026,-,-
인천광역시 남동구 만수동,1044,1044,0,뉴서울,34.65,202110,16,"15,000",1,1992,담방로21번길 61,,-,-
인천광역시 남동구 만수동,1044,1044,0,뉴서울,34.65,202110,30,"16,700",10,1992,담방로21번길 61,,-,-
인천광역시 남동구 만수동,1049,1049,0,담방마을,45.76,202110,2,"19,500",14,1994,매소홀로 1030,,-,-
인천광역시 남동구 만수동,1049,1049,0,담방마을,45.76,202110,3,"18,700",10,1994,매소홀로 1030,,-,-
인천광역시 남동구 만수동,1049,1049,0,담방마을,46.12,202110,5,"17,800",3,1994,매소홀로 1030,,-,-
인천광역시 남동구 만수동,1049,1049,0,담방마을,46.12,202110,7,"19,500",13,1994,매소홀로 1030,,-,-
인천광역시 남동구 만수동,1049,1049,0,담방마을,49.72,202110,7,"22,600",16,1994,매소홀로 1030,,-,-
인천광역시 남동구 만수동,1049,1049,0,담방마을,49.92,202110,8,"24,500",4,1994,매소홀로 1030,,-,-
인천광역시 남동구 만수동,1049,1049,0,담방마을,49.72,202110,8,"20,100",4,1994,매소홀로 1030,,-,-
인천광역시 남동구 만수동,1049,1049,0,담방마을,49.72,202110,11,"23,400",6,1994,매소홀로 1030,,-,-
인천광역시 남동구 만수동,1049,1049,0,담방마을,49.72,202110,11,"23,200",14,1994,매소홀로 1030,,-,-
인천광역시 남동구 만수동,1049,1049,0,담방마을,46.12,202110,16,"19,500",17,1994,매소홀로 1030,,-,-
인천광역시 남동구 만수동,1049,1049,0,담방마을,46.12,202110,20,"15,000",9,1994,매소홀로 1030,,-,-
인천광역시 남동구 만수동,1049,1049,0,담방마을,45.76,202110,29,"12,800",9,1994,매소홀로 1030,,-,-
인천광역시 남동구 만수동,5-326,5,326,대동(5-328),39.33,202110,14,"13,300",2,1987,만수로 86,,-,-
인천광역시 남동구 만수동,5-326,5,326,대동(5-328),39.33,202110,21,"14,500",4,1987,만수로 86,,-,-
인천광역시 남동구 만수동,5-397,5,397,대동(5-397),59.83,202110,1,"14,000",6,1989,만수서로83번길 63-4,,-,-
인천광역시 남동구 만수동,5-397,5,397,대동(5-397),46.74,202110,21,"12,000",2,1989,만수서로83번길 63-4,,-,-
인천광역시 남동구 만수동,5-397,5,397,대동(5-397),46.74,202110,30,"13,000",3,1989,만수서로83번길 63-4,,-,-
인천광역시 남동구 만수동,904-18,904,18,동남,76.02,202110,14,"22,000",5,1984,백범로247번길 37,,-,-
인천광역시 남동구 만수동,29,29,0,만수주공1단지,39.72,202110,9,"29,500",2,1985,만수로 14-25,,-,-
인천광역시 남동구 만수동,29,29,0,만수주공2단지,61.52,202110,2,"45,000",15,1987,백범로124번길 43,,-,-
인천광역시 남동구 만수동,29,29,0,만수주공2단지,54.9,202110,12,"38,400",7,1987,백범로124번길 43,,-,-
인천광역시 남동구 만수동,29,29,0,만수주공2단지,54.9,202110,29,"40,500",10,1987,백범로124번길 43,,-,-
인천광역시 남동구 만수동,17,17,0,만수주공5단지,41.3,202110,5,"27,500",6,1987,백범로124번길 127,,-,-
인천광역시 남동구 만수동,17,17,0,만수주공5단지,32.39,202110,11,"23,000",15,1987,백범로124번길 127,,-,-
인천광역시 남동구 만수동,17,17,0,만수주공5단지,41.3,202110,11,"27,000",11,1987,백범로124번길 127,,-,-
인천광역시 남동구 만수동,17,17,0,만수주공5단지,49.94,202110,18,"32,000",11,1987,백범로124번길 127,,-,-
인천광역시 남동구 만수동,20,20,0,만수주공6단지,38.52,202110,13,"24,000",5,1986,만수로50번길 19,,-,-
인천광역시 남동구 만수동,20,20,0,만수주공6단지,38.52,202110,27,"28,000",2,1986,만수로50번길 19,,-,-
인천광역시 남동구 만수동,1114,1114,0,벽산,84.93,202110,1,"39,400",23,2000,호구포로 924,,-,-
인천광역시 남동구 만수동,1114,1114,0,벽산,59.805,202110,28,"35,000",4,2000,호구포로 924,,-,-
인천광역시 남동구 만수동,844-125,844,125,산호(844-125),59.9727,202110,11,"28,500",2,2004,서판로 22,,-,-
인천광역시 남동구 만수동,5-305,5,305,삼부,54.54,202110,20,"12,500",4,1984,만수로 98,,-,-
인천광역시 남동구 만수동,1038,1038,0,삼익세라믹,164.07,202110,5,"51,000",5,1992,장승남로 70-30,,-,-
인천광역시 남동구 만수동,1038,1038,0,삼익세라믹,132.81,202110,23,"49,800",7,1992,장승남로 70-30,,-,-
인천광역시 남동구 만수동,983-1,983,1,삼환1단지,68.38,202110,4,"34,300",11,1989,인주대로 857,,-,-
인천광역시 남동구 만수동,966,966,0,삼환2단지,50.26,202110,6,"18,000",15,1990,소래로 677,,-,-
인천광역시 남동구 만수동,966,966,0,삼환2단지,43.55,202110,9,"21,300",5,1990,소래로 677,,-,-
인천광역시 남동구 만수동,05월 06일,5,6,성신(5-373외),50.76,202110,23,"9,800",5,1984,만수로75번길 57,,-,-
인천광역시 남동구 만수동,02월 21일,2,21,신한,35.995,202110,1,"7,800",5,1988,수현로136번길 30,,-,-
인천광역시 남동구 만수동,05월 03일,5,3,아주(5-3),46.485,202110,2,"14,500",6,1988,만수로105번길 23,,-,-
인천광역시 남동구 만수동,848,848,0,영풍(848),59.86,202110,9,"29,000",16,1997,백범로248번길 20,,-,-
인천광역시 남동구 만수동,848,848,0,영풍(848),59.86,202110,29,"30,000",16,1997,백범로248번길 20,,-,-
인천광역시 남동구 만수동,03월 09일,3,9,정광,52.26,202110,21,"13,700",2,1988,만수서로105번길 48,,-,-
인천광역시 남동구 만수동,1005,1005,0,주공8단지,38.64,202110,2,"24,000",8,1989,담방로 105,,-,-
인천광역시 남동구 만수동,1005,1005,0,주공8단지,38.64,202110,11,"24,000",15,1989,담방로 105,,-,-
인천광역시 남동구 만수동,1005,1005,0,주공8단지,38.64,202110,18,"22,500",12,1989,담방로 105,,-,-
인천광역시 남동구 만수동,1005,1005,0,주공8단지,38.64,202110,20,"19,500",10,1989,담방로 105,,-,-
인천광역시 남동구 만수동,1036,1036,0,진흥(1036),57.69,202110,11,"22,900",5,1991,장승남로81번길 16,,-,-
인천광역시 남동구 만수동,1115-1,1115,1,향촌휴먼시아,46.89,202110,9,"30,000",10,2011,만수서로 55,,-,-
인천광역시 남동구 만수동,1115-1,1115,1,향촌휴먼시아,84.77,202110,13,"55,500",11,2011,만수서로 55,,-,-
인천광역시 남동구 만수동,1115-1,1115,1,향촌휴먼시아,46.42,202110,23,"27,000",18,2011,만수서로 55,,-,-
인천광역시 남동구 만수동,1037,1037,0,현대,125.88,202110,2,"53,000",18,1992,장승남로 82,,-,-
인천광역시 남동구 만수동,1037,1037,0,현대,101.94,202110,6,"48,300",7,1992,장승남로 82,,-,-
인천광역시 남동구 서창동,715,715,0,서창베라체아파트(11단지),59.46,202110,2,"47,000",12,2012,서창남로 17,,-,-
인천광역시 남동구 서창동,715,715,0,서창베라체아파트(11단지),59.85,202110,7,"41,000",4,2012,서창남로 17,,-,-
인천광역시 남동구 서창동,682,682,0,서창센트럴푸르지오,74.98,202110,11,"62,000",7,2018,서창남순환로 55,,-,-
인천광역시 남동구 서창동,540,540,0,서해그랑블,107.7441,202110,5,"51,100",4,2008,독곡로48번길 9,,-,-
인천광역시 남동구 서창동,540,540,0,서해그랑블,59.9945,202110,12,"34,600",13,2008,독곡로48번길 9,,-,-
인천광역시 남동구 서창동,540,540,0,서해그랑블,59.9945,202110,24,"39,000",13,2008,독곡로48번길 9,,-,-
인천광역시 남동구 서창동,695,695,0,인천서창엘에이치6단지,74.95,202110,6,"50,000",10,2014,서창남순환로 190-100,,-,-
인천광역시 남동구 서창동,537,537,0,태평1차,59.885,202110,20,"24,000",1,1995,장아산로128번길 22,,-,-
인천광역시 남동구 서창동,538,538,0,태평2차,72.4,202110,7,"35,300",11,1997,장아산로 181,,-,-
인천광역시 남동구 서창동,538,538,0,태평2차,59.96,202110,16,"29,000",12,1997,장아산로 181,,-,-
인천광역시 남동구 서창동,538,538,0,태평2차,59.96,202110,22,"32,500",2,1997,장아산로 181,,-,-
인천광역시 남동구 서창동,545,545,0,현대모닝사이드,117.4549,202110,4,"52,000",6,2002,매소홀로 1103,,-,-
인천광역시 남동구 서창동,702,702,0,호반베르디움,84.7403,202110,27,"75,800",18,2017,서창남순환로 200,,-,-
인천광역시 동구 만석동,43-15,43,15,만석1,43.92,202110,14,"6,000",5,1985,제물량로341번길 38,,-,-
인천광역시 동구 만석동,43-15,43,15,만석1,43.92,202110,18,"9,750",1,1985,제물량로341번길 38,,-,-
인천광역시 동구 만석동,43-79,43,79,만석3,42.19,202110,26,"8,000",4,1991,인중로 379,,-,-
인천광역시 동구 송림동,342,342,0,동산휴먼시아1단지,46.89,202110,5,"25,000",6,2010,재능로 191,,-,-
인천광역시 동구 송림동,342,342,0,동산휴먼시아1단지,59.98,202110,15,"32,000",19,2010,재능로 191,,-,-
인천광역시 동구 송림동,342,342,0,동산휴먼시아1단지,46.87,202110,16,"25,900",10,2010,재능로 191,,-,-
인천광역시 동구 송림동,343,343,0,동산휴먼시아2단지,59.95,202110,28,"33,200",4,2010,새천년로38번길 11,,-,-
인천광역시 동구 송림동,341,341,0,송림휴먼시아1단지,84.86,202110,21,"40,500",10,2009,송향로 31,,-,-
인천광역시 동구 송림동,291,291,0,우정,74.98,202110,1,"23,000",10,2004,연송로 7,,-,-
인천광역시 동구 송림동,Nov-94,94,11,진로,84.91,202110,2,"28,500",9,1999,새천년로10번길 19,,-,-
인천광역시 동구 송림동,339,339,0,풍림아이원,84.936,202110,9,"41,700",10,2009,송미로 6,,-,-
인천광역시 동구 송림동,339,339,0,풍림아이원,114.53,202110,11,"46,500",8,2009,송미로 6,,-,-
인천광역시 동구 송림동,339,339,0,풍림아이원,84.936,202110,14,"40,000",6,2009,송미로 6,,-,-
인천광역시 동구 송림동,339,339,0,풍림아이원,84.936,202110,23,"42,000",10,2009,송미로 6,,-,-
인천광역시 동구 송현동,66-26,66,26,동부,56.812,202110,4,"22,000",7,1990,화수로 38,,-,-
인천광역시 동구 송현동,66-26,66,26,동부,40.893,202110,13,"15,300",7,1990,화수로 38,,-,-
인천광역시 동구 송현동,66-51,66,51,삼두1차,42.93,202110,5,"11,000",9,1984,수문통로 33,,-,-
인천광역시 동구 송현동,66-24,66,24,삼두2,41.31,202110,5,"11,500",3,1987,화수로 21,,-,-
인천광역시 동구 송현동,66-24,66,24,삼두2,30.78,202110,13,"9,500",12,1987,화수로 21,,-,-
인천광역시 동구 송현동,66-24,66,24,삼두2,30.78,202110,24,"8,600",2,1987,화수로 21,,-,-
인천광역시 동구 송현동,154,154,0,솔빛마을주공,46.92,202110,1,"22,000",9,2003,송현로 50,,-,-
인천광역시 동구 송현동,154,154,0,솔빛마을주공,37.08,202110,6,"19,200",13,2003,송현로 50,,-,-
인천광역시 동구 송현동,154,154,0,솔빛마을주공,59.81,202110,18,"29,000",2,2003,송현로 50,,-,-
인천광역시 동구 송현동,154,154,0,솔빛마을주공,46.92,202110,25,"21,000",24,2003,송현로 50,,-,-
인천광역시 동구 송현동,166,166,0,솔빛마을주공2차,59.92,202110,2,"31,000",5,2003,화수로 8-10,,-,-
인천광역시 동구 송현동,166,166,0,솔빛마을주공2차,39.79,202110,7,"20,300",10,2003,화수로 8-10,,-,-
인천광역시 동구 송현동,06월 26일,6,26,송현주공,35.28,202110,8,"12,000",4,1993,인중로 653,,-,-
인천광역시 동구 송현동,06월 26일,6,26,송현주공,41.85,202110,19,"14,000",10,1993,인중로 653,,-,-
인천광역시 동구 송현동,165,165,0,주공2,84.51,202110,7,"43,000",3,2003,송현로 39,,-,-
인천광역시 동구 화수동,02월 07일,2,7,미륭,39.924,202110,9,"12,500",5,1990,화수로 44,,-,-
인천광역시 동구 화수동,02월 07일,2,7,미륭,35.52,202110,15,"8,000",5,1990,화수로 44,,-,-
인천광역시 동구 화수동,02월 07일,2,7,미륭,39.924,202110,18,"11,500",5,1990,화수로 44,,-,-
인천광역시 동구 화수동,02월 07일,2,7,미륭,49.83,202110,19,"15,800",4,1990,화수로 44,,-,-
인천광역시 동구 화수동,02월 07일,2,7,미륭,49.83,202110,23,"15,500",3,1990,화수로 44,,-,-
인천광역시 미추홀구 관교동,03월 13일,13,3,동아,131.54,202110,8,"46,800",5,1990,인하로430번길 15,,-,-
인천광역시 미추홀구 관교동,07월 13일,13,7,쌍용,84.95,202110,6,"43,800",9,1991,주승로 231,,-,-
인천광역시 미추홀구 관교동,07월 13일,13,7,쌍용,84.95,202110,17,"46,000",14,1991,주승로 231,,-,-
인천광역시 미추홀구 도화동,108-1,108,1,TS굿모닝,84.27,202110,8,"30,700",16,2002,장고개로36번길 36,,-,-
인천광역시 미추홀구 도화동,982,982,0,도화동신동아파밀리에,84.922,202110,6,"40,800",2,2012,송림로 194,,-,-
인천광역시 미추홀구 도화동,601-1,601,1,동아,84.95,202110,5,"35,000",13,1992,경인로 203-12,,-,-
인천광역시 미추홀구 도화동,574-3,574,3,동오,59.44,202110,14,"14,000",4,1989,주안로7번길 31,,-,-
인천광역시 미추홀구 도화동,557-1,557,1,동원,47.07,202110,9,"16,200",5,1987,주안로 27,,-,-
인천광역시 미추홀구 도화동,557-1,557,1,동원,47.07,202110,13,"17,000",4,1987,주안로 27,,-,-
인천광역시 미추홀구 도화동,534-15,534,15,백영쑥골마을(534-15),44.27,202110,11,"8,978",3,2002,경인북길485번길 40,,-,-
인천광역시 미추홀구 도화동,534-16,534,16,백영쑥골마을(534-16),53.795,202110,11,"10,260",4,2002,경인북길485번길 34,,-,-
인천광역시 미추홀구 도화동,106-4,106,4,삼덕진주,60.855,202110,2,"16,400",1,1984,석정로 311,,-,-
인천광역시 미추홀구 도화동,136-16,136,16,삼원,43.2,202110,2,"15,000",3,1985,석정로314번길 12-32,,-,-
인천광역시 미추홀구 도화동,137-2,137,2,신태양2차,44.27,202110,2,"21,000",5,1982,석정로302번길 6,,-,-
인천광역시 미추홀구 도화동,132-1,132,1,신태양3차,55.985,202110,14,"21,000",3,1983,석정로302번길 28,,-,-
인천광역시 미추홀구 도화동,444-18,444,18,원일,87.92,202110,4,"20,000",1,1980,제일로 46-1,,-,-
인천광역시 미추홀구 도화동,444-18,444,18,원일,94.89,202110,4,"23,000",5,1980,제일로 46-1,,-,-
인천광역시 미추홀구 도화동,444-18,444,18,원일,84.08,202110,4,"23,000",2,1980,제일로 46-1,,-,-
인천광역시 미추홀구 도화동,444-18,444,18,원일,87.92,202110,4,"20,500",4,1980,제일로 46-1,,-,-
인천광역시 미추홀구 도화동,444-18,444,18,원일,87.92,202110,4,"20,000",3,1980,제일로 46-1,,-,-
인천광역시 미추홀구 도화동,444-18,444,18,원일,84.09,202110,7,"20,000",3,1980,제일로 46-1,,-,-
인천광역시 미추홀구 도화동,444-18,444,18,원일,84.09,202110,20,"23,000",4,1980,제일로 46-1,,-,-
인천광역시 미추홀구 도화동,119-7,119,7,이화,45.72,202110,16,"10,000",5,1986,장고개로36번길 15,,-,-
인천광역시 미추홀구 도화동,279,279,0,태극,72.25,202110,18,"12,300",4,1980,주안서로 41,,-,-
인천광역시 미추홀구 도화동,279,279,0,태극,72.25,202110,29,"13,500",4,1980,주안서로 41,,-,-
인천광역시 미추홀구 도화동,377-2,377,2,홈유레카,66.66,202110,18,"24,000",9,2017,경인로325번길 9,,-,-
인천광역시 미추홀구 숭의동,170-59,170,59,BS리치뷰,59.98,202110,25,"22,000",10,2017,독배로462번길 15,,-,-
인천광역시 미추홀구 숭의동,170-59,170,59,BS리치뷰,59.98,202110,25,"26,000",8,2017,독배로462번길 15,,-,-
인천광역시 미추홀구 숭의동,169-25,169,25,골드프라임,74.49,202110,4,"22,700",7,2016,독배로462번길 30-7,,-,-
인천광역시 미추홀구 숭의동,159-1,159,1,광해리드빌,84.975,202110,6,"29,700",14,2003,미추로 61,,-,-
인천광역시 미추홀구 숭의동,331-56,331,56,금호파크빌,59.23,202110,11,"10,450",5,2002,인주대로57번길 11-22,,-,-
인천광역시 미추홀구 숭의동,296-81,296,81,뉴월드B동,50.33,202110,7,"10,250",6,2003,장천로6번길 23,,-,-
인천광역시 미추홀구 숭의동,342-31,342,31,대준블루온101동,49.67,202110,2,"16,200",6,2016,제물량로24번길 85,,-,-
인천광역시 미추홀구 숭의동,342-30,342,30,대준블루온102동,48.32,202110,20,"15,500",12,2016,석정로 13,,-,-
인천광역시 미추홀구 숭의동,342-30,342,30,대준블루온102동,32.45,202110,21,"13,000",9,2016,석정로 13,,-,-
인천광역시 미추홀구 숭의동,170-12,170,12,대호,84.56,202110,18,"13,500",2,1971,독배로462번길 55,,-,-
인천광역시 미추홀구 숭의동,294-11,294,11,동아씨티월드,87.42,202110,15,"18,500",6,1998,독배로 443,,-,-
인천광역시 미추홀구 숭의동,2-95,2,95,동일,72.96,202110,5,"12,400",2,1978,수봉안길69번길 34,,-,-
인천광역시 미추홀구 숭의동,404-2,404,2,리치하임,49.96,202110,29,"19,300",8,2017,인중로16번길 5-33,,-,-
인천광역시 미추홀구 숭의동,346-6,346,6,리치하임2차,49.66,202110,8,"21,900",14,2017,인주대로11번길 38,,-,-
인천광역시 미추홀구 숭의동,168-7,168,7,새움,68.07,202110,12,"15,000",3,2004,미추로27번길 19,,-,-
인천광역시 미추홀구 숭의동,5-79,5,79,수봉,67.33,202110,12,"8,900",1,1978,수봉로33번길 102-94,,-,-
인천광역시 미추홀구 숭의동,341-26,341,26,신정,59.49,202110,8,"12,800",5,2002,석정로10번길 12,,-,-
인천광역시 미추홀구 숭의동,Jan-42,42,1,제물포(42-1),56.19,202110,20,"13,000",2,1978,수봉로 6-11,,-,-
인천광역시 미추홀구 숭의동,Jan-42,42,1,제물포(42-1),56.19,202110,26,"11,700",5,1978,수봉로 6-11,,-,-
인천광역시 미추홀구 숭의동,346-5,346,5,진성투토펠리체,59.88,202110,18,"23,500",9,2018,인주대로11번길 42,,-,-
인천광역시 미추홀구 숭의동,294-35,294,35,클래시아아파트,59.89,202110,5,"26,000",16,2019,장천로 28,,-,-
인천광역시 미추홀구 숭의동,1-194,1,194,태양,57.78,202110,8,"13,000",5,1984,경인로142번길 41,,-,-
인천광역시 미추홀구 숭의동,165-13,165,13,프라임시티,48.687,202110,5,"16,400",12,2015,미추로 31-1,,-,-
인천광역시 미추홀구 숭의동,Jan-86,86,1,한화꿈에그린,84.3677,202110,23,"40,600",10,2007,석정로126번길 23,,-,-
인천광역시 미추홀구 용현동,574-21,574,21,금동아파트1동,45,202110,5,"8,000",6,2003,아암대로 41,,-,-
인천광역시 미추홀구 용현동,574-20,574,20,금동아파트2동,45,202110,7,"7,500",5,2003,아암대로 39,,-,-
인천광역시 미추홀구 용현동,652,652,0,금호어울림3차,84.7344,202110,1,"38,200",4,2010,낙섬동로 51,,-,-
인천광역시 미추홀구 용현동,627-40,627,40,금호타운1차,84.99,202110,18,"38,000",15,1991,낙섬동로 9,,-,-
인천광역시 미추홀구 용현동,630-7,630,7,넥스빌,69.16,202110,6,"21,300",16,2017,아암대로 101,,-,-
인천광역시 미추홀구 용현동,574-3,574,3,대진,39.78,202110,2,"15,000",2,1989,능해길46번길 38,,-,-
인천광역시 미추홀구 용현동,574-3,574,3,대진,39.78,202110,2,"15,000",2,1989,능해길46번길 38,20211013,-,-
인천광역시 미추홀구 용현동,574-3,574,3,대진,51.93,202110,12,"17,500",6,1989,능해길46번길 38,,-,-
인천광역시 미추홀구 용현동,129-17,129,17,대진(129-17),55.51,202110,8,"16,000",4,2004,수봉남로6번길 52-10,,-,-
인천광역시 미추홀구 용현동,630-8,630,8,더젠씨티,59.09,202110,2,"25,500",15,2017,토금남로4번길 12,,-,-
인천광역시 미추홀구 용현동,610-113,610,113,동아,47.28,202110,2,"16,000",6,1989,용오로 82,,-,-
인천광역시 미추홀구 용현동,610-113,610,113,동아,51.9,202110,9,"19,800",5,1989,용오로 82,,-,-
인천광역시 미추홀구 용현동,610-113,610,113,동아,48.93,202110,19,"19,300",6,1989,용오로 82,,-,-
인천광역시 미추홀구 용현동,129-1,129,1,명성에이스빌,49.53,202110,21,"9,425",6,2003,인주대로197번길 7,,-,-
인천광역시 미추홀구 용현동,624-18,624,18,밀레니엄,59.92,202110,27,"19,200",8,2017,아암대로53번길 33,,-,-
인천광역시 미추홀구 용현동,488-5,488,5,선우,59.35,202110,28,"13,000",6,2003,인주대로 84,,-,-
인천광역시 미추홀구 용현동,Apr-52,52,4,성광,70.56,202110,29,"13,450",2,1984,인하로133번길 18,,-,-
인천광역시 미추홀구 용현동,490-26,490,26,센트럴아파트,59.96,202110,1,"24,000",15,2017,인주대로 157,,-,-
인천광역시 미추홀구 용현동,627-111,627,111,수정,64.76,202110,5,"19,000",4,1985,아암대로 119,,-,-
인천광역시 미추홀구 용현동,627-111,627,111,수정,64.76,202110,5,"19,500",1,1985,아암대로 119,,-,-
인천광역시 미추홀구 용현동,627-111,627,111,수정,64.76,202110,9,"18,500",5,1985,아암대로 119,,-,-
인천광역시 미추홀구 용현동,627-534,627,534,신창미션힐,59.851,202110,1,"40,400",8,2004,매소홀로 171,,-,-
인천광역시 미추홀구 용현동,가-,0,0,엘에이치미추홀퍼스트,66.98,202110,7,"44,700",11,2018,낙섬동로 135,,-,-
인천광역시 미추홀구 용현동,가-,0,0,엘에이치미추홀퍼스트,59.96,202110,10,"43,900",19,2018,낙섬동로 135,,-,-
인천광역시 미추홀구 용현동,가-,0,0,엘에이치미추홀퍼스트,74.9,202110,14,"53,700",19,2018,낙섬동로 135,,-,-
인천광역시 미추홀구 용현동,647,647,0,용현금호타운2단지1차,71.25,202110,2,"37,800",19,1999,매소홀로 68,,-,-
인천광역시 미추홀구 용현동,647,647,0,용현금호타운2단지2차,84.533,202110,6,"46,200",13,2000,매소홀로 68,,-,-
인천광역시 미추홀구 용현동,647,647,0,용현금호타운2단지2차,59.94,202110,14,"31,500",19,2000,매소홀로 68,,-,-
인천광역시 미추홀구 용현동,647,647,0,용현금호타운2단지2차,71.25,202110,19,"30,800",8,2000,매소홀로 68,,-,-
인천광역시 미추홀구 용현동,573-2,573,2,용현대우,75.426,202110,7,"35,800",3,2001,아암대로29번길 13,,-,-
인천광역시 미추홀구 용현동,573-2,573,2,용현대우,75.426,202110,12,"29,000",19,2001,아암대로29번길 13,,-,-
인천광역시 미추홀구 용현동,572-3,572,3,용현동아,84.56,202110,1,"23,000",6,1990,능해길 32,,-,-
인천광역시 미추홀구 용현동,615-7,615,7,우성,84.84,202110,11,"33,350",3,1996,토금남로 79,,-,-
인천광역시 미추홀구 용현동,557-1,557,1,유원용현,58.5,202110,16,"25,700",11,1989,낙섬중로 102,,-,-
인천광역시 미추홀구 용현동,627-457,627,457,윤성,59.86,202110,8,"21,500",15,1993,매소홀로 143,,-,-
인천광역시 미추홀구 용현동,664,664,0,인천 SK Sky VIEW,84.9801,202110,2,"70,000",9,2016,용정공원로 33,,-,-
인천광역시 미추홀구 용현동,664,664,0,인천 SK Sky VIEW,59.9936,202110,2,"58,800",11,2016,용정공원로 33,,-,-
인천광역시 미추홀구 용현동,664,664,0,인천 SK Sky VIEW,84.9801,202110,2,"72,000",20,2016,용정공원로 33,,-,-
인천광역시 미추홀구 용현동,664,664,0,인천 SK Sky VIEW,109.2162,202110,3,"87,000",35,2016,용정공원로 33,,-,-
인천광역시 미추홀구 용현동,664,664,0,인천 SK Sky VIEW,95.4904,202110,4,"83,000",21,2016,용정공원로 33,,-,-
인천광역시 미추홀구 용현동,664,664,0,인천 SK Sky VIEW,59.9995,202110,4,"58,500",15,2016,용정공원로 33,,-,-
인천광역시 미추홀구 용현동,664,664,0,인천 SK Sky VIEW,84.9974,202110,4,"77,700",15,2016,용정공원로 33,,-,-
인천광역시 미추홀구 용현동,664,664,0,인천 SK Sky VIEW,109.2162,202110,4,"93,500",30,2016,용정공원로 33,,-,-
인천광역시 미추홀구 용현동,664,664,0,인천 SK Sky VIEW,84.9801,202110,5,"68,800",4,2016,용정공원로 33,,-,-
인천광역시 미추홀구 용현동,664,664,0,인천 SK Sky VIEW,59.9995,202110,5,"55,000",18,2016,용정공원로 33,,-,-
인천광역시 미추홀구 용현동,664,664,0,인천 SK Sky VIEW,59.9934,202110,6,"57,900",5,2016,용정공원로 33,,-,-
인천광역시 미추홀구 용현동,664,664,0,인천 SK Sky VIEW,84.9801,202110,8,"69,000",17,2016,용정공원로 33,,-,-
인천광역시 미추홀구 용현동,664,664,0,인천 SK Sky VIEW,84.9939,202110,9,"70,000",33,2016,용정공원로 33,,-,-
인천광역시 미추홀구 용현동,664,664,0,인천 SK Sky VIEW,84.9939,202110,9,"71,500",18,2016,용정공원로 33,,-,-
인천광역시 미추홀구 용현동,664,664,0,인천 SK Sky VIEW,59.9907,202110,12,"60,000",13,2016,용정공원로 33,,-,-
인천광역시 미추홀구 용현동,664,664,0,인천 SK Sky VIEW,84.9974,202110,12,"68,000",10,2016,용정공원로 33,,-,-
인천광역시 미추홀구 용현동,664,664,0,인천 SK Sky VIEW,59.9934,202110,14,"59,800",16,2016,용정공원로 33,,-,-
인천광역시 미추홀구 용현동,664,664,0,인천 SK Sky VIEW,100.3095,202110,15,"86,500",13,2016,용정공원로 33,,-,-
인천광역시 미추홀구 용현동,664,664,0,인천 SK Sky VIEW,127.9109,202110,16,"93,000",4,2016,용정공원로 33,,-,-
인천광역시 미추홀구 용현동,664,664,0,인천 SK Sky VIEW,84.9939,202110,16,"69,200",1,2016,용정공원로 33,,-,-
인천광역시 미추홀구 용현동,664,664,0,인천 SK Sky VIEW,59.9936,202110,17,"62,000",31,2016,용정공원로 33,,-,-
인천광역시 미추홀구 용현동,664,664,0,인천 SK Sky VIEW,59.9907,202110,18,"59,800",15,2016,용정공원로 33,,-,-
인천광역시 미추홀구 용현동,664,664,0,인천 SK Sky VIEW,84.9974,202110,30,"78,000",37,2016,용정공원로 33,,-,-
인천광역시 미추홀구 용현동,659,659,0,인천용현엑슬루타워,124.9561,202110,4,"60,000",43,2011,아암대로29번길 16,,-,-
인천광역시 미추홀구 용현동,627-47,627,47,한국,59.34,202110,2,"24,800",18,1996,낙섬동로 6,,-,-
인천광역시 미추홀구 용현동,627-78,627,78,한양1차,120.4,202110,8,"41,500",4,1990,낙섬중로 20,,-,-
인천광역시 미추홀구 용현동,627-105,627,105,한양2차,67.59,202110,4,"22,000",13,1992,매소홀로 23-42,,-,-
인천광역시 미추홀구 용현동,627-105,627,105,한양2차,67.59,202110,5,"19,000",1,1992,매소홀로 23-42,,-,-
인천광역시 미추홀구 용현동,627-105,627,105,한양2차,67.59,202110,5,"20,000",1,1992,매소홀로 23-42,,-,-
인천광역시 미추홀구 용현동,627-105,627,105,한양2차,127.935,202110,11,"33,200",6,1992,매소홀로 23-42,,-,-
인천광역시 미추홀구 용현동,627-105,627,105,한양2차,67.59,202110,16,"20,000",8,1992,매소홀로 23-42,,-,-
인천광역시 미추홀구 용현동,627-85,627,85,해안성신,49.2,202110,16,"15,700",3,1986,매소홀로 23-20,,-,-
인천광역시 미추홀구 용현동,627-85,627,85,해안성신,49.2,202110,18,"15,400",2,1986,매소홀로 23-20,,-,-
인천광역시 미추홀구 주안동,632-1,632,1,(632-1),49.95,202110,27,"16,900",14,2018,한나루로573번길 9,,-,-
인천광역시 미추홀구 주안동,115-1,115,1,Wellga,15.04,202110,26,"5,500",4,2014,주안로 142,,-,-
인천광역시 미추홀구 주안동,115-1,115,1,Wellga,15.04,202110,29,"5,750",12,2014,주안로 142,,-,-
인천광역시 미추홀구 주안동,Jan-33,33,1,가람,39.93,202110,23,"10,500",5,1988,염창로 114-9,,-,-
인천광역시 미추홀구 주안동,1621,1621,0,관교한신휴플러스,84.9539,202110,16,"44,000",4,2010,경원대로 717,,-,-
인천광역시 미추홀구 주안동,07월 20일,20,7,광명(20-7),67.29,202110,8,"18,800",5,1984,석정로 480,,-,-
인천광역시 미추홀구 주안동,05월 26일,26,5,광명(26-5),79.38,202110,26,"19,200",2,1984,석정로 354,,-,-
인천광역시 미추홀구 주안동,1487-7,1487,7,광명8,44.19,202110,14,"15,000",3,1988,인주대로418번길 19,,-,-
인천광역시 미추홀구 주안동,1487-7,1487,7,광명8,48.6,202110,23,"16,950",4,1988,인주대로418번길 19,,-,-
인천광역시 미추홀구 주안동,966-3,966,3,광해리드빌(966-3),59.954,202110,8,"21,500",14,2002,주안로 163,,-,-
인천광역시 미추홀구 주안동,966-3,966,3,광해리드빌(966-3),59.954,202110,20,"20,300",3,2002,주안로 163,,-,-
인천광역시 미추홀구 주안동,1443,1443,0,남광로얄,89.03,202110,2,"35,000",1,1980,인주대로366번길 23,,-,-
인천광역시 미추홀구 주안동,219-4,219,4,네오빌3차,17.49,202110,10,"6,500",7,2011,주안서로 40,,-,-
인천광역시 미추홀구 주안동,1001-2,1001,2,뉴더웰,49.98,202110,2,"18,200",8,2016,경원대로851번길 16,,-,-
인천광역시 미추홀구 주안동,395-20,395,20,더원시티,11.946,202110,12,"9,000",12,2015,주안로 57,,-,-
인천광역시 미추홀구 주안동,01월 31일,31,1,동인,50.38,202110,6,"10,000",1,1978,염창로 72,,-,-
인천광역시 미추홀구 주안동,656-33,656,33,두진,61.465,202110,7,"13,000",4,1983,수봉로163번길 24,,-,-
인천광역시 미추홀구 주안동,01월 29일,29,1,드림시티,15.6,202110,12,"7,000",10,2015,염창로 38,,-,-
인천광역시 미추홀구 주안동,Apr-81,81,4,드림채,45.7102,202110,11,"19,500",6,2015,주안중로 14,,-,-
인천광역시 미추홀구 주안동,882-1,882,1,로얄맨션,84.69,202110,4,"34,000",5,1978,주안로 187,,-,-
인천광역시 미추홀구 주안동,220-1,220,1,명주아르디에,18.13,202110,19,"7,500",6,2012,미추홀대로733번길 27,,-,-
인천광역시 미추홀구 주안동,220-1,220,1,명주아르디에,14.83,202110,22,"4,500",8,2012,미추홀대로733번길 27,,-,-
인천광역시 미추홀구 주안동,1525-5,1525,5,문원,55.13,202110,3,"9,300",5,1984,인하로352번길 11-35,,-,-
인천광역시 미추홀구 주안동,1467-1,1467,1,미성,64.41,202110,13,"14,500",5,1984,미추홀대로598번길 26,,-,-
인천광역시 미추홀구 주안동,25-34,25,34,베스티움,13.415,202110,5,"7,000",11,2012,염창로 35,,-,-
인천광역시 미추홀구 주안동,25-34,25,34,베스티움,13.415,202110,5,"7,000",11,2012,염창로 35,,-,-
인천광역시 미추홀구 주안동,25-34,25,34,베스티움,13.415,202110,7,"6,700",15,2012,염창로 35,,-,-
인천광역시 미추홀구 주안동,608-13,608,13,봉재,39.97,202110,16,"9,000",6,2002,한나루로 544-1,,-,-
인천광역시 미추홀구 주안동,1574-2,1574,2,삼영(1574-2),53.34,202110,2,"17,700",3,1983,인하로 384,,-,-
인천광역시 미추홀구 주안동,11월 20일,20,11,삼영(20-11),66.67,202110,12,"14,300",5,1978,염창로 129,,-,-
인천광역시 미추홀구 주안동,718-2,718,2,석락맨숀아파트,68.63,202110,6,"22,000",2,1978,인주대로291번길 6,,-,-
인천광역시 미추홀구 주안동,1542-36,1542,36,석암(1542-36),39.44,202110,14,"9,500",2,2001,경원대로834번길 11,,-,-
인천광역시 미추홀구 주안동,197-17,197,17,스위트리아,67.82,202110,27,"20,600",9,2014,주안서로 3,,-,-
인천광역시 미추홀구 주안동,1528-4,1528,4,신라,48.72,202110,11,"15,500",4,1983,인하로 365,,-,-
인천광역시 미추홀구 주안동,1528-4,1528,4,신라,48.72,202110,15,"14,700",3,1983,인하로 365,,-,-
인천광역시 미추홀구 주안동,1600,1600,0,신비마을,49.35,202110,24,"18,300",9,1994,주승로 160,,-,-
인천광역시 미추홀구 주안동,81-15,81,15,알바트로스,17.815,202110,1,"7,350",7,2012,주안중로16번길 14,,-,-
인천광역시 미추홀구 주안동,81-15,81,15,알바트로스,17.815,202110,25,"9,200",5,2012,주안중로16번길 14,,-,-
인천광역시 미추홀구 주안동,1491-3,1491,3,연흥,52.38,202110,5,"15,000",5,1985,인하로329번길 23,,-,-
인천광역시 미추홀구 주안동,23-20,23,20,연흥(23-20),54,202110,3,"10,600",5,1983,석정로434번길 18,,-,-
인천광역시 미추홀구 주안동,23-20,23,20,연흥(23-20),54,202110,27,"14,500",1,1983,석정로434번길 18,,-,-
인천광역시 미추홀구 주안동,1503-1,1503,1,영동,59.13,202110,8,"16,000",5,1984,인주대로446번길 26,,-,-
인천광역시 미추홀구 주안동,18-141,18,141,우정,48.515,202110,2,"15,000",3,1982,주염로 46,,-,-
인천광역시 미추홀구 주안동,18-141,18,141,우정,55.215,202110,6,"16,500",5,1982,주염로 46,,-,-
인천광역시 미추홀구 주안동,18-141,18,141,우정,55.215,202110,21,"16,000",2,1982,주염로 46,,-,-
인천광역시 미추홀구 주안동,1465-36,1465,36,욱일,47.435,202110,2,"8,400",4,1982,인하로299번길 21,,-,-
인천광역시 미추홀구 주안동,1614,1614,0,"월드스테이트(101~111,124~132)",59.996,202110,1,"50,000",8,2008,경원대로 884,,-,-
인천광역시 미추홀구 주안동,1614,1614,0,"월드스테이트(101~111,124~132)",59.996,202110,2,"56,000",27,2008,경원대로 884,,-,-
인천광역시 미추홀구 주안동,1614,1614,0,월드스테이트(112~123),84.975,202110,6,"60,000",2,2008,경원대로 884,,-,-
인천광역시 미추홀구 주안동,1614,1614,0,월드스테이트(201~205),84.975,202110,15,"59,900",8,2008,경원대로 114,,-,-
인천광역시 미추홀구 주안동,1210-2,1210,2,윤성,44.81,202110,7,"9,000",6,1989,인하로330번길 36,,-,-
인천광역시 미추홀구 주안동,1210-2,1210,2,윤성,44.81,202110,20,"7,850",6,1989,인하로330번길 36,,-,-
인천광역시 미추홀구 주안동,892-1,892,1,주안두산,59.77,202110,12,"22,400",9,1998,석산로 42,,-,-
인천광역시 미추홀구 주안동,1210-3,1210,3,주안아파트,38.295,202110,21,"11,700",4,1986,주승로 141-21,,-,-
인천광역시 미추홀구 주안동,Mar-77,77,3,주안지웰에스테이트,59.7196,202110,1,"36,000",31,2019,경인로 403,,-,-
인천광역시 미추홀구 주안동,Mar-77,77,3,주안지웰에스테이트,59.7196,202110,3,"35,000",16,2019,경인로 403,,-,-
인천광역시 미추홀구 주안동,Mar-77,77,3,주안지웰에스테이트,59.7443,202110,9,"38,000",10,2019,경인로 403,,-,-
인천광역시 미추홀구 주안동,1606,1606,0,진흥,122.24,202110,16,"55,000",15,1995,인하로298번길 33,,-,-
인천광역시 미추홀구 주안동,1286,1286,0,태평,42.21,202110,2,"10,700",1,1989,승학길 90,,-,-
인천광역시 미추홀구 주안동,1286,1286,0,태평,42.21,202110,14,"10,900",1,1989,승학길 90,,-,-
인천광역시 미추홀구 주안동,262-1,262,1,토담빌리지,48,202110,16,"12,900",6,2014,주안로61번길 8-6,,-,-
인천광역시 미추홀구 주안동,197-22,197,22,퍼스트아파트,57.36,202110,5,"24,500",6,2018,경인로 337,,-,-
인천광역시 미추홀구 주안동,1607,1607,0,한신휴플러스,40.8,202110,6,"17,500",6,2006,승학길104번길 30,,-,-
인천광역시 미추홀구 주안동,1607,1607,0,한신휴플러스,40.8,202110,23,"18,500",4,2006,승학길104번길 30,,-,-
인천광역시 미추홀구 주안동,264-11,264,11,해든빌,49.62,202110,21,"20,000",8,2014,주안로 64,,-,-
인천광역시 미추홀구 주안동,Jan-32,32,1,현광(32-1),63.225,202110,11,"20,000",11,1995,염창로 94,,-,-
인천광역시 미추홀구 주안동,1422-2,1422,2,호산,47.3,202110,1,"10,000",3,1994,미추홀대로597번길 100,,-,-
인천광역시 미추홀구 주안동,1422-2,1422,2,호산,47.3,202110,13,"12,800",3,1994,미추홀대로597번길 100,,-,-
인천광역시 미추홀구 학익동,684-4,684,4,대동1,42.72,202110,5,"11,900",4,1988,매소홀로 402,,-,-
인천광역시 미추홀구 학익동,684-4,684,4,대동1,49.96,202110,7,"11,500",6,1988,매소홀로 402,,-,-
인천광역시 미추홀구 학익동,684-4,684,4,대동1,49.96,202110,14,"10,000",6,1988,매소홀로 402,,-,-
인천광역시 미추홀구 학익동,684-4,684,4,대동1,49.96,202110,22,"14,700",1,1988,매소홀로 402,,-,-
인천광역시 미추홀구 학익동,719,719,0,동아풍림,84.36,202110,28,"42,000",5,1999,소성로 120,,-,-
인천광역시 미추홀구 학익동,125-1,125,1,신동아1,41.96,202110,4,"15,900",2,1988,소성로 211,,-,-
인천광역시 미추홀구 학익동,125-1,125,1,신동아1,41.96,202110,5,"16,500",9,1988,소성로 211,,-,-
인천광역시 미추홀구 학익동,48-14,48,14,신동아3,57.23,202110,12,"24,000",9,1990,매소홀로475번길 18,,-,-
인천광역시 미추홀구 학익동,48-14,48,14,신동아3,43.82,202110,16,"17,300",12,1990,매소홀로475번길 18,,-,-
인천광역시 미추홀구 학익동,Jan-48,48,1,신동아5,112.17,202110,4,"44,500",7,1993,학익소로61번길 135,,-,-
인천광역시 미추홀구 학익동,Jan-48,48,1,신동아5,112.17,202110,5,"42,000",15,1993,학익소로61번길 135,,-,-
인천광역시 미추홀구 학익동,Jan-48,48,1,신동아5,84.91,202110,6,"41,500",14,1993,학익소로61번길 135,,-,-
인천광역시 미추홀구 학익동,Jan-48,48,1,신동아5,127.02,202110,13,"47,500",4,1993,학익소로61번길 135,,-,-
인천광역시 미추홀구 학익동,645,645,0,신동아7,59.4,202110,25,"25,700",5,1994,학익소로61번길 83,,-,-
인천광역시 미추홀구 학익동,732-3,732,3,엑슬루타워,59.79,202110,2,"45,500",24,2010,매소홀로309번길 32,,-,-
인천광역시 미추홀구 학익동,739,739,0,인천학익두산위브,15.283,202110,2,"8,200",1,2011,노적산로 43,,-,-
인천광역시 미추홀구 학익동,739,739,0,인천학익두산위브,15.987,202110,2,"9,000",2,2011,노적산로 43,,-,-
인천광역시 미추홀구 학익동,413-1,413,1,장미1,90.73,202110,28,"40,000",4,1984,소성로 72,,-,-
인천광역시 미추홀구 학익동,707-5,707,5,정광,84.98,202110,13,"34,000",8,1998,한나루로357번길 87-18,,-,-
인천광역시 미추홀구 학익동,707-5,707,5,정광,84.98,202110,16,"34,500",6,1998,한나루로357번길 87-18,,-,-
인천광역시 미추홀구 학익동,707-5,707,5,정광,59.21,202110,17,"21,600",1,1998,한나루로357번길 87-18,,-,-
인천광역시 미추홀구 학익동,703-2,703,2,태산,59.0966,202110,17,"23,600",10,1998,한나루로341번길 40,,-,-
인천광역시 미추홀구 학익동,721,721,0,풍림아이원,59.944,202110,4,"48,800",18,2007,매소홀로 340,,-,-
인천광역시 미추홀구 학익동,721,721,0,풍림아이원,59.944,202110,7,"46,000",9,2007,매소홀로 340,,-,-
인천광역시 미추홀구 학익동,681-6,681,6,하나1,26.395,202110,25,"8,900",9,1997,매소홀로418번길 21,,-,-
인천광역시 미추홀구 학익동,38,38,0,한국공영,46.45,202110,23,"12,000",2,1980,학익소로63번길 37,,-,-
인천광역시 미추홀구 학익동,686-12,686,12,현광2차,84.49,202110,7,"31,000",19,2002,매소홀로418번길 14-13,,-,-
인천광역시 부평구 갈산동,183-1,183,1,갈산,44.415,202110,9,"24,000",2,1986,굴포로5번길 28,,-,-
인천광역시 부평구 갈산동,361-3,361,3,대동2,45,202110,22,"28,000",12,1993,주부토로 201,,-,-
인천광역시 부평구 갈산동,171-5,171,5,정광,59.93,202110,5,"25,000",6,1990,평천로306번길 27,,-,-
인천광역시 부평구 갈산동,171-5,171,5,정광,53.33,202110,12,"22,500",1,1990,평천로306번길 27,,-,-
인천광역시 부평구 갈산동,359,359,0,주공1단지,38.64,202110,2,"26,900",5,1992,굴포로 81,,-,-
인천광역시 부평구 갈산동,359,359,0,주공1단지,44.94,202110,26,"28,000",5,1992,굴포로 81,,-,-
인천광역시 부평구 갈산동,416,416,0,태화(416),59.93,202110,22,"25,800",4,1994,부평북로 313,,-,-
인천광역시 부평구 갈산동,362,362,0,하나,84.75,202110,8,"45,000",7,1992,갈월서로 45,,-,-
인천광역시 부평구 구산동,360,360,0,부평자이,59.9602,202110,5,"35,000",8,2006,일신로 120,,-,-
인천광역시 부평구 구산동,360,360,0,부평자이,59.9602,202110,7,"43,500",2,2006,일신로 120,,-,-
인천광역시 부평구 부개동,477-3,477,3,뉴서울,39.48,202110,6,"26,300",7,1989,충선로 191,,-,-
인천광역시 부평구 부개동,477-3,477,3,뉴서울,39.48,202110,7,"26,450",3,1989,충선로 191,,-,-
인천광역시 부평구 부개동,477-3,477,3,뉴서울,39.48,202110,9,"26,500",4,1989,충선로 191,,-,-
인천광역시 부평구 부개동,477-3,477,3,뉴서울,39.48,202110,11,"26,000",13,1989,충선로 191,,-,-
인천광역시 부평구 부개동,477-3,477,3,뉴서울,39.48,202110,15,"27,000",14,1989,충선로 191,,-,-
인천광역시 부평구 부개동,477-3,477,3,뉴서울,39.48,202110,21,"26,000",3,1989,충선로 191,,-,-
인천광역시 부평구 부개동,477-5,477,5,동아,49.2,202110,9,"42,800",1,1988,길주남로113번길 12,,-,-
인천광역시 부평구 부개동,120-46,120,46,백영,84.52,202110,7,"40,000",11,1999,수변로 115,,-,-
인천광역시 부평구 부개동,308-3,308,3,부개동동도센트리움,41.815,202110,2,"23,300",7,2014,경인로1099번길 39,,-,-
인천광역시 부평구 부개동,512,512,0,부개역푸르지오,131.834,202110,2,"78,000",2,2010,부일로 69,,-,-
인천광역시 부평구 부개동,512,512,0,부개역푸르지오,163.618,202110,8,"88,000",3,2010,부일로 69,,-,-
인천광역시 부평구 부개동,496-2,496,2,부개주공1,59.97,202110,9,"47,000",11,1996,길주남로 143,,-,-
인천광역시 부평구 부개동,496-2,496,2,부개주공1,59.97,202110,12,"47,000",18,1996,길주남로 143,,-,-
인천광역시 부평구 부개동,496-2,496,2,부개주공1,59.98,202110,20,"40,000",1,1996,길주남로 143,,-,-
인천광역시 부평구 부개동,498-5,498,5,부개주공3,59.98,202110,5,"42,500",1,1996,길주남로 144,,-,-
인천광역시 부평구 부개동,502-8,502,8,부개주공7단지,59.99,202110,9,"40,700",15,1998,동수천로 118,,-,-
인천광역시 부평구 부개동,502-8,502,8,부개주공7단지,59.99,202110,20,"41,500",14,1998,동수천로 118,,-,-
인천광역시 부평구 부개동,520,520,0,부평코오롱하늘채,72.9227,202110,2,"71,000",16,2020,동수천로 117,,-,-
인천광역시 부평구 부개동,520,520,0,부평코오롱하늘채,72.9227,202110,2,"71,000",16,2020,동수천로 117,20211029,-,-
인천광역시 부평구 부개동,260-10,260,10,성업,47.37,202110,4,"14,300",5,1985,경인로1046번길 12,,-,-
인천광역시 부평구 부개동,105-5,105,5,신삼호(A동),38.41,202110,20,"21,000",5,1981,부평문화로153번길 6,,-,-
인천광역시 부평구 부개동,499-2,499,2,"푸른마을한신,삼부",99.935,202110,5,"65,000",5,1999,부개로 58,,-,-
인천광역시 부평구 부개동,499-2,499,2,"푸른마을한신,삼부",134.895,202110,16,"79,700",7,1999,부개로 58,,-,-
인천광역시 부평구 부평동,507-2,507,2,M-City,19.39,202110,19,"7,500",5,2014,장제로 62,,-,-
인천광역시 부평구 부평동,507-2,507,2,M-City,30.72,202110,21,"11,600",13,2014,장제로 62,,-,-
인천광역시 부평구 부평동,124-21,124,21,MV,56.7,202110,25,"26,000",13,2015,장제로 162,,-,-
인천광역시 부평구 부평동,415-7,415,7,SC제일행복해아파트,44.55,202110,20,"16,900",7,2016,주부토로 52,,-,-
인천광역시 부평구 부평동,464-40,464,40,TK리즈빌,47.62,202110,7,"21,000",13,2015,부평대로 105,,-,-
인천광역시 부평구 부평동,124-32,124,32,갤럭시,49.74,202110,23,"22,000",3,2015,장제로 160,,-,-
인천광역시 부평구 부평동,452-1,452,1,건영(452-1),52.88,202110,2,"15,000",5,2002,부평문화로130번길 31,,-,-
인천광역시 부평구 부평동,222-4,222,4,노블레스뷰,46.78,202110,6,"22,500",10,2015,시장로61번길 6,,-,-
인천광역시 부평구 부평동,495-2,495,2,뉴플러스,69.98,202110,14,"22,500",10,2011,부일로 18,,-,-
인천광역시 부평구 부평동,64-20,64,20,대림1차,50.155,202110,8,"39,600",11,1989,부영로 196,,-,-
인천광역시 부평구 부평동,438-9,438,9,대영사이버,98.7,202110,25,"30,000",4,2003,부평대로98번길 15,,-,-
인천광역시 부평구 부평동,180-27,180,27,더원레뷰2동,46.7,202110,4,"19,000",10,2013,광장로24번길 75,,-,-
인천광역시 부평구 부평동,180-27,180,27,더원레뷰2동,46.7,202110,4,"19,000",10,2013,광장로24번길 75,20211101,-,-
인천광역시 부평구 부평동,534-96,534,96,두산위브,59.76,202110,8,"48,000",6,2005,경원대로1344번길 8,20211022,-,-
인천광역시 부평구 부평동,534-96,534,96,두산위브,59.76,202110,22,"48,000",6,2005,경원대로1344번길 8,,-,-
인천광역시 부평구 부평동,947,947,0,래미안부평,114.992,202110,8,"92,500",3,2014,길주남로10번길 21,,-,-
인천광역시 부평구 부평동,119-7,119,7,로뎀레뷰,49.86,202110,3,"17,000",5,2012,부흥북로 92,20211021,-,-
인천광역시 부평구 부평동,119-7,119,7,로뎀레뷰,49.86,202110,3,"17,000",5,2012,부흥북로 92,,-,-
인천광역시 부평구 부평동,379-52,379,52,무한레뷰(379-52),42.94,202110,15,"12,700",7,2011,부흥북로 68,,-,-
인천광역시 부평구 부평동,564-8,564,8,반석아인스힐2동,40.905,202110,10,"18,000",5,2013,대정로 84-1,,-,-
인천광역시 부평구 부평동,431-30,431,30,벨라로사,13.74,202110,14,"6,000",7,2011,부흥북로5번길 17,,-,-
인천광역시 부평구 부평동,437-1,437,1,부일(437-1),66.84,202110,30,"9,500",4,1980,부평대로104번길 27,,-,-
인천광역시 부평구 부평동,115-9,115,9,부평센트레빌,36.75,202110,3,"16,000",13,2013,부흥로 361,,-,-
인천광역시 부평구 부평동,441-2,441,2,센트럴타워,55.2166,202110,13,"25,200",11,2015,부흥로293번길 8,,-,-
인천광역시 부평구 부평동,431-22,431,22,씨티원,34.19,202110,1,"17,000",13,2016,부평대로 124,,-,-
인천광역시 부평구 부평동,431-22,431,22,씨티원,37.29,202110,8,"19,800",15,2016,부평대로 124,,-,-
인천광역시 부평구 부평동,738-45,738,45,에코파인,13.97,202110,16,"9,300",5,2018,광장로24번길 34,,-,-
인천광역시 부평구 부평동,738-45,738,45,에코파인,14.59,202110,23,"9,300",3,2018,광장로24번길 34,,-,-
인천광역시 부평구 부평동,377-5,377,5,엘도라도,18.46,202110,11,"5,050",5,2011,부흥북로72번길 15,,-,-
인천광역시 부평구 부평동,377-5,377,5,엘도라도,22.89,202110,27,"8,600",2,2011,부흥북로72번길 15,,-,-
인천광역시 부평구 부평동,377-5,377,5,엘도라도,18.46,202110,27,"7,000",2,2011,부흥북로72번길 15,,-,-
인천광역시 부평구 부평동,Jul-65,65,7,욱일,84.16,202110,11,"38,500",15,1990,부흥로243번길 39,,-,-
인천광역시 부평구 부평동,609-7,609,7,유일세라믹아파트,46.02,202110,22,"15,600",8,1992,장제로27번길 18,,-,-
인천광역시 부평구 부평동,126-9,126,9,유진마젤란주상복합,70.092,202110,14,"25,000",15,2005,장제로 150,,-,-
인천광역시 부평구 부평동,415-8,415,8,인스테이션,23.78,202110,8,"9,600",11,2012,주부토로 48,,-,-
인천광역시 부평구 부평동,148-25,148,25,진흥(148-25),38.17,202110,2,"14,700",4,2002,부평문화로115번길 33,,-,-
인천광역시 부평구 부평동,458-3,458,3,투엠캐슬,41.54,202110,11,"17,000",2,2015,충선로 19,,-,-
인천광역시 부평구 부평동,449-4,449,4,하임힐,56.8,202110,1,"22,600",9,2016,장제로84번길 27,,-,-
인천광역시 부평구 부평동,492-2,492,2,한결(101동),63.81,202110,12,"24,800",7,2015,부일로 25,,-,-
인천광역시 부평구 부평동,492-10,492,10,한결(102동),59.31,202110,17,"26,000",4,2015,부일로 21,,-,-
인천광역시 부평구 부평동,610-17,610,17,해마루아파트,67.05,202110,4,"31,000",5,2009,장제로 27,,-,-
인천광역시 부평구 부평동,179-8,179,8,해피에이스,47.82,202110,5,"17,500",15,2015,경원대로 1434,,-,-
인천광역시 부평구 부평동,495-10,495,10,헤르메스아파트B동,54.73,202110,9,"24,000",14,2016,부일로 16,,-,-
인천광역시 부평구 부평동,495-10,495,10,헤르메스아파트B동,54.73,202110,28,"24,000",4,2016,부일로 16,,-,-
인천광역시 부평구 부평동,431-15,431,15,헤리움노블레스,16.76,202110,7,"11,500",13,2014,부평대로 132,,-,-
인천광역시 부평구 부평동,431-15,431,15,헤리움노블레스,16.76,202110,16,"11,000",7,2014,부평대로 132,,-,-
인천광역시 부평구 부평동,431-15,431,15,헤리움노블레스,16.76,202110,19,"11,500",13,2014,부평대로 132,,-,-
인천광역시 부평구 부평동,431-15,431,15,헤리움노블레스,16.76,202110,22,"11,500",10,2014,부평대로 132,,-,-
인천광역시 부평구 부평동,161-12,161,12,현대렉스힐,19.49,202110,5,"6,800",9,2013,동수천로 1,,-,-
인천광역시 부평구 부평동,401-33,401,33,현대캐슬,69.84,202110,2,"25,900",7,2012,부흥북로48번길 23,,-,-
인천광역시 부평구 부평동,149-11,149,11,화신,42.705,202110,20,"13,300",2,2001,부평문화로115번길 17-9,,-,-
인천광역시 부평구 부평동,149-12,149,12,화인하우스,43.98,202110,6,"7,500",5,2001,장제로101번길 18,,-,-
인천광역시 부평구 부평동,149-12,149,12,화인하우스,43.98,202110,6,"7,500",5,2001,장제로101번길 18,20211007,-,-
인천광역시 부평구 부평동,503-4,503,4,힐캐슬,44.48,202110,7,"19,900",8,2015,동수천로 3,,-,-
인천광역시 부평구 산곡동,274,274,0,경남2차,84.43,202110,22,"46,200",8,1991,안남로222번길 30,,-,-
인천광역시 부평구 산곡동,145,145,0,경남3차,84.87,202110,2,"41,000",4,1992,마장로272번길 76,,-,-
인천광역시 부평구 산곡동,145,145,0,경남3차,123.93,202110,4,"57,000",3,1992,마장로272번길 89,,-,-
인천광역시 부평구 산곡동,145,145,0,경남3차,84.87,202110,5,"43,500",5,1992,마장로272번길 76,,-,-
인천광역시 부평구 산곡동,274-5,274,5,경남4차,59.715,202110,4,"26,500",2,1994,안남로206번길 18,,-,-
인천광역시 부평구 산곡동,274-5,274,5,경남4차,84.87,202110,8,"45,000",3,1994,안남로206번길 18,,-,-
인천광역시 부평구 산곡동,274-5,274,5,경남4차,164.4,202110,12,"64,500",12,1994,안남로206번길 18,,-,-
인천광역시 부평구 산곡동,261-8,261,8,경남5차,84.97,202110,4,"42,500",4,1992,마장로264번길 66,,-,-
인천광역시 부평구 산곡동,507,507,0,금호이수마운트밸리,115.0311,202110,8,"75,000",5,2007,원적로 344,,-,-
인천광역시 부평구 산곡동,507,507,0,금호이수마운트밸리,134.7156,202110,13,"80,000",5,2007,원적로 344,,-,-
인천광역시 부평구 산곡동,507,507,0,금호이수마운트밸리,59.8167,202110,15,"58,800",12,2007,원적로 344,,-,-
인천광역시 부평구 산곡동,264-1,264,1,뉴서울(264-1),74.33,202110,6,"31,500",1,1991,부흥로123번길 36,,-,-
인천광역시 부평구 산곡동,264-1,264,1,뉴서울(264-1),84.96,202110,16,"38,200",8,1991,부흥로123번길 36,,-,-
인천광역시 부평구 산곡동,82-116,82,116,동원(82-116),49.08,202110,1,"18,000",2,1990,원적로287번길 38,,-,-
인천광역시 부평구 산곡동,191-3,191,3,무지개,73.29,202110,15,"34,900",14,1991,마장로264번길 14,,-,-
인천광역시 부평구 산곡동,135-4,135,4,부성,59.43,202110,5,"24,000",1,1985,원적로 442,,-,-
인천광역시 부평구 산곡동,10월 30일,30,10,삼도,38.22,202110,5,"51,900",4,1988,산청로 31,,-,-
인천광역시 부평구 산곡동,Jan-43,43,1,수암,44.82,202110,12,"59,500",1,1988,마장로361번길 10,,-,-
인천광역시 부평구 산곡동,506,506,0,신명스카이뷰,84.9937,202110,2,"40,500",7,2007,원적로 270,,-,-
인천광역시 부평구 산곡동,506,506,0,신명스카이뷰,69.5292,202110,6,"36,000",1,2007,원적로 270,,-,-
인천광역시 부평구 산곡동,63-58,63,58,인우,61.92,202110,23,"19,900",5,1984,세월천로81번길 20,,-,-
인천광역시 부평구 산곡동,38-26,38,26,진흥,39.15,202110,1,"17,000",3,1988,산청로 40,,-,-
인천광역시 부평구 산곡동,233-26,233,26,태화프리상뜨,84.4955,202110,8,"47,800",6,2004,마장로220번길 65,,-,-
인천광역시 부평구 산곡동,222,222,0,한신휴,59.946,202110,13,"40,500",10,2003,마장로220번길 13,,-,-
인천광역시 부평구 산곡동,222,222,0,한신휴,84.979,202110,13,"53,000",9,2003,마장로220번길 13,,-,-
인천광역시 부평구 산곡동,124-23,124,23,한화1단지,84.37,202110,9,"56,000",14,1997,원적로 361,,-,-
인천광역시 부평구 산곡동,124-23,124,23,한화1단지,101.95,202110,22,"65,700",2,1997,원적로 361,,-,-
인천광역시 부평구 산곡동,124-23,124,23,한화1단지,84.37,202110,22,"55,400",6,1997,원적로 361,,-,-
인천광역시 부평구 산곡동,124-23,124,23,한화2단지,84.58,202110,1,"64,000",18,1999,원적로 361,,-,-
인천광역시 부평구 산곡동,124-23,124,23,한화2단지,84.58,202110,1,"58,000",16,1999,원적로 361,,-,-
인천광역시 부평구 산곡동,124-23,124,23,한화2단지,59.88,202110,14,"40,000",17,1999,원적로 361,,-,-
인천광역시 부평구 산곡동,124-1,124,1,현대(124-1),84.99,202110,4,"52,500",13,1993,안남로 260,,-,-
인천광역시 부평구 산곡동,124-1,124,1,현대(124-1),84.99,202110,19,"50,000",2,1993,안남로 260,,-,-
인천광역시 부평구 산곡동,124-1,124,1,현대(124-1),133.448,202110,22,"54,500",4,1993,안남로 260,,-,-
인천광역시 부평구 산곡동,179-69,179,69,현대(179-69),59.594,202110,6,"31,000",5,2001,원적로269번길 55-5,,-,-
인천광역시 부평구 산곡동,179-92,179,92,현대(179-92),84.94,202110,11,"40,000",12,1999,원적로269번길 15,,-,-
인천광역시 부평구 산곡동,307,307,0,현대1차,84.6,202110,6,"49,850",3,1985,경원대로 1269,,-,-
인천광역시 부평구 산곡동,307,307,0,현대1차,84.6,202110,8,"54,000",6,1985,경원대로 1269,,-,-
인천광역시 부평구 산곡동,307,307,0,현대1차,84.6,202110,19,"40,000",15,1985,경원대로 1269,,-,-
인천광역시 부평구 삼산동,206-2,206,2,동남,59.91,202110,12,"19,000",1,1989,후정동로25번길 3-10,,-,-
인천광역시 부평구 삼산동,Mar-56,56,3,삼보,62.5,202110,30,"25,800",9,1990,후정동로47번길 4,,-,-
인천광역시 부평구 삼산동,170-1,170,1,삼산벽산블루밍,59.2488,202110,4,"40,900",1,2005,후정동로 12,,-,-
인천광역시 부평구 삼산동,170-1,170,1,삼산벽산블루밍,84.3175,202110,11,"54,500",4,2005,후정동로 12,,-,-
인천광역시 부평구 삼산동,388-7,388,7,삼산주공미래타운2차,49.4,202110,22,"31,000",17,2000,부평북로 432,,-,-
인천광역시 부평구 삼산동,390-6,390,6,삼산주공미래타운3차,59.39,202110,6,"35,000",2,2000,부평북로 463,,-,-
인천광역시 부평구 삼산동,389-8,389,8,삼산주공미래타운4차,59.39,202110,2,"36,000",4,2000,영성중로 57,,-,-
인천광역시 부평구 삼산동,389-8,389,8,삼산주공미래타운4차,59.39,202110,11,"43,000",8,2000,영성중로 57,,-,-
인천광역시 부평구 삼산동,393-4,393,4,삼산주공미래타운5차,84.05,202110,2,"58,500",8,2000,영성중로 16,,-,-
인천광역시 부평구 삼산동,393-4,393,4,삼산주공미래타운5차,84.34,202110,12,"57,000",12,2000,영성중로 16,,-,-
인천광역시 부평구 삼산동,445-5,445,5,삼산타운2단지,84.98,202110,4,"74,450",14,2005,수변로 333,,-,-
인천광역시 부평구 삼산동,445-5,445,5,삼산타운2단지,84.98,202110,8,"74,700",10,2005,수변로 333,,-,-
인천광역시 부평구 삼산동,445-5,445,5,삼산타운2단지,84.98,202110,9,"65,500",3,2005,수변로 333,,-,-
인천광역시 부평구 삼산동,454-13,454,13,삼산타운6단지,84.96,202110,13,"79,500",15,2004,체육관로 57,,-,-
인천광역시 부평구 삼산동,440-1,440,1,삼산타운주공1단지,59.99,202110,9,"60,000",13,2005,굴포로 105,,-,-
인천광역시 부평구 삼산동,440-1,440,1,삼산타운주공1단지,51.86,202110,12,"47,000",6,2005,굴포로 105,,-,-
인천광역시 부평구 삼산동,440-1,440,1,삼산타운주공1단지,51.83,202110,18,"48,500",15,2005,굴포로 105,,-,-
인천광역시 부평구 삼산동,440-1,440,1,삼산타운주공1단지,51.86,202110,23,"49,000",16,2005,굴포로 105,,-,-
인천광역시 부평구 삼산동,454-4,454,4,서해그랑블5단지,130.0383,202110,13,"112,000",19,2004,굴포로 158,,-,-
인천광역시 부평구 삼산동,448-1,448,1,신성미소지움3단지,128.8,202110,1,"94,000",19,2005,수변로 334,,-,-
인천광역시 부평구 삼산동,448-1,448,1,신성미소지움3단지,168.92,202110,8,"103,000",18,2005,수변로 334,,-,-
인천광역시 부평구 삼산동,254,254,0,한국,52.83,202110,15,"13,000",1,1989,평천로 395,,-,-
인천광역시 부평구 십정동,432,432,0,광명,43.905,202110,16,"30,000",4,1987,하정로15번길 50,,-,-
인천광역시 부평구 십정동,432,432,0,광명,46.631,202110,21,"27,300",5,1987,하정로15번길 50,,-,-
인천광역시 부평구 십정동,406-3,406,3,동암비버리씨티,12.0429,202110,4,"7,900",7,2014,열우물로25번길 14-3,,-,-
인천광역시 부평구 십정동,406-3,406,3,동암비버리씨티,12.3454,202110,4,"6,900",10,2014,열우물로25번길 14-3,,-,-
인천광역시 부평구 십정동,406-3,406,3,동암비버리씨티,20.0508,202110,11,"10,500",11,2014,열우물로25번길 14-3,,-,-
인천광역시 부평구 십정동,607,607,0,동암신동아,59.8,202110,2,"40,000",6,2000,아트센터로 118,,-,-
인천광역시 부평구 십정동,607,607,0,동암신동아,59.8,202110,3,"34,800",13,2000,아트센터로 118,,-,-
인천광역시 부평구 십정동,607,607,0,동암신동아,59.8,202110,9,"32,850",5,2000,아트센터로 118,,-,-
인천광역시 부평구 십정동,607,607,0,동암신동아,84.94,202110,13,"48,000",6,2000,아트센터로 118,,-,-
인천광역시 부평구 십정동,216,216,0,백영,60,202110,20,"20,000",4,1997,경원대로1090번길 10,,-,-
인천광역시 부평구 십정동,608-4,608,4,십정뜨란채1단지,46.52,202110,16,"30,800",8,2005,이규보로 79,,-,-
인천광역시 부평구 십정동,608-4,608,4,십정뜨란채1단지,84.6,202110,16,"46,000",3,2005,이규보로 79,,-,-
인천광역시 부평구 십정동,188-2,188,2,정원,38.61,202110,5,"8,870",4,1987,상정로 19,,-,-
인천광역시 부평구 십정동,188-2,188,2,정원,38.61,202110,17,"8,400",6,1987,상정로 19,,-,-
인천광역시 부평구 일신동,410,410,0,일신주공아파트(100~112동),59.97,202110,6,"31,700",11,1995,항동로75번길 11,,-,-
인천광역시 부평구 일신동,409,409,0,풍림아파트(101~110동),84.977,202110,4,"44,300",7,1995,일신로14번길 23,,-,-
인천광역시 부평구 일신동,409,409,0,풍림아파트(101~110동),84.977,202110,10,"47,500",6,1995,일신로14번길 23,,-,-
인천광역시 부평구 청천동,397,397,0,동양,40.56,202110,2,"14,000",3,1982,안남로417번길 35,,-,-
인천광역시 부평구 청천동,236-5,236,5,미도6,45.33,202110,3,"25,100",4,1988,길주로494번길 50,,-,-
인천광역시 부평구 청천동,236-5,236,5,미도6,45.33,202110,7,"24,500",4,1988,길주로494번길 50,,-,-
인천광역시 부평구 청천동,236-5,236,5,미도6,52.38,202110,8,"27,600",1,1988,길주로494번길 50,,-,-
인천광역시 부평구 청천동,236-5,236,5,미도6,52.38,202110,18,"28,500",1,1988,길주로494번길 50,,-,-
인천광역시 부평구 청천동,259-5,259,5,미도7,52.89,202110,1,"25,000",5,1989,원길로24번길 5,,-,-
인천광역시 부평구 청천동,259-5,259,5,미도7,52.89,202110,12,"27,800",1,1989,원길로24번길 5,,-,-
인천광역시 부평구 청천동,200,200,0,"부평1,2차금호타운",59.805,202110,2,"47,500",15,1998,안남로 272,,-,-
인천광역시 부평구 청천동,200,200,0,"부평1,2차금호타운",84.85,202110,4,"59,800",8,1998,안남로 272,,-,-
인천광역시 부평구 청천동,200,200,0,"부평1,2차금호타운",84.85,202110,14,"61,300",19,1998,안남로 272,,-,-
인천광역시 부평구 청천동,200,200,0,"부평1,2차금호타운",59.805,202110,14,"45,000",14,1998,안남로 272,,-,-
인천광역시 부평구 청천동,200,200,0,"부평1,2차금호타운",59.805,202110,20,"45,000",2,1998,안남로 272,,-,-
인천광역시 부평구 청천동,259,259,0,쌍용,84.87,202110,6,"42,500",1,1990,길주로494번길 12,,-,-
인천광역시 부평구 청천동,05월 05일,5,5,영진아파트,59.77,202110,4,"20,000",6,1995,청중로 81,,-,-
인천광역시 부평구 청천동,191-6,191,6,청천1차뷰그리안,47.27,202110,27,"20,000",15,2018,세월천로 17,,-,-
인천광역시 부평구 청천동,453,453,0,청천우민늘푸른아파트,59.4568,202110,23,"30,000",13,2020,평천로141번길 11,,-,-
인천광역시 부평구 청천동,176,176,0,청천푸르지오,84.34,202110,2,"53,500",12,1998,세월천로 16,,-,-
인천광역시 부평구 청천동,176,176,0,청천푸르지오,59.36,202110,6,"43,000",9,1998,세월천로 16,,-,-
인천광역시 부평구 청천동,176,176,0,청천푸르지오,59.36,202110,16,"44,500",23,1998,세월천로 16,,-,-
인천광역시 서구 가정동,284-401,284,401,뉴서울(284-401),57.2,202110,2,"21,000",3,1990,봉오대로283번길 6,,-,-
인천광역시 서구 가정동,284-401,284,401,뉴서울(284-401),57.2,202110,15,"16,200",9,1990,봉오대로283번길 6,,-,-
인천광역시 서구 가정동,284-401,284,401,뉴서울(284-401),57.2,202110,18,"16,500",14,1990,봉오대로283번길 6,,-,-
인천광역시 서구 가정동,563-1,563,1,대진2,45.04,202110,8,"16,000",5,1990,서달로193번길 6-6,,-,-
인천광역시 서구 가정동,5-93,5,93,동우2,40.86,202110,8,"10,000",6,1988,30,,-,-
인천광역시 서구 가정동,610-1,610,1,루원시티프라디움,84.9917,202110,1,"79,700",12,2018,봉오재3로 66,,-,-
인천광역시 서구 가정동,610-1,610,1,루원시티프라디움,84.9917,202110,11,"81,500",23,2018,봉오재3로 66,,-,-
인천광역시 서구 가정동,610-1,610,1,루원시티프라디움,84.9917,202110,17,"87,000",3,2018,봉오재3로 66,,-,-
인천광역시 서구 가정동,597-2,597,2,엘에이치웨스턴블루힐,74.99,202110,6,"62,000",22,2015,봉오재2로 37,,-,-
인천광역시 서구 가정동,564,564,0,진흥1,57.72,202110,22,"17,800",6,1990,서달로179번길 6-10,,-,-
인천광역시 서구 가정동,562-2,562,2,진흥2,45.04,202110,19,"17,500",2,1990,서달로193번길 12-16,,-,-
인천광역시 서구 가정동,341-13,341,13,하나1,83.82,202110,12,"34,350",4,1989,봉오대로318번길 18,,-,-
인천광역시 서구 가정동,341-13,341,13,하나1,59.55,202110,24,"22,000",4,1989,봉오대로318번길 18,,-,-
인천광역시 서구 가정동,341-14,341,14,하나2,57.78,202110,15,"20,000",10,1992,봉오대로318번길 23,,-,-
인천광역시 서구 가정동,341-15,341,15,하나3,59.94,202110,1,"21,000",15,1993,봉오대로318번길 21,,-,-
인천광역시 서구 가좌동,158-12,158,12,덕산,41.82,202110,7,"14,800",3,1982,건지로284번길 93,,-,-
인천광역시 서구 가좌동,121-14,121,14,동진,37.68,202110,29,"12,200",4,1989,원적로95번길 16,,-,-
인천광역시 서구 가좌동,140,140,0,삼영,65.19,202110,4,"19,600",5,1985,가정로 136,,-,-
인천광역시 서구 가좌동,140,140,0,삼영,61.77,202110,4,"19,800",4,1985,가정로 136,,-,-
인천광역시 서구 가좌동,140,140,0,삼영,62.76,202110,12,"14,000",3,1985,가정로 136,,-,-
인천광역시 서구 가좌동,260-1,260,1,상아,58.32,202110,4,"16,900",5,1985,신진말로28번길 25,,-,-
인천광역시 서구 가좌동,192-7,192,7,세우,59.92,202110,1,"18,500",3,1984,건지로318번길 27,,-,-
인천광역시 서구 가좌동,148-3,148,3,신명1,59.67,202110,17,"15,500",4,1990,건지로250번길 34,,-,-
인천광역시 서구 가좌동,139-2,139,2,신명2,59.85,202110,7,"14,700",3,1990,가정로125번길 4,,-,-
인천광역시 서구 가좌동,139-2,139,2,신명2,41.25,202110,14,"12,000",1,1990,가정로125번길 4,,-,-
인천광역시 서구 가좌동,193-1,193,1,신인향,79.05,202110,19,"21,000",5,1990,건지로334번길 26,,-,-
인천광역시 서구 가좌동,107,107,0,쌍마,53.88,202110,7,"17,000",1,1986,가정로 156,,-,-
인천광역시 서구 가좌동,207-1,207,1,영남,55.26,202110,1,"16,000",4,1985,건지로334번길 50,,-,-
인천광역시 서구 가좌동,157-14,157,14,유진A동,68.16,202110,2,"20,000",2,1985,가정로78번길 23,,-,-
인천광역시 서구 가좌동,158-3,158,3,유진B동,64.23,202110,8,"17,500",5,1985,가정로78번길 26,,-,-
인천광역시 서구 가좌동,611,611,0,"인천가좌두산위브트레지움1,2단지",69.39,202110,13,"50,000",7,2017,여우재로 136,,-,-
인천광역시 서구 가좌동,611,611,0,"인천가좌두산위브트레지움1,2단지",51.66,202110,16,"41,900",21,2017,여우재로 136,,-,-
인천광역시 서구 가좌동,199-2,199,2,인향,43.83,202110,9,"9,350",5,1989,건지로334번길 39,,-,-
인천광역시 서구 가좌동,199-2,199,2,인향,43.83,202110,21,"11,700",3,1989,건지로334번길 39,,-,-
인천광역시 서구 가좌동,30-100,30,100,진주4,136.23,202110,7,"48,700",5,1991,장고개로309번길 19,,-,-
인천광역시 서구 가좌동,30-100,30,100,진주4,84.85,202110,14,"39,500",15,1991,장고개로309번길 19,,-,-
인천광역시 서구 가좌동,214,214,0,풍림,59.96,202110,11,"31,800",13,1996,원적로47번길 6,,-,-
인천광역시 서구 가좌동,214,214,0,풍림,59.96,202110,27,"31,700",3,1996,원적로47번길 6,,-,-
인천광역시 서구 가좌동,224-2,224,2,하나,63,202110,5,"16,200",3,1984,신진말로28번길 21,,-,-
인천광역시 서구 가좌동,224-2,224,2,하나,63.36,202110,12,"11,000",6,1984,신진말로28번길 26,,-,-
인천광역시 서구 가좌동,7,7,0,한신휴플러스,143.47,202110,9,"61,000",10,2007,건지로 404,,-,-
인천광역시 서구 가좌동,7,7,0,한신휴플러스,84.95,202110,10,"55,000",15,2007,건지로 404,,-,-
인천광역시 서구 가좌동,7,7,0,한신휴플러스,59.99,202110,14,"37,000",10,2007,건지로 404,,-,-
인천광역시 서구 가좌동,144-30,144,30,한화미리움,59.9641,202110,4,"17,500",4,2006,건지로284번길 44,,-,-
인천광역시 서구 가좌동,81-22,81,22,현대,84.98,202110,11,"34,000",14,1985,원적로124번길 21,,-,-
인천광역시 서구 가좌동,30-89,30,89,효정,56.2,202110,12,"16,850",2,1988,장고개로309번길 13,,-,-
인천광역시 서구 가좌동,30-89,30,89,효정,42.43,202110,12,"11,700",4,1988,장고개로309번길 13,,-,-
인천광역시 서구 가좌동,30-89,30,89,효정,42.43,202110,22,"11,900",4,1988,장고개로309번길 13,,-,-
인천광역시 서구 검암동,535-2,535,2,검암4차신명스카이뷰,84.5888,202110,9,"46,700",14,2004,검암로10번길 36,,-,-
인천광역시 서구 검암동,535-2,535,2,검암4차신명스카이뷰,84.5888,202110,10,"41,900",1,2004,검암로10번길 36,,-,-
인천광역시 서구 검암동,595-5,595,5,마젤란21,84.5879,202110,1,"58,000",10,2006,도요지로189번길 104,,-,-
인천광역시 서구 검암동,595-3,595,3,서해그랑블,69.6616,202110,9,"54,500",2,2003,승학로495번길 7,,-,-
인천광역시 서구 검암동,595-3,595,3,서해그랑블,69.6616,202110,9,"52,700",1,2003,승학로495번길 7,,-,-
인천광역시 서구 검암동,629-1,629,1,신명스카이뷰1,84.966,202110,4,"52,500",8,2003,승학로 447,,-,-
인천광역시 서구 검암동,629-1,629,1,신명스카이뷰1,84.966,202110,8,"40,000",5,2003,승학로 447,,-,-
인천광역시 서구 검암동,535-1,535,1,신명스카이뷰2,84.966,202110,3,"46,000",11,2003,검암로10번길 54,,-,-
인천광역시 서구 검암동,511,511,0,풍림아이원1,71.6238,202110,12,"39,000",1,2003,검암로20번길 47,,-,-
인천광역시 서구 검암동,501-1,501,1,풍림아이원2차,59.94,202110,8,"46,500",7,2004,검암로 53,,-,-
인천광역시 서구 검암동,501-1,501,1,풍림아이원2차,75.12,202110,8,"53,000",4,2004,검암로 53,,-,-
인천광역시 서구 검암동,512-2,512,2,풍림아이원3차,59.8038,202110,2,"39,500",5,2004,검암로10번길 39,,-,-
인천광역시 서구 경서동,994,994,0,인천경서아시아드대광로제비앙,88.3677,202110,9,"62,000",11,2017,모월곶로 41,,-,-
인천광역시 서구 경서동,722-1,722,1,태평샹베르1차,59.5607,202110,4,"31,000",3,2005,도요지로 15,,-,-
인천광역시 서구 경서동,722-1,722,1,태평샹베르1차,59.5607,202110,12,"19,000",1,2005,도요지로 15,,-,-
인천광역시 서구 공촌동,314,314,0,경남,84.89,202110,18,"26,000",4,1998,경명대로694번길 10,,-,-
인천광역시 서구 공촌동,309-2,309,2,미우해드리움,35.851,202110,5,"14,500",8,2018,경명대로 672,,-,-
인천광역시 서구 공촌동,309-2,309,2,미우해드리움,35.851,202110,18,"14,800",10,2018,경명대로 672,,-,-
인천광역시 서구 공촌동,51-70,51,70,오륜B동,80.075,202110,13,"17,500",10,2003,서곶로 452,,-,-
인천광역시 서구 금곡동,736-1,736,1,검단우방아이유쉘,84.9684,202110,5,"48,000",3,2017,완정로 208,,-,-
인천광역시 서구 금곡동,736-1,736,1,검단우방아이유쉘,84.3431,202110,16,"41,700",1,2017,완정로 208,,-,-
인천광역시 서구 금곡동,736-1,736,1,검단우방아이유쉘,84.3431,202110,29,"44,000",1,2017,완정로 208,,-,-
인천광역시 서구 금곡동,725-7,725,7,하나,59.8455,202110,4,"20,000",14,1999,완정로216번길 5,,-,-
인천광역시 서구 금곡동,725-7,725,7,하나,59.8455,202110,25,"24,500",1,1999,완정로216번길 5,,-,-
인천광역시 서구 당하동,1067-1,1067,1,검단SKVIEW,84.7875,202110,3,"63,700",9,2017,독정로 17,,-,-
인천광역시 서구 당하동,1067-1,1067,1,검단SKVIEW,84.9705,202110,16,"62,000",5,2017,독정로 17,,-,-
인천광역시 서구 당하동,1067-1,1067,1,검단SKVIEW,84.7875,202110,23,"60,000",17,2017,독정로 17,,-,-
인천광역시 서구 당하동,1090-1,1090,1,검단힐스테이트4차,127.4136,202110,3,"67,800",3,2012,청마로 92,,-,-
인천광역시 서구 당하동,1075-9,1075,9,검단힐스테이트5차,84.9656,202110,9,"57,000",8,2013,청마로34번길 6,,-,-
인천광역시 서구 당하동,1037-3,1037,3,금호어울림1차,84.9917,202110,16,"39,500",8,2004,고산후로78번길 9,,-,-
인천광역시 서구 당하동,1113-1,1113,1,당하KCC스위첸,84.997,202110,13,"46,800",16,2005,청마로 124,20211105,-,-
인천광역시 서구 당하동,1113-1,1113,1,당하KCC스위첸,84.997,202110,15,"41,000",1,2005,청마로 124,,-,-
인천광역시 서구 당하동,1113-1,1113,1,당하KCC스위첸,84.997,202110,19,"49,900",9,2005,청마로 124,,-,-
인천광역시 서구 당하동,1113-1,1113,1,당하KCC스위첸,84.997,202110,21,"44,500",3,2005,청마로 124,,-,-
인천광역시 서구 당하동,1099-2,1099,2,당하푸르지오,101.613,202110,8,"51,600",11,2005,청마로 170,,-,-
인천광역시 서구 당하동,1099-2,1099,2,당하푸르지오,73.827,202110,8,"42,200",15,2005,청마로 170,,-,-
인천광역시 서구 당하동,1099-2,1099,2,당하푸르지오,73.827,202110,9,"43,000",19,2005,청마로 170,,-,-
인천광역시 서구 당하동,1092-8,1092,8,동인스카이빌,26.66,202110,22,"5,070",2,2012,원당대로 670,,-,-
인천광역시 서구 당하동,1092-8,1092,8,동인스카이빌,33.12,202110,23,"7,525",8,2012,원당대로 670,,-,-
인천광역시 서구 당하동,1027-15,1027,15,신안실크벨리,59.9639,202110,3,"29,990",4,2004,원당대로840번길 24,,-,-
인천광역시 서구 당하동,1027-15,1027,15,신안실크벨리,84.9922,202110,4,"43,700",12,2004,원당대로840번길 24,,-,-
인천광역시 서구 당하동,1027-15,1027,15,신안실크벨리,84.9922,202110,6,"39,000",4,2004,원당대로840번길 22,,-,-
인천광역시 서구 당하동,1027-15,1027,15,신안실크벨리,84.9922,202110,10,"40,300",2,2004,원당대로840번길 24,,-,-
인천광역시 서구 당하동,1027-15,1027,15,신안실크벨리,59.9639,202110,13,"33,300",11,2004,원당대로840번길 24,,-,-
인천광역시 서구 당하동,1027-3,1027,3,원당동문굿모닝힐,84.967,202110,7,"34,000",1,2004,원당대로820번길 3,,-,-
인천광역시 서구 당하동,1027-3,1027,3,원당동문굿모닝힐,84.967,202110,13,"37,000",9,2004,원당대로820번길 3,,-,-
인천광역시 서구 당하동,1027-3,1027,3,원당동문굿모닝힐,84.967,202110,16,"40,000",7,2004,원당대로820번길 3,,-,-
인천광역시 서구 당하동,1027-3,1027,3,원당동문굿모닝힐,84.967,202110,17,"39,700",9,2004,원당대로820번길 3,,-,-
인천광역시 서구 당하동,1031,1031,0,원당풍림아이원,84.55,202110,2,"42,500",14,2004,원당대로840번길 23,,-,-
인천광역시 서구 당하동,1031,1031,0,원당풍림아이원,84.55,202110,2,"40,000",2,2004,원당대로840번길 23,,-,-
인천광역시 서구 당하동,1031,1031,0,원당풍림아이원,59.832,202110,9,"29,000",2,2004,원당대로840번길 23,,-,-
인천광역시 서구 당하동,1031,1031,0,원당풍림아이원,84.55,202110,9,"41,000",17,2004,원당대로840번길 23,,-,-
인천광역시 서구 당하동,1031,1031,0,원당풍림아이원,74.0892,202110,9,"39,000",5,2004,원당대로840번길 23,,-,-
인천광역시 서구 당하동,1031,1031,0,원당풍림아이원,84.55,202110,11,"41,000",18,2004,원당대로840번길 23,,-,-
인천광역시 서구 당하동,1031,1031,0,원당풍림아이원,74.0892,202110,12,"33,000",3,2004,원당대로840번길 23,,-,-
인천광역시 서구 당하동,1031,1031,0,원당풍림아이원,59.832,202110,14,"35,000",13,2004,원당대로840번길 21,,-,-
인천광역시 서구 당하동,1031,1031,0,원당풍림아이원,74.0892,202110,15,"32,000",1,2004,원당대로840번길 23,,-,-
인천광역시 서구 당하동,1031,1031,0,원당풍림아이원,84.55,202110,22,"44,800",15,2004,원당대로840번길 23,,-,-
인천광역시 서구 당하동,895-1,895,1,탑스빌(성웅),59.995,202110,9,"32,000",9,1998,서곶로 818,,-,-
인천광역시 서구 당하동,895-1,895,1,탑스빌(성웅),59.995,202110,16,"35,500",9,1998,서곶로 818,,-,-
인천광역시 서구 당하동,895-1,895,1,탑스빌(신대진),59.995,202110,6,"34,000",5,1998,서곶로 818,,-,-
인천광역시 서구 당하동,895-1,895,1,탑스빌(신대진),59.995,202110,9,"35,500",17,1998,서곶로 818,,-,-
인천광역시 서구 당하동,895-1,895,1,탑스빌(영남),59.995,202110,11,"33,950",9,1998,서곶로 818,,-,-
인천광역시 서구 당하동,820-1,820,1,태평,59.97,202110,1,"29,000",4,1999,독정로25번길 26-6,,-,-
인천광역시 서구 당하동,820-1,820,1,태평,59.97,202110,2,"27,000",1,1999,독정로25번길 26-6,,-,-
인천광역시 서구 당하동,820-1,820,1,태평,59.97,202110,7,"31,000",8,1999,독정로25번길 26-6,,-,-
인천광역시 서구 당하동,820-1,820,1,태평,59.99,202110,16,"31,000",6,1999,독정로25번길 26-6,,-,-
인천광역시 서구 마전동,1029-2,1029,2,검단1차대주피오레,77.3694,202110,2,"39,500",4,2007,완정로65번안길 10,,-,-
인천광역시 서구 마전동,1029-2,1029,2,검단1차대주피오레,123.3669,202110,2,"48,500",9,2007,완정로65번안길 10,,-,-
인천광역시 서구 마전동,1029-2,1029,2,검단1차대주피오레,123.3669,202110,6,"50,000",3,2007,완정로65번안길 10,,-,-
인천광역시 서구 마전동,1029-2,1029,2,검단1차대주피오레,123.3669,202110,9,"49,000",2,2007,완정로65번안길 10,,-,-
인천광역시 서구 마전동,1029-2,1029,2,검단1차대주피오레,84.9734,202110,18,"41,400",7,2007,완정로65번안길 10,,-,-
인천광역시 서구 마전동,1029-2,1029,2,검단1차대주피오레,84.9734,202110,23,"38,900",7,2007,완정로65번안길 10,,-,-
인천광역시 서구 마전동,1123-1,1123,1,검단2차우방아이유쉘,84.8938,202110,5,"47,500",2,2018,완정로 126,20211019,-,-
인천광역시 서구 마전동,1123-1,1123,1,검단2차우방아이유쉘,84.8938,202110,5,"47,500",3,2018,완정로 126,,-,-
인천광역시 서구 마전동,1123-1,1123,1,검단2차우방아이유쉘,59.9393,202110,14,"42,500",6,2018,완정로 126,,-,-
인천광역시 서구 마전동,1030-1,1030,1,검단금호어울림,84.9918,202110,9,"37,700",7,2004,완정로65번안길 17,,-,-
인천광역시 서구 마전동,1030-1,1030,1,검단금호어울림,84.9918,202110,23,"39,800",3,2004,완정로65번안길 17,,-,-
인천광역시 서구 마전동,998-1,998,1,검단아이파크,84.2846,202110,7,"41,000",14,2007,완정로92번길 28,,-,-
인천광역시 서구 마전동,998-1,998,1,검단아이파크,84.2846,202110,9,"40,800",6,2007,완정로92번길 28,,-,-
인천광역시 서구 마전동,997-3,997,3,검단힐스테이트,69.8251,202110,14,"38,000",6,2007,완정로92번길 11,,-,-
인천광역시 서구 마전동,997-1,997,1,검단힐스테이트2차,123.158,202110,9,"54,750",5,2010,완정로92번길 41,,-,-
인천광역시 서구 마전동,BL-49-4,49,4,대원레스피아1차,59.741,202110,6,"26,000",6,2004,가현로 41,,-,-
인천광역시 서구 마전동,1003-1,1003,1,동아,59.98,202110,3,"29,700",2,1999,완정로34번길 20,,-,-
인천광역시 서구 마전동,1003-1,1003,1,동아,84.9,202110,8,"39,400",10,1999,완정로34번길 9,,-,-
인천광역시 서구 마전동,BL-48-1,48,1,마전3차풍림아이원,84.6689,202110,2,"26,500",2,2005,가현로42번길 49,,-,-
인천광역시 서구 마전동,BL-48-1,48,1,마전3차풍림아이원,84.6689,202110,16,"28,000",1,2005,가현로42번길 49,,-,-
인천광역시 서구 마전동,BL-1-1,1,1,마전4차풍림아이원,106.874,202110,2,"32,700",3,2007,마전로5번길 13,,-,-
인천광역시 서구 마전동,BL-1-1,1,1,마전4차풍림아이원,106.874,202110,4,"34,900",5,2007,마전로5번길 13,,-,-
인천광역시 서구 마전동,916,916,0,목화,57.495,202110,15,"17,700",2,1990,완정로178번길 31,,-,-
인천광역시 서구 마전동,916,916,0,목화,79.095,202110,23,"19,200",2,1990,완정로178번길 31,,-,-
인천광역시 서구 마전동,925,925,0,서해,59.97,202110,4,"14,300",4,1992,검단로487번길 40,,-,-
인천광역시 서구 마전동,925,925,0,서해,59.97,202110,9,"15,500",1,1992,검단로487번길 44,,-,-
인천광역시 서구 마전동,925,925,0,서해,59.67,202110,13,"14,700",1,1992,검단로487번안길 16,,-,-
인천광역시 서구 마전동,925,925,0,서해,59.94,202110,15,"13,000",4,1992,검단로487번길 42,,-,-
인천광역시 서구 마전동,925,925,0,서해,59.77,202110,17,"14,000",4,1992,검단로487번안길 15,,-,-
인천광역시 서구 마전동,925,925,0,서해,45.45,202110,19,"13,000",1,1992,검단로487번길 44,,-,-
인천광역시 서구 마전동,925,925,0,서해,53.07,202110,21,"13,700",4,1992,검단로487번길 40,,-,-
인천광역시 서구 마전동,999-5,999,5,영남,153.03,202110,3,"42,000",6,2000,완정로64번길 7,,-,-
인천광역시 서구 마전동,999-5,999,5,영남,84.97,202110,5,"32,000",25,2000,완정로64번길 7,,-,-
인천광역시 서구 마전동,927-5,927,5,영진,59.97,202110,16,"19,700",1,1999,가현로 168,,-,-
인천광역시 서구 마전동,987-9,987,9,"유호A단지(A1,A2동)",57.48,202110,17,"15,000",4,1992,검단로518번길 12,,-,-
인천광역시 서구 마전동,917-2,917,2,은혜,48.87,202110,9,"10,400",4,1991,완정로178번길 43,,-,-
인천광역시 서구 마전동,917-2,917,2,은혜,48.87,202110,23,"11,900",1,1991,완정로178번길 43,,-,-
인천광역시 서구 마전동,928-33,928,33,이지2차미래지향2단지,84.9829,202110,4,"30,000",8,2009,검단로529번길 9,,-,-
인천광역시 서구 마전동,BL-13-1,13,1,인천마전대주파크빌,84.95,202110,2,"36,500",7,2005,마전로99번길 8,,-,-
인천광역시 서구 마전동,892,892,0,하나,84.4018,202110,10,"30,300",12,2001,검단로 624,,-,-
인천광역시 서구 마전동,917-1,917,1,한일,59.1,202110,2,"12,800",6,1991,검단로501번길 44,,-,-
인천광역시 서구 불로동,806,806,0,대림e-편한세상,59.794,202110,4,"29,000",1,2005,고산후로 398,,-,-
인천광역시 서구 불로동,776-1,776,1,백두,59.76,202110,7,"21,200",7,1995,검단로769번길 12,,-,-
인천광역시 서구 불로동,798-1,798,1,불로금호어울림(불로지구39BL),84.9949,202110,16,"41,000",4,2007,검단로768번길 19,,-,-
인천광역시 서구 불로동,792-1,792,1,삼보해피하임(불로지구34BL1L),84.9911,202110,7,"41,700",13,2007,검단로744번3길 7,,-,-
인천광역시 서구 불로동,792-1,792,1,삼보해피하임(불로지구34BL1L),84.9911,202110,8,"41,300",9,2007,검단로744번3길 7,,-,-
인천광역시 서구 불로동,792-1,792,1,삼보해피하임(불로지구34BL1L),84.9911,202110,9,"39,900",12,2007,검단로744번3길 7,,-,-
인천광역시 서구 불로동,792-1,792,1,삼보해피하임(불로지구34BL1L),84.9911,202110,19,"44,000",17,2007,검단로744번3길 7,,-,-
인천광역시 서구 불로동,185-40,185,40,신명스카이뷰,84.723,202110,6,"30,000",4,2007,검단로 867,,-,-
인천광역시 서구 불로동,308,308,0,월드,59.73,202110,1,"23,000",17,1998,검단로 836,,-,-
인천광역시 서구 불로동,308,308,0,월드,59.89,202110,1,"20,900",1,1998,검단로 836,,-,-
인천광역시 서구 불로동,308,308,0,월드,59.73,202110,6,"24,500",9,1998,검단로 836,,-,-
인천광역시 서구 불로동,308,308,0,월드,84.93,202110,7,"28,650",14,1998,검단로 836,,-,-
인천광역시 서구 불로동,308,308,0,월드,59.89,202110,15,"25,800",9,1998,검단로 836,,-,-
인천광역시 서구 불로동,308,308,0,월드,59.89,202110,16,"26,500",20,1998,검단로 836,,-,-
인천광역시 서구 불로동,308,308,0,월드,59.89,202110,16,"24,200",12,1998,검단로 836,,-,-
인천광역시 서구 불로동,308,308,0,월드,59.83,202110,20,"26,900",13,1998,검단로 836,,-,-
인천광역시 서구 불로동,308,308,0,월드,59.77,202110,30,"25,000",11,1998,검단로 836,,-,-
인천광역시 서구 불로동,372,372,0,퀸스타운(길훈),84.99,202110,7,"29,500",2,1999,검단로 786,,-,-
인천광역시 서구 불로동,372,372,0,퀸스타운(길훈),59.72,202110,21,"22,000",4,1999,검단로 786,,-,-
인천광역시 서구 불로동,316-1,316,1,퀸스타운(동성),84.99,202110,11,"30,800",5,1999,검단로 788,,-,-
인천광역시 서구 불로동,316-1,316,1,퀸스타운(동성),59.97,202110,14,"25,800",16,1999,검단로 788,,-,-
인천광역시 서구 석남동,508-4,508,4,DH씨밀레,36.1,202110,7,"16,500",8,2016,신석로112번길 2-1,,-,-
인천광역시 서구 석남동,532,532,0,금호어울림,84.8003,202110,12,"52,700",5,2007,가정로223번길 27,,-,-
인천광역시 서구 석남동,468-3,468,3,낙원,49.14,202110,5,"15,300",2,1989,서달로149번길 12-7,,-,-
인천광역시 서구 석남동,468-3,468,3,낙원,49.14,202110,12,"15,500",2,1989,서달로149번길 12-7,,-,-
인천광역시 서구 석남동,209,209,0,대명,39.25,202110,29,"10,500",5,1998,35,,-,-
인천광역시 서구 석남동,111-13,111,13,동진4,57.455,202110,18,"9,300",6,1991,서달로130번길 25,,-,-
인천광역시 서구 석남동,199-300,199,300,바롬채,46.26,202110,13,"28,500",14,2021,율도로15번길 4,,-,-
인천광역시 서구 석남동,522-3,522,3,보광네오센스,59.96,202110,4,"19,500",4,2003,염곡로272번길 13,,-,-
인천광역시 서구 석남동,593,593,0,석남동경남아너스빌,84.85,202110,9,"43,500",8,2006,염곡로 172,,-,-
인천광역시 서구 석남동,514-1,514,1,수정,45.92,202110,11,"17,000",1,1989,칠천왕로 29,,-,-
인천광역시 서구 석남동,514-1,514,1,수정,45.92,202110,11,"18,500",1,1989,칠천왕로 29,,-,-
인천광역시 서구 석남동,517-3,517,3,수피래,81.39,202110,1,"20,000",3,2005,칠천왕로 9,,-,-
인천광역시 서구 석남동,486-1,486,1,신동아,59.98,202110,30,"19,500",15,1996,서달로123번길 12-4,,-,-
인천광역시 서구 석남동,499,499,0,태산,36.52,202110,17,"17,700",6,1989,가정로262번길 19,,-,-
인천광역시 서구 석남동,504-3,504,3,파랑새,142.34,202110,8,"28,000",7,2009,옻우물로8번길 7,,-,-
인천광역시 서구 석남동,464-3,464,3,한화수풀림,70.2762,202110,13,"18,300",8,2005,신석로111번길 22,,-,-
인천광역시 서구 석남동,588-14,588,14,효정,49.38,202110,2,"16,400",1,1987,건지로249번길 29,,-,-
인천광역시 서구 신현동,304-1,304,1,루원시티 대성베르힐,84.9778,202110,2,"77,800",25,2017,봉오재1로 15,,-,-
인천광역시 서구 신현동,304-1,304,1,루원시티 대성베르힐,84.9778,202110,11,"78,700",11,2017,봉오재1로 15,,-,-
인천광역시 서구 신현동,306-1,306,1,루원시티센트럴타운,59.84,202110,6,"59,600",10,2017,봉오재1로 36,,-,-
인천광역시 서구 신현동,302-1,302,1,신현이편한세상하늘채,114.948,202110,12,"63,000",26,2010,가정로 387,,-,-
인천광역시 서구 신현동,107-4,107,4,은영,58.32,202110,5,"19,300",2,1989,염곡로397번길 5,,-,-
인천광역시 서구 신현동,107-4,107,4,은영,55.05,202110,11,"17,000",4,1989,염곡로397번길 5,,-,-
인천광역시 서구 신현동,151-3,151,3,효성,83.1,202110,1,"19,000",8,1991,새오개로 53,,-,-
인천광역시 서구 신현동,151-3,151,3,효성,77.09,202110,6,"26,200",13,1991,새오개로 53,,-,-
인천광역시 서구 신현동,151-3,151,3,효성,70.82,202110,14,"20,500",3,1991,새오개로 53,,-,-
인천광역시 서구 심곡동,336-1,336,1,광명,84.78,202110,6,"34,700",19,1997,심곡로 11,,-,-
인천광역시 서구 심곡동,259-2,259,2,극동늘푸른,59.795,202110,2,"28,500",19,1997,승학로 198,,-,-
인천광역시 서구 심곡동,259-2,259,2,극동늘푸른,59.795,202110,11,"29,700",18,1997,승학로 198,,-,-
인천광역시 서구 심곡동,285,285,0,대동,59.91,202110,16,"26,700",21,1995,심곡로 135,,-,-
인천광역시 서구 심곡동,285,285,0,대동,59.91,202110,23,"23,700",7,1995,심곡로 135,,-,-
인천광역시 서구 심곡동,285,285,0,대동,75.28,202110,29,"34,000",13,1995,심곡로 135,,-,-
인천광역시 서구 심곡동,287,287,0,동남,59.73,202110,2,"22,500",2,1995,심곡로132번길 17,,-,-
인천광역시 서구 심곡동,282,282,0,삼용타워,59.85,202110,9,"21,800",8,1996,탁옥로 89,,-,-
인천광역시 서구 심곡동,302,302,0,한국2,58.32,202110,2,"25,300",12,1995,탁옥로74번길 76,,-,-
인천광역시 서구 심곡동,302,302,0,한국2,58.32,202110,7,"25,400",19,1995,탁옥로74번길 76,,-,-
인천광역시 서구 심곡동,302,302,0,한국2,58.32,202110,13,"25,000",3,1995,탁옥로74번길 76,,-,-
인천광역시 서구 연희동,682,682,0,중앙,24.7925,202110,6,"8,300",8,1997,승학로 336,,-,-
인천광역시 서구 연희동,682,682,0,중앙,24.7925,202110,7,"7,650",3,1997,승학로 336,,-,-
인천광역시 서구 연희동,682,682,0,중앙,24.7925,202110,8,"8,900",2,1997,승학로 336,,-,-
인천광역시 서구 연희동,682,682,0,중앙,24.7925,202110,9,"7,400",3,1997,승학로 336,,-,-
인천광역시 서구 연희동,682,682,0,중앙,24.7925,202110,23,"8,550",14,1997,승학로 336,,-,-
인천광역시 서구 연희동,682,682,0,중앙,24.7925,202110,25,"8,300",11,1997,승학로 336,,-,-
인천광역시 서구 연희동,690,690,0,태영,84.96,202110,18,"32,500",1,1996,대평로 10,,-,-
인천광역시 서구 연희동,682-12,682,12,한국1,58.32,202110,1,"21,000",8,1994,서곶로369번길 18,,-,-
인천광역시 서구 오류동,1722-1,1722,1,검단오류역우방아이유쉘,66.516,202110,21,"34,000",14,2021,대촌로 26,,-,-
인천광역시 서구 오류동,1719-2,1719,2,검단힐스테이트3차1단지,84.9831,202110,2,"44,000",18,2010,봉화로 60-17,,-,-
인천광역시 서구 왕길동,696-1,696,1,검단자이2단지,123.19,202110,1,"54,000",14,2010,오동로 32,,-,-
인천광역시 서구 왕길동,696-1,696,1,검단자이2단지,84.743,202110,4,"46,700",7,2010,오동로 32,,-,-
인천광역시 서구 왕길동,696-1,696,1,검단자이2단지,84.743,202110,14,"49,000",7,2010,오동로 32,,-,-
인천광역시 서구 왕길동,649-1,649,1,검단풍림아이원,84.935,202110,7,"31,300",2,2004,봉수대로1440번길 10,,-,-
인천광역시 서구 왕길동,649-1,649,1,검단풍림아이원,59.7024,202110,16,"29,000",8,2004,봉수대로1440번길 10,,-,-
인천광역시 서구 왕길동,633-2,633,2,동남디아망,84.9651,202110,8,"34,900",15,2006,봉수대로1440번길 19,,-,-
인천광역시 서구 왕길동,633-2,633,2,동남디아망,84.9651,202110,8,"34,700",15,2006,봉수대로1440번길 19,,-,-
인천광역시 서구 왕길동,697-1,697,1,드림파크어울림1단지,84.9025,202110,11,"39,500",8,2010,봉화로 18,,-,-
인천광역시 서구 왕길동,697-1,697,1,드림파크어울림1단지,84.9025,202110,16,"41,500",8,2010,봉화로 18,,-,-
인천광역시 서구 왕길동,697-1,697,1,드림파크어울림1단지,84.9025,202110,16,"40,000",4,2010,봉화로 18,,-,-
인천광역시 서구 왕길동,697-1,697,1,드림파크어울림1단지,84.9025,202110,18,"38,900",1,2010,봉화로 18,,-,-
인천광역시 서구 왕길동,696-2,696,2,드림파크어울림2단지,84.8372,202110,4,"41,000",15,2010,오동로 40,,-,-
인천광역시 서구 왕길동,634-1,634,1,신명스카이뷰드림,84.9378,202110,17,"38,000",1,2004,봉수대로1440번길 29,,-,-
인천광역시 서구 왕길동,273-5,273,5,원흥,59.79,202110,2,"15,000",5,1993,검단로 419,,-,-
인천광역시 서구 왕길동,273-5,273,5,원흥,59.79,202110,4,"16,900",5,1993,검단로 419,,-,-
인천광역시 서구 왕길동,295-1,295,1,유승,59.75,202110,1,"21,300",1,2000,단봉로 12,,-,-
인천광역시 서구 왕길동,295-1,295,1,유승,84.96,202110,4,"30,700",15,2000,단봉로 12,,-,-
인천광역시 서구 왕길동,295-1,295,1,유승,84.96,202110,5,"31,000",3,2000,단봉로 12,,-,-
인천광역시 서구 왕길동,295-1,295,1,유승,59.75,202110,9,"25,000",9,2000,단봉로 12,,-,-
인천광역시 서구 원당동,854-3,854,3,금호어울림2차(원당지구80BL3L),84.9949,202110,3,"40,900",6,2005,고산로 13,,-,-
인천광역시 서구 원당동,852-1,852,1,대림e편한세상(원당지구78BL1L),84.981,202110,5,"40,300",1,2004,고산로40번길 38,,-,-
인천광역시 서구 원당동,852-1,852,1,대림e편한세상(원당지구78BL1L),84.981,202110,22,"45,900",14,2004,고산로40번길 38,,-,-
인천광역시 서구 원당동,823-1,823,1,원당LG자이(원당지구69BL1L),84.9511,202110,1,"44,900",7,2004,원당대로839번길 34,,-,-
인천광역시 서구 원당동,823-1,823,1,원당LG자이(원당지구69BL1L),108.1492,202110,4,"59,500",11,2004,원당대로839번길 34,,-,-
인천광역시 서구 원당동,823-1,823,1,원당LG자이(원당지구69BL1L),84.9511,202110,4,"46,150",5,2004,원당대로839번길 34,,-,-
인천광역시 서구 원당동,823-1,823,1,원당LG자이(원당지구69BL1L),84.9511,202110,26,"45,200",4,2004,원당대로839번길 34,,-,-
인천광역시 서구 원당동,1022,1022,0,호반써밋1차,84.8981,202110,2,"62,000",6,2021,이음5로 15,,-,-
인천광역시 서구 청라동,165-10,165,10,서해그랑블,59.9974,202110,19,"67,000",14,2010,청라에메랄드로 65,,-,-
인천광역시 서구 청라동,165-10,165,10,서해그랑블,59.9974,202110,29,"67,700",12,2010,청라에메랄드로 65,,-,-
인천광역시 서구 청라동,970-1,970,1,청라29블럭호반베르디움,84.9934,202110,2,"80,500",3,2012,청라커낼로 163,,-,-
인천광역시 서구 청라동,Jan-85,85,1,청라국제금융단지한양수자인레이크블루,59.7588,202110,4,"76,800",9,2019,청라한내로 132,,-,-
인천광역시 서구 청라동,Jan-85,85,1,청라국제금융단지한양수자인레이크블루,84.3971,202110,23,"107,000",11,2019,청라한내로 132,,-,-
인천광역시 서구 청라동,154-1,154,1,청라더샵레이크파크,100.59,202110,2,"109,000",7,2013,크리스탈로74번길 26,,-,-
인천광역시 서구 청라동,102-3,102,3,청라동양엔파트,118.8538,202110,10,"87,800",14,2012,솔빛로 13,,-,-
인천광역시 서구 청라동,160-1,160,1,청라린스트라우스,101.9819,202110,11,"100,000",32,2013,청라라임로 85,,-,-
인천광역시 서구 청라동,Jan-82,82,1,청라모아미래도,71.3679,202110,2,"77,800",20,2018,비즈니스로 165,,-,-
인천광역시 서구 청라동,156-1,156,1,청라센트럴에일린의뜰,95.2717,202110,5,"128,000",27,2018,청라커낼로 300,,-,-
인천광역시 서구 청라동,156-1,156,1,청라센트럴에일린의뜰,84.9834,202110,12,"90,000",8,2018,청라커낼로 300,,-,-
인천광역시 서구 청라동,166-1,166,1,청라웰카운티19단지,97.26,202110,25,"75,000",9,2012,청라에메랄드로 112,,-,-
인천광역시 서구 청라동,130-2,130,2,청라웰카운티1차,84.4963,202110,11,"67,700",3,2010,청라에메랄드로 156,,-,-
인천광역시 서구 청라동,193-1,193,1,청라자이,114.9285,202110,11,"60,000",4,2010,청라에메랄드로 30,,-,-
인천광역시 서구 청라동,115-1,115,1,청라제일풍경채,101.9831,202110,4,"87,500",4,2012,청라한울로 95,,-,-
인천광역시 서구 청라동,115-1,115,1,청라제일풍경채,115.9895,202110,28,"90,000",19,2012,청라한울로 95,,-,-
인천광역시 서구 청라동,149-2,149,2,청라제일풍경채2차에듀앤파크,84.846,202110,7,"90,000",17,2017,청라한울로 96,,-,-
인천광역시 서구 청라동,149-2,149,2,청라제일풍경채2차에듀앤파크,84.993,202110,30,"89,000",24,2017,청라한울로 96,,-,-
인천광역시 서구 청라동,762-2,762,2,청라지구중흥S-CLASS1단지,119.5876,202110,2,"60,000",6,2010,청라라임로 131,,-,-
인천광역시 서구 청라동,102-2,102,2,청라한양수자인,120.207,202110,7,"90,000",12,2011,비즈니스로 41,,-,-
인천광역시 서구 청라동,102-2,102,2,청라한양수자인,121.4449,202110,12,"88,700",13,2011,비즈니스로 41,,-,-
인천광역시 서구 청라동,155-9,155,9,한일베라체,104.376,202110,22,"83,000",14,2011,청라루비로 68,,-,-
인천광역시 서구 청라동,130-4,130,4,호반베르디움앤영무예다음,59.86,202110,15,"63,000",23,2011,청라에메랄드로 134,,-,-
인천광역시 서구 청라동,130-4,130,4,호반베르디움앤영무예다음,59.936,202110,27,"49,800",5,2011,청라에메랄드로 134,,-,-
인천광역시 서구 청라동,185-1,185,1,힐데스하임,59.9435,202110,2,"69,000",15,2011,청라라임로 17,,-,-
인천광역시 서구 청라동,185-1,185,1,힐데스하임,59.9435,202110,9,"64,300",1,2011,청라라임로 17,,-,-
인천광역시 연수구 동춘동,938,938,0,건영,84.945,202110,7,"50,000",3,1994,먼우금로83번길 12,,-,-
인천광역시 연수구 동춘동,938,938,0,건영,84.945,202110,9,"49,900",3,1994,먼우금로83번길 12,,-,-
인천광역시 연수구 동춘동,941,941,0,대동,84.585,202110,2,"45,000",1,1994,먼우금로 69,,-,-
인천광역시 연수구 동춘동,940,940,0,대림3,53.01,202110,6,"29,500",2,1993,먼우금로83번길 49,,-,-
인천광역시 연수구 동춘동,940,940,0,대림3,53.01,202110,16,"28,000",3,1993,먼우금로83번길 49,,-,-
인천광역시 연수구 동춘동,943,943,0,동남,52.14,202110,16,"35,000",10,1994,먼우금로 19,,-,-
인천광역시 연수구 동춘동,921,921,0,동춘마을,59.3,202110,2,"37,000",1,1994,먼우금로 123,,-,-
인천광역시 연수구 동춘동,가-,0,0,서해그랑블포레스트,59.8632,202110,17,"52,200",13,2019,능허대로446번길 12,,-,-
인천광역시 연수구 동춘동,가-,0,0,송도동일하이빌파크포레,59.9786,202110,9,"53,500",10,2019,앵고개로104번길 5,,-,-
인천광역시 연수구 동춘동,가-,0,0,송도파크레인동일하이빌,93.7025,202110,4,"81,500",11,2019,능허대로 343,,-,-
인천광역시 연수구 동춘동,가-,0,0,송도파크레인동일하이빌,84.9044,202110,7,"79,000",28,2019,능허대로 343,,-,-
인천광역시 연수구 동춘동,가-,0,0,송도파크레인동일하이빌,84.9948,202110,8,"68,000",10,2019,능허대로 343,,-,-
인천광역시 연수구 동춘동,942,942,0,아주,84.78,202110,4,"40,000",4,1994,먼우금로63번길 13,,-,-
인천광역시 연수구 동춘동,925-7,925,7,연수대우.삼환,90.18,202110,9,"57,500",6,1994,원인재로 88,,-,-
인천광역시 연수구 동춘동,가-,0,0,연수서해그랑블1단지,70.75,202110,12,"55,500",3,2017,봉재산로 20,,-,-
인천광역시 연수구 동춘동,939,939,0,태평1,109.1,202110,2,"45,000",5,1992,앵고개로206번길 10,,-,-
인천광역시 연수구 동춘동,929,929,0,풍림2,45.36,202110,6,"36,800",2,1993,경원대로119번길 21,,-,-
인천광역시 연수구 동춘동,929,929,0,풍림2,45.36,202110,9,"37,000",8,1993,경원대로119번길 21,,-,-
인천광역시 연수구 동춘동,929,929,0,풍림2,84.22,202110,16,"55,500",3,1993,경원대로119번길 21,,-,-
인천광역시 연수구 동춘동,925,925,0,한양1,101.9,202110,3,"59,500",11,1994,원인재로 124,,-,-
인천광역시 연수구 동춘동,925,925,0,한양1,101.9,202110,9,"57,200",5,1994,원인재로 124,20211014,-,-
인천광역시 연수구 동춘동,925,925,0,한양1,101.9,202110,9,"57,200",5,1994,원인재로 124,,-,-
인천광역시 연수구 동춘동,925,925,0,한양1,101.9,202110,13,"60,000",18,1994,원인재로 124,,-,-
인천광역시 연수구 동춘동,925,925,0,한양1,88.86,202110,27,"57,000",12,1994,원인재로 124,,-,-
인천광역시 연수구 동춘동,932,932,0,한양2,84.97,202110,18,"40,000",1,1994,원인재로 59,,-,-
인천광역시 연수구 선학동,352,352,0,뉴서울,84.53,202110,14,"45,500",4,1992,선학로 101,,-,-
인천광역시 연수구 선학동,353,353,0,대동,84.06,202110,12,"40,200",10,1992,선학로74번길 17,,-,-
인천광역시 연수구 선학동,387,387,0,윤성,59.86,202110,10,"24,900",6,1995,넘말로79번길 45,,-,-
인천광역시 연수구 선학동,387,387,0,윤성,59.86,202110,26,"26,900",2,1995,넘말로79번길 45,,-,-
인천광역시 연수구 선학동,340,340,0,정광,64.38,202110,12,"32,000",5,1991,선학로 37,,-,-
인천광역시 연수구 선학동,340,340,0,태산,64.38,202110,20,"35,000",3,1991,선학로 37,,-,-
인천광역시 연수구 선학동,395,395,0,희영무지개,59.82,202110,17,"25,000",12,1995,넘말로29번길 45,,-,-
인천광역시 연수구 선학동,389,389,0,희영무지개2,59.85,202110,5,"24,900",9,1995,넘말로47번길 36,,-,-
인천광역시 연수구 송도동,319-1,319,1,e편한세상송도,70.2331,202110,2,"84,500",18,2018,랜드마크로 113,,-,-
인천광역시 연수구 송도동,319-1,319,1,e편한세상송도,70.5618,202110,9,"86,800",28,2018,랜드마크로 113,,-,-
인천광역시 연수구 송도동,319-1,319,1,e편한세상송도,70.5618,202110,30,"78,700",9,2018,랜드마크로 113,,-,-
인천광역시 연수구 송도동,192-1,192,1,더샵그린스퀘어,98.2428,202110,1,"93,000",19,2014,송도문화로28번길 81,,-,-
인천광역시 연수구 송도동,192-1,192,1,더샵그린스퀘어,84.5317,202110,7,"109,000",15,2014,송도문화로28번길 81,,-,-
인천광역시 연수구 송도동,192-1,192,1,더샵그린스퀘어,84.8516,202110,12,"110,000",5,2014,송도문화로28번길 81,,-,-
인천광역시 연수구 송도동,192-1,192,1,더샵그린스퀘어,115.7688,202110,30,"140,000",27,2014,송도문화로28번길 81,,-,-
인천광역시 연수구 송도동,06월 18일,18,6,더샵그린워크1차,84.3408,202110,13,"104,500",13,2014,아트센터대로97번길 30,,-,-
인천광역시 연수구 송도동,03월 17일,17,3,더샵그린워크2차,84.3408,202110,11,"109,000",16,2014,아트센터대로97번길 15,,-,-
인천광역시 연수구 송도동,03월 23일,23,3,더샵센트럴파크1,115.156,202110,10,"145,000",3,2010,센트럴로 232,,-,-
인천광역시 연수구 송도동,04월 23일,23,4,더샵센트럴파크2,101.9456,202110,27,"105,000",12,2011,센트럴로 194,,-,-
인천광역시 연수구 송도동,308-1,308,1,더샵송도마리나베이,74.9894,202110,4,"65,000",13,2020,랜드마크로 160,,-,-
인천광역시 연수구 송도동,04월 16일,16,4,더샵엑스포10단지,128.4673,202110,13,"125,000",12,2009,컨벤시아대로42번길 95,,-,-
인천광역시 연수구 송도동,04월 01일,4,1,더샵퍼스트월드,141.162,202110,2,"165,000",29,2009,해돋이로 107,,-,-
인천광역시 연수구 송도동,04월 01일,4,1,더샵퍼스트월드,125.967,202110,9,"135,000",17,2009,해돋이로 107,,-,-
인천광역시 연수구 송도동,04월 01일,4,1,더샵퍼스트월드,116.125,202110,30,"110,000",10,2009,해돋이로 107,,-,-
인천광역시 연수구 송도동,149,149,0,롯데캐슬캠퍼스타운,59.9715,202110,2,"80,000",42,2016,송도과학로27번길 55,,-,-
인천광역시 연수구 송도동,192-8,192,8,베르디움더퍼스트,74.9413,202110,7,"97,000",28,2017,송도문화로84번길 84,20211021,-,-
인천광역시 연수구 송도동,192-8,192,8,베르디움더퍼스트,74.9413,202110,7,"97,000",28,2017,송도문화로84번길 84,,-,-
인천광역시 연수구 송도동,192-8,192,8,베르디움더퍼스트,63.9029,202110,8,"74,500",28,2017,송도문화로84번길 84,,-,-
인천광역시 연수구 송도동,192-8,192,8,베르디움더퍼스트,84.9572,202110,16,"98,800",1,2017,송도문화로84번길 84,,-,-
인천광역시 연수구 송도동,192-8,192,8,베르디움더퍼스트,84.9572,202110,26,"93,000",2,2017,송도문화로84번길 84,,-,-
인천광역시 연수구 송도동,02월 12일,2,12,성지리벨루스,84.586,202110,1,"82,500",7,2006,신송로6번길 7,,-,-
인천광역시 연수구 송도동,191-2,191,2,송도글로벌파크베르디움,84.8939,202110,23,"104,500",2,2017,송도문화로28번길 27,,-,-
인천광역시 연수구 송도동,08월 16일,16,8,송도더샵그린애비뉴7단지,129.1677,202110,5,"157,000",14,2012,컨벤시아대로42번길 35,,-,-
인천광역시 연수구 송도동,07월 16일,16,7,송도더샵그린애비뉴8단지,112.1643,202110,27,"121,000",15,2012,컨벤시아대로42번길 61,,-,-
인천광역시 연수구 송도동,05월 18일,18,5,송도더샵그린워크3차(17-1블럭),69.91,202110,27,"85,000",2,2015,아트센터대로97번길 20,,-,-
인천광역시 연수구 송도동,03월 19일,19,3,송도더샵그린워크3차(18-1블럭),99.87,202110,12,"128,500",28,2015,컨벤시아대로130번길 100,,-,-
인천광역시 연수구 송도동,110,110,0,송도더샵마스터뷰21BL,84.94,202110,9,"115,000",7,2015,컨벤시아대로274번길 55,,-,-
인천광역시 연수구 송도동,111,111,0,송도더샵마스터뷰22BL,84.92,202110,30,"114,500",26,2015,컨벤시아대로274번길 35,,-,-
인천광역시 연수구 송도동,190-4,190,4,송도더샵센트럴시티,59.97,202110,7,"80,000",20,2018,송도국제대로 261,,-,-
인천광역시 연수구 송도동,190-4,190,4,송도더샵센트럴시티,101.99,202110,21,"140,000",37,2018,송도국제대로 261,,-,-
인천광역시 연수구 송도동,101,101,0,송도더샵퍼스트파크F14BL,95.81,202110,9,"152,000",9,2017,컨벤시아대로252번길 50,,-,-
인천광역시 연수구 송도동,05월 17일,17,5,송도더샵하버뷰(D13),147.823,202110,25,"136,000",3,2011,아트센터대로97번길 75,,-,-
인천광역시 연수구 송도동,05월 23일,23,5,송도센트럴파크푸르지오,143.6803,202110,8,"220,000",16,2015,센트럴로 160,,-,-
인천광역시 연수구 송도동,155,155,0,송도아메리칸타운아이파크,64.168,202110,2,"80,000",15,2018,송도과학로27번길 15,,-,-
인천광역시 연수구 송도동,191-4,191,4,송도에듀포레푸르지오,59.941,202110,23,"75,000",12,2016,송도문화로84번길 24,,-,-
인천광역시 연수구 송도동,9-31,9,31,송도웰카운티1단지,149.59,202110,11,"117,000",9,2008,해송로 143,,-,-
인천광역시 연수구 송도동,09월 06일,9,6,송도웰카운티3단지,84.99,202110,1,"89,000",13,2010,해송로30번길 19,,-,-
인천광역시 연수구 송도동,09월 05일,9,5,송도웰카운티4단지,101.26,202110,9,"120,000",8,2010,해송로30번길 20,,-,-
인천광역시 연수구 송도동,06월 19일,19,6,송도자이하버뷰1단지,144.361,202110,5,"171,500",7,2011,컨벤시아대로130번길 58,,-,-
인천광역시 연수구 송도동,07월 19일,19,7,송도자이하버뷰2단지,115.133,202110,5,"135,000",19,2011,컨벤시아대로130번길 32,,-,-
인천광역시 연수구 송도동,11월 15일,15,11,송도코오롱더프라우2단지,148.308,202110,13,"93,000",6,2009,컨벤시아대로42번길 12,,-,-
인천광역시 연수구 송도동,02월 07일,2,7,송도풍림아이원1단지,84.9146,202110,2,"84,000",18,2005,신송로118번길 6,,-,-
인천광역시 연수구 송도동,02월 07일,2,7,송도풍림아이원1단지,114.7008,202110,6,"105,000",14,2005,신송로118번길 6,,-,-
인천광역시 연수구 송도동,02월 07일,2,7,송도풍림아이원1단지,84.7167,202110,9,"83,000",15,2005,신송로118번길 6,,-,-
인천광역시 연수구 송도동,03월 10일,3,10,송도풍림아이원2단지,84.94,202110,5,"76,500",2,2005,해돋이로120번길 16,,-,-
인천광역시 연수구 송도동,157,157,0,해모로월드뷰,84.8507,202110,2,"90,000",26,2012,송도과학로27번길 30,,-,-
인천광역시 연수구 연수동,541,541,0,대명,89.65,202110,2,"42,000",8,1993,함박뫼로 128,,-,-
인천광역시 연수구 연수동,540,540,0,문남마을,49.24,202110,2,"28,000",4,1994,함박뫼로 100,,-,-
인천광역시 연수구 연수동,582-2,582,2,솔밭마을아파트,49.56,202110,8,"36,800",15,1993,원인재로 232,,-,-
인천광역시 연수구 연수동,582-2,582,2,"승기마을,연수1차시영",26.82,202110,5,"19,800",13,1992,원인재로 212,,-,-
인천광역시 연수구 연수동,582-2,582,2,"승기마을,연수1차시영",50.67,202110,9,"35,500",7,1992,원인재로 212,,-,-
인천광역시 연수구 연수동,582-2,582,2,"승기마을,연수1차시영",26.82,202110,11,"20,000",7,1992,원인재로 212,,-,-
인천광역시 연수구 연수동,582-2,582,2,"승기마을,연수1차시영",26.82,202110,22,"19,500",6,1992,원인재로 212,,-,-
인천광역시 연수구 연수동,582-2,582,2,"승기마을,연수1차시영",26.82,202110,28,"20,000",11,1992,원인재로 212,,-,-
인천광역시 연수구 연수동,582-2,582,2,"승기마을,연수1차시영",26.82,202110,29,"19,400",2,1992,원인재로 212,,-,-
인천광역시 연수구 연수동,593-3,593,3,연수푸르지오1단지,115.24,202110,1,"65,500",25,2011,벚꽃로 130-3,,-,-
인천광역시 연수구 연수동,593-3,593,3,연수푸르지오1단지,115.24,202110,30,"65,000",34,2011,벚꽃로 130-3,,-,-
인천광역시 연수구 연수동,593,593,0,연수푸르지오2단지,122.51,202110,16,"69,000",35,2011,벚꽃로 130-4,,-,-
인천광역시 연수구 연수동,577,577,0,영남,84.94,202110,4,"44,500",2,1992,새말로 111,,-,-
인천광역시 연수구 연수동,577,577,0,영남,84.8,202110,17,"42,000",5,1992,새말로 111,,-,-
인천광역시 연수구 연수동,635,635,0,우성1,101.97,202110,3,"27,500",12,1994,청능대로 175,,-,-
인천광역시 연수구 연수동,634,634,0,우성2,40.5,202110,1,"31,900",14,1994,원인재로 180,,-,-
인천광역시 연수구 연수동,634,634,0,우성2,40.5,202110,7,"30,000",4,1994,원인재로 180,,-,-
인천광역시 연수구 연수동,634,634,0,우성2,40.5,202110,12,"30,500",3,1994,원인재로 180,,-,-
인천광역시 연수구 연수동,634,634,0,우성2,84.78,202110,30,"50,000",5,1994,원인재로 180,,-,-
인천광역시 연수구 연수동,535-2,535,2,우주,84.975,202110,2,"39,000",4,1992,함박뫼로 115,,-,-
인천광역시 연수구 연수동,534,534,0,유천,60.07,202110,16,"40,400",7,1993,먼우금로 302,,-,-
인천광역시 연수구 연수동,578-2,578,2,주공3,44.66,202110,7,"28,500",2,1993,새말로 154,,-,-
인천광역시 연수구 연수동,578-2,578,2,주공3,44.66,202110,9,"31,000",10,1993,새말로 154,,-,-
인천광역시 연수구 연수동,578-2,578,2,주공3,44.66,202110,11,"31,000",9,1993,새말로 154,,-,-
인천광역시 연수구 연수동,578-2,578,2,주공3,44.66,202110,18,"30,400",8,1993,새말로 154,,-,-
인천광역시 연수구 연수동,535-2,535,2,태경,84.945,202110,1,"35,000",1,1992,먼우금로 299,,-,-
인천광역시 연수구 연수동,576,576,0,태산,84.56,202110,8,"47,000",7,1993,먼우금로 282,,-,-
인천광역시 연수구 연수동,576,576,0,태산,84.56,202110,16,"40,900",10,1993,먼우금로 282,,-,-
인천광역시 연수구 연수동,582,582,0,풍림1,84.96,202110,8,"54,000",14,1992,함박뫼로 250,,-,-
인천광역시 연수구 옥련동,626,626,0,럭키송도,84.765,202110,1,"47,800",15,1993,능허대로79번길 30,,-,-
인천광역시 연수구 옥련동,626,626,0,럭키송도,84.765,202110,21,"45,000",15,1993,능허대로79번길 30,,-,-
인천광역시 연수구 옥련동,630,630,0,백산,59.76,202110,1,"31,000",4,1994,한나루로79번길 11,,-,-
인천광역시 연수구 옥련동,634-1,634,1,삼성,59.98,202110,13,"34,000",15,1996,독배로40번길 18,,-,-
인천광역시 연수구 옥련동,634-1,634,1,삼성,84.97,202110,23,"54,000",7,1996,독배로40번길 18,,-,-
인천광역시 연수구 옥련동,632,632,0,서해,59.885,202110,10,"31,000",7,1995,청량로185번길 16,,-,-
인천광역시 연수구 옥련동,632,632,0,서해,84.855,202110,15,"30,000",7,1995,청량로185번길 16,,-,-
인천광역시 연수구 옥련동,632,632,0,서해,59.885,202110,19,"31,000",1,1995,청량로185번길 16,,-,-
인천광역시 연수구 옥련동,644-1,644,1,쌍용,59.78,202110,8,"39,400",20,1998,청량로 210,,-,-
인천광역시 연수구 옥련동,640-1,640,1,아주1,29.7,202110,7,"19,000",13,1997,옥련로99번길 44,,-,-
인천광역시 연수구 옥련동,640-1,640,1,아주1,29.7,202110,8,"17,200",14,1997,옥련로99번길 44,,-,-
인천광역시 연수구 옥련동,640-1,640,1,아주1,29.7,202110,27,"17,500",7,1997,옥련로99번길 44,,-,-
인천광역시 연수구 옥련동,640-1,640,1,아주1,29.7,202110,30,"17,400",5,1997,옥련로99번길 44,,-,-
인천광역시 연수구 옥련동,645-1,645,1,옥련2우성,78.834,202110,19,"47,700",15,2002,청량로185번길 73,,-,-
인천광역시 연수구 옥련동,628,628,0,현대1,43.2,202110,4,"20,000",14,1994,옥련로 33,,-,-
인천광역시 연수구 옥련동,628,628,0,현대1,59.4,202110,9,"25,500",5,1994,옥련로 33,,-,-
인천광역시 연수구 옥련동,633,633,0,현대2,84.6,202110,17,"57,000",10,1995,독배로 58,,-,-
인천광역시 연수구 옥련동,633,633,0,현대2,84.6,202110,18,"56,000",15,1995,독배로 58,,-,-
인천광역시 연수구 옥련동,635-1,635,1,현대3,84.6,202110,5,"47,000",20,1996,능허대로79번길 65,,-,-
인천광역시 연수구 옥련동,635-1,635,1,현대3,59.985,202110,15,"36,000",7,1996,능허대로79번길 65,,-,-
인천광역시 연수구 옥련동,637-1,637,1,현대4,59.985,202110,23,"43,000",12,1997,한나루로105번길 68,,-,-
인천광역시 연수구 청학동,538-12,538,12,동남,36.54,202110,2,"14,000",4,1988,청학로12번길 72,,-,-
인천광역시 연수구 청학동,538-12,538,12,동남,36.54,202110,23,"14,500",3,1988,청학로12번길 72,,-,-
인천광역시 연수구 청학동,559-1,559,1,동보,59.76,202110,1,"28,000",8,1996,솔샘로 120,,-,-
인천광역시 연수구 청학동,451,451,0,시대,49.585,202110,22,"29,800",11,1994,용담로 3,,-,-
인천광역시 연수구 청학동,523-7,523,7,청량,58.32,202110,29,"19,900",4,1990,청학로 13,,-,-
인천광역시 연수구 청학동,455,455,0,하나타운1,84.905,202110,15,"52,000",5,1995,용담로 14,,-,-
인천광역시 중구 답동,Apr-43,43,4,아르누보,78.6,202110,6,"32,000",12,2019,제물량로 121-1,,-,-
인천광역시 중구 도원동,18-142,18,142,희망,43.64,202110,4,"10,200",5,2004,도원로62번길 8,,-,-
인천광역시 중구 북성동2가,05월 01일,5,1,선광,60,202110,8,"15,000",12,1996,제물량로 288,,-,-
인천광역시 중구 송월동2가,02월 05일,2,5,남경포브,84.931,202110,31,"30,500",3,2006,제물량로 317,,-,-
인천광역시 중구 신생동,May-38,38,5,삼성,59.055,202110,2,"22,750",3,2001,인중로 111,,-,-
인천광역시 중구 신흥동2가,May-54,54,5,삼익,79.74,202110,9,"17,300",5,1979,인중로 97,,-,-
인천광역시 중구 신흥동3가,7-235,7,235,신흥아이파크,59.904,202110,4,"29,500",19,2002,인항로 30,,-,-
인천광역시 중구 신흥동3가,7-235,7,235,신흥아이파크,114.94,202110,5,"44,500",4,2002,인항로 30,,-,-
인천광역시 중구 신흥동3가,7-235,7,235,신흥아이파크,59.904,202110,7,"28,700",7,2002,인항로 30,,-,-
인천광역시 중구 신흥동3가,7-235,7,235,신흥아이파크,84.966,202110,15,"25,200",17,2002,인항로 30,,-,-
인천광역시 중구 신흥동3가,7-235,7,235,신흥아이파크,59.904,202110,17,"28,200",20,2002,인항로 30,,-,-
인천광역시 중구 신흥동3가,7-235,7,235,신흥아이파크,59.904,202110,18,"28,000",18,2002,인항로 30,,-,-
인천광역시 중구 신흥동3가,7-235,7,235,신흥아이파크,114.94,202110,21,"44,300",14,2002,인항로 30,,-,-
인천광역시 중구 신흥동3가,7-235,7,235,신흥아이파크,59.904,202110,27,"28,000",16,2002,인항로 30,,-,-
인천광역시 중구 신흥동3가,Apr-53,53,4,항운,45.287,202110,5,"26,600",4,1982,서해대로 220,,-,-
인천광역시 중구 신흥동3가,Apr-53,53,4,항운,45.287,202110,5,"26,600",4,1982,서해대로 220,20211026,-,-
인천광역시 중구 운남동,1680-2,1680,2,e편한세상영종하늘도시,84.3203,202110,28,"58,500",14,2018,숲쟁이로 12,,-,-
인천광역시 중구 운남동,1779,1779,0,영종센트럴푸르지오자이,64.643,202110,4,"50,000",16,2019,은하수로 412,,-,-
인천광역시 중구 운남동,1779,1779,0,영종센트럴푸르지오자이,64.7792,202110,6,"41,000",1,2019,은하수로 412,,-,-
인천광역시 중구 운남동,1779,1779,0,영종센트럴푸르지오자이,64.643,202110,8,"50,000",5,2019,은하수로 412,,-,-
인천광역시 중구 운남동,1779,1779,0,영종센트럴푸르지오자이,64.643,202110,8,"50,000",13,2019,은하수로 412,,-,-
인천광역시 중구 운남동,1779,1779,0,영종센트럴푸르지오자이,64.643,202110,16,"50,000",18,2019,은하수로 412,20211019,-,-
인천광역시 중구 운남동,1779,1779,0,영종센트럴푸르지오자이,64.643,202110,16,"50,000",18,2019,은하수로 412,,-,-
인천광역시 중구 운남동,1779,1779,0,영종센트럴푸르지오자이,84.7955,202110,21,"59,500",6,2019,은하수로 412,,-,-
인천광역시 중구 운남동,1779,1779,0,영종센트럴푸르지오자이,64.7792,202110,25,"49,500",24,2019,은하수로 412,,-,-
인천광역시 중구 운남동,1550,1550,0,영종자이,101.1636,202110,2,"42,000",15,2009,운남서로 7,,-,-
인천광역시 중구 운남동,1550,1550,0,영종자이,167.8677,202110,2,"70,000",4,2009,운남서로 7,,-,-
인천광역시 중구 운남동,1550,1550,0,영종자이,138.6111,202110,5,"54,500",10,2009,운남서로 7,,-,-
인천광역시 중구 운남동,1550,1550,0,영종자이,84.698,202110,7,"38,900",8,2009,운남서로 7,,-,-
인천광역시 중구 운남동,1550,1550,0,영종자이,84.698,202110,11,"37,000",2,2009,운남서로 7,,-,-
인천광역시 중구 운남동,1550,1550,0,영종자이,101.1636,202110,14,"50,000",16,2009,운남서로 7,,-,-
인천광역시 중구 운남동,1550,1550,0,영종자이,84.698,202110,25,"36,000",10,2009,운남서로 7,,-,-
인천광역시 중구 운서동,Jan-87,2787,1,금호베스트빌1단지,84.244,202110,8,"36,000",1,2002,신도시남로 15,,-,-
인천광역시 중구 운서동,Jan-87,2787,1,금호베스트빌1단지,84.244,202110,23,"46,500",9,2002,신도시남로 15,,-,-
인천광역시 중구 운서동,Feb-88,2788,2,영종2차금호베스트빌,84.9701,202110,5,"47,800",9,2003,흰바위로 14,,-,-
인천광역시 중구 운서동,Feb-88,2788,2,영종2차금호베스트빌,84.9701,202110,7,"43,000",4,2003,흰바위로 14,,-,-
인천광역시 중구 운서동,Feb-88,2788,2,영종2차금호베스트빌,84.9701,202110,7,"44,000",10,2003,흰바위로 14,,-,-
인천광역시 중구 운서동,Feb-88,2788,2,영종2차금호베스트빌,84.9701,202110,14,"34,000",1,2003,흰바위로 14,,-,-
인천광역시 중구 운서동,2923,2923,0,영종어울림1차,126.28,202110,8,"44,000",9,2009,운서4로 18,,-,-
인천광역시 중구 운서동,2923,2923,0,영종어울림1차,84.97,202110,16,"38,500",1,2009,운서4로 18,,-,-
인천광역시 중구 운서동,2924,2924,0,영종어울림2차,148.187,202110,13,"40,000",2,2009,영종대로327번길 12,,-,-
인천광역시 중구 운서동,Jun-88,2788,6,영종주공스카이빌10단지,51.49,202110,5,"25,000",5,2001,흰바위로 34,,-,-
인천광역시 중구 운서동,Jun-88,2788,6,영종주공스카이빌10단지,59.64,202110,7,"29,000",7,2001,흰바위로 34,,-,-
인천광역시 중구 운서동,Jun-88,2788,6,영종주공스카이빌10단지,59.64,202110,11,"32,000",3,2001,흰바위로 34,,-,-
인천광역시 중구 운서동,Jun-88,2788,6,영종주공스카이빌10단지,51.49,202110,15,"30,000",6,2001,흰바위로 34,,-,-
인천광역시 중구 운서동,Mar-09,2709,3,주공스카이빌7단지,59.64,202110,14,"27,000",3,2002,신도시북로 18,,-,-
인천광역시 중구 운서동,Jan-48,2748,1,풍림아이원2단지1차,59.9919,202110,7,"22,000",1,2002,영종대로27번길 40,,-,-
인천광역시 중구 운서동,Jan-48,2748,1,풍림아이원2단지1차,59.9919,202110,13,"21,000",4,2002,영종대로27번길 40,,-,-
인천광역시 중구 운서동,Jan-48,2748,1,풍림아이원2단지1차,59.9919,202110,16,"20,300",5,2002,영종대로27번길 40,,-,-
인천광역시 중구 운서동,Jan-48,2748,1,풍림아이원2단지1차,59.9919,202110,20,"25,000",2,2002,영종대로27번길 40,,-,-
인천광역시 중구 운서동,Jan-48,2748,1,풍림아이원2단지1차,59.9919,202110,20,"21,000",5,2002,영종대로27번길 40,,-,-
인천광역시 중구 운서동,Jan-44,2744,1,풍림아이원2단지2차,84.704,202110,2,"25,500",4,2002,신도시북로43번길 12,,-,-
인천광역시 중구 운서동,Jan-44,2744,1,풍림아이원2단지2차,84.704,202110,23,"27,000",4,2002,신도시북로43번길 12,,-,-
인천광역시 중구 운서동,Feb-44,2744,2,풍림아이원3단지,84.704,202110,19,"26,000",3,2002,신도시북로43번길 86,,-,-
인천광역시 중구 운서동,Jan-43,2743,1,풍림아이원5단지,59.96,202110,9,"21,700",5,2002,신도시북로43번길 83,,-,-
인천광역시 중구 운서동,Jan-08,2708,1,풍림아이원6-1단지,59.9928,202110,3,"26,000",6,2003,신도시북로 44,,-,-
인천광역시 중구 운서동,Jan-08,2708,1,풍림아이원6-1단지,59.9928,202110,13,"25,000",8,2003,신도시북로 44,,-,-
인천광역시 중구 운서동,Jan-08,2708,1,풍림아이원6-1단지,59.9928,202110,20,"23,000",1,2003,신도시북로 44,,-,-
인천광역시 중구 운서동,Aug-08,2708,8,풍림아이원6-2단지,59.9919,202110,1,"25,000",2,2002,신도시북로 68,,-,-
인천광역시 중구 운서동,Aug-08,2708,8,풍림아이원6-2단지,59.9919,202110,4,"22,000",1,2002,신도시북로 68,,-,-
인천광역시 중구 운서동,Aug-08,2708,8,풍림아이원6-2단지,59.9919,202110,5,"21,000",5,2002,신도시북로 68,,-,-
인천광역시 중구 운서동,Aug-08,2708,8,풍림아이원6-2단지,59.9919,202110,7,"19,000",4,2002,신도시북로 68,,-,-
인천광역시 중구 운서동,Aug-08,2708,8,풍림아이원6-2단지,59.9919,202110,11,"23,500",2,2002,신도시북로 68,,-,-
인천광역시 중구 운서동,Aug-08,2708,8,풍림아이원6-2단지,59.9919,202110,13,"18,500",5,2002,신도시북로 68,,-,-
인천광역시 중구 운서동,Aug-08,2708,8,풍림아이원6-2단지,59.9919,202110,30,"22,500",3,2002,신도시북로 68,,-,-
인천광역시 중구 인현동,03월 02일,3,2,뉴코아,60,202110,1,"12,900",8,1992,홍예문로 90,,-,-
인천광역시 중구 인현동,03월 02일,3,2,뉴코아,60,202110,1,"12,900",8,1992,홍예문로 90,,-,-
인천광역시 중구 인현동,03월 02일,3,2,뉴코아,60,202110,1,"12,500",9,1992,홍예문로 90,,-,-
인천광역시 중구 인현동,03월 02일,3,2,뉴코아,60,202110,2,"12,900",7,1992,홍예문로 90,,-,-
인천광역시 중구 인현동,03월 02일,3,2,뉴코아,60,202110,6,"12,700",5,1992,홍예문로 90,,-,-
인천광역시 중구 인현동,03월 02일,3,2,뉴코아,60,202110,7,"13,500",9,1992,홍예문로 90,,-,-
인천광역시 중구 인현동,03월 02일,3,2,뉴코아,60,202110,8,"12,800",5,1992,홍예문로 90,,-,-
인천광역시 중구 인현동,03월 02일,3,2,뉴코아,60,202110,9,"12,750",5,1992,홍예문로 90,,-,-
인천광역시 중구 인현동,03월 02일,3,2,뉴코아,60,202110,9,"12,750",5,1992,홍예문로 90,,-,-
인천광역시 중구 인현동,03월 02일,3,2,뉴코아,60,202110,13,"13,900",7,1992,홍예문로 90,,-,-
인천광역시 중구 인현동,03월 02일,3,2,뉴코아,60,202110,18,"13,800",9,1992,홍예문로 90,,-,-
인천광역시 중구 인현동,03월 02일,3,2,뉴코아,60,202110,18,"13,300",8,1992,홍예문로 90,,-,-
인천광역시 중구 인현동,03월 02일,3,2,뉴코아,60,202110,18,"12,900",6,1992,홍예문로 90,,-,-
인천광역시 중구 인현동,03월 02일,3,2,뉴코아,60,202110,19,"12,900",5,1992,홍예문로 90,,-,-
인천광역시 중구 중산동,1887-4,1887,4,e편한세상영종국제도시오션하임,84.9684,202110,2,"64,000",8,2018,두미포로 112,,-,-
인천광역시 중구 중산동,1887-4,1887,4,e편한세상영종국제도시오션하임,84.9684,202110,2,"60,000",13,2018,두미포로 112,,-,-
인천광역시 중구 중산동,1887-4,1887,4,e편한세상영종국제도시오션하임,74.983,202110,4,"58,000",19,2018,두미포로 112,,-,-
인천광역시 중구 중산동,1887-4,1887,4,e편한세상영종국제도시오션하임,74.983,202110,9,"58,000",20,2018,두미포로 112,,-,-
인천광역시 중구 중산동,1887-4,1887,4,e편한세상영종국제도시오션하임,84.9684,202110,18,"63,000",12,2018,두미포로 112,,-,-
인천광역시 중구 중산동,1887-4,1887,4,e편한세상영종국제도시오션하임,74.983,202110,20,"50,800",2,2018,두미포로 112,,-,-
인천광역시 중구 중산동,1887-4,1887,4,e편한세상영종국제도시오션하임,84.9777,202110,23,"62,800",22,2018,두미포로 112,,-,-
인천광역시 중구 중산동,1881-2,1881,2,스카이시티자이,91.4513,202110,1,"64,000",4,2018,하늘별빛로 111,20211104,-,-
인천광역시 중구 중산동,1881-2,1881,2,스카이시티자이,91.8393,202110,2,"62,400",4,2018,하늘별빛로 111,,-,-
인천광역시 중구 중산동,Feb-11,1911,2,영종국제도시한신더휴스카이파크,59.9824,202110,1,"40,700",8,2019,은하수로 229,,-,-
인천광역시 중구 중산동,Feb-11,1911,2,영종국제도시한신더휴스카이파크,59.9026,202110,7,"36,500",5,2019,은하수로 229,,-,-
인천광역시 중구 중산동,Feb-11,1911,2,영종국제도시한신더휴스카이파크,59.9384,202110,8,"45,000",25,2019,은하수로 229,,-,-
인천광역시 중구 중산동,Feb-11,1911,2,영종국제도시한신더휴스카이파크,59.9824,202110,9,"42,000",7,2019,은하수로 229,,-,-
인천광역시 중구 중산동,Feb-11,1911,2,영종국제도시한신더휴스카이파크,59.9384,202110,9,"35,500",5,2019,은하수로 229,,-,-
인천광역시 중구 중산동,Feb-11,1911,2,영종국제도시한신더휴스카이파크,59.9824,202110,13,"39,000",27,2019,은하수로 229,,-,-
인천광역시 중구 중산동,1889-2,1889,2,영종국제도시화성파크드림,73.752,202110,2,"55,000",24,2019,하늘별빛로 112,,-,-
인천광역시 중구 중산동,1889-2,1889,2,영종국제도시화성파크드림,84.9421,202110,11,"60,000",2,2019,하늘별빛로 112,,-,-
인천광역시 중구 중산동,1889-2,1889,2,영종국제도시화성파크드림,84.7363,202110,18,"64,000",29,2019,하늘별빛로 112,,-,-
인천광역시 중구 중산동,1872-1,1872,1,영종신명스카이뷰주얼리,56.586,202110,2,"29,900",8,2013,하늘달빛로 95,,-,-
인천광역시 중구 중산동,1872-1,1872,1,영종신명스카이뷰주얼리,56.713,202110,11,"33,000",4,2013,하늘달빛로 95,,-,-
인천광역시 중구 중산동,1872-1,1872,1,영종신명스카이뷰주얼리,57.293,202110,14,"36,300",24,2013,하늘달빛로 95,,-,-
인천광역시 중구 중산동,1872-1,1872,1,영종신명스카이뷰주얼리,57.016,202110,16,"29,000",2,2013,하늘달빛로 95,,-,-
인천광역시 중구 중산동,1872-1,1872,1,영종신명스카이뷰주얼리,56.619,202110,18,"34,700",27,2013,하늘달빛로 95,,-,-
인천광역시 중구 중산동,1872-1,1872,1,영종신명스카이뷰주얼리,56.619,202110,18,"35,000",18,2013,하늘달빛로 95,,-,-
인천광역시 중구 중산동,1872-1,1872,1,영종신명스카이뷰주얼리,57.016,202110,18,"35,900",24,2013,하늘달빛로 95,,-,-
인천광역시 중구 중산동,1872-1,1872,1,영종신명스카이뷰주얼리,56.713,202110,19,"30,000",25,2013,하늘달빛로 95,,-,-
인천광역시 중구 중산동,1872-1,1872,1,영종신명스카이뷰주얼리,56.619,202110,26,"35,500",35,2013,하늘달빛로 95,,-,-
인천광역시 중구 중산동,1872-1,1872,1,영종신명스카이뷰주얼리,56.619,202110,28,"33,000",29,2013,하늘달빛로 95,,-,-
인천광역시 중구 중산동,1872-1,1872,1,영종신명스카이뷰주얼리,56.619,202110,31,"32,000",2,2013,하늘달빛로 95,,-,-
인천광역시 중구 중산동,1879-1,1879,1,영종하늘도시KCC스위첸,84.738,202110,9,"62,500",15,2019,은하수로 380,,-,-
인천광역시 중구 중산동,1879-1,1879,1,영종하늘도시KCC스위첸,73.357,202110,23,"54,700",3,2019,은하수로 380,,-,-
인천광역시 중구 중산동,1887-2,1887,2,영종힐스테이트,83.294,202110,9,"56,800",23,2012,하늘별빛로 66,,-,-
인천광역시 중구 중산동,1887-2,1887,2,영종힐스테이트,83.372,202110,9,"54,000",4,2012,하늘별빛로 66,,-,-
인천광역시 중구 중산동,1887-2,1887,2,영종힐스테이트,83.372,202110,16,"55,000",16,2012,하늘별빛로 66,,-,-
인천광역시 중구 중산동,1887-2,1887,2,영종힐스테이트,83.372,202110,23,"55,000",2,2012,하늘별빛로 66,,-,-
인천광역시 중구 중산동,1887-2,1887,2,영종힐스테이트,83.247,202110,25,"46,000",22,2012,하늘별빛로 66,,-,-
인천광역시 중구 중산동,1887-2,1887,2,영종힐스테이트,83.011,202110,26,"58,700",18,2012,하늘별빛로 66,,-,-
인천광역시 중구 중산동,1887-2,1887,2,영종힐스테이트,83.011,202110,29,"51,000",12,2012,하늘별빛로 66,,-,-
인천광역시 중구 중산동,1872-2,1872,2,인천영종동보노빌리티,84.873,202110,2,"44,900",3,2012,하늘달빛로 65,,-,-
인천광역시 중구 중산동,1878-1,1878,1,인천영종한양수자인,59.2156,202110,1,"33,000",12,2012,은하수로 377,,-,-
인천광역시 중구 중산동,1878-1,1878,1,인천영종한양수자인,59.2156,202110,1,"32,800",2,2012,은하수로 377,,-,-
인천광역시 중구 중산동,1878-1,1878,1,인천영종한양수자인,59.2156,202110,1,"32,800",2,2012,은하수로 377,,-,-
인천광역시 중구 중산동,1878-1,1878,1,인천영종한양수자인,59.1006,202110,2,"29,000",31,2012,은하수로 377,,-,-
인천광역시 중구 중산동,1878-1,1878,1,인천영종한양수자인,59.1006,202110,9,"35,000",4,2012,은하수로 377,,-,-
인천광역시 중구 중산동,1878-1,1878,1,인천영종한양수자인,59.2185,202110,11,"38,500",31,2012,은하수로 377,,-,-
인천광역시 중구 중산동,1878-1,1878,1,인천영종한양수자인,59.7782,202110,11,"40,000",30,2012,은하수로 377,,-,-
인천광역시 중구 중산동,1878-1,1878,1,인천영종한양수자인,59.9594,202110,16,"38,000",10,2012,은하수로 377,,-,-
인천광역시 중구 중산동,1878-1,1878,1,인천영종한양수자인,59.2185,202110,16,"39,000",21,2012,은하수로 377,,-,-
인천광역시 중구 중산동,1878-1,1878,1,인천영종한양수자인,59.9594,202110,18,"41,700",19,2012,은하수로 377,,-,-
인천광역시 중구 중산동,1878-1,1878,1,인천영종한양수자인,59.2156,202110,19,"38,000",20,2012,은하수로 377,,-,-
인천광역시 중구 중산동,1878-1,1878,1,인천영종한양수자인,59.2156,202110,20,"37,000",8,2012,은하수로 377,,-,-
인천광역시 중구 중산동,1878-1,1878,1,인천영종한양수자인,59.2185,202110,23,"39,500",14,2012,은하수로 377,,-,-
인천광역시 중구 중산동,1878-1,1878,1,인천영종한양수자인,59.2185,202110,24,"39,800",29,2012,은하수로 377,,-,-
인천광역시 중구 중산동,1878-1,1878,1,인천영종한양수자인,59.1347,202110,26,"34,000",27,2012,은하수로 377,,-,-
인천광역시 중구 중산동,1878-1,1878,1,인천영종한양수자인,59.2156,202110,30,"41,200",28,2012,은하수로 377,,-,-
인천광역시 중구 중산동,1881-1,1881,1,하늘도시우미린1단지,59.9,202110,2,"34,000",8,2012,은하수로 351,,-,-
인천광역시 중구 중산동,1881-1,1881,1,하늘도시우미린1단지,59.96,202110,3,"40,000",23,2012,은하수로 351,,-,-
인천광역시 중구 중산동,1881-1,1881,1,하늘도시우미린1단지,59.96,202110,4,"40,000",22,2012,은하수로 351,,-,-
인천광역시 중구 중산동,1881-1,1881,1,하늘도시우미린1단지,59.94,202110,7,"38,900",11,2012,은하수로 351,,-,-
인천광역시 중구 중산동,1881-1,1881,1,하늘도시우미린1단지,59.94,202110,11,"38,000",15,2012,은하수로 351,,-,-
인천광역시 중구 중산동,1881-1,1881,1,하늘도시우미린1단지,59.94,202110,11,"38,000",15,2012,은하수로 351,,-,-
인천광역시 중구 중산동,1881-1,1881,1,하늘도시우미린1단지,59.94,202110,14,"40,000",22,2012,은하수로 351,20211025,-,-
인천광역시 중구 중산동,1881-1,1881,1,하늘도시우미린1단지,59.94,202110,14,"40,000",22,2012,은하수로 351,,-,-
인천광역시 중구 중산동,1881-1,1881,1,하늘도시우미린1단지,59.96,202110,16,"40,000",24,2012,은하수로 351,,-,-
인천광역시 중구 중산동,1871-3,1871,3,하늘도시우미린2단지,84.7834,202110,7,"47,000",10,2012,하늘달빛로 113,,-,-
인천광역시 중구 중산동,1871-3,1871,3,하늘도시우미린2단지,84.7989,202110,7,"50,000",28,2012,하늘달빛로 113,,-,-
인천광역시 중구 중산동,1871-3,1871,3,하늘도시우미린2단지,84.7989,202110,7,"48,000",6,2012,하늘달빛로 113,,-,-
인천광역시 중구 중산동,1871-3,1871,3,하늘도시우미린2단지,84.6182,202110,9,"51,000",14,2012,하늘달빛로 113,,-,-
인천광역시 중구 중산동,1871-3,1871,3,하늘도시우미린2단지,84.9907,202110,16,"46,000",3,2012,하늘달빛로 113,,-,-
인천광역시 중구 중산동,1871-3,1871,3,하늘도시우미린2단지,84.7834,202110,19,"46,500",3,2012,하늘달빛로 113,,-,-
인천광역시 중구 중산동,1871-3,1871,3,하늘도시우미린2단지,84.7989,202110,20,"54,500",32,2012,하늘달빛로 113,,-,-
인천광역시 중구 중산동,1871-3,1871,3,하늘도시우미린2단지,84.6182,202110,28,"54,800",30,2012,하늘달빛로 113,,-,-
인천광역시 중구 중산동,1887-1,1887,1,하늘도시한라비발디,115.2344,202110,4,"75,000",25,2012,하늘별빛로 86,,-,-
인천광역시 중구 중산동,1887-1,1887,1,하늘도시한라비발디,101.7629,202110,7,"58,000",5,2012,하늘별빛로 86,,-,-
인천광역시 중구 중산동,1887-1,1887,1,하늘도시한라비발디,185.9922,202110,7,"120,000",33,2012,하늘별빛로 86,,-,-
인천광역시 중구 중산동,1887-1,1887,1,하늘도시한라비발디,101.7629,202110,8,"66,500",25,2012,하늘별빛로 86,,-,-
인천광역시 중구 항동7가,27-107,27,107,라이프비취1차,88.07,202110,6,"17,200",2,1980,축항대로86번길 47,,-,-
인천광역시 중구 항동7가,27-107,27,107,라이프비취2차,71.17,202110,1,"19,500",6,1981,축항대로86번길 47,,-,-
인천광역시 중구 항동7가,27-107,27,107,라이프비취2차,40,202110,2,"10,000",1,1981,축항대로86번길 47,,-,-
인천광역시 중구 항동7가,27-107,27,107,라이프비취2차,54.71,202110,8,"8,500",6,1981,축항대로86번길 47,,-,-
인천광역시 중구 항동7가,27-107,27,107,라이프비취2차,40,202110,8,"13,500",2,1981,축항대로86번길 47,,-,-
인천광역시 중구 항동7가,27-107,27,107,라이프비취2차,40,202110,8,"7,800",1,1981,축항대로86번길 47,,-,-
인천광역시 중구 항동7가,27-107,27,107,라이프비취2차,54.71,202110,9,"12,000",13,1981,축항대로86번길 47,,-,-
인천광역시 중구 항동7가,27-107,27,107,라이프비취2차,40,202110,9,"9,750",5,1981,축항대로86번길 47,,-,-
인천광역시 중구 항동7가,27-107,27,107,라이프비취2차,54.71,202110,12,"12,000",3,1981,축항대로86번길 47,,-,-
인천광역시 중구 항동7가,27-107,27,107,라이프비취2차,54.71,202110,19,"7,000",7,1981,축항대로86번길 47,,-,-
인천광역시 중구 항동7가,27-107,27,107,라이프비취3차,84.85,202110,14,"25,000",1,1990,축항대로86번길 47,,-,-
인천광역시 중구 항동7가,27-107,27,107,라이프비취3차,125.68,202110,18,"32,800",3,1990,축항대로86번길 47,,-,-
인천광역시 중구 항동7가,Feb-91,91,2,연안아파트,53.66,202110,2,"30,000",2,1983,축항대로 234,,-,-
인천광역시 중구 항동7가,Feb-91,91,2,연안아파트,53.66,202110,25,"30,000",5,1983,축항대로 234,,-,-
전라남도 강진군 강진읍 서성리,234,234,0,CNS후레쉬빌3차,59.988,202110,5,"16,200",9,2005,서문길 29-9,,-,-
전라남도 강진군 강진읍 평동리,176-2,176,2,대송베스트빌,73.832,202110,5,"13,500",2,2004,영랑로 25-9,,-,-
전라남도 강진군 강진읍 평동리,340,340,0,이에스아뜨리움,59.8211,202110,6,"14,300",6,2013,금릉3길 35,,-,-
전라남도 고흥군 고흥읍 남계리,645-6,645,6,대영원더빌,84.87,202110,20,"14,400",7,2013,봉동주공길 12,,-,-
전라남도 고흥군 고흥읍 남계리,537-1,537,1,드림타운,58.48,202110,20,"17,000",7,2016,흥양길 23,,-,-
전라남도 고흥군 고흥읍 남계리,648-2,648,2,새부강빌A동,116.265,202110,12,"21,500",4,2008,봉동주공길 7,,-,-
전라남도 고흥군 고흥읍 남계리,696-3,696,3,월드맨션2차,92.7,202110,14,"9,500",2,2002,봉동주공길 37-8,,-,-
전라남도 고흥군 고흥읍 남계리,404-1,404,1,청산빌라2,98.07,202110,18,"9,500",4,1991,신계학림길 48,,-,-
전라남도 고흥군 고흥읍 서문리,217-48,217,48,모아스위트빌,91.6,202110,12,"23,700",5,2017,여산당촌길 26-7,,-,-
전라남도 고흥군 도양읍 봉암리,3948,3948,0,고흥경보이-그린,84.87,202110,9,"25,000",15,2013,천마로 163,,-,-
전라남도 고흥군 도양읍 봉암리,3380,3380,0,녹동프라자,59.89,202110,18,"6,500",7,1996,녹동신항8길 45,,-,-
전라남도 고흥군 도양읍 봉암리,3380,3380,0,녹동프라자,43,202110,24,"5,300",2,1996,녹동신항8길 45,,-,-
전라남도 고흥군 도양읍 봉암리,3180,3180,0,대현골드빌,84.56,202110,16,"15,500",5,2007,녹동1길 27-7,,-,-
전라남도 고흥군 도양읍 봉암리,1514,1514,0,주공,39.74,202110,5,"5,300",15,1998,천마로 145-4,,-,-
전라남도 고흥군 도양읍 봉암리,1514,1514,0,주공,49.62,202110,6,"7,400",11,1998,천마로 145-4,,-,-
전라남도 고흥군 도양읍 봉암리,1514,1514,0,주공,39.74,202110,16,"5,300",4,1998,천마로 145-4,,-,-
전라남도 고흥군 도양읍 봉암리,1514,1514,0,주공,39.74,202110,20,"5,830",3,1998,천마로 145-4,,-,-
전라남도 곡성군 곡성읍 읍내리,792-2,792,2,서일1,73.73,202110,5,"7,000",5,1991,읍내2길 6,,-,-
전라남도 광양시 광양읍 구산리,850-1,850,1,e-편한세상,119.353,202110,20,"46,500",15,2008,서북2길 115,,-,-
전라남도 광양시 광양읍 구산리,832-1,832,1,덕진광양의봄,84.9941,202110,8,"27,000",1,2013,서평1길 9,,-,-
전라남도 광양시 광양읍 구산리,832-1,832,1,덕진광양의봄,59.9576,202110,11,"15,700",13,2013,서평1길 9,,-,-
전라남도 광양시 광양읍 구산리,762-2,762,2,매화마을주공,51.49,202110,3,"11,000",3,2002,서평1길 99,,-,-
전라남도 광양시 광양읍 구산리,762-2,762,2,매화마을주공,51.49,202110,5,"11,000",12,2002,서평1길 99,,-,-
전라남도 광양시 광양읍 구산리,762-2,762,2,매화마을주공,51.74,202110,5,"10,500",3,2002,서평1길 99,,-,-
전라남도 광양시 광양읍 구산리,762-2,762,2,매화마을주공,51.49,202110,5,"11,000",5,2002,서평1길 99,,-,-
전라남도 광양시 광양읍 구산리,137-2,137,2,삼익,84.96,202110,4,"11,670",6,1992,우산공원길 64,,-,-
전라남도 광양시 광양읍 구산리,137-2,137,2,삼익,84.96,202110,11,"10,800",3,1992,우산공원길 64,,-,-
전라남도 광양시 광양읍 덕례리,1755-1,1755,1,대림,37.35,202110,4,"4,600",6,1998,대림오성로 11,,-,-
전라남도 광양시 광양읍 덕례리,1755-1,1755,1,대림,37.35,202110,5,"5,100",15,1998,대림오성로 11,,-,-
전라남도 광양시 광양읍 덕례리,1755-1,1755,1,대림,37.35,202110,14,"4,400",1,1998,대림오성로 11,,-,-
전라남도 광양시 광양읍 덕례리,1755-1,1755,1,대림,60,202110,20,"10,400",6,1998,대림오성로 11,,-,-
전라남도 광양시 광양읍 덕례리,1755-1,1755,1,대림,60,202110,23,"8,650",11,1998,대림오성로 11,,-,-
전라남도 광양시 광양읍 덕례리,1755-1,1755,1,대림,37.35,202110,24,"5,000",17,1998,대림오성로 11,,-,-
전라남도 광양시 광양읍 덕례리,1822,1822,0,수시아,73.0771,202110,16,"18,250",9,2012,서산길 43,,-,-
전라남도 광양시 광양읍 덕례리,1822,1822,0,수시아,84.8724,202110,27,"26,300",10,2012,서산길 43,,-,-
전라남도 광양시 광양읍 덕례리,1695-1,1695,1,영신그린빌,84.944,202110,8,"13,500",11,2000,예구1길 8,,-,-
전라남도 광양시 광양읍 덕례리,1725,1725,0,오성맨션,118.22,202110,6,"15,200",5,1992,대림오성로 139,,-,-
전라남도 광양시 광양읍 목성리,1008-1,1008,1,목성주공,46.74,202110,6,"5,200",3,1986,신재로 82,,-,-
전라남도 광양시 광양읍 목성리,1008-1,1008,1,목성주공,46.74,202110,16,"5,350",5,1986,신재로 82,,-,-
전라남도 광양시 광양읍 용강리,907,907,0,광양송보파인빌7차,84.9875,202110,12,"27,000",4,2011,와룡길 33,,-,-
전라남도 광양시 광양읍 용강리,892,892,0,창덕에버빌1단지,84.76,202110,7,"13,500",9,2001,용강1길 11,,-,-
전라남도 광양시 광양읍 용강리,892,892,0,창덕에버빌1단지,84.76,202110,14,"15,000",14,2001,용강1길 11,,-,-
전라남도 광양시 광양읍 용강리,893,893,0,창덕에버빌2단지,84.76,202110,2,"15,500",15,2001,용강1길 12,,-,-
전라남도 광양시 광양읍 용강리,893,893,0,창덕에버빌2단지,84.76,202110,14,"17,400",23,2001,용강1길 12,,-,-
전라남도 광양시 광양읍 용강리,893,893,0,창덕에버빌2단지,84.76,202110,19,"16,000",1,2001,용강1길 12,,-,-
전라남도 광양시 광양읍 인서리,480,480,0,부영,58.95,202110,15,"3,300",5,1987,인서4길 20,,-,-
전라남도 광양시 광양읍 인서리,480,480,0,부영,53.73,202110,15,"3,200",5,1987,인서4길 20,,-,-
전라남도 광양시 광양읍 인서리,480,480,0,부영,53.73,202110,20,"4,450",3,1987,인서4길 20,,-,-
전라남도 광양시 광양읍 칠성리,952,952,0,상아,59.987,202110,8,"12,000",7,1999,서북2길 11,,-,-
전라남도 광양시 광양읍 칠성리,May-89,89,5,주공칠성1,39.72,202110,7,"2,300",5,1987,호북길 25,,-,-
전라남도 광양시 광양읍 칠성리,May-89,89,5,주공칠성1,39.72,202110,20,"4,400",4,1987,호북길 25,,-,-
전라남도 광양시 광양읍 칠성리,May-89,89,5,주공칠성1,46.74,202110,20,"5,000",5,1987,호북길 25,,-,-
전라남도 광양시 광양읍 칠성리,May-89,89,5,주공칠성1,39.72,202110,30,"5,000",3,1987,호북길 25,,-,-
전라남도 광양시 광양읍 칠성리,May-89,89,5,주공칠성2,39.63,202110,14,"3,300",1,1988,호북길 25,,-,-
전라남도 광양시 광양읍 칠성리,May-89,89,5,주공칠성3,39.69,202110,4,"5,000",3,1988,호북길 25,,-,-
전라남도 광양시 광양읍 칠성리,May-89,89,5,주공칠성3,59.12,202110,12,"7,400",5,1988,호북길 25,,-,-
전라남도 광양시 광양읍 칠성리,May-89,89,5,주공칠성3,51.02,202110,19,"5,950",5,1988,호북길 25,,-,-
전라남도 광양시 광영동,755-1,755,1,가야,49.965,202110,6,"2,800",2,1992,가야로 380,,-,-
전라남도 광양시 광영동,755-1,755,1,가야,49.965,202110,22,"3,100",7,1992,가야로 380,,-,-
전라남도 광양시 광영동,846,846,0,브라운스톤가야,155.8785,202110,1,"35,500",7,2010,가야로 345,,-,-
전라남도 광양시 광영동,846,846,0,브라운스톤가야,84.9433,202110,5,"17,450",4,2010,가야로 345,,-,-
전라남도 광양시 광영동,846,846,0,브라운스톤가야,130.023,202110,8,"26,450",11,2010,가야로 345,,-,-
전라남도 광양시 광영동,757-1,757,1,상아,60,202110,13,"4,250",11,1991,금영로 182,,-,-
전라남도 광양시 광영동,757-1,757,1,상아,42.63,202110,17,"2,550",15,1991,금영로 182,,-,-
전라남도 광양시 광영동,757-1,757,1,상아,42.63,202110,21,"2,600",11,1991,금영로 182,,-,-
전라남도 광양시 광영동,757-1,757,1,상아,42.63,202110,21,"2,600",11,1991,금영로 182,20211029,-,-
전라남도 광양시 광영동,757-1,757,1,상아,60,202110,28,"3,800",8,1991,금영로 182,,-,-
전라남도 광양시 광영동,775-1,775,1,주공,46.68,202110,6,"3,000",4,1989,금영로 164,,-,-
전라남도 광양시 광영동,757-2,757,2,현대1,52.35,202110,5,"3,990",1,1988,금영로 170,,-,-
전라남도 광양시 광영동,757-2,757,2,현대1,52.35,202110,19,"3,300",2,1988,금영로 170,,-,-
전라남도 광양시 광영동,757-2,757,2,현대1,53.475,202110,25,"2,850",2,1988,금영로 170,,-,-
전라남도 광양시 금호동,694,694,0,동백(12동13동14동),75.25,202110,13,"6,400",4,1988,동백길 35,,-,-
전라남도 광양시 금호동,713,713,0,동백(3동4동),52.18,202110,22,"4,800",2,1983,금호로 310,,-,-
전라남도 광양시 금호동,624-7,624,7,매화,72.68,202110,8,"6,600",5,1990,희망길 39,,-,-
전라남도 광양시 금호동,624-7,624,7,매화,59.28,202110,21,"6,000",2,1990,희망길 39,,-,-
전라남도 광양시 금호동,624-13,624,13,사랑,81.945,202110,2,"9,800",10,1991,금호로 73,,-,-
전라남도 광양시 금호동,624-13,624,13,사랑,71.64,202110,18,"5,400",9,1991,금호로 73,,-,-
전라남도 광양시 금호동,624-13,624,13,사랑,83.295,202110,20,"10,500",1,1991,금호로 73,,-,-
전라남도 광양시 금호동,724,724,0,장미아파트(1동~8동),52.18,202110,1,"5,200",2,1985,폭포사랑길 94-30,,-,-
전라남도 광양시 금호동,720,720,0,장미아파트(20동~26동),52.19,202110,29,"3,600",1,1986,폭포사랑길 90,,-,-
전라남도 광양시 금호동,725,725,0,장미아파트(9동~19동),52.19,202110,6,"5,400",1,1986,폭포사랑길 96,,-,-
전라남도 광양시 금호동,725,725,0,장미아파트(9동~19동),52.19,202110,13,"4,500",1,1986,폭포사랑길 96,,-,-
전라남도 광양시 금호동,825,825,0,초원,84.93,202110,1,"12,300",1,1993,금호로 130,,-,-
전라남도 광양시 마동,1055,1055,0,광양송보파인빌5차,84.9766,202110,18,"23,000",8,2008,진등길 55-5,,-,-
전라남도 광양시 마동,1031,1031,0,광양송보파인빌6차,84.9766,202110,12,"22,300",14,2008,진등6길 51,,-,-
전라남도 광양시 마동,1031,1031,0,광양송보파인빌6차,82.8183,202110,12,"18,000",12,2008,진등6길 51,,-,-
전라남도 광양시 마동,1161,1161,0,광양중마우림필유,84.981,202110,2,"25,500",8,2012,눈소4길 65,,-,-
전라남도 광양시 마동,1161,1161,0,광양중마우림필유,84.984,202110,3,"26,600",10,2012,눈소4길 65,,-,-
전라남도 광양시 마동,1161,1161,0,광양중마우림필유,84.981,202110,5,"26,000",18,2012,눈소4길 65,,-,-
전라남도 광양시 마동,1161,1161,0,광양중마우림필유,84.984,202110,6,"24,600",12,2012,눈소4길 65,,-,-
전라남도 광양시 마동,1161,1161,0,광양중마우림필유,84.981,202110,13,"22,500",3,2012,눈소4길 65,,-,-
전라남도 광양시 마동,1019,1019,0,금광블루빌,59.93,202110,2,"11,000",7,2002,진등6길 11,,-,-
전라남도 광양시 마동,1019,1019,0,금광블루빌,59.93,202110,6,"11,000",12,2002,진등6길 11,20211013,-,-
전라남도 광양시 마동,1019,1019,0,금광블루빌,74.86,202110,26,"13,000",9,2002,진등6길 11,,-,-
전라남도 광양시 마동,1046,1046,0,송보파인빌뷰1단지,84.6521,202110,27,"18,300",8,2005,진등길 64,,-,-
전라남도 광양시 마동,1105,1105,0,중마노르웨이숲,84.995,202110,4,"25,700",2,2014,자작길 23,,-,-
전라남도 광양시 마동,1105,1105,0,중마노르웨이숲,84.9211,202110,17,"29,200",13,2014,자작길 23,,-,-
전라남도 광양시 마동,1105,1105,0,중마노르웨이숲,84.9211,202110,20,"25,700",1,2014,자작길 23,,-,-
전라남도 광양시 옥곡면 장동리,552-2,552,2,KT사원,55.17,202110,29,"2,000",4,1989,장동길 55-4,,-,-
전라남도 광양시 중동,1912,1912,0,광양중마2차진아리채,84.7183,202110,18,"27,000",16,2017,중마1길 21,,-,-
전라남도 광양시 중동,1912,1912,0,광양중마2차진아리채,84.9932,202110,23,"29,000",15,2017,중마1길 21,,-,-
전라남도 광양시 중동,1663,1663,0,금광,59.995,202110,2,"11,500",9,1998,공영로 10,,-,-
전라남도 광양시 중동,1663,1663,0,금광,59.995,202110,2,"10,800",10,1998,공영로 10,,-,-
전라남도 광양시 중동,1663,1663,0,금광,59.995,202110,8,"9,150",11,1998,공영로 10,,-,-
전라남도 광양시 중동,1663,1663,0,금광,59.995,202110,9,"9,500",16,1998,공영로 10,,-,-
전라남도 광양시 중동,1663,1663,0,금광,59.995,202110,9,"9,300",14,1998,공영로 10,,-,-
전라남도 광양시 중동,1663,1663,0,금광,59.995,202110,11,"10,900",18,1998,공영로 10,,-,-
전라남도 광양시 중동,1663,1663,0,금광,59.995,202110,12,"10,900",6,1998,공영로 10,,-,-
전라남도 광양시 중동,1663,1663,0,금광,59.995,202110,17,"10,800",21,1998,공영로 10,,-,-
전라남도 광양시 중동,1663,1663,0,금광,59.995,202110,19,"11,500",18,1998,공영로 10,,-,-
전라남도 광양시 중동,1663,1663,0,금광,59.995,202110,23,"9,900",6,1998,공영로 10,,-,-
전라남도 광양시 중동,1663,1663,0,금광,59.995,202110,25,"10,700",20,1998,공영로 10,,-,-
전라남도 광양시 중동,1597,1597,0,대광로제비앙,84.986,202110,6,"21,700",2,2005,진등길 40,,-,-
전라남도 광양시 중동,1597,1597,0,대광로제비앙,84.986,202110,12,"22,750",14,2005,진등길 40,,-,-
전라남도 광양시 중동,1597,1597,0,대광로제비앙,84.986,202110,18,"20,500",2,2005,진등길 40,,-,-
전라남도 광양시 중동,1592,1592,0,대광로제비앙2차,74.2375,202110,6,"22,700",23,2013,진등3길 6,,-,-
전라남도 광양시 중동,1592,1592,0,대광로제비앙2차,84.9673,202110,8,"25,700",15,2013,진등3길 6,,-,-
전라남도 광양시 중동,1592,1592,0,대광로제비앙2차,74.2375,202110,11,"20,000",4,2013,진등3길 6,,-,-
전라남도 광양시 중동,1592,1592,0,대광로제비앙2차,74.2375,202110,13,"22,500",21,2013,진등3길 6,,-,-
전라남도 광양시 중동,1418,1418,0,무등파크,84.97,202110,5,"13,500",12,1994,중마로 230,,-,-
전라남도 광양시 중동,1418,1418,0,무등파크,84.96,202110,16,"13,700",13,1994,중마로 230,,-,-
전라남도 광양시 중동,1686,1686,0,성호1차,59.94,202110,8,"7,200",10,1998,광장로 112-20,,-,-
전라남도 광양시 중동,1686,1686,0,성호1차,49.95,202110,18,"5,300",17,1998,광장로 112-20,,-,-
전라남도 광양시 중동,1686,1686,0,성호1차,59.94,202110,18,"5,000",11,1998,광장로 112-20,,-,-
전라남도 광양시 중동,1686,1686,0,성호1차,49.95,202110,25,"5,300",8,1998,광장로 112-20,,-,-
전라남도 광양시 중동,1686,1686,0,성호1차,49.95,202110,26,"5,000",18,1998,광장로 112-20,,-,-
전라남도 광양시 중동,1686,1686,0,성호1차,59.94,202110,26,"7,000",11,1998,광장로 112-20,,-,-
전라남도 광양시 중동,1686,1686,0,성호1차,49.95,202110,27,"6,800",16,1998,광장로 112-20,,-,-
전라남도 광양시 중동,1665,1665,0,성호2차(201~205동),59.79,202110,7,"7,000",6,2003,광장로 70,,-,-
전라남도 광양시 중동,1665,1665,0,성호2차(201~205동),59.79,202110,8,"6,600",6,2003,광장로 70,,-,-
전라남도 광양시 중동,1665,1665,0,성호2차(201~205동),59.79,202110,9,"5,800",1,2003,광장로 70,,-,-
전라남도 광양시 중동,1665,1665,0,성호2차(201~205동),59.79,202110,11,"7,100",21,2003,광장로 70,,-,-
전라남도 광양시 중동,1665,1665,0,성호2차(201~205동),59.79,202110,11,"6,700",15,2003,광장로 70,,-,-
전라남도 광양시 중동,1665,1665,0,성호2차(201~205동),39.86,202110,12,"7,150",3,2003,광장로 70,,-,-
전라남도 광양시 중동,1665,1665,0,성호2차(201~205동),59.79,202110,21,"8,900",23,2003,광장로 70,,-,-
전라남도 광양시 중동,1665,1665,0,성호2차(201~205동),59.79,202110,22,"8,550",8,2003,광장로 70,,-,-
전라남도 광양시 중동,1665,1665,0,성호2차(201~205동),59.79,202110,22,"7,950",6,2003,광장로 70,,-,-
전라남도 광양시 중동,1665,1665,0,성호2차(201~205동),59.79,202110,22,"7,900",2,2003,광장로 70,,-,-
전라남도 광양시 중동,1665,1665,0,성호2차(201~205동),59.79,202110,27,"7,500",19,2003,광장로 70,,-,-
전라남도 광양시 중동,1665,1665,0,성호2차(201~205동),39.86,202110,27,"5,600",19,2003,광장로 70,,-,-
전라남도 광양시 중동,1665,1665,0,성호2차(201~205동),59.79,202110,28,"8,300",4,2003,광장로 70,,-,-
전라남도 광양시 중동,1665,1665,0,성호2차(201~205동),59.79,202110,28,"8,000",19,2003,광장로 70,,-,-
전라남도 광양시 중동,1665,1665,0,성호2차(206~215동),59.79,202110,2,"6,800",6,2006,광장로 70,,-,-
전라남도 광양시 중동,1665,1665,0,성호2차(206~215동),59.79,202110,3,"8,700",18,2006,광장로 70,,-,-
전라남도 광양시 중동,1665,1665,0,성호2차(206~215동),59.79,202110,5,"9,100",12,2006,광장로 70,,-,-
전라남도 광양시 중동,1665,1665,0,성호2차(206~215동),59.79,202110,6,"7,450",21,2006,광장로 70,,-,-
전라남도 광양시 중동,1665,1665,0,성호2차(206~215동),59.79,202110,8,"6,500",5,2006,광장로 70,,-,-
전라남도 광양시 중동,1665,1665,0,성호2차(206~215동),59.79,202110,8,"6,700",9,2006,광장로 70,,-,-
전라남도 광양시 중동,1665,1665,0,성호2차(206~215동),59.79,202110,8,"6,850",21,2006,광장로 70,,-,-
전라남도 광양시 중동,1665,1665,0,성호2차(206~215동),59.79,202110,11,"7,100",5,2006,광장로 70,,-,-
전라남도 광양시 중동,1665,1665,0,성호2차(206~215동),59.79,202110,13,"7,550",17,2006,광장로 70,,-,-
전라남도 광양시 중동,1665,1665,0,성호2차(206~215동),59.79,202110,13,"6,500",3,2006,광장로 70,,-,-
전라남도 광양시 중동,1665,1665,0,성호2차(206~215동),59.79,202110,15,"7,600",4,2006,광장로 70,,-,-
전라남도 광양시 중동,1665,1665,0,성호2차(206~215동),59.79,202110,16,"6,500",17,2006,광장로 70,,-,-
전라남도 광양시 중동,1665,1665,0,성호2차(206~215동),59.79,202110,17,"7,600",18,2006,광장로 70,,-,-
전라남도 광양시 중동,1665,1665,0,성호2차(206~215동),59.79,202110,18,"6,800",11,2006,광장로 70,,-,-
전라남도 광양시 중동,1665,1665,0,성호2차(206~215동),59.79,202110,18,"7,400",7,2006,광장로 70,,-,-
전라남도 광양시 중동,1665,1665,0,성호2차(206~215동),59.79,202110,18,"6,800",2,2006,광장로 70,,-,-
전라남도 광양시 중동,1665,1665,0,성호2차(206~215동),59.79,202110,20,"8,000",23,2006,광장로 70,,-,-
전라남도 광양시 중동,1665,1665,0,성호2차(206~215동),59.79,202110,22,"8,650",13,2006,광장로 70,,-,-
전라남도 광양시 중동,1665,1665,0,성호2차(206~215동),59.79,202110,22,"7,700",13,2006,광장로 70,,-,-
전라남도 광양시 중동,1665,1665,0,성호2차(206~215동),59.79,202110,25,"7,800",14,2006,광장로 70,,-,-
전라남도 광양시 중동,1665,1665,0,성호2차(206~215동),59.79,202110,25,"7,000",23,2006,광장로 70,,-,-
전라남도 광양시 중동,1665,1665,0,성호2차(206~215동),59.79,202110,26,"6,500",6,2006,광장로 70,,-,-
전라남도 광양시 중동,1665,1665,0,성호2차(206~215동),59.79,202110,27,"8,500",20,2006,광장로 70,,-,-
전라남도 광양시 중동,1665,1665,0,성호2차(206~215동),59.79,202110,27,"8,800",15,2006,광장로 70,,-,-
전라남도 광양시 중동,1665,1665,0,성호2차(206~215동),59.79,202110,27,"6,500",6,2006,광장로 70,,-,-
전라남도 광양시 중동,1691,1691,0,성호3차,84.96,202110,8,"14,600",12,1999,광장로 84,,-,-
전라남도 광양시 중동,1691,1691,0,성호3차,84.96,202110,14,"14,500",10,1999,광장로 84,,-,-
전라남도 광양시 중동,1309-1,1309,1,이편한세상광양,84.973,202110,5,"29,800",16,2016,시청로 62,,-,-
전라남도 광양시 중동,1309-1,1309,1,이편한세상광양,84.943,202110,9,"31,750",14,2016,시청로 62,,-,-
전라남도 광양시 중동,1309-1,1309,1,이편한세상광양,84.973,202110,11,"27,500",9,2016,시청로 62,,-,-
전라남도 광양시 중동,1309-1,1309,1,이편한세상광양,84.973,202110,21,"28,900",17,2016,시청로 62,,-,-
전라남도 광양시 중동,1434,1434,0,주공2,41.85,202110,13,"4,400",2,1993,구마9길 11,,-,-
전라남도 광양시 중동,1434,1434,0,주공2,49.77,202110,16,"5,000",3,1993,구마9길 11,,-,-
전라남도 광양시 중동,1434,1434,0,주공2,41.85,202110,20,"4,050",9,1993,구마9길 11,,-,-
전라남도 광양시 중동,1434,1434,0,주공2,41.85,202110,25,"4,200",4,1993,구마9길 11,,-,-
전라남도 광양시 중동,1294,1294,0,중마주공1,39.69,202110,26,"9,000",1,1990,중마청룡길 40,,-,-
전라남도 광양시 중동,1294,1294,0,중마주공1,39.3,202110,27,"9,000",4,1990,중마청룡길 40,,-,-
전라남도 광양시 중동,1294,1294,0,중마주공1,47.01,202110,27,"9,500",1,1990,중마청룡길 40,,-,-
전라남도 광양시 중동,1294,1294,0,중마주공1,39.3,202110,28,"8,800",4,1990,중마청룡길 40,,-,-
전라남도 광양시 중동,1294,1294,0,중마주공1,39.3,202110,28,"4,508",4,1990,중마청룡길 40,,-,-
전라남도 광양시 중동,1681,1681,0,태영,84.95,202110,9,"13,500",2,1996,광장로 112-11,,-,-
전라남도 광양시 중동,1681,1681,0,태영,49.77,202110,11,"6,300",9,1996,광장로 112-11,,-,-
전라남도 광양시 중동,1681,1681,0,태영,49.77,202110,11,"6,300",9,1996,광장로 112-11,20211012,-,-
전라남도 광양시 중동,1681,1681,0,태영,59.96,202110,13,"10,900",13,1996,광장로 112-11,,-,-
전라남도 광양시 중동,1681,1681,0,태영,59.96,202110,18,"9,700",13,1996,광장로 112-11,,-,-
전라남도 광양시 중동,1682,1682,0,태영2차,59.76,202110,6,"11,500",13,1998,광장로 120,,-,-
전라남도 광양시 중동,1682,1682,0,태영2차,59.76,202110,6,"11,000",9,1998,광장로 120,,-,-
전라남도 광양시 중동,1682,1682,0,태영2차,59.76,202110,6,"9,700",4,1998,광장로 120,,-,-
전라남도 광양시 중동,1682,1682,0,태영2차,59.76,202110,7,"10,400",11,1998,광장로 120,,-,-
전라남도 광양시 중동,1682,1682,0,태영2차,59.76,202110,12,"9,900",7,1998,광장로 120,,-,-
전라남도 광양시 중동,1682,1682,0,태영2차,59.76,202110,15,"11,500",4,1998,광장로 120,,-,-
전라남도 광양시 중동,1682,1682,0,태영2차,59.76,202110,18,"10,500",10,1998,광장로 120,,-,-
전라남도 광양시 중동,1682,1682,0,태영2차,59.76,202110,23,"12,500",12,1998,광장로 120,,-,-
전라남도 광양시 중동,1682,1682,0,태영2차,59.76,202110,26,"9,750",4,1998,광장로 120,,-,-
전라남도 광양시 중동,1734,1734,0,태완노블리안,84.9283,202110,9,"20,650",26,2011,마장1길 4,,-,-
전라남도 광양시 중동,1655,1655,0,호반,80.779,202110,6,"19,750",7,2000,공영로 39,,-,-
전라남도 광양시 중동,1655,1655,0,호반,80.779,202110,18,"19,100",10,2000,공영로 39,,-,-
전라남도 광양시 중동,1655,1655,0,호반,80.779,202110,28,"20,000",13,2000,공영로 39,,-,-
전라남도 광양시 태인동,1320-41,1320,41,동광(부영),59.22,202110,27,"1,770",2,1987,태인길 1,,-,-
전라남도 구례군 구례읍 백련리,575,575,0,명지,59.93,202110,13,"12,000",4,1997,동편제길 42,,-,-
전라남도 구례군 구례읍 백련리,575,575,0,명지,84.99,202110,15,"17,500",3,1997,동편제길 42,,-,-
전라남도 구례군 구례읍 백련리,575,575,0,명지,59.93,202110,18,"11,500",4,1997,동편제길 42,,-,-
전라남도 구례군 구례읍 봉동리,176,176,0,드림뷰,84.254,202110,13,"24,000",5,2013,봉동길 45,,-,-
전라남도 구례군 구례읍 봉북리,458-6,458,6,지리산파크맨션,84.35,202110,12,"13,300",12,2000,서시천로 103-16,,-,-
전라남도 나주시 금계동,104-22,104,22,우영,59.83,202110,3,"5,200",10,1991,나주천2길 54,,-,-
전라남도 나주시 금계동,104-22,104,22,우영,59.83,202110,7,"4,800",13,1991,나주천2길 54,,-,-
전라남도 나주시 금계동,104-22,104,22,우영,59.83,202110,15,"4,100",10,1991,나주천2길 54,,-,-
전라남도 나주시 금천면 오강리,241-3,241,3,나주금천지오빌,49.834,202110,14,"9,900",5,2013,오강길 9-21,,-,-
전라남도 나주시 남내동,05월 01일,5,1,세왕,59.98,202110,10,"7,900",6,2001,나주천2길 126,,-,-
전라남도 나주시 남내동,05월 01일,5,1,세왕,59.98,202110,26,"7,900",8,2001,나주천2길 126,,-,-
전라남도 나주시 남평읍 교원리,377-1,377,1,팔마코이스,84.8462,202110,2,"9,500",15,2002,세남로 1546-13,,-,-
전라남도 나주시 남평읍 동사리,409,409,0,나주남평강변도시양우내안애리버시티1차,72.992,202110,5,"23,400",21,2018,강변1길 21-31,,-,-
전라남도 나주시 남평읍 동사리,409,409,0,나주남평강변도시양우내안애리버시티1차,84.937,202110,12,"27,000",9,2018,강변1길 21-31,,-,-
전라남도 나주시 남평읍 동사리,409,409,0,나주남평강변도시양우내안애리버시티1차,59.982,202110,12,"17,400",23,2018,강변1길 21-31,,-,-
전라남도 나주시 남평읍 동사리,409,409,0,나주남평강변도시양우내안애리버시티1차,84.986,202110,14,"25,900",2,2018,강변1길 21-31,,-,-
전라남도 나주시 남평읍 동사리,409,409,0,나주남평강변도시양우내안애리버시티1차,59.982,202110,16,"17,700",7,2018,강변1길 21-31,,-,-
전라남도 나주시 남평읍 동사리,409,409,0,나주남평강변도시양우내안애리버시티1차,84.937,202110,23,"25,000",23,2018,강변1길 21-31,,-,-
전라남도 나주시 남평읍 동사리,327,327,0,남평강변도시유성그린파크,52.7904,202110,24,"7,300",9,2012,지석로 153,,-,-
전라남도 나주시 남평읍 동사리,421,421,0,양우내안애리버시티,84.9736,202110,5,"30,000",21,2018,지석로 167,,-,-
전라남도 나주시 남평읍 동사리,421,421,0,양우내안애리버시티,84.9561,202110,9,"29,000",2,2018,지석로 167,,-,-
전라남도 나주시 남평읍 동사리,421,421,0,양우내안애리버시티,84.9688,202110,9,"30,000",13,2018,지석로 167,,-,-
전라남도 나주시 남평읍 동사리,421,421,0,양우내안애리버시티,59.9139,202110,16,"19,000",15,2018,지석로 167,,-,-
전라남도 나주시 남평읍 동사리,421,421,0,양우내안애리버시티,59.9139,202110,21,"18,500",21,2018,지석로 167,,-,-
전라남도 나주시 남평읍 동사리,414,414,0,에스티엑스칸.중우하나린,73.9234,202110,9,"19,800",25,2017,강변2길 20,,-,-
전라남도 나주시 남평읍 동사리,414,414,0,에스티엑스칸.중우하나린,59.9596,202110,10,"15,000",4,2017,강변2길 20,,-,-
전라남도 나주시 남평읍 동사리,414,414,0,에스티엑스칸.중우하나린,59.9596,202110,12,"14,600",22,2017,강변2길 20,,-,-
전라남도 나주시 남평읍 동사리,414,414,0,에스티엑스칸.중우하나린,59.9596,202110,13,"14,500",19,2017,강변2길 20,,-,-
전라남도 나주시 남평읍 동사리,414,414,0,에스티엑스칸.중우하나린,59.9596,202110,14,"14,900",22,2017,강변2길 20,,-,-
전라남도 나주시 남평읍 동사리,414,414,0,에스티엑스칸.중우하나린,59.9596,202110,16,"14,450",15,2017,강변2길 20,,-,-
전라남도 나주시 남평읍 동사리,414,414,0,에스티엑스칸.중우하나린,59.9596,202110,16,"14,900",20,2017,강변2길 20,,-,-
전라남도 나주시 남평읍 동사리,414,414,0,에스티엑스칸.중우하나린,59.9596,202110,18,"14,500",22,2017,강변2길 20,,-,-
전라남도 나주시 남평읍 동사리,414,414,0,에스티엑스칸.중우하나린,73.9234,202110,18,"19,400",8,2017,강변2길 20,,-,-
전라남도 나주시 남평읍 동사리,414,414,0,에스티엑스칸.중우하나린,59.9596,202110,20,"13,900",17,2017,강변2길 20,,-,-
전라남도 나주시 남평읍 동사리,414,414,0,에스티엑스칸.중우하나린,73.9234,202110,22,"19,400",24,2017,강변2길 20,,-,-
전라남도 나주시 남평읍 동사리,414,414,0,에스티엑스칸.중우하나린,73.9234,202110,24,"20,300",10,2017,강변2길 20,,-,-
전라남도 나주시 남평읍 동사리,414,414,0,에스티엑스칸.중우하나린,73.9234,202110,28,"19,200",11,2017,강변2길 20,,-,-
전라남도 나주시 남평읍 동사리,414,414,0,에스티엑스칸.중우하나린,73.9234,202110,31,"20,500",13,2017,강변2길 20,,-,-
전라남도 나주시 대호동,1020,1020,0,대방노블랜드1차,84.97,202110,2,"16,700",11,2006,대호길 76-8,,-,-
전라남도 나주시 대호동,1020,1020,0,대방노블랜드1차,59.98,202110,2,"13,500",19,2006,대호길 76-8,,-,-
전라남도 나주시 대호동,1020,1020,0,대방노블랜드1차,84.97,202110,4,"17,500",11,2006,대호길 76-8,,-,-
전라남도 나주시 대호동,1020,1020,0,대방노블랜드1차,59.98,202110,5,"13,100",6,2006,대호길 76-8,,-,-
전라남도 나주시 대호동,1020,1020,0,대방노블랜드1차,84.97,202110,9,"17,700",14,2006,대호길 76-8,,-,-
전라남도 나주시 대호동,1020,1020,0,대방노블랜드1차,59.98,202110,24,"15,100",8,2006,대호길 76-8,,-,-
전라남도 나주시 대호동,1020,1020,0,대방노블랜드1차,59.98,202110,25,"12,300",13,2006,대호길 76-8,,-,-
전라남도 나주시 대호동,1020,1020,0,대방노블랜드1차,84.97,202110,26,"18,200",5,2006,대호길 76-8,,-,-
전라남도 나주시 대호동,1020,1020,0,대방노블랜드1차,59.98,202110,29,"14,000",20,2006,대호길 76-8,,-,-
전라남도 나주시 대호동,75,75,0,현대,84.855,202110,5,"15,000",16,1993,북망문길 40,,-,-
전라남도 나주시 대호동,75,75,0,현대,59.4,202110,8,"7,000",16,1993,북망문길 40,,-,-
전라남도 나주시 대호동,75,75,0,현대,59.4,202110,8,"5,000",2,1993,북망문길 40,,-,-
전라남도 나주시 대호동,75,75,0,현대,84.855,202110,11,"12,800",11,1993,북망문길 40,,-,-
전라남도 나주시 대호동,75,75,0,현대,59.4,202110,12,"8,100",2,1993,북망문길 40,,-,-
전라남도 나주시 대호동,75,75,0,현대,59.4,202110,21,"9,000",11,1993,북망문길 40,,-,-
전라남도 나주시 대호동,75,75,0,현대,59.4,202110,26,"8,700",15,1993,북망문길 40,,-,-
전라남도 나주시 대호동,307-5,307,5,호반,28.98,202110,16,"4,050",10,1996,건재로 209,,-,-
전라남도 나주시 대호동,307-5,307,5,호반,28.98,202110,30,"4,200",5,1996,건재로 209,,-,-
전라남도 나주시 빛가람동,558,558,0,광주전남혁신도시영무예다음,75.3932,202110,8,"36,650",7,2016,월정1길 20,,-,-
전라남도 나주시 빛가람동,558,558,0,광주전남혁신도시영무예다음,75.3932,202110,27,"34,200",6,2016,월정1길 20,,-,-
전라남도 나주시 빛가람동,600,600,0,대광로제비앙,84.9811,202110,23,"40,000",5,2016,그린로 153,,-,-
전라남도 나주시 빛가람동,325,325,0,루멘하임,84.9826,202110,1,"30,000",10,2015,그린로 328,,-,-
전라남도 나주시 빛가람동,325,325,0,루멘하임,84.9826,202110,3,"29,500",3,2015,그린로 328,,-,-
전라남도 나주시 빛가람동,325,325,0,루멘하임,84.9826,202110,9,"33,000",13,2015,그린로 328,,-,-
전라남도 나주시 빛가람동,325,325,0,루멘하임,84.9826,202110,11,"29,500",6,2015,그린로 328,,-,-
전라남도 나주시 빛가람동,325,325,0,루멘하임,84.9826,202110,13,"33,500",18,2015,그린로 328,,-,-
전라남도 나주시 빛가람동,325,325,0,루멘하임,84.9826,202110,15,"29,500",4,2015,그린로 328,,-,-
전라남도 나주시 빛가람동,325,325,0,루멘하임,84.9826,202110,15,"34,300",10,2015,그린로 328,,-,-
전라남도 나주시 빛가람동,325,325,0,루멘하임,84.9826,202110,16,"26,000",2,2015,그린로 328,,-,-
전라남도 나주시 빛가람동,325,325,0,루멘하임,84.9826,202110,16,"32,000",15,2015,그린로 328,,-,-
전라남도 나주시 빛가람동,325,325,0,루멘하임,84.9826,202110,17,"32,000",5,2015,그린로 328,,-,-
전라남도 나주시 빛가람동,325,325,0,루멘하임,84.675,202110,18,"28,500",4,2015,그린로 328,,-,-
전라남도 나주시 빛가람동,325,325,0,루멘하임,84.9826,202110,24,"32,800",16,2015,그린로 328,,-,-
전라남도 나주시 빛가람동,374,374,0,빛가람대방엘리움로얄카운티2차,84.9141,202110,19,"66,700",15,2018,중야1길 15,,-,-
전라남도 나주시 빛가람동,374,374,0,빛가람대방엘리움로얄카운티2차,84.9802,202110,25,"54,000",6,2018,중야1길 15,,-,-
전라남도 나주시 빛가람동,381,381,0,빛가람엘에이치2단지,74.91,202110,4,"30,000",16,2014,중야1길 42,,-,-
전라남도 나주시 빛가람동,381,381,0,빛가람엘에이치2단지,84.96,202110,7,"32,000",10,2014,중야1길 42,,-,-
전라남도 나주시 빛가람동,381,381,0,빛가람엘에이치2단지,84.72,202110,19,"30,000",6,2014,중야1길 42,,-,-
전라남도 나주시 빛가람동,850,850,0,빛가람엘에이치4단지,84.96,202110,1,"27,000",4,2014,그린로 276,,-,-
전라남도 나주시 빛가람동,850,850,0,빛가람엘에이치4단지,74.91,202110,2,"29,000",20,2014,그린로 276,,-,-
전라남도 나주시 빛가람동,850,850,0,빛가람엘에이치4단지,74.91,202110,6,"26,000",2,2014,그린로 276,,-,-
전라남도 나주시 빛가람동,850,850,0,빛가람엘에이치4단지,74.91,202110,18,"26,000",2,2014,그린로 276,,-,-
전라남도 나주시 빛가람동,135,135,0,빛가람우미린,84.9977,202110,8,"37,000",18,2015,한빛로 61,,-,-
전라남도 나주시 빛가람동,135,135,0,빛가람우미린,84.995,202110,20,"37,000",7,2015,한빛로 61,,-,-
전라남도 나주시 빛가람동,135,135,0,빛가람우미린,84.9977,202110,22,"38,000",18,2015,한빛로 61,,-,-
전라남도 나주시 빛가람동,135,135,0,빛가람우미린,84.9977,202110,23,"42,000",18,2015,한빛로 61,,-,-
전라남도 나주시 빛가람동,135,135,0,빛가람우미린,84.9977,202110,23,"38,000",6,2015,한빛로 61,,-,-
전라남도 나주시 빛가람동,550,550,0,빛가람이지더원,84.949,202110,11,"45,900",9,2017,호수로 10,,-,-
전라남도 나주시 빛가람동,114,114,0,빛가람중흥에스-클래스센트럴2차,72.4254,202110,1,"41,700",17,2016,우정로 101,,-,-
전라남도 나주시 빛가람동,114,114,0,빛가람중흥에스-클래스센트럴2차,84.9345,202110,9,"49,700",3,2016,우정로 101,,-,-
전라남도 나주시 빛가람동,114,114,0,빛가람중흥에스-클래스센트럴2차,84.9345,202110,11,"45,000",11,2016,우정로 101,,-,-
전라남도 나주시 빛가람동,114,114,0,빛가람중흥에스-클래스센트럴2차,72.4254,202110,15,"31,800",9,2016,우정로 101,,-,-
전라남도 나주시 빛가람동,114,114,0,빛가람중흥에스-클래스센트럴2차,72.4254,202110,20,"32,000",6,2016,우정로 101,,-,-
전라남도 나주시 빛가람동,118,118,0,빛가람혁신도시중흥에스-클래스센트럴1차,72.4254,202110,8,"39,000",5,2016,우정로 77,,-,-
전라남도 나주시 빛가람동,1,1,0,이노시티애시앙1단지,84.52,202110,7,"31,000",8,2020,한빛로 91,,-,-
전라남도 나주시 빛가람동,1,1,0,이노시티애시앙1단지,84.52,202110,14,"27,200",3,2020,한빛로 91,,-,-
전라남도 나주시 삼영동,63,63,0,대덕맨션,58.14,202110,11,"5,150",6,1991,남부원길 3,,-,-
전라남도 나주시 삼영동,63,63,0,대덕맨션,58.14,202110,11,"5,150",6,1991,남부원길 3,20211103,-,-
전라남도 나주시 성북동,11,11,0,성북주공,39.99,202110,8,"6,000",4,1989,대호길 10,20211026,-,-
전라남도 나주시 성북동,11,11,0,성북주공,39.3,202110,8,"6,000",3,1989,대호길 10,,-,-
전라남도 나주시 성북동,11,11,0,성북주공,39.99,202110,8,"6,000",1,1989,대호길 10,,-,-
전라남도 나주시 성북동,11,11,0,성북주공,39.69,202110,9,"6,000",4,1989,대호길 10,,-,-
전라남도 나주시 성북동,11,11,0,성북주공,39.99,202110,29,"6,200",2,1989,대호길 10,,-,-
전라남도 나주시 성북동,11,11,0,성북주공,46.98,202110,30,"6,300",4,1989,대호길 10,,-,-
전라남도 나주시 송월동,1141,1141,0,나주힐데스하임아파트,70.2982,202110,8,"18,500",5,2017,송월18길 17,,-,-
전라남도 나주시 송월동,1141,1141,0,나주힐데스하임아파트,70.2982,202110,12,"18,500",13,2017,송월18길 17,,-,-
전라남도 나주시 송월동,1141,1141,0,나주힐데스하임아파트,70.2982,202110,14,"16,800",4,2017,송월18길 17,,-,-
전라남도 나주시 송월동,1141,1141,0,나주힐데스하임아파트,70.2982,202110,19,"18,500",12,2017,송월18길 17,,-,-
전라남도 나주시 송월동,1141,1141,0,나주힐데스하임아파트,70.2982,202110,21,"18,500",10,2017,송월18길 17,,-,-
전라남도 나주시 송월동,1141,1141,0,나주힐데스하임아파트,70.2982,202110,21,"18,500",19,2017,송월18길 17,,-,-
전라남도 나주시 송월동,1141,1141,0,나주힐데스하임아파트,70.2982,202110,21,"18,500",12,2017,송월18길 17,,-,-
전라남도 나주시 송월동,1143,1143,0,달빛마을세움트리,79.8007,202110,2,"23,500",14,2018,송월14길 5,,-,-
전라남도 나주시 송월동,1143,1143,0,달빛마을세움트리,79.8007,202110,4,"23,500",15,2018,송월14길 5,,-,-
전라남도 나주시 송월동,1143,1143,0,달빛마을세움트리,79.8007,202110,5,"21,000",7,2018,송월14길 5,,-,-
전라남도 나주시 송월동,1143,1143,0,달빛마을세움트리,79.8007,202110,8,"23,000",9,2018,송월14길 5,,-,-
전라남도 나주시 송월동,1143,1143,0,달빛마을세움트리,79.8007,202110,17,"21,800",7,2018,송월14길 5,,-,-
전라남도 나주시 송월동,1143,1143,0,달빛마을세움트리,79.8007,202110,29,"21,800",15,2018,송월14길 5,,-,-
전라남도 나주시 송월동,1143,1143,0,달빛마을세움트리,79.8007,202110,31,"23,500",11,2018,송월14길 5,,-,-
전라남도 나주시 송월동,660,660,0,송월주공,49.97,202110,4,"6,200",7,1996,남고문로 36-14,,-,-
전라남도 나주시 송월동,660,660,0,송월주공,49.97,202110,5,"6,650",9,1996,남고문로 36-14,,-,-
전라남도 나주시 송월동,660,660,0,송월주공,49.96,202110,7,"6,300",2,1996,남고문로 36-14,,-,-
전라남도 나주시 송월동,660,660,0,송월주공,49.97,202110,14,"6,350",2,1996,남고문로 36-14,,-,-
전라남도 나주시 송월동,660,660,0,송월주공,39.99,202110,21,"4,500",8,1996,남고문로 36-14,,-,-
전라남도 나주시 송월동,660,660,0,송월주공,49.97,202110,27,"6,700",11,1996,남고문로 36-14,,-,-
전라남도 나주시 송월동,660,660,0,송월주공,49.97,202110,31,"6,300",11,1996,남고문로 36-14,,-,-
전라남도 나주시 송월동,1142,1142,0,양우내안애센텀시티아파트,59.9925,202110,4,"17,000",4,2017,송월18길 10,,-,-
전라남도 나주시 송월동,1142,1142,0,양우내안애센텀시티아파트,72.6501,202110,8,"21,000",19,2017,송월18길 10,,-,-
전라남도 나주시 송월동,1142,1142,0,양우내안애센텀시티아파트,84.9765,202110,12,"27,500",16,2017,송월18길 10,,-,-
전라남도 나주시 송월동,1142,1142,0,양우내안애센텀시티아파트,59.9925,202110,15,"17,200",12,2017,송월18길 10,,-,-
전라남도 나주시 송월동,1142,1142,0,양우내안애센텀시티아파트,72.6501,202110,23,"22,800",10,2017,송월18길 10,,-,-
전라남도 나주시 송월동,1142,1142,0,양우내안애센텀시티아파트,72.6501,202110,31,"21,000",4,2017,송월18길 10,,-,-
전라남도 나주시 용산동,344,344,0,용산2단지주공,49.62,202110,1,"4,700",10,1999,영나로 2421,,-,-
전라남도 나주시 용산동,344,344,0,용산2단지주공,49.62,202110,14,"4,850",12,1999,영나로 2421,,-,-
전라남도 나주시 용산동,344,344,0,용산2단지주공,39.74,202110,26,"3,650",7,1999,영나로 2421,,-,-
전라남도 나주시 죽림동,39,39,0,삼성,84.93,202110,27,"11,700",11,1995,죽림길 71,,-,-
전라남도 담양군 담양읍 백동리,182,182,0,담양별해리,59.9874,202110,19,"17,300",10,2015,미리산길 28,,-,-
전라남도 담양군 담양읍 백동리,100,100,0,청전,131.82,202110,13,"19,500",4,1992,미리산길 2,,-,-
전라남도 담양군 담양읍 백동리,100,100,0,청전,131.82,202110,18,"22,500",15,1992,미리산길 2,,-,-
전라남도 담양군 담양읍 천변리,169-39,169,39,유리안아파트1차,97.36,202110,5,"26,000",3,2007,천변3길 29,,-,-
전라남도 목포시 대성동,222,222,0,목포대성엘에이치천년나무아파트,84.97,202110,1,"22,900",23,2015,양을로 42,,-,-
전라남도 목포시 대성동,222,222,0,목포대성엘에이치천년나무아파트,84.97,202110,4,"23,300",24,2015,양을로 42,,-,-
전라남도 목포시 대성동,222,222,0,목포대성엘에이치천년나무아파트,84.97,202110,6,"22,000",24,2015,양을로 42,,-,-
전라남도 목포시 대성동,222,222,0,목포대성엘에이치천년나무아파트,39.9,202110,8,"9,500",21,2015,양을로 42,,-,-
전라남도 목포시 대성동,222,222,0,목포대성엘에이치천년나무아파트,84.97,202110,12,"22,000",3,2015,양을로 42,,-,-
전라남도 목포시 대성동,222,222,0,목포대성엘에이치천년나무아파트,84.97,202110,14,"23,000",23,2015,양을로 42,,-,-
전라남도 목포시 대성동,222,222,0,목포대성엘에이치천년나무아파트,84.97,202110,15,"22,800",16,2015,양을로 42,,-,-
전라남도 목포시 대성동,222,222,0,목포대성엘에이치천년나무아파트,84.97,202110,26,"22,500",9,2015,양을로 42,,-,-
전라남도 목포시 대양동,Dec-75,75,12,근화희망타운2,59.79,202110,13,"6,300",6,2000,산양로 40,,-,-
전라남도 목포시 대양동,527,527,0,아이엠로즈빌,59.8268,202110,2,"8,000",3,2005,영산로 769-6,,-,-
전라남도 목포시 대양동,527,527,0,아이엠로즈빌,59.8268,202110,15,"8,300",9,2005,영산로 769-6,,-,-
전라남도 목포시 대양동,527,527,0,아이엠로즈빌,59.8268,202110,16,"8,150",5,2005,영산로 769-6,,-,-
전라남도 목포시 대양동,527,527,0,아이엠로즈빌,59.8268,202110,22,"8,500",13,2005,영산로 769-6,,-,-
전라남도 목포시 대양동,555-1,555,1,영신그린빌,55.556,202110,6,"6,200",11,2000,영산로 761-2,,-,-
전라남도 목포시 대의동2가,01월 10일,1,10,초원골드,140.25,202110,8,"16,000",7,1988,영산로 25,,-,-
전라남도 목포시 대의동2가,01월 10일,1,10,초원골드,140.25,202110,21,"16,000",6,1988,영산로 25,20211103,-,-
전라남도 목포시 산정동,326-10,326,10,근화그린맨션,84.94,202110,11,"6,400",6,1990,산정로 268-3,,-,-
전라남도 목포시 산정동,1284,1284,0,근화삼학베아채,84.9165,202110,15,"23,700",5,2019,자유로 87,,-,-
전라남도 목포시 산정동,1398,1398,0,근화황제,74.79,202110,23,"7,100",2,1992,남해로 77,,-,-
전라남도 목포시 산정동,1398,1398,0,근화황제,84.87,202110,23,"7,800",14,1992,남해로 73,,-,-
전라남도 목포시 산정동,1392,1392,0,동백,84.08,202110,6,"8,500",8,1990,삼학로183번길 14,,-,-
전라남도 목포시 산정동,1751,1751,0,라인,84.7,202110,4,"9,500",8,1991,원산주택로 25,,-,-
전라남도 목포시 산정동,1751,1751,0,라인,84.7,202110,27,"13,000",8,1991,원산주택로 25,,-,-
전라남도 목포시 산정동,1080-56,1080,56,삼성,58.74,202110,29,"4,500",3,1987,동명로 77,,-,-
전라남도 목포시 산정동,1365,1365,0,삼학하이츠,59.32,202110,3,"5,750",3,1981,둥근섬로54번길 11,,-,-
전라남도 목포시 산정동,1365,1365,0,삼학하이츠,59.32,202110,13,"6,500",2,1981,둥근섬로54번길 11,,-,-
전라남도 목포시 산정동,1365,1365,0,삼학하이츠,59.32,202110,20,"4,500",4,1981,둥근섬로54번길 11,,-,-
전라남도 목포시 산정동,1747,1747,0,소암,84.87,202110,26,"8,200",2,1999,원산주택로 30,,-,-
전라남도 목포시 산정동,1202,1202,0,신안비치1,59.31,202110,5,"7,800",3,1991,청호로 209,,-,-
전라남도 목포시 산정동,1202,1202,0,신안비치1,127.67,202110,6,"18,800",13,1991,청호로 209,,-,-
전라남도 목포시 산정동,1202,1202,0,신안비치1,84.85,202110,21,"13,000",13,1991,청호로 209,,-,-
전라남도 목포시 산정동,1202,1202,0,신안비치1,59.31,202110,28,"8,600",11,1991,청호로 209,,-,-
전라남도 목포시 산정동,1202,1202,0,신안비치1,59.31,202110,28,"8,500",7,1991,청호로 209,,-,-
전라남도 목포시 산정동,1259,1259,0,신안비치2,84.84,202110,1,"13,800",10,1993,고하대로 641-10,,-,-
전라남도 목포시 산정동,1259,1259,0,신안비치2,59.85,202110,15,"7,000",14,1993,고하대로 641-10,,-,-
전라남도 목포시 산정동,1259,1259,0,신안비치2,59.85,202110,18,"6,000",4,1993,고하대로 641-10,,-,-
전라남도 목포시 산정동,1259-3,1259,3,신안비치3차,59.94,202110,20,"7,700",1,1995,고하대로 641-11,,-,-
전라남도 목포시 산정동,1152,1152,0,신안비치팔레스-1차,84.8005,202110,6,"14,900",14,2003,청호로 210,,-,-
전라남도 목포시 산정동,1152,1152,0,신안비치팔레스-1차,84.8005,202110,14,"21,750",5,2003,청호로 210,,-,-
전라남도 목포시 산정동,1152,1152,0,신안비치팔레스-1차,59.8469,202110,29,"11,800",7,2003,청호로 210,,-,-
전라남도 목포시 산정동,1152,1152,0,신안비치팔레스-1차,84.7745,202110,29,"15,500",8,2003,청호로 210,,-,-
전라남도 목포시 산정동,1112-11,1112,11,신안비치팔레스-2차,59.9561,202110,4,"12,000",5,2004,청호로220번길 5,,-,-
전라남도 목포시 산정동,1413-2,1413,2,용일비치맨션,84.96,202110,1,"7,400",4,1991,남해로 87,,-,-
전라남도 목포시 산정동,187,187,0,일신,59.97,202110,9,"6,900",3,1993,양을로 91,,-,-
전라남도 목포시 산정동,292,292,0,종원나이스빌,120.516,202110,12,"18,800",6,2002,양을로 121,,-,-
전라남도 목포시 산정동,994-4,994,4,중앙하이츠,56.07,202110,1,"5,650",15,1992,양을로41번길 40,,-,-
전라남도 목포시 산정동,994-4,994,4,중앙하이츠,84.93,202110,6,"10,300",8,1992,양을로41번길 40,,-,-
전라남도 목포시 산정동,994-4,994,4,중앙하이츠,56.07,202110,13,"6,800",3,1992,양을로41번길 40,,-,-
전라남도 목포시 산정동,994-4,994,4,중앙하이츠,56.07,202110,15,"6,400",2,1992,양을로41번길 40,,-,-
전라남도 목포시 산정동,994-4,994,4,중앙하이츠,56.07,202110,27,"6,000",8,1992,양을로41번길 40,,-,-
전라남도 목포시 산정동,1769,1769,0,한성타워,59.7,202110,11,"7,000",3,1993,원산로59번길 14,,-,-
전라남도 목포시 산정동,1710,1710,0,현대산업개발,84.945,202110,2,"9,800",13,1991,죽산로40번길 24,,-,-
전라남도 목포시 산정동,1710,1710,0,현대산업개발,84.945,202110,23,"10,800",3,1991,죽산로40번길 24,,-,-
전라남도 목포시 산정동,1080-54,1080,54,황실,84.52,202110,26,"5,700",5,1990,연동로4번길 7,,-,-
전라남도 목포시 상동,713,713,0,광명샤인빌2차,84.9392,202110,13,"19,100",3,2004,옥암로 165,,-,-
전라남도 목포시 상동,883,883,0,동아,59.97,202110,1,"10,000",6,1995,신흥로45번길 13,,-,-
전라남도 목포시 상동,883,883,0,동아,84.95,202110,4,"14,000",8,1995,신흥로45번길 13,,-,-
전라남도 목포시 상동,883,883,0,동아,84.95,202110,6,"14,800",6,1995,신흥로45번길 13,,-,-
전라남도 목포시 상동,883,883,0,동아,84.95,202110,8,"14,500",8,1995,신흥로45번길 13,,-,-
전라남도 목포시 상동,883,883,0,동아,59.97,202110,9,"12,300",4,1995,신흥로45번길 13,,-,-
전라남도 목포시 상동,883,883,0,동아,59.97,202110,28,"12,900",13,1995,신흥로45번길 13,,-,-
전라남도 목포시 상동,883,883,0,동아,59.97,202110,29,"12,500",6,1995,신흥로45번길 13,,-,-
전라남도 목포시 상동,845,845,0,비파1,48.34,202110,9,"7,700",14,1991,백년대로337번길 35,,-,-
전라남도 목포시 상동,845,845,0,비파1,28.17,202110,10,"3,600",7,1991,백년대로337번길 35,,-,-
전라남도 목포시 상동,845,845,0,비파1,48.34,202110,11,"6,800",12,1991,백년대로337번길 35,,-,-
전라남도 목포시 상동,845,845,0,비파1,28.17,202110,20,"3,000",14,1991,백년대로337번길 35,,-,-
전라남도 목포시 상동,845,845,0,비파1,28.17,202110,21,"4,350",15,1991,백년대로337번길 35,,-,-
전라남도 목포시 상동,845,845,0,비파1,48.34,202110,23,"5,500",7,1991,백년대로337번길 35,,-,-
전라남도 목포시 상동,845,845,0,비파1,48.34,202110,26,"7,200",4,1991,백년대로337번길 35,,-,-
전라남도 목포시 상동,845,845,0,비파1,28.17,202110,26,"3,300",6,1991,백년대로337번길 35,,-,-
전라남도 목포시 상동,845,845,0,비파1,48.34,202110,26,"7,300",6,1991,백년대로337번길 35,,-,-
전라남도 목포시 상동,845,845,0,비파1,48.34,202110,26,"7,200",10,1991,백년대로337번길 35,,-,-
전라남도 목포시 상동,845,845,0,비파1,48.34,202110,27,"8,000",15,1991,백년대로337번길 35,,-,-
전라남도 목포시 상동,845,845,0,비파1,48.34,202110,29,"6,000",1,1991,백년대로337번길 35,,-,-
전라남도 목포시 상동,845,845,0,비파1,28.17,202110,29,"3,550",5,1991,백년대로337번길 35,,-,-
전라남도 목포시 상동,845,845,0,비파1,48.34,202110,29,"7,000",9,1991,백년대로337번길 35,,-,-
전라남도 목포시 상동,845-1,845,1,비파2,48.34,202110,14,"5,500",15,1992,백년대로337번길 23,,-,-
전라남도 목포시 상동,845-1,845,1,비파2,48.34,202110,14,"6,300",10,1992,백년대로337번길 23,,-,-
전라남도 목포시 상동,845-1,845,1,비파2,48.34,202110,25,"5,000",7,1992,백년대로337번길 23,,-,-
전라남도 목포시 상동,845-1,845,1,비파2,48.34,202110,26,"7,500",11,1992,백년대로337번길 23,,-,-
전라남도 목포시 상동,845-1,845,1,비파2,48.34,202110,26,"7,500",4,1992,백년대로337번길 23,,-,-
전라남도 목포시 상동,845-1,845,1,비파2,48.34,202110,26,"7,500",4,1992,백년대로337번길 23,,-,-
전라남도 목포시 상동,845-1,845,1,비파2,48.34,202110,28,"6,400",13,1992,백년대로337번길 23,,-,-
전라남도 목포시 상동,846,846,0,비파3,49.76,202110,19,"6,700",6,1993,백년대로337번길 9,,-,-
전라남도 목포시 상동,846,846,0,비파3,49.8,202110,26,"7,700",14,1993,백년대로337번길 9,,-,-
전라남도 목포시 상동,846,846,0,비파3,49.76,202110,26,"7,600",5,1993,백년대로337번길 9,,-,-
전라남도 목포시 상동,846,846,0,비파3,49.8,202110,26,"7,600",5,1993,백년대로337번길 9,,-,-
전라남도 목포시 상동,846,846,0,비파3,49.8,202110,28,"6,000",1,1993,백년대로337번길 9,,-,-
전라남도 목포시 상동,1018,1018,0,삼성,84.93,202110,5,"14,800",14,1995,부흥로 12,,-,-
전라남도 목포시 상동,1018,1018,0,삼성,59.73,202110,30,"12,600",7,1995,부흥로 12,,-,-
전라남도 목포시 상동,1116-2,1116,2,성지비버리힐스,84.5616,202110,16,"18,900",3,2005,평화로14번길 6,,-,-
전라남도 목포시 상동,1016,1016,0,신안,84.92,202110,1,"13,200",12,1995,하당남부로 25,,-,-
전라남도 목포시 상동,1016,1016,0,신안,84.92,202110,7,"12,500",2,1995,하당남부로 25,,-,-
전라남도 목포시 상동,1016,1016,0,신안,59.94,202110,9,"13,000",9,1995,하당남부로 25,,-,-
전라남도 목포시 상동,1016,1016,0,신안,59.94,202110,16,"11,900",8,1995,하당남부로 25,,-,-
전라남도 목포시 상동,1016,1016,0,신안,84.92,202110,20,"13,000",12,1995,하당남부로 25,,-,-
전라남도 목포시 상동,1016,1016,0,신안,84.92,202110,22,"12,300",15,1995,하당남부로 25,,-,-
전라남도 목포시 상동,1019,1019,0,신안2,117.77,202110,2,"18,300",13,1996,하당로 14,,-,-
전라남도 목포시 상동,1019,1019,0,신안2,59.94,202110,8,"11,200",12,1996,하당로 14,,-,-
전라남도 목포시 상동,1019,1019,0,신안2,117.77,202110,11,"16,800",7,1996,하당로 14,,-,-
전라남도 목포시 상동,1019,1019,0,신안2,59.94,202110,15,"11,750",5,1996,하당로 14,,-,-
전라남도 목포시 상동,1019,1019,0,신안2,59.94,202110,18,"10,000",5,1996,하당로 14,,-,-
전라남도 목포시 상동,1019,1019,0,신안2,84.92,202110,26,"13,900",2,1996,하당로 14,,-,-
전라남도 목포시 상동,1137-21,1137,21,양우비치팰리스,185.724,202110,25,"33,000",11,2007,원형서로 46-1,,-,-
전라남도 목포시 상동,1139-7,1139,7,에메랄드퀸,84.59,202110,9,"31,900",16,2019,평화로83번길 16,,-,-
전라남도 목포시 상동,1120,1120,0,우미파크빌,84.9723,202110,15,"21,000",8,2001,평화로20번길 11,,-,-
전라남도 목포시 상동,1120,1120,0,우미파크빌,84.9723,202110,25,"19,000",3,2001,평화로20번길 11,,-,-
전라남도 목포시 상동,886,886,0,우성,84.94,202110,1,"12,300",1,1994,신흥로 13,,-,-
전라남도 목포시 상동,886,886,0,우성,59.9,202110,2,"10,700",4,1994,신흥로 13,,-,-
전라남도 목포시 상동,886,886,0,우성,84.94,202110,12,"13,000",12,1994,신흥로 13,,-,-
전라남도 목포시 상동,886,886,0,우성,84.94,202110,14,"13,000",13,1994,신흥로 13,,-,-
전라남도 목포시 상동,886,886,0,우성,59.9,202110,18,"13,000",13,1994,신흥로 13,,-,-
전라남도 목포시 상동,886,886,0,우성,133.99,202110,28,"17,500",13,1994,신흥로 13,,-,-
전라남도 목포시 상동,766,766,0,주공2,38.64,202110,7,"3,500",12,1992,상동로 43,,-,-
전라남도 목포시 상동,766,766,0,주공2,38.64,202110,16,"3,400",4,1992,상동로 43,,-,-
전라남도 목포시 상동,766,766,0,주공2,38.64,202110,19,"3,900",5,1992,상동로 43,,-,-
전라남도 목포시 상동,740,740,0,주공4,58.46,202110,16,"8,200",5,1993,상동로 64,,-,-
전라남도 목포시 상동,740,740,0,주공4,58.46,202110,20,"8,700",11,1993,상동로 64,,-,-
전라남도 목포시 상동,740,740,0,주공4,38.64,202110,27,"4,100",5,1993,상동로 64,,-,-
전라남도 목포시 상동,740,740,0,주공4,38.64,202110,28,"4,200",12,1993,상동로 64,,-,-
전라남도 목포시 상동,1014,1014,0,하당초원타운,59.97,202110,13,"11,400",12,1994,부흥로 30,,-,-
전라남도 목포시 상동,1014,1014,0,하당초원타운,59.97,202110,13,"9,500",1,1994,부흥로 30,,-,-
전라남도 목포시 상동,1014,1014,0,하당초원타운,59.97,202110,21,"12,000",2,1994,부흥로 30,,-,-
전라남도 목포시 상동,1014-1,1014,1,하당현대,59.98,202110,2,"11,700",10,1996,통일대로37번길 33,,-,-
전라남도 목포시 상동,1014-1,1014,1,하당현대,59.98,202110,8,"10,950",12,1996,통일대로37번길 33,,-,-
전라남도 목포시 상동,1014-1,1014,1,하당현대,84.78,202110,20,"13,400",2,1996,통일대로37번길 33,20211022,-,-
전라남도 목포시 상동,1014-1,1014,1,하당현대,84.78,202110,22,"13,400",2,1996,통일대로37번길 33,,-,-
전라남도 목포시 상동,1014-1,1014,1,하당현대,59.98,202110,25,"11,300",3,1996,통일대로37번길 33,,-,-
전라남도 목포시 상동,251-16,251,16,호반리젠시빌,84.8842,202110,3,"11,800",1,2002,영산로535번길 6,,-,-
전라남도 목포시 상동,251-16,251,16,호반리젠시빌,84.8842,202110,21,"15,500",9,2002,영산로535번길 6,,-,-
전라남도 목포시 상동,251-16,251,16,호반리젠시빌,84.8842,202110,30,"16,250",6,2002,영산로535번길 6,,-,-
전라남도 목포시 석현동,1171-1,1171,1,광명샤인빌,84.9241,202110,4,"17,500",2,2002,석현로 42,,-,-
전라남도 목포시 석현동,1171-1,1171,1,광명샤인빌,84.9241,202110,6,"16,000",2,2002,석현로 42,,-,-
전라남도 목포시 석현동,1171-1,1171,1,광명샤인빌,84.9241,202110,15,"17,200",5,2002,석현로 42,,-,-
전라남도 목포시 석현동,816-15,816,15,근화네오빌,84.9514,202110,12,"15,300",3,2002,텃골로13번길 40,,-,-
전라남도 목포시 석현동,816-15,816,15,근화네오빌,84.9514,202110,25,"15,900",9,2002,텃골로13번길 40,,-,-
전라남도 목포시 석현동,815-17,815,17,근화네오빌2차여유당,59.9694,202110,1,"13,600",12,2004,텃골로 19,,-,-
전라남도 목포시 석현동,815-17,815,17,근화네오빌2차여유당,59.9694,202110,6,"9,000",1,2004,텃골로 19,,-,-
전라남도 목포시 석현동,815-17,815,17,근화네오빌2차여유당,77.5526,202110,7,"13,300",6,2004,텃골로 19,,-,-
전라남도 목포시 석현동,815-17,815,17,근화네오빌2차여유당,84.9959,202110,11,"14,700",2,2004,텃골로 19,,-,-
전라남도 목포시 석현동,815-17,815,17,근화네오빌2차여유당,77.5526,202110,15,"12,300",8,2004,텃골로 19,,-,-
전라남도 목포시 석현동,815-17,815,17,근화네오빌2차여유당,77.5526,202110,19,"11,900",2,2004,텃골로 19,,-,-
전라남도 목포시 석현동,816-12,816,12,근화블루빌,59.9694,202110,8,"11,300",10,2006,텃골로13번길 26,,-,-
전라남도 목포시 석현동,816-12,816,12,근화블루빌,77.5526,202110,14,"13,650",3,2006,텃골로13번길 26,,-,-
전라남도 목포시 석현동,816-12,816,12,근화블루빌,77.5526,202110,28,"13,700",2,2006,텃골로13번길 26,,-,-
전라남도 목포시 석현동,1172-1,1172,1,대송베스트빌,59.6657,202110,18,"11,800",15,2002,옥암로186번길 20-1,,-,-
전라남도 목포시 석현동,1181,1181,0,목포석현서희스타힐스,74.878,202110,1,"22,000",4,2021,영산로 719-1,,-,-
전라남도 목포시 석현동,1181,1181,0,목포석현서희스타힐스,59.981,202110,4,"17,000",3,2021,영산로 719-1,,-,-
전라남도 목포시 석현동,1181,1181,0,목포석현서희스타힐스,59.981,202110,5,"17,750",4,2021,영산로 719-1,,-,-
전라남도 목포시 석현동,1181,1181,0,목포석현서희스타힐스,74.878,202110,6,"22,000",12,2021,영산로 719-1,,-,-
전라남도 목포시 석현동,1181,1181,0,목포석현서희스타힐스,59.981,202110,8,"19,700",18,2021,영산로 719-1,,-,-
전라남도 목포시 석현동,1181,1181,0,목포석현서희스타힐스,59.981,202110,11,"19,000",13,2021,영산로 719-1,,-,-
전라남도 목포시 석현동,1181,1181,0,목포석현서희스타힐스,84.909,202110,12,"24,000",16,2021,영산로 719-1,,-,-
전라남도 목포시 석현동,1181,1181,0,목포석현서희스타힐스,84.922,202110,13,"24,700",1,2021,영산로 719-1,,-,-
전라남도 목포시 석현동,1181,1181,0,목포석현서희스타힐스,59.981,202110,14,"17,800",4,2021,영산로 719-1,,-,-
전라남도 목포시 석현동,1181,1181,0,목포석현서희스타힐스,59.981,202110,19,"17,500",7,2021,영산로 719-1,,-,-
전라남도 목포시 석현동,1181,1181,0,목포석현서희스타힐스,74.878,202110,19,"23,000",4,2021,영산로 719-1,,-,-
전라남도 목포시 석현동,1181,1181,0,목포석현서희스타힐스,59.981,202110,23,"18,500",5,2021,영산로 719-1,,-,-
전라남도 목포시 석현동,1181,1181,0,목포석현서희스타힐스,74.878,202110,29,"24,500",16,2021,영산로 719-1,,-,-
전라남도 목포시 석현동,1181,1181,0,목포석현서희스타힐스,59.981,202110,29,"17,750",4,2021,영산로 719-1,,-,-
전라남도 목포시 석현동,850,850,0,서희스타힐스,84.909,202110,2,"24,000",20,2020,영산로 719-29,,-,-
전라남도 목포시 석현동,816-27,816,27,석현금호어울림,121.9742,202110,2,"30,700",14,2007,텃골로33번길 53,,-,-
전라남도 목포시 석현동,816-27,816,27,석현금호어울림,84.9699,202110,11,"25,000",15,2007,텃골로33번길 53,,-,-
전라남도 목포시 석현동,816-27,816,27,석현금호어울림,84.9699,202110,25,"24,300",8,2007,텃골로33번길 53,,-,-
전라남도 목포시 석현동,1177,1177,0,수창해뜨레,59.5085,202110,4,"11,000",5,2012,석현로45번길 19,,-,-
전라남도 목포시 석현동,816-17,816,17,우진아트빌,84.684,202110,4,"16,900",8,2003,영산로609번길 5,,-,-
전라남도 목포시 석현동,816-17,816,17,우진아트빌,84.684,202110,18,"15,500",5,2003,영산로609번길 5,,-,-
전라남도 목포시 석현동,816-17,816,17,우진아트빌,84.684,202110,21,"13,400",1,2003,영산로609번길 5,,-,-
전라남도 목포시 석현동,816-17,816,17,우진아트빌,84.684,202110,22,"14,800",6,2003,영산로609번길 5,,-,-
전라남도 목포시 석현동,816-17,816,17,우진아트빌,59.754,202110,25,"12,600",5,2003,영산로609번길 5,,-,-
전라남도 목포시 석현동,816-17,816,17,우진아트빌,59.754,202110,27,"12,600",13,2003,영산로609번길 5,,-,-
전라남도 목포시 석현동,1173,1173,0,케이디빌리앙뜨,84.9945,202110,7,"27,000",3,2007,옥암로 174,,-,-
전라남도 목포시 석현동,1173,1173,0,케이디빌리앙뜨,119.6252,202110,14,"35,900",14,2007,옥암로 174,,-,-
전라남도 목포시 양동,120,120,0,유달파크,76.19,202110,12,"5,000",5,1990,만세로 19,,-,-
전라남도 목포시 양동,120,120,0,유달파크,76.19,202110,20,"5,353",7,1990,만세로 19,,-,-
전라남도 목포시 연산동,2023,2023,0,목포백련지구천년가아파트,84.7259,202110,9,"29,900",1,2017,연산백련로1번길 79,,-,-
전라남도 목포시 연산동,2023,2023,0,목포백련지구천년가아파트,84.7259,202110,12,"28,300",11,2017,연산백련로1번길 79,,-,-
전라남도 목포시 연산동,1944,1944,0,목포용해2지구모아엘가에듀파크,59.9858,202110,11,"19,850",9,2019,연산백련로1번길 69,,-,-
전라남도 목포시 연산동,1944,1944,0,목포용해2지구모아엘가에듀파크,59.9858,202110,17,"19,900",8,2019,연산백련로1번길 69,,-,-
전라남도 목포시 연산동,1944,1944,0,목포용해2지구모아엘가에듀파크,59.9858,202110,20,"19,950",9,2019,연산백련로1번길 69,,-,-
전라남도 목포시 연산동,1944,1944,0,목포용해2지구모아엘가에듀파크,59.9858,202110,29,"23,000",5,2019,연산백련로1번길 69,,-,-
전라남도 목포시 연산동,2044,2044,0,연산골드클래스8차,61.521,202110,2,"18,600",10,2018,산정로 308,,-,-
전라남도 목포시 연산동,2044,2044,0,연산골드클래스8차,61.521,202110,5,"18,000",16,2018,산정로 308,,-,-
전라남도 목포시 연산동,2044,2044,0,연산골드클래스8차,61.521,202110,8,"18,500",7,2018,산정로 308,,-,-
전라남도 목포시 연산동,2044,2044,0,연산골드클래스8차,70.709,202110,16,"23,900",11,2018,산정로 308,,-,-
전라남도 목포시 연산동,1262,1262,0,연산주공2단지,37.67,202110,6,"4,700",4,1995,원산중앙로 108,,-,-
전라남도 목포시 연산동,1262,1262,0,연산주공2단지,58.14,202110,9,"7,350",14,1995,원산중앙로 108,,-,-
전라남도 목포시 연산동,1262,1262,0,연산주공2단지,58.14,202110,14,"7,600",2,1995,원산중앙로 108,,-,-
전라남도 목포시 연산동,1262,1262,0,연산주공2단지,58.14,202110,22,"6,800",14,1995,원산중앙로 108,,-,-
전라남도 목포시 연산동,1262,1262,0,연산주공2단지,37.67,202110,25,"4,800",4,1995,원산중앙로 108,,-,-
전라남도 목포시 연산동,1260,1260,0,연산주공3단지,59.96,202110,8,"9,900",4,1996,원산중앙로 87,,-,-
전라남도 목포시 연산동,1260,1260,0,연산주공3단지,59.99,202110,15,"8,000",3,1996,원산중앙로 87,,-,-
전라남도 목포시 연산동,1260,1260,0,연산주공3단지,59.99,202110,19,"9,300",1,1996,원산중앙로 87,,-,-
전라남도 목포시 연산동,1260,1260,0,연산주공3단지,59.99,202110,22,"7,500",1,1996,원산중앙로 87,,-,-
전라남도 목포시 연산동,1260,1260,0,연산주공3단지,59.96,202110,27,"9,500",4,1996,원산중앙로 87,,-,-
전라남도 목포시 연산동,1260,1260,0,연산주공4단지,39.74,202110,10,"5,000",11,1996,원산중앙로 87,,-,-
전라남도 목포시 연산동,1260,1260,0,연산주공4단지,49.62,202110,12,"7,000",3,1996,원산중앙로 87,,-,-
전라남도 목포시 연산동,1925,1925,0,용해7차골드클래스,74.2517,202110,12,"27,800",14,2015,연산백련로 22,,-,-
전라남도 목포시 연산동,331,331,0,현대,84.99,202110,6,"11,000",14,1991,산정로 298,,-,-
전라남도 목포시 연산동,331,331,0,현대,84.99,202110,11,"10,000",9,1991,산정로 298,,-,-
전라남도 목포시 옥암동,1338,1338,0,골드클래스,84.7094,202110,9,"23,500",2,2009,남악1로16번길 10,,-,-
전라남도 목포시 옥암동,1338,1338,0,골드클래스,84.7094,202110,15,"24,700",5,2009,남악1로16번길 10,,-,-
전라남도 목포시 옥암동,1338,1338,0,골드클래스,84.7094,202110,16,"25,300",7,2009,남악1로16번길 10,,-,-
전라남도 목포시 옥암동,1338,1338,0,골드클래스,84.7094,202110,16,"24,700",5,2009,남악1로16번길 10,,-,-
전라남도 목포시 옥암동,1338,1338,0,골드클래스,84.9566,202110,20,"26,000",7,2009,남악1로16번길 10,,-,-
전라남도 목포시 옥암동,1338,1338,0,골드클래스,84.9566,202110,22,"23,500",4,2009,남악1로16번길 10,,-,-
전라남도 목포시 옥암동,1338,1338,0,골드클래스,84.9566,202110,24,"24,500",13,2009,남악1로16번길 10,,-,-
전라남도 목포시 옥암동,1246,1246,0,근화옥암베아채,84.9393,202110,2,"30,000",18,2014,남악1로52번길 83,,-,-
전라남도 목포시 옥암동,1246,1246,0,근화옥암베아채,84.9066,202110,9,"26,600",14,2014,남악1로52번길 83,,-,-
전라남도 목포시 옥암동,1246,1246,0,근화옥암베아채,84.8534,202110,9,"27,500",8,2014,남악1로52번길 83,,-,-
전라남도 목포시 옥암동,1246,1246,0,근화옥암베아채,84.9066,202110,10,"28,500",15,2014,남악1로52번길 83,,-,-
전라남도 목포시 옥암동,1246,1246,0,근화옥암베아채,84.8534,202110,13,"30,700",20,2014,남악1로52번길 83,,-,-
전라남도 목포시 옥암동,1246,1246,0,근화옥암베아채,84.8534,202110,14,"27,500",15,2014,남악1로52번길 83,,-,-
전라남도 목포시 옥암동,1246,1246,0,근화옥암베아채,84.9393,202110,17,"27,400",11,2014,남악1로52번길 83,,-,-
전라남도 목포시 옥암동,1246,1246,0,근화옥암베아채,84.8534,202110,23,"28,200",13,2014,남악1로52번길 83,,-,-
전라남도 목포시 옥암동,1246,1246,0,근화옥암베아채,84.9066,202110,23,"29,000",4,2014,남악1로52번길 83,,-,-
전라남도 목포시 옥암동,1246,1246,0,근화옥암베아채,84.9066,202110,23,"28,500",7,2014,남악1로52번길 83,,-,-
전라남도 목포시 옥암동,1246,1246,0,근화옥암베아채,84.8534,202110,28,"28,800",18,2014,남악1로52번길 83,,-,-
전라남도 목포시 옥암동,1329,1329,0,모아엘가,84.9246,202110,2,"26,900",4,2010,남악2로22번길 58,,-,-
전라남도 목포시 옥암동,1329,1329,0,모아엘가,84.9246,202110,3,"26,000",7,2010,남악2로22번길 58,,-,-
전라남도 목포시 옥암동,1329,1329,0,모아엘가,84.9246,202110,20,"29,000",12,2010,남악2로22번길 58,,-,-
전라남도 목포시 옥암동,1329,1329,0,모아엘가,84.9204,202110,21,"29,000",9,2010,남악2로22번길 58,,-,-
전라남도 목포시 옥암동,1329,1329,0,모아엘가,84.9833,202110,21,"35,400",20,2010,남악2로22번길 58,,-,-
전라남도 목포시 옥암동,1329,1329,0,모아엘가,84.9246,202110,28,"27,000",5,2010,남악2로22번길 58,,-,-
전라남도 목포시 옥암동,1178,1178,0,목포한국아델리움,103.2335,202110,2,"31,000",9,2008,남악1로 15,,-,-
전라남도 목포시 옥암동,1178,1178,0,목포한국아델리움,103.0428,202110,6,"30,000",5,2008,남악1로 15,,-,-
전라남도 목포시 옥암동,1178,1178,0,목포한국아델리움,103.2335,202110,20,"32,000",2,2008,남악1로 15,,-,-
전라남도 목포시 옥암동,1178,1178,0,목포한국아델리움,103.2335,202110,31,"32,000",14,2008,남악1로 15,,-,-
전라남도 목포시 옥암동,1148,1148,0,부영애시앙,84.9106,202110,9,"18,500",6,2007,당가두로13번길 35,,-,-
전라남도 목포시 옥암동,1148,1148,0,부영애시앙,84.9106,202110,14,"18,300",8,2007,당가두로13번길 35,,-,-
전라남도 목포시 옥암동,1148,1148,0,부영애시앙,84.9106,202110,15,"18,300",9,2007,당가두로13번길 35,,-,-
전라남도 목포시 옥암동,1144,1144,0,부영애시앙1차,84.9106,202110,2,"17,800",10,2007,당가두로13번길 9,,-,-
전라남도 목포시 옥암동,1144,1144,0,부영애시앙1차,84.9106,202110,5,"18,000",4,2007,당가두로13번길 9,,-,-
전라남도 목포시 옥암동,1144,1144,0,부영애시앙1차,84.9106,202110,6,"21,000",14,2007,당가두로13번길 9,,-,-
전라남도 목포시 옥암동,1144,1144,0,부영애시앙1차,84.9106,202110,9,"18,500",7,2007,당가두로13번길 9,,-,-
전라남도 목포시 옥암동,1144,1144,0,부영애시앙1차,84.6499,202110,10,"17,800",10,2007,당가두로13번길 9,,-,-
전라남도 목포시 옥암동,1144,1144,0,부영애시앙1차,84.9106,202110,10,"18,500",7,2007,당가두로13번길 9,,-,-
전라남도 목포시 옥암동,1144,1144,0,부영애시앙1차,84.9106,202110,11,"21,000",11,2007,당가두로13번길 9,,-,-
전라남도 목포시 옥암동,1144,1144,0,부영애시앙1차,84.9106,202110,13,"18,000",1,2007,당가두로13번길 9,,-,-
전라남도 목포시 옥암동,1144,1144,0,부영애시앙1차,84.6499,202110,17,"17,500",6,2007,당가두로13번길 9,,-,-
전라남도 목포시 옥암동,1144,1144,0,부영애시앙1차,84.9106,202110,23,"19,600",10,2007,당가두로13번길 9,,-,-
전라남도 목포시 옥암동,1144,1144,0,부영애시앙1차,84.9106,202110,30,"17,000",2,2007,당가두로13번길 9,,-,-
전라남도 목포시 옥암동,1098-4,1098,4,에메랄드골드,35.606,202110,7,"9,000",3,2013,평화로 116,,-,-
전라남도 목포시 옥암동,1098-4,1098,4,에메랄드골드,35.606,202110,12,"9,800",10,2013,평화로 116,,-,-
전라남도 목포시 옥암동,1098-4,1098,4,에메랄드골드,35.606,202110,20,"9,800",8,2013,평화로 116,,-,-
전라남도 목포시 옥암동,994,994,0,영신그린빌,59.33345,202110,5,"10,500",14,2001,신흥로83번길 4,,-,-
전라남도 목포시 옥암동,994,994,0,영신그린빌,59.33345,202110,8,"10,000",5,2001,신흥로83번길 4,,-,-
전라남도 목포시 옥암동,994,994,0,영신그린빌,84.133,202110,13,"13,200",4,2001,신흥로83번길 4,,-,-
전라남도 목포시 옥암동,994,994,0,영신그린빌,59.33345,202110,13,"9,500",10,2001,신흥로83번길 4,,-,-
전라남도 목포시 옥암동,994,994,0,영신그린빌,59.33345,202110,13,"9,500",10,2001,신흥로83번길 4,20211028,-,-
전라남도 목포시 옥암동,994,994,0,영신그린빌,59.33345,202110,18,"9,800",7,2001,신흥로83번길 4,,-,-
전라남도 목포시 옥암동,994,994,0,영신그린빌,84.9,202110,18,"12,500",15,2001,신흥로83번길 4,,-,-
전라남도 목포시 옥암동,961-4,961,4,영신그린빌2,133.074,202110,2,"20,500",3,2001,옥암로124번길 26,,-,-
전라남도 목포시 옥암동,961-4,961,4,영신그린빌2,84.133,202110,6,"14,000",4,2001,옥암로124번길 26,,-,-
전라남도 목포시 옥암동,961-4,961,4,영신그린빌2,133.074,202110,10,"19,000",4,2001,옥암로124번길 26,,-,-
전라남도 목포시 옥암동,1398,1398,0,옥암2차 한국아델리움 아파트,84.85,202110,14,"35,000",11,2019,옥암로 150,,-,-
전라남도 목포시 옥암동,1058-13,1058,13,옥암영신펠리시아,84.99,202110,3,"25,900",9,2012,하당로289번길 7,,-,-
전라남도 목포시 옥암동,1058-13,1058,13,옥암영신펠리시아,84.99,202110,3,"24,000",4,2012,하당로289번길 7,,-,-
전라남도 목포시 옥암동,1058-13,1058,13,옥암영신펠리시아,84.99,202110,8,"25,800",9,2012,하당로289번길 7,,-,-
전라남도 목포시 옥암동,1058-13,1058,13,옥암영신펠리시아,84.99,202110,14,"31,800",15,2012,하당로289번길 7,,-,-
전라남도 목포시 옥암동,1397,1397,0,옥암우방아이유쉘,84.8891,202110,8,"27,000",9,2014,하당로289번길 19,,-,-
전라남도 목포시 옥암동,962,962,0,우미1,49.77,202110,4,"5,650",13,1993,삼향천로 131,,-,-
전라남도 목포시 옥암동,962,962,0,우미1,60,202110,7,"8,325",6,1993,삼향천로 131,,-,-
전라남도 목포시 옥암동,962,962,0,우미1,60,202110,14,"8,300",6,1993,삼향천로 131,,-,-
전라남도 목포시 옥암동,964,964,0,우미2,59.94,202110,11,"9,700",2,1994,삼향천로 113,,-,-
전라남도 목포시 옥암동,1096,1096,0,우미블루빌,59.3897,202110,14,"13,300",3,2001,평화로153번길 9,,-,-
전라남도 목포시 옥암동,1096,1096,0,우미블루빌,59.3897,202110,16,"14,200",6,2001,평화로153번길 9,,-,-
전라남도 목포시 옥암동,1096,1096,0,우미블루빌,84.3601,202110,25,"18,450",4,2001,평화로153번길 9,,-,-
전라남도 목포시 옥암동,1096,1096,0,우미블루빌,59.3897,202110,27,"15,950",14,2001,평화로153번길 9,,-,-
전라남도 목포시 옥암동,1315,1315,0,우미파렌하이트,108.9882,202110,4,"42,800",10,2013,남악2로22번길 15,,-,-
전라남도 목포시 옥암동,1315,1315,0,우미파렌하이트,106.4776,202110,8,"46,500",8,2013,남악2로22번길 15,,-,-
전라남도 목포시 옥암동,1315,1315,0,우미파렌하이트,108.9882,202110,14,"43,000",3,2013,남악2로22번길 15,,-,-
전라남도 목포시 옥암동,1315,1315,0,우미파렌하이트,127.7074,202110,16,"51,700",6,2013,남악2로22번길 15,,-,-
전라남도 목포시 옥암동,1315,1315,0,우미파렌하이트,84.9826,202110,26,"32,000",3,2013,남악2로22번길 15,,-,-
전라남도 목포시 옥암동,916-3,916,3,제일3차풍경채,59.9145,202110,6,"14,400",2,2002,하당로289번길 6,,-,-
전라남도 목포시 옥암동,916-3,916,3,제일3차풍경채,59.9145,202110,6,"14,400",2,2002,하당로289번길 6,20211102,-,-
전라남도 목포시 옥암동,916-3,916,3,제일3차풍경채,84.8954,202110,18,"20,000",12,2002,하당로289번길 6,,-,-
전라남도 목포시 옥암동,915,915,0,제일5차풍경채,59.9972,202110,2,"15,800",6,2003,하당로289번길 25,,-,-
전라남도 목포시 옥암동,915,915,0,제일5차풍경채,59.9972,202110,16,"16,800",4,2003,하당로289번길 25,,-,-
전라남도 목포시 옥암동,915,915,0,제일5차풍경채,80.7892,202110,18,"18,200",7,2003,하당로289번길 25,,-,-
전라남도 목포시 옥암동,915,915,0,제일5차풍경채,80.7892,202110,18,"18,000",11,2003,하당로289번길 25,,-,-
전라남도 목포시 옥암동,915-26,915,26,제일6차풍경채,80.7892,202110,2,"17,100",4,2003,옥암로 156,,-,-
전라남도 목포시 옥암동,915-26,915,26,제일6차풍경채,59.9972,202110,11,"16,400",7,2003,옥암로 156,,-,-
전라남도 목포시 옥암동,915-26,915,26,제일6차풍경채,80.7892,202110,12,"14,000",10,2003,옥암로 156,,-,-
전라남도 목포시 옥암동,1149,1149,0,코아루,84.9252,202110,8,"22,900",13,2007,당가두로13번길 12,,-,-
전라남도 목포시 옥암동,1149,1149,0,코아루,84.8886,202110,8,"19,000",2,2007,당가두로13번길 12,,-,-
전라남도 목포시 옥암동,1312,1312,0,코아루천년가,84.948,202110,6,"27,000",5,2013,남악1로16번길 43-14,,-,-
전라남도 목포시 옥암동,1312,1312,0,코아루천년가,84.99,202110,9,"33,900",1,2013,남악1로16번길 43-14,,-,-
전라남도 목포시 옥암동,1312,1312,0,코아루천년가,84.99,202110,12,"30,500",5,2013,남악1로16번길 43-14,,-,-
전라남도 목포시 옥암동,1312,1312,0,코아루천년가,84.99,202110,12,"29,000",1,2013,남악1로16번길 43-14,,-,-
전라남도 목포시 옥암동,1312,1312,0,코아루천년가,84.963,202110,12,"25,500",2,2013,남악1로16번길 43-14,,-,-
전라남도 목포시 옥암동,1312,1312,0,코아루천년가,84.948,202110,19,"29,000",6,2013,남악1로16번길 43-14,,-,-
전라남도 목포시 옥암동,1174,1174,0,푸르지오,84.962,202110,2,"21,900",9,2007,남악1로 51,,-,-
전라남도 목포시 옥암동,1174,1174,0,푸르지오,84.9777,202110,3,"21,500",14,2007,남악1로 51,,-,-
전라남도 목포시 옥암동,1174,1174,0,푸르지오,84.962,202110,7,"23,100",15,2007,남악1로 51,,-,-
전라남도 목포시 옥암동,1174,1174,0,푸르지오,84.9777,202110,9,"21,700",3,2007,남악1로 51,,-,-
전라남도 목포시 옥암동,1174,1174,0,푸르지오,84.962,202110,12,"22,500",7,2007,남악1로 51,,-,-
전라남도 목포시 옥암동,1174,1174,0,푸르지오,84.9777,202110,15,"22,100",15,2007,남악1로 51,,-,-
전라남도 목포시 옥암동,1103,1103,0,풍경채1차,84.9214,202110,6,"16,000",2,2001,미항로 206,,-,-
전라남도 목포시 옥암동,1103,1103,0,풍경채1차,84.9756,202110,20,"19,650",3,2001,미항로 206,,-,-
전라남도 목포시 옥암동,961,961,0,하당금호1,84.99,202110,6,"14,300",4,1995,백년대로375번길 32,,-,-
전라남도 목포시 옥암동,961,961,0,하당금호1,59.55,202110,15,"11,800",12,1995,백년대로375번길 32,,-,-
전라남도 목포시 옥암동,961,961,0,하당금호1,59.55,202110,20,"9,800",12,1995,백년대로375번길 32,,-,-
전라남도 목포시 옥암동,961,961,0,하당금호1,84.99,202110,28,"12,600",3,1995,백년대로375번길 32,,-,-
전라남도 목포시 옥암동,961,961,0,하당금호2,84.99,202110,2,"14,500",7,1996,백년대로375번길 20,,-,-
전라남도 목포시 옥암동,961,961,0,하당금호2,84.99,202110,6,"12,000",2,1996,백년대로375번길 20,,-,-
전라남도 목포시 옥암동,961,961,0,하당금호2,59.55,202110,14,"11,900",4,1996,백년대로375번길 20,,-,-
전라남도 목포시 옥암동,961,961,0,하당금호2,59.55,202110,14,"11,000",12,1996,백년대로375번길 20,,-,-
전라남도 목포시 옥암동,961,961,0,하당금호2,59.55,202110,17,"11,500",15,1996,백년대로375번길 20,,-,-
전라남도 목포시 옥암동,994-1,994,1,하당초원2,59.97,202110,2,"8,500",2,1996,신흥로 93,,-,-
전라남도 목포시 옥암동,994-1,994,1,하당초원2,84.72,202110,7,"13,900",8,1996,신흥로 93,,-,-
전라남도 목포시 옥암동,994-1,994,1,하당초원2,84.72,202110,8,"13,850",10,1996,신흥로 93,,-,-
전라남도 목포시 옥암동,1321,1321,0,한라비발디,108.15,202110,1,"39,700",12,2008,남악2로22번길 10,,-,-
전라남도 목포시 옥암동,1321,1321,0,한라비발디,159.06,202110,2,"50,000",6,2008,남악2로22번길 10,,-,-
전라남도 목포시 옥암동,1321,1321,0,한라비발디,108.15,202110,2,"42,000",5,2008,남악2로22번길 10,,-,-
전라남도 목포시 옥암동,1321,1321,0,한라비발디,114.63,202110,2,"43,000",5,2008,남악2로22번길 10,,-,-
전라남도 목포시 옥암동,1321,1321,0,한라비발디,114.63,202110,2,"41,800",9,2008,남악2로22번길 10,,-,-
전라남도 목포시 옥암동,1321,1321,0,한라비발디,108.15,202110,13,"39,000",17,2008,남악2로22번길 10,,-,-
전라남도 목포시 옥암동,1321,1321,0,한라비발디,127.9,202110,14,"48,000",3,2008,남악2로22번길 10,,-,-
전라남도 목포시 옥암동,1321,1321,0,한라비발디,108.15,202110,15,"37,300",10,2008,남악2로22번길 10,,-,-
전라남도 목포시 옥암동,1321,1321,0,한라비발디,127.9,202110,25,"45,000",1,2008,남악2로22번길 10,,-,-
전라남도 목포시 옥암동,1321,1321,0,한라비발디,108.15,202110,25,"37,300",10,2008,남악2로22번길 10,20211025,-,-
전라남도 목포시 옥암동,1321,1321,0,한라비발디,114.63,202110,30,"45,800",10,2008,남악2로22번길 10,,-,-
전라남도 목포시 옥암동,992,992,0,현대아이파크2,84.983,202110,13,"18,500",8,2002,삼향천로91번길 21,,-,-
전라남도 목포시 옥암동,992,992,0,현대아이파크2,119.9929,202110,14,"21,000",2,2002,삼향천로91번길 21,,-,-
전라남도 목포시 옥암동,992,992,0,현대아이파크2,84.983,202110,25,"18,700",5,2002,삼향천로91번길 21,,-,-
전라남도 목포시 용당동,1214,1214,0,에드가채움,68.5623,202110,3,"21,000",8,2016,소영길 43,,-,-
전라남도 목포시 용당동,1214,1214,0,에드가채움,68.5623,202110,3,"17,400",3,2016,소영길 43,,-,-
전라남도 목포시 용당동,1214,1214,0,에드가채움,84.9407,202110,7,"23,000",14,2016,소영길 43,,-,-
전라남도 목포시 용당동,1214,1214,0,에드가채움,68.5623,202110,13,"17,300",5,2016,소영길 43,,-,-
전라남도 목포시 용당동,1214,1214,0,에드가채움,84.9806,202110,28,"23,000",16,2016,소영길 43,,-,-
전라남도 목포시 용당동,982-25,982,25,용당,41.9,202110,5,"4,500",3,1977,송림로 5,,-,-
전라남도 목포시 용당동,982-25,982,25,용당,41.9,202110,15,"5,000",3,1977,송림로 5,,-,-
전라남도 목포시 용당동,982-25,982,25,용당,40.46,202110,22,"6,100",5,1977,송림로 5,,-,-
전라남도 목포시 용당동,982-25,982,25,용당,40.47,202110,25,"4,300",5,1977,송림로 5,,-,-
전라남도 목포시 용당동,1133-1,1133,1,용당프라자,84.84,202110,14,"8,500",6,2006,산정로128번길 33,,-,-
전라남도 목포시 용당동,1195-1,1195,1,초원로얄,84.94,202110,8,"7,400",2,1988,양을로208번길 7,,-,-
전라남도 목포시 용해동,143-7,143,7,금호타운,84.65,202110,6,"9,400",13,1994,삼학로 331,,-,-
전라남도 목포시 용해동,143-7,143,7,금호타운,74.05,202110,6,"8,500",5,1994,삼학로 331,,-,-
전라남도 목포시 용해동,152-80,152,80,동아,84.97,202110,14,"9,500",8,1992,삼학로 303-3,,-,-
전라남도 목포시 용해동,152-80,152,80,동아,84.97,202110,23,"12,350",6,1992,삼학로 303-3,,-,-
전라남도 목포시 용해동,400-1,400,1,라이프,84.76,202110,7,"7,500",1,1990,용당로 323,,-,-
전라남도 목포시 용해동,400-1,400,1,라이프,73.6,202110,12,"7,650",6,1990,용당로 323,,-,-
전라남도 목포시 용해동,400-1,400,1,라이프,73.6,202110,20,"7,800",7,1990,용당로 323,,-,-
전라남도 목포시 용해동,280,280,0,샤론빌라,68.26,202110,26,"4,200",3,1990,안태길32번길 1,,-,-
전라남도 목포시 용해동,126,126,0,신안인스빌,84.784,202110,2,"17,550",13,2007,삼학로 363,,-,-
전라남도 목포시 용해동,126,126,0,신안인스빌,84.784,202110,5,"15,900",3,2007,삼학로 363,,-,-
전라남도 목포시 용해동,126,126,0,신안인스빌,59.7912,202110,7,"11,800",19,2007,삼학로 363,,-,-
전라남도 목포시 용해동,126,126,0,신안인스빌,84.784,202110,11,"16,200",3,2007,삼학로 363,,-,-
전라남도 목포시 용해동,126,126,0,신안인스빌,59.7912,202110,12,"13,800",5,2007,삼학로 363,,-,-
전라남도 목포시 용해동,126,126,0,신안인스빌,84.784,202110,13,"17,250",15,2007,삼학로 363,,-,-
전라남도 목포시 용해동,126,126,0,신안인스빌,137.4487,202110,18,"23,500",19,2007,삼학로 363,,-,-
전라남도 목포시 용해동,126,126,0,신안인스빌,29.7543,202110,22,"7,900",9,2007,삼학로 363,,-,-
전라남도 목포시 용해동,126,126,0,신안인스빌,59.7912,202110,22,"12,900",18,2007,삼학로 363,,-,-
전라남도 목포시 용해동,713,713,0,용해2,54.67,202110,2,"7,800",5,1983,양을로 267,,-,-
전라남도 목포시 용해동,713,713,0,용해2,46.03,202110,8,"9,900",4,1983,양을로 267,,-,-
전라남도 목포시 용해동,713,713,0,용해2,46.03,202110,13,"10,000",1,1983,양을로 267,,-,-
전라남도 목포시 용해동,1040,1040,0,용해지구천년가맘스카운티,59.75,202110,1,"20,800",14,2019,용해지구로88번길 7,,-,-
전라남도 목포시 용해동,1040,1040,0,용해지구천년가맘스카운티,59.75,202110,7,"19,100",5,2019,용해지구로88번길 7,,-,-
전라남도 목포시 용해동,1040,1040,0,용해지구천년가맘스카운티,59.75,202110,8,"19,500",1,2019,용해지구로88번길 7,,-,-
전라남도 목포시 용해동,1040,1040,0,용해지구천년가맘스카운티,59.75,202110,15,"20,400",9,2019,용해지구로88번길 7,,-,-
전라남도 목포시 용해동,1040,1040,0,용해지구천년가맘스카운티,59.75,202110,20,"19,800",14,2019,용해지구로88번길 7,,-,-
전라남도 목포시 용해동,1040,1040,0,용해지구천년가맘스카운티,59.75,202110,24,"20,500",11,2019,용해지구로88번길 7,,-,-
전라남도 목포시 용해동,1040,1040,0,용해지구천년가맘스카운티,59.75,202110,25,"20,100",6,2019,용해지구로88번길 7,,-,-
전라남도 목포시 용해동,1040,1040,0,용해지구천년가맘스카운티,59.75,202110,25,"20,400",12,2019,용해지구로88번길 7,,-,-
전라남도 목포시 용해동,1040,1040,0,용해지구천년가맘스카운티,59.81,202110,25,"18,950",3,2019,용해지구로88번길 7,,-,-
전라남도 목포시 용해동,1025,1025,0,용해호반리젠시빌스위트,84.941,202110,2,"18,000",8,2005,용당로331번길 88,,-,-
전라남도 목포시 용해동,1025,1025,0,용해호반리젠시빌스위트,84.941,202110,2,"18,700",12,2005,용당로331번길 88,,-,-
전라남도 목포시 용해동,1025,1025,0,용해호반리젠시빌스위트,84.941,202110,6,"16,900",2,2005,용당로331번길 88,,-,-
전라남도 목포시 용해동,1025,1025,0,용해호반리젠시빌스위트,84.941,202110,14,"16,500",1,2005,용당로331번길 88,,-,-
전라남도 목포시 용해동,1025,1025,0,용해호반리젠시빌스위트,84.941,202110,21,"17,800",3,2005,용당로331번길 88,,-,-
전라남도 목포시 용해동,374,374,0,청산푸른,59.97,202110,14,"6,500",1,1996,온남길 25,,-,-
전라남도 목포시 용해동,973,973,0,포미타운주공1단지,51.74,202110,2,"10,100",7,2004,포미로 23,,-,-
전라남도 목포시 용해동,973,973,0,포미타운주공1단지,59.99,202110,7,"12,900",11,2004,포미로 23,,-,-
전라남도 목포시 용해동,973,973,0,포미타운주공1단지,59.99,202110,8,"12,000",13,2004,포미로 23,,-,-
전라남도 목포시 용해동,973,973,0,포미타운주공1단지,59.99,202110,13,"12,900",10,2004,포미로 23,,-,-
전라남도 목포시 용해동,973,973,0,포미타운주공1단지,51.74,202110,16,"11,000",15,2004,포미로 23,,-,-
전라남도 목포시 용해동,973,973,0,포미타운주공1단지,51.74,202110,28,"9,500",14,2004,포미로 23,,-,-
전라남도 목포시 죽교동,704,704,0,목포죽교동신안실크밸리7차아파트,66.9844,202110,1,"18,800",19,2016,청호로219번길 51,,-,-
전라남도 목포시 죽교동,704,704,0,목포죽교동신안실크밸리7차아파트,84.9642,202110,5,"28,100",12,2016,청호로219번길 51,,-,-
전라남도 목포시 죽교동,704,704,0,목포죽교동신안실크밸리7차아파트,84.9885,202110,5,"26,500",17,2016,청호로219번길 51,,-,-
전라남도 목포시 죽교동,704,704,0,목포죽교동신안실크밸리7차아파트,66.9844,202110,6,"22,400",15,2016,청호로219번길 51,,-,-
전라남도 목포시 죽교동,704,704,0,목포죽교동신안실크밸리7차아파트,84.9642,202110,22,"26,300",15,2016,청호로219번길 51,,-,-
전라남도 무안군 무안읍 교촌리,1039,1039,0,광명샤인빌,84.9072,202110,5,"14,500",5,2001,창포로 16,,-,-
전라남도 무안군 무안읍 성남리,811-6,811,6,서라,59.985,202110,12,"8,000",17,1996,면성1길 146,,-,-
전라남도 무안군 무안읍 성남리,811-6,811,6,서라,59.985,202110,15,"7,500",17,1996,면성1길 146,,-,-
전라남도 무안군 무안읍 성남리,811-6,811,6,서라,59.985,202110,21,"8,700",5,1996,면성1길 146,,-,-
전라남도 무안군 무안읍 성남리,811-6,811,6,서라,59.985,202110,23,"7,900",10,1996,면성1길 146,,-,-
전라남도 무안군 무안읍 성남리,812-2,812,2,일봉그레이스빌,61.6336,202110,30,"7,900",5,2001,면성1길 136-13,,-,-
전라남도 무안군 삼향읍 남악리,1863,1863,0,경남아너스빌,84.9902,202110,7,"22,000",1,2008,남악5로22번길 60,,-,-
전라남도 무안군 삼향읍 남악리,1863,1863,0,경남아너스빌,84.6293,202110,8,"23,400",8,2008,남악5로22번길 60,,-,-
전라남도 무안군 삼향읍 남악리,1863,1863,0,경남아너스빌,84.6293,202110,8,"27,000",11,2008,남악5로22번길 60,,-,-
전라남도 무안군 삼향읍 남악리,1863,1863,0,경남아너스빌,84.9902,202110,12,"24,500",9,2008,남악5로22번길 60,20211027,-,-
전라남도 무안군 삼향읍 남악리,1863,1863,0,경남아너스빌,84.9902,202110,12,"24,500",9,2008,남악5로22번길 60,,-,-
전라남도 무안군 삼향읍 남악리,1863,1863,0,경남아너스빌,84.6293,202110,29,"25,000",14,2008,남악5로22번길 60,,-,-
전라남도 무안군 삼향읍 남악리,1863,1863,0,경남아너스빌,84.6293,202110,30,"27,500",6,2008,남악5로22번길 60,,-,-
전라남도 무안군 삼향읍 남악리,2609,2609,0,골드디움,84.875,202110,1,"23,600",6,2013,남악5로72번길 81-21,,-,-
전라남도 무안군 삼향읍 남악리,2609,2609,0,골드디움,70.3214,202110,2,"17,500",4,2013,남악5로72번길 81-21,,-,-
전라남도 무안군 삼향읍 남악리,2609,2609,0,골드디움,84.875,202110,7,"25,000",11,2013,남악5로72번길 81-21,,-,-
전라남도 무안군 삼향읍 남악리,1577,1577,0,골든스위트,59.96,202110,10,"16,500",16,2013,남악4로 50,,-,-
전라남도 무안군 삼향읍 남악리,1480,1480,0,근화베아채,59.9881,202110,1,"18,200",21,2008,남악4로82번길 31,,-,-
전라남도 무안군 삼향읍 남악리,1480,1480,0,근화베아채,59.9881,202110,2,"18,000",10,2008,남악4로82번길 31,,-,-
전라남도 무안군 삼향읍 남악리,1480,1480,0,근화베아채,59.9368,202110,2,"20,000",20,2008,남악4로82번길 31,,-,-
전라남도 무안군 삼향읍 남악리,1480,1480,0,근화베아채,59.9881,202110,3,"17,800",18,2008,남악4로82번길 31,,-,-
전라남도 무안군 삼향읍 남악리,1480,1480,0,근화베아채,59.9368,202110,3,"19,500",15,2008,남악4로82번길 31,,-,-
전라남도 무안군 삼향읍 남악리,1480,1480,0,근화베아채,59.9881,202110,6,"19,500",12,2008,남악4로82번길 31,,-,-
전라남도 무안군 삼향읍 남악리,1480,1480,0,근화베아채,59.9368,202110,7,"16,400",18,2008,남악4로82번길 31,,-,-
전라남도 무안군 삼향읍 남악리,1480,1480,0,근화베아채,59.9881,202110,7,"17,400",8,2008,남악4로82번길 31,,-,-
전라남도 무안군 삼향읍 남악리,1480,1480,0,근화베아채,59.9368,202110,10,"17,500",19,2008,남악4로82번길 31,,-,-
전라남도 무안군 삼향읍 남악리,1480,1480,0,근화베아채,59.9881,202110,12,"19,000",19,2008,남악4로82번길 31,,-,-
전라남도 무안군 삼향읍 남악리,1480,1480,0,근화베아채,59.9368,202110,12,"18,500",19,2008,남악4로82번길 31,,-,-
전라남도 무안군 삼향읍 남악리,1480,1480,0,근화베아채,59.9881,202110,14,"19,000",24,2008,남악4로82번길 31,,-,-
전라남도 무안군 삼향읍 남악리,1480,1480,0,근화베아채,59.9368,202110,16,"19,900",16,2008,남악4로82번길 31,,-,-
전라남도 무안군 삼향읍 남악리,1480,1480,0,근화베아채,59.9881,202110,16,"19,000",24,2008,남악4로82번길 31,,-,-
전라남도 무안군 삼향읍 남악리,1480,1480,0,근화베아채,59.9368,202110,17,"19,500",7,2008,남악4로82번길 31,,-,-
전라남도 무안군 삼향읍 남악리,1480,1480,0,근화베아채,59.9368,202110,18,"18,800",8,2008,남악4로82번길 31,,-,-
전라남도 무안군 삼향읍 남악리,1480,1480,0,근화베아채,59.9881,202110,18,"18,500",22,2008,남악4로82번길 31,,-,-
전라남도 무안군 삼향읍 남악리,1480,1480,0,근화베아채,59.9368,202110,20,"18,400",18,2008,남악4로82번길 31,,-,-
전라남도 무안군 삼향읍 남악리,1480,1480,0,근화베아채,59.9368,202110,20,"19,000",19,2008,남악4로82번길 31,,-,-
전라남도 무안군 삼향읍 남악리,1480,1480,0,근화베아채,59.9368,202110,20,"18,500",3,2008,남악4로82번길 31,,-,-
전라남도 무안군 삼향읍 남악리,1480,1480,0,근화베아채,59.9368,202110,22,"18,500",9,2008,남악4로82번길 31,,-,-
전라남도 무안군 삼향읍 남악리,1480,1480,0,근화베아채,59.9881,202110,22,"17,000",19,2008,남악4로82번길 31,,-,-
전라남도 무안군 삼향읍 남악리,1480,1480,0,근화베아채,59.9881,202110,23,"19,400",3,2008,남악4로82번길 31,,-,-
전라남도 무안군 삼향읍 남악리,2532,2532,0,근화베아채스위트,84.7575,202110,2,"32,500",11,2013,남악5로22번길 20,,-,-
전라남도 무안군 삼향읍 남악리,2532,2532,0,근화베아채스위트,84.7575,202110,3,"33,000",13,2013,남악5로22번길 20,,-,-
전라남도 무안군 삼향읍 남악리,2532,2532,0,근화베아채스위트,84.7575,202110,4,"33,000",16,2013,남악5로22번길 20,,-,-
전라남도 무안군 삼향읍 남악리,2532,2532,0,근화베아채스위트,84.7575,202110,5,"33,000",12,2013,남악5로22번길 20,,-,-
전라남도 무안군 삼향읍 남악리,2532,2532,0,근화베아채스위트,84.8514,202110,6,"32,000",4,2013,남악5로22번길 20,,-,-
전라남도 무안군 삼향읍 남악리,2532,2532,0,근화베아채스위트,84.7575,202110,9,"33,500",18,2013,남악5로22번길 20,,-,-
전라남도 무안군 삼향읍 남악리,2532,2532,0,근화베아채스위트,84.8514,202110,11,"28,500",10,2013,남악5로22번길 20,,-,-
전라남도 무안군 삼향읍 남악리,2532,2532,0,근화베아채스위트,84.8514,202110,14,"32,800",8,2013,남악5로22번길 20,,-,-
전라남도 무안군 삼향읍 남악리,2532,2532,0,근화베아채스위트,84.7575,202110,14,"32,900",10,2013,남악5로22번길 20,20211023,-,-
전라남도 무안군 삼향읍 남악리,2532,2532,0,근화베아채스위트,84.7575,202110,19,"32,800",4,2013,남악5로22번길 20,,-,-
전라남도 무안군 삼향읍 남악리,2532,2532,0,근화베아채스위트,84.8514,202110,20,"32,800",5,2013,남악5로22번길 20,,-,-
전라남도 무안군 삼향읍 남악리,2532,2532,0,근화베아채스위트,84.7575,202110,23,"32,900",10,2013,남악5로22번길 20,,-,-
전라남도 무안군 삼향읍 남악리,2531,2531,0,근화베아체비올레,84.7575,202110,1,"32,800",8,2014,남악5로22번길 10,,-,-
전라남도 무안군 삼향읍 남악리,2531,2531,0,근화베아체비올레,105.4018,202110,2,"38,000",6,2014,남악5로22번길 10,,-,-
전라남도 무안군 삼향읍 남악리,2531,2531,0,근화베아체비올레,105.4018,202110,7,"38,400",7,2014,남악5로22번길 10,,-,-
전라남도 무안군 삼향읍 남악리,2531,2531,0,근화베아체비올레,84.7575,202110,10,"33,500",2,2014,남악5로22번길 10,,-,-
전라남도 무안군 삼향읍 남악리,2531,2531,0,근화베아체비올레,105.4018,202110,17,"40,900",5,2014,남악5로22번길 10,,-,-
전라남도 무안군 삼향읍 남악리,2531,2531,0,근화베아체비올레,84.7575,202110,23,"35,800",10,2014,남악5로22번길 10,,-,-
전라남도 무안군 삼향읍 남악리,1578,1578,0,남악리젠시빌,58.6574,202110,8,"16,900",15,2006,남악4로60번길 14,,-,-
전라남도 무안군 삼향읍 남악리,1578,1578,0,남악리젠시빌,58.6574,202110,14,"16,000",14,2006,남악4로60번길 14,,-,-
전라남도 무안군 삼향읍 남악리,1578,1578,0,남악리젠시빌,58.6574,202110,15,"17,000",7,2006,남악4로60번길 14,,-,-
전라남도 무안군 삼향읍 남악리,1578,1578,0,남악리젠시빌,58.6574,202110,18,"15,500",3,2006,남악4로60번길 14,,-,-
전라남도 무안군 삼향읍 남악리,1578,1578,0,남악리젠시빌,58.6574,202110,20,"17,300",18,2006,남악4로60번길 14,,-,-
전라남도 무안군 삼향읍 남악리,1578,1578,0,남악리젠시빌,58.6574,202110,22,"16,000",3,2006,남악4로60번길 14,,-,-
전라남도 무안군 삼향읍 남악리,1578,1578,0,남악리젠시빌,58.6574,202110,23,"17,400",20,2006,남악4로60번길 14,,-,-
전라남도 무안군 삼향읍 남악리,1578,1578,0,남악리젠시빌,58.6574,202110,23,"16,970",14,2006,남악4로60번길 14,,-,-
전라남도 무안군 삼향읍 남악리,1578,1578,0,남악리젠시빌,58.6574,202110,23,"17,000",6,2006,남악4로60번길 14,,-,-
전라남도 무안군 삼향읍 남악리,1578,1578,0,남악리젠시빌,58.6574,202110,29,"16,900",3,2006,남악4로60번길 14,,-,-
전라남도 무안군 삼향읍 남악리,1578,1578,0,남악리젠시빌,58.6574,202110,30,"17,400",11,2006,남악4로60번길 14,,-,-
전라남도 무안군 삼향읍 남악리,2314,2314,0,남악세영리첼,84.8607,202110,2,"26,300",7,2013,남악4로34번길 31,,-,-
전라남도 무안군 삼향읍 남악리,2314,2314,0,남악세영리첼,84.8607,202110,6,"26,800",11,2013,남악4로34번길 31,,-,-
전라남도 무안군 삼향읍 남악리,2314,2314,0,남악세영리첼,84.8607,202110,11,"32,000",12,2013,남악4로34번길 31,,-,-
전라남도 무안군 삼향읍 남악리,2314,2314,0,남악세영리첼,84.8607,202110,11,"25,000",3,2013,남악4로34번길 31,,-,-
전라남도 무안군 삼향읍 남악리,2314,2314,0,남악세영리첼,84.9217,202110,11,"26,300",2,2013,남악4로34번길 31,,-,-
전라남도 무안군 삼향읍 남악리,2314,2314,0,남악세영리첼,84.9217,202110,15,"30,000",8,2013,남악4로34번길 31,,-,-
전라남도 무안군 삼향읍 남악리,2314,2314,0,남악세영리첼,84.8607,202110,28,"26,900",4,2013,남악4로34번길 31,,-,-
전라남도 무안군 삼향읍 남악리,2321,2321,0,남악신도시모아엘가2차,84.867,202110,4,"31,000",14,2013,남악4로34번길 8,,-,-
전라남도 무안군 삼향읍 남악리,2321,2321,0,남악신도시모아엘가2차,84.867,202110,9,"31,500",14,2013,남악4로34번길 8,,-,-
전라남도 무안군 삼향읍 남악리,2321,2321,0,남악신도시모아엘가2차,73.5576,202110,12,"26,400",7,2013,남악4로34번길 8,,-,-
전라남도 무안군 삼향읍 남악리,2321,2321,0,남악신도시모아엘가2차,84.867,202110,12,"30,500",6,2013,남악4로34번길 8,,-,-
전라남도 무안군 삼향읍 남악리,2321,2321,0,남악신도시모아엘가2차,84.867,202110,13,"32,000",15,2013,남악4로34번길 8,,-,-
전라남도 무안군 삼향읍 남악리,2321,2321,0,남악신도시모아엘가2차,84.867,202110,21,"33,000",15,2013,남악4로34번길 8,,-,-
전라남도 무안군 삼향읍 남악리,2321,2321,0,남악신도시모아엘가2차,84.867,202110,22,"32,000",9,2013,남악4로34번길 8,,-,-
전라남도 무안군 삼향읍 남악리,2321,2321,0,남악신도시모아엘가2차,73.5576,202110,24,"26,000",6,2013,남악4로34번길 8,,-,-
전라남도 무안군 삼향읍 남악리,2321,2321,0,남악신도시모아엘가2차,84.867,202110,24,"33,000",5,2013,남악4로34번길 8,,-,-
전라남도 무안군 삼향읍 남악리,2100,2100,0,남악신도시아이파크,84.95,202110,2,"23,900",6,2007,남악2로74번길 14,,-,-
전라남도 무안군 삼향읍 남악리,2100,2100,0,남악신도시아이파크,84.95,202110,5,"19,900",4,2007,남악2로74번길 14,,-,-
전라남도 무안군 삼향읍 남악리,2100,2100,0,남악신도시아이파크,84.91,202110,8,"23,000",14,2007,남악2로74번길 14,,-,-
전라남도 무안군 삼향읍 남악리,2100,2100,0,남악신도시아이파크,84.96,202110,14,"22,000",4,2007,남악2로74번길 14,,-,-
전라남도 무안군 삼향읍 남악리,2100,2100,0,남악신도시아이파크,84.96,202110,16,"24,500",16,2007,남악2로74번길 14,,-,-
전라남도 무안군 삼향읍 남악리,2100,2100,0,남악신도시아이파크,84.96,202110,18,"24,000",13,2007,남악2로74번길 14,,-,-
전라남도 무안군 삼향읍 남악리,2100,2100,0,남악신도시아이파크,84.91,202110,28,"23,500",7,2007,남악2로74번길 14,,-,-
전라남도 무안군 삼향읍 남악리,2100,2100,0,남악신도시아이파크,84.91,202110,29,"23,000",4,2007,남악2로74번길 14,,-,-
전라남도 무안군 삼향읍 남악리,2100,2100,0,남악신도시아이파크,84.91,202110,30,"24,500",11,2007,남악2로74번길 14,,-,-
전라남도 무안군 삼향읍 남악리,2273,2273,0,뉴캐슬주상복합아파트,82.23,202110,7,"24,000",14,2015,남악2로22번길 30,,-,-
전라남도 무안군 삼향읍 남악리,2273,2273,0,뉴캐슬주상복합아파트,82.23,202110,19,"24,200",14,2015,남악2로22번길 30,,-,-
전라남도 무안군 삼향읍 남악리,2104,2104,0,더트리폴리앙,59.91,202110,18,"16,400",15,2013,남악3로 71,,-,-
전라남도 무안군 삼향읍 남악리,1584,1584,0,부영애시앙,115.7575,202110,2,"29,500",5,2007,남악5로72번길 7,,-,-
전라남도 무안군 삼향읍 남악리,1584,1584,0,부영애시앙,103.2493,202110,2,"26,300",15,2007,남악5로72번길 7,,-,-
전라남도 무안군 삼향읍 남악리,1584,1584,0,부영애시앙,102.5152,202110,3,"24,550",9,2007,남악5로72번길 7,,-,-
전라남도 무안군 삼향읍 남악리,1584,1584,0,부영애시앙,103.2493,202110,13,"27,000",15,2007,남악5로72번길 7,,-,-
전라남도 무안군 삼향읍 남악리,1584,1584,0,부영애시앙,102.5152,202110,13,"26,200",13,2007,남악5로72번길 7,,-,-
전라남도 무안군 삼향읍 남악리,1584,1584,0,부영애시앙,115.7575,202110,16,"28,000",3,2007,남악5로72번길 7,,-,-
전라남도 무안군 삼향읍 남악리,1584,1584,0,부영애시앙,115.7575,202110,22,"32,800",7,2007,남악5로72번길 7,,-,-
전라남도 무안군 삼향읍 남악리,1584,1584,0,부영애시앙,115.7575,202110,23,"29,750",4,2007,남악5로72번길 7,,-,-
전라남도 무안군 삼향읍 남악리,1592,1592,0,신동아파밀리에,84.99,202110,1,"21,800",14,2008,남악영산길 39,,-,-
전라남도 무안군 삼향읍 남악리,1592,1592,0,신동아파밀리에,84.99,202110,3,"22,800",17,2008,남악영산길 39,,-,-
전라남도 무안군 삼향읍 남악리,1592,1592,0,신동아파밀리에,84.99,202110,6,"21,500",7,2008,남악영산길 39,,-,-
전라남도 무안군 삼향읍 남악리,1592,1592,0,신동아파밀리에,84.99,202110,8,"22,500",14,2008,남악영산길 39,,-,-
전라남도 무안군 삼향읍 남악리,1592,1592,0,신동아파밀리에,84.93,202110,9,"22,600",18,2008,남악영산길 39,,-,-
전라남도 무안군 삼향읍 남악리,1592,1592,0,신동아파밀리에,84.99,202110,10,"23,300",17,2008,남악영산길 39,,-,-
전라남도 무안군 삼향읍 남악리,1592,1592,0,신동아파밀리에,84.99,202110,10,"18,500",1,2008,남악영산길 39,,-,-
전라남도 무안군 삼향읍 남악리,1592,1592,0,신동아파밀리에,84.99,202110,11,"21,900",8,2008,남악영산길 39,,-,-
전라남도 무안군 삼향읍 남악리,1592,1592,0,신동아파밀리에,84.96,202110,11,"21,000",5,2008,남악영산길 39,,-,-
전라남도 무안군 삼향읍 남악리,1592,1592,0,신동아파밀리에,84.99,202110,14,"19,600",1,2008,남악영산길 39,,-,-
전라남도 무안군 삼향읍 남악리,1592,1592,0,신동아파밀리에,84.96,202110,14,"23,000",10,2008,남악영산길 39,,-,-
전라남도 무안군 삼향읍 남악리,1592,1592,0,신동아파밀리에,84.93,202110,16,"22,800",8,2008,남악영산길 39,,-,-
전라남도 무안군 삼향읍 남악리,1592,1592,0,신동아파밀리에,84.99,202110,21,"23,000",15,2008,남악영산길 39,,-,-
전라남도 무안군 삼향읍 남악리,1592,1592,0,신동아파밀리에,84.93,202110,22,"21,300",18,2008,남악영산길 39,,-,-
전라남도 무안군 삼향읍 남악리,1592,1592,0,신동아파밀리에,84.99,202110,23,"23,300",11,2008,남악영산길 39,,-,-
전라남도 무안군 삼향읍 남악리,1592,1592,0,신동아파밀리에,84.99,202110,23,"21,500",14,2008,남악영산길 39,,-,-
전라남도 무안군 삼향읍 남악리,1592,1592,0,신동아파밀리에,84.96,202110,23,"23,000",8,2008,남악영산길 39,,-,-
전라남도 무안군 삼향읍 남악리,1592,1592,0,신동아파밀리에,84.93,202110,24,"19,700",2,2008,남악영산길 39,,-,-
전라남도 무안군 삼향읍 남악리,2072,2072,0,오룡마을휴먼시아,74.54,202110,13,"18,700",12,2009,남악2로74번길 13,,-,-
전라남도 무안군 삼향읍 남악리,2072,2072,0,오룡마을휴먼시아,74.54,202110,14,"17,700",4,2009,남악2로74번길 13,,-,-
전라남도 무안군 삼향읍 남악리,2072,2072,0,오룡마을휴먼시아,84.51,202110,18,"22,000",11,2009,남악2로74번길 13,,-,-
전라남도 무안군 삼향읍 남악리,2072,2072,0,오룡마을휴먼시아,84.51,202110,18,"22,000",19,2009,남악2로74번길 13,,-,-
전라남도 무안군 삼향읍 남악리,2072,2072,0,오룡마을휴먼시아,84.51,202110,19,"21,950",15,2009,남악2로74번길 13,,-,-
전라남도 무안군 삼향읍 남악리,2601,2601,0,제일풍경채리버파크,84.72,202110,2,"24,000",2,2014,남악5로72번길 81-30,,-,-
전라남도 무안군 삼향읍 남악리,2601,2601,0,제일풍경채리버파크,84.72,202110,10,"27,500",9,2014,남악5로72번길 81-30,,-,-
전라남도 무안군 삼향읍 남악리,2601,2601,0,제일풍경채리버파크,84.75,202110,13,"25,400",3,2014,남악5로72번길 81-30,,-,-
전라남도 무안군 삼향읍 남악리,2601,2601,0,제일풍경채리버파크,84.72,202110,13,"24,200",1,2014,남악5로72번길 81-30,,-,-
전라남도 무안군 삼향읍 남악리,2601,2601,0,제일풍경채리버파크,84.72,202110,15,"28,450",10,2014,남악5로72번길 81-30,,-,-
전라남도 무안군 삼향읍 남악리,2601,2601,0,제일풍경채리버파크,84.75,202110,23,"28,500",17,2014,남악5로72번길 81-30,,-,-
전라남도 무안군 삼향읍 남악리,2601,2601,0,제일풍경채리버파크,84.75,202110,24,"23,600",15,2014,남악5로72번길 81-30,,-,-
전라남도 무안군 삼향읍 남악리,2601,2601,0,제일풍경채리버파크,84.72,202110,29,"25,800",16,2014,남악5로72번길 81-30,,-,-
전라남도 무안군 삼향읍 남악리,2601,2601,0,제일풍경채리버파크,84.72,202110,31,"28,400",14,2014,남악5로72번길 81-30,,-,-
전라남도 무안군 삼향읍 남악리,2105,2105,0,펠리시티3차주상복합아파트,59.8456,202110,8,"17,000",6,2016,남악3로 55,,-,-
전라남도 무안군 삼향읍 남악리,2105,2105,0,펠리시티3차주상복합아파트,59.8456,202110,11,"17,400",11,2016,남악3로 55,,-,-
전라남도 무안군 삼향읍 남악리,2105,2105,0,펠리시티3차주상복합아파트,59.9355,202110,22,"17,380",7,2016,남악3로 55,,-,-
전라남도 무안군 일로읍 오룡리,111,111,0,오룡에듀포레푸르지오(2단지),84.9783,202110,1,"48,000",18,2020,오룡중앙동로 65,,-,-
전라남도 무안군 일로읍 오룡리,1,1,0,호반써밋 남악오룡 1차,106.4124,202110,5,"59,000",4,2020,오룡번영로 131,,-,-
전라남도 무안군 청계면 남성리,6,6,0,대호,38.68,202110,20,"2,750",7,1997,청계중앙길 54,,-,-
전라남도 보성군 벌교읍 회정리,486,486,0,장미,59.37,202110,8,"6,000",12,1999,홍암로 116-10,,-,-
전라남도 보성군 벌교읍 회정리,486,486,0,장미,59.37,202110,18,"6,800",12,1999,홍암로 116-10,,-,-
전라남도 보성군 벌교읍 회정리,486,486,0,장미,59.37,202110,26,"6,200",12,1999,홍암로 116-10,,-,-
전라남도 보성군 벌교읍 회정리,407,407,0,푸르미주택(주),84.5281,202110,14,"22,000",5,2020,홍암로 95-28,,-,-
전라남도 보성군 보성읍 보성리,Jan-93,93,1,보성센트럴뷰,73.3381,202110,1,"20,000",14,2016,중앙로 49,,-,-
전라남도 보성군 보성읍 보성리,Jan-93,93,1,보성센트럴뷰,73.3381,202110,12,"18,000",2,2016,중앙로 49,,-,-
전라남도 보성군 보성읍 보성리,Jan-93,93,1,보성센트럴뷰,73.3381,202110,13,"20,500",10,2016,중앙로 49,,-,-
전라남도 보성군 보성읍 보성리,542,542,0,정산,84.24,202110,11,"5,000",5,1992,송재로 200-1,,-,-
전라남도 보성군 보성읍 우산리,07월 02일,7,2,보성장미힐,59.15,202110,29,"7,400",4,2003,중앙로 30-40,,-,-
전라남도 보성군 보성읍 우산리,306-9,306,9,영진,64.08,202110,28,"4,000",9,1991,봉화로 118,,-,-
전라남도 보성군 보성읍 우산리,631-1,631,1,우산주공,49.85,202110,2,"7,000",14,1999,중앙로 7,,-,-
전라남도 보성군 보성읍 우산리,631-1,631,1,우산주공,49.85,202110,23,"6,700",3,1999,중앙로 7,,-,-
전라남도 보성군 보성읍 우산리,631-1,631,1,우산주공,39.51,202110,29,"6,200",13,1999,중앙로 7,,-,-
전라남도 순천시 가곡동,972,972,0,시영,59.9,202110,21,"7,500",5,1991,가곡길 95,,-,-
전라남도 순천시 가곡동,646,646,0,신영아파트,49.77,202110,4,"5,700",2,1994,가곡길 30,,-,-
전라남도 순천시 가곡동,646,646,0,신영아파트,49.77,202110,7,"5,700",13,1994,가곡길 30,,-,-
전라남도 순천시 가곡동,646,646,0,신영아파트,49.77,202110,24,"7,250",6,1994,가곡길 30,,-,-
전라남도 순천시 가곡동,BL-15-9,15,9,양우내안애,84.9551,202110,16,"25,000",2,2013,원가곡길 75,,-,-
전라남도 순천시 가곡동,BL-15-9,15,9,양우내안애,84.9226,202110,27,"25,800",7,2013,원가곡길 75,,-,-
전라남도 순천시 남정동,499-1,499,1,한경(499-1),52.83,202110,14,"4,200",4,1986,남산4길 48,,-,-
전라남도 순천시 덕월동,653-2,653,2,우성,84.96,202110,9,"12,600",12,1996,덕월길 22,,-,-
전라남도 순천시 덕월동,653-2,653,2,우성,84.96,202110,9,"12,700",3,1996,덕월길 22,,-,-
전라남도 순천시 덕월동,653-2,653,2,우성,60,202110,14,"8,900",12,1996,덕월길 22,,-,-
전라남도 순천시 덕월동,331,331,0,청미래2차,30.618,202110,21,"5,500",11,2005,덕월길 30,,-,-
전라남도 순천시 동외동,56-14,56,14,선미중앙하이츠,84.93,202110,12,"9,000",9,1993,성동3길 8,,-,-
전라남도 순천시 동외동,56-14,56,14,선미중앙하이츠,131.54,202110,12,"20,500",4,1993,성동3길 8,,-,-
전라남도 순천시 생목동,59,59,0,벽산첼시빌,84.954,202110,3,"15,000",15,2000,생목길 1,,-,-
전라남도 순천시 생목동,59,59,0,벽산첼시빌,116.198,202110,11,"20,000",13,2000,생목길 1,,-,-
전라남도 순천시 생목동,01월 28일,28,1,현대,84.945,202110,3,"10,900",1,1990,수박등2길 21,,-,-
전라남도 순천시 생목동,01월 28일,28,1,현대,71.175,202110,6,"8,600",7,1990,수박등2길 21,,-,-
전라남도 순천시 생목동,01월 28일,28,1,현대,71.175,202110,19,"7,900",2,1990,수박등2길 21,,-,-
전라남도 순천시 생목동,01월 28일,28,1,현대,84.945,202110,21,"10,500",6,1990,수박등2길 21,,-,-
전라남도 순천시 서면 선평리,1087,1087,0,선평배들마을주공,51.49,202110,2,"8,550",3,2001,배들이길 17,,-,-
전라남도 순천시 서면 선평리,1087,1087,0,선평배들마을주공,59.83,202110,2,"11,500",6,2001,배들이길 17,,-,-
전라남도 순천시 서면 선평리,1087,1087,0,선평배들마을주공,51.95,202110,21,"9,950",11,2001,배들이길 17,,-,-
전라남도 순천시 서면 선평리,1087,1087,0,선평배들마을주공,59.83,202110,23,"12,800",14,2001,배들이길 17,,-,-
전라남도 순천시 서면 선평리,1089,1089,0,순천라송센트럴카운티,84.9864,202110,2,"23,500",1,2012,강청길 82,,-,-
전라남도 순천시 서면 선평리,1089,1089,0,순천라송센트럴카운티,77.075,202110,6,"22,750",3,2012,강청길 82,,-,-
전라남도 순천시 서면 압곡리,979-17,979,17,보람,59.98,202110,9,"4,700",6,1991,산단2길 51,,-,-
전라남도 순천시 석현동,187,187,0,광현맥스빌,144.95,202110,18,"20,000",4,2001,삼산1길 2,,-,-
전라남도 순천시 석현동,235,235,0,중흥파크맨션,59.82,202110,28,"8,000",10,1996,석현북길 7,,-,-
전라남도 순천시 석현동,896,896,0,향림현대1,84.87,202110,21,"12,800",10,1991,석현길 70,,-,-
전라남도 순천시 연향동,1387,1387,0,금호타운,59.88,202110,11,"16,300",15,1994,연향1로 40,,-,-
전라남도 순천시 연향동,1387,1387,0,금호타운,84.99,202110,13,"18,400",4,1994,연향1로 40,,-,-
전라남도 순천시 연향동,1345,1345,0,대우,84.876,202110,22,"17,250",6,1992,연향2로 55,,-,-
전라남도 순천시 연향동,1659,1659,0,대주피오레,128.9547,202110,9,"51,000",4,2006,팔마1길 25,,-,-
전라남도 순천시 연향동,1346,1346,0,동부,76.29,202110,1,"15,300",12,1992,연향중앙상가길 56,,-,-
전라남도 순천시 연향동,1346,1346,0,동부,84.9,202110,8,"17,350",12,1992,연향중앙상가길 56,,-,-
전라남도 순천시 연향동,1346,1346,0,동부,76.29,202110,8,"15,900",9,1992,연향중앙상가길 56,,-,-
전라남도 순천시 연향동,1346,1346,0,동부,84.9,202110,19,"16,800",10,1992,연향중앙상가길 56,,-,-
전라남도 순천시 연향동,1346,1346,0,동부,76.29,202110,23,"14,000",1,1992,연향중앙상가길 56,,-,-
전라남도 순천시 연향동,1347,1347,0,동성,84.95,202110,5,"20,300",10,1995,연향번영길 94,,-,-
전라남도 순천시 연향동,1347,1347,0,동성,84.95,202110,6,"18,300",9,1995,연향번영길 94,,-,-
전라남도 순천시 연향동,1347,1347,0,동성,84.95,202110,20,"19,000",4,1995,연향번영길 94,,-,-
전라남도 순천시 연향동,1347,1347,0,동성,84.95,202110,23,"16,200",4,1995,연향번영길 94,,-,-
전라남도 순천시 연향동,1658,1658,0,블루시안,78.3999,202110,12,"27,500",4,2006,팔마1길 27,,-,-
전라남도 순천시 연향동,1660-2,1660,2,세영더-조은,84.9957,202110,5,"29,000",5,2006,팔마4길 40,,-,-
전라남도 순천시 연향동,1746,1746,0,송보파일빌,84.979,202110,7,"35,400",13,2015,구암3길 22,,-,-
전라남도 순천시 연향동,1746,1746,0,송보파일빌,84.882,202110,15,"32,700",2,2015,구암3길 22,,-,-
전라남도 순천시 연향동,1746,1746,0,송보파일빌,84.882,202110,15,"36,000",18,2015,구암3길 22,,-,-
전라남도 순천시 연향동,1746,1746,0,송보파일빌,84.693,202110,17,"34,400",9,2015,구암3길 22,,-,-
전라남도 순천시 연향동,1746,1746,0,송보파일빌,84.979,202110,18,"35,400",17,2015,구암3길 22,,-,-
전라남도 순천시 연향동,1746,1746,0,송보파일빌,84.693,202110,19,"34,400",6,2015,구암3길 22,,-,-
전라남도 순천시 연향동,1746,1746,0,송보파일빌,84.882,202110,24,"34,400",3,2015,구암3길 22,,-,-
전라남도 순천시 연향동,1746,1746,0,송보파일빌,84.693,202110,25,"34,900",15,2015,구암3길 22,,-,-
전라남도 순천시 연향동,1384-2,1384,2,우미,49.92,202110,6,"7,800",5,1992,연향2로 56,,-,-
전라남도 순천시 연향동,1384-2,1384,2,우미,49.14,202110,14,"7,100",6,1992,연향2로 56,,-,-
전라남도 순천시 연향동,1631,1631,0,율산에코지오아파트,84.9763,202110,2,"17,900",8,2004,도장길 40,,-,-
전라남도 순천시 연향동,1631,1631,0,율산에코지오아파트,84.9763,202110,11,"19,500",18,2004,도장길 40,,-,-
전라남도 순천시 연향동,1515,1515,0,중흥파크에스클래스빌,84.9333,202110,19,"25,800",10,2001,기적의도서관2길 51,,-,-
전라남도 순천시 연향동,89-28,89,28,코아루,84.9159,202110,15,"21,900",8,2004,안산길 50,,-,-
전라남도 순천시 연향동,89-28,89,28,코아루,84.9159,202110,27,"21,500",12,2004,안산길 50,,-,-
전라남도 순천시 연향동,1378,1378,0,현대1,65.24,202110,2,"13,150",9,1993,연향중앙상가길 80,,-,-
전라남도 순천시 연향동,1378,1378,0,현대1,119.37,202110,5,"28,700",15,1993,연향중앙상가길 80,,-,-
전라남도 순천시 연향동,1378,1378,0,현대1,84.865,202110,23,"16,900",9,1993,연향중앙상가길 80,,-,-
전라남도 순천시 연향동,1344,1344,0,현대2,69.09,202110,22,"15,000",13,1994,연향중앙상가길 41,,-,-
전라남도 순천시 연향동,1626-1,1626,1,호반리젠시빌1,59.9191,202110,7,"14,000",4,2000,안산길 5,,-,-
전라남도 순천시 연향동,1626-1,1626,1,호반리젠시빌1,59.9191,202110,10,"12,800",3,2000,안산길 5,,-,-
전라남도 순천시 연향동,1626-1,1626,1,호반리젠시빌1,59.9191,202110,16,"15,000",12,2000,안산길 5,,-,-
전라남도 순천시 연향동,1626-1,1626,1,호반리젠시빌1,59.9191,202110,20,"14,300",4,2000,안산길 5,,-,-
전라남도 순천시 연향동,1626-1,1626,1,호반리젠시빌1,59.9191,202110,30,"14,700",10,2000,안산길 5,,-,-
전라남도 순천시 연향동,1628,1628,0,호반리젠시빌2차,82.601,202110,6,"20,300",14,2002,도장길 50,,-,-
전라남도 순천시 연향동,1628,1628,0,호반리젠시빌2차,59.8774,202110,7,"13,800",1,2002,도장길 50,,-,-
전라남도 순천시 연향동,1628,1628,0,호반리젠시빌2차,82.601,202110,12,"21,200",14,2002,도장길 50,,-,-
전라남도 순천시 연향동,1628,1628,0,호반리젠시빌2차,82.601,202110,13,"20,500",3,2002,도장길 50,,-,-
전라남도 순천시 연향동,1628,1628,0,호반리젠시빌2차,59.8774,202110,13,"15,300",6,2002,도장길 50,,-,-
전라남도 순천시 연향동,1628,1628,0,호반리젠시빌2차,59.8774,202110,18,"15,800",5,2002,도장길 50,,-,-
전라남도 순천시 연향동,1628,1628,0,호반리젠시빌2차,59.8774,202110,23,"15,200",1,2002,도장길 50,,-,-
전라남도 순천시 연향동,1628,1628,0,호반리젠시빌2차,59.8774,202110,26,"15,000",14,2002,도장길 50,,-,-
전라남도 순천시 연향동,1628,1628,0,호반리젠시빌2차,82.601,202110,29,"23,000",10,2002,도장길 50,,-,-
전라남도 순천시 오천동,1086,1086,0,해광샹그릴라,49.9938,202110,13,"15,500",8,2015,지현길 17,,-,-
전라남도 순천시 오천동,1086,1086,0,해광샹그릴라,49.9938,202110,21,"12,300",2,2015,지현길 17,,-,-
전라남도 순천시 오천동,950,950,0,호반베르디움,84.9819,202110,1,"41,900",18,2015,오천8길 15,,-,-
전라남도 순천시 오천동,950,950,0,호반베르디움,84.9647,202110,1,"44,500",10,2015,오천8길 15,,-,-
전라남도 순천시 오천동,950,950,0,호반베르디움,84.9819,202110,11,"43,000",13,2015,오천8길 15,,-,-
전라남도 순천시 오천동,950,950,0,호반베르디움,84.9647,202110,15,"44,600",15,2015,오천8길 15,,-,-
전라남도 순천시 오천동,950,950,0,호반베르디움,84.9647,202110,16,"39,500",3,2015,오천8길 15,,-,-
전라남도 순천시 오천동,950,950,0,호반베르디움,84.9647,202110,26,"44,500",14,2015,오천8길 15,,-,-
전라남도 순천시 왕지동,891,891,0,순천두산위브,84.654,202110,2,"44,000",23,2011,왕지3길 55,,-,-
전라남도 순천시 왕지동,891,891,0,순천두산위브,121.1806,202110,8,"61,000",4,2011,왕지3길 55,,-,-
전라남도 순천시 왕지동,891,891,0,순천두산위브,101.9612,202110,29,"56,300",13,2011,왕지3길 55,,-,-
전라남도 순천시 용당동,748,748,0,대주피오레,84.8547,202110,28,"31,500",1,2012,삼산로 92-50,,-,-
전라남도 순천시 용당동,748,748,0,대주피오레,84.8547,202110,28,"33,500",7,2012,삼산로 92-50,,-,-
전라남도 순천시 용당동,570,570,0,동아,74.31,202110,26,"11,000",12,1996,삼산로 81,,-,-
전라남도 순천시 용당동,191-1,191,1,삼산현대,55.02,202110,13,"8,000",3,1989,삼산로 103-13,,-,-
전라남도 순천시 용당동,191-1,191,1,삼산현대,84.78,202110,16,"15,600",8,1989,삼산로 103-13,,-,-
전라남도 순천시 용당동,191-1,191,1,삼산현대,84.78,202110,26,"15,700",2,1989,삼산로 103-13,,-,-
전라남도 순천시 용당동,215,215,0,삼성,59.91,202110,16,"9,300",15,1993,삼산로 135-5,,-,-
전라남도 순천시 용당동,215,215,0,삼성,84.87,202110,26,"15,000",15,1993,삼산로 135-5,,-,-
전라남도 순천시 저전동,270-2,270,2,성진,60,202110,23,"6,700",12,1991,상인제길 138-15,,-,-
전라남도 순천시 저전동,270-2,270,2,성진,60,202110,27,"6,000",6,1991,상인제길 138-15,,-,-
전라남도 순천시 조곡동,566,566,0,금강메트로빌,84.6737,202110,9,"13,900",9,2004,둑실5길 25,,-,-
전라남도 순천시 조곡동,68-61,68,61,금호타운,74.525,202110,1,"7,950",5,1993,자경3길 34,,-,-
전라남도 순천시 조례동,1629,1629,0,금당대림,92.501,202110,24,"19,200",13,1994,장선배기길 89,,-,-
전라남도 순천시 조례동,1608,1608,0,금당대주,59.66,202110,2,"12,000",14,1995,지봉로 485,,-,-
전라남도 순천시 조례동,1608,1608,0,금당대주,59.66,202110,6,"13,700",15,1995,지봉로 485,,-,-
전라남도 순천시 조례동,1608,1608,0,금당대주,59.66,202110,13,"9,500",1,1995,지봉로 485,,-,-
전라남도 순천시 조례동,1608,1608,0,금당대주,59.66,202110,15,"12,600",12,1995,지봉로 485,,-,-
전라남도 순천시 조례동,1608,1608,0,금당대주,59.66,202110,17,"14,780",14,1995,지봉로 485,,-,-
전라남도 순천시 조례동,1608,1608,0,금당대주,59.66,202110,18,"12,500",10,1995,지봉로 485,,-,-
전라남도 순천시 조례동,1608,1608,0,금당대주,59.66,202110,19,"10,600",13,1995,지봉로 485,,-,-
전라남도 순천시 조례동,1608,1608,0,금당대주,59.66,202110,23,"12,000",12,1995,지봉로 485,,-,-
전라남도 순천시 조례동,1608,1608,0,금당대주,84.92,202110,23,"17,600",13,1995,지봉로 485,,-,-
전라남도 순천시 조례동,1608,1608,0,금당대주,59.66,202110,25,"11,700",7,1995,지봉로 485,,-,-
전라남도 순천시 조례동,1608,1608,0,금당대주,59.66,202110,26,"11,900",9,1995,지봉로 485,,-,-
전라남도 순천시 조례동,560,560,0,금호,59.85,202110,13,"14,600",2,1997,조례1길 9,,-,-
전라남도 순천시 조례동,560,560,0,금호,59.85,202110,19,"17,200",12,1997,조례1길 9,,-,-
전라남도 순천시 조례동,560,560,0,금호,59.85,202110,22,"15,600",5,1997,조례1길 9,,-,-
전라남도 순천시 조례동,550,550,0,남양휴튼,108.6935,202110,23,"43,500",4,2006,조례1길 60,,-,-
전라남도 순천시 조례동,851,851,0,대림1,73.22,202110,23,"12,500",1,1992,봉화2길 119,,-,-
전라남도 순천시 조례동,851,851,0,대림1,73.22,202110,25,"14,000",5,1992,봉화2길 119,,-,-
전라남도 순천시 조례동,840,840,0,대림2차,84.875,202110,27,"19,000",16,1994,봉화2길 128,,-,-
전라남도 순천시 조례동,372-1,372,1,대주파크빌3차,84.9668,202110,2,"29,500",13,2005,조례연동길 5,,-,-
전라남도 순천시 조례동,372-1,372,1,대주파크빌3차,76.5065,202110,6,"23,300",15,2005,조례연동길 5,,-,-
전라남도 순천시 조례동,372-1,372,1,대주파크빌3차,84.9668,202110,12,"29,000",14,2005,조례연동길 5,,-,-
전라남도 순천시 조례동,372-1,372,1,대주파크빌3차,59.9427,202110,13,"19,500",10,2005,조례연동길 5,,-,-
전라남도 순천시 조례동,372-1,372,1,대주파크빌3차,84.9668,202110,16,"29,900",7,2005,조례연동길 5,,-,-
전라남도 순천시 조례동,1610,1610,0,동신,83.2,202110,2,"15,500",12,1994,장선배기길 55,,-,-
전라남도 순천시 조례동,1610,1610,0,동신,59.58,202110,9,"11,200",14,1994,장선배기길 55,,-,-
전라남도 순천시 조례동,1610,1610,0,동신,59.58,202110,22,"14,450",8,1994,장선배기길 55,,-,-
전라남도 순천시 조례동,1610,1610,0,동신,59.58,202110,22,"12,000",12,1994,장선배기길 55,,-,-
전라남도 순천시 조례동,807,807,0,동아,74.92,202110,14,"13,500",15,1993,비봉길 70,,-,-
전라남도 순천시 조례동,807,807,0,동아,84.88,202110,28,"18,300",13,1993,비봉길 70,,-,-
전라남도 순천시 조례동,807,807,0,동아,84.88,202110,30,"18,300",8,1993,비봉길 70,,-,-
전라남도 순천시 조례동,1730-1,1730,1,서해골드빌,84.8462,202110,5,"22,700",15,2004,비봉길 6,,-,-
전라남도 순천시 조례동,1450,1450,0,석호가람휘,59.9028,202110,15,"11,200",13,2003,송정길 43,,-,-
전라남도 순천시 조례동,1800,1800,0,송촌프라임,102.17,202110,15,"31,900",13,2001,왕궁길 95,,-,-
전라남도 순천시 조례동,766,766,0,시대,36.368,202110,1,"6,100",16,1992,비봉2길 22,,-,-
전라남도 순천시 조례동,766,766,0,시대,36.368,202110,2,"5,400",16,1992,비봉2길 22,,-,-
전라남도 순천시 조례동,766,766,0,시대,37.388,202110,4,"5,300",4,1992,비봉2길 22,,-,-
전라남도 순천시 조례동,766,766,0,시대,37.388,202110,5,"5,250",11,1992,비봉2길 22,,-,-
전라남도 순천시 조례동,766,766,0,시대,36.368,202110,5,"5,300",3,1992,비봉2길 22,,-,-
전라남도 순천시 조례동,766,766,0,시대,37.388,202110,5,"4,900",4,1992,비봉2길 22,,-,-
전라남도 순천시 조례동,766,766,0,시대,36.368,202110,6,"5,400",5,1992,비봉2길 22,,-,-
전라남도 순천시 조례동,766,766,0,시대,37.388,202110,12,"5,400",13,1992,비봉2길 22,,-,-
전라남도 순천시 조례동,766,766,0,시대,37.388,202110,12,"5,700",6,1992,비봉2길 22,,-,-
전라남도 순천시 조례동,766,766,0,시대,30.698,202110,12,"4,200",16,1992,비봉2길 22,,-,-
전라남도 순천시 조례동,766,766,0,시대,37.388,202110,12,"5,300",1,1992,비봉2길 22,,-,-
전라남도 순천시 조례동,766,766,0,시대,37.388,202110,13,"6,200",6,1992,비봉2길 22,,-,-
전라남도 순천시 조례동,766,766,0,시대,37.388,202110,14,"5,000",17,1992,비봉2길 22,,-,-
전라남도 순천시 조례동,766,766,0,시대,30.698,202110,16,"4,800",15,1992,비봉2길 22,,-,-
전라남도 순천시 조례동,766,766,0,시대,37.388,202110,18,"6,900",2,1992,비봉2길 22,,-,-
전라남도 순천시 조례동,766,766,0,시대,36.368,202110,18,"6,200",8,1992,비봉2길 22,,-,-
전라남도 순천시 조례동,766,766,0,시대,37.388,202110,22,"6,700",3,1992,비봉2길 22,20211029,-,-
전라남도 순천시 조례동,766,766,0,시대,36.368,202110,22,"5,250",1,1992,비봉2길 22,,-,-
전라남도 순천시 조례동,766,766,0,시대,37.388,202110,22,"6,700",7,1992,비봉2길 22,20211029,-,-
전라남도 순천시 조례동,766,766,0,시대,37.388,202110,22,"6,700",7,1992,비봉2길 22,,-,-
전라남도 순천시 조례동,766,766,0,시대,37.388,202110,22,"6,700",3,1992,비봉2길 22,,-,-
전라남도 순천시 조례동,766,766,0,시대,37.388,202110,24,"5,100",16,1992,비봉2길 22,,-,-
전라남도 순천시 조례동,766,766,0,시대,36.368,202110,26,"4,900",7,1992,비봉2길 22,,-,-
전라남도 순천시 조례동,766,766,0,시대,37.388,202110,28,"5,500",15,1992,비봉2길 22,,-,-
전라남도 순천시 조례동,1820,1820,0,연동대주1차,59.96,202110,4,"16,400",10,2003,연동남길 24,,-,-
전라남도 순천시 조례동,1820,1820,0,연동대주1차,84.96,202110,6,"23,400",10,2003,연동남길 24,,-,-
전라남도 순천시 조례동,1820,1820,0,연동대주1차,59.96,202110,9,"15,600",15,2003,연동남길 24,,-,-
전라남도 순천시 조례동,68-19,68,19,연동대주2차,84.9562,202110,2,"26,250",14,2005,백연길 105,,-,-
전라남도 순천시 조례동,68-19,68,19,연동대주2차,59.9476,202110,20,"17,500",13,2005,백연길 105,,-,-
전라남도 순천시 조례동,68-19,68,19,연동대주2차,84.9562,202110,25,"24,200",4,2005,백연길 105,,-,-
전라남도 순천시 조례동,1884,1884,0,영무예다음,84.962,202110,10,"43,000",6,2019,장승길 27,,-,-
전라남도 순천시 조례동,1884,1884,0,영무예다음,84.962,202110,15,"45,000",8,2019,장승길 27,,-,-
전라남도 순천시 조례동,1884,1884,0,영무예다음,84.89,202110,23,"43,930",15,2019,장승길 27,,-,-
전라남도 순천시 조례동,1803,1803,0,왕지아파트,59.76,202110,4,"10,500",6,1999,왕궁길 55,,-,-
전라남도 순천시 조례동,1803,1803,0,왕지아파트,59.76,202110,6,"10,050",11,1999,왕궁길 55,,-,-
전라남도 순천시 조례동,1803,1803,0,왕지아파트,59.76,202110,6,"10,050",11,1999,왕궁길 55,20211007,-,-
전라남도 순천시 조례동,1803,1803,0,왕지아파트,59.76,202110,6,"11,400",7,1999,왕궁길 55,,-,-
전라남도 순천시 조례동,1803,1803,0,왕지아파트,59.76,202110,8,"10,100",4,1999,왕궁길 55,,-,-
전라남도 순천시 조례동,1803,1803,0,왕지아파트,59.76,202110,17,"12,330",8,1999,왕궁길 55,,-,-
전라남도 순천시 조례동,1803,1803,0,왕지아파트,59.76,202110,18,"12,000",15,1999,왕궁길 55,,-,-
전라남도 순천시 조례동,1803,1803,0,왕지아파트,59.76,202110,18,"10,900",13,1999,왕궁길 55,,-,-
전라남도 순천시 조례동,1803,1803,0,왕지아파트,59.76,202110,20,"12,200",10,1999,왕궁길 55,,-,-
전라남도 순천시 조례동,1803,1803,0,왕지아파트,59.76,202110,22,"12,000",5,1999,왕궁길 55,,-,-
전라남도 순천시 조례동,1803,1803,0,왕지아파트,59.76,202110,27,"10,500",6,1999,왕궁길 55,,-,-
전라남도 순천시 조례동,1804,1804,0,왕지중흥3,59.94,202110,5,"15,100",12,1999,왕궁길 60,,-,-
전라남도 순천시 조례동,1804,1804,0,왕지중흥3,59.94,202110,15,"15,000",9,1999,왕궁길 60,,-,-
전라남도 순천시 조례동,1804,1804,0,왕지중흥3,59.94,202110,21,"14,100",12,1999,왕궁길 60,,-,-
전라남도 순천시 조례동,1804,1804,0,왕지중흥3,59.94,202110,25,"14,900",9,1999,왕궁길 60,,-,-
전라남도 순천시 조례동,1802,1802,0,왕지현대1,84.42,202110,1,"21,400",14,1998,왕궁길 65,,-,-
전라남도 순천시 조례동,1801,1801,0,왕지현대2,77.46,202110,7,"18,100",5,1999,왕궁길 79,,-,-
전라남도 순천시 조례동,1348,1348,0,주공2,53.85,202110,27,"11,200",3,1986,유동길 1,,-,-
전라남도 순천시 조례동,1668,1668,0,주공4,41.85,202110,6,"5,900",5,1993,신월큰길 51,,-,-
전라남도 순천시 조례동,1668,1668,0,주공4,35.28,202110,15,"5,900",10,1993,신월큰길 51,,-,-
전라남도 순천시 조례동,1668,1668,0,주공4,41.85,202110,26,"6,000",7,1993,신월큰길 51,,-,-
전라남도 순천시 조례동,1659,1659,0,주공6,58.14,202110,1,"8,100",1,1995,봉화2길 105,,-,-
전라남도 순천시 조례동,1659,1659,0,주공6,37.67,202110,8,"7,300",8,1995,봉화2길 105,,-,-
전라남도 순천시 조례동,1659,1659,0,주공6,58.14,202110,11,"9,500",5,1995,봉화2길 105,,-,-
전라남도 순천시 조례동,1659,1659,0,주공6,58.14,202110,13,"9,700",7,1995,봉화2길 105,,-,-
전라남도 순천시 조례동,1659,1659,0,주공6,58.14,202110,15,"7,500",13,1995,봉화2길 105,,-,-
전라남도 순천시 조례동,1659,1659,0,주공6,58.14,202110,25,"10,450",14,1995,봉화2길 105,,-,-
전라남도 순천시 조례동,1658,1658,0,주공7,49.62,202110,2,"9,600",10,1996,봉화2길 116,,-,-
전라남도 순천시 조례동,1658,1658,0,주공7,49.62,202110,18,"10,000",10,1996,봉화2길 116,,-,-
전라남도 순천시 조례동,1658,1658,0,주공7,49.62,202110,18,"9,900",10,1996,봉화2길 116,,-,-
전라남도 순천시 조례동,1658,1658,0,주공7,39.74,202110,20,"7,400",4,1996,봉화2길 116,,-,-
전라남도 순천시 조례동,1658,1658,0,주공7,49.62,202110,25,"9,500",14,1996,봉화2길 116,,-,-
전라남도 순천시 조례동,1658,1658,0,주공8,59.99,202110,1,"9,000",5,1996,봉화2길 116,,-,-
전라남도 순천시 조례동,1658,1658,0,주공8,59.99,202110,15,"7,500",6,1996,봉화2길 116,,-,-
전라남도 순천시 조례동,1658,1658,0,주공8,59.99,202110,23,"11,400",14,1996,봉화2길 116,,-,-
전라남도 순천시 조례동,1661,1661,0,주공9,84.84,202110,15,"20,700",7,1999,봉화1길 133,,-,-
전라남도 순천시 조례동,1611,1611,0,중흥파크2,59.97,202110,4,"11,500",6,1995,장선배기길 63,,-,-
전라남도 순천시 조례동,1611,1611,0,중흥파크2,59.97,202110,5,"13,300",8,1995,장선배기길 63,,-,-
전라남도 순천시 조례동,1611,1611,0,중흥파크2,59.97,202110,10,"12,200",5,1995,장선배기길 63,,-,-
전라남도 순천시 조례동,1362,1362,0,현대5,134.97,202110,7,"33,300",8,2000,봉화1길 33,,-,-
전라남도 순천시 조례동,1362,1362,0,현대5,134.97,202110,24,"33,600",16,2000,봉화1길 33,,-,-
전라남도 순천시 풍덕동,255-3,255,3,금호타운,74.88,202110,15,"12,000",9,1991,풍덕주택길 96,,-,-
전라남도 순천시 풍덕동,860-1,860,1,삼산맨션,74.75,202110,16,"9,800",3,1980,하풍1길 1,,-,-
전라남도 순천시 풍덕동,255-5,255,5,주공,51.02,202110,14,"12,300",5,1989,풍덕주택길 99,,-,-
전라남도 순천시 풍덕동,877-3,877,3,철우조합맨션,74.275,202110,2,"7,000",2,1979,중앙초등길 163,,-,-
전라남도 순천시 풍덕동,877-3,877,3,철우조합맨션,74.275,202110,29,"7,000",1,1979,중앙초등길 163,,-,-
전라남도 순천시 풍덕동,807-7,807,7,한신,76.03,202110,17,"16,000",13,1990,중앙초등길 132,,-,-
전라남도 순천시 해룡면 상삼리,660,660,0,부영7,84.99,202110,19,"16,700",12,1996,기적의도서관길 70,,-,-
전라남도 순천시 해룡면 상삼리,652,652,0,부영9,84.99,202110,15,"15,000",10,1997,상대석길 13,,-,-
전라남도 순천시 해룡면 상삼리,652,652,0,부영9,84.99,202110,26,"15,400",12,1997,상대석길 13,,-,-
전라남도 순천시 해룡면 상삼리,696,696,0,송촌파인힐,73.53,202110,12,"22,000",12,1999,장선배기길 298,,-,-
전라남도 순천시 해룡면 상삼리,428,428,0,신원아르시스,84.9692,202110,7,"26,500",3,2007,지봉로 372-5,,-,-
전라남도 순천시 해룡면 상삼리,428,428,0,신원아르시스,84.9692,202110,23,"28,000",10,2007,지봉로 372-5,,-,-
전라남도 순천시 해룡면 상삼리,654,654,0,우미1,59.79,202110,6,"10,000",11,1993,기적의도서관길 95,,-,-
전라남도 순천시 해룡면 상삼리,654,654,0,우미1,49.77,202110,10,"9,400",10,1993,기적의도서관길 95,,-,-
전라남도 순천시 해룡면 상삼리,654,654,0,우미1,49.77,202110,11,"9,000",10,1993,기적의도서관길 95,,-,-
전라남도 순천시 해룡면 상삼리,654,654,0,우미1,49.77,202110,17,"8,400",9,1993,기적의도서관길 95,,-,-
전라남도 순천시 해룡면 상삼리,654,654,0,우미1,49.77,202110,18,"8,950",9,1993,기적의도서관길 95,,-,-
전라남도 순천시 해룡면 상삼리,654,654,0,우미1,49.77,202110,19,"9,050",7,1993,기적의도서관길 95,,-,-
전라남도 순천시 해룡면 상삼리,654,654,0,우미1,49.77,202110,19,"9,600",10,1993,기적의도서관길 95,,-,-
전라남도 순천시 해룡면 상삼리,654,654,0,우미1,49.77,202110,20,"9,550",12,1993,기적의도서관길 95,,-,-
전라남도 순천시 해룡면 상삼리,654,654,0,우미1,59.79,202110,29,"8,500",8,1993,기적의도서관길 95,,-,-
전라남도 순천시 해룡면 상삼리,653,653,0,우미2,59.83,202110,2,"11,850",3,1994,장선배기길 141,,-,-
전라남도 순천시 해룡면 상삼리,653,653,0,우미2,59.83,202110,16,"12,850",9,1994,장선배기길 141,,-,-
전라남도 순천시 해룡면 상삼리,653,653,0,우미2,49.93,202110,20,"9,700",2,1994,장선배기길 141,,-,-
전라남도 순천시 해룡면 상삼리,653,653,0,우미2,59.83,202110,27,"11,000",10,1994,장선배기길 141,,-,-
전라남도 순천시 해룡면 상삼리,653,653,0,우미2,59.83,202110,28,"13,300",9,1994,장선배기길 141,,-,-
전라남도 순천시 해룡면 상삼리,691,691,0,청솔1,56.4,202110,1,"9,700",9,2001,장선배기길 284,,-,-
전라남도 순천시 해룡면 상삼리,691,691,0,청솔1,56.4,202110,6,"9,300",8,2001,장선배기길 284,,-,-
전라남도 순천시 해룡면 상삼리,691,691,0,청솔1,56.4,202110,12,"8,500",15,2001,장선배기길 284,,-,-
전라남도 순천시 해룡면 상삼리,691,691,0,청솔1,56.4,202110,19,"9,200",9,2001,장선배기길 284,,-,-
전라남도 순천시 해룡면 상삼리,691,691,0,청솔1,56.4,202110,20,"10,500",14,2001,장선배기길 284,,-,-
전라남도 순천시 해룡면 상삼리,691,691,0,청솔1,56.4,202110,21,"10,000",7,2001,장선배기길 284,,-,-
전라남도 순천시 해룡면 상삼리,691,691,0,청솔1,56.4,202110,21,"9,900",9,2001,장선배기길 284,,-,-
전라남도 순천시 해룡면 상삼리,691,691,0,청솔1,56.4,202110,21,"10,300",8,2001,장선배기길 284,,-,-
전라남도 순천시 해룡면 상삼리,691,691,0,청솔1,56.4,202110,23,"9,000",15,2001,장선배기길 284,,-,-
전라남도 순천시 해룡면 상삼리,694,694,0,청솔2,56.4,202110,5,"9,500",13,2001,대석길 98,,-,-
전라남도 순천시 해룡면 상삼리,694,694,0,청솔2,56.4,202110,6,"10,300",10,2001,대석길 98,,-,-
전라남도 순천시 해룡면 상삼리,694,694,0,청솔2,56.4,202110,6,"8,800",2,2001,대석길 98,,-,-
전라남도 순천시 해룡면 상삼리,694,694,0,청솔2,56.4,202110,8,"10,000",5,2001,대석길 98,,-,-
전라남도 순천시 해룡면 상삼리,694,694,0,청솔2,56.4,202110,14,"10,000",8,2001,대석길 98,,-,-
전라남도 순천시 해룡면 상삼리,694,694,0,청솔2,56.4,202110,17,"9,700",2,2001,대석길 98,,-,-
전라남도 순천시 해룡면 상삼리,694,694,0,청솔2,56.4,202110,18,"9,950",6,2001,대석길 98,,-,-
전라남도 순천시 해룡면 상삼리,694,694,0,청솔2,56.4,202110,19,"9,800",4,2001,대석길 98,,-,-
전라남도 순천시 해룡면 상삼리,694,694,0,청솔2,56.4,202110,20,"10,500",14,2001,대석길 98,,-,-
전라남도 순천시 해룡면 상삼리,694,694,0,청솔2,56.4,202110,20,"10,400",12,2001,대석길 98,,-,-
전라남도 순천시 해룡면 상삼리,694,694,0,청솔2,56.4,202110,21,"10,500",6,2001,대석길 98,,-,-
전라남도 순천시 해룡면 신대리,1965,1965,0,중흥에듀힐스9단지,59.7108,202110,1,"30,000",3,2019,좌야로 159-14,,-,-
전라남도 순천시 해룡면 신대리,1965,1965,0,중흥에듀힐스9단지,59.7108,202110,2,"31,000",4,2019,좌야로 159-14,,-,-
전라남도 순천시 해룡면 신대리,1965,1965,0,중흥에듀힐스9단지,59.7108,202110,4,"33,500",13,2019,좌야로 159-14,,-,-
전라남도 순천시 해룡면 신대리,1965,1965,0,중흥에듀힐스9단지,59.7108,202110,4,"34,000",19,2019,좌야로 159-14,,-,-
전라남도 순천시 해룡면 신대리,1965,1965,0,중흥에듀힐스9단지,74.6549,202110,9,"44,800",13,2019,좌야로 159-14,,-,-
전라남도 순천시 해룡면 신대리,1965,1965,0,중흥에듀힐스9단지,59.7108,202110,11,"34,800",16,2019,좌야로 159-14,,-,-
전라남도 순천시 해룡면 신대리,1965,1965,0,중흥에듀힐스9단지,59.7108,202110,14,"31,900",5,2019,좌야로 159-14,,-,-
전라남도 순천시 해룡면 신대리,1965,1965,0,중흥에듀힐스9단지,59.7108,202110,16,"31,500",2,2019,좌야로 159-14,,-,-
전라남도 순천시 해룡면 신대리,1965,1965,0,중흥에듀힐스9단지,59.7108,202110,21,"32,000",10,2019,좌야로 159-14,,-,-
전라남도 순천시 해룡면 신대리,1965,1965,0,중흥에듀힐스9단지,59.7108,202110,25,"32,500",17,2019,좌야로 159-14,,-,-
전라남도 순천시 해룡면 신대리,1965,1965,0,중흥에듀힐스9단지,59.7108,202110,27,"32,000",16,2019,좌야로 159-14,,-,-
전라남도 순천시 해룡면 신대리,1965,1965,0,중흥에듀힐스9단지,59.7108,202110,29,"32,800",13,2019,좌야로 159-14,,-,-
전라남도 순천시 해룡면 신대리,2103,2103,0,중흥에스-클래스1단지,59.9876,202110,2,"25,000",8,2012,좌야로 101,,-,-
전라남도 순천시 해룡면 신대리,2103,2103,0,중흥에스-클래스1단지,71.7165,202110,6,"29,700",2,2012,좌야로 101,,-,-
전라남도 순천시 해룡면 신대리,2103,2103,0,중흥에스-클래스1단지,84.9951,202110,13,"43,000",20,2012,좌야로 101,,-,-
전라남도 순천시 해룡면 신대리,2103,2103,0,중흥에스-클래스1단지,59.9811,202110,15,"25,500",13,2012,좌야로 101,,-,-
전라남도 순천시 해룡면 신대리,2103,2103,0,중흥에스-클래스1단지,84.9951,202110,16,"39,400",5,2012,좌야로 101,,-,-
전라남도 순천시 해룡면 신대리,2103,2103,0,중흥에스-클래스1단지,59.9876,202110,20,"26,500",28,2012,좌야로 101,,-,-
전라남도 순천시 해룡면 신대리,2039,2039,0,중흥에스-클래스2단지,103.2542,202110,5,"58,000",6,2013,신대로 66,,-,-
전라남도 순천시 해룡면 신대리,2039,2039,0,중흥에스-클래스2단지,84.9912,202110,6,"43,000",14,2013,신대로 66,,-,-
전라남도 순천시 해룡면 신대리,2039,2039,0,중흥에스-클래스2단지,84.9912,202110,7,"39,400",5,2013,신대로 66,,-,-
전라남도 순천시 해룡면 신대리,2039,2039,0,중흥에스-클래스2단지,72.136,202110,11,"34,500",19,2013,신대로 66,,-,-
전라남도 순천시 해룡면 신대리,2039,2039,0,중흥에스-클래스2단지,84.9912,202110,15,"38,500",3,2013,신대로 66,,-,-
전라남도 순천시 해룡면 신대리,2039,2039,0,중흥에스-클래스2단지,84.9912,202110,22,"38,800",2,2013,신대로 66,,-,-
전라남도 순천시 해룡면 신대리,2039,2039,0,중흥에스-클래스2단지,84.9912,202110,23,"38,650",9,2013,신대로 66,,-,-
전라남도 순천시 해룡면 신대리,2004,2004,0,중흥에스-클래스3단지,84.9968,202110,5,"41,000",6,2014,신대로 96,,-,-
전라남도 순천시 해룡면 신대리,2004,2004,0,중흥에스-클래스3단지,84.9984,202110,20,"43,500",8,2014,신대로 96,,-,-
전라남도 순천시 해룡면 신대리,2003,2003,0,중흥에스-클래스5단지,71.1362,202110,14,"32,000",26,2014,신대로 97,,-,-
전라남도 순천시 해룡면 신대리,2003,2003,0,중흥에스-클래스5단지,59.9965,202110,28,"24,700",1,2014,신대로 97,,-,-
전라남도 순천시 해룡면 신대리,1968,1968,0,중흥에스-클래스6단지메가타운,59.9431,202110,1,"29,000",28,2015,좌야로 135,,-,-
전라남도 순천시 해룡면 신대리,1968,1968,0,중흥에스-클래스6단지메가타운,74.9532,202110,2,"37,300",8,2015,좌야로 135,,-,-
전라남도 순천시 해룡면 신대리,1968,1968,0,중흥에스-클래스6단지메가타운,74.9532,202110,5,"41,000",18,2015,좌야로 135,,-,-
전라남도 순천시 해룡면 신대리,1968,1968,0,중흥에스-클래스6단지메가타운,59.9431,202110,10,"30,400",11,2015,좌야로 135,,-,-
전라남도 순천시 해룡면 신대리,1968,1968,0,중흥에스-클래스6단지메가타운,59.9431,202110,11,"24,000",1,2015,좌야로 135,,-,-
전라남도 순천시 해룡면 신대리,1968,1968,0,중흥에스-클래스6단지메가타운,59.9431,202110,14,"30,000",14,2015,좌야로 135,,-,-
전라남도 순천시 해룡면 신대리,1968,1968,0,중흥에스-클래스6단지메가타운,59.9431,202110,18,"29,500",16,2015,좌야로 135,,-,-
전라남도 순천시 해룡면 신대리,1968,1968,0,중흥에스-클래스6단지메가타운,74.9532,202110,20,"38,000",13,2015,좌야로 135,,-,-
전라남도 순천시 해룡면 신대리,1968,1968,0,중흥에스-클래스6단지메가타운,59.9431,202110,23,"24,900",1,2015,좌야로 135,,-,-
전라남도 순천시 해룡면 신대리,1968,1968,0,중흥에스-클래스6단지메가타운,84.9793,202110,25,"48,000",3,2015,좌야로 135,,-,-
전라남도 순천시 해룡면 신대리,1970,1970,0,중흥에코시티7단지,59.707,202110,22,"31,500",23,2018,좌야로 150,,-,-
전라남도 여수시 공화동,1158,1158,0,해름빌라1동,112.05,202110,5,"21,000",6,2003,진남로 144,,-,-
전라남도 여수시 국동,1104,1104,0,국동경남,51.846,202110,25,"9,600",2,1996,구봉길 29,,-,-
전라남도 여수시 국동,1104,1104,0,국동경남,59.946,202110,26,"13,500",1,1996,구봉길 29,,-,-
전라남도 여수시 국동,1103,1103,0,국동구봉,39.39,202110,25,"8,200",4,1991,구봉길 41,,-,-
전라남도 여수시 국동,1103,1103,0,국동구봉,39.39,202110,25,"8,200",4,1991,구봉길 41,20211028,-,-
전라남도 여수시 국동,1103,1103,0,국동구봉,39.39,202110,27,"8,600",3,1991,구봉길 41,,-,-
전라남도 여수시 국동,1103,1103,0,국동구봉,39.39,202110,27,"8,500",5,1991,구봉길 41,,-,-
전라남도 여수시 국동,1010,1010,0,국동주공,58.08,202110,2,"18,600",1,1981,신월로 641,,-,-
전라남도 여수시 국동,1010,1010,0,국동주공,58.08,202110,11,"18,900",2,1981,신월로 641,,-,-
전라남도 여수시 국동,1010,1010,0,국동주공,58.08,202110,19,"18,000",4,1981,신월로 641,,-,-
전라남도 여수시 국동,857,857,0,라인1,59.95,202110,10,"11,600",8,1996,구봉길 79,,-,-
전라남도 여수시 국동,857,857,0,라인1,59.95,202110,13,"10,000",9,1996,구봉길 79,,-,-
전라남도 여수시 국동,864-7,864,7,라인2,59.95,202110,3,"11,500",7,1997,구봉길 75,,-,-
전라남도 여수시 국동,864-7,864,7,라인2,59.95,202110,6,"11,600",14,1997,구봉길 75,,-,-
전라남도 여수시 국동,438,438,0,서희스타힐스,133.9034,202110,9,"46,900",15,2013,신월로 655,,-,-
전라남도 여수시 국동,438,438,0,서희스타힐스,75.5047,202110,11,"33,000",20,2013,신월로 655,,-,-
전라남도 여수시 국동,800,800,0,중앙하이츠,42.84,202110,7,"5,100",4,1989,구봉산길 52,,-,-
전라남도 여수시 덕충동,1744-1,1744,1,성학맨션,84.98,202110,14,"16,000",14,1990,덕충3길 6,,-,-
전라남도 여수시 덕충동,2038,2038,0,엑스포힐스테이트1단지,101.63,202110,16,"51,200",12,2012,박람회길 61,,-,-
전라남도 여수시 덕충동,2038,2038,0,엑스포힐스테이트1단지,118.82,202110,22,"53,000",6,2012,박람회길 61,,-,-
전라남도 여수시 덕충동,2033,2033,0,여수엑스포타운시티프라디움1단지,84.9939,202110,26,"44,300",6,2018,박람회길 70,,-,-
전라남도 여수시 덕충동,1733-3,1733,3,태창,83.88,202110,1,"14,450",1,1992,충민공원길 5,,-,-
전라남도 여수시 돌산읍 우두리,1046-1,1046,1,청솔1차,59.85,202110,12,"11,900",14,2000,강남8길 20,,-,-
전라남도 여수시 돌산읍 우두리,1046-1,1046,1,청솔1차,59.85,202110,18,"13,000",8,2000,강남8길 20,,-,-
전라남도 여수시 돌산읍 우두리,1132-1,1132,1,청솔2차,59.85,202110,4,"12,200",3,2003,강남동로 46-25,,-,-
전라남도 여수시 돌산읍 우두리,1132-1,1132,1,청솔2차,59.85,202110,12,"9,100",1,2003,강남동로 46-25,,-,-
전라남도 여수시 돌산읍 우두리,1132-1,1132,1,청솔2차,59.85,202110,14,"11,700",9,2003,강남동로 46-25,,-,-
전라남도 여수시 돌산읍 우두리,1134-2,1134,2,청솔3차,59.85,202110,2,"10,650",7,2003,강남동로 46-7,,-,-
전라남도 여수시 돌산읍 우두리,1134-2,1134,2,청솔3차,59.85,202110,21,"11,200",10,2003,강남동로 46-7,,-,-
전라남도 여수시 둔덕동,464,464,0,둔덕주공,49.22,202110,2,"11,000",5,1984,좌수영로 435,,-,-
전라남도 여수시 둔덕동,266,266,0,라온유,84.9899,202110,5,"30,700",5,2006,상암로 16,,-,-
전라남도 여수시 둔덕동,266,266,0,라온유,84.9899,202110,9,"27,300",4,2006,상암로 16,,-,-
전라남도 여수시 둔덕동,266,266,0,라온유,84.9899,202110,14,"27,950",15,2006,상암로 16,,-,-
전라남도 여수시 둔덕동,464-3,464,3,신원아르시스,84.9629,202110,5,"23,400",10,2008,둔덕1길 14,,-,-
전라남도 여수시 둔덕동,583,583,0,중앙하이츠,84.95,202110,22,"16,600",14,1990,쌍봉로 366,,-,-
전라남도 여수시 둔덕동,648,648,0,한려주공,59.99,202110,2,"12,800",2,1995,쌍봉로 316,,-,-
전라남도 여수시 둔덕동,648,648,0,한려주공,59.99,202110,8,"13,500",10,1995,쌍봉로 316,,-,-
전라남도 여수시 둔덕동,648,648,0,한려주공,59.99,202110,9,"13,400",6,1995,쌍봉로 316,,-,-
전라남도 여수시 둔덕동,648,648,0,한려주공,59.99,202110,28,"13,150",12,1995,쌍봉로 316,,-,-
전라남도 여수시 둔덕동,648,648,0,한려주공,59.99,202110,28,"13,700",1,1995,쌍봉로 316,,-,-
전라남도 여수시 문수동,08월 08일,8,8,문수그린아파트,84.7992,202110,5,"22,500",7,2002,문수북5길 16,,-,-
전라남도 여수시 문수동,08월 08일,8,8,문수그린아파트,84.7992,202110,12,"23,500",11,2002,문수북5길 16,,-,-
전라남도 여수시 문수동,08월 08일,8,8,문수그린아파트,84.7992,202110,14,"26,000",8,2002,문수북5길 16,,-,-
전라남도 여수시 문수동,08월 08일,8,8,문수그린아파트,84.7992,202110,22,"23,600",14,2002,문수북5길 16,,-,-
전라남도 여수시 문수동,787,787,0,문수코아루수,146.2982,202110,9,"51,000",10,2008,여문2로 54-26,,-,-
전라남도 여수시 문수동,787,787,0,문수코아루수,146.2982,202110,21,"50,500",3,2008,여문2로 54-26,,-,-
전라남도 여수시 문수동,09월 21일,9,21,백상1차,81.2,202110,5,"15,300",5,2002,문수북5길 28-16,,-,-
전라남도 여수시 문수동,310-1,310,1,원앙파크맨션,74.7,202110,6,"16,350",6,1994,여문1로 90,,-,-
전라남도 여수시 문수동,310-1,310,1,원앙파크맨션,74.7,202110,7,"16,000",13,1994,여문1로 90,,-,-
전라남도 여수시 문수동,310-1,310,1,원앙파크맨션,84.99,202110,10,"18,800",9,1994,여문1로 90,,-,-
전라남도 여수시 문수동,310-1,310,1,원앙파크맨션,74.7,202110,10,"16,300",8,1994,여문1로 90,,-,-
전라남도 여수시 문수동,310-1,310,1,원앙파크맨션,84.99,202110,15,"19,000",10,1994,여문1로 90,,-,-
전라남도 여수시 문수동,05월 01일,5,1,진영맨션,82.74,202110,26,"12,000",3,1988,문수북3길 8,,-,-
전라남도 여수시 문수동,Apr-48,48,4,효성빌라,91.97,202110,6,"17,700",5,2004,좌수영로 329-11,,-,-
전라남도 여수시 문수동,675-1,675,1,흥화,84.96,202110,8,"18,000",3,1991,허문정1길 18,,-,-
전라남도 여수시 문수동,675-1,675,1,흥화,84.96,202110,13,"17,000",15,1991,허문정1길 18,,-,-
전라남도 여수시 문수동,675-1,675,1,흥화,84.96,202110,16,"16,800",13,1991,허문정1길 18,,-,-
전라남도 여수시 문수동,675-1,675,1,흥화,84.96,202110,18,"21,000",14,1991,허문정1길 18,,-,-
전라남도 여수시 미평동,284,284,0,미평주공2단지,44.94,202110,9,"9,300",4,1992,미평로 77,,-,-
전라남도 여수시 미평동,284,284,0,미평주공2단지,44.94,202110,13,"8,500",5,1992,미평로 77,,-,-
전라남도 여수시 미평동,284,284,0,미평주공2단지,44.94,202110,13,"8,500",14,1992,미평로 77,,-,-
전라남도 여수시 미평동,284,284,0,미평주공2단지,38.64,202110,28,"7,200",2,1992,미평로 77,,-,-
전라남도 여수시 미평동,746,746,0,선경,50.92,202110,6,"11,300",8,1994,대학로 46,,-,-
전라남도 여수시 미평동,746,746,0,선경,59.81,202110,25,"12,700",2,1994,대학로 46,,-,-
전라남도 여수시 미평동,746,746,0,선경,59.81,202110,26,"12,500",5,1994,대학로 46,,-,-
전라남도 여수시 미평동,741,741,0,선경2,84.79,202110,5,"21,500",3,1995,양지6길 2,,-,-
전라남도 여수시 미평동,741,741,0,선경2,59.4,202110,5,"14,200",15,1995,양지6길 2,,-,-
전라남도 여수시 미평동,741,741,0,선경2,59.4,202110,20,"15,500",14,1995,양지6길 2,,-,-
전라남도 여수시 미평동,807,807,0,선경3,59.4,202110,2,"14,600",8,1995,양지1길 5,,-,-
전라남도 여수시 미평동,807,807,0,선경3,59.4,202110,22,"13,700",10,1995,양지1길 5,,-,-
전라남도 여수시 미평동,807,807,0,선경3,59.4,202110,23,"16,200",8,1995,양지1길 5,,-,-
전라남도 여수시 미평동,807,807,0,선경3,59.4,202110,27,"15,800",6,1995,양지1길 5,,-,-
전라남도 여수시 미평동,807,807,0,선경3,59.4,202110,28,"12,700",3,1995,양지1길 5,,-,-
전라남도 여수시 봉강동,471,471,0,해태동백타운,59.97,202110,4,"10,800",11,2000,봉강서1길 38,,-,-
전라남도 여수시 봉계동,11,11,0,대광오투빌,59.993,202110,2,"14,650",2,2002,봉계대곡길 62,,-,-
전라남도 여수시 봉계동,11,11,0,대광오투빌,84.6953,202110,5,"17,800",15,2002,봉계대곡길 62,,-,-
전라남도 여수시 봉계동,11,11,0,대광오투빌,84.6953,202110,26,"17,800",15,2002,봉계대곡길 62,,-,-
전라남도 여수시 봉계동,05월 05일,5,5,로얄골드빌,84.754,202110,6,"22,500",4,2003,좌수영로 682-34,,-,-
전라남도 여수시 봉계동,2,2,0,신동아,59.86,202110,10,"10,400",11,1997,좌수영로 682-26,,-,-
전라남도 여수시 봉계동,2,2,0,신동아,59.86,202110,14,"11,000",8,1997,좌수영로 682-26,,-,-
전라남도 여수시 봉계동,05월 25일,5,25,아주타운,59.94,202110,7,"10,750",14,1998,봉계대곡길 50,,-,-
전라남도 여수시 봉계동,05월 25일,5,25,아주타운,59.94,202110,10,"10,750",14,1998,봉계대곡길 50,,-,-
전라남도 여수시 봉계동,05월 25일,5,25,아주타운,59.94,202110,13,"10,500",6,1998,봉계대곡길 50,,-,-
전라남도 여수시 봉계동,05월 25일,5,25,아주타운,59.94,202110,13,"9,300",8,1998,봉계대곡길 50,,-,-
전라남도 여수시 봉계동,05월 25일,5,25,아주타운,59.94,202110,26,"10,500",5,1998,봉계대곡길 50,,-,-
전라남도 여수시 선원동,53,53,0,금호,72.85,202110,16,"18,500",14,1990,시청로 84,,-,-
전라남도 여수시 선원동,1256,1256,0,남양1단지,45.38,202110,4,"9,800",3,1990,무선3길 18,,-,-
전라남도 여수시 선원동,1256,1256,0,남양3단지,49.97,202110,8,"12,000",11,1993,무선2길 27,,-,-
전라남도 여수시 선원동,1341,1341,0,우미이노스빌,59.9971,202110,1,"25,700",11,2004,선원4길 67,,-,-
전라남도 여수시 선원동,1341,1341,0,우미이노스빌,84.5965,202110,9,"32,500",2,2004,선원4길 67,,-,-
전라남도 여수시 선원동,1341,1341,0,우미이노스빌,59.9971,202110,15,"25,100",9,2004,선원4길 67,,-,-
전라남도 여수시 선원동,1341,1341,0,우미이노스빌,84.5965,202110,27,"34,100",10,2004,선원4길 67,,-,-
전라남도 여수시 소라면 죽림리,1130,1130,0,여수죽림사랑으로부영1차,59.9284,202110,2,"24,700",6,2014,죽림로 10,,-,-
전라남도 여수시 소라면 죽림리,1130,1130,0,여수죽림사랑으로부영1차,84.3616,202110,12,"33,000",10,2014,죽림로 10,,-,-
전라남도 여수시 소라면 죽림리,1130,1130,0,여수죽림사랑으로부영1차,59.9284,202110,13,"24,000",5,2014,죽림로 10,,-,-
전라남도 여수시 소라면 죽림리,1130,1130,0,여수죽림사랑으로부영1차,84.3616,202110,16,"30,800",3,2014,죽림로 10,,-,-
전라남도 여수시 소라면 죽림리,1130,1130,0,여수죽림사랑으로부영1차,84.7758,202110,16,"30,700",2,2014,죽림로 10,,-,-
전라남도 여수시 소라면 죽림리,1130,1130,0,여수죽림사랑으로부영1차,59.9284,202110,21,"22,500",1,2014,죽림로 10,,-,-
전라남도 여수시 소라면 죽림리,1130,1130,0,여수죽림사랑으로부영1차,84.8953,202110,24,"31,000",4,2014,죽림로 10,,-,-
전라남도 여수시 소라면 죽림리,1130,1130,0,여수죽림사랑으로부영1차,84.3616,202110,30,"32,000",15,2014,죽림로 10,,-,-
전라남도 여수시 소라면 죽림리,1111,1111,0,여수죽림사랑으로부영2차,59.9284,202110,13,"22,000",10,2014,덕양로 114,,-,-
전라남도 여수시 소라면 죽림리,1111,1111,0,여수죽림사랑으로부영2차,59.9284,202110,29,"23,300",15,2014,덕양로 114,,-,-
전라남도 여수시 소라면 죽림리,1247,1247,0,죽림양우내안애아파트,59.9735,202110,1,"32,200",8,2017,도원로 80,,-,-
전라남도 여수시 소라면 죽림리,1247,1247,0,죽림양우내안애아파트,59.9735,202110,2,"32,800",7,2017,도원로 80,,-,-
전라남도 여수시 소라면 죽림리,1247,1247,0,죽림양우내안애아파트,74.6724,202110,18,"38,000",13,2017,도원로 80,,-,-
전라남도 여수시 소라면 죽림리,1247,1247,0,죽림양우내안애아파트,74.6724,202110,22,"39,000",10,2017,도원로 80,,-,-
전라남도 여수시 소라면 죽림리,1247,1247,0,죽림양우내안애아파트,74.6975,202110,22,"37,000",9,2017,도원로 80,,-,-
전라남도 여수시 소라면 죽림리,1247,1247,0,죽림양우내안애아파트,74.6975,202110,22,"37,000",9,2017,도원로 80,20211030,-,-
전라남도 여수시 소라면 죽림리,1247,1247,0,죽림양우내안애아파트,74.6724,202110,25,"37,500",8,2017,도원로 80,,-,-
전라남도 여수시 소라면 죽림리,1247,1247,0,죽림양우내안애아파트,74.6975,202110,31,"37,000",5,2017,도원로 80,,-,-
전라남도 여수시 소호동,423,423,0,"여수주은금호2,3단지",64.016,202110,4,"15,000",1,2002,소호6길 36,,-,-
전라남도 여수시 소호동,423,423,0,"여수주은금호2,3단지",64.016,202110,14,"14,000",7,2002,소호6길 36,,-,-
전라남도 여수시 소호동,423,423,0,"여수주은금호2,3단지",73.581,202110,14,"14,000",2,2002,소호6길 36,,-,-
전라남도 여수시 소호동,423,423,0,"여수주은금호2,3단지",73.581,202110,16,"18,500",5,2002,소호6길 36,,-,-
전라남도 여수시 소호동,423,423,0,"여수주은금호2,3단지",64.016,202110,30,"14,500",6,2002,소호5길 39,,-,-
전라남도 여수시 소호동,427,427,0,우미오션빌,84.9427,202110,2,"31,500",14,2002,소호7길 28,,-,-
전라남도 여수시 소호동,427,427,0,우미오션빌,84.9427,202110,29,"31,500",11,2002,소호7길 28,,-,-
전라남도 여수시 시전동,243,243,0,우미,84.88,202110,7,"27,700",6,1996,여천체육공원길 23,,-,-
전라남도 여수시 시전동,243,243,0,우미,72.45,202110,15,"23,500",8,1996,여천체육공원길 23,,-,-
전라남도 여수시 신기동,140,140,0,신화,76.459,202110,5,"14,000",4,1991,선소로 72-28,,-,-
전라남도 여수시 신기동,140,140,0,신화,59.776,202110,22,"11,900",15,1991,선소로 72-28,,-,-
전라남도 여수시 신기동,75,75,0,우림필유아파트,141.9738,202110,1,"60,000",10,2008,여천체육공원길 52,,-,-
전라남도 여수시 신기동,75,75,0,우림필유아파트,84.9638,202110,1,"40,000",5,2008,여천체육공원길 52,,-,-
전라남도 여수시 신기동,75,75,0,우림필유아파트,84.9638,202110,18,"40,000",5,2008,여천체육공원길 52,,-,-
전라남도 여수시 신기동,75,75,0,우림필유아파트,123.0088,202110,23,"49,500",11,2008,여천체육공원길 52,,-,-
전라남도 여수시 신기동,75,75,0,우림필유아파트,123.0088,202110,29,"49,000",3,2008,여천체육공원길 52,,-,-
전라남도 여수시 신기동,3,3,0,주공1,39.72,202110,12,"18,582",2,1986,쌍봉로 177,,-,-
전라남도 여수시 신기동,3,3,0,주공1,47.1,202110,18,"21,069",5,1986,쌍봉로 177,,-,-
전라남도 여수시 신기동,3,3,0,주공1,47.1,202110,18,"8,779",1,1986,쌍봉로 177,,-,-
전라남도 여수시 신기동,3,3,0,주공1,39.72,202110,18,"7,742",2,1986,쌍봉로 177,,-,-
전라남도 여수시 신기동,3,3,0,주공1,47.1,202110,18,"8,779",5,1986,쌍봉로 177,,-,-
전라남도 여수시 신기동,3,3,0,주공1,47.1,202110,18,"8,779",3,1986,쌍봉로 177,,-,-
전라남도 여수시 신기동,3,3,0,주공1,47.1,202110,18,"8,779",3,1986,쌍봉로 177,,-,-
전라남도 여수시 신기동,3,3,0,주공1,47.1,202110,19,"21,069",1,1986,쌍봉로 177,,-,-
전라남도 여수시 신기동,3,3,0,주공1,39.72,202110,20,"18,582",2,1986,쌍봉로 177,,-,-
전라남도 여수시 신기동,3,3,0,주공1,47.1,202110,20,"21,069",1,1986,쌍봉로 177,,-,-
전라남도 여수시 신기동,3,3,0,주공1,46.74,202110,21,"20,923",4,1986,쌍봉로 177,,-,-
전라남도 여수시 신기동,3,3,0,주공1,39.72,202110,22,"18,582",4,1986,쌍봉로 177,,-,-
전라남도 여수시 신기동,3,3,0,주공1,47.1,202110,22,"21,069",2,1986,쌍봉로 177,,-,-
전라남도 여수시 신기동,3,3,0,주공1,47.1,202110,26,"21,069",1,1986,쌍봉로 177,,-,-
전라남도 여수시 신기동,3,3,0,주공1,39.72,202110,27,"18,582",3,1986,쌍봉로 177,,-,-
전라남도 여수시 신기동,3,3,0,주공1,47.1,202110,27,"21,069",4,1986,쌍봉로 177,,-,-
전라남도 여수시 신기동,3,3,0,주공1,47.1,202110,28,"21,069",2,1986,쌍봉로 177,,-,-
전라남도 여수시 신기동,3,3,0,주공1,39.72,202110,28,"7,742",5,1986,쌍봉로 177,,-,-
전라남도 여수시 신기동,3,3,0,주공1,39.72,202110,29,"18,582",4,1986,쌍봉로 177,,-,-
전라남도 여수시 신기동,03월 05일,3,5,주공2,39.63,202110,18,"7,724",1,1988,쌍봉로 219,,-,-
전라남도 여수시 신기동,03월 05일,3,5,주공2,39.63,202110,19,"18,538",4,1988,쌍봉로 219,,-,-
전라남도 여수시 신기동,03월 05일,3,5,주공2,39.63,202110,19,"7,724",1,1988,쌍봉로 215,,-,-
전라남도 여수시 신기동,03월 05일,3,5,주공2,32.43,202110,20,"14,000",2,1988,쌍봉로 215,,-,-
전라남도 여수시 신기동,03월 05일,3,5,주공2,39.63,202110,22,"18,390",2,1988,쌍봉로 219,,-,-
전라남도 여수시 신기동,03월 05일,3,5,주공2,32.43,202110,22,"15,050",4,1988,쌍봉로 219,,-,-
전라남도 여수시 신기동,03월 05일,3,5,주공2,32.43,202110,22,"15,173",3,1988,쌍봉로 215,,-,-
전라남도 여수시 신기동,03월 05일,3,5,주공2,32.43,202110,22,"15,050",4,1988,쌍봉로 215,,-,-
전라남도 여수시 신기동,03월 05일,3,5,주공2,32.43,202110,22,"15,173",2,1988,쌍봉로 219,,-,-
전라남도 여수시 신기동,03월 05일,3,5,주공2,39.63,202110,25,"18,390",5,1988,쌍봉로 219,,-,-
전라남도 여수시 신기동,03월 05일,3,5,주공2,32.43,202110,25,"15,173",4,1988,쌍봉로 215,,-,-
전라남도 여수시 신기동,03월 05일,3,5,주공2,39.63,202110,26,"18,390",5,1988,쌍봉로 215,,-,-
전라남도 여수시 신기동,03월 05일,3,5,주공2,39.63,202110,26,"18,390",3,1988,쌍봉로 219,,-,-
전라남도 여수시 신기동,03월 05일,3,5,주공2,39.63,202110,26,"18,390",4,1988,쌍봉로 219,,-,-
전라남도 여수시 신기동,03월 05일,3,5,주공2,39.63,202110,26,"18,538",4,1988,쌍봉로 219,,-,-
전라남도 여수시 신기동,03월 05일,3,5,주공2,32.43,202110,26,"15,050",1,1988,쌍봉로 215,,-,-
전라남도 여수시 신기동,03월 05일,3,5,주공2,39.63,202110,26,"7,724",3,1988,쌍봉로 215,,-,-
전라남도 여수시 신월동,60,60,0,금호타운,84.6,202110,9,"20,000",15,1992,신월로 561-8,,-,-
전라남도 여수시 신월동,60,60,0,금호타운,84.6,202110,18,"20,000",6,1992,신월로 561-8,,-,-
전라남도 여수시 신월동,01월 04일,1,4,대주,84.99,202110,11,"24,000",5,1993,신월2길 35,,-,-
전라남도 여수시 신월동,51,51,0,코아루,123.1377,202110,27,"45,000",10,2006,신월2길 11,,-,-
전라남도 여수시 안산동,658,658,0,모아미래도,84.9419,202110,8,"27,200",7,2004,안산1길 136,,-,-
전라남도 여수시 안산동,658,658,0,모아미래도,84.9419,202110,31,"29,500",10,2004,안산1길 136,,-,-
전라남도 여수시 안산동,440,440,0,부영5차,59.987,202110,8,"19,500",2,2004,도원로 204,,-,-
전라남도 여수시 안산동,440,440,0,부영5차,59.987,202110,18,"20,300",10,2004,도원로 204,,-,-
전라남도 여수시 안산동,440,440,0,부영5차,59.987,202110,23,"20,800",6,2004,도원로 204,,-,-
전라남도 여수시 안산동,440,440,0,부영5차,84.8246,202110,29,"25,000",17,2004,도원로 204,,-,-
전라남도 여수시 안산동,727,727,0,우미린,84.9529,202110,25,"30,000",2,2006,장성1길 37,,-,-
전라남도 여수시 여서동,Mar-43,43,3,경남2차,66.888,202110,14,"13,800",14,1992,장군산길 10,,-,-
전라남도 여수시 여서동,Mar-43,43,3,경남2차,73.844,202110,19,"17,500",14,1992,장군산길 10,,-,-
전라남도 여수시 여서동,238,238,0,여서동금호,72.85,202110,5,"17,800",14,1989,여서2로 20,,-,-
전라남도 여수시 여서동,238,238,0,여서동금호,84.79,202110,6,"17,000",5,1989,여서2로 19,,-,-
전라남도 여수시 여서동,238,238,0,여서동금호,72.85,202110,9,"18,850",12,1989,여서2로 20,,-,-
전라남도 여수시 여서동,238,238,0,여서동금호,119.77,202110,15,"26,250",15,1989,여서2로 20,,-,-
전라남도 여수시 여서동,370,370,0,여서주공2차,47.01,202110,21,"15,300",3,1990,여서2로 40,,-,-
전라남도 여수시 여서동,489-1,489,1,현대건설,84.94,202110,11,"24,500",11,1991,여서로 134,,-,-
전라남도 여수시 여서동,489-1,489,1,현대건설,84.94,202110,15,"21,500",14,1991,여서로 134,,-,-
전라남도 여수시 여서동,489-1,489,1,현대건설,84.94,202110,21,"23,800",6,1991,여서로 134,,-,-
전라남도 여수시 여서동,483,483,0,현대산업,84.98,202110,12,"17,800",14,1991,여문2로 191,,-,-
전라남도 여수시 여서동,484,484,0,현대산업3,59.95,202110,3,"16,700",10,1994,여문2로 197,,-,-
전라남도 여수시 여서동,484,484,0,현대산업3,59.95,202110,8,"13,000",11,1994,여문2로 197,,-,-
전라남도 여수시 여서동,484,484,0,현대산업3,84.785,202110,21,"19,100",5,1994,여문2로 197,,-,-
전라남도 여수시 연등동,722-4,722,4,삼송맨션,68.49,202110,8,"7,900",5,1983,연등8길 33,,-,-
전라남도 여수시 오림동,409-2,409,2,부영3,59.94,202110,12,"9,600",2,1987,장군산길 42,,-,-
전라남도 여수시 웅천동,1642,1642,0,신영웅천지웰2차,84.955,202110,2,"55,000",5,2013,웅천중앙로 33,,-,-
전라남도 여수시 웅천동,1642,1642,0,신영웅천지웰2차,112.76,202110,15,"80,500",19,2013,웅천중앙로 33,,-,-
전라남도 여수시 웅천동,1643,1643,0,신영웅천지웰3차,84.9293,202110,2,"51,900",13,2014,웅천중앙로 47,,-,-
전라남도 여수시 웅천동,1643,1643,0,신영웅천지웰3차,84.9293,202110,12,"51,000",13,2014,웅천중앙로 47,,-,-
전라남도 여수시 웅천동,1643,1643,0,신영웅천지웰3차,84.9293,202110,15,"49,700",4,2014,웅천중앙로 47,,-,-
전라남도 여수시 웅천동,1643,1643,0,신영웅천지웰3차,84.9604,202110,28,"51,200",14,2014,웅천중앙로 47,,-,-
전라남도 여수시 웅천동,1851,1851,0,여수웅천부영1차,59.9284,202110,19,"26,700",10,2015,웅천로 189,,-,-
전라남도 여수시 웅천동,1687,1687,0,웅천지웰1차(1블럭),84.96,202110,2,"45,000",11,2010,예울마루로 30,,-,-
전라남도 여수시 웅천동,1687,1687,0,웅천지웰1차(1블럭),84.96,202110,3,"46,500",7,2010,예울마루로 30,,-,-
전라남도 여수시 웅천동,1683,1683,0,웅천지웰1차(2블럭),84.96,202110,2,"43,800",14,2010,예울마루로 30,,-,-
전라남도 여수시 웅천동,1683,1683,0,웅천지웰1차(2블럭),84.96,202110,9,"43,800",8,2010,예울마루로 30,,-,-
전라남도 여수시 웅천동,1683,1683,0,웅천지웰1차(2블럭),59.911,202110,27,"37,500",14,2010,예울마루로 30,,-,-
전라남도 여수시 웅천동,1888-1,1888,1,포레나여수웅천1단지,84.7554,202110,12,"54,000",8,2019,웅천남8로 24,,-,-
전라남도 여수시 웅천동,1888-1,1888,1,포레나여수웅천1단지,100.1241,202110,29,"76,000",16,2019,웅천남8로 24,20211029,-,-
전라남도 여수시 웅천동,1888-1,1888,1,포레나여수웅천1단지,100.1241,202110,29,"76,000",16,2019,웅천남8로 24,,-,-
전라남도 여수시 웅천동,1889-1,1889,1,포레나여수웅천2단지,75.6067,202110,2,"50,500",22,2019,웅천남8로 23,,-,-
전라남도 여수시 웅천동,1889-1,1889,1,포레나여수웅천2단지,75.6067,202110,2,"45,000",25,2019,웅천남8로 23,,-,-
전라남도 여수시 웅천동,1889-1,1889,1,포레나여수웅천2단지,75.4323,202110,8,"53,000",23,2019,웅천남8로 23,,-,-
전라남도 여수시 웅천동,1889-1,1889,1,포레나여수웅천2단지,75.6067,202110,12,"46,000",24,2019,웅천남8로 23,,-,-
전라남도 여수시 웅천동,1889-1,1889,1,포레나여수웅천2단지,84.7554,202110,12,"57,000",26,2019,웅천남8로 23,,-,-
전라남도 여수시 웅천동,1889-1,1889,1,포레나여수웅천2단지,75.4323,202110,19,"45,000",18,2019,웅천남8로 23,,-,-
전라남도 여수시 율촌면 월산리,1501-1,1501,1,동양엔파트,84.8864,202110,11,"15,400",7,2011,여순로 1038,,-,-
전라남도 여수시 율촌면 월산리,1501-1,1501,1,동양엔파트,59.7442,202110,19,"10,800",9,2011,여순로 1038,,-,-
전라남도 여수시 학동,54,54,0,신동아파밀리에,84.5752,202110,5,"35,300",4,2008,무선로 50,,-,-
전라남도 여수시 학동,54,54,0,신동아파밀리에,84.5752,202110,6,"35,500",4,2008,무선로 50,,-,-
전라남도 여수시 학동,54,54,0,신동아파밀리에,59.5923,202110,8,"29,000",21,2008,무선로 50,,-,-
전라남도 여수시 학동,54,54,0,신동아파밀리에,84.5752,202110,9,"35,500",2,2008,무선로 50,,-,-
전라남도 여수시 학동,54,54,0,신동아파밀리에,84.5752,202110,15,"37,300",12,2008,무선로 50,,-,-
전라남도 여수시 학동,54,54,0,신동아파밀리에,59.5923,202110,15,"27,800",19,2008,무선로 50,,-,-
전라남도 여수시 학동,54,54,0,신동아파밀리에,84.5752,202110,15,"35,000",5,2008,무선로 50,,-,-
전라남도 여수시 학동,54,54,0,신동아파밀리에,84.5752,202110,20,"40,300",15,2008,무선로 50,,-,-
전라남도 여수시 학동,54,54,0,신동아파밀리에,59.5923,202110,25,"25,000",6,2008,무선로 50,,-,-
전라남도 여수시 학동,54,54,0,신동아파밀리에,59.5923,202110,27,"28,000",11,2008,무선로 50,,-,-
전라남도 여수시 화장동,740,740,0,무선주공2차,58.14,202110,22,"12,700",6,1995,무선2길 39,,-,-
전라남도 영광군 법성면 법성리,602-2,602,2,고진,54.33,202110,29,"3,000",2,1991,진굴비길 52-3,,-,-
전라남도 영광군 법성면 법성리,598-2,598,2,성산,34.44,202110,22,"3,600",2,2000,법성길1길 51,,-,-
전라남도 영광군 영광읍 남천리,624,624,0,영광숲안애,112.6739,202110,25,"29,000",2,2014,천년로13길 2-14,,-,-
전라남도 영광군 영광읍 남천리,182,182,0,장산타워맨션,59.85,202110,21,"7,000",6,1993,신남로 246-6,,-,-
전라남도 영광군 영광읍 녹사리,47,47,0,모두원웰리스,84.9655,202110,31,"22,200",13,2013,천년로 1440-26,,-,-
전라남도 영광군 영광읍 녹사리,727,727,0,신구프라임힐스아파트,84.9244,202110,15,"21,500",6,2016,옥당로 115-84,,-,-
전라남도 영광군 영광읍 녹사리,38,38,0,영광녹사주공,51.88,202110,1,"10,000",5,2004,천년로 1440-12,,-,-
전라남도 영광군 영광읍 녹사리,38,38,0,영광녹사주공,59.99,202110,2,"12,700",1,2004,천년로 1440-12,,-,-
전라남도 영광군 영광읍 녹사리,38,38,0,영광녹사주공,59.99,202110,6,"13,400",12,2004,천년로 1440-12,,-,-
전라남도 영광군 영광읍 녹사리,38,38,0,영광녹사주공,59.99,202110,7,"13,500",9,2004,천년로 1440-12,,-,-
전라남도 영광군 영광읍 녹사리,38,38,0,영광녹사주공,51.88,202110,13,"10,300",1,2004,천년로 1440-12,,-,-
전라남도 영광군 영광읍 단주리,370-12,370,12,사직스카이(370-12),39.96,202110,23,"7,000",15,1997,옥당로 233-12,,-,-
전라남도 영광군 영광읍 단주리,370-12,370,12,사직스카이(370-12),59.96,202110,28,"10,000",17,1997,옥당로 233-12,,-,-
전라남도 영광군 영광읍 단주리,683,683,0,영광단주리지엘리베라움아파트,84.8845,202110,22,"27,300",13,2018,옥당로 222-17,,-,-
전라남도 영광군 영광읍 단주리,336,336,0,옥당마을,84.8628,202110,7,"18,100",12,2004,백산길 43,,-,-
전라남도 영광군 영광읍 단주리,336,336,0,옥당마을,84.8628,202110,27,"17,800",15,2004,백산길 43,,-,-
전라남도 영광군 홍농읍 상하리,153-2,153,2,다온누리아파트,84.7884,202110,12,"25,800",12,2021,홍농로 442-3,,-,-
전라남도 영광군 홍농읍 상하리,323-1,323,1,청미래,51.14,202110,29,"3,800",1,1992,상하길 91,,-,-
전라남도 영암군 삼호읍 용당리,Jan-76,2176,1,삼호4차사원임대,49.98,202110,18,"4,200",5,2002,신항로 135-25,,-,-
전라남도 영암군 삼호읍 용당리,Jan-76,2176,1,삼호4차사원임대,49.98,202110,20,"5,000",10,2002,신항로 135-25,,-,-
전라남도 영암군 삼호읍 용당리,Jan-79,2179,1,현대삼호2차아파트,59.75,202110,1,"4,250",6,1996,신항로 63-7,,-,-
전라남도 영암군 삼호읍 용당리,Jan-79,2179,1,현대삼호2차아파트,59.75,202110,5,"6,000",4,1996,신항로 63-7,,-,-
전라남도 영암군 삼호읍 용당리,Jan-79,2179,1,현대삼호2차아파트,59.75,202110,10,"4,200",5,1996,신항로 63-7,,-,-
전라남도 영암군 삼호읍 용당리,Jan-79,2179,1,현대삼호2차아파트,59.75,202110,18,"5,400",11,1996,신항로 63-7,,-,-
전라남도 영암군 삼호읍 용당리,Jan-79,2179,1,현대삼호2차아파트,59.75,202110,19,"4,500",11,1996,신항로 63-7,,-,-
전라남도 영암군 삼호읍 용당리,Jan-79,2179,1,현대삼호2차아파트,59.75,202110,19,"4,650",11,1996,신항로 63-7,,-,-
전라남도 영암군 삼호읍 용당리,Jan-79,2179,1,현대삼호2차아파트,59.75,202110,22,"4,250",11,1996,신항로 63-7,,-,-
전라남도 영암군 삼호읍 용당리,Jan-79,2179,1,현대삼호2차아파트,59.75,202110,22,"4,400",11,1996,신항로 63-7,,-,-
전라남도 영암군 삼호읍 용당리,Jan-79,2179,1,현대삼호2차아파트,59.75,202110,31,"5,200",5,1996,신항로 63-7,,-,-
전라남도 영암군 삼호읍 용당리,Jan-77,2177,1,현대삼호3차아파트,60,202110,2,"6,000",8,1998,신항로 123-7,,-,-
전라남도 영암군 삼호읍 용당리,Jan-77,2177,1,현대삼호3차아파트,59.85,202110,2,"4,900",3,1998,신항로 123-7,,-,-
전라남도 영암군 삼호읍 용당리,Jan-77,2177,1,현대삼호3차아파트,59.85,202110,12,"4,350",6,1998,신항로 123-7,,-,-
전라남도 영암군 삼호읍 용당리,Jan-77,2177,1,현대삼호3차아파트,59.85,202110,18,"4,300",5,1998,신항로 123-7,,-,-
전라남도 영암군 삼호읍 용당리,2183,2183,0,희망가,59.9456,202110,6,"6,400",4,2012,모밀항길 39-18,,-,-
전라남도 영암군 삼호읍 용당리,2183,2183,0,희망가,59.9456,202110,11,"8,000",12,2012,모밀항길 39-18,,-,-
전라남도 영암군 삼호읍 용당리,2183,2183,0,희망가,59.9456,202110,15,"8,500",3,2012,모밀항길 39-18,,-,-
전라남도 영암군 삼호읍 용당리,2183,2183,0,희망가,59.9456,202110,15,"8,500",2,2012,모밀항길 39-18,,-,-
전라남도 영암군 삼호읍 용앙리,1679-1,1679,1,금호타운,59.96,202110,1,"7,300",9,1998,대불주거로 160,,-,-
전라남도 영암군 삼호읍 용앙리,1679-1,1679,1,금호타운,59.96,202110,5,"6,800",12,1998,대불주거로 160,,-,-
전라남도 영암군 삼호읍 용앙리,1679-1,1679,1,금호타운,59.96,202110,21,"6,860",4,1998,대불주거로 160,,-,-
전라남도 영암군 삼호읍 용앙리,1679-1,1679,1,금호타운,59.92,202110,27,"5,500",3,1998,대불주거로 160,,-,-
전라남도 영암군 삼호읍 용앙리,313-1,313,1,영암삼호퀸스빌1차,59.8598,202110,12,"4,900",10,2002,대불주거로 49,,-,-
전라남도 영암군 삼호읍 용앙리,390-1,390,1,영암삼호퀸스빌2차,59.8044,202110,7,"5,500",12,2006,삼호중앙로 129,,-,-
전라남도 영암군 삼호읍 용앙리,390-1,390,1,영암삼호퀸스빌2차,59.8044,202110,7,"5,700",7,2006,삼호중앙로 129,,-,-
전라남도 영암군 삼호읍 용앙리,390-1,390,1,영암삼호퀸스빌2차,59.8044,202110,27,"6,600",10,2006,삼호중앙로 129,,-,-
전라남도 영암군 삼호읍 용앙리,222-9,222,9,종원,59.89,202110,21,"7,100",5,1999,세가래1길 17,,-,-
전라남도 영암군 삼호읍 용앙리,222-9,222,9,종원,59.89,202110,25,"6,600",6,1999,세가래1길 17,,-,-
전라남도 영암군 신북면 월평리,Jun-92,92,6,한성2동,84.9834,202110,5,"10,000",10,2007,황금동로 46,,-,-
전라남도 영암군 영암읍 역리,304,304,0,영신,59.52,202110,26,"6,300",7,1999,백년동길 15,,-,-
전라남도 영암군 영암읍 역리,500,500,0,청송2차드림빌,68.7223,202110,7,"14,500",11,2013,역몰길 24,,-,-
전라남도 영암군 학산면 독천리,Feb-60,60,2,목우A,83.04,202110,27,"5,500",4,2006,독천로 193-11,,-,-
전라남도 완도군 완도읍 가용리,1052,1052,0,무등파크맨션,68.34,202110,12,"17,500",8,1994,개포로145번길 39,,-,-
전라남도 완도군 완도읍 가용리,1025,1025,0,학림,80.37,202110,25,"16,100",3,1990,해변공원로101번길 14-1,,-,-
전라남도 완도군 완도읍 군내리,1157,1157,0,동아하이빌,59.9966,202110,20,"16,700",7,2003,청해진서로 33-2,,-,-
전라남도 완도군 완도읍 군내리,1267,1267,0,세림2차해변아파트,59.85,202110,12,"14,500",4,1993,개포로 180,,-,-
전라남도 완도군 완도읍 군내리,363-78,363,78,완도미림주상복합아파트,84.0041,202110,15,"27,300",8,2018,군내21번길 7,,-,-
전라남도 완도군 완도읍 군내리,1453,1453,0,완도진아리채,59.9171,202110,15,"24,800",7,2016,청해진동로 5,,-,-
전라남도 완도군 완도읍 군내리,1453,1453,0,완도진아리채,59.9171,202110,29,"25,550",2,2016,청해진동로 5,,-,-
전라남도 완도군 완도읍 군내리,1154,1154,0,현대모닝사이드,52.43,202110,12,"9,500",1,1996,청해진서로 50,,-,-
전라남도 완도군 완도읍 군내리,1154,1154,0,현대모닝사이드,52.43,202110,14,"12,900",8,1996,청해진서로 50,,-,-
전라남도 장성군 삼계면 사창리,165-2,165,2,금광,49.86,202110,19,"5,500",11,1997,사창로 64-72,,-,-
전라남도 장성군 장성읍 영천리,845-1,845,1,부강,59.55,202110,6,"8,250",11,2001,오동촌길 16,,-,-
전라남도 장성군 장성읍 영천리,845-1,845,1,부강,59.55,202110,19,"7,900",5,2001,오동촌길 16,,-,-
전라남도 장성군 장성읍 영천리,1475-3,1475,3,신일,76.57,202110,29,"8,700",2,1991,청운11길 15,,-,-
전라남도 장성군 장성읍 영천리,429,429,0,해주그린,59.945,202110,6,"8,500",7,1995,방울샘길 46,,-,-
전라남도 장성군 장성읍 영천리,429,429,0,해주그린,59.945,202110,25,"7,000",10,1995,방울샘길 46,,-,-
전라남도 장성군 황룡면 장산리,404-1,404,1,고려시멘트사원,49.65,202110,7,"3,500",1,1994,홍길동로 80,,-,-
전라남도 장성군 황룡면 장산리,404-1,404,1,고려시멘트사원,49.65,202110,15,"4,600",3,1994,홍길동로 80,,-,-
전라남도 장성군 황룡면 장산리,404-1,404,1,고려시멘트사원,49.65,202110,20,"3,900",5,1994,홍길동로 80,,-,-
전라남도 장성군 황룡면 장산리,404-1,404,1,고려시멘트사원,49.65,202110,25,"5,100",2,1994,홍길동로 80,,-,-
전라남도 장성군 황룡면 장산리,05월 21일,21,5,해주하이츠,59.82,202110,5,"6,750",3,1993,뱃나드리로 87,,-,-
전라남도 장흥군 관산읍 남송리,30-16,30,16,동산,79.29,202110,26,"5,600",4,1997,관산로 121-17,,-,-
전라남도 장흥군 장흥읍 건산리,529-1,529,1,건산주공,51.88,202110,5,"9,450",11,2004,북부로 62-1,,-,-
전라남도 장흥군 장흥읍 건산리,451-7,451,7,그린빌라,75.42,202110,27,"7,000",4,1990,못골길 16,,-,-
전라남도 장흥군 장흥읍 건산리,129,129,0,미래3,47.79,202110,15,"5,300",10,1996,동부로 67-5,,-,-
전라남도 장흥군 장흥읍 건산리,129,129,0,미래3,59.82,202110,18,"9,300",13,1996,동부로 67-5,,-,-
전라남도 장흥군 장흥읍 건산리,670,670,0,수창아트빌,84.785,202110,6,"14,500",7,2001,북부로 39,,-,-
전라남도 장흥군 장흥읍 건산리,69,69,0,우주빌,63.06,202110,15,"7,500",2,2004,건산서편2길 24,,-,-
전라남도 장흥군 장흥읍 원도리,329,329,0,장흥코아루해피트리,61.92,202110,5,"19,900",12,2018,장흥로 80,,-,-
전라남도 장흥군 장흥읍 원도리,329,329,0,장흥코아루해피트리,61.92,202110,9,"18,800",5,2018,장흥로 80,,-,-
전라남도 장흥군 장흥읍 원도리,329,329,0,장흥코아루해피트리,61.92,202110,14,"20,800",14,2018,장흥로 80,,-,-
전라남도 장흥군 장흥읍 원도리,278,278,0,중우하나린,83.4881,202110,18,"18,800",4,2017,장흥로 94,,-,-
전라남도 진도군 진도읍 남동리,855,855,0,골드클라우스아파트,84.9923,202110,1,"26,902",4,2018,남문길 20-7,,-,-
전라남도 진도군 진도읍 남동리,131-9,131,9,백두,56.2827,202110,3,"7,700",4,2000,남산로 96,,-,-
전라남도 함평군 함평읍 내교리,305,305,0,거송라뷔랑,83.4114,202110,14,"22,000",4,2006,내대화길 112-11,,-,-
전라남도 함평군 함평읍 내교리,306,306,0,동광,84.5,202110,22,"11,000",11,1991,내대화길 112-12,,-,-
전라남도 해남군 송지면 산정리,276-5,276,5,송지유송,65.059,202110,28,"6,000",10,2009,산정2길 28,,-,-
전라남도 해남군 해남읍 고도리,120-14,120,14,삼우,72.54,202110,6,"8,900",8,1995,고도길 15-3,,-,-
전라남도 해남군 해남읍 구교리,Feb-81,81,2,공간,59.981,202110,15,"9,500",6,2000,구교2길 42,,-,-
전라남도 해남군 해남읍 구교리,Feb-81,81,2,공간,59.981,202110,15,"9,000",6,2000,구교2길 42,,-,-
전라남도 해남군 해남읍 구교리,Feb-81,81,2,공간,59.985,202110,18,"9,100",7,2000,구교2길 42,,-,-
전라남도 해남군 해남읍 구교리,Feb-81,81,2,공간,59.981,202110,26,"9,600",2,2000,구교2길 42,,-,-
전라남도 해남군 해남읍 구교리,918,918,0,구교2주공,49.85,202110,15,"8,000",3,1999,구교3길 26,,-,-
전라남도 해남군 해남읍 구교리,918,918,0,구교2주공,49.85,202110,27,"7,300",11,1999,구교3길 26,,-,-
전라남도 해남군 해남읍 구교리,922,922,0,구교센트럴파크아파트,81.2143,202110,5,"24,000",12,2019,서림길 11-1,,-,-
전라남도 해남군 해남읍 구교리,922,922,0,구교센트럴파크아파트,83.9313,202110,8,"24,300",5,2019,서림길 11-1,,-,-
전라남도 해남군 해남읍 구교리,922,922,0,구교센트럴파크아파트,83.9313,202110,8,"24,300",9,2019,서림길 11-1,,-,-
전라남도 해남군 해남읍 구교리,922,922,0,구교센트럴파크아파트,83.9313,202110,8,"24,300",6,2019,서림길 11-1,,-,-
전라남도 해남군 해남읍 구교리,310-1,310,1,구교주공,49.65,202110,8,"8,400",6,1996,북부순환로 175,,-,-
전라남도 해남군 해남읍 구교리,310-1,310,1,구교주공,49.65,202110,21,"8,250",7,1996,북부순환로 175,,-,-
전라남도 해남군 해남읍 구교리,96,96,0,새시대맨션,84.8,202110,7,"8,500",10,1994,구교2길 36,,-,-
전라남도 해남군 해남읍 구교리,567,567,0,해남우진아트빌,84.9425,202110,13,"18,000",9,2004,구교3길 35,,-,-
전라남도 해남군 해남읍 구교리,567,567,0,해남우진아트빌,84.9425,202110,19,"17,400",6,2004,구교3길 35,,-,-
전라남도 해남군 해남읍 구교리,1005,1005,0,해남파크사이드아파트,71.1335,202110,7,"21,250",10,2015,구교3길 36-23,,-,-
전라남도 해남군 해남읍 구교리,1005,1005,0,해남파크사이드아파트,58.8172,202110,23,"18,000",8,2015,구교3길 36-23,,-,-
전라남도 해남군 해남읍 구교리,1005,1005,0,해남파크사이드아파트,58.8172,202110,28,"17,800",3,2015,구교3길 36-23,,-,-
전라남도 해남군 해남읍 해리,490-1,490,1,광지힐타운,84.9121,202110,5,"21,900",4,2011,북부순환로 53,,-,-
전라남도 해남군 해남읍 해리,125,125,0,금강,59.97,202110,12,"4,600",3,1992,해리4길 18,,-,-
전라남도 해남군 해남읍 해리,125,125,0,금강,59.99,202110,19,"5,300",2,1992,해리4길 18,,-,-
전라남도 해남군 해남읍 해리,305-2,305,2,금영,59.82,202110,23,"8,600",2,1992,동초길 69,,-,-
전라남도 해남군 해남읍 해리,684,684,0,명지,59.16,202110,7,"8,300",4,1997,교육청길 26,,-,-
전라남도 해남군 해남읍 해리,684,684,0,명지,59.16,202110,7,"8,300",4,1997,교육청길 26,20211104,-,-
전라남도 해남군 해남읍 해리,159-1,159,1,백두1차,57.84,202110,14,"8,300",13,1997,북부순환로 6,,-,-
전라남도 해남군 해남읍 해리,702,702,0,베네PARK,84.6002,202110,20,"25,300",11,2016,교육청길 9-3,,-,-
전라남도 해남군 해남읍 해리,643,643,0,삼우,59.67,202110,23,"6,500",6,1994,영빈로 5,,-,-
전라남도 해남군 해남읍 해리,690,690,0,성화누리안,73.1145,202110,26,"19,170",5,2012,해리3길 6,,-,-
전라남도 해남군 해남읍 해리,334-3,334,3,청우,81.27,202110,15,"7,300",11,1991,동초길 61,,-,-
전라남도 해남군 해남읍 해리,705,705,0,해남코아루더베스트1단지아파트,84.951,202110,7,"28,000",13,2019,영빈로 81-1,,-,-
전라남도 해남군 해남읍 해리,705,705,0,해남코아루더베스트1단지아파트,84.8741,202110,27,"29,900",9,2019,영빈로 81-1,,-,-
전라남도 해남군 해남읍 해리,437,437,0,해담은,84.73,202110,5,"23,800",4,2014,중앙1로 34-7,,-,-
전라남도 화순군 화순읍 계소리,135-1,135,1,오성2,59.825,202110,2,"6,900",8,1998,오성로 468,,-,-
전라남도 화순군 화순읍 계소리,135-1,135,1,오성2,59.825,202110,4,"6,400",8,1998,오성로 468,,-,-
전라남도 화순군 화순읍 계소리,135-1,135,1,오성2,42.75,202110,18,"4,700",7,1998,오성로 468,,-,-
전라남도 화순군 화순읍 계소리,135-1,135,1,오성2,42.75,202110,20,"4,000",1,1998,오성로 468,,-,-
전라남도 화순군 화순읍 계소리,135-1,135,1,오성2,59.825,202110,29,"6,800",12,1998,오성로 468,,-,-
전라남도 화순군 화순읍 광덕리,300,300,0,부영2,84.92,202110,1,"12,800",12,1995,광덕로 155,,-,-
전라남도 화순군 화순읍 광덕리,300,300,0,부영2,84.92,202110,4,"13,000",4,1995,광덕로 155,,-,-
전라남도 화순군 화순읍 광덕리,321,321,0,유창허니문3,59.88,202110,4,"8,150",10,1995,광덕로 139,,-,-
전라남도 화순군 화순읍 광덕리,321,321,0,유창허니문3,59.88,202110,21,"8,300",7,1995,광덕로 139,,-,-
전라남도 화순군 화순읍 교리,Jan-70,70,1,공간1,84.96,202110,4,"10,900",5,1992,진각로 181-19,,-,-
전라남도 화순군 화순읍 교리,Jan-70,70,1,공간1,84.99,202110,9,"11,250",6,1992,진각로 181-19,,-,-
전라남도 화순군 화순읍 교리,May-70,70,5,서라2차,59.981,202110,5,"6,850",8,1995,진각로 181-20,,-,-
전라남도 화순군 화순읍 교리,May-70,70,5,서라2차,59.985,202110,15,"6,850",1,1995,진각로 181-20,,-,-
전라남도 화순군 화순읍 교리,May-70,70,5,서라2차,59.981,202110,16,"7,500",5,1995,진각로 181-20,,-,-
전라남도 화순군 화순읍 대리,Mar-97,97,3,대광로제비앙,59.97,202110,13,"7,700",11,1996,칠충로 53,,-,-
전라남도 화순군 화순읍 대리,121,121,0,대광로제비앙2차,48.6,202110,9,"6,900",10,1998,칠충로 44,,-,-
전라남도 화순군 화순읍 대리,102,102,0,대성베르힐,84.9362,202110,1,"20,800",6,2009,칠충로 61-28,,-,-
전라남도 화순군 화순읍 대리,102,102,0,대성베르힐,84.9362,202110,5,"20,300",16,2009,칠충로 61-28,,-,-
전라남도 화순군 화순읍 대리,102,102,0,대성베르힐,84.9362,202110,12,"19,000",5,2009,칠충로 61-28,,-,-
전라남도 화순군 화순읍 대리,102,102,0,대성베르힐,84.9276,202110,14,"23,000",17,2009,칠충로 61-28,,-,-
전라남도 화순군 화순읍 대리,102,102,0,대성베르힐,84.9362,202110,23,"21,300",16,2009,칠충로 61-28,,-,-
전라남도 화순군 화순읍 대리,102,102,0,대성베르힐,84.9362,202110,23,"20,500",2,2009,칠충로 61-28,,-,-
전라남도 화순군 화순읍 대리,Aug-37,37,8,한국아델리움,84.7265,202110,4,"18,000",11,2002,칠충로 83-11,,-,-
전라남도 화순군 화순읍 대리,Aug-37,37,8,한국아델리움,84.7265,202110,8,"16,700",2,2002,칠충로 83-11,,-,-
전라남도 화순군 화순읍 대리,Aug-37,37,8,한국아델리움,84.7265,202110,23,"17,900",11,2002,칠충로 83-11,,-,-
전라남도 화순군 화순읍 만연리,237-1,237,1,금호타운,71.467,202110,8,"17,400",10,1997,광덕로 203,,-,-
전라남도 화순군 화순읍 만연리,237-1,237,1,금호타운,71.467,202110,12,"16,800",4,1997,광덕로 203,,-,-
전라남도 화순군 화순읍 벽라리,37,37,0,서라3,59.985,202110,7,"8,500",14,1996,오성로 558,,-,-
전라남도 화순군 화순읍 벽라리,37,37,0,서라3,59.985,202110,20,"7,900",16,1996,오성로 558,,-,-
전라남도 화순군 화순읍 벽라리,37,37,0,서라3,59.985,202110,20,"8,000",16,1996,오성로 558,,-,-
전라남도 화순군 화순읍 벽라리,37,37,0,서라3,59.985,202110,25,"7,500",16,1996,오성로 558,,-,-
전라남도 화순군 화순읍 벽라리,37,37,0,서라3,59.985,202110,30,"6,700",12,1996,오성로 558,,-,-
전라남도 화순군 화순읍 삼천리,1048,1048,0,화순산이고운,84.9114,202110,1,"28,350",4,2016,쌍충로 14,,-,-
전라남도 화순군 화순읍 삼천리,1048,1048,0,화순산이고운,84.9114,202110,1,"26,500",6,2016,쌍충로 14,,-,-
전라남도 화순군 화순읍 삼천리,1048,1048,0,화순산이고운,84.9114,202110,4,"26,400",9,2016,쌍충로 14,,-,-
전라남도 화순군 화순읍 삼천리,1048,1048,0,화순산이고운,84.9114,202110,4,"25,900",6,2016,쌍충로 14,,-,-
전라남도 화순군 화순읍 삼천리,1048,1048,0,화순산이고운,84.9114,202110,9,"25,000",2,2016,쌍충로 14,,-,-
전라남도 화순군 화순읍 삼천리,1070,1070,0,화순삼천한양립스아파트,59.9937,202110,18,"23,300",14,2020,쌍충로 13-1,,-,-
전라남도 화순군 화순읍 일심리,861,861,0,서라4차,59.915,202110,5,"8,750",15,1997,알메로 86,,-,-
전라남도 화순군 화순읍 일심리,861,861,0,서라4차,28.08,202110,6,"4,000",7,1997,알메로 86,,-,-
전라남도 화순군 화순읍 일심리,861,861,0,서라4차,59.915,202110,14,"9,100",10,1997,알메로 86,,-,-
전라남도 화순군 화순읍 일심리,861,861,0,서라4차,28.08,202110,15,"4,300",14,1997,알메로 86,,-,-
전라남도 화순군 화순읍 일심리,861,861,0,서라4차,59.915,202110,22,"8,500",7,1997,알메로 86,,-,-
전라남도 화순군 화순읍 일심리,861,861,0,서라4차,59.915,202110,22,"8,400",14,1997,알메로 86,,-,-
전라남도 화순군 화순읍 일심리,670,670,0,청전,59.99,202110,4,"10,700",6,1996,광덕로 156,,-,-
전라남도 화순군 화순읍 일심리,670,670,0,청전,84.64,202110,7,"15,500",13,1996,광덕로 156,,-,-
전라남도 화순군 화순읍 일심리,670,670,0,청전,59.99,202110,16,"11,000",5,1996,광덕로 156,,-,-
전라북도 고창군 고창읍 교촌리,214-1,214,1,유진청하,84.96,202110,27,"8,900",4,1991,청룡길 20,,-,-
전라북도 고창군 고창읍 석교리,10월 03일,10,3,선운프라자,84.9807,202110,5,"23,500",6,2009,보릿골로 191,,-,-
전라북도 고창군 고창읍 석교리,10월 08일,10,8,성산현대,77.16,202110,1,"13,950",12,1995,보릿골로 195,,-,-
전라북도 고창군 고창읍 월곡리,586,586,0,온천마을제일,59.8706,202110,27,"12,000",2,1999,월곡로 83,,-,-
전라북도 고창군 고창읍 읍내리,Feb-56,56,2,성산,38.955,202110,2,"5,300",2,1998,동리로 172-14,,-,-
전라북도 군산시 경암동,709,709,0,경암동제일오투그란데,84.4945,202110,2,"29,500",17,2015,조촌로 214,,-,-
전라북도 군산시 경암동,709,709,0,경암동제일오투그란데,84.4945,202110,4,"29,800",26,2015,조촌로 214,,-,-
전라북도 군산시 경암동,709,709,0,경암동제일오투그란데,84.4945,202110,18,"29,800",22,2015,조촌로 214,,-,-
전라북도 군산시 경암동,540-13,540,13,명성타운,83.7,202110,20,"6,100",4,1992,경촌1길 52,,-,-
전라북도 군산시 경암동,540-8,540,8,부향하나로,39.95,202110,8,"4,000",12,1998,경촌1길 56,,-,-
전라북도 군산시 경암동,540-8,540,8,부향하나로,39.95,202110,12,"3,700",2,1998,경촌1길 56,,-,-
전라북도 군산시 경암동,539-9,539,9,새한,74.14,202110,11,"8,000",10,1995,경촌3길 23,,-,-
전라북도 군산시 경암동,539-9,539,9,새한,74.14,202110,21,"9,000",5,1995,경촌3길 23,,-,-
전라북도 군산시 경암동,544-8,544,8,신흥,59.73,202110,5,"6,100",5,1994,경촌안1길 38,,-,-
전라북도 군산시 구암동,333-1,333,1,세풍,84.98,202110,8,"12,000",12,1997,영명길 6,,-,-
전라북도 군산시 구암동,333-1,333,1,세풍,84.98,202110,15,"9,000",3,1997,영명길 6,,-,-
전라북도 군산시 구암동,333-1,333,1,세풍,59.88,202110,29,"9,000",5,1997,영명길 6,,-,-
전라북도 군산시 구암동,65,65,0,현대,125.895,202110,1,"14,000",15,1994,서당길 11,,-,-
전라북도 군산시 구암동,65,65,0,현대,84.9,202110,1,"12,000",10,1994,서당길 11,,-,-
전라북도 군산시 구암동,65,65,0,현대,59.9,202110,4,"6,800",5,1994,서당길 11,,-,-
전라북도 군산시 구암동,65,65,0,현대,59.9,202110,5,"7,600",6,1994,서당길 11,,-,-
전라북도 군산시 구암동,65,65,0,현대,59.9,202110,11,"6,700",2,1994,서당길 11,,-,-
전라북도 군산시 구암동,65,65,0,현대,84.9,202110,12,"13,000",11,1994,서당길 11,,-,-
전라북도 군산시 구암동,65,65,0,현대,84.9,202110,12,"13,000",11,1994,서당길 11,20211026,-,-
전라북도 군산시 구암동,65,65,0,현대,59.9,202110,22,"7,800",9,1994,서당길 11,,-,-
전라북도 군산시 나운동,489,489,0,금호타운1차,73.09,202110,1,"11,000",12,1991,수송로 49,,-,-
전라북도 군산시 나운동,489,489,0,금호타운1차,73.09,202110,4,"11,500",4,1991,수송로 49,,-,-
전라북도 군산시 나운동,489,489,0,금호타운1차,73.09,202110,5,"13,000",13,1991,수송로 49,,-,-
전라북도 군산시 나운동,489,489,0,금호타운1차,84.79,202110,7,"14,500",11,1991,수송로 49,,-,-
전라북도 군산시 나운동,489,489,0,금호타운1차,73.09,202110,8,"12,500",4,1991,수송로 49,,-,-
전라북도 군산시 나운동,489,489,0,금호타운1차,73.09,202110,14,"12,700",6,1991,수송로 49,,-,-
전라북도 군산시 나운동,489,489,0,금호타운1차,84.79,202110,15,"11,800",1,1991,수송로 49,,-,-
전라북도 군산시 나운동,489,489,0,금호타운1차,84.79,202110,15,"13,000",4,1991,수송로 49,,-,-
전라북도 군산시 나운동,92,92,0,금호타운2차,84.84,202110,13,"14,800",8,1994,수송로 71,,-,-
전라북도 군산시 나운동,1556,1556,0,나운동보람더하임,84.9914,202110,5,"16,000",2,2010,하신3길 7,,-,-
전라북도 군산시 나운동,1556,1556,0,나운동보람더하임,84.9914,202110,10,"17,500",12,2010,하신3길 7,,-,-
전라북도 군산시 나운동,1556,1556,0,나운동보람더하임,59.8644,202110,11,"14,650",10,2010,하신3길 7,,-,-
전라북도 군산시 나운동,1556,1556,0,나운동보람더하임,84.9914,202110,12,"17,100",10,2010,하신3길 7,,-,-
전라북도 군산시 나운동,1556,1556,0,나운동보람더하임,84.9914,202110,26,"17,900",1,2010,하신3길 7,,-,-
전라북도 군산시 나운동,1556,1556,0,나운동보람더하임,118.612,202110,28,"27,000",8,2010,하신3길 7,,-,-
전라북도 군산시 나운동,834-1,834,1,대명4차,72.15,202110,18,"6,750",11,1990,나운로 70,,-,-
전라북도 군산시 나운동,155-5,155,5,대우,84.987,202110,1,"18,300",10,1997,의료원로 136,,-,-
전라북도 군산시 나운동,155-5,155,5,대우,84.987,202110,7,"18,200",6,1997,의료원로 136,,-,-
전라북도 군산시 나운동,785-1,785,1,동북,59.88,202110,19,"3,500",5,1988,신설1길 27,,-,-
전라북도 군산시 나운동,785-1,785,1,동북,49.68,202110,30,"2,100",3,1988,신설1길 27,,-,-
전라북도 군산시 나운동,1188-5,1188,5,동산은파,59.82,202110,8,"5,000",4,1985,한밭1길 32,,-,-
전라북도 군산시 나운동,1188-5,1188,5,동산은파,62.46,202110,12,"4,000",5,1985,한밭1길 32,,-,-
전라북도 군산시 나운동,155-10,155,10,동신,92.3,202110,1,"15,600",15,1997,백토로 216,,-,-
전라북도 군산시 나운동,155-10,155,10,동신,114.6,202110,10,"21,000",2,1997,백토로 216,,-,-
전라북도 군산시 나운동,773-9,773,9,동신맨션4차,77.84,202110,21,"6,000",3,1992,신설1길 50,,-,-
전라북도 군산시 나운동,733-1,733,1,동신진주,59.06,202110,16,"5,500",11,1993,상신7길 15,,-,-
전라북도 군산시 나운동,345,345,0,롯데1차,74.025,202110,3,"11,000",13,1991,하나운로 45,,-,-
전라북도 군산시 나운동,345,345,0,롯데1차,84.84,202110,11,"13,500",7,1991,하나운로 45,,-,-
전라북도 군산시 나운동,345,345,0,롯데2차,74.025,202110,3,"11,000",2,1992,하나운로 45,,-,-
전라북도 군산시 나운동,100-11,100,11,롯데3차,74.025,202110,2,"12,000",6,1994,하나운로 48,,-,-
전라북도 군산시 나운동,100-11,100,11,롯데3차,74.025,202110,6,"12,500",7,1994,하나운로 48,,-,-
전라북도 군산시 나운동,100-11,100,11,롯데3차,74.025,202110,6,"12,000",13,1994,하나운로 48,,-,-
전라북도 군산시 나운동,100-11,100,11,롯데3차,74.025,202110,6,"12,000",13,1994,하나운로 48,,-,-
전라북도 군산시 나운동,100-11,100,11,롯데3차,74.025,202110,16,"11,800",5,1994,하나운로 48,,-,-
전라북도 군산시 나운동,100-11,100,11,롯데3차,84.84,202110,20,"14,000",4,1994,하나운로 48,,-,-
전라북도 군산시 나운동,100-11,100,11,롯데3차,84.84,202110,27,"14,000",12,1994,하나운로 48,,-,-
전라북도 군산시 나운동,100-11,100,11,롯데3차,84.84,202110,27,"15,000",12,1994,하나운로 48,20211029,-,-
전라북도 군산시 나운동,155-6,155,6,롯데4차,134.85,202110,27,"24,000",5,1996,백토로 242,,-,-
전라북도 군산시 나운동,786-1,786,1,명성타운,59.94,202110,3,"3,350",3,1991,상나운로 59,,-,-
전라북도 군산시 나운동,153-11,153,11,비사벌,59.91,202110,12,"9,000",5,1997,하나운로 7,,-,-
전라북도 군산시 나운동,401,401,0,삼성,84.996,202110,14,"15,900",19,1998,나운3길 9,,-,-
전라북도 군산시 나운동,401,401,0,삼성,73.926,202110,16,"15,000",12,1998,나운3길 9,,-,-
전라북도 군산시 나운동,1187-7,1187,7,삼성주택,49.95,202110,4,"2,400",1,1988,한밭1길 12,,-,-
전라북도 군산시 나운동,1187-7,1187,7,삼성주택,49.95,202110,4,"2,400",3,1988,한밭1길 12,20211020,-,-
전라북도 군산시 나운동,153-12,153,12,서호,67.86,202110,2,"7,800",1,1995,의료원로 188,,-,-
전라북도 군산시 나운동,153-12,153,12,서호,67.86,202110,7,"11,500",10,1995,의료원로 188,,-,-
전라북도 군산시 나운동,153-12,153,12,서호,67.86,202110,17,"10,100",4,1995,의료원로 188,,-,-
전라북도 군산시 나운동,153-12,153,12,서호,67.86,202110,19,"12,300",15,1995,의료원로 188,,-,-
전라북도 군산시 나운동,798-8,798,8,성보팰리스,59.548,202110,22,"7,150",7,2016,상나운안길 7,,-,-
전라북도 군산시 나운동,798-8,798,8,성보팰리스,59.548,202110,22,"7,150",7,2016,상나운안길 7,,-,-
전라북도 군산시 나운동,798-8,798,8,성보팰리스,59.548,202110,29,"9,000",6,2016,상나운안길 7,,-,-
전라북도 군산시 나운동,155,155,0,세경,40.32,202110,8,"4,300",3,2002,하나운로 28,,-,-
전라북도 군산시 나운동,155,155,0,세경,40.32,202110,11,"4,300",2,2002,하나운로 28,,-,-
전라북도 군산시 나운동,155,155,0,세경,53.82,202110,18,"6,500",3,2002,하나운로 28,,-,-
전라북도 군산시 나운동,155,155,0,세경,53.82,202110,20,"6,550",8,2002,하나운로 28,,-,-
전라북도 군산시 나운동,155,155,0,세경,53.82,202110,26,"6,500",9,2002,하나운로 28,,-,-
전라북도 군산시 나운동,155,155,0,세경,53.82,202110,27,"5,500",3,2002,하나운로 28,,-,-
전라북도 군산시 나운동,155,155,0,세경,40.32,202110,28,"4,150",13,2002,하나운로 28,,-,-
전라북도 군산시 나운동,833-1,833,1,세광타운,58.66,202110,11,"5,000",8,1993,하나운1길 32,,-,-
전라북도 군산시 나운동,833-1,833,1,세광타운,58.66,202110,12,"6,400",4,1993,하나운1길 32,,-,-
전라북도 군산시 나운동,1526,1526,0,수송코아루,59.6174,202110,11,"22,800",16,2009,축동로 83,,-,-
전라북도 군산시 나운동,1526,1526,0,수송코아루,59.6174,202110,16,"20,500",10,2009,축동로 83,,-,-
전라북도 군산시 나운동,1526,1526,0,수송코아루,59.6174,202110,16,"21,200",19,2009,축동로 83,,-,-
전라북도 군산시 나운동,156-2,156,2,신일해피트리,59.85,202110,2,"11,700",10,1995,의료원로 163,,-,-
전라북도 군산시 나운동,156-2,156,2,신일해피트리,59.85,202110,27,"9,000",2,1995,의료원로 163,,-,-
전라북도 군산시 나운동,1189-1,1189,1,아리랑,57.78,202110,6,"6,200",4,1988,한밭3길 9,,-,-
전라북도 군산시 나운동,156-6,156,6,"영창(1,2동)",59.94,202110,12,"9,900",6,1995,의료원로 137,,-,-
전라북도 군산시 나운동,156-3,156,3,"영창(3,5,6동)",59.82,202110,11,"7,000",1,1995,의료원로 147,,-,-
전라북도 군산시 나운동,555-1,555,1,우진,65.78,202110,4,"11,900",1,1979,하신재길 19,,-,-
전라북도 군산시 나운동,555-1,555,1,우진,55.36,202110,5,"12,000",1,1979,하신재길 19,,-,-
전라북도 군산시 나운동,555-1,555,1,우진,55.36,202110,12,"12,300",3,1979,하신재길 18,,-,-
전라북도 군산시 나운동,555-1,555,1,우진,55.36,202110,15,"11,100",4,1979,하신재길 19,,-,-
전라북도 군산시 나운동,866-1,866,1,유원,84.96,202110,23,"9,400",4,1990,부곡1길 39,,-,-
전라북도 군산시 나운동,866-1,866,1,유원,65.1,202110,25,"7,800",11,1990,부곡1길 39,,-,-
전라북도 군산시 나운동,835,835,0,주공3차,48.6,202110,1,"18,500",5,1983,하나운안1길 40,,-,-
전라북도 군산시 나운동,835,835,0,주공3차,54.38,202110,9,"19,700",5,1983,하나운안1길 40,,-,-
전라북도 군산시 나운동,835,835,0,주공3차,54.38,202110,9,"20,000",1,1983,하나운안1길 40,,-,-
전라북도 군산시 나운동,835,835,0,주공3차,48.6,202110,11,"19,300",2,1983,하나운안1길 40,,-,-
전라북도 군산시 나운동,Jul-45,45,7,주공5차,58.14,202110,7,"7,800",15,1995,백토로 117,,-,-
전라북도 군산시 나운동,Jul-45,45,7,주공5차,58.14,202110,7,"9,300",12,1995,백토로 117,,-,-
전라북도 군산시 나운동,Jul-45,45,7,주공5차,58.14,202110,8,"8,900",11,1995,백토로 117,,-,-
전라북도 군산시 나운동,Jul-45,45,7,주공5차,58.14,202110,8,"8,800",7,1995,백토로 117,,-,-
전라북도 군산시 나운동,Jul-45,45,7,주공5차,58.14,202110,11,"8,000",7,1995,백토로 117,,-,-
전라북도 군산시 나운동,Jul-45,45,7,주공5차,49.69,202110,11,"6,450",8,1995,백토로 117,,-,-
전라북도 군산시 나운동,Jul-45,45,7,주공5차,58.14,202110,11,"8,000",5,1995,백토로 117,,-,-
전라북도 군산시 나운동,Jul-45,45,7,주공5차,58.14,202110,14,"8,300",2,1995,백토로 117,,-,-
전라북도 군산시 나운동,Jul-45,45,7,주공5차,58.14,202110,14,"8,600",4,1995,백토로 117,,-,-
전라북도 군산시 나운동,Jul-45,45,7,주공5차,58.14,202110,16,"8,400",3,1995,백토로 117,,-,-
전라북도 군산시 나운동,Jul-45,45,7,주공5차,58.14,202110,21,"8,800",14,1995,백토로 117,,-,-
전라북도 군산시 나운동,Jul-45,45,7,주공5차,58.14,202110,23,"8,100",10,1995,백토로 117,,-,-
전라북도 군산시 나운동,Jul-45,45,7,주공5차,58.14,202110,31,"8,800",10,1995,백토로 117,,-,-
전라북도 군산시 나운동,161,161,0,청솔,49.65,202110,1,"6,700",13,2002,나운로 133,,-,-
전라북도 군산시 나운동,161,161,0,청솔,49.65,202110,4,"6,400",1,2002,나운로 133,,-,-
전라북도 군산시 나운동,161,161,0,청솔,49.65,202110,5,"6,400",1,2002,나운로 133,,-,-
전라북도 군산시 나운동,161,161,0,청솔,49.65,202110,8,"7,000",7,2002,나운로 133,,-,-
전라북도 군산시 나운동,161,161,0,청솔,49.65,202110,11,"6,700",3,2002,나운로 133,,-,-
전라북도 군산시 나운동,161,161,0,청솔,49.65,202110,12,"6,400",1,2002,나운로 133,,-,-
전라북도 군산시 나운동,161,161,0,청솔,49.65,202110,14,"7,200",15,2002,나운로 133,,-,-
전라북도 군산시 나운동,161,161,0,청솔,49.65,202110,16,"5,800",10,2002,나운로 133,,-,-
전라북도 군산시 나운동,161,161,0,청솔,49.65,202110,21,"5,830",14,2002,나운로 133,,-,-
전라북도 군산시 나운동,788-1,788,1,하이스타운4차,59.7384,202110,10,"7,600",7,2013,신설2길 9,,-,-
전라북도 군산시 나운동,155-1,155,1,한울,59.95,202110,3,"8,800",8,1996,하나운로 20,,-,-
전라북도 군산시 나운동,155-1,155,1,한울,59.95,202110,4,"10,500",13,1996,하나운로 20,,-,-
전라북도 군산시 나운동,155-1,155,1,한울,59.95,202110,6,"9,950",4,1996,하나운로 20,,-,-
전라북도 군산시 나운동,155-1,155,1,한울,59.73,202110,9,"10,000",13,1996,하나운로 20,,-,-
전라북도 군산시 나운동,155-1,155,1,한울,59.73,202110,10,"11,000",4,1996,하나운로 20,20211105,-,-
전라북도 군산시 나운동,155-1,155,1,한울,59.95,202110,10,"10,400",13,1996,하나운로 20,,-,-
전라북도 군산시 나운동,155-1,155,1,한울,59.73,202110,13,"9,300",3,1996,하나운로 20,,-,-
전라북도 군산시 나운동,155-1,155,1,한울,59.95,202110,18,"10,300",9,1996,하나운로 20,,-,-
전라북도 군산시 나운동,155-1,155,1,한울,59.95,202110,19,"10,500",10,1996,하나운로 20,,-,-
전라북도 군산시 나운동,155-1,155,1,한울,59.73,202110,26,"10,000",12,1996,하나운로 20,,-,-
전라북도 군산시 나운동,155-1,155,1,한울,59.95,202110,27,"10,150",12,1996,하나운로 20,,-,-
전라북도 군산시 나운동,155-1,155,1,한울,59.95,202110,28,"10,400",12,1996,하나운로 20,,-,-
전라북도 군산시 나운동,1255-8,1255,8,현대1차,84.66,202110,15,"7,500",10,1990,현충로 33,,-,-
전라북도 군산시 나운동,1255-8,1255,8,현대1차,84.66,202110,20,"8,900",11,1990,현충로 33,,-,-
전라북도 군산시 나운동,1255-8,1255,8,현대1차,72.15,202110,23,"6,900",2,1990,현충로 33,,-,-
전라북도 군산시 나운동,527,527,0,현대2차,59.4,202110,8,"8,600",9,1993,나운로 39,,-,-
전라북도 군산시 나운동,527,527,0,현대2차,84.735,202110,8,"14,300",14,1993,나운로 39,,-,-
전라북도 군산시 나운동,527,527,0,현대2차,59.4,202110,18,"8,400",12,1993,나운로 39,,-,-
전라북도 군산시 나운동,501,501,0,현대3차,59.95,202110,11,"9,700",14,1995,나운안2길 8,,-,-
전라북도 군산시 나운동,501,501,0,현대3차,59.95,202110,12,"9,200",10,1995,나운안2길 8,,-,-
전라북도 군산시 나운동,501,501,0,현대3차,59.95,202110,25,"9,600",16,1995,나운안2길 8,,-,-
전라북도 군산시 나운동,501,501,0,현대3차,59.95,202110,29,"9,000",17,1995,나운안2길 8,,-,-
전라북도 군산시 나운동,109-6,109,6,현대4차,84.96,202110,1,"18,000",9,1998,나운안1길 24,,-,-
전라북도 군산시 나운동,109-6,109,6,현대4차,59.99,202110,16,"13,300",12,1998,나운안1길 24,,-,-
전라북도 군산시 나운동,1155-9,1155,9,현대백조,84.6,202110,9,"10,500",7,1992,상나운1길 30,,-,-
전라북도 군산시 나운동,802-5,802,5,희산파크맨션,84.08,202110,7,"8,600",1,1989,상나운3길 30-3,,-,-
전라북도 군산시 대명동,384-87,384,87,아이플러스시티101동,49.95,202110,6,"7,450",4,2012,동팔마길 32,,-,-
전라북도 군산시 대명동,385-60,385,60,현대메트로타워,84.9348,202110,14,"18,600",18,2011,대명길 3,,-,-
전라북도 군산시 대명동,403,403,0,현대메트로타워2차,84.9303,202110,1,"20,730",3,2016,구암3.1로 30,,-,-
전라북도 군산시 대명동,403,403,0,현대메트로타워2차,84.98,202110,5,"21,140",10,2016,구암3.1로 30,,-,-
전라북도 군산시 대명동,403,403,0,현대메트로타워2차,84.9303,202110,5,"21,640",32,2016,구암3.1로 30,,-,-
전라북도 군산시 대명동,403,403,0,현대메트로타워2차,84.9648,202110,5,"21,640",10,2016,구암3.1로 30,,-,-
전라북도 군산시 대명동,403,403,0,현대메트로타워2차,84.9303,202110,5,"20,460",3,2016,구암3.1로 30,,-,-
전라북도 군산시 대명동,403,403,0,현대메트로타워2차,84.9648,202110,6,"21,640",28,2016,구암3.1로 30,,-,-
전라북도 군산시 대명동,403,403,0,현대메트로타워2차,84.9303,202110,6,"21,640",17,2016,구암3.1로 30,20211101,-,-
전라북도 군산시 대명동,403,403,0,현대메트로타워2차,84.98,202110,6,"21,140",10,2016,구암3.1로 30,,-,-
전라북도 군산시 대명동,403,403,0,현대메트로타워2차,84.9648,202110,7,"21,640",17,2016,구암3.1로 30,,-,-
전라북도 군산시 대명동,403,403,0,현대메트로타워2차,84.98,202110,7,"21,140",20,2016,구암3.1로 30,,-,-
전라북도 군산시 대명동,403,403,0,현대메트로타워2차,84.9303,202110,7,"21,640",14,2016,구암3.1로 30,,-,-
전라북도 군산시 대명동,403,403,0,현대메트로타워2차,84.9303,202110,7,"21,800",10,2016,구암3.1로 30,,-,-
전라북도 군산시 대명동,403,403,0,현대메트로타워2차,84.9648,202110,8,"21,640",10,2016,구암3.1로 30,,-,-
전라북도 군산시 대명동,403,403,0,현대메트로타워2차,84.98,202110,8,"21,140",26,2016,구암3.1로 30,,-,-
전라북도 군산시 대명동,403,403,0,현대메트로타워2차,84.9303,202110,8,"21,640",13,2016,구암3.1로 30,,-,-
전라북도 군산시 대명동,403,403,0,현대메트로타워2차,84.98,202110,8,"21,140",27,2016,구암3.1로 30,,-,-
전라북도 군산시 대명동,403,403,0,현대메트로타워2차,84.98,202110,8,"21,140",17,2016,구암3.1로 30,,-,-
전라북도 군산시 대명동,403,403,0,현대메트로타워2차,84.9648,202110,9,"25,600",32,2016,구암3.1로 30,,-,-
전라북도 군산시 대명동,403,403,0,현대메트로타워2차,84.9303,202110,12,"21,640",16,2016,구암3.1로 30,,-,-
전라북도 군산시 대명동,403,403,0,현대메트로타워2차,84.98,202110,12,"21,140",16,2016,구암3.1로 30,,-,-
전라북도 군산시 대명동,403,403,0,현대메트로타워2차,84.98,202110,12,"20,550",5,2016,구암3.1로 30,,-,-
전라북도 군산시 대명동,403,403,0,현대메트로타워2차,84.9648,202110,12,"20,460",3,2016,구암3.1로 30,,-,-
전라북도 군산시 대명동,403,403,0,현대메트로타워2차,84.98,202110,13,"21,140",31,2016,구암3.1로 30,,-,-
전라북도 군산시 대명동,403,403,0,현대메트로타워2차,84.9303,202110,13,"21,930",12,2016,구암3.1로 30,,-,-
전라북도 군산시 대명동,403,403,0,현대메트로타워2차,84.9648,202110,13,"21,640",26,2016,구암3.1로 30,,-,-
전라북도 군산시 대명동,403,403,0,현대메트로타워2차,84.9648,202110,14,"21,640",27,2016,구암3.1로 30,,-,-
전라북도 군산시 대명동,403,403,0,현대메트로타워2차,84.9303,202110,14,"21,640",28,2016,구암3.1로 30,,-,-
전라북도 군산시 대명동,403,403,0,현대메트로타워2차,84.98,202110,14,"20,550",6,2016,구암3.1로 30,,-,-
전라북도 군산시 대명동,403,403,0,현대메트로타워2차,84.9648,202110,14,"21,640",28,2016,구암3.1로 30,,-,-
전라북도 군산시 대명동,403,403,0,현대메트로타워2차,84.98,202110,14,"21,140",8,2016,구암3.1로 30,,-,-
전라북도 군산시 대명동,403,403,0,현대메트로타워2차,84.9303,202110,14,"21,640",14,2016,구암3.1로 30,,-,-
전라북도 군산시 대명동,403,403,0,현대메트로타워2차,84.9303,202110,14,"21,640",17,2016,구암3.1로 30,,-,-
전라북도 군산시 대명동,403,403,0,현대메트로타워2차,84.9648,202110,14,"19,860",2,2016,구암3.1로 30,,-,-
전라북도 군산시 대명동,403,403,0,현대메트로타워2차,84.9648,202110,15,"21,050",5,2016,구암3.1로 30,,-,-
전라북도 군산시 대명동,403,403,0,현대메트로타워2차,84.9648,202110,15,"20,460",4,2016,구암3.1로 30,,-,-
전라북도 군산시 대명동,403,403,0,현대메트로타워2차,84.9648,202110,15,"21,640",16,2016,구암3.1로 30,,-,-
전라북도 군산시 대명동,403,403,0,현대메트로타워2차,84.9303,202110,15,"21,640",7,2016,구암3.1로 30,,-,-
전라북도 군산시 대명동,403,403,0,현대메트로타워2차,84.9648,202110,16,"21,640",14,2016,구암3.1로 30,,-,-
전라북도 군산시 대명동,403,403,0,현대메트로타워2차,84.9648,202110,16,"21,930",12,2016,구암3.1로 30,,-,-
전라북도 군산시 대명동,403,403,0,현대메트로타워2차,84.9303,202110,18,"21,640",10,2016,구암3.1로 30,,-,-
전라북도 군산시 대명동,403,403,0,현대메트로타워2차,84.98,202110,18,"19,850",3,2016,구암3.1로 30,,-,-
전라북도 군산시 대명동,403,403,0,현대메트로타워2차,84.9303,202110,19,"19,000",15,2016,구암3.1로 30,,-,-
전라북도 군산시 대명동,403,403,0,현대메트로타워2차,84.9648,202110,19,"21,640",21,2016,구암3.1로 30,,-,-
전라북도 군산시 대명동,403,403,0,현대메트로타워2차,84.9303,202110,19,"21,640",21,2016,구암3.1로 30,,-,-
전라북도 군산시 대명동,403,403,0,현대메트로타워2차,84.98,202110,19,"21,140",18,2016,구암3.1로 30,,-,-
전라북도 군산시 대명동,403,403,0,현대메트로타워2차,84.9648,202110,19,"21,640",31,2016,구암3.1로 30,,-,-
전라북도 군산시 대명동,403,403,0,현대메트로타워2차,84.9303,202110,20,"21,640",17,2016,구암3.1로 30,,-,-
전라북도 군산시 대명동,403,403,0,현대메트로타워2차,84.9303,202110,20,"21,050",5,2016,구암3.1로 30,,-,-
전라북도 군산시 대명동,403,403,0,현대메트로타워2차,84.9648,202110,20,"21,640",15,2016,구암3.1로 30,,-,-
전라북도 군산시 대명동,403,403,0,현대메트로타워2차,84.98,202110,20,"20,550",6,2016,구암3.1로 30,,-,-
전라북도 군산시 대명동,403,403,0,현대메트로타워2차,84.9648,202110,21,"21,050",30,2016,구암3.1로 30,,-,-
전라북도 군산시 대명동,403,403,0,현대메트로타워2차,84.98,202110,21,"21,140",30,2016,구암3.1로 30,,-,-
전라북도 군산시 대명동,403,403,0,현대메트로타워2차,84.98,202110,21,"20,550",6,2016,구암3.1로 30,,-,-
전라북도 군산시 대명동,403,403,0,현대메트로타워2차,84.9303,202110,22,"21,640",11,2016,구암3.1로 30,,-,-
전라북도 군산시 대명동,403,403,0,현대메트로타워2차,84.98,202110,22,"21,140",7,2016,구암3.1로 30,,-,-
전라북도 군산시 대명동,403,403,0,현대메트로타워2차,84.9303,202110,22,"21,640",26,2016,구암3.1로 30,,-,-
전라북도 군산시 대명동,403,403,0,현대메트로타워2차,84.9303,202110,22,"21,640",30,2016,구암3.1로 30,,-,-
전라북도 군산시 대명동,403,403,0,현대메트로타워2차,84.9303,202110,22,"21,640",20,2016,구암3.1로 30,,-,-
전라북도 군산시 대명동,403,403,0,현대메트로타워2차,84.9303,202110,22,"21,640",11,2016,구암3.1로 30,,-,-
전라북도 군산시 대명동,403,403,0,현대메트로타워2차,84.98,202110,22,"21,140",29,2016,구암3.1로 30,,-,-
전라북도 군산시 대명동,403,403,0,현대메트로타워2차,84.9303,202110,23,"21,640",22,2016,구암3.1로 30,,-,-
전라북도 군산시 대명동,403,403,0,현대메트로타워2차,84.9303,202110,23,"19,860",2,2016,구암3.1로 30,,-,-
전라북도 군산시 대명동,403,403,0,현대메트로타워2차,84.9648,202110,23,"20,460",3,2016,구암3.1로 30,,-,-
전라북도 군산시 대명동,403,403,0,현대메트로타워2차,84.9648,202110,25,"21,640",12,2016,구암3.1로 30,,-,-
전라북도 군산시 대명동,403,403,0,현대메트로타워2차,84.98,202110,25,"21,140",17,2016,구암3.1로 30,,-,-
전라북도 군산시 대명동,403,403,0,현대메트로타워2차,84.9648,202110,25,"21,330",30,2016,구암3.1로 30,,-,-
전라북도 군산시 대명동,403,403,0,현대메트로타워2차,84.9303,202110,25,"21,640",17,2016,구암3.1로 30,,-,-
전라북도 군산시 대명동,403,403,0,현대메트로타워2차,84.98,202110,25,"21,420",31,2016,구암3.1로 30,,-,-
전라북도 군산시 대명동,403,403,0,현대메트로타워2차,84.9648,202110,27,"21,640",13,2016,구암3.1로 30,,-,-
전라북도 군산시 대명동,403,403,0,현대메트로타워2차,84.9648,202110,28,"20,000",22,2016,구암3.1로 30,,-,-
전라북도 군산시 대명동,403,403,0,현대메트로타워2차,84.9303,202110,28,"21,640",19,2016,구암3.1로 30,,-,-
전라북도 군산시 대명동,403,403,0,현대메트로타워2차,84.9303,202110,28,"21,050",6,2016,구암3.1로 30,,-,-
전라북도 군산시 대명동,403,403,0,현대메트로타워2차,84.98,202110,29,"21,140",23,2016,구암3.1로 30,,-,-
전라북도 군산시 대명동,403,403,0,현대메트로타워2차,84.9648,202110,29,"21,640",25,2016,구암3.1로 30,,-,-
전라북도 군산시 대명동,403,403,0,현대메트로타워2차,84.98,202110,29,"21,140",11,2016,구암3.1로 30,,-,-
전라북도 군산시 대명동,403,403,0,현대메트로타워2차,84.9303,202110,29,"21,340",20,2016,구암3.1로 30,,-,-
전라북도 군산시 대명동,403,403,0,현대메트로타워2차,84.98,202110,30,"20,550",30,2016,구암3.1로 30,,-,-
전라북도 군산시 대명동,403,403,0,현대메트로타워2차,84.9303,202110,30,"21,640",16,2016,구암3.1로 30,,-,-
전라북도 군산시 대명동,403,403,0,현대메트로타워2차,84.98,202110,30,"21,140",18,2016,구암3.1로 30,,-,-
전라북도 군산시 대명동,403,403,0,현대메트로타워2차,84.9648,202110,31,"21,930",8,2016,구암3.1로 30,,-,-
전라북도 군산시 대명동,403,403,0,현대메트로타워2차,84.98,202110,31,"21,420",14,2016,구암3.1로 30,,-,-
전라북도 군산시 동흥남동,100,100,0,동흥남주공,84.97,202110,1,"17,800",11,2006,동흥남길 9,,-,-
전라북도 군산시 동흥남동,100,100,0,동흥남주공,75.32,202110,9,"15,600",4,2006,동흥남길 9,,-,-
전라북도 군산시 문화동,904,904,0,다우미빌,84.964,202110,2,"12,000",4,2002,서흥길 24,,-,-
전라북도 군산시 문화동,26,26,0,삼성,76.02,202110,13,"12,700",8,1992,백토로 93,,-,-
전라북도 군산시 문화동,26,26,0,삼성,84.87,202110,13,"13,800",5,1992,백토로 93,,-,-
전라북도 군산시 문화동,935,935,0,쉘브르타운,61.45,202110,23,"13,900",8,2014,문화2길 11,,-,-
전라북도 군산시 미룡동,71,71,0,금광베네스타,130.82,202110,22,"28,000",1,2008,용둔길 12,,-,-
전라북도 군산시 미룡동,857,857,0,대명2차(202동),48.91,202110,3,"5,500",3,2002,칠성3길 8,,-,-
전라북도 군산시 미룡동,857,857,0,대명2차(202동),49.14,202110,15,"4,800",15,2002,칠성3길 8,,-,-
전라북도 군산시 미룡동,854,854,0,대명3차(203동),38.79,202110,7,"3,000",9,2002,칠성3길 22,,-,-
전라북도 군산시 미룡동,854,854,0,대명3차(203동),38.79,202110,9,"3,400",13,2002,칠성3길 22,,-,-
전라북도 군산시 미룡동,854,854,0,대명3차(203동),38.79,202110,20,"3,450",7,2002,칠성3길 22,,-,-
전라북도 군산시 미룡동,854,854,0,대명3차(203동),38.79,202110,20,"3,000",2,2002,칠성3길 22,,-,-
전라북도 군산시 미룡동,854,854,0,대명3차(203동),38.79,202110,29,"3,500",3,2002,칠성3길 22,,-,-
전라북도 군산시 미룡동,59-59,59,59,은파리젠시빌파크,132.4163,202110,9,"31,500",2,2007,미룡로 64,,-,-
전라북도 군산시 미룡동,59-59,59,59,은파리젠시빌파크,132.4163,202110,20,"30,200",3,2007,미룡로 64,20211027,-,-
전라북도 군산시 미룡동,59-59,59,59,은파리젠시빌파크,132.4163,202110,20,"30,000",3,2007,미룡로 64,,-,-
전라북도 군산시 미룡동,896-1,896,1,주공2차,50.28,202110,4,"7,850",13,2001,미룡로 41,,-,-
전라북도 군산시 미룡동,896-1,896,1,주공2차,50.28,202110,29,"8,600",14,2001,미룡로 41,,-,-
전라북도 군산시 미룡동,900-1,900,1,주공3차,59.42,202110,2,"11,000",12,2001,미룡로 42,,-,-
전라북도 군산시 미룡동,900-1,900,1,주공3차,49.86,202110,2,"8,000",20,2001,미룡로 42,,-,-
전라북도 군산시 미룡동,900-1,900,1,주공3차,49.86,202110,5,"7,850",14,2001,미룡로 42,,-,-
전라북도 군산시 미룡동,900-1,900,1,주공3차,49.86,202110,5,"8,400",11,2001,미룡로 42,,-,-
전라북도 군산시 미룡동,900-1,900,1,주공3차,49.86,202110,12,"7,000",8,2001,미룡로 42,,-,-
전라북도 군산시 미룡동,900-1,900,1,주공3차,49.86,202110,12,"7,400",17,2001,미룡로 42,,-,-
전라북도 군산시 미룡동,900-1,900,1,주공3차,59.42,202110,14,"10,900",6,2001,미룡로 42,,-,-
전라북도 군산시 미룡동,900-1,900,1,주공3차,49.86,202110,22,"8,350",15,2001,미룡로 42,,-,-
전라북도 군산시 미룡동,900-1,900,1,주공3차,49.86,202110,27,"7,600",5,2001,미룡로 42,,-,-
전라북도 군산시 미룡동,900-1,900,1,주공3차,49.86,202110,29,"7,000",9,2001,미룡로 42,,-,-
전라북도 군산시 미장동,542,542,0,군산미장아이파크,84.9965,202110,14,"37,000",18,2015,미장남로 10,,-,-
전라북도 군산시 미장동,542,542,0,군산미장아이파크,84.9811,202110,15,"31,750",2,2015,미장남로 10,,-,-
전라북도 군산시 미장동,473,473,0,군산수송공원삼성쉐르빌,84.406,202110,6,"27,000",9,2009,경포천로 66,,-,-
전라북도 군산시 미장동,473,473,0,군산수송공원삼성쉐르빌,84.406,202110,8,"28,600",5,2009,경포천로 66,,-,-
전라북도 군산시 미장동,473,473,0,군산수송공원삼성쉐르빌,84.406,202110,8,"28,600",5,2009,경포천로 66,,-,-
전라북도 군산시 미장동,558,558,0,미장대원칸타빌,74.91,202110,3,"34,800",23,2018,미장남로 100,,-,-
전라북도 군산시 미장동,558,558,0,미장대원칸타빌,84.86,202110,16,"39,000",15,2018,미장남로 100,,-,-
전라북도 군산시 미장동,558,558,0,미장대원칸타빌,84.86,202110,31,"38,500",20,2018,미장남로 100,,-,-
전라북도 군산시 미장동,May-55,55,5,미장코아루,129.19,202110,19,"35,200",3,2007,미장안길 42,,-,-
전라북도 군산시 미장동,May-55,55,5,미장코아루,129.19,202110,22,"37,100",7,2007,미장안길 42,,-,-
전라북도 군산시 미장동,Jan-53,53,1,현대파인빌,84.992,202110,13,"18,800",7,2004,문화로 208-8,,-,-
전라북도 군산시 미장동,Jan-53,53,1,현대파인빌,84.992,202110,26,"19,400",9,2004,문화로 208-8,,-,-
전라북도 군산시 사정동,100,100,0,금호타운2차,84.6,202110,25,"10,000",13,1996,두란뜸2길 8,,-,-
전라북도 군산시 산북동,3592,3592,0,고천마을,43.0861,202110,27,"4,000",8,2008,원산북1길 32,,-,-
전라북도 군산시 산북동,3540,3540,0,금강파크맨션,76.8,202110,9,"7,000",2,1989,소룡길 86-5,,-,-
전라북도 군산시 산북동,3540,3540,0,금강파크맨션,76.8,202110,15,"6,900",5,1989,소룡길 86-5,,-,-
전라북도 군산시 산북동,3540,3540,0,금강파크맨션,70.89,202110,19,"6,200",3,1989,소룡길 86-5,,-,-
전라북도 군산시 산북동,Jan-79,3579,1,대명1차,39.96,202110,29,"3,000",6,1997,원산북2길 35,,-,-
전라북도 군산시 산북동,3616,3616,0,부향하나로1차,39,202110,8,"1,900",8,1997,동아로 12,,-,-
전라북도 군산시 산북동,3637,3637,0,부향하나로4차,39.08,202110,15,"1,800",2,1997,칠성안4길 39,,-,-
전라북도 군산시 산북동,3637,3637,0,부향하나로4차,39.08,202110,18,"2,250",13,1997,칠성안4길 39,,-,-
전라북도 군산시 산북동,May-46,3546,5,성일,68.76,202110,4,"4,550",8,1995,칠성7길 74,,-,-
전라북도 군산시 산북동,Jan-51,3551,1,시영1차,43.52,202110,11,"2,700",5,1990,칠성안1길 16,,-,-
전라북도 군산시 산북동,3551,3551,0,시영2차,48.525,202110,4,"3,000",7,1991,산북로 162,,-,-
전라북도 군산시 산북동,3542,3542,0,주공,46.68,202110,7,"8,200",5,1989,동아로 145-1,,-,-
전라북도 군산시 산북동,3542,3542,0,주공,39.69,202110,9,"7,100",4,1989,동아로 145-1,,-,-
전라북도 군산시 산북동,3542,3542,0,주공,47.01,202110,12,"8,200",1,1989,동아로 145-1,,-,-
전라북도 군산시 산북동,3542,3542,0,주공,46.68,202110,16,"8,000",1,1989,동아로 145-1,,-,-
전라북도 군산시 산북동,3542,3542,0,주공,47.01,202110,20,"6,000",3,1989,동아로 145-1,,-,-
전라북도 군산시 산북동,3542,3542,0,주공,46.68,202110,23,"8,100",3,1989,동아로 145-1,,-,-
전라북도 군산시 산북동,3538,3538,0,코오롱,59.35,202110,2,"8,400",9,1994,소룡안3길 24,,-,-
전라북도 군산시 산북동,3538,3538,0,코오롱,59.35,202110,2,"7,700",10,1994,소룡안3길 24,,-,-
전라북도 군산시 산북동,3538,3538,0,코오롱,84.46,202110,14,"10,900",3,1994,소룡안3길 24,,-,-
전라북도 군산시 삼학동,282,282,0,춘광아티움102동,49.91,202110,8,"6,500",3,2014,삼학5길 23,,-,-
전라북도 군산시 소룡동,857,857,0,그린서해맨션,59.4,202110,11,"3,500",1,1993,풍전3길 30,,-,-
전라북도 군산시 소룡동,1347-12,1347,12,나우하이츠,74.974,202110,26,"8,500",14,2001,설림길 61,,-,-
전라북도 군산시 소룡동,1323-13,1323,13,동아,75.56,202110,1,"7,100",6,1990,동아로 160,,-,-
전라북도 군산시 소룡동,1323-13,1323,13,동아,60.52,202110,6,"5,300",3,1990,동아로 160,,-,-
전라북도 군산시 소룡동,1323-13,1323,13,동아,60.52,202110,6,"5,300",3,1990,동아로 160,20211027,-,-
전라북도 군산시 소룡동,1323-13,1323,13,동아,84.89,202110,9,"10,000",9,1990,동아로 160,,-,-
전라북도 군산시 소룡동,1323-13,1323,13,동아,60.52,202110,14,"5,900",10,1990,동아로 160,,-,-
전라북도 군산시 소룡동,1323-13,1323,13,동아,84.89,202110,14,"9,000",4,1990,동아로 160,,-,-
전라북도 군산시 소룡동,1323-13,1323,13,동아,84.89,202110,20,"8,900",14,1990,동아로 160,,-,-
전라북도 군산시 소룡동,1531,1531,0,삼진골든빌라2차,82.03,202110,11,"3,900",4,1993,설림5길 38,,-,-
전라북도 군산시 소룡동,1010,1010,0,성원상떼빌,84.9506,202110,6,"9,000",7,2004,해망로 447,,-,-
전라북도 군산시 소룡동,1010,1010,0,성원상떼빌,59.6885,202110,13,"7,200",1,2004,해망로 447,,-,-
전라북도 군산시 소룡동,1010,1010,0,성원상떼빌,59.6885,202110,14,"8,500",7,2004,해망로 447,,-,-
전라북도 군산시 소룡동,1010,1010,0,성원상떼빌,84.9506,202110,30,"11,500",2,2004,해망로 447,,-,-
전라북도 군산시 소룡동,1574,1574,0,스카이타운3차,31.8,202110,15,"2,500",11,2008,소룡안3길 34,,-,-
전라북도 군산시 소룡동,755,755,0,신도시시티빌,45.36,202110,11,"4,000",8,2001,풍전6길 16,,-,-
전라북도 군산시 소룡동,755,755,0,신도시시티빌,45.36,202110,11,"4,000",8,2001,풍전6길 16,20211021,-,-
전라북도 군산시 소룡동,755,755,0,신도시시티빌,45.36,202110,12,"3,000",1,2001,풍전6길 16,,-,-
전라북도 군산시 소룡동,755,755,0,신도시시티빌,46.452,202110,19,"5,000",3,2001,풍전6길 16,,-,-
전라북도 군산시 소룡동,755,755,0,신도시시티빌,46.452,202110,19,"4,200",7,2001,풍전6길 16,,-,-
전라북도 군산시 소룡동,755,755,0,신도시시티빌,45.36,202110,19,"4,700",14,2001,풍전6길 16,,-,-
전라북도 군산시 소룡동,755,755,0,신도시시티빌,46.452,202110,23,"2,900",1,2001,풍전6길 16,,-,-
전라북도 군산시 소룡동,755,755,0,신도시시티빌,45.36,202110,23,"2,900",1,2001,풍전6길 16,20211025,-,-
전라북도 군산시 소룡동,755,755,0,신도시시티빌,45.36,202110,29,"5,000",17,2001,풍전6길 16,,-,-
전라북도 군산시 소룡동,1547-4,1547,4,예그린,46.05,202110,5,"2,050",3,1991,소룡안2길 19,,-,-
전라북도 군산시 소룡동,1349-26,1349,26,이화,44.81,202110,18,"2,400",3,1992,설림2길 22-3,,-,-
전라북도 군산시 소룡동,663,663,0,제이파크,84.5266,202110,8,"16,700",11,2006,해망로 606,,-,-
전라북도 군산시 소룡동,663,663,0,제이파크,59.5598,202110,13,"9,300",9,2006,해망로 606,,-,-
전라북도 군산시 소룡동,663,663,0,제이파크,59.9546,202110,24,"9,500",4,2006,해망로 606,,-,-
전라북도 군산시 소룡동,1386-10,1386,10,진흥,49.3,202110,4,"3,600",10,1991,설림안3길 32,,-,-
전라북도 군산시 소룡동,1386-10,1386,10,진흥,59.82,202110,14,"4,300",2,1991,설림안3길 32,,-,-
전라북도 군산시 수송동,904,904,0,동신,78.48,202110,2,"11,000",14,1991,축동로 10,,-,-
전라북도 군산시 수송동,904,904,0,동신,84.84,202110,2,"10,500",4,1991,축동로 10,,-,-
전라북도 군산시 수송동,904,904,0,동신,84.84,202110,2,"13,300",12,1991,축동로 10,,-,-
전라북도 군산시 수송동,904,904,0,동신,84.84,202110,8,"9,400",7,1991,축동로 10,,-,-
전라북도 군산시 수송동,904,904,0,동신,84.84,202110,8,"9,800",13,1991,축동로 10,,-,-
전라북도 군산시 수송동,904,904,0,동신,84.84,202110,10,"12,500",10,1991,축동로 10,,-,-
전라북도 군산시 수송동,904,904,0,동신,84.84,202110,13,"13,000",5,1991,축동로 10,,-,-
전라북도 군산시 수송동,904,904,0,동신,59.49,202110,14,"5,500",1,1991,축동로 10,,-,-
전라북도 군산시 수송동,904,904,0,동신,84.84,202110,19,"11,500",7,1991,축동로 10,,-,-
전라북도 군산시 수송동,904,904,0,동신,84.84,202110,22,"12,000",13,1991,축동로 10,,-,-
전라북도 군산시 수송동,904,904,0,동신,84.84,202110,22,"12,000",13,1991,축동로 10,20211028,-,-
전라북도 군산시 수송동,904,904,0,동신,84.84,202110,28,"12,000",15,1991,축동로 10,,-,-
전라북도 군산시 수송동,830-1,830,1,세영리첼,84.7077,202110,7,"31,000",11,2010,수송동로 100,,-,-
전라북도 군산시 수송동,829-1,829,1,수송2차오투그란데,49.9182,202110,2,"17,500",13,2011,수송동로 105,,-,-
전라북도 군산시 수송동,829-1,829,1,수송2차오투그란데,59.9958,202110,8,"18,000",1,2011,수송동로 105,,-,-
전라북도 군산시 수송동,829-1,829,1,수송2차오투그란데,49.9182,202110,15,"17,000",15,2011,수송동로 105,,-,-
전라북도 군산시 수송동,829-1,829,1,수송2차오투그란데,49.9182,202110,15,"18,000",14,2011,수송동로 105,,-,-
전라북도 군산시 수송동,829-2,829,2,수송아이파크,119.9488,202110,2,"47,300",13,2008,수송동로 91,,-,-
전라북도 군산시 수송동,829-2,829,2,수송아이파크,119.9488,202110,5,"54,500",16,2008,수송동로 91,,-,-
전라북도 군산시 수송동,829-2,829,2,수송아이파크,143.8354,202110,15,"54,000",14,2008,수송동로 91,,-,-
전라북도 군산시 수송동,829-2,829,2,수송아이파크,119.9488,202110,23,"44,700",9,2008,수송동로 91,,-,-
전라북도 군산시 수송동,416-6,416,6,스타팰리스,29.458,202110,14,"7,900",11,2015,진포2길 8,,-,-
전라북도 군산시 수송동,416-6,416,6,스타팰리스,48.7905,202110,15,"13,700",23,2015,진포2길 8,,-,-
전라북도 군산시 수송동,Jan-33,33,1,제일,84.8211,202110,5,"18,000",6,2002,축동안길 37,,-,-
전라북도 군산시 수송동,Jan-33,33,1,제일,84.709,202110,7,"13,900",2,2002,축동안길 37,,-,-
전라북도 군산시 수송동,Jan-33,33,1,제일,84.709,202110,13,"20,100",6,2002,축동안길 37,,-,-
전라북도 군산시 수송동,Jan-33,33,1,제일,84.709,202110,15,"20,200",14,2002,축동안길 37,,-,-
전라북도 군산시 수송동,Jan-33,33,1,제일,84.8211,202110,24,"14,850",1,2002,축동안길 37,,-,-
전라북도 군산시 수송동,Jan-33,33,1,제일,84.709,202110,25,"20,000",17,2002,축동안길 37,,-,-
전라북도 군산시 수송동,812,812,0,제일오투그란데1단지,68.9724,202110,1,"26,500",3,2008,축동로 42,,-,-
전라북도 군산시 수송동,812,812,0,제일오투그란데1단지,84.8518,202110,1,"27,500",8,2008,축동로 42,,-,-
전라북도 군산시 수송동,812,812,0,제일오투그란데1단지,84.8518,202110,6,"28,900",5,2008,축동로 42,,-,-
전라북도 군산시 수송동,812,812,0,제일오투그란데1단지,68.9724,202110,18,"26,900",15,2008,축동로 42,,-,-
전라북도 군산시 수송동,812-1,812,1,제일오투그란데2단지,91.2815,202110,7,"34,000",6,2008,축동로 34,,-,-
전라북도 군산시 수송동,812-1,812,1,제일오투그란데2단지,91.1944,202110,8,"33,000",8,2008,축동로 34,,-,-
전라북도 군산시 수송동,812-1,812,1,제일오투그란데2단지,92.7279,202110,12,"29,000",8,2008,축동로 34,,-,-
전라북도 군산시 수송동,Feb-69,69,2,현대,59.955,202110,4,"14,400",12,1997,진포1길 10,,-,-
전라북도 군산시 수송동,Feb-69,69,2,현대,59.955,202110,8,"13,300",3,1997,진포1길 10,,-,-
전라북도 군산시 수송동,Feb-69,69,2,현대,75.18,202110,13,"19,000",14,1997,진포1길 10,,-,-
전라북도 군산시 수송동,Feb-69,69,2,현대,84.96,202110,22,"21,500",10,1997,진포1길 10,,-,-
전라북도 군산시 수송동,Feb-69,69,2,현대,59.955,202110,23,"13,800",11,1997,진포1길 10,,-,-
전라북도 군산시 신풍동,886-1,886,1,부향하나로,35.72,202110,22,"2,800",9,1997,신풍길 6,,-,-
전라북도 군산시 신풍동,892-8,892,8,월명,78.452,202110,12,"2,000",4,1979,신풍길 22,,-,-
전라북도 군산시 신풍동,892-8,892,8,월명,61.982,202110,25,"3,200",1,1979,신풍길 22,,-,-
전라북도 군산시 오식도동,806-3,806,3,한성필하우스,59.937,202110,1,"11,510",2,2012,요죽길 76,,-,-
전라북도 군산시 오식도동,806-3,806,3,한성필하우스,59.9519,202110,5,"12,500",16,2012,요죽길 76,,-,-
전라북도 군산시 오식도동,806-3,806,3,한성필하우스,59.937,202110,7,"11,540",3,2012,요죽길 76,,-,-
전라북도 군산시 오식도동,806-3,806,3,한성필하우스,59.9567,202110,9,"12,000",14,2012,요죽길 76,,-,-
전라북도 군산시 오식도동,806-3,806,3,한성필하우스,59.937,202110,11,"12,250",20,2012,요죽길 76,,-,-
전라북도 군산시 오식도동,806-3,806,3,한성필하우스,59.937,202110,13,"12,000",9,2012,요죽길 76,,-,-
전라북도 군산시 오식도동,806-3,806,3,한성필하우스,59.937,202110,14,"12,000",7,2012,요죽길 76,,-,-
전라북도 군산시 오식도동,806-3,806,3,한성필하우스,59.937,202110,14,"12,000",12,2012,요죽길 76,,-,-
전라북도 군산시 옥산면 당북리,1046,1046,0,힐스테이트 은파 아파트,84.9838,202110,1,"28,250",6,2015,월명로 45,,-,-
전라북도 군산시 월명동,07월 03일,7,3,다원파크빌,84.829,202110,18,"11,500",1,2002,구영6길 31,,-,-
전라북도 군산시 월명동,01월 23일,23,1,클래시움,142.053,202110,5,"24,000",5,2004,월명1길 3,,-,-
전라북도 군산시 월명동,01월 15일,15,1,현대오솔,84.966,202110,3,"13,000",15,2003,구영5길 21-3,,-,-
전라북도 군산시 장재동,Apr-45,45,4,그린장미,71.01,202110,2,"8,000",9,1992,풍문2길 30,,-,-
전라북도 군산시 장재동,380-1,380,1,한일,83.76,202110,7,"6,400",4,1989,동팔마길 39,,-,-
전라북도 군산시 장재동,380-1,380,1,한일,81.54,202110,27,"4,000",4,1989,동팔마길 39,,-,-
전라북도 군산시 장재동,212,212,0,현대세솔,59.976,202110,12,"8,450",6,2002,풍문2길 35,,-,-
전라북도 군산시 조촌동,3943,3943,0,군산디오션시티푸르지오,74.794,202110,1,"39,500",19,2018,궁포2로 20,,-,-
전라북도 군산시 조촌동,3943,3943,0,군산디오션시티푸르지오,84.5847,202110,2,"53,500",15,2018,궁포2로 20,,-,-
전라북도 군산시 조촌동,3943,3943,0,군산디오션시티푸르지오,74.8808,202110,2,"43,000",15,2018,궁포2로 20,,-,-
전라북도 군산시 조촌동,3943,3943,0,군산디오션시티푸르지오,74.8808,202110,6,"46,000",23,2018,궁포2로 20,,-,-
전라북도 군산시 조촌동,3943,3943,0,군산디오션시티푸르지오,74.794,202110,7,"41,500",29,2018,궁포2로 20,,-,-
전라북도 군산시 조촌동,3943,3943,0,군산디오션시티푸르지오,59.9846,202110,18,"34,000",14,2018,궁포2로 20,,-,-
전라북도 군산시 조촌동,3943,3943,0,군산디오션시티푸르지오,74.7985,202110,30,"45,800",20,2018,궁포2로 20,,-,-
전라북도 군산시 조촌동,759-1,759,1,대명3차,71.37,202110,16,"6,500",10,1989,신촌1길 36,,-,-
전라북도 군산시 조촌동,907-2,907,2,동신개나리,59.84,202110,4,"8,300",9,1995,양안로 119,,-,-
전라북도 군산시 조촌동,491,491,0,삼성,73.83,202110,15,"8,000",3,1992,백릉로 162,,-,-
전라북도 군산시 조촌동,769-4,769,4,센트럴파크,84.9963,202110,22,"24,400",14,2017,번영로 190,,-,-
전라북도 군산시 조촌동,769-4,769,4,센트럴파크,84.9963,202110,29,"20,000",23,2017,번영로 190,,-,-
전라북도 군산시 조촌동,903-1,903,1,시영,49.14,202110,1,"4,700",9,1993,양안로 130,20211027,-,-
전라북도 군산시 조촌동,3931,3931,0,타워써미트,84.9126,202110,2,"26,500",16,2012,공단대로 54,,-,-
전라북도 군산시 조촌동,3931,3931,0,타워써미트,59.9438,202110,5,"21,000",20,2012,공단대로 54,,-,-
전라북도 군산시 조촌동,3931,3931,0,타워써미트,84.9622,202110,11,"16,945",12,2012,공단대로 54,,-,-
전라북도 군산시 조촌동,3931,3931,0,타워써미트,84.994,202110,11,"17,038",18,2012,공단대로 54,,-,-
전라북도 군산시 조촌동,3931,3931,0,타워써미트,84.9126,202110,11,"17,103",22,2012,공단대로 54,,-,-
전라북도 군산시 조촌동,3931,3931,0,타워써미트,84.9622,202110,11,"16,945",22,2012,공단대로 54,,-,-
전라북도 군산시 조촌동,3931,3931,0,타워써미트,84.9622,202110,11,"16,945",15,2012,공단대로 54,,-,-
전라북도 군산시 조촌동,3931,3931,0,타워써미트,84.9622,202110,11,"16,945",18,2012,공단대로 54,,-,-
전라북도 군산시 조촌동,3931,3931,0,타워써미트,84.9126,202110,11,"17,103",16,2012,공단대로 54,,-,-
전라북도 군산시 조촌동,3931,3931,0,타워써미트,84.9622,202110,11,"16,945",16,2012,공단대로 54,,-,-
전라북도 군산시 조촌동,3931,3931,0,타워써미트,84.9622,202110,11,"16,945",19,2012,공단대로 54,,-,-
전라북도 군산시 조촌동,3931,3931,0,타워써미트,84.9126,202110,12,"17,103",24,2012,공단대로 54,,-,-
전라북도 군산시 조촌동,3931,3931,0,타워써미트,84.994,202110,13,"23,500",17,2012,공단대로 54,,-,-
전라북도 군산시 조촌동,3931,3931,0,타워써미트,84.9622,202110,16,"31,000",16,2012,공단대로 54,,-,-
전라북도 군산시 조촌동,3931,3931,0,타워써미트,84.9126,202110,19,"17,103",20,2012,공단대로 54,,-,-
전라북도 군산시 조촌동,3931,3931,0,타워써미트,84.994,202110,19,"17,038",21,2012,공단대로 54,,-,-
전라북도 군산시 조촌동,3931,3931,0,타워써미트,59.9438,202110,25,"21,000",12,2012,공단대로 54,,-,-
전라북도 군산시 조촌동,903-2,903,2,현대,84.96,202110,16,"18,000",9,1995,양안로 120,,-,-
전라북도 군산시 지곡동,May-42,42,5,도현해나지오,84.7449,202110,2,"17,800",5,2004,계산로 78,,-,-
전라북도 군산시 지곡동,607,607,0,쌍용예가,59.9737,202110,7,"23,500",4,2014,계산로 71,,-,-
전라북도 군산시 지곡동,158-1,158,1,은파코아루,128.905,202110,6,"44,500",7,2006,동지곡길 53,,-,-
전라북도 군산시 지곡동,158-1,158,1,은파코아루,84.876,202110,7,"27,000",9,2006,동지곡길 53,,-,-
전라북도 군산시 지곡동,158-1,158,1,은파코아루,84.876,202110,8,"27,500",8,2006,동지곡길 53,,-,-
전라북도 군산시 지곡동,158-1,158,1,은파코아루,128.905,202110,11,"34,500",10,2006,동지곡길 53,,-,-
전라북도 군산시 지곡동,609,609,0,지곡동엠코타운,84.9545,202110,16,"29,800",15,2015,계산로 90,,-,-
전라북도 군산시 지곡동,609,609,0,지곡동엠코타운,84.9574,202110,21,"31,500",16,2015,계산로 90,,-,-
전라북도 김제시 검산동,847-10,847,10,검산시티타워149,17.8752,202110,18,"6,280",6,2015,금성로 128-16,,-,-
전라북도 김제시 검산동,1030,1030,0,진우(1차),59.99,202110,9,"8,350",5,1998,요촌동길 56,,-,-
전라북도 김제시 검산동,1030,1030,0,진우(1차),59.99,202110,12,"8,500",2,1998,요촌동길 56,,-,-
전라북도 김제시 검산동,1030-3,1030,3,진우(2차),59.99,202110,6,"8,000",2,1998,요촌동길 56,,-,-
전라북도 김제시 만경읍 몽산리,Apr-79,79,4,만경영광,49.8,202110,13,"3,000",10,2000,만경로 870-12,,-,-
전라북도 김제시 만경읍 몽산리,Apr-79,79,4,만경영광,49.8,202110,30,"2,600",6,2000,만경로 870-12,,-,-
전라북도 김제시 서암동,01월 17일,17,1,위드,84.8624,202110,14,"18,000",6,2009,남북로 267,,-,-
전라북도 김제시 신풍동,605,605,0,대방,82.8836,202110,16,"17,300",15,2001,금성8길 56,,-,-
전라북도 김제시 신풍동,439-4,439,4,리젠트빌,106.34,202110,1,"15,000",4,2004,남북로 92,20211005,-,-
전라북도 김제시 신풍동,439-4,439,4,리젠트빌,106.34,202110,1,"15,000",4,2004,남북로 92,,-,-
전라북도 김제시 신풍동,63,63,0,부영(3차),59.933,202110,4,"7,650",13,2000,도작로 33,,-,-
전라북도 김제시 신풍동,63,63,0,부영(3차),49.896,202110,8,"8,650",18,2000,도작로 33,,-,-
전라북도 김제시 신풍동,63,63,0,부영(3차),59.933,202110,12,"8,650",4,2000,도작로 33,,-,-
전라북도 김제시 신풍동,63,63,0,부영(3차),49.896,202110,18,"6,750",14,2000,도작로 33,,-,-
전라북도 김제시 신풍동,63,63,0,부영(3차),49.896,202110,19,"7,200",11,2000,도작로 33,,-,-
전라북도 김제시 신풍동,63,63,0,부영(3차),49.896,202110,20,"6,400",1,2000,도작로 33,,-,-
전라북도 김제시 신풍동,63,63,0,부영(3차),49.896,202110,21,"7,200",8,2000,도작로 33,,-,-
전라북도 김제시 신풍동,63,63,0,부영(3차),49.896,202110,23,"7,600",13,2000,도작로 33,,-,-
전라북도 김제시 신풍동,63,63,0,부영(3차),49.896,202110,23,"8,300",13,2000,도작로 33,,-,-
전라북도 김제시 신풍동,63,63,0,부영(3차),49.896,202110,29,"7,000",14,2000,도작로 33,,-,-
전라북도 김제시 신풍동,63,63,0,부영(3차),49.896,202110,30,"8,600",13,2000,도작로 33,,-,-
전라북도 김제시 신풍동,595,595,0,비사벌,59.4,202110,27,"6,500",5,1993,도작로 93,,-,-
전라북도 김제시 신풍동,595,595,0,비사벌,59.4,202110,31,"8,500",1,1993,도작로 93,,-,-
전라북도 김제시 신풍동,653,653,0,아이지파크,76.227,202110,9,"21,500",10,2014,두월3길 25,,-,-
전라북도 김제시 신풍동,70,70,0,주공,39.99,202110,7,"5,500",2,1992,금성로 102,,-,-
전라북도 김제시 신풍동,70,70,0,주공,39.6,202110,13,"3,800",5,1992,금성로 102,,-,-
전라북도 김제시 신풍동,70,70,0,주공,46.98,202110,14,"5,800",5,1992,금성로 102,,-,-
전라북도 김제시 신풍동,34,34,0,한신맨션,70.47,202110,18,"6,500",10,1990,두월로 207,,-,-
전라북도 김제시 신풍동,315-1,315,1,현대,59.4,202110,13,"8,500",14,1993,중앙16길 51,,-,-
전라북도 김제시 신풍동,02월 24일,24,2,황산공단,38.52,202110,5,"2,000",1,1993,도작2길 35-15,,-,-
전라북도 김제시 신풍동,02월 24일,24,2,황산공단,38.7,202110,5,"1,800",3,1993,도작2길 35-15,,-,-
전라북도 김제시 신풍동,02월 24일,24,2,황산공단,38.52,202110,8,"2,350",4,1993,도작2길 35-15,,-,-
전라북도 김제시 옥산동,54,54,0,옥산,50.9025,202110,18,"3,600",1,1991,옥산길 86,,-,-
전라북도 김제시 요촌동,03월 17일,17,3,동양,66.24,202110,20,"3,500",5,1989,요촌중길 70,,-,-
전라북도 김제시 요촌동,282,282,0,두일로얄,82.71,202110,4,"9,000",3,1991,요촌5길 14,,-,-
전라북도 김제시 하동,595,595,0,김제하동오투그란데,84.952,202110,8,"27,700",6,2016,요촌중길 146,,-,-
전라북도 김제시 하동,595,595,0,김제하동오투그란데,74.2638,202110,15,"20,000",7,2016,요촌중길 146,,-,-
전라북도 김제시 하동,595,595,0,김제하동오투그란데,59.5138,202110,23,"16,900",13,2016,요촌중길 146,,-,-
전라북도 남원시 고죽동,147-3,147,3,경보이-그린,84.95,202110,6,"25,500",1,2010,황죽로 11,,-,-
전라북도 남원시 금동,429,429,0,금동주공,39.3,202110,5,"7,000",2,1990,금하정1길 8-6,,-,-
전라북도 남원시 금동,429,429,0,금동주공,39.69,202110,9,"7,000",4,1990,금하정1길 8-6,20211014,-,-
전라북도 남원시 금동,429,429,0,금동주공,39.69,202110,9,"7,000",4,1990,금하정1길 8-6,,-,-
전라북도 남원시 금동,429,429,0,금동주공,39.69,202110,27,"4,500",5,1990,금하정1길 8-6,,-,-
전라북도 남원시 내척동,286,286,0,덕원원룸,33.6,202110,15,"1,750",1,1999,내척길 158,,-,-
전라북도 남원시 노암동,383,383,0,명지3단지,59.98,202110,13,"5,500",4,1996,쑥고개로 39,,-,-
전라북도 남원시 노암동,383,383,0,명지3단지,59.98,202110,26,"6,200",4,1996,쑥고개로 39,,-,-
전라북도 남원시 노암동,220-1,220,1,비안,59.94,202110,11,"8,400",12,1997,노송로 1237,,-,-
전라북도 남원시 노암동,220-1,220,1,비안,59.94,202110,30,"7,200",7,1997,노송로 1237,,-,-
전라북도 남원시 도통동,107-8,107,8,도통주공,39.3,202110,3,"4,950",5,1989,용성로 227,,-,-
전라북도 남원시 도통동,107-8,107,8,도통주공,39.3,202110,3,"4,950",5,1989,용성로 227,20211029,-,-
전라북도 남원시 도통동,107-8,107,8,도통주공,39.69,202110,16,"4,800",5,1989,용성로 227,,-,-
전라북도 남원시 도통동,576,576,0,부영5차,84.9538,202110,5,"19,800",12,2001,오들1길 26,,-,-
전라북도 남원시 도통동,576,576,0,부영5차,84.9538,202110,21,"19,500",2,2001,오들1길 26,,-,-
전라북도 남원시 도통동,163,163,0,우성,84.92,202110,29,"16,000",3,1995,용성로 221-42,,-,-
전라북도 남원시 동충동,396-1,396,1,용성,82.11,202110,4,"9,750",2,1993,충열길 5,,-,-
전라북도 남원시 동충동,330,330,0,현대,59.88,202110,4,"15,500",5,1997,동문로 83,,-,-
전라북도 남원시 왕정동,146-1,146,1,금호프라자,59.67,202110,8,"14,800",13,1995,남문로 385-16,,-,-
전라북도 남원시 왕정동,138,138,0,비사벌2,59.32,202110,6,"9,000",1,1996,광천남길 398,,-,-
전라북도 남원시 왕정동,120-1,120,1,왕정,77.036,202110,4,"16,200",1,2015,광천남길 368,,-,-
전라북도 남원시 왕정동,120-1,120,1,왕정,77.036,202110,5,"16,700",5,2015,광천남길 368,,-,-
전라북도 남원시 왕정동,Apr-92,92,4,장미맨션,82.06,202110,24,"8,900",3,1990,성황단길 12,,-,-
전라북도 남원시 월락동,659,659,0,남원산이고운코아루,59.8225,202110,13,"22,000",6,2014,충정로 310,,-,-
전라북도 남원시 월락동,659,659,0,남원산이고운코아루,59.8225,202110,13,"22,000",6,2014,충정로 310,20211015,-,-
전라북도 남원시 월락동,659,659,0,남원산이고운코아루,59.9341,202110,14,"21,500",15,2014,충정로 310,,-,-
전라북도 남원시 월락동,659,659,0,남원산이고운코아루,59.9341,202110,14,"21,500",15,2014,충정로 310,,-,-
전라북도 남원시 월락동,661,661,0,양우내안애아파트,75.6638,202110,6,"24,400",1,2016,낙현길 5,,-,-
전라북도 남원시 월락동,661,661,0,양우내안애아파트,75.6638,202110,30,"28,200",5,2016,낙현길 5,,-,-
전라북도 남원시 월락동,641,641,0,호반리젠시빌,82.514,202110,13,"23,700",7,2001,오들1길 90,,-,-
전라북도 남원시 월락동,641,641,0,호반리젠시빌,82.514,202110,20,"17,500",5,2001,오들1길 90,,-,-
전라북도 남원시 조산동,975,975,0,메카센트럴,84.9987,202110,5,"20,500",9,2008,요천로 1300,,-,-
전라북도 남원시 조산동,975,975,0,메카센트럴,84.9234,202110,25,"19,800",7,2008,요천로 1300,,-,-
전라북도 남원시 조산동,975,975,0,메카센트럴,123.9783,202110,27,"32,000",14,2008,요천로 1300,,-,-
전라북도 남원시 죽항동,1,1,0,죽항1,40.45,202110,28,"6,700",1,1984,동림로 8,,-,-
전라북도 남원시 죽항동,306,306,0,죽항2,49.22,202110,21,"5,000",5,1984,용성로 156,,-,-
전라북도 남원시 하정동,218-56,218,56,발트하임,84.2448,202110,26,"23,800",3,2014,의총로 90-20,,-,-
전라북도 남원시 향교동,257-1,257,1,향교,39.72,202110,2,"6,000",4,1987,붕맛길 95,,-,-
전라북도 남원시 향교동,257-1,257,1,향교,39.72,202110,7,"4,550",5,1987,붕맛길 95,,-,-
전라북도 남원시 향교동,257-1,257,1,향교,46.74,202110,7,"4,500",2,1987,붕맛길 95,,-,-
전라북도 남원시 향교동,257-1,257,1,향교,39.72,202110,11,"5,900",4,1987,붕맛길 95,,-,-
전라북도 남원시 향교동,257-1,257,1,향교,39.72,202110,11,"5,800",2,1987,붕맛길 95,,-,-
전라북도 남원시 향교동,257-1,257,1,향교,46.74,202110,16,"5,400",5,1987,붕맛길 95,,-,-
전라북도 무주군 무주읍 당산리,1219-1,1219,1,도담도담채,81.5857,202110,29,"23,000",4,2015,당산강변로 226,,-,-
전라북도 무주군 무주읍 당산리,689-1,689,1,에코리버,59.99,202110,26,"16,000",5,2012,한풍루로 387-8,,-,-
전라북도 무주군 무주읍 읍내리,1427-2,1427,2,무주반딧불,58.75,202110,1,"12,700",1,2001,신교로3길 10,,-,-
전라북도 무주군 무주읍 읍내리,1002,1002,0,센트럴노블리안,84.233,202110,2,"30,000",13,2020,주계로 80,,-,-
전라북도 무주군 무주읍 읍내리,1002,1002,0,센트럴노블리안,84.9452,202110,7,"28,660",7,2020,주계로 80,,-,-
전라북도 부안군 변산면 격포리,272-21,272,21,격포양우,83.6,202110,20,"8,000",6,1994,격포윗길 20,,-,-
전라북도 부안군 변산면 지서리,408,408,0,변산송림,53.9658,202110,7,"6,800",4,2000,지서로 80,,-,-
전라북도 부안군 부안읍 동중리,106,106,0,상원,59.94,202110,13,"5,900",4,1993,상원길 19,,-,-
전라북도 부안군 부안읍 동중리,106,106,0,상원,59.94,202110,30,"6,500",4,1993,상원길 19,,-,-
전라북도 부안군 부안읍 봉덕리,632-3,632,3,동영파크맨션(1),84.93,202110,14,"7,500",4,1990,봉신길 5,,-,-
전라북도 부안군 부안읍 봉덕리,873,873,0,봉덕주공,49.62,202110,15,"7,000",1,1998,학동길 4,,-,-
전라북도 부안군 부안읍 봉덕리,873,873,0,봉덕주공,49.62,202110,28,"7,000",8,1998,학동길 4,,-,-
전라북도 부안군 부안읍 봉덕리,909,909,0,봉덕주공2단지,59.92,202110,5,"13,000",7,2003,석정로 286,,-,-
전라북도 부안군 부안읍 봉덕리,909,909,0,봉덕주공2단지,51.74,202110,28,"11,000",12,2003,석정로 286,,-,-
전라북도 부안군 부안읍 봉덕리,918,918,0,부안봉덕오투그란데,84.9278,202110,27,"25,500",16,2019,오리정로 162-58,,-,-
전라북도 부안군 부안읍 봉덕리,793-4,793,4,부안진성,59.88,202110,18,"5,900",2,1993,진성길 11,,-,-
전라북도 부안군 부안읍 봉덕리,626-4,626,4,부안현대,59.815,202110,1,"7,550",8,1995,봉신길 19,,-,-
전라북도 부안군 부안읍 봉덕리,626-4,626,4,부안현대,59.815,202110,5,"7,300",3,1995,봉신길 19,,-,-
전라북도 부안군 부안읍 봉덕리,626-4,626,4,부안현대,59.815,202110,11,"8,100",13,1995,봉신길 19,,-,-
전라북도 부안군 부안읍 봉덕리,912,912,0,엘에이치,74.98,202110,2,"21,000",3,2015,석정로 262,,-,-
전라북도 부안군 부안읍 봉덕리,912,912,0,엘에이치,74.98,202110,7,"21,000",2,2015,석정로 262,,-,-
전라북도 부안군 부안읍 봉덕리,912,912,0,엘에이치,74.98,202110,13,"21,000",17,2015,석정로 262,,-,-
전라북도 부안군 부안읍 봉덕리,912,912,0,엘에이치,74.98,202110,15,"20,500",17,2015,석정로 262,,-,-
전라북도 부안군 부안읍 봉덕리,912,912,0,엘에이치,74.98,202110,15,"20,800",8,2015,석정로 262,,-,-
전라북도 부안군 부안읍 봉덕리,912,912,0,엘에이치,74.98,202110,18,"20,000",2,2015,석정로 262,,-,-
전라북도 부안군 부안읍 봉덕리,912,912,0,엘에이치,84.96,202110,22,"24,000",2,2015,석정로 262,,-,-
전라북도 부안군 부안읍 봉덕리,910,910,0,하이안,84.9234,202110,25,"17,800",15,2005,오리정로 172,,-,-
전라북도 부안군 부안읍 선은리,258-1,258,1,대림낭주골,59.925,202110,13,"7,600",18,1997,낭주길 5,,-,-
전라북도 부안군 부안읍 선은리,258-1,258,1,대림낭주골,59.925,202110,22,"8,000",7,1997,낭주길 5,,-,-
전라북도 부안군 부안읍 선은리,258-1,258,1,대림낭주골,59.925,202110,29,"6,900",1,1997,낭주길 5,,-,-
전라북도 부안군 진서면 곰소리,459,459,0,천경그린빌,84.9692,202110,5,"9,500",7,2002,곰소4길 11,,-,-
전라북도 순창군 순창읍 남계리,990,990,0,광명메이루즈,84.9641,202110,1,"22,200",6,2013,장류로 422,,-,-
전라북도 순창군 순창읍 남계리,990,990,0,광명메이루즈,77.8361,202110,6,"17,000",1,2013,장류로 422,,-,-
전라북도 순창군 순창읍 남계리,343,343,0,대석,59.86,202110,3,"9,150",8,1999,양지길 81,,-,-
전라북도 완주군 봉동읍 낙평리,1249,1249,0,봉동광신프로그레스,79.7838,202110,12,"17,600",11,2015,낙평장기로 10,,-,-
전라북도 완주군 봉동읍 낙평리,1249,1249,0,봉동광신프로그레스,79.7838,202110,22,"18,000",17,2015,낙평장기로 10,,-,-
전라북도 완주군 봉동읍 낙평리,47,47,0,봉동한신2차,59.926,202110,26,"6,200",7,1999,하보상길 18-6,,-,-
전라북도 완주군 봉동읍 둔산리,871-1,871,1,라송센트럴카운티,84.9206,202110,5,"16,700",10,2009,둔산1로 107,,-,-
전라북도 완주군 봉동읍 둔산리,871-1,871,1,라송센트럴카운티,71.6893,202110,15,"12,650",5,2009,둔산1로 107,,-,-
전라북도 완주군 봉동읍 둔산리,871-1,871,1,라송센트럴카운티,84.9724,202110,18,"15,900",1,2009,둔산1로 107,,-,-
전라북도 완주군 봉동읍 둔산리,871-1,871,1,라송센트럴카운티,84.9206,202110,29,"16,500",3,2009,둔산1로 107,,-,-
전라북도 완주군 봉동읍 둔산리,864-5,864,5,모아엘가,69.8455,202110,13,"14,500",9,2012,둔산1로 131,,-,-
전라북도 완주군 봉동읍 둔산리,864-5,864,5,모아엘가,69.8455,202110,15,"13,500",5,2012,둔산1로 131,,-,-
전라북도 완주군 봉동읍 둔산리,864-5,864,5,모아엘가,69.8455,202110,24,"15,000",9,2012,둔산1로 131,,-,-
전라북도 완주군 봉동읍 둔산리,873-2,873,2,전주과학산업단지벽산e-솔렌스힐,75.9682,202110,2,"16,800",14,2012,둔산3로 119-7,,-,-
전라북도 완주군 봉동읍 둔산리,873-2,873,2,전주과학산업단지벽산e-솔렌스힐,75.9682,202110,12,"14,000",3,2012,둔산3로 119-7,,-,-
전라북도 완주군 봉동읍 둔산리,873-2,873,2,전주과학산업단지벽산e-솔렌스힐,75.9682,202110,13,"17,000",10,2012,둔산3로 119-7,,-,-
전라북도 완주군 봉동읍 둔산리,873-2,873,2,전주과학산업단지벽산e-솔렌스힐,84.9969,202110,16,"19,600",7,2012,둔산3로 119-7,,-,-
전라북도 완주군 봉동읍 둔산리,873-2,873,2,전주과학산업단지벽산e-솔렌스힐,75.9682,202110,20,"16,500",8,2012,둔산3로 119-7,,-,-
전라북도 완주군 봉동읍 둔산리,873-2,873,2,전주과학산업단지벽산e-솔렌스힐,84.9969,202110,22,"19,500",9,2012,둔산3로 119-7,,-,-
전라북도 완주군 봉동읍 둔산리,873-2,873,2,전주과학산업단지벽산e-솔렌스힐,84.9969,202110,24,"19,500",5,2012,둔산3로 119-7,,-,-
전라북도 완주군 봉동읍 둔산리,873-2,873,2,전주과학산업단지벽산e-솔렌스힐,75.9682,202110,27,"16,300",8,2012,둔산3로 119-7,,-,-
전라북도 완주군 봉동읍 둔산리,873-2,873,2,전주과학산업단지벽산e-솔렌스힐,84.9969,202110,28,"18,600",8,2012,둔산3로 119-7,,-,-
전라북도 완주군 봉동읍 둔산리,873-1,873,1,전주렉시안,59.9604,202110,4,"11,500",15,2007,둔산1로 142,,-,-
전라북도 완주군 봉동읍 둔산리,873-1,873,1,전주렉시안,59.9604,202110,4,"11,500",15,2007,둔산1로 142,,-,-
전라북도 완주군 봉동읍 둔산리,873-1,873,1,전주렉시안,59.9604,202110,9,"12,450",10,2007,둔산1로 142,,-,-
전라북도 완주군 봉동읍 둔산리,873-1,873,1,전주렉시안,84.9159,202110,13,"15,000",7,2007,둔산1로 142,,-,-
전라북도 완주군 봉동읍 둔산리,873-1,873,1,전주렉시안,84.9159,202110,19,"15,000",7,2007,둔산1로 142,20211105,-,-
전라북도 완주군 봉동읍 둔산리,873-1,873,1,전주렉시안,84.9159,202110,23,"15,900",8,2007,둔산1로 142,,-,-
전라북도 완주군 봉동읍 둔산리,873-1,873,1,전주렉시안,84.9159,202110,25,"14,800",3,2007,둔산1로 142,,-,-
전라북도 완주군 봉동읍 둔산리,898-2,898,2,전주첨단코아루1차,59.9356,202110,5,"11,500",6,2005,둔산3로 63,,-,-
전라북도 완주군 봉동읍 둔산리,898-2,898,2,전주첨단코아루1차,84.9187,202110,13,"13,800",11,2005,둔산3로 63,,-,-
전라북도 완주군 봉동읍 둔산리,898-2,898,2,전주첨단코아루1차,84.9599,202110,28,"13,500",4,2005,둔산3로 63,,-,-
전라북도 완주군 봉동읍 신성리,819-14,819,14,봉동한신아파트,59.94,202110,28,"6,500",8,1997,봉동로 19,,-,-
전라북도 완주군 봉동읍 장기리,290,290,0,명진로얄,58.5,202110,8,"4,800",3,1991,낙평장기로 65,,-,-
전라북도 완주군 봉동읍 장기리,273,273,0,봉동2차명진로얄,59.4,202110,13,"5,800",11,1993,봉동동서로 76,,-,-
전라북도 완주군 봉동읍 장기리,273,273,0,봉동2차명진로얄,59.4,202110,29,"4,200",10,1993,봉동동서로 76,,-,-
전라북도 완주군 봉동읍 제내리,1237,1237,0,제일오투그란데,59.969,202110,6,"10,000",4,2017,봉비로 176,,-,-
전라북도 완주군 봉동읍 제내리,1237,1237,0,제일오투그란데,59.969,202110,8,"13,500",15,2017,봉비로 176,,-,-
전라북도 완주군 봉동읍 제내리,1237,1237,0,제일오투그란데,84.973,202110,13,"15,800",2,2017,봉비로 176,,-,-
전라북도 완주군 봉동읍 제내리,1237,1237,0,제일오투그란데,84.973,202110,16,"18,000",15,2017,봉비로 176,,-,-
전라북도 완주군 봉동읍 제내리,1237,1237,0,제일오투그란데,70.274,202110,20,"15,500",11,2017,봉비로 176,,-,-
전라북도 완주군 봉동읍 제내리,1237,1237,0,제일오투그란데,84.973,202110,24,"20,500",13,2017,봉비로 176,,-,-
전라북도 완주군 봉동읍 제내리,1237,1237,0,제일오투그란데,59.969,202110,25,"12,000",11,2017,봉비로 176,,-,-
전라북도 완주군 봉동읍 제내리,1237,1237,0,제일오투그란데,84.973,202110,29,"18,000",7,2017,봉비로 176,,-,-
전라북도 완주군 삼례읍 삼례리,297-10,297,10,대영1,33.15,202110,1,"2,100",13,1997,왕궁로 10,,-,-
전라북도 완주군 삼례읍 삼례리,1753,1753,0,삼례주공(1),49.62,202110,18,"5,000",2,1998,왕궁로 56,,-,-
전라북도 완주군 삼례읍 삼례리,1753,1753,0,삼례주공(1),49.62,202110,20,"4,000",2,1998,왕궁로 56,,-,-
전라북도 완주군 삼례읍 삼례리,1753,1753,0,삼례주공(1),49.62,202110,31,"4,500",9,1998,왕궁로 56,,-,-
전라북도 완주군 삼례읍 후정리,106,106,0,삼례대명,59.98,202110,1,"6,300",4,1998,충혼길 50,,-,-
전라북도 완주군 삼례읍 후정리,106,106,0,삼례대명,59.98,202110,6,"7,300",10,1998,충혼길 50,,-,-
전라북도 완주군 삼례읍 후정리,106,106,0,삼례대명,59.98,202110,6,"6,600",10,1998,충혼길 50,20211018,-,-
전라북도 완주군 삼례읍 후정리,106,106,0,삼례대명,59.98,202110,13,"5,800",18,1998,충혼길 50,,-,-
전라북도 완주군 상관면 신리,607,607,0,신세대지큐빌,84.94,202110,9,"9,000",12,2001,신리로 99,,-,-
전라북도 완주군 상관면 신리,607,607,0,신세대지큐빌,84.94,202110,13,"12,900",8,2001,신리로 99,,-,-
전라북도 완주군 상관면 신리,607,607,0,신세대지큐빌,59.86,202110,16,"8,200",9,2001,신리로 99,,-,-
전라북도 완주군 상관면 신리,607,607,0,신세대지큐빌,59.86,202110,20,"7,000",18,2001,신리로 99,,-,-
전라북도 완주군 상관면 신리,607,607,0,신세대지큐빌,84.94,202110,26,"10,500",1,2001,신리로 99,,-,-
전라북도 완주군 상관면 신리,607,607,0,신세대지큐빌,59.86,202110,26,"7,400",11,2001,신리로 99,,-,-
전라북도 완주군 용진읍 신지리,1581-1,1581,1,대영,59.736,202110,2,"7,300",13,1999,812,,-,-
전라북도 완주군 용진읍 신지리,1581-1,1581,1,대영,59.736,202110,7,"6,430",1,1999,812,,-,-
전라북도 완주군 용진읍 신지리,1581-1,1581,1,대영,59.736,202110,12,"5,500",4,1999,812,,-,-
전라북도 완주군 용진읍 신지리,1581-1,1581,1,대영,49.68,202110,17,"4,000",11,1999,812,,-,-
전라북도 완주군 용진읍 신지리,1581-1,1581,1,대영,49.68,202110,20,"4,500",10,1999,812,,-,-
전라북도 완주군 용진읍 신지리,1581-1,1581,1,대영,59.736,202110,25,"5,900",9,1999,812,,-,-
전라북도 완주군 용진읍 신지리,877,877,0,덕천하이트,59.501,202110,25,"4,000",2,2001,21,,-,-
전라북도 완주군 용진읍 신지리,876-4,876,4,용진원주,35.52,202110,1,"2,200",9,1997,716,,-,-
전라북도 완주군 용진읍 신지리,876-4,876,4,용진원주,35.52,202110,6,"2,650",2,1997,716,,-,-
전라북도 완주군 용진읍 신지리,876-4,876,4,용진원주,35.52,202110,18,"2,250",1,1997,716,,-,-
전라북도 완주군 이서면 갈산리,645,645,0,이노힐스아파트,84.98,202110,5,"42,000",14,2013,갈산1로 71,,-,-
전라북도 완주군 이서면 갈산리,645,645,0,이노힐스아파트,84.98,202110,12,"43,500",13,2013,갈산1로 71,,-,-
전라북도 완주군 이서면 갈산리,645,645,0,이노힐스아파트,84.98,202110,15,"42,500",12,2013,갈산1로 71,,-,-
전라북도 완주군 이서면 갈산리,645,645,0,이노힐스아파트,74.98,202110,21,"36,000",4,2013,갈산1로 71,,-,-
전라북도 완주군 이서면 갈산리,645,645,0,이노힐스아파트,74.54,202110,23,"36,000",7,2013,갈산1로 71,,-,-
전라북도 완주군 이서면 갈산리,637,637,0,혁신도시 코오롱 하늘채 아파트 1단지,84.778,202110,4,"46,800",20,2014,출판로 25,,-,-
전라북도 완주군 이서면 갈산리,637,637,0,혁신도시 코오롱 하늘채 아파트 1단지,84.853,202110,6,"45,600",6,2014,출판로 25,,-,-
전라북도 완주군 이서면 상개리,546-6,546,6,지엘하늘가,39.629,202110,1,"5,000",8,2004,이서로 90-11,,-,-
전라북도 완주군 이서면 상개리,546-6,546,6,지엘하늘가,39.629,202110,2,"5,000",5,2004,이서로 90-11,,-,-
전라북도 완주군 이서면 상개리,546-6,546,6,지엘하늘가,39.629,202110,20,"4,500",6,2004,이서로 90-11,,-,-
전라북도 완주군 이서면 용서리,Jan-60,60,1,남양사이버,59.7631,202110,4,"8,500",10,2001,반교로 21,,-,-
전라북도 완주군 이서면 용서리,Jan-60,60,1,남양사이버,59.8988,202110,24,"8,800",11,2001,반교로 21,,-,-
전라북도 완주군 이서면 용서리,785,785,0,혁신도시에코르3단지,84.896,202110,5,"29,800",3,2015,반교로 51,,-,-
전라북도 완주군 이서면 용서리,785,785,0,혁신도시에코르3단지,84.896,202110,22,"32,000",11,2015,반교로 51,,-,-
전라북도 익산시 금강동,428,428,0,골드리버파크,42.801,202110,2,"6,800",9,2011,약촌로 25,,-,-
전라북도 익산시 금강동,428,428,0,골드리버파크,42.801,202110,26,"6,150",4,2011,약촌로 25,,-,-
전라북도 익산시 금강동,428-2,428,2,골드리버파크2단지,79.086,202110,18,"12,500",13,2011,약촌로 25,,-,-
전라북도 익산시 금강동,364-1,364,1,대신쉐르빌,33.3393,202110,13,"3,100",12,2001,약촌로 31,,-,-
전라북도 익산시 금강동,364-1,364,1,대신쉐르빌,33.3393,202110,18,"2,900",5,2001,약촌로 31,,-,-
전라북도 익산시 남중동,233,233,0,거성,84.78,202110,26,"7,700",1,1983,선화로29길 4,,-,-
전라북도 익산시 남중동,352-6,352,6,비사벌맨션,84.42,202110,8,"8,300",11,1990,선화로29길 59,,-,-
전라북도 익산시 남중동,537-2,537,2,성호맨션,83.88,202110,12,"6,200",4,1991,동서로27길 6-1,,-,-
전라북도 익산시 남중동,Jun-34,34,6,원주콤비타운,84.3,202110,6,"9,550",6,1993,동서로18길 22-13,,-,-
전라북도 익산시 낭산면 용기리,1150-5,1150,5,태양,34.46,202110,18,"1,700",2,1991,미륵사지로 948,,-,-
전라북도 익산시 동산동,667-1,667,1,동산동2차제일,84.8211,202110,6,"18,500",18,2001,평동로17길 5,,-,-
전라북도 익산시 동산동,138,138,0,동산라인,59.89,202110,7,"5,300",12,1997,동천로 81-12,,-,-
전라북도 익산시 동산동,138,138,0,동산라인,41.67,202110,7,"5,300",12,1997,동천로 81-12,,-,-
전라북도 익산시 동산동,138,138,0,동산라인,41.67,202110,25,"5,450",11,1997,동천로 81-12,,-,-
전라북도 익산시 동산동,597-6,597,6,동신,63.06,202110,5,"5,000",5,1988,목천로 335,,-,-
전라북도 익산시 동산동,1053,1053,0,동양화학사원,58.83,202110,5,"8,600",4,1989,서동로18길 50,,-,-
전라북도 익산시 동산동,1053,1053,0,동양화학사원,51.51,202110,6,"7,300",5,1989,서동로18길 50,,-,-
전라북도 익산시 동산동,1053,1053,0,동양화학사원,51.51,202110,7,"7,800",5,1989,서동로18길 50,,-,-
전라북도 익산시 동산동,1053,1053,0,동양화학사원,51.51,202110,14,"7,300",5,1989,서동로18길 50,,-,-
전라북도 익산시 동산동,1053,1053,0,동양화학사원,51.51,202110,23,"9,150",1,1989,서동로18길 50,,-,-
전라북도 익산시 동산동,1053,1053,0,동양화학사원,58.83,202110,30,"8,800",5,1989,서동로18길 50,,-,-
전라북도 익산시 동산동,1058,1058,0,비사벌,49.26,202110,1,"5,500",3,1989,동천로7길 53-1,,-,-
전라북도 익산시 동산동,1058,1058,0,비사벌,59.92,202110,1,"8,700",5,1989,동천로7길 53-1,,-,-
전라북도 익산시 동산동,1058,1058,0,비사벌,59.9,202110,12,"7,500",2,1989,동천로7길 53-1,,-,-
전라북도 익산시 동산동,610-1,610,1,삼성,73.68,202110,23,"11,200",11,1991,평동로12길 11,,-,-
전라북도 익산시 동산동,1057,1057,0,세경,49.32,202110,2,"8,000",1,1988,서동로18길 66,,-,-
전라북도 익산시 동산동,1057,1057,0,세경,49.32,202110,19,"7,800",5,1988,서동로18길 66,,-,-
전라북도 익산시 동산동,995-5,995,5,우남,49.68,202110,1,"5,600",1,1997,평동로 799,,-,-
전라북도 익산시 동산동,995-5,995,5,우남,49.68,202110,1,"6,300",7,1997,평동로 799,,-,-
전라북도 익산시 동산동,995-5,995,5,우남,59.985,202110,2,"9,000",1,1997,평동로 799,,-,-
전라북도 익산시 동산동,995-5,995,5,우남,59.985,202110,9,"9,600",13,1997,평동로 799,,-,-
전라북도 익산시 동산동,995-5,995,5,우남,49.68,202110,17,"7,200",7,1997,평동로 799,,-,-
전라북도 익산시 동산동,995-5,995,5,우남,59.985,202110,23,"9,300",3,1997,평동로 799,,-,-
전라북도 익산시 동산동,617-5,617,5,우성,73.59,202110,7,"12,800",5,1990,서동로2길 48,,-,-
전라북도 익산시 동산동,617-5,617,5,우성,73.59,202110,11,"12,200",2,1990,서동로2길 48,,-,-
전라북도 익산시 동산동,617-5,617,5,우성,84.92,202110,20,"12,500",4,1990,서동로2길 48,,-,-
전라북도 익산시 동산동,1144,1144,0,익산수도산코아루이지움,78.4812,202110,24,"28,000",15,2019,서동로30길 40,,-,-
전라북도 익산시 동산동,1144,1144,0,익산수도산코아루이지움,78.3094,202110,25,"28,000",5,2019,서동로30길 40,,-,-
전라북도 익산시 동산동,1053-1,1053,1,제일(고층),84.79,202110,18,"11,650",2,1992,서동로18길 46-1,,-,-
전라북도 익산시 동산동,1061,1061,0,한성,48.18,202110,21,"4,100",5,1988,동천로7길 47,,-,-
전라북도 익산시 동산동,1061,1061,0,한성,48.18,202110,23,"4,280",4,1988,동천로7길 47,,-,-
전라북도 익산시 마동,165,165,0,마동1단지,35.2,202110,1,"8,100",5,1980,고봉로 144,,-,-
전라북도 익산시 마동,165,165,0,마동1단지,37.79,202110,3,"8,200",5,1980,고봉로 144,,-,-
전라북도 익산시 마동,165,165,0,마동1단지,35.63,202110,5,"8,200",1,1980,고봉로 144,,-,-
전라북도 익산시 마동,165,165,0,마동1단지,35.2,202110,5,"8,500",3,1980,고봉로 144,,-,-
전라북도 익산시 마동,165,165,0,마동1단지,37.79,202110,9,"8,300",5,1980,고봉로 144,,-,-
전라북도 익산시 마동,165,165,0,마동1단지,35.76,202110,11,"9,100",3,1980,고봉로 144,,-,-
전라북도 익산시 마동,165,165,0,마동1단지,37.79,202110,12,"8,700",5,1980,고봉로 144,,-,-
전라북도 익산시 마동,165,165,0,마동1단지,35.63,202110,12,"8,600",2,1980,고봉로 144,,-,-
전라북도 익산시 마동,165,165,0,마동1단지,37.79,202110,16,"8,700",2,1980,고봉로 144,,-,-
전라북도 익산시 마동,165,165,0,마동1단지,35.63,202110,18,"9,000",3,1980,고봉로 144,,-,-
전라북도 익산시 마동,165,165,0,마동1단지,37.79,202110,19,"9,100",2,1980,고봉로 144,,-,-
전라북도 익산시 마동,165,165,0,마동1단지,35.2,202110,24,"9,300",1,1980,고봉로 144,,-,-
전라북도 익산시 마동,165,165,0,마동1단지,35.63,202110,25,"9,300",3,1980,고봉로 144,,-,-
전라북도 익산시 마동,165,165,0,마동1단지,35.63,202110,25,"9,300",1,1980,고봉로 144,,-,-
전라북도 익산시 마동,165,165,0,마동1단지,37.79,202110,26,"9,300",2,1980,고봉로 144,,-,-
전라북도 익산시 마동,165,165,0,마동1단지,37.79,202110,30,"9,600",3,1980,고봉로 144,,-,-
전라북도 익산시 마동,137-1,137,1,마동2단지,52.37,202110,5,"6,700",3,1985,고봉로 116,20211009,-,-
전라북도 익산시 마동,137-1,137,1,마동2단지,52.37,202110,5,"5,000",3,1985,고봉로 116,,-,-
전라북도 익산시 마동,137-1,137,1,마동2단지,45.87,202110,7,"9,500",2,1985,고봉로 116,,-,-
전라북도 익산시 마동,137-1,137,1,마동2단지,52.37,202110,7,"10,000",2,1985,고봉로 116,,-,-
전라북도 익산시 마동,137-1,137,1,마동2단지,45.87,202110,8,"8,500",4,1985,고봉로 116,,-,-
전라북도 익산시 마동,137-1,137,1,마동2단지,52.37,202110,10,"12,000",5,1985,고봉로 116,,-,-
전라북도 익산시 마동,137-1,137,1,마동2단지,52.37,202110,16,"11,750",3,1985,고봉로 116,,-,-
전라북도 익산시 마동,137-1,137,1,마동2단지,45.87,202110,17,"10,000",2,1985,고봉로 116,,-,-
전라북도 익산시 마동,137-1,137,1,마동2단지,52.37,202110,19,"12,500",1,1985,고봉로 116,,-,-
전라북도 익산시 마동,132,132,0,마동시영,42.54,202110,18,"5,450",1,1991,서동로21길 13,,-,-
전라북도 익산시 마동,132,132,0,마동시영,42.54,202110,25,"5,400",4,1991,서동로21길 13,,-,-
전라북도 익산시 마동,132,132,0,마동시영,51.87,202110,29,"8,000",4,1991,서동로21길 13,,-,-
전라북도 익산시 마동,81-32,81,32,우남공원(Park),59.73,202110,5,"7,900",11,1991,서동로30길 34,,-,-
전라북도 익산시 마동,153,153,0,이지스위트밸리,84.439,202110,6,"22,500",15,2004,선화1로 31-46,,-,-
전라북도 익산시 마동,153,153,0,이지스위트밸리,84.439,202110,18,"20,200",9,2004,선화1로 31-46,,-,-
전라북도 익산시 마동,384,384,0,익산마동코아루디펠리체,75.5615,202110,14,"26,400",1,2020,선화로55길 6,,-,-
전라북도 익산시 마동,384,384,0,익산마동코아루디펠리체,75.6302,202110,26,"29,800",17,2020,선화로55길 6,,-,-
전라북도 익산시 마동,153-1,153,1,조공전원맨션,84.69,202110,3,"8,000",1,1985,선화로 316-4,,-,-
전라북도 익산시 마동,153-1,153,1,조공전원맨션,84.69,202110,5,"6,600",6,1985,선화로 316-4,,-,-
전라북도 익산시 모현동1가,111-1,111,1,명일,59.52,202110,20,"6,300",2,1994,배산로24길 64,,-,-
전라북도 익산시 모현동1가,Apr-48,48,4,배산2차제일,59.97,202110,1,"7,900",2,1996,선화로19길 28,,-,-
전라북도 익산시 모현동1가,Apr-48,48,4,배산2차제일,59.97,202110,21,"8,000",4,1996,선화로19길 28,,-,-
전라북도 익산시 모현동1가,524-4,524,4,배산신일해피트리아파트,84.9913,202110,20,"32,351",7,2021,선화로13길 77,,-,-
전라북도 익산시 모현동1가,19,19,0,우림모현한솔,59.97,202110,28,"10,000",6,1995,동서로 146-8,,-,-
전라북도 익산시 모현동1가,954,954,0,익산e편한세상,84.885,202110,1,"34,800",8,2012,선화로10길 17,,-,-
전라북도 익산시 모현동1가,954,954,0,익산e편한세상,59.904,202110,1,"23,500",11,2012,선화로10길 17,,-,-
전라북도 익산시 모현동1가,954,954,0,익산e편한세상,84.885,202110,1,"32,800",7,2012,선화로10길 17,,-,-
전라북도 익산시 모현동1가,954,954,0,익산e편한세상,59.904,202110,10,"23,300",2,2012,선화로10길 17,,-,-
전라북도 익산시 모현동1가,954,954,0,익산e편한세상,84.824,202110,12,"32,000",8,2012,선화로10길 17,,-,-
전라북도 익산시 모현동1가,954,954,0,익산e편한세상,59.904,202110,16,"25,000",22,2012,선화로10길 17,,-,-
전라북도 익산시 모현동1가,954,954,0,익산e편한세상,84.885,202110,17,"34,200",14,2012,선화로10길 17,,-,-
전라북도 익산시 모현동1가,812,812,0,익산배산사랑으로부영1차,73.9049,202110,4,"28,000",14,2012,선화로 41,,-,-
전라북도 익산시 모현동1가,812,812,0,익산배산사랑으로부영1차,84.9933,202110,4,"31,000",22,2012,선화로 41,,-,-
전라북도 익산시 모현동1가,812,812,0,익산배산사랑으로부영1차,84.9933,202110,5,"30,950",10,2012,선화로 41,,-,-
전라북도 익산시 모현동1가,812,812,0,익산배산사랑으로부영1차,84.9933,202110,5,"30,000",8,2012,선화로 41,,-,-
전라북도 익산시 모현동1가,812,812,0,익산배산사랑으로부영1차,84.9933,202110,7,"28,600",2,2012,선화로 41,,-,-
전라북도 익산시 모현동1가,812,812,0,익산배산사랑으로부영1차,73.9049,202110,8,"27,000",20,2012,선화로 41,,-,-
전라북도 익산시 모현동1가,812,812,0,익산배산사랑으로부영1차,84.9933,202110,9,"30,600",21,2012,선화로 41,,-,-
전라북도 익산시 모현동1가,812,812,0,익산배산사랑으로부영1차,73.9049,202110,21,"25,500",10,2012,선화로 41,,-,-
전라북도 익산시 모현동1가,812,812,0,익산배산사랑으로부영1차,84.9933,202110,29,"31,300",10,2012,선화로 41,,-,-
전라북도 익산시 모현동1가,883,883,0,익산배산에코르,84.625,202110,2,"33,500",19,2012,배산로 93,,-,-
전라북도 익산시 모현동1가,883,883,0,익산배산에코르,84.549,202110,5,"33,400",8,2012,배산로 93,,-,-
전라북도 익산시 모현동1가,883,883,0,익산배산에코르,101.756,202110,8,"40,000",18,2012,배산로 93,,-,-
전라북도 익산시 모현동1가,883,883,0,익산배산에코르,84.625,202110,19,"34,000",15,2012,배산로 93,,-,-
전라북도 익산시 모현동1가,186-35,186,35,제일1차,59.13,202110,2,"6,900",5,1988,선화로10길 10,,-,-
전라북도 익산시 모현동1가,250-1,250,1,주공(2),46.98,202110,11,"13,300",4,1991,고현로 69,,-,-
전라북도 익산시 모현동1가,250-1,250,1,주공(2),39.99,202110,27,"12,500",2,1991,고현로 69,,-,-
전라북도 익산시 모현동1가,525-2,525,2,중앙하이츠,59.59,202110,20,"12,500",6,1993,선화로5길 45,,-,-
전라북도 익산시 모현동1가,02월 01일,2,1,현대(1),71.175,202110,2,"11,800",8,1991,익산대로17길 16,,-,-
전라북도 익산시 모현동1가,02월 01일,2,1,현대(1),84.945,202110,6,"15,500",5,1991,익산대로17길 16,,-,-
전라북도 익산시 모현동1가,02월 01일,2,1,현대(1),84.945,202110,6,"15,900",6,1991,익산대로17길 16,,-,-
전라북도 익산시 모현동1가,02월 01일,2,1,현대(1),71.175,202110,9,"12,450",2,1991,익산대로17길 16,,-,-
전라북도 익산시 모현동1가,02월 01일,2,1,현대(1),126.68,202110,12,"14,000",5,1991,익산대로17길 16,,-,-
전라북도 익산시 모현동1가,303-1,303,1,현대(2),84.74,202110,12,"16,500",3,1993,배산로14길 9,,-,-
전라북도 익산시 모현동1가,303-1,303,1,현대(2),84.74,202110,13,"17,200",3,1993,배산로14길 9,,-,-
전라북도 익산시 모현동1가,303-1,303,1,현대(2),59.4,202110,20,"12,200",12,1993,배산로14길 9,,-,-
전라북도 익산시 모현동1가,303-1,303,1,현대(2),84.74,202110,23,"19,150",14,1993,배산로14길 9,,-,-
전라북도 익산시 모현동1가,303-1,303,1,현대(2),84.74,202110,23,"17,400",14,1993,배산로14길 9,,-,-
전라북도 익산시 모현동1가,677-2,677,2,현대(3),84.96,202110,2,"18,100",15,1996,배산로 91-9,,-,-
전라북도 익산시 모현동1가,296-2,296,2,현대(4),84.96,202110,1,"19,700",4,1997,배산로16길 33,,-,-
전라북도 익산시 모현동1가,296-2,296,2,현대(4),84.96,202110,1,"19,700",4,1997,배산로16길 33,,-,-
전라북도 익산시 모현동1가,296-2,296,2,현대(4),84.96,202110,26,"21,000",5,1997,배산로16길 33,,-,-
전라북도 익산시 모현동2가,198-2,198,2,동신,69.16,202110,4,"9,600",9,1994,동서로 48,,-,-
전라북도 익산시 모현동2가,675,675,0,배산제일오투그란데,84.7501,202110,5,"37,100",5,2014,선화로 17,,-,-
전라북도 익산시 목천동,1376-1,1376,1,한스빌,26.5195,202110,6,"2,300",12,2001,목천로 30-14,,-,-
전라북도 익산시 목천동,1376-1,1376,1,한스빌,26.5195,202110,6,"1,900",15,2001,목천로 30-14,,-,-
전라북도 익산시 목천동,1376-1,1376,1,한스빌,26.5195,202110,26,"2,100",14,2001,목천로 30-14,,-,-
전라북도 익산시 목천동,1376-1,1376,1,한스빌,26.5195,202110,27,"2,300",13,2001,목천로 30-14,,-,-
전라북도 익산시 부송동,1038,1038,0,동신,75.33,202110,3,"14,300",13,1993,부송1로 83,,-,-
전라북도 익산시 부송동,1038,1038,0,동신,57.01,202110,5,"8,000",3,1993,부송1로 83,,-,-
전라북도 익산시 부송동,1038,1038,0,동신,57.01,202110,9,"8,100",1,1993,부송1로 83,,-,-
전라북도 익산시 부송동,1038,1038,0,동신,83.43,202110,18,"16,600",15,1993,부송1로 83,,-,-
전라북도 익산시 부송동,1038,1038,0,동신,57.01,202110,22,"7,600",2,1993,부송1로 83,,-,-
전라북도 익산시 부송동,231-4,231,4,동아,99.954,202110,5,"15,800",22,1997,무왕로26길 32,,-,-
전라북도 익산시 부송동,231-4,231,4,동아,59.98,202110,9,"9,200",3,1997,무왕로26길 32,,-,-
전라북도 익산시 부송동,231-4,231,4,동아,84.95,202110,10,"15,200",3,1997,무왕로26길 32,,-,-
전라북도 익산시 부송동,231-4,231,4,동아,44.37,202110,12,"6,550",2,1997,무왕로26길 32,,-,-
전라북도 익산시 부송동,231-4,231,4,동아,44.37,202110,12,"5,500",2,1997,무왕로26길 32,,-,-
전라북도 익산시 부송동,231-4,231,4,동아,44.37,202110,18,"5,800",8,1997,무왕로26길 32,,-,-
전라북도 익산시 부송동,231-4,231,4,동아,59.98,202110,20,"10,500",6,1997,무왕로26길 32,,-,-
전라북도 익산시 부송동,231-4,231,4,동아,44.37,202110,22,"6,750",3,1997,무왕로26길 32,,-,-
전라북도 익산시 부송동,231-4,231,4,동아,32.928,202110,30,"4,000",2,1997,무왕로26길 32,,-,-
전라북도 익산시 부송동,231-26,231,26,동아(2),44.37,202110,7,"5,100",2,1997,무왕로26길 33,,-,-
전라북도 익산시 부송동,231-26,231,26,동아(2),44.37,202110,12,"5,500",6,1997,무왕로26길 33,,-,-
전라북도 익산시 부송동,231-26,231,26,동아(2),59.98,202110,13,"9,800",18,1997,무왕로26길 33,,-,-
전라북도 익산시 부송동,231-26,231,26,동아(2),59.98,202110,16,"10,500",12,1997,무왕로26길 33,,-,-
전라북도 익산시 부송동,231-26,231,26,동아(2),59.98,202110,21,"10,700",6,1997,무왕로26길 33,,-,-
전라북도 익산시 부송동,231-26,231,26,동아(2),44.37,202110,27,"6,300",4,1997,무왕로26길 33,,-,-
전라북도 익산시 부송동,231-26,231,26,동아(2),32.928,202110,28,"4,800",6,1997,무왕로26길 33,,-,-
전라북도 익산시 부송동,231-26,231,26,동아(2),44.37,202110,29,"6,430",13,1997,무왕로26길 33,,-,-
전라북도 익산시 부송동,669,669,0,리젠시빌,84.3979,202110,11,"26,000",3,2004,무왕로21길 64,,-,-
전라북도 익산시 부송동,669,669,0,리젠시빌,131.1142,202110,12,"35,700",12,2004,무왕로21길 64,,-,-
전라북도 익산시 부송동,669,669,0,리젠시빌,84.3979,202110,15,"24,800",1,2004,무왕로21길 64,,-,-
전라북도 익산시 부송동,216-6,216,6,부송동오투그란데,107.4337,202110,2,"31,500",3,2007,선화로73길 38,,-,-
전라북도 익산시 부송동,1120,1120,0,부송동제일(5차),84.8211,202110,13,"22,400",6,2001,무왕로25길 12,,-,-
전라북도 익산시 부송동,1120,1120,0,부송동제일(5차),84.8211,202110,30,"20,300",2,2001,무왕로25길 12,,-,-
전라북도 익산시 부송동,216-2,216,2,부송우남,59.96,202110,3,"8,850",8,1995,무왕로26길 11-5,,-,-
전라북도 익산시 부송동,216-2,216,2,부송우남,49.77,202110,14,"6,950",8,1995,무왕로26길 11-5,,-,-
전라북도 익산시 부송동,216-2,216,2,부송우남,108.64,202110,19,"18,300",12,1995,무왕로26길 11-5,,-,-
전라북도 익산시 부송동,1198,1198,0,부송주공9단지,59.92,202110,20,"16,500",5,2003,궁동로 129,,-,-
전라북도 익산시 부송동,1198,1198,0,부송주공9단지,51.74,202110,26,"13,400",9,2003,궁동로 129,,-,-
전라북도 익산시 부송동,1108,1108,0,부영(5차),48.938,202110,5,"10,000",8,2001,하나로10길 97,,-,-
전라북도 익산시 부송동,1108,1108,0,부영(5차),59.273,202110,6,"16,500",10,2001,하나로10길 97,,-,-
전라북도 익산시 부송동,1108,1108,0,부영(5차),48.938,202110,11,"9,600",3,2001,하나로10길 97,,-,-
전라북도 익산시 부송동,1108,1108,0,부영(5차),48.938,202110,20,"9,900",6,2001,하나로10길 97,,-,-
전라북도 익산시 부송동,1108,1108,0,부영(5차),59.273,202110,21,"14,900",4,2001,하나로10길 97,,-,-
전라북도 익산시 부송동,1038-1,1038,1,삼성,59.76,202110,1,"10,900",12,1994,선화로69길 59,,-,-
전라북도 익산시 부송동,1038-1,1038,1,삼성,59.76,202110,5,"10,500",2,1994,선화로69길 59,,-,-
전라북도 익산시 부송동,1038-1,1038,1,삼성,59.76,202110,6,"10,000",11,1994,선화로69길 59,,-,-
전라북도 익산시 부송동,1075,1075,0,아름드리,58.74,202110,8,"6,000",6,1994,무왕로22길 27,,-,-
전라북도 익산시 부송동,1075,1075,0,아름드리,58.74,202110,27,"8,000",13,1994,무왕로22길 27,,-,-
전라북도 익산시 부송동,242-12,242,12,오페라하우스,142.1967,202110,2,"36,500",7,2004,선화로69길 42,,-,-
전라북도 익산시 부송동,1040-1,1040,1,우미,49.77,202110,2,"5,900",3,1992,선화로69길 45,,-,-
전라북도 익산시 부송동,1040-1,1040,1,우미,49.77,202110,10,"6,200",11,1992,선화로69길 45,,-,-
전라북도 익산시 부송동,1040-1,1040,1,우미,49.77,202110,22,"7,300",4,1992,선화로69길 45,,-,-
전라북도 익산시 부송동,1040-1,1040,1,우미,49.77,202110,25,"7,200",3,1992,선화로69길 45,,-,-
전라북도 익산시 부송동,1040,1040,0,푸른솔,59.85,202110,1,"7,800",7,1993,부송로 52,,-,-
전라북도 익산시 부송동,1040,1040,0,푸른솔,59.85,202110,9,"7,900",9,1993,부송로 52,,-,-
전라북도 익산시 부송동,1040,1040,0,푸른솔,49.95,202110,22,"6,800",10,1993,부송로 52,,-,-
전라북도 익산시 부송동,1040,1040,0,푸른솔,49.95,202110,22,"7,000",3,1993,부송로 52,,-,-
전라북도 익산시 부송동,1040,1040,0,푸른솔,49.95,202110,29,"7,800",8,1993,부송로 52,,-,-
전라북도 익산시 송학동,180-15,180,15,대한훼미리,63.09,202110,19,"6,500",3,1990,배산로2길 10,,-,-
전라북도 익산시 송학동,215,215,0,송학현대,84.99,202110,11,"15,500",10,1991,배산로 34-1,,-,-
전라북도 익산시 송학동,215,215,0,송학현대,73.41,202110,23,"12,500",10,1991,배산로 34-1,,-,-
전라북도 익산시 송학동,138-24,138,24,영무예다음,84.9465,202110,6,"20,500",14,2006,배산로2길 28,,-,-
전라북도 익산시 송학동,898,898,0,익산더샵,84.97,202110,4,"32,800",16,2014,학곤로20길 77,,-,-
전라북도 익산시 송학동,898,898,0,익산더샵,84.97,202110,8,"32,200",9,2014,학곤로20길 77,,-,-
전라북도 익산시 송학동,898,898,0,익산더샵,84.97,202110,19,"32,700",24,2014,학곤로20길 77,,-,-
전라북도 익산시 송학동,898,898,0,익산더샵,84.97,202110,24,"32,000",3,2014,학곤로20길 77,,-,-
전라북도 익산시 신동,620-3,620,3,신동동북,78.71,202110,31,"7,000",2,1989,동서로 179-14,,-,-
전라북도 익산시 신동,764-4,764,4,씨즈퍼스트,18.07,202110,6,"10,900",5,2013,익산대로68길 51,,-,-
전라북도 익산시 신동,861,861,0,익산금호어울림,124.8965,202110,2,"41,000",8,2014,인북로 334,,-,-
전라북도 익산시 신동,861,861,0,익산금호어울림,59.9391,202110,9,"25,000",16,2014,인북로 334,,-,-
전라북도 익산시 신동,861,861,0,익산금호어울림,41.2889,202110,10,"17,000",15,2014,인북로 334,,-,-
전라북도 익산시 신동,861,861,0,익산금호어울림,84.9553,202110,11,"32,700",9,2014,인북로 334,,-,-
전라북도 익산시 신동,142-111,142,111,청솔,59.94,202110,14,"9,600",4,1988,신동로 142,,-,-
전라북도 익산시 어양동,736,736,0,e편한세상어양,59.99,202110,1,"33,000",13,2015,동서로63길 25,,-,-
전라북도 익산시 어양동,736,736,0,e편한세상어양,84.99,202110,3,"46,300",9,2015,동서로63길 25,,-,-
전라북도 익산시 어양동,736,736,0,e편한세상어양,115.23,202110,15,"62,300",21,2015,동서로63길 25,,-,-
전라북도 익산시 어양동,736,736,0,e편한세상어양,84.98,202110,19,"45,000",23,2015,동서로63길 25,,-,-
전라북도 익산시 어양동,736,736,0,e편한세상어양,59.99,202110,24,"33,700",14,2015,동서로63길 25,,-,-
전라북도 익산시 어양동,736,736,0,e편한세상어양,59.99,202110,26,"33,150",10,2015,동서로63길 25,,-,-
전라북도 익산시 어양동,414,414,0,동도미소드림(414-0),84.9219,202110,11,"24,700",7,2005,하나로 498-21,,-,-
전라북도 익산시 어양동,418,418,0,동도미소드림(418-0),84.9219,202110,23,"27,500",3,2005,무왕로19길 65,,-,-
전라북도 익산시 어양동,652-1,652,1,부영1차,39.952,202110,1,"6,840",8,1998,무왕로20길 17,,-,-
전라북도 익산시 어양동,652-1,652,1,부영1차,49.8,202110,1,"10,000",8,1998,무왕로20길 17,,-,-
전라북도 익산시 어양동,652-1,652,1,부영1차,49.8,202110,4,"7,700",1,1998,무왕로20길 17,,-,-
전라북도 익산시 어양동,652-1,652,1,부영1차,39.952,202110,6,"6,500",5,1998,무왕로20길 17,,-,-
전라북도 익산시 어양동,652-1,652,1,부영1차,49.8,202110,6,"8,500",5,1998,무왕로20길 17,,-,-
전라북도 익산시 어양동,652-1,652,1,부영1차,39.952,202110,8,"5,950",2,1998,무왕로20길 17,,-,-
전라북도 익산시 어양동,652-1,652,1,부영1차,39.952,202110,15,"6,400",3,1998,무왕로20길 17,,-,-
전라북도 익산시 어양동,652-1,652,1,부영1차,49.8,202110,21,"9,900",6,1998,무왕로20길 17,,-,-
전라북도 익산시 어양동,652-1,652,1,부영1차,49.8,202110,22,"10,500",9,1998,무왕로20길 17,,-,-
전라북도 익산시 어양동,652-1,652,1,부영1차,39.952,202110,30,"6,900",6,1998,무왕로20길 17,,-,-
전라북도 익산시 어양동,653-1,653,1,부영2차,49.8,202110,1,"7,700",2,1998,동서로61길 34,,-,-
전라북도 익산시 어양동,653-1,653,1,부영2차,49.8,202110,1,"9,500",3,1998,동서로61길 34,,-,-
전라북도 익산시 어양동,653-1,653,1,부영2차,49.8,202110,1,"7,900",9,1998,동서로61길 34,,-,-
전라북도 익산시 어양동,653-1,653,1,부영2차,49.8,202110,4,"7,700",1,1998,동서로61길 34,,-,-
전라북도 익산시 어양동,653-1,653,1,부영2차,49.8,202110,19,"8,400",6,1998,동서로61길 34,,-,-
전라북도 익산시 어양동,653-1,653,1,부영2차,49.8,202110,19,"8,800",14,1998,동서로61길 34,,-,-
전라북도 익산시 어양동,653-1,653,1,부영2차,49.8,202110,20,"9,300",5,1998,동서로61길 34,,-,-
전라북도 익산시 어양동,653-1,653,1,부영2차,39.952,202110,27,"6,400",2,1998,동서로61길 34,,-,-
전라북도 익산시 어양동,653-1,653,1,부영2차,39.952,202110,28,"7,300",4,1998,동서로61길 34,,-,-
전라북도 익산시 어양동,653-1,653,1,부영2차,39.952,202110,29,"6,500",8,1998,동서로61길 34,,-,-
전라북도 익산시 어양동,606-1,606,1,쌍용,49.31,202110,8,"12,200",5,1988,하나로 357,20211027,-,-
전라북도 익산시 어양동,606-1,606,1,쌍용,49.31,202110,8,"12,200",5,1988,하나로 357,,-,-
전라북도 익산시 어양동,606-1,606,1,쌍용,38.89,202110,23,"10,000",4,1988,하나로 357,,-,-
전라북도 익산시 어양동,606-1,606,1,쌍용,49.92,202110,29,"11,400",2,1988,하나로 357,,-,-
전라북도 익산시 어양동,84,84,0,어양우미,60,202110,6,"8,900",2,1996,무왕로22길 43,,-,-
전라북도 익산시 어양동,742,742,0,어양제일오투그란데에버아파트,84.66,202110,5,"30,700",8,2018,하나로12길 17,,-,-
전라북도 익산시 어양동,621,621,0,어양주공4단지5단지,59.99,202110,5,"11,900",16,1998,부송1로 17,,-,-
전라북도 익산시 어양동,621,621,0,어양주공4단지5단지,59.99,202110,16,"12,700",9,1998,부송1로 17,,-,-
전라북도 익산시 어양동,621,621,0,어양주공4단지5단지,59.99,202110,20,"12,100",14,1998,부송1로 17,,-,-
전라북도 익산시 어양동,728,728,0,엘드수목토,84.9687,202110,8,"29,200",1,2008,무왕로19길 18,,-,-
전라북도 익산시 어양동,728,728,0,엘드수목토,84.9687,202110,13,"31,900",13,2008,무왕로19길 18,,-,-
전라북도 익산시 어양동,709,709,0,익산자이,130.1109,202110,30,"46,800",6,2006,동서로 509,,-,-
전라북도 익산시 어양동,695,695,0,주공6단지,49.85,202110,8,"10,500",6,2000,무왕로19길 11,,-,-
전라북도 익산시 어양동,695,695,0,주공6단지,49.85,202110,9,"10,900",14,2000,무왕로19길 11,,-,-
전라북도 익산시 어양동,695,695,0,주공6단지,49.85,202110,9,"12,250",9,2000,무왕로19길 11,,-,-
전라북도 익산시 어양동,695,695,0,주공6단지,49.85,202110,9,"10,260",5,2000,무왕로19길 11,,-,-
전라북도 익산시 어양동,695,695,0,주공6단지,49.85,202110,10,"11,800",4,2000,무왕로19길 11,,-,-
전라북도 익산시 어양동,695,695,0,주공6단지,49.85,202110,11,"11,500",11,2000,무왕로19길 11,,-,-
전라북도 익산시 어양동,691,691,0,주공7단지,39.51,202110,1,"7,500",9,1999,하나로10길 25,,-,-
전라북도 익산시 어양동,691,691,0,주공7단지,49.85,202110,15,"9,500",11,1999,하나로10길 25,,-,-
전라북도 익산시 어양동,691,691,0,주공7단지,49.85,202110,21,"10,500",4,1999,하나로10길 25,,-,-
전라북도 익산시 어양동,691,691,0,주공7단지,39.51,202110,30,"7,500",7,1999,하나로10길 25,,-,-
전라북도 익산시 어양동,689,689,0,주공8차,59.92,202110,14,"17,200",14,2003,궁동로 109,,-,-
전라북도 익산시 어양동,493-7,493,7,현대,84.945,202110,20,"18,400",7,1990,무왕로20길 33,,-,-
전라북도 익산시 영등동,147,147,0,골든캐슬,145.2659,202110,23,"48,000",8,2005,약촌로 268,,-,-
전라북도 익산시 영등동,682,682,0,동신,59.85,202110,3,"11,800",14,1992,약촌로 228,,-,-
전라북도 익산시 영등동,682,682,0,동신,59.85,202110,3,"11,800",14,1992,약촌로 228,20211022,-,-
전라북도 익산시 영등동,682,682,0,동신,59.85,202110,7,"11,700",11,1992,약촌로 228,,-,-
전라북도 익산시 영등동,682,682,0,동신,75.89,202110,9,"17,500",13,1992,약촌로 228,,-,-
전라북도 익산시 영등동,682,682,0,동신,59.85,202110,15,"12,000",10,1992,약촌로 228,,-,-
전라북도 익산시 영등동,682,682,0,동신,75.89,202110,18,"15,400",15,1992,약촌로 228,,-,-
전라북도 익산시 영등동,682,682,0,동신,84.96,202110,27,"18,400",2,1992,약촌로 228,,-,-
전라북도 익산시 영등동,682,682,0,동신,59.85,202110,30,"10,900",6,1992,약촌로 228,,-,-
전라북도 익산시 영등동,255,255,0,라인,59.93,202110,19,"11,000",13,1994,고봉로16길 11,,-,-
전라북도 익산시 영등동,254-50,254,50,라인2,59.94,202110,21,"9,800",7,1995,고봉로16길 12,,-,-
전라북도 익산시 영등동,815,815,0,부영3차,49.8,202110,1,"10,200",11,1998,하나로 483-60,,-,-
전라북도 익산시 영등동,815,815,0,부영3차,49.8,202110,2,"9,000",3,1998,하나로 483-60,,-,-
전라북도 익산시 영등동,815,815,0,부영3차,49.8,202110,7,"8,500",10,1998,하나로 483-60,,-,-
전라북도 익산시 영등동,815,815,0,부영3차,49.8,202110,8,"9,800",12,1998,하나로 483-60,,-,-
전라북도 익산시 영등동,815,815,0,부영3차,49.8,202110,19,"9,800",10,1998,하나로 483-60,,-,-
전라북도 익산시 영등동,815,815,0,부영3차,49.8,202110,19,"9,900",10,1998,하나로 483-60,,-,-
전라북도 익산시 영등동,815,815,0,부영3차,49.8,202110,20,"10,000",13,1998,하나로 483-60,,-,-
전라북도 익산시 영등동,815,815,0,부영3차,49.8,202110,20,"11,500",3,1998,하나로 483-60,,-,-
전라북도 익산시 영등동,815,815,0,부영3차,49.8,202110,29,"9,800",7,1998,하나로 483-60,,-,-
전라북도 익산시 영등동,815,815,0,부영3차,49.8,202110,30,"10,800",10,1998,하나로 483-60,,-,-
전라북도 익산시 영등동,815,815,0,부영3차,59.76,202110,30,"13,200",10,1998,하나로 483-60,,-,-
전라북도 익산시 영등동,815,815,0,부영3차,49.8,202110,30,"11,000",9,1998,하나로 483-60,,-,-
전라북도 익산시 영등동,771-2,771,2,비사벌,59.92,202110,11,"15,500",12,1995,고봉로30길 51,,-,-
전라북도 익산시 영등동,249,249,0,삼성,59.85,202110,5,"6,500",10,1994,선화로61길 11,,-,-
전라북도 익산시 영등동,249,249,0,삼성,59.85,202110,25,"6,550",8,1994,선화로61길 11,,-,-
전라북도 익산시 영등동,252-9,252,9,삼성청복타운,53.13,202110,6,"6,000",9,1998,고봉로16길 22,,-,-
전라북도 익산시 영등동,252-9,252,9,삼성청복타운,53.13,202110,8,"5,300",6,1998,고봉로16길 22,,-,-
전라북도 익산시 영등동,252-9,252,9,삼성청복타운,53.13,202110,27,"4,400",4,1998,고봉로16길 22,,-,-
전라북도 익산시 영등동,256-8,256,8,수정,58.86,202110,4,"4,700",1,1985,보석로3길 11,,-,-
전라북도 익산시 영등동,714-1,714,1,신일,84.88,202110,2,"16,300",15,1992,약촌로 202,,-,-
전라북도 익산시 영등동,714-1,714,1,신일,84.88,202110,21,"17,600",4,1992,약촌로 202,,-,-
전라북도 익산시 영등동,714-1,714,1,신일,84.94,202110,25,"16,600",2,1992,약촌로 202,,-,-
전라북도 익산시 영등동,530-1,530,1,영등1,49.22,202110,11,"14,700",2,1984,동서로 300,,-,-
전라북도 익산시 영등동,255-6,255,6,영등2,47.01,202110,4,"8,500",4,1988,동서로 326-9,,-,-
전라북도 익산시 영등동,255-6,255,6,영등2,46.68,202110,7,"8,950",3,1988,동서로 326-9,,-,-
전라북도 익산시 영등동,255-6,255,6,영등2,39.63,202110,15,"9,000",4,1988,동서로 326-9,,-,-
전라북도 익산시 영등동,255-6,255,6,영등2,39.63,202110,15,"9,300",1,1988,동서로 326-9,,-,-
전라북도 익산시 영등동,255-6,255,6,영등2,47.01,202110,15,"9,500",5,1988,동서로 326-9,,-,-
전라북도 익산시 영등동,255-6,255,6,영등2,46.68,202110,28,"9,000",4,1988,동서로 326-9,,-,-
전라북도 익산시 영등동,772,772,0,영등우남,59.96,202110,6,"12,700",8,1996,무왕로16길 29,,-,-
전라북도 익산시 영등동,772,772,0,영등우남,59.96,202110,6,"14,900",2,1996,무왕로16길 29,,-,-
전라북도 익산시 영등동,772,772,0,영등우남,59.96,202110,7,"13,900",8,1996,무왕로16길 29,,-,-
전라북도 익산시 영등동,822,822,0,우남그랜드타운,59.76,202110,7,"15,500",4,1999,하나로13길 26,20211022,-,-
전라북도 익산시 영등동,822,822,0,우남그랜드타운,84.9,202110,8,"23,300",10,1999,하나로13길 26,,-,-
전라북도 익산시 영등동,822,822,0,우남그랜드타운,59.76,202110,8,"14,000",4,1999,하나로13길 26,,-,-
전라북도 익산시 영등동,822,822,0,우남그랜드타운,59.76,202110,9,"16,800",3,1999,하나로13길 26,,-,-
전라북도 익산시 영등동,822,822,0,우남그랜드타운,59.76,202110,14,"16,000",13,1999,하나로13길 26,,-,-
전라북도 익산시 영등동,822,822,0,우남그랜드타운,59.76,202110,15,"15,300",2,1999,하나로13길 26,,-,-
전라북도 익산시 영등동,822,822,0,우남그랜드타운,59.76,202110,16,"16,800",11,1999,하나로13길 26,,-,-
전라북도 익산시 영등동,822,822,0,우남그랜드타운,59.76,202110,22,"15,500",4,1999,하나로13길 26,,-,-
전라북도 익산시 영등동,822,822,0,우남그랜드타운,59.76,202110,25,"15,000",8,1999,하나로13길 26,,-,-
전라북도 익산시 영등동,800,800,0,우남샘물타운,49.68,202110,5,"10,500",6,1997,고봉로34길 5-2,,-,-
전라북도 익산시 영등동,800,800,0,우남샘물타운,39.15,202110,18,"7,950",5,1997,고봉로34길 5-2,,-,-
전라북도 익산시 영등동,800,800,0,우남샘물타운,59.985,202110,29,"15,300",10,1997,고봉로34길 5-2,,-,-
전라북도 익산시 영등동,771-3,771,3,우미,59.94,202110,15,"15,000",6,1994,무왕로16길 26,,-,-
전라북도 익산시 영등동,771-3,771,3,우미,59.94,202110,27,"16,000",14,1994,무왕로16길 26,,-,-
전라북도 익산시 영등동,768-1,768,1,제일1차,84.92,202110,5,"18,400",5,1995,고봉로30길 13,,-,-
전라북도 익산시 영등동,768-1,768,1,제일1차,59.99,202110,9,"15,000",1,1995,고봉로30길 13,,-,-
전라북도 익산시 영등동,768-1,768,1,제일1차,59.99,202110,18,"15,250",1,1995,고봉로30길 13,,-,-
전라북도 익산시 영등동,768-1,768,1,제일1차,84.92,202110,25,"21,500",4,1995,고봉로30길 13,,-,-
전라북도 익산시 영등동,768-1,768,1,제일1차,59.99,202110,26,"15,000",2,1995,고봉로30길 13,,-,-
전라북도 익산시 영등동,821,821,0,제일3,59.77,202110,9,"14,700",1,1998,고봉로34길 35,,-,-
전라북도 익산시 영등동,821,821,0,제일3,84.9,202110,19,"20,500",1,1998,고봉로34길 35,,-,-
전라북도 익산시 영등동,821,821,0,제일3,84.9,202110,20,"23,000",15,1998,고봉로34길 35,,-,-
전라북도 익산시 영등동,821,821,0,제일3,84.9,202110,28,"25,300",10,1998,고봉로34길 35,,-,-
전라북도 익산시 영등동,821,821,0,제일3,59.77,202110,30,"17,500",12,1998,고봉로34길 35,,-,-
전라북도 익산시 영등동,763,763,0,제일3차(2차2단지),113.17,202110,1,"25,700",1,1997,고봉로24길 18,,-,-
전라북도 익산시 영등동,763,763,0,제일3차(2차2단지),134.76,202110,25,"35,000",6,1997,고봉로24길 18,,-,-
전라북도 익산시 영등동,810,810,0,제일4차,59.77,202110,2,"16,000",15,1999,무왕로9길 60,,-,-
전라북도 익산시 영등동,810,810,0,제일4차,59.77,202110,3,"15,600",3,1999,무왕로9길 60,,-,-
전라북도 익산시 영등동,810,810,0,제일4차,59.77,202110,3,"15,650",15,1999,무왕로9길 60,,-,-
전라북도 익산시 영등동,810,810,0,제일4차,59.77,202110,14,"14,900",4,1999,무왕로9길 60,,-,-
전라북도 익산시 영등동,810,810,0,제일4차,59.77,202110,23,"16,700",10,1999,무왕로9길 60,,-,-
전라북도 익산시 영등동,810,810,0,제일4차,59.77,202110,29,"16,200",13,1999,무왕로9길 60,,-,-
전라북도 익산시 영등동,529-2,529,2,현대,71.29,202110,15,"8,900",11,1989,선화로47길 82,,-,-
전라북도 익산시 영등동,529-2,529,2,현대,84.7,202110,15,"13,400",8,1989,선화로47길 82,,-,-
전라북도 익산시 영등동,529-2,529,2,현대,71.29,202110,21,"8,400",1,1989,선화로47길 82,,-,-
전라북도 익산시 인화동1가,77,77,0,청원,82.38,202110,18,"8,500",2,1989,인북로 53-5,,-,-
전라북도 익산시 주현동,202,202,0,쌍방울한양,84.552,202110,6,"12,100",12,1990,주현로 40,,-,-
전라북도 익산시 주현동,202,202,0,쌍방울한양,81.42,202110,7,"11,000",2,1990,주현로 40,,-,-
전라북도 익산시 주현동,202,202,0,쌍방울한양,84.552,202110,22,"12,300",12,1990,주현로 40,,-,-
전라북도 익산시 창인동2가,1-112,1,112,창인,57.426,202110,5,"17,100",1,1979,익산대로 181,,-,-
전라북도 익산시 창인동2가,1-112,1,112,창인,57.426,202110,6,"17,400",4,1979,익산대로 181,,-,-
전라북도 익산시 창인동2가,1-112,1,112,창인,57.426,202110,9,"17,500",1,1979,고현로14길 56,,-,-
전라북도 익산시 팔봉동,304,304,0,기안파인골드빌1차,69.77,202110,4,"10,200",2,2002,무왕로32길 85,,-,-
전라북도 익산시 팔봉동,304,304,0,기안파인골드빌1차,84.32,202110,9,"12,300",6,2002,무왕로32길 85,,-,-
전라북도 익산시 팔봉동,304,304,0,기안파인골드빌1차,84.32,202110,14,"12,200",6,2002,무왕로32길 85,,-,-
전라북도 익산시 팔봉동,304,304,0,기안파인골드빌1차,84.32,202110,23,"12,200",2,2002,무왕로32길 85,,-,-
전라북도 익산시 팔봉동,313,313,0,기안파인골드빌2차,84.91,202110,5,"16,500",6,2005,무왕로32길 80,,-,-
전라북도 익산시 팔봉동,313,313,0,기안파인골드빌2차,84.94,202110,16,"15,600",4,2005,무왕로32길 80,,-,-
전라북도 익산시 팔봉동,313,313,0,기안파인골드빌2차,84.91,202110,25,"16,000",11,2005,무왕로32길 80,,-,-
전라북도 익산시 평화동,370,370,0,제일1차,84.8211,202110,5,"15,000",9,2002,번영로8길 223,,-,-
전라북도 익산시 평화동,370,370,0,제일1차,84.8211,202110,7,"13,300",1,2002,번영로8길 223,,-,-
전라북도 익산시 평화동,370,370,0,제일1차,84.8211,202110,12,"15,000",7,2002,번영로8길 223,,-,-
전라북도 익산시 평화동,370,370,0,제일1차,84.8211,202110,25,"15,370",3,2002,번영로8길 223,,-,-
전라북도 익산시 평화동,382,382,0,클래시움,59.878,202110,16,"14,100",12,2006,평동로 530-7,,-,-
전라북도 익산시 평화동,382,382,0,클래시움,84.891,202110,27,"15,800",1,2006,평동로 530-7,,-,-
전라북도 익산시 평화동,382,382,0,클래시움,84.891,202110,30,"16,900",14,2006,평동로 530-7,,-,-
전라북도 익산시 평화동,125-1,125,1,평화맨션,83.94,202110,22,"6,650",3,1992,평동로 583,,-,-
전라북도 익산시 함열읍 와리,308-8,308,8,신일파크맨션,69.48,202110,14,"5,750",3,1990,함열6길 49,,-,-
전라북도 익산시 함열읍 와리,308-8,308,8,신일파크맨션,69.48,202110,15,"4,000",4,1990,함열6길 49,,-,-
전라북도 익산시 함열읍 와리,163,163,0,함열제일,84.9783,202110,4,"13,100",15,2003,함열5길 19-21,,-,-
전라북도 익산시 황등면 율촌리,522-50,522,50,황등,36.8,202110,20,"1,780",5,1993,익산대로 1220,,-,-
전라북도 익산시 황등면 황등리,1043-2,1043,2,해담,39.96,202110,3,"3,950",7,1999,황등3길 15,,-,-
전라북도 익산시 황등면 황등리,1043-2,1043,2,해담,49.68,202110,7,"4,800",6,1999,황등3길 15,,-,-
전라북도 익산시 황등면 황등리,1043-2,1043,2,해담,49.68,202110,7,"4,600",1,1999,황등3길 15,,-,-
전라북도 익산시 황등면 황등리,1043-2,1043,2,해담,39.96,202110,27,"3,700",8,1999,황등3길 15,,-,-
전라북도 임실군 오수면 오수리,351-8,351,8,오수효성상가프라자,84.93,202110,9,"8,500",10,1995,오수7길 50,,-,-
전라북도 임실군 오수면 오수리,351-8,351,8,오수효성상가프라자,83.13,202110,21,"8,000",4,1995,오수7길 50,,-,-
전라북도 임실군 임실읍 이도리,272,272,0,신우,59.4,202110,18,"4,800",1,2010,운수로 33-22,,-,-
전라북도 장수군 장수읍 노하리,377-1,377,1,장수신천,59.94,202110,19,"7,100",3,1991,신천로 63,,-,-
전라북도 장수군 장수읍 노하리,1283,1283,0,장수타워팰리스,71.5277,202110,24,"16,500",15,2014,시장로 27-14,,-,-
전라북도 전주덕진구 고랑동,1224,1224,0,고랑동노블레스더센텀,59.9716,202110,2,"18,500",10,2016,여산로 253,,-,-
전라북도 전주덕진구 고랑동,1224,1224,0,고랑동노블레스더센텀,59.9552,202110,16,"17,000",2,2016,여산로 253,,-,-
전라북도 전주덕진구 고랑동,1224,1224,0,고랑동노블레스더센텀,59.9716,202110,21,"17,800",11,2016,여산로 253,,-,-
전라북도 전주덕진구 고랑동,820-9,820,9,명성,59.85,202110,5,"6,400",2,1998,쪽구름5길 5,,-,-
전라북도 전주덕진구 고랑동,820-9,820,9,명성,37.35,202110,7,"4,100",15,1998,쪽구름5길 5,,-,-
전라북도 전주덕진구 고랑동,820-9,820,9,명성,53.64,202110,16,"6,100",1,1998,쪽구름5길 5,,-,-
전라북도 전주덕진구 금암동,632-152,632,152,(동남)우정,55.08,202110,8,"8,200",4,1985,건지2길 13-16,,-,-
전라북도 전주덕진구 금암동,632-152,632,152,(동남)우정,54.72,202110,9,"7,550",4,1985,건지2길 13-16,,-,-
전라북도 전주덕진구 금암동,1564,1564,0,금암중앙하이츠,84.93,202110,11,"24,000",6,2007,거북바우3길 15,,-,-
전라북도 전주덕진구 금암동,1564,1564,0,금암중앙하이츠,84.93,202110,15,"26,900",8,2007,거북바우3길 15,,-,-
전라북도 전주덕진구 금암동,1564,1564,0,금암중앙하이츠,59.96,202110,29,"19,500",6,2007,거북바우3길 15,,-,-
전라북도 전주덕진구 금암동,1564,1564,0,금암중앙하이츠,59.96,202110,31,"16,700",7,2007,거북바우3길 15,,-,-
전라북도 전주덕진구 금암동,1599-6,1599,6,동남장미,84.24,202110,22,"5,900",5,1983,매봉5길 23,,-,-
전라북도 전주덕진구 금암동,1593-3,1593,3,융성,59.4,202110,16,"7,450",5,1985,건지로 7,,-,-
전라북도 전주덕진구 금암동,1640,1640,0,천년이지움,59.96,202110,13,"23,000",8,2018,권삼득로 186,,-,-
전라북도 전주덕진구 금암동,1640,1640,0,천년이지움,59.96,202110,16,"24,300",9,2018,권삼득로 186,,-,-
전라북도 전주덕진구 금암동,1640,1640,0,천년이지움,59.96,202110,21,"20,000",1,2018,권삼득로 186,,-,-
전라북도 전주덕진구 금암동,1640,1640,0,천년이지움,59.96,202110,22,"22,200",7,2018,권삼득로 186,,-,-
전라북도 전주덕진구 금암동,1639-1,1639,1,휴엔하임주상복합아파트,59.503,202110,4,"20,700",18,2016,태진로 125-30,,-,-
전라북도 전주덕진구 금암동,1639-1,1639,1,휴엔하임주상복합아파트,59.503,202110,7,"21,900",11,2016,태진로 125-30,,-,-
전라북도 전주덕진구 금암동,1639-1,1639,1,휴엔하임주상복합아파트,59.503,202110,13,"20,000",6,2016,태진로 125-30,,-,-
전라북도 전주덕진구 금암동,1639-1,1639,1,휴엔하임주상복합아파트,59.503,202110,23,"20,000",24,2016,태진로 125-30,,-,-
전라북도 전주덕진구 금암동,1639-1,1639,1,휴엔하임주상복합아파트,76.086,202110,29,"27,600",19,2016,태진로 125-30,,-,-
전라북도 전주덕진구 덕진동1가,1314-154,1314,154,거성,73.16,202110,13,"9,500",5,1982,덕진광장로 13,,-,-
전라북도 전주덕진구 덕진동1가,1314-154,1314,154,거성,83.13,202110,22,"8,000",5,1982,덕진광장로 13,,-,-
전라북도 전주덕진구 덕진동1가,450-2,450,2,명성강변,58.95,202110,15,"9,200",14,1997,가리내로 204,,-,-
전라북도 전주덕진구 덕진동1가,1314-133,1314,133,세원,69.135,202110,26,"9,700",3,1983,덕진연못1길 11,,-,-
전라북도 전주덕진구 덕진동2가,450-2,450,2,명성강변,58.95,202110,13,"9,400",4,1997,가리내로 204,,-,-
전라북도 전주덕진구 덕진동2가,696,696,0,영무예다음,59.9551,202110,20,"18,800",1,2009,가련산로 24,,-,-
전라북도 전주덕진구 덕진동2가,696,696,0,영무예다음,59.971,202110,22,"20,900",4,2009,가련산로 24,,-,-
전라북도 전주덕진구 덕진동2가,20,20,0,오성유토피아,84.24,202110,27,"10,000",1,1989,호반8길 15,,-,-
전라북도 전주덕진구 덕진동2가,727,727,0,전주덕진휴먼빌아파트,59.97,202110,9,"26,900",2,2016,하가로 10,,-,-
전라북도 전주덕진구 덕진동2가,727,727,0,전주덕진휴먼빌아파트,59.97,202110,10,"25,500",2,2016,하가로 10,,-,-
전라북도 전주덕진구 덕진동2가,697,697,0,전주하가휴먼빌,84.9983,202110,1,"30,500",1,2010,가리내로 216,,-,-
전라북도 전주덕진구 덕진동2가,697,697,0,전주하가휴먼빌,84.9983,202110,8,"34,200",10,2010,가리내로 216,,-,-
전라북도 전주덕진구 덕진동2가,683,683,0,하가더루벤스,84.929,202110,16,"36,000",3,2012,추탄로 63,,-,-
전라북도 전주덕진구 덕진동2가,683,683,0,하가더루벤스,84.933,202110,23,"36,500",8,2012,추탄로 63,,-,-
전라북도 전주덕진구 덕진동2가,683,683,0,하가더루벤스,84.991,202110,30,"37,900",9,2012,추탄로 63,,-,-
전라북도 전주덕진구 만성동,1367-1,1367,1,골드클래스,74.1214,202110,3,"50,000",2,2018,만성로 181,,-,-
전라북도 전주덕진구 만성동,1367-1,1367,1,골드클래스,74.1214,202110,9,"51,500",18,2018,만성로 181,,-,-
전라북도 전주덕진구 만성동,1367-1,1367,1,골드클래스,74.1214,202110,16,"49,800",4,2018,만성로 181,,-,-
전라북도 전주덕진구 만성동,1367-1,1367,1,골드클래스,74.1214,202110,16,"48,500",16,2018,만성로 181,,-,-
전라북도 전주덕진구 만성동,1290-2,1290,2,엘에이치퍼스트리움,59.96,202110,10,"39,900",12,2018,만성동로 16,,-,-
전라북도 전주덕진구 만성동,1290-2,1290,2,엘에이치퍼스트리움,59.96,202110,11,"37,600",8,2018,만성동로 16,,-,-
전라북도 전주덕진구 만성동,1290-2,1290,2,엘에이치퍼스트리움,59.96,202110,13,"38,000",5,2018,만성동로 16,,-,-
전라북도 전주덕진구 만성동,1289-4,1289,4,전주만성시티프라디움,84.9984,202110,15,"54,000",6,2019,만성동로 47,,-,-
전라북도 전주덕진구 만성동,1289-4,1289,4,전주만성시티프라디움,84.9984,202110,20,"50,500",1,2019,만성동로 47,,-,-
전라북도 전주덕진구 만성동,1290-1,1290,1,제일풍경채,84.9334,202110,1,"54,000",13,2018,만성동로 48,,-,-
전라북도 전주덕진구 만성동,1371-3,1371,3,중흥에스클래스더퍼스트,104.332,202110,7,"79,500",10,2018,만성로 150,,-,-
전라북도 전주덕진구 반월동,382,382,0,남양반월타운,59.88,202110,6,"7,500",3,1997,쪽구름로 123,,-,-
전라북도 전주덕진구 반월동,382,382,0,남양반월타운,59.88,202110,9,"10,000",17,1997,쪽구름로 123,,-,-
전라북도 전주덕진구 반월동,382,382,0,남양반월타운,59.88,202110,13,"7,700",2,1997,쪽구름로 123,,-,-
전라북도 전주덕진구 반월동,422-1,422,1,대창하이빌타운,28.71,202110,12,"3,350",7,1998,반월4길 15,,-,-
전라북도 전주덕진구 반월동,422-1,422,1,대창하이빌타운,28.71,202110,19,"2,000",8,1998,반월4길 15,,-,-
전라북도 전주덕진구 반월동,422-1,422,1,대창하이빌타운,28.71,202110,19,"2,800",9,1998,반월4길 15,,-,-
전라북도 전주덕진구 반월동,422-1,422,1,대창하이빌타운,28.71,202110,20,"2,950",6,1998,반월4길 15,,-,-
전라북도 전주덕진구 반월동,422-1,422,1,대창하이빌타운,28.71,202110,25,"2,600",8,1998,반월4길 15,,-,-
전라북도 전주덕진구 반월동,422-1,422,1,대창하이빌타운,28.71,202110,29,"2,550",3,1998,반월4길 15,,-,-
전라북도 전주덕진구 반월동,1242,1242,0,반월동광신프로그레스,50.1557,202110,13,"16,000",2,2020,반월로 26-1,,-,-
전라북도 전주덕진구 반월동,1241,1241,0,반월동세움펠리피아2차아파트,59.6962,202110,5,"23,800",12,2019,혁신로 727,,-,-
전라북도 전주덕진구 반월동,1241,1241,0,반월동세움펠리피아2차아파트,64.6216,202110,13,"27,000",22,2019,혁신로 727,,-,-
전라북도 전주덕진구 반월동,1241,1241,0,반월동세움펠리피아2차아파트,59.6962,202110,23,"19,000",24,2019,혁신로 727,,-,-
전라북도 전주덕진구 반월동,386-7,386,7,반월동한강,59.94,202110,9,"6,800",8,1995,쪽구름로 133,,-,-
전라북도 전주덕진구 반월동,374-4,374,4,삼오,59.98,202110,6,"8,000",7,1996,반월5길 8,,-,-
전라북도 전주덕진구 반월동,374-4,374,4,삼오,59.98,202110,14,"6,950",1,1996,반월5길 8,,-,-
전라북도 전주덕진구 반월동,374-4,374,4,삼오,84.54,202110,29,"12,000",18,1996,반월5길 8,,-,-
전라북도 전주덕진구 반월동,1231,1231,0,세움펠리피아,59.9349,202110,6,"17,500",15,2016,쪽구름2길 9,,-,-
전라북도 전주덕진구 반월동,1231,1231,0,세움펠리피아,59.9052,202110,8,"18,500",24,2016,쪽구름2길 9,,-,-
전라북도 전주덕진구 반월동,1230,1230,0,월드컵이지움,59.8796,202110,1,"17,200",14,2015,반월로 32,,-,-
전라북도 전주덕진구 반월동,1230,1230,0,월드컵이지움,59.8796,202110,30,"17,900",22,2015,반월로 32,,-,-
전라북도 전주덕진구 반월동,1232,1232,0,전주반월동남해오네뜨하이뷰,59.8307,202110,6,"18,500",15,2018,쪽구름로 111,,-,-
전라북도 전주덕진구 송천동1가,108,108,0,광진한솔,59.97,202110,16,"9,000",2,1994,솔내8길 25,,-,-
전라북도 전주덕진구 송천동1가,170,170,0,금정,55.26,202110,5,"3,300",1,1985,솔내2길 80,,-,-
전라북도 전주덕진구 송천동1가,170,170,0,금정,55.26,202110,9,"4,600",4,1985,솔내2길 80,,-,-
전라북도 전주덕진구 송천동1가,417-8,417,8,라이프3동,84.65,202110,23,"10,000",5,1991,송천2길 25,,-,-
전라북도 전주덕진구 송천동1가,873,873,0,벽산e-리버파크,84.9879,202110,12,"34,900",12,2013,송천3길 55,,-,-
전라북도 전주덕진구 송천동1가,873,873,0,벽산e-리버파크,84.9241,202110,20,"38,100",11,2013,송천3길 55,,-,-
전라북도 전주덕진구 송천동1가,464,464,0,비사벌(464),59.58,202110,12,"13,000",1,1987,송천2길 18,20211015,-,-
전라북도 전주덕진구 송천동1가,464,464,0,비사벌(464),59.58,202110,12,"13,000",1,1987,송천2길 18,,-,-
전라북도 전주덕진구 송천동1가,464,464,0,비사벌(464),59.58,202110,24,"12,400",4,1987,송천2길 18,,-,-
전라북도 전주덕진구 송천동1가,464,464,0,비사벌(464),57.96,202110,27,"13,000",5,1987,송천2길 18,,-,-
전라북도 전주덕진구 송천동1가,596-10,596,10,삼성,59.7,202110,13,"7,500",5,1991,송천로 109,,-,-
전라북도 전주덕진구 송천동1가,596-10,596,10,삼성,59.7,202110,14,"9,300",10,1991,송천로 109,,-,-
전라북도 전주덕진구 송천동1가,596-10,596,10,삼성,59.7,202110,30,"7,900",6,1991,송천로 109,,-,-
전라북도 전주덕진구 송천동1가,171-5,171,5,서호,59.95,202110,16,"6,000",1,1990,솔내2길 63,,-,-
전라북도 전주덕진구 송천동1가,337,337,0,서호(1차),84.5575,202110,2,"16,300",4,1992,송천로 31,,-,-
전라북도 전주덕진구 송천동1가,337,337,0,서호(1차),84.725,202110,2,"16,500",2,1992,송천로 31,,-,-
전라북도 전주덕진구 송천동1가,337,337,0,서호(1차),84.725,202110,8,"14,250",2,1992,송천로 31,,-,-
전라북도 전주덕진구 송천동1가,337,337,0,서호(1차),84.5575,202110,10,"17,400",6,1992,송천로 31,,-,-
전라북도 전주덕진구 송천동1가,329,329,0,서호2차,59.88,202110,1,"10,000",8,1995,송천로 43,,-,-
전라북도 전주덕진구 송천동1가,329,329,0,서호2차,59.88,202110,2,"12,300",8,1995,송천로 43,,-,-
전라북도 전주덕진구 송천동1가,329,329,0,서호2차,59.88,202110,2,"12,500",15,1995,송천로 43,,-,-
전라북도 전주덕진구 송천동1가,329,329,0,서호2차,59.88,202110,14,"9,800",1,1995,송천로 43,,-,-
전라북도 전주덕진구 송천동1가,543-2,543,2,성원무지개,59.94,202110,2,"12,000",2,1988,용소로 100,,-,-
전라북도 전주덕진구 송천동1가,543-2,543,2,성원무지개,59.94,202110,12,"13,100",1,1988,용소로 100,,-,-
전라북도 전주덕진구 송천동1가,543-2,543,2,성원무지개,59.94,202110,30,"11,000",5,1988,용소로 103,,-,-
전라북도 전주덕진구 송천동1가,879,879,0,송천KCC스위첸,84.913,202110,7,"49,700",12,2016,오송1길 37-17,,-,-
전라북도 전주덕진구 송천동1가,879,879,0,송천KCC스위첸,84.913,202110,25,"46,000",3,2016,오송1길 37-17,,-,-
전라북도 전주덕진구 송천동1가,292-7,292,7,송천동센트럴파크1단지,84.9279,202110,7,"33,500",19,2008,송천로 1,,-,-
전라북도 전주덕진구 송천동1가,292-7,292,7,송천동센트럴파크1단지,84.9279,202110,27,"33,000",10,2008,송천로 1,,-,-
전라북도 전주덕진구 송천동1가,117,117,0,송천동우림,59.835,202110,2,"13,500",13,1996,솔내9길 7,,-,-
전라북도 전주덕진구 송천동1가,117,117,0,송천동우림,84.855,202110,9,"20,900",3,1996,솔내9길 7,,-,-
전라북도 전주덕진구 송천동1가,117,117,0,송천동우림,59.835,202110,26,"13,900",14,1996,솔내9길 7,,-,-
전라북도 전주덕진구 송천동1가,101-3,101,3,송천신일,84.99,202110,1,"20,700",20,1993,솔내로 142,,-,-
전라북도 전주덕진구 송천동1가,101-3,101,3,송천신일,59.9,202110,2,"10,400",3,1993,솔내로 142,,-,-
전라북도 전주덕진구 송천동1가,101-3,101,3,송천신일,59.9,202110,2,"11,500",13,1993,솔내로 142,,-,-
전라북도 전주덕진구 송천동1가,870,870,0,송천아이파크5단지,126.5005,202110,7,"62,000",8,2009,오송로 45,,-,-
전라북도 전주덕진구 송천동1가,870,870,0,송천아이파크5단지,183.7927,202110,9,"61,000",4,2009,오송로 45,,-,-
전라북도 전주덕진구 송천동1가,870,870,0,송천아이파크5단지,154.0309,202110,11,"67,000",4,2009,오송로 45,,-,-
전라북도 전주덕진구 송천동1가,870,870,0,송천아이파크5단지,126.5005,202110,15,"52,800",2,2009,오송로 45,,-,-
전라북도 전주덕진구 송천동1가,871,871,0,송천아이파크6단지,101.8963,202110,16,"53,500",4,2009,오송로 47,,-,-
전라북도 전주덕진구 송천동1가,871,871,0,송천아이파크6단지,101.8963,202110,31,"50,000",3,2009,오송로 47,,-,-
전라북도 전주덕진구 송천동1가,806,806,0,송천자이,84.9896,202110,23,"34,000",6,2006,두간6길 10,,-,-
전라북도 전주덕진구 송천동1가,806,806,0,송천자이,84.9896,202110,23,"34,000",11,2006,두간6길 10,,-,-
전라북도 전주덕진구 송천동1가,12월 10일,12,10,송천진흥더블파크,84.9707,202110,12,"31,800",11,2008,천마산로 100,,-,-
전라북도 전주덕진구 송천동1가,12월 10일,12,10,송천진흥더블파크,84.9707,202110,16,"35,500",3,2008,천마산로 100,,-,-
전라북도 전주덕진구 송천동1가,12월 10일,12,10,송천진흥더블파크,84.9707,202110,17,"33,500",2,2008,천마산로 100,,-,-
전라북도 전주덕진구 송천동1가,395-16,395,16,송학,59.4,202110,6,"9,100",14,2002,솔내5길 5,,-,-
전라북도 전주덕진구 송천동1가,395-16,395,16,송학,102.294,202110,17,"17,500",9,2002,솔내5길 5,,-,-
전라북도 전주덕진구 송천동1가,123-12,123,12,영창드림맨션,84.9,202110,11,"18,450",7,1997,솔내6길 7,,-,-
전라북도 전주덕진구 송천동1가,123-12,123,12,영창드림맨션,84.9,202110,22,"21,000",15,1997,솔내6길 7,,-,-
전라북도 전주덕진구 송천동1가,123-12,123,12,영창드림맨션,59.82,202110,29,"12,000",11,1997,솔내6길 7,,-,-
전라북도 전주덕진구 송천동1가,626-3,626,3,용소마을제일,84.969,202110,12,"19,800",10,1999,송천3길 50,,-,-
전라북도 전주덕진구 송천동1가,626-3,626,3,용소마을제일,84.969,202110,12,"19,400",13,1999,송천3길 50,,-,-
전라북도 전주덕진구 송천동1가,805,805,0,케이제이라미안,102.8716,202110,13,"36,800",6,2006,두간6길 9,,-,-
전라북도 전주덕진구 송천동1가,805,805,0,케이제이라미안,102.8716,202110,13,"32,500",9,2006,두간6길 9,,-,-
전라북도 전주덕진구 송천동1가,805,805,0,케이제이라미안,102.8716,202110,14,"34,500",6,2006,두간6길 9,,-,-
전라북도 전주덕진구 송천동1가,805,805,0,케이제이라미안,102.8716,202110,16,"33,500",3,2006,두간6길 9,,-,-
전라북도 전주덕진구 송천동1가,605-4,605,4,한양,84.63,202110,15,"16,300",13,1993,가리내로 550,,-,-
전라북도 전주덕진구 송천동1가,605-4,605,4,한양,84.63,202110,25,"15,200",7,1993,가리내로 550,,-,-
전라북도 전주덕진구 송천동1가,107-17,107,17,현대(107-17),39.57,202110,16,"9,200",1,1989,오송1길 13-16,,-,-
전라북도 전주덕진구 송천동1가,141,141,0,현대(2차),84.96,202110,6,"24,000",4,1997,솔내로 124,,-,-
전라북도 전주덕진구 송천동1가,141,141,0,현대(2차),59.97,202110,22,"16,300",13,1997,솔내로 124,,-,-
전라북도 전주덕진구 송천동1가,141,141,0,현대(2차),84.96,202110,22,"23,600",4,1997,솔내로 124,,-,-
전라북도 전주덕진구 송천동2가,530-3,530,3,대명궁궐,59.49,202110,8,"8,000",7,1992,시천로 43,,-,-
전라북도 전주덕진구 송천동2가,530-3,530,3,대명궁궐,59.49,202110,9,"7,150",4,1992,시천로 43,,-,-
전라북도 전주덕진구 송천동2가,530-3,530,3,대명궁궐,59.49,202110,22,"9,250",13,1992,시천로 43,,-,-
전라북도 전주덕진구 송천동2가,561-1,561,1,롯데,47.82,202110,12,"12,000",2,1985,시천로 83,,-,-
전라북도 전주덕진구 송천동2가,561-1,561,1,롯데,54.09,202110,21,"9,000",4,1985,와룡2길 14,,-,-
전라북도 전주덕진구 송천동2가,561-1,561,1,롯데,47.82,202110,27,"10,000",1,1985,시천로 83,,-,-
전라북도 전주덕진구 송천동2가,193-3,193,3,산내들임대,34.2,202110,17,"5,000",8,2000,천마산로 11,,-,-
전라북도 전주덕진구 송천동2가,541-2,541,2,송천동1차쌍용,59.8,202110,29,"11,000",2,1997,와룡로 40,,-,-
전라북도 전주덕진구 송천동2가,1221,1221,0,송천시영,49.94,202110,1,"8,100",11,1994,와룡로 100,,-,-
전라북도 전주덕진구 송천동2가,1290,1290,0,송천신동아파밀리에,84.8772,202110,24,"32,300",7,2015,두간4길 14,,-,-
전라북도 전주덕진구 송천동2가,1268,1268,0,송천주공,59.99,202110,5,"18,000",9,1998,붓내3길 29,,-,-
전라북도 전주덕진구 송천동2가,1268,1268,0,송천주공,59.99,202110,5,"18,000",2,1998,붓내3길 29,,-,-
전라북도 전주덕진구 송천동2가,1268,1268,0,송천주공,59.99,202110,7,"19,500",14,1998,붓내3길 29,,-,-
전라북도 전주덕진구 송천동2가,1268,1268,0,송천주공,84.9,202110,7,"22,920",15,1998,붓내3길 29,,-,-
전라북도 전주덕진구 송천동2가,1268,1268,0,송천주공,59.99,202110,7,"19,000",9,1998,붓내3길 29,,-,-
전라북도 전주덕진구 송천동2가,1268,1268,0,송천주공,49.13,202110,8,"13,500",2,1998,붓내3길 29,,-,-
전라북도 전주덕진구 송천동2가,1268,1268,0,송천주공,59.99,202110,9,"16,650",1,1998,붓내3길 29,,-,-
전라북도 전주덕진구 송천동2가,1268,1268,0,송천주공,59.99,202110,12,"18,300",12,1998,붓내3길 29,,-,-
전라북도 전주덕진구 송천동2가,1268,1268,0,송천주공,59.99,202110,13,"19,900",13,1998,붓내3길 29,,-,-
전라북도 전주덕진구 송천동2가,1268,1268,0,송천주공,59.99,202110,14,"18,000",4,1998,붓내3길 29,,-,-
전라북도 전주덕진구 송천동2가,1268,1268,0,송천주공,59.84,202110,14,"16,700",5,1998,붓내3길 29,,-,-
전라북도 전주덕진구 송천동2가,1268,1268,0,송천주공,59.99,202110,21,"17,300",10,1998,붓내3길 29,,-,-
전라북도 전주덕진구 송천동2가,1268,1268,0,송천주공,59.99,202110,21,"17,800",5,1998,붓내3길 29,,-,-
전라북도 전주덕진구 송천동2가,1268,1268,0,송천주공,59.99,202110,25,"18,500",12,1998,붓내3길 29,,-,-
전라북도 전주덕진구 송천동2가,1268,1268,0,송천주공,59.99,202110,26,"14,900",1,1998,붓내3길 29,,-,-
전라북도 전주덕진구 송천동2가,197-2,197,2,신동비사벌,49.32,202110,5,"10,000",2,1989,붓내1길 9,,-,-
전라북도 전주덕진구 송천동2가,197-2,197,2,신동비사벌,39.96,202110,14,"9,500",3,1989,붓내1길 9,,-,-
전라북도 전주덕진구 송천동2가,197-2,197,2,신동비사벌,49.32,202110,27,"10,000",4,1989,붓내1길 9,,-,-
전라북도 전주덕진구 송천동2가,1298,1298,0,에코시티KCC스위첸,59.951,202110,2,"41,000",5,2019,세병로 184,,-,-
전라북도 전주덕진구 송천동2가,1298,1298,0,에코시티KCC스위첸,84.981,202110,8,"58,000",8,2019,세병로 184,,-,-
전라북도 전주덕진구 송천동2가,1298,1298,0,에코시티KCC스위첸,59.951,202110,13,"43,000",11,2019,세병로 184,,-,-
전라북도 전주덕진구 송천동2가,1298,1298,0,에코시티KCC스위첸,59.951,202110,15,"42,900",8,2019,세병로 184,,-,-
전라북도 전주덕진구 송천동2가,1298,1298,0,에코시티KCC스위첸,59.951,202110,18,"40,000",4,2019,세병로 184,,-,-
전라북도 전주덕진구 송천동2가,1298,1298,0,에코시티KCC스위첸,59.951,202110,21,"41,100",5,2019,세병로 184,,-,-
전라북도 전주덕진구 송천동2가,1338,1338,0,에코시티더샵,84.65,202110,7,"55,000",2,2018,세병로 42,,-,-
전라북도 전주덕진구 송천동2가,1338,1338,0,에코시티더샵,84.98,202110,10,"59,000",11,2018,세병로 42,,-,-
전라북도 전주덕진구 송천동2가,1306,1306,0,에코시티더샵2차,100.97,202110,2,"85,500",5,2018,세병로 175,,-,-
전라북도 전주덕진구 송천동2가,1306,1306,0,에코시티더샵2차,84.93,202110,16,"67,700",23,2018,세병로 175,,-,-
전라북도 전주덕진구 송천동2가,1304,1304,0,에코시티더샵3차,59.82,202110,2,"43,300",3,2019,세병로 136-1,,-,-
전라북도 전주덕진구 송천동2가,1304,1304,0,에코시티더샵3차,84.99,202110,4,"69,000",17,2019,세병로 136-1,,-,-
전라북도 전주덕진구 송천동2가,1304,1304,0,에코시티더샵3차,84.98,202110,7,"66,500",6,2019,세병로 136-1,,-,-
전라북도 전주덕진구 송천동2가,1304,1304,0,에코시티더샵3차,84.98,202110,8,"64,900",8,2019,세병로 136-1,,-,-
전라북도 전주덕진구 송천동2가,1304,1304,0,에코시티더샵3차,84.99,202110,16,"64,300",26,2019,세병로 136-1,,-,-
전라북도 전주덕진구 송천동2가,1300,1300,0,에코시티데시앙12블럭,84.9324,202110,9,"61,000",10,2019,백석로 145,,-,-
전라북도 전주덕진구 송천동2가,1343,1343,0,에코시티데시앙7블럭,84.9926,202110,1,"56,800",8,2019,세병로 112,,-,-
전라북도 전주덕진구 송천동2가,1343,1343,0,에코시티데시앙7블럭,84.9926,202110,4,"65,000",16,2019,세병로 112,,-,-
전라북도 전주덕진구 송천동2가,1343,1343,0,에코시티데시앙7블럭,59.9821,202110,22,"42,000",25,2019,세병로 112,,-,-
전라북도 전주덕진구 송천동2가,1308,1308,0,에코시티자이,84.9839,202110,14,"57,500",4,2017,세병로 111,,-,-
전라북도 전주덕진구 송천동2가,1308,1308,0,에코시티자이,84.9839,202110,21,"59,000",3,2017,세병로 111,,-,-
전라북도 전주덕진구 송천동2가,1307,1307,0,에코시티자이2차,84.7749,202110,14,"66,000",9,2018,세병로 131,,-,-
전라북도 전주덕진구 송천동2가,1280,1280,0,전주송천(2)주공11,59.57,202110,4,"19,500",12,2004,천마산로 33,,-,-
전라북도 전주덕진구 송천동2가,1280,1280,0,전주송천(2)주공11,59.57,202110,7,"18,000",4,2004,천마산로 33,,-,-
전라북도 전주덕진구 송천동2가,1280,1280,0,전주송천(2)주공11,59.57,202110,7,"15,500",1,2004,천마산로 33,,-,-
전라북도 전주덕진구 송천동2가,1280,1280,0,전주송천(2)주공11,59.57,202110,8,"19,700",13,2004,천마산로 33,,-,-
전라북도 전주덕진구 송천동2가,1280,1280,0,전주송천(2)주공11,59.57,202110,12,"19,900",4,2004,천마산로 33,,-,-
전라북도 전주덕진구 송천동2가,1280,1280,0,전주송천(2)주공11,59.57,202110,25,"19,900",9,2004,천마산로 33,,-,-
전라북도 전주덕진구 송천동2가,1280,1280,0,전주송천(2)주공11,51.88,202110,29,"17,500",13,2004,천마산로 33,,-,-
전라북도 전주덕진구 송천동2가,1287,1287,0,전주송천동한라비발디1단지,84.99,202110,2,"45,000",12,2013,천마산로 113,,-,-
전라북도 전주덕진구 송천동2가,1287,1287,0,전주송천동한라비발디1단지,84.99,202110,22,"39,000",2,2013,천마산로 113,,-,-
전라북도 전주덕진구 송천동2가,1288,1288,0,전주송천동한라비발디2단지,84.99,202110,3,"44,800",7,2013,천마산로 115,,-,-
전라북도 전주덕진구 송천동2가,1341,1341,0,전주에코시티휴먼빌아파트,84.9412,202110,5,"56,000",10,2019,세병로 74,,-,-
전라북도 전주덕진구 송천동2가,1341,1341,0,전주에코시티휴먼빌아파트,84.9399,202110,15,"59,500",28,2019,세병로 74,,-,-
전라북도 전주덕진구 송천동2가,1341,1341,0,전주에코시티휴먼빌아파트,84.9399,202110,23,"55,500",15,2019,세병로 74,,-,-
전라북도 전주덕진구 송천동2가,175-44,175,44,현대3차,84.97,202110,15,"27,000",12,1998,사근1길 11,,-,-
전라북도 전주덕진구 송천동2가,175-44,175,44,현대3차,59.97,202110,16,"18,300",6,1998,사근1길 11,,-,-
전라북도 전주덕진구 송천동2가,175-44,175,44,현대3차,59.97,202110,19,"18,500",12,1998,사근1길 11,,-,-
전라북도 전주덕진구 송천동2가,175-44,175,44,현대3차,134.7,202110,21,"40,000",10,1998,사근1길 11,,-,-
전라북도 전주덕진구 송천동2가,175-44,175,44,현대3차,84.97,202110,22,"26,000",1,1998,사근1길 11,,-,-
전라북도 전주덕진구 송천동2가,175-44,175,44,현대3차,59.97,202110,23,"18,000",11,1998,사근1길 11,,-,-
전라북도 전주덕진구 여의동,639-2,639,2,공영푸른솔,40.44,202110,2,"5,500",12,1993,기린대로 1018-7,,-,-
전라북도 전주덕진구 여의동,639-2,639,2,공영푸른솔,49.98,202110,15,"6,400",15,1993,기린대로 1018-7,,-,-
전라북도 전주덕진구 여의동,639-2,639,2,공영푸른솔,49.98,202110,17,"6,900",15,1993,기린대로 1018-7,,-,-
전라북도 전주덕진구 여의동,582-1,582,1,동국,84.87,202110,2,"17,400",11,1998,쪽구름로 53,,-,-
전라북도 전주덕진구 여의동,582-1,582,1,동국,84.87,202110,15,"17,300",10,1998,쪽구름로 53,,-,-
전라북도 전주덕진구 여의동,582-1,582,1,동국,59.74,202110,20,"11,800",16,1998,쪽구름로 53,,-,-
전라북도 전주덕진구 여의동,669,669,0,제일,84.9604,202110,3,"19,500",15,2003,쪽구름로 19,,-,-
전라북도 전주덕진구 여의동,669,669,0,제일,59.7356,202110,11,"13,000",10,2003,쪽구름로 19,,-,-
전라북도 전주덕진구 여의동,669,669,0,제일,84.9604,202110,22,"19,250",8,2003,쪽구름로 19,,-,-
전라북도 전주덕진구 여의동2가,459-3,459,3,대승(1),59.4,202110,5,"6,900",13,1996,58,,-,-
전라북도 전주덕진구 여의동2가,469-11,469,11,대승(2),59.4,202110,8,"6,400",8,1996,52,,-,-
전라북도 전주덕진구 여의동2가,469-11,469,11,대승(2),59.4,202110,12,"6,400",6,1996,52,,-,-
전라북도 전주덕진구 여의동2가,779,779,0,동산동골드클래스,84.6639,202110,5,"25,300",7,2015, 43-7,,-,-
전라북도 전주덕진구 여의동2가,779,779,0,동산동골드클래스,84.6639,202110,13,"24,300",2,2015, 43-7,,-,-
전라북도 전주덕진구 여의동2가,667-3,667,3,동산백우(667-3),59.07,202110,22,"4,500",2,1991,64,,-,-
전라북도 전주덕진구 여의동2가,667-8,667,8,동원맨션,84.92,202110,12,"5,000",6,1990,68,,-,-
전라북도 전주덕진구 여의동2가,658-290,658,290,미래시아102동,83.65235,202110,30,"21,000",2,2015, 46-5,,-,-
전라북도 전주덕진구 여의동2가,643,643,0,우신동산,59.55,202110,5,"5,200",4,1992, 54-68,,-,-
전라북도 전주덕진구 여의동2가,643,643,0,우신동산,59.55,202110,8,"5,300",8,1992, 54-68,,-,-
전라북도 전주덕진구 여의동2가,643,643,0,우신동산,59.55,202110,20,"6,400",5,1992, 54-68,,-,-
전라북도 전주덕진구 여의동2가,643,643,0,우신동산,59.55,202110,28,"6,400",10,1992, 54-68,,-,-
전라북도 전주덕진구 여의동2가,459-1,459,1,한강동산,59.55,202110,4,"6,700",10,1992,227,,-,-
전라북도 전주덕진구 여의동2가,459-1,459,1,한강동산,59.55,202110,5,"5,000",5,1992,227,,-,-
전라북도 전주덕진구 우아동2가,887,887,0,전주아중롯데(1차),84.69,202110,2,"17,000",5,1998,중상보로 10,,-,-
전라북도 전주덕진구 우아동2가,887,887,0,전주아중롯데(1차),84.69,202110,13,"17,150",2,1998,중상보로 10,,-,-
전라북도 전주덕진구 우아동2가,887,887,0,전주아중롯데(1차),84.69,202110,20,"17,000",14,1998,중상보로 10,,-,-
전라북도 전주덕진구 우아동2가,853-1,853,1,진버들마을대우2차,141.2323,202110,2,"29,900",6,1999,진버들5길 10,,-,-
전라북도 전주덕진구 우아동3가,456-3,456,3,기린2단지,45.75,202110,23,"4,500",3,1980,진버들1길 75,,-,-
전라북도 전주덕진구 우아동3가,285-8,285,8,럭키우아,84.905,202110,23,"13,200",10,1992,안덕원3길 10,,-,-
전라북도 전주덕진구 우아동3가,602-63,602,63,신동아3차,53.69,202110,2,"8,300",9,1995,호성로 18-12,,-,-
전라북도 전주덕진구 우아동3가,602-63,602,63,신동아3차,53.69,202110,2,"7,500",10,1995,호성로 18-12,,-,-
전라북도 전주덕진구 우아동3가,602-63,602,63,신동아3차,53.69,202110,31,"8,500",7,1995,호성로 18-12,,-,-
전라북도 전주덕진구 우아동3가,594-6,594,6,우성,57.84,202110,9,"10,900",3,1988,견훤로 497,,-,-
전라북도 전주덕진구 우아동3가,594-6,594,6,우성,57.84,202110,18,"13,000",1,1988,견훤로 497,,-,-
전라북도 전주덕진구 우아동3가,594-6,594,6,우성,57.84,202110,20,"12,550",3,1988,견훤로 497,,-,-
전라북도 전주덕진구 우아동3가,599,599,0,우신,57.84,202110,12,"11,600",3,1988,견훤로 495,,-,-
전라북도 전주덕진구 우아동3가,599,599,0,우신,57.84,202110,19,"12,000",4,1988,견훤로 495,,-,-
전라북도 전주덕진구 우아동3가,359,359,0,우정신세계,59.856,202110,1,"6,700",5,1995,동부대로 575,,-,-
전라북도 전주덕진구 우아동3가,359,359,0,우정신세계,59.856,202110,6,"7,500",12,1995,동부대로 575,,-,-
전라북도 전주덕진구 우아동3가,359,359,0,우정신세계,59.856,202110,8,"6,650",1,1995,동부대로 575,,-,-
전라북도 전주덕진구 우아동3가,762,762,0,이편한세상우아,84.849,202110,2,"42,700",1,2018,우아로 50,,-,-
전라북도 전주덕진구 우아동3가,762,762,0,이편한세상우아,74.861,202110,10,"38,000",4,2018,우아로 50,,-,-
전라북도 전주덕진구 우아동3가,762,762,0,이편한세상우아,74.861,202110,15,"40,000",1,2018,우아로 50,,-,-
전라북도 전주덕진구 우아동3가,762,762,0,이편한세상우아,74.861,202110,16,"35,000",15,2018,우아로 50,,-,-
전라북도 전주덕진구 우아동3가,762,762,0,이편한세상우아,59.895,202110,17,"34,850",9,2018,우아로 50,,-,-
전라북도 전주덕진구 우아동3가,412,412,0,진흥하이츠,59.9,202110,11,"8,300",10,1995,안덕원1길 30,,-,-
전라북도 전주덕진구 우아동3가,412,412,0,진흥하이츠,59.9,202110,14,"8,000",15,1995,안덕원1길 30,,-,-
전라북도 전주덕진구 우아동3가,412,412,0,진흥하이츠,59.82,202110,22,"9,700",11,1995,안덕원1길 30,,-,-
전라북도 전주덕진구 인후동1가,782,782,0,거성프라자,61.49,202110,20,"6,500",4,1991,팽나무4길 7,,-,-
전라북도 전주덕진구 인후동1가,782,782,0,거성프라자,47.61,202110,22,"6,000",8,1991,팽나무4길 7,,-,-
전라북도 전주덕진구 인후동1가,530-1,530,1,기린,57.4,202110,5,"5,500",4,1978,진버들1길 63,,-,-
전라북도 전주덕진구 인후동1가,530-1,530,1,기린,53,202110,13,"5,500",4,1978,진버들1길 63,,-,-
전라북도 전주덕진구 인후동1가,226-205,226,205,동진C동D동,76.5,202110,23,"5,800",5,1981,인후3길 40-24,,-,-
전라북도 전주덕진구 인후동1가,1033,1033,0,두산위브,122.13,202110,2,"38,000",18,2007,견훤로 333,,-,-
전라북도 전주덕진구 인후동1가,1033,1033,0,두산위브,122.11,202110,6,"36,000",6,2007,견훤로 333,,-,-
전라북도 전주덕진구 인후동1가,1033,1033,0,두산위브,84.87,202110,7,"30,000",16,2007,견훤로 333,,-,-
전라북도 전주덕진구 인후동1가,1033,1033,0,두산위브,84.87,202110,20,"29,500",16,2007,견훤로 333,,-,-
전라북도 전주덕진구 인후동1가,1033,1033,0,두산위브,59.62,202110,25,"22,500",6,2007,견훤로 333,,-,-
전라북도 전주덕진구 인후동1가,500-1,500,1,삼호,84.96,202110,9,"13,500",8,1990,안덕원로 311,,-,-
전라북도 전주덕진구 인후동1가,951-3,951,3,아중마을부영(3차),59.472,202110,2,"12,700",15,1999,아중로 180,,-,-
전라북도 전주덕진구 인후동1가,951-3,951,3,아중마을부영(3차),49.9514,202110,4,"9,500",2,1999,아중로 180,,-,-
전라북도 전주덕진구 인후동1가,951-3,951,3,아중마을부영(3차),59.472,202110,21,"12,700",8,1999,아중로 180,,-,-
전라북도 전주덕진구 인후동1가,951-3,951,3,아중마을부영(3차),49.9514,202110,25,"8,200",6,1999,아중로 180,,-,-
전라북도 전주덕진구 인후동1가,951-7,951,7,아중마을부영(5차),49.9514,202110,1,"12,000",4,1999,한배미로 33,,-,-
전라북도 전주덕진구 인후동1가,951-7,951,7,아중마을부영(5차),59.472,202110,2,"11,000",4,1999,한배미로 33,,-,-
전라북도 전주덕진구 인후동1가,951-7,951,7,아중마을부영(5차),49.9514,202110,2,"9,100",11,1999,한배미로 33,,-,-
전라북도 전주덕진구 인후동1가,951-7,951,7,아중마을부영(5차),59.472,202110,19,"12,800",8,1999,한배미로 33,,-,-
전라북도 전주덕진구 인후동1가,918-1,918,1,아중마을부영(6차),59.987,202110,6,"15,000",1,2003,무삼지로 10,20211014,-,-
전라북도 전주덕진구 인후동1가,918-1,918,1,아중마을부영(6차),59.987,202110,6,"15,000",1,2003,무삼지로 10,,-,-
전라북도 전주덕진구 인후동1가,918-1,918,1,아중마을부영(6차),84.8246,202110,19,"20,000",7,2003,무삼지로 10,,-,-
전라북도 전주덕진구 인후동1가,918-1,918,1,아중마을부영(6차),84.8246,202110,22,"21,500",4,2003,무삼지로 10,,-,-
전라북도 전주덕진구 인후동1가,918-1,918,1,아중마을부영(6차),84.8246,202110,27,"18,000",2,2003,무삼지로 10,,-,-
전라북도 전주덕진구 인후동1가,951-1,951,1,아중마을아남,79.55,202110,2,"15,600",8,1999,한배미로 5,,-,-
전라북도 전주덕진구 인후동1가,951-1,951,1,아중마을아남,84.92,202110,19,"17,000",9,1999,한배미로 5,,-,-
전라북도 전주덕진구 인후동1가,951-1,951,1,아중마을아남,84.92,202110,20,"14,500",2,1999,한배미로 5,,-,-
전라북도 전주덕진구 인후동1가,951-2,951,2,아중마을제일,59.6206,202110,1,"15,300",5,2000,아중로 170,,-,-
전라북도 전주덕진구 인후동1가,951-2,951,2,아중마을제일,59.6206,202110,1,"12,900",15,2000,아중로 170,,-,-
전라북도 전주덕진구 인후동1가,890-3,890,3,아중제일,84.915,202110,8,"17,000",12,1997,석소로 29,,-,-
전라북도 전주덕진구 인후동1가,890-3,890,3,아중제일,84.94,202110,15,"18,300",4,1997,석소로 29,,-,-
전라북도 전주덕진구 인후동1가,858-2,858,2,아중현대,134.59,202110,2,"29,800",7,1998,석소로 55,,-,-
전라북도 전주덕진구 인후동1가,858-2,858,2,아중현대,84.96,202110,4,"20,000",9,1998,석소로 55,,-,-
전라북도 전주덕진구 인후동1가,858-2,858,2,아중현대,134.59,202110,9,"28,500",2,1998,석소로 55,,-,-
전라북도 전주덕진구 인후동1가,858-2,858,2,아중현대,99.935,202110,13,"22,700",6,1998,석소로 55,,-,-
전라북도 전주덕진구 인후동1가,858-2,858,2,아중현대,84.96,202110,14,"20,800",1,1998,석소로 55,,-,-
전라북도 전주덕진구 인후동1가,458,458,0,안고을우성,58.8544,202110,1,"9,000",1,2001,진버들2길 14,,-,-
전라북도 전주덕진구 인후동1가,458,458,0,안고을우성,79.0288,202110,3,"17,300",15,2001,진버들2길 14,,-,-
전라북도 전주덕진구 인후동1가,458,458,0,안고을우성,79.0288,202110,5,"12,800",5,2001,진버들2길 14,,-,-
전라북도 전주덕진구 인후동1가,890-1,890,1,인후꿈마을부영(2차),49.83,202110,6,"11,400",7,1999,무삼지로 40,,-,-
전라북도 전주덕진구 인후동1가,890-1,890,1,인후꿈마을부영(2차),59.933,202110,13,"11,500",1,1999,무삼지로 40,,-,-
전라북도 전주덕진구 인후동1가,890-1,890,1,인후꿈마을부영(2차),59.933,202110,15,"14,700",10,1999,무삼지로 40,,-,-
전라북도 전주덕진구 인후동1가,890-1,890,1,인후꿈마을부영(2차),59.933,202110,18,"11,800",3,1999,무삼지로 40,,-,-
전라북도 전주덕진구 인후동1가,890-1,890,1,인후꿈마을부영(2차),59.933,202110,19,"13,250",10,1999,무삼지로 40,,-,-
전라북도 전주덕진구 인후동1가,890-1,890,1,인후꿈마을부영(2차),59.933,202110,27,"14,000",13,1999,무삼지로 40,,-,-
전라북도 전주덕진구 인후동1가,574,574,0,인후동선변(101동),84.4808,202110,15,"22,800",10,2004,심방죽로 16,,-,-
전라북도 전주덕진구 인후동1가,1029,1029,0,인후동한신휴플러스,114.805,202110,8,"42,800",16,2006,안덕원로 251,,-,-
전라북도 전주덕진구 인후동1가,1029,1029,0,인후동한신휴플러스,84.761,202110,15,"31,700",16,2006,안덕원로 251,,-,-
전라북도 전주덕진구 인후동1가,1029,1029,0,인후동한신휴플러스,157.903,202110,15,"54,000",5,2006,안덕원로 251,,-,-
전라북도 전주덕진구 인후동1가,541,541,0,인후송정써미트,119.1372,202110,3,"27,900",4,2008,안덕원로 325,,-,-
전라북도 전주덕진구 인후동1가,541,541,0,인후송정써미트,115.0066,202110,5,"26,500",1,2008,안덕원로 325,,-,-
전라북도 전주덕진구 인후동1가,541,541,0,인후송정써미트,84.5706,202110,7,"27,400",5,2008,안덕원로 325,,-,-
전라북도 전주덕진구 인후동1가,541,541,0,인후송정써미트,119.1372,202110,29,"26,700",3,2008,안덕원로 325,,-,-
전라북도 전주덕진구 인후동1가,1035,1035,0,전주인후휴먼시아,59.58,202110,2,"17,300",4,2008,팽나무2길 7,,-,-
전라북도 전주덕진구 인후동1가,1035,1035,0,전주인후휴먼시아,59.58,202110,8,"17,500",7,2008,팽나무2길 7,,-,-
전라북도 전주덕진구 인후동1가,1035,1035,0,전주인후휴먼시아,59.58,202110,20,"18,800",10,2008,팽나무2길 7,,-,-
전라북도 전주덕진구 인후동1가,802-1,802,1,진버들마을부영(1차),49.83,202110,5,"9,300",2,1999,진버들3길 10,,-,-
전라북도 전주덕진구 인후동1가,802-1,802,1,진버들마을부영(1차),49.83,202110,16,"9,900",8,1999,진버들3길 10,,-,-
전라북도 전주덕진구 인후동1가,802-1,802,1,진버들마을부영(1차),49.83,202110,17,"9,500",3,1999,진버들3길 10,,-,-
전라북도 전주덕진구 인후동1가,802-1,802,1,진버들마을부영(1차),49.83,202110,19,"10,400",15,1999,진버들3길 10,,-,-
전라북도 전주덕진구 인후동1가,780-2,780,2,하누리홈타운,84.14,202110,19,"14,400",8,2006,팽나무4길 21,,-,-
전라북도 전주덕진구 인후동1가,754,754,0,현대(1차),84.35,202110,8,"12,000",3,1989,안골3길 7,,-,-
전라북도 전주덕진구 인후동1가,754,754,0,현대(1차),84.35,202110,9,"14,300",3,1989,안골3길 7,,-,-
전라북도 전주덕진구 인후동1가,754,754,0,현대(1차),84.35,202110,18,"14,000",2,1989,안골3길 7,,-,-
전라북도 전주덕진구 인후동1가,751,751,0,현대(2차),84.49,202110,12,"14,300",3,1990,안골4길 15,,-,-
전라북도 전주덕진구 인후동2가,1561-1,1561,1,건지산이지움아파트,59.97,202110,1,"23,000",9,2016,백동2길 11,,-,-
전라북도 전주덕진구 인후동2가,1575-1,1575,1,성락콤비타운,84.96,202110,15,"14,700",7,1992,명주5길 11,,-,-
전라북도 전주덕진구 인후동2가,1614,1614,0,에버파크,73.267,202110,9,"23,500",6,2016,심방죽6길 8,,-,-
전라북도 전주덕진구 인후동2가,1614,1614,0,에버파크,63.922,202110,16,"20,700",5,2016,심방죽6길 8,,-,-
전라북도 전주덕진구 인후동2가,1566-1,1566,1,한양운남맨션,84.72,202110,15,"6,500",5,1988,백동5길 29,,-,-
전라북도 전주덕진구 장동,1082,1082,0,엘에이치이노팰리스,84.98,202110,1,"41,000",6,2013,틀못4길 33,,-,-
전라북도 전주덕진구 장동,1082,1082,0,엘에이치이노팰리스,84.98,202110,12,"38,500",13,2013,틀못4길 33,,-,-
전라북도 전주덕진구 장동,1082,1082,0,엘에이치이노팰리스,74.98,202110,29,"37,500",3,2013,틀못4길 33,,-,-
전라북도 전주덕진구 장동,1052-2,1052,2,장동에코르,84.86,202110,1,"16,500",4,2009,정암길 19,,-,-
전라북도 전주덕진구 장동,1052-2,1052,2,장동에코르,84.85,202110,6,"18,000",12,2009,정암길 19,,-,-
전라북도 전주덕진구 장동,1052-2,1052,2,장동에코르,84.86,202110,24,"18,900",9,2009,정암길 19,,-,-
전라북도 전주덕진구 장동,1063,1063,0,전북혁신우미린2단지,84.9904,202110,26,"58,000",16,2013,틀못4길 17,,-,-
전라북도 전주덕진구 장동,1064,1064,0,전주혁신중흥에스클래스,98.3716,202110,16,"69,000",1,2016,틀못3길 16,,-,-
전라북도 전주덕진구 장동,1074,1074,0,호반베르디움5단지,84.8281,202110,4,"61,000",10,2016,틀못1길 15,20211012,-,-
전라북도 전주덕진구 장동,1074,1074,0,호반베르디움5단지,84.8281,202110,12,"62,000",8,2016,틀못1길 15,,-,-
전라북도 전주덕진구 장동,1074,1074,0,호반베르디움5단지,84.8281,202110,12,"61,000",10,2016,틀못1길 15,,-,-
전라북도 전주덕진구 장동,1086,1086,0,호반베르디움더클래스,102.5648,202110,30,"70,000",11,2014,출판로 87,,-,-
전라북도 전주덕진구 중동,798,798,0,전북혁신우미린1단지,84.9599,202110,1,"50,500",6,2013,70,,-,-
전라북도 전주덕진구 중동,807,807,0,전북혁신호반건설더클래스2,101.9731,202110,16,"78,000",22,2014,100,,-,-
전라북도 전주덕진구 중동,789,789,0,호반베르디움,84.9396,202110,3,"56,000",9,2013,71,,-,-
전라북도 전주덕진구 중동,789,789,0,호반베르디움,84.9799,202110,6,"52,000",15,2013,71,,-,-
전라북도 전주덕진구 진북동,416,416,0,우성,59.78,202110,3,"10,600",17,1995,태진로 101,,-,-
전라북도 전주덕진구 진북동,416,416,0,우성,84.98,202110,5,"18,500",4,1995,태진로 101,20211105,-,-
전라북도 전주덕진구 진북동,416,416,0,우성,134.34,202110,13,"23,500",15,1995,태진로 101,,-,-
전라북도 전주덕진구 진북동,416,416,0,우성,59.78,202110,16,"11,800",10,1995,태진로 101,,-,-
전라북도 전주덕진구 진북동,416,416,0,우성,59.78,202110,16,"8,600",2,1995,태진로 101,,-,-
전라북도 전주덕진구 진북동,416,416,0,우성,165.51,202110,16,"22,500",4,1995,태진로 101,,-,-
전라북도 전주덕진구 진북동,416,416,0,우성,165.51,202110,16,"23,000",19,1995,태진로 101,,-,-
전라북도 전주덕진구 진북동,416,416,0,우성,84.98,202110,18,"19,200",15,1995,태진로 101,,-,-
전라북도 전주덕진구 진북동,416,416,0,우성,59.78,202110,20,"11,000",17,1995,태진로 101,,-,-
전라북도 전주덕진구 진북동,416,416,0,우성,187.99,202110,22,"19,950",2,1995,태진로 101,,-,-
전라북도 전주덕진구 진북동,416,416,0,우성,59.78,202110,25,"11,000",16,1995,태진로 101,,-,-
전라북도 전주덕진구 팔복동1가,146-3,146,3,동원부성,46.35,202110,7,"2,900",4,1987,신복5길 26,,-,-
전라북도 전주덕진구 팔복동2가,130-2,130,2,팔복동남양임대,59.9625,202110,7,"8,900",8,1999,팔복1길 6,,-,-
전라북도 전주덕진구 팔복동2가,130-2,130,2,팔복동남양임대,59.9625,202110,17,"8,150",1,1999,팔복1길 6,,-,-
전라북도 전주덕진구 팔복동2가,130-2,130,2,팔복동남양임대,59.9625,202110,19,"9,000",1,1999,팔복1길 6,,-,-
전라북도 전주덕진구 팔복동2가,130-2,130,2,팔복동남양임대,59.9625,202110,26,"8,800",14,1999,팔복1길 6,20211027,-,-
전라북도 전주덕진구 팔복동2가,130-2,130,2,팔복동남양임대,59.9625,202110,26,"9,000",17,1999,팔복1길 6,,-,-
전라북도 전주덕진구 팔복동2가,130-2,130,2,팔복동남양임대,59.9625,202110,26,"8,800",14,1999,팔복1길 6,,-,-
전라북도 전주덕진구 호성동1가,826,826,0,동아,84.94,202110,7,"14,300",2,1994,호성2길 16,,-,-
전라북도 전주덕진구 호성동1가,731-4,731,4,신동아,59.39,202110,6,"10,000",5,1989,호성1길 29,,-,-
전라북도 전주덕진구 호성동1가,718,718,0,엘지동아,84.905,202110,1,"17,000",6,1995,호성로 40,,-,-
전라북도 전주덕진구 호성동1가,718,718,0,엘지동아,59.99,202110,7,"14,200",10,1995,호성로 40,,-,-
전라북도 전주덕진구 호성동1가,718,718,0,엘지동아,84.905,202110,8,"15,000",4,1995,호성로 40,,-,-
전라북도 전주덕진구 호성동1가,718,718,0,엘지동아,59.99,202110,13,"10,000",1,1995,호성로 40,,-,-
전라북도 전주덕진구 호성동1가,749-2,749,2,우신호성,59.31,202110,1,"8,600",4,1989,호성1길 16,,-,-
전라북도 전주덕진구 호성동1가,749-2,749,2,우신호성,59.31,202110,25,"9,000",5,1989,호성1길 16,,-,-
전라북도 전주덕진구 호성동1가,792,792,0,유원파크맨션,84.98,202110,8,"16,000",7,1991,소리로 191,,-,-
전라북도 전주덕진구 호성동1가,792,792,0,유원파크맨션,84.98,202110,13,"12,500",2,1991,소리로 191,,-,-
전라북도 전주덕진구 호성동1가,792,792,0,유원파크맨션,127.92,202110,15,"15,800",12,1991,소리로 191,,-,-
전라북도 전주덕진구 호성동1가,851,851,0,진흥더블파크2단지,84.8236,202110,12,"28,900",4,2005,호성로 136,,-,-
전라북도 전주덕진구 호성동1가,851,851,0,진흥더블파크2단지,84.8236,202110,15,"31,500",9,2005,호성로 136,,-,-
전라북도 전주덕진구 호성동1가,851,851,0,진흥더블파크2단지,126.0536,202110,18,"45,200",12,2005,호성로 136,,-,-
전라북도 전주덕진구 호성동1가,851,851,0,진흥더블파크2단지,126.0536,202110,22,"35,800",2,2005,호성로 136,,-,-
전라북도 전주덕진구 호성동1가,851,851,0,진흥더블파크2단지,126.0536,202110,26,"41,800",6,2005,호성로 136,,-,-
전라북도 전주덕진구 호성동1가,747,747,0,호성동신,78.48,202110,5,"10,100",2,1991,동부대로 787,,-,-
전라북도 전주덕진구 호성동1가,747,747,0,호성동신,84.66,202110,9,"13,430",4,1991,동부대로 787,,-,-
전라북도 전주덕진구 호성동1가,747,747,0,호성동신,78.48,202110,15,"9,000",15,1991,동부대로 787,,-,-
전라북도 전주덕진구 호성동1가,747,747,0,호성동신,84.66,202110,21,"11,500",6,1991,동부대로 787,,-,-
전라북도 전주덕진구 호성동1가,747,747,0,호성동신,84.66,202110,30,"12,300",11,1991,동부대로 787,,-,-
전라북도 전주덕진구 호성동1가,749-14,749,14,호성신동아(2),52.29,202110,16,"5,500",9,1990,호성1길 30,,-,-
전라북도 전주덕진구 호성동1가,749-14,749,14,호성신동아(2),52.29,202110,18,"6,500",1,1990,호성1길 30,,-,-
전라북도 전주덕진구 호성동1가,749-14,749,14,호성신동아(2),52.29,202110,21,"7,450",8,1990,호성1길 30,,-,-
전라북도 전주덕진구 호성동1가,900,900,0,호성주공1차,49.65,202110,7,"9,200",2,1997,소리로 179,,-,-
전라북도 전주덕진구 호성동1가,900,900,0,호성주공1차,39.74,202110,9,"7,000",8,1997,소리로 179,,-,-
전라북도 전주덕진구 호성동1가,900,900,0,호성주공2차,59.99,202110,7,"13,300",5,1997,소리로 179,,-,-
전라북도 전주덕진구 호성동1가,900,900,0,호성주공2차,49.65,202110,7,"10,000",1,1997,소리로 179,,-,-
전라북도 전주덕진구 호성동1가,900,900,0,호성주공2차,59.99,202110,9,"13,500",17,1997,소리로 179,,-,-
전라북도 전주덕진구 호성동1가,900,900,0,호성주공2차,59.96,202110,10,"14,500",11,1997,소리로 179,,-,-
전라북도 전주덕진구 호성동1가,900,900,0,호성주공2차,59.99,202110,11,"14,000",5,1997,소리로 179,,-,-
전라북도 전주덕진구 호성동1가,900,900,0,호성주공2차,49.65,202110,13,"10,250",13,1997,소리로 179,,-,-
전라북도 전주덕진구 호성동1가,900,900,0,호성주공2차,59.99,202110,14,"10,000",3,1997,소리로 179,,-,-
전라북도 전주덕진구 호성동1가,900,900,0,호성주공2차,59.99,202110,16,"13,450",20,1997,소리로 179,,-,-
전라북도 전주덕진구 호성동1가,900,900,0,호성주공2차,59.99,202110,25,"14,300",19,1997,소리로 179,,-,-
전라북도 전주덕진구 호성동2가,634,634,0,진흥W-PARK,103.161,202110,11,"33,500",2,2008,호성로 170,,-,-
전라북도 전주완산구 교동,964,964,0,효성교동,29.25,202110,5,"2,700",2,1989,간납대1길 58,,-,-
전라북도 전주완산구 남노송동,01월 26일,26,1,기린봉,84.94,202110,23,"12,800",11,1993,견훤로 100,,-,-
전라북도 전주완산구 대성동,17,17,0,대성영동,84.6,202110,29,"8,000",3,1991,고덕산1길 16,,-,-
전라북도 전주완산구 대성동,466-1,466,1,대성참조은,41.12,202110,13,"3,400",6,1996,내원당길 47,,-,-
전라북도 전주완산구 동서학동,271-5,271,5,대산신천지,59.95,202110,1,"4,500",2,1992,학봉2길 18,,-,-
전라북도 전주완산구 동서학동,271-5,271,5,대산신천지,59.95,202110,14,"4,000",1,1992,학봉2길 18,,-,-
전라북도 전주완산구 동서학동,839-1,839,1,대아산성,59.82,202110,7,"6,200",14,1992,남고산성1길 37,,-,-
전라북도 전주완산구 동서학동,279-4,279,4,진흥하이츠,84.36,202110,6,"11,500",15,1993,학봉2길 11,,-,-
전라북도 전주완산구 동서학동,279-4,279,4,진흥하이츠,59.4,202110,16,"7,800",16,1993,학봉2길 11,,-,-
전라북도 전주완산구 삼천동1가,705-1,705,1,개나리1차,59.0125,202110,13,"20,000",3,1991,용리로 162,,-,-
전라북도 전주완산구 삼천동1가,138-6,138,6,광진공작,59.22,202110,5,"9,700",5,1986,백제대로 86,,-,-
전라북도 전주완산구 삼천동1가,138-6,138,6,광진공작,59.22,202110,12,"10,550",5,1986,백제대로 86,,-,-
전라북도 전주완산구 삼천동1가,138-6,138,6,광진공작,59.22,202110,16,"9,800",5,1986,백제대로 86,,-,-
전라북도 전주완산구 삼천동1가,138-6,138,6,광진공작,59.22,202110,18,"9,000",4,1986,백제대로 86,,-,-
전라북도 전주완산구 삼천동1가,138-6,138,6,광진공작,59.22,202110,18,"8,800",1,1986,백제대로 86,,-,-
전라북도 전주완산구 삼천동1가,138-6,138,6,광진공작,59.22,202110,20,"9,000",4,1986,백제대로 86,,-,-
전라북도 전주완산구 삼천동1가,138-6,138,6,광진공작,59.22,202110,22,"11,000",2,1986,백제대로 86,,-,-
전라북도 전주완산구 삼천동1가,138-6,138,6,광진공작,59.22,202110,25,"11,000",3,1986,백제대로 86,,-,-
전라북도 전주완산구 삼천동1가,585,585,0,광진목화,59.94,202110,2,"15,800",3,1987,성지산로 62,,-,-
전라북도 전주완산구 삼천동1가,585,585,0,광진목화,59.94,202110,4,"15,000",3,1987,성지산로 62,,-,-
전라북도 전주완산구 삼천동1가,585,585,0,광진목화,59.94,202110,4,"15,000",3,1987,성지산로 62,20211025,-,-
전라북도 전주완산구 삼천동1가,585,585,0,광진목화,59.94,202110,5,"16,000",2,1987,성지산로 62,,-,-
전라북도 전주완산구 삼천동1가,585,585,0,광진목화,59.94,202110,9,"15,500",4,1987,성지산로 62,,-,-
전라북도 전주완산구 삼천동1가,585,585,0,광진목화,59.94,202110,11,"14,700",5,1987,성지산로 62,,-,-
전라북도 전주완산구 삼천동1가,585,585,0,광진목화,59.94,202110,11,"15,400",4,1987,성지산로 62,,-,-
전라북도 전주완산구 삼천동1가,585,585,0,광진목화,59.94,202110,22,"14,500",5,1987,성지산로 62,,-,-
전라북도 전주완산구 삼천동1가,585,585,0,광진목화,59.94,202110,29,"13,400",5,1987,성지산로 62,,-,-
전라북도 전주완산구 삼천동1가,305-10,305,10,대왕장미타운,59.86,202110,10,"12,100",5,1997,난전들로 257,,-,-
전라북도 전주완산구 삼천동1가,305-10,305,10,대왕장미타운,84.96,202110,22,"17,000",3,1997,난전들로 257,,-,-
전라북도 전주완산구 삼천동1가,305-10,305,10,대왕장미타운,59.86,202110,25,"11,800",14,1997,난전들로 257,,-,-
전라북도 전주완산구 삼천동1가,767-1,767,1,뜨란채4단지,59.39,202110,4,"16,800",8,2000,장승배기로 15,,-,-
전라북도 전주완산구 삼천동1가,767-1,767,1,뜨란채4단지,59.39,202110,6,"16,300",15,2000,장승배기로 15,,-,-
전라북도 전주완산구 삼천동1가,766-1,766,1,뜨란채5단지,59.39,202110,4,"13,900",1,2000,장승배기로 13,,-,-
전라북도 전주완산구 삼천동1가,290-8,290,8,삼천남양아파트,59.9625,202110,11,"15,800",2,1998,삼천천변1길 32,,-,-
전라북도 전주완산구 삼천동1가,290-8,290,8,삼천남양아파트,59.9625,202110,14,"16,500",13,1998,삼천천변1길 32,,-,-
전라북도 전주완산구 삼천동1가,290-8,290,8,삼천남양아파트,59.9625,202110,16,"12,600",1,1998,삼천천변1길 32,,-,-
전라북도 전주완산구 삼천동1가,306-8,306,8,삼천동두일하나,59.7,202110,21,"9,500",6,1995,장승배기로 50,,-,-
전라북도 전주완산구 삼천동1가,306-8,306,8,삼천동두일하나,59.76,202110,27,"10,800",8,1995,장승배기로 50,,-,-
전라북도 전주완산구 삼천동1가,590-1,590,1,삼천삼익,84.724,202110,12,"13,700",7,1992,용리로 133,,-,-
전라북도 전주완산구 삼천동1가,590-1,590,1,삼천삼익,84.724,202110,16,"11,500",2,1992,용리로 133,,-,-
전라북도 전주완산구 삼천동1가,585-4,585,4,삼천주공3단지,39.3,202110,5,"15,700",4,1989,용리로 157,,-,-
전라북도 전주완산구 삼천동1가,585-4,585,4,삼천주공3단지,39.3,202110,11,"17,500",1,1989,용리로 157,,-,-
전라북도 전주완산구 삼천동1가,585-4,585,4,삼천주공3단지,39.3,202110,15,"17,800",3,1989,용리로 157,,-,-
전라북도 전주완산구 삼천동1가,585-4,585,4,삼천주공3단지,39.3,202110,26,"17,500",2,1989,용리로 157,,-,-
전라북도 전주완산구 삼천동1가,585-3,585,3,세경,55.26,202110,11,"19,000",3,1986,성지산로 30,,-,-
전라북도 전주완산구 삼천동1가,585-3,585,3,세경,55.26,202110,27,"18,500",2,1986,성지산로 30,,-,-
전라북도 전주완산구 삼천동1가,585-10,585,10,세창짜임,84.9836,202110,9,"25,500",15,2006,용리로 179,,-,-
전라북도 전주완산구 삼천동1가,585-10,585,10,세창짜임,59.9835,202110,19,"17,500",4,2006,용리로 179,,-,-
전라북도 전주완산구 삼천동1가,705-4,705,4,신일,59.965,202110,9,"14,000",3,1991,백제대로 31,,-,-
전라북도 전주완산구 삼천동1가,705-4,705,4,신일,59.965,202110,20,"13,200",3,1991,백제대로 31,,-,-
전라북도 전주완산구 삼천동1가,723-2,723,2,신일강변,84.92,202110,1,"19,900",18,1997,강변로 98-1,,-,-
전라북도 전주완산구 삼천동1가,723-2,723,2,신일강변,84.92,202110,22,"21,000",18,1997,강변로 98-1,,-,-
전라북도 전주완산구 삼천동1가,723-2,723,2,신일강변,84.92,202110,22,"20,000",1,1997,강변로 98-1,,-,-
전라북도 전주완산구 삼천동1가,723-2,723,2,신일강변,84.92,202110,22,"22,500",2,1997,강변로 98-1,,-,-
전라북도 전주완산구 삼천동1가,723-2,723,2,신일강변,59.98,202110,29,"16,000",12,1997,강변로 98-1,,-,-
전라북도 전주완산구 삼천동1가,723-2,723,2,신일강변,84.92,202110,30,"20,500",11,1997,강변로 98-1,,-,-
전라북도 전주완산구 삼천동1가,585-2,585,2,쌍용2단지,39.24,202110,1,"6,700",4,1987,성지산로 36,,-,-
전라북도 전주완산구 삼천동1가,585-2,585,2,쌍용2단지,30.21,202110,1,"6,500",5,1987,성지산로 36,,-,-
전라북도 전주완산구 삼천동1가,585-2,585,2,쌍용2단지,59.85,202110,5,"10,900",2,1987,성지산로 36,,-,-
전라북도 전주완산구 삼천동1가,585-2,585,2,쌍용2단지,30.21,202110,6,"6,400",1,1987,성지산로 36,,-,-
전라북도 전주완산구 삼천동1가,585-2,585,2,쌍용2단지,59.85,202110,29,"11,000",5,1987,성지산로 36,,-,-
전라북도 전주완산구 삼천동1가,705-3,705,3,쌍용3단지,59.74,202110,27,"9,700",6,1991,용리로 178,,-,-
전라북도 전주완산구 삼천동1가,705,705,0,오성대우맨션,84.78,202110,5,"24,800",5,1991,솟대로 24,,-,-
전라북도 전주완산구 삼천동1가,705-7,705,7,우성그린,59.69,202110,9,"13,600",5,1991,솟대로 10,,-,-
전라북도 전주완산구 삼천동1가,705-7,705,7,우성그린,59.69,202110,23,"15,000",1,1991,솟대로 10,,-,-
전라북도 전주완산구 삼천동1가,287-4,287,4,우성삼천2차,58.4,202110,14,"12,000",10,1998,삼천천변2길 51,,-,-
전라북도 전주완산구 삼천동1가,287-4,287,4,우성삼천2차,58.4,202110,18,"15,800",16,1998,삼천천변2길 51,,-,-
전라북도 전주완산구 삼천동1가,772,772,0,이안전주삼천,59.9,202110,4,"23,900",13,2014,용리로 165,,-,-
전라북도 전주완산구 삼천동1가,772,772,0,이안전주삼천,84.84,202110,4,"38,900",11,2014,용리로 165,,-,-
전라북도 전주완산구 삼천동1가,772,772,0,이안전주삼천,84.84,202110,16,"27,000",12,2014,용리로 165,,-,-
전라북도 전주완산구 삼천동1가,740-1,740,1,청솔금호타운,84.643,202110,2,"17,900",11,1995,안행5길 11,,-,-
전라북도 전주완산구 삼천동1가,740-1,740,1,청솔금호타운,84.643,202110,2,"16,500",2,1995,안행5길 11,,-,-
전라북도 전주완산구 삼천동1가,286-10,286,10,호반리젠시빌,84.7555,202110,16,"29,000",6,2002,삼천천변3길 20,,-,-
전라북도 전주완산구 삼천동1가,286-10,286,10,호반리젠시빌,84.7555,202110,16,"29,400",3,2002,삼천천변3길 20,,-,-
전라북도 전주완산구 삼천동1가,286-10,286,10,호반리젠시빌,84.7555,202110,28,"25,000",1,2002,삼천천변3길 20,,-,-
전라북도 전주완산구 삼천동1가,289-5,289,5,흥건삼천2차,84.92,202110,5,"26,700",9,2000,삼천천변1길 45,,-,-
전라북도 전주완산구 서노송동,740-9,740,9,신동아파인빌,59.441,202110,2,"8,300",9,2004,물왕멀4길 9,,-,-
전라북도 전주완산구 서노송동,740-9,740,9,신동아파인빌,59.441,202110,7,"8,700",9,2004,물왕멀4길 9,,-,-
전라북도 전주완산구 서노송동,740-9,740,9,신동아파인빌,59.441,202110,25,"9,400",9,2004,물왕멀4길 9,,-,-
전라북도 전주완산구 서서학동,318-10,318,10,광진산업,59.5213,202110,12,"9,130",2,2000,덕적골3길 17,,-,-
전라북도 전주완산구 서서학동,318-10,318,10,광진산업,59.0547,202110,16,"9,500",2,2000,덕적골3길 17,,-,-
전라북도 전주완산구 서서학동,318-10,318,10,광진산업,59.0547,202110,23,"10,200",3,2000,덕적골3길 17,,-,-
전라북도 전주완산구 서서학동,981-1,981,1,송원(981-1),59.88,202110,6,"6,000",3,1990,흑석1길 53,,-,-
전라북도 전주완산구 서서학동,981-1,981,1,송원(981-1),59.88,202110,6,"6,150",3,1990,흑석1길 53,20211019,-,-
전라북도 전주완산구 서서학동,981-1,981,1,송원(981-1),59.88,202110,18,"6,300",1,1990,흑석1길 53,,-,-
전라북도 전주완산구 서서학동,983-2,983,2,신세계블루타운,38.88,202110,11,"3,750",5,1997,흑석로 64,,-,-
전라북도 전주완산구 서서학동,983-2,983,2,신세계블루타운,38.88,202110,24,"3,700",10,1997,흑석로 64,,-,-
전라북도 전주완산구 서서학동,983-2,983,2,신세계블루타운,25.74,202110,25,"2,000",10,1997,흑석로 64,,-,-
전라북도 전주완산구 서서학동,983-2,983,2,신세계블루타운,38.88,202110,26,"3,780",6,1997,흑석로 64,,-,-
전라북도 전주완산구 서서학동,971-6,971,6,신용고궁맨션,84.54,202110,29,"7,000",3,2012,흑석로 31,,-,-
전라북도 전주완산구 서서학동,112-3,112,3,예그린,47.01,202110,4,"4,750",4,1980,팔달로 11,,-,-
전라북도 전주완산구 서서학동,112-3,112,3,예그린,47.01,202110,25,"6,450",3,1980,팔달로 11,,-,-
전라북도 전주완산구 서서학동,112-3,112,3,예그린,47.01,202110,30,"6,600",1,1980,팔달로 11,,-,-
전라북도 전주완산구 서서학동,334-9,334,9,우정목련,84.66,202110,1,"9,800",12,1993,석불1길 9,,-,-
전라북도 전주완산구 서서학동,334-9,334,9,우정목련,59.7,202110,5,"7,450",18,1993,석불1길 9,,-,-
전라북도 전주완산구 서서학동,334-9,334,9,우정목련,84.66,202110,19,"9,600",11,1993,석불1길 9,,-,-
전라북도 전주완산구 서서학동,977-1,977,1,푸른맨션,60,202110,18,"7,300",3,1998,흑석로 53,,-,-
전라북도 전주완산구 서신동,294-6,294,6,J-휴,83.224,202110,28,"23,500",9,2012,전룡6길 26,,-,-
전라북도 전주완산구 서신동,965-3,965,3,감나무골대우대창,84.96,202110,15,"25,500",8,1999,새터로 100,,-,-
전라북도 전주완산구 서신동,965-3,965,3,감나무골대우대창,84.59,202110,16,"26,000",6,1999,새터로 100,,-,-
전라북도 전주완산구 서신동,965-2,965,2,광진선수촌,84.9,202110,2,"28,000",11,1998,서신로 102,,-,-
전라북도 전주완산구 서신동,965-2,965,2,광진선수촌,84.9,202110,26,"27,500",4,1998,서신로 102,,-,-
전라북도 전주완산구 서신동,764-1,764,1,남양대명미드웰,84.96,202110,12,"24,000",12,1995,당산로 55,20211012,-,-
전라북도 전주완산구 서신동,764-1,764,1,남양대명미드웰,84.96,202110,12,"24,000",12,1995,당산로 55,,-,-
전라북도 전주완산구 서신동,961,961,0,동아한일,60,202110,1,"18,600",2,1999,새터로 95,,-,-
전라북도 전주완산구 서신동,961,961,0,동아한일,59.93,202110,2,"16,800",4,1999,새터로 95,,-,-
전라북도 전주완산구 서신동,961,961,0,동아한일,60,202110,4,"16,600",6,1999,새터로 95,,-,-
전라북도 전주완산구 서신동,961,961,0,동아한일,59.93,202110,8,"16,700",3,1999,새터로 95,,-,-
전라북도 전주완산구 서신동,961,961,0,동아한일,59.93,202110,8,"18,000",3,1999,새터로 95,,-,-
전라북도 전주완산구 서신동,961,961,0,동아한일,60,202110,18,"19,500",12,1999,새터로 95,,-,-
전라북도 전주완산구 서신동,05월 01일,5,1,롯데,84.72,202110,1,"18,000",12,1993,전룡로 128-5,,-,-
전라북도 전주완산구 서신동,762-1,762,1,비사벌,108.03,202110,13,"27,700",6,1995,당산로 34,,-,-
전라북도 전주완산구 서신동,762-1,762,1,비사벌,108.03,202110,22,"29,900",4,1995,당산로 34,,-,-
전라북도 전주완산구 서신동,962-1,962,1,서신2차광진산업장미,59.55,202110,5,"18,300",9,2001,새터로 60,,-,-
전라북도 전주완산구 서신동,962-1,962,1,서신2차광진산업장미,59.55,202110,12,"16,000",4,2001,새터로 60,,-,-
전라북도 전주완산구 서신동,962-1,962,1,서신2차광진산업장미,59.55,202110,14,"18,400",7,2001,새터로 60,,-,-
전라북도 전주완산구 서신동,962-1,962,1,서신2차광진산업장미,59.55,202110,17,"19,300",11,2001,새터로 60,,-,-
전라북도 전주완산구 서신동,962-1,962,1,서신2차광진산업장미,59.55,202110,29,"19,300",8,2001,새터로 60,,-,-
전라북도 전주완산구 서신동,960-5,960,5,서신2차동아,134.97,202110,5,"40,200",10,1998,새터로 63,20211101,-,-
전라북도 전주완산구 서신동,572,572,0,서신e편한세상,166.744,202110,2,"55,400",3,2007,여울로 161,,-,-
전라북도 전주완산구 서신동,572,572,0,서신e편한세상,166.744,202110,13,"55,500",1,2007,여울로 161,,-,-
전라북도 전주완산구 서신동,898-5,898,5,서신노블레스1단지,49.12,202110,29,"10,200",6,2013,전룡6길 11,,-,-
전라북도 전주완산구 서신동,898-3,898,3,서신노블레스2단지,49.12,202110,6,"9,900",3,2013,전룡6길 13,,-,-
전라북도 전주완산구 서신동,761-1,761,1,서신동광진,59.98,202110,8,"14,000",15,1995,온고을로 121,,-,-
전라북도 전주완산구 서신동,761-1,761,1,서신동광진,59.98,202110,15,"16,000",9,1995,온고을로 121,,-,-
전라북도 전주완산구 서신동,761-1,761,1,서신동광진,59.98,202110,16,"14,800",2,1995,온고을로 121,,-,-
전라북도 전주완산구 서신동,761-1,761,1,서신동광진,59.98,202110,24,"15,300",6,1995,온고을로 121,,-,-
전라북도 전주완산구 서신동,763-1,763,1,서신동신일,59.98,202110,1,"15,300",15,1995,온고을로 119,,-,-
전라북도 전주완산구 서신동,763-1,763,1,서신동신일,59.98,202110,11,"17,000",6,1995,온고을로 119,,-,-
전라북도 전주완산구 서신동,763-1,763,1,서신동신일,59.98,202110,24,"17,950",11,1995,온고을로 119,,-,-
전라북도 전주완산구 서신동,765-1,765,1,서신동아현대,99.99,202110,14,"34,000",9,1996,서신로 90,,-,-
전라북도 전주완산구 서신동,1044,1044,0,서신아이파크이편한세상,34.9989,202110,7,"16,900",6,2020,전주천서로 445,,-,-
전라북도 전주완산구 서신동,246,246,0,선변서신고을,35.0664,202110,20,"6,700",12,2002,안터3길 21,,-,-
전라북도 전주완산구 서신동,762-2,762,2,성원,59.97,202110,15,"10,000",1,1995,서신천변11길 22,,-,-
전라북도 전주완산구 서신동,762-2,762,2,성원,59.97,202110,26,"17,250",7,1995,서신천변11길 22,,-,-
전라북도 전주완산구 서신동,762-2,762,2,성원,59.97,202110,28,"16,500",6,1995,서신천변11길 22,,-,-
전라북도 전주완산구 서신동,761-2,761,2,쌍용서신,59.028,202110,8,"12,000",7,1996,당산로 11,,-,-
전라북도 전주완산구 서신동,761-2,761,2,쌍용서신,59.028,202110,9,"12,900",13,1996,당산로 11,,-,-
전라북도 전주완산구 서신동,761-2,761,2,쌍용서신,59.028,202110,15,"12,300",9,1996,당산로 11,,-,-
전라북도 전주완산구 서신동,22-17,22,17,"우신5,6,7동",51.84,202110,15,"4,200",3,1987,잿뜸1길 11,,-,-
전라북도 전주완산구 서신동,764-2,764,2,제일비사벌새터마을,84.84,202110,4,"23,300",4,1995,당산로 43,,-,-
전라북도 전주완산구 서신동,962-2,962,2,중흥S-클래스,59.955,202110,1,"17,700",3,1998,새터로 74,,-,-
전라북도 전주완산구 서신동,962-2,962,2,중흥S-클래스,59.955,202110,8,"12,000",2,1998,새터로 74,,-,-
전라북도 전주완산구 서신동,962-2,962,2,중흥S-클래스,59.955,202110,9,"19,000",14,1998,새터로 74,,-,-
전라북도 전주완산구 서신동,962-2,962,2,중흥S-클래스,59.955,202110,13,"20,700",10,1998,새터로 74,,-,-
전라북도 전주완산구 서신동,962-2,962,2,중흥S-클래스,59.955,202110,14,"19,300",14,1998,새터로 74,,-,-
전라북도 전주완산구 서신동,962-2,962,2,중흥S-클래스,59.955,202110,14,"14,600",4,1998,새터로 74,,-,-
전라북도 전주완산구 서신동,962-2,962,2,중흥S-클래스,59.955,202110,14,"19,300",13,1998,새터로 74,,-,-
전라북도 전주완산구 서신동,962-2,962,2,중흥S-클래스,59.955,202110,16,"18,000",4,1998,새터로 74,,-,-
전라북도 전주완산구 서신동,962-2,962,2,중흥S-클래스,59.955,202110,17,"20,250",13,1998,새터로 74,,-,-
전라북도 전주완산구 서신동,962-2,962,2,중흥S-클래스,59.955,202110,20,"18,500",13,1998,새터로 74,,-,-
전라북도 전주완산구 서신동,962-2,962,2,중흥S-클래스,59.955,202110,23,"19,500",14,1998,새터로 74,,-,-
전라북도 전주완산구 서신동,962-2,962,2,중흥S-클래스,59.955,202110,25,"18,500",11,1998,새터로 74,,-,-
전라북도 전주완산구 서신동,962-2,962,2,중흥S-클래스,59.955,202110,30,"16,050",3,1998,새터로 74,,-,-
전라북도 전주완산구 서완산동2가,80-135,80,135,"낙원맨션가,나,다동",79.695,202110,12,"5,100",4,1985,강당2길 14,,-,-
전라북도 전주완산구 서완산동2가,Jan-78,78,1,신성파크맨션,84.42,202110,5,"8,800",2,1988,강당2길 17,,-,-
전라북도 전주완산구 서완산동2가,Jan-78,78,1,신성파크맨션,55.35,202110,18,"5,000",2,1988,강당2길 24,,-,-
전라북도 전주완산구 서완산동2가,335,335,0,오페라하우스,130.8082,202110,9,"35,500",9,2008,안행로 150,,-,-
전라북도 전주완산구 중노송동,01월 26일,26,1,기린봉,84.94,202110,6,"13,400",15,1993,견훤로 100,,-,-
전라북도 전주완산구 중노송동,303,303,0,우성해오름,100.0362,202110,9,"21,500",2,2005,인봉남로 56,,-,-
전라북도 전주완산구 중노송동,797,797,0,한옥마을서해그랑블,84.9704,202110,9,"37,800",11,2018,견훤왕궁1길 10,,-,-
전라북도 전주완산구 중노송동,797,797,0,한옥마을서해그랑블,84.9811,202110,20,"37,800",8,2018,견훤왕궁1길 10,,-,-
전라북도 전주완산구 중인동,1610,1610,0,옥성골든카운티,70.2037,202110,18,"20,000",5,2013,중인1길 136-20,,-,-
전라북도 전주완산구 중화산동1가,221-1,221,1,남양서원,59.94,202110,2,"9,500",7,1993,선너머4길 25,,-,-
전라북도 전주완산구 중화산동1가,221-1,221,1,남양서원,59.94,202110,21,"8,000",6,1993,선너머4길 25,,-,-
전라북도 전주완산구 중화산동1가,250,250,0,동신2차,84.91,202110,13,"12,200",3,1995,선너머2길 2-7,,-,-
전라북도 전주완산구 중화산동1가,250,250,0,동신2차,47.28,202110,19,"7,250",7,1995,선너머2길 2-7,,-,-
전라북도 전주완산구 중화산동1가,154,154,0,중화산동신일,60,202110,7,"8,900",6,1995,서원로 386,,-,-
전라북도 전주완산구 중화산동1가,154,154,0,중화산동신일,84.93,202110,11,"15,350",7,1995,서원로 386,,-,-
전라북도 전주완산구 중화산동1가,154,154,0,중화산동신일,129.745,202110,14,"19,000",4,1995,서원로 386,,-,-
전라북도 전주완산구 중화산동1가,329,329,0,현대(A단지),138.27,202110,6,"27,000",7,1999,안행로 175,,-,-
전라북도 전주완산구 중화산동2가,223-2,223,2,거성근영(1),59.88,202110,15,"8,600",5,1993,선너머로 40,,-,-
전라북도 전주완산구 중화산동2가,223-6,223,6,거성근영(2),84.6,202110,8,"13,000",4,1995,선너머로 36-9,,-,-
전라북도 전주완산구 중화산동2가,223-6,223,6,거성근영(2),59.85,202110,12,"12,000",11,1995,선너머로 36-9,,-,-
전라북도 전주완산구 중화산동2가,223-6,223,6,거성근영(2),59.85,202110,14,"9,200",1,1995,선너머로 36-9,,-,-
전라북도 전주완산구 중화산동2가,825,825,0,광진햇빛찬,111.06,202110,29,"35,300",9,2005,강변로 306,,-,-
전라북도 전주완산구 중화산동2가,485-27,485,27,광진햇빛찬2차,109.44,202110,28,"35,800",11,2009,강변로 304,,-,-
전라북도 전주완산구 중화산동2가,232,232,0,새한그린파크,60,202110,11,"9,500",20,1994,영경1길 22,,-,-
전라북도 전주완산구 중화산동2가,232,232,0,새한그린파크,60,202110,13,"8,700",12,1994,영경1길 22,,-,-
전라북도 전주완산구 중화산동2가,850,850,0,영무예다음,84.9542,202110,9,"37,700",18,2015,안행로 165-5,,-,-
전라북도 전주완산구 중화산동2가,256,256,0,우성근영타운,59.4,202110,7,"12,500",18,1996,영경1길 25,,-,-
전라북도 전주완산구 중화산동2가,256,256,0,우성근영타운,59.4,202110,16,"11,700",10,1996,영경1길 25,,-,-
전라북도 전주완산구 중화산동2가,256,256,0,우성근영타운,84.96,202110,20,"16,200",14,1996,영경1길 25,,-,-
전라북도 전주완산구 중화산동2가,256,256,0,우성근영타운,84.96,202110,20,"17,100",5,1996,영경1길 25,,-,-
전라북도 전주완산구 중화산동2가,256,256,0,우성근영타운,59.4,202110,21,"12,500",16,1996,영경1길 25,,-,-
전라북도 전주완산구 중화산동2가,406-3,406,3,우성중산타운,83.2434,202110,22,"18,300",1,2003,신촌3길 1,,-,-
전라북도 전주완산구 중화산동2가,482-1,482,1,"전주한신코아1차,2차",73.82,202110,16,"11,900",1,1990,신촌2길 20,,-,-
전라북도 전주완산구 중화산동2가,746-1,746,1,코오롱하늘채,157.594,202110,12,"62,000",4,2003,화산천변로 55,,-,-
전라북도 전주완산구 중화산동2가,746-1,746,1,코오롱하늘채,84.863,202110,14,"42,300",2,2003,화산천변로 55,,-,-
전라북도 전주완산구 중화산동2가,827,827,0,풍림아이원,156.045,202110,6,"51,000",5,2011,서원로 289,,-,-
전라북도 전주완산구 중화산동2가,827,827,0,풍림아이원,130.211,202110,12,"43,000",1,2011,서원로 289,,-,-
전라북도 전주완산구 중화산동2가,827,827,0,풍림아이원,113.387,202110,19,"42,200",2,2011,서원로 289,,-,-
전라북도 전주완산구 중화산동2가,745-1,745,1,현대에코르,101.74,202110,7,"42,700",11,2003,화산천변로 50,,-,-
전라북도 전주완산구 중화산동2가,745-1,745,1,현대에코르,84.81,202110,16,"33,000",2,2003,화산천변로 50,,-,-
전라북도 전주완산구 중화산동2가,745-1,745,1,현대에코르,84.81,202110,20,"36,000",19,2003,화산천변로 50,,-,-
전라북도 전주완산구 중화산동2가,745-1,745,1,현대에코르,84.81,202110,21,"35,700",21,2003,화산천변로 50,,-,-
전라북도 전주완산구 중화산동2가,745-1,745,1,현대에코르,101.8,202110,27,"42,800",13,2003,화산천변로 50,,-,-
전라북도 전주완산구 중화산동2가,745-1,745,1,현대에코르,101.8,202110,28,"43,000",11,2003,화산천변로 50,,-,-
전라북도 전주완산구 중화산동2가,745-1,745,1,현대에코르,101.74,202110,30,"46,200",4,2003,화산천변로 50,,-,-
전라북도 전주완산구 중화산동2가,485-56,485,56,효성신촌마을,29.448,202110,18,"4,000",8,1999,신촌3길 27-43,,-,-
전라북도 전주완산구 중화산동2가,485-56,485,56,효성신촌마을,29.448,202110,28,"3,400",6,1999,신촌3길 27-43,,-,-
전라북도 전주완산구 태평동,245,245,0,성원로얄맨션,82.2,202110,19,"10,000",1,1989,공북1길 7,,-,-
전라북도 전주완산구 태평동,291,291,0,전주태평SKVIEW,135.6783,202110,18,"60,000",8,2009,태평2길 22,,-,-
전라북도 전주완산구 평화동1가,471-1,471,1,신정,31.439,202110,1,"4,800",4,2000,덕적골1길 31-3,,-,-
전라북도 전주완산구 평화동1가,471-1,471,1,신정,52.3555,202110,3,"8,000",5,2000,덕적골1길 31-3,,-,-
전라북도 전주완산구 평화동1가,522,522,0,일성,59.8,202110,14,"10,500",12,1997,평화19길 20,,-,-
전라북도 전주완산구 평화동1가,522,522,0,일성,84.83,202110,31,"16,100",10,1997,평화19길 20,,-,-
전라북도 전주완산구 평화동1가,696,696,0,코오롱,73.015,202110,12,"14,800",8,1995,평화로 181,,-,-
전라북도 전주완산구 평화동1가,696,696,0,코오롱,84.84,202110,15,"17,720",9,1995,평화로 181,,-,-
전라북도 전주완산구 평화동1가,696,696,0,코오롱,84.84,202110,23,"16,900",2,1995,평화로 181,,-,-
전라북도 전주완산구 평화동1가,696,696,0,코오롱,188.58,202110,24,"30,000",7,1995,평화로 181,,-,-
전라북도 전주완산구 평화동1가,696,696,0,코오롱,84.84,202110,30,"17,800",7,1995,평화로 181,,-,-
전라북도 전주완산구 평화동1가,766,766,0,평화동오네뜨,84.9918,202110,20,"20,000",1,2013,덕적골1길 52,,-,-
전라북도 전주완산구 평화동1가,445-6,445,6,"평화주공1,2",38.64,202110,4,"4,300",2,1991,덕적골2길 11,,-,-
전라북도 전주완산구 평화동1가,445-6,445,6,"평화주공1,2",44.94,202110,6,"5,000",1,1991,덕적골2길 11,,-,-
전라북도 전주완산구 평화동1가,445-6,445,6,"평화주공1,2",38.64,202110,11,"4,050",1,1991,덕적골2길 11,,-,-
전라북도 전주완산구 평화동1가,445-6,445,6,"평화주공1,2",38.64,202110,12,"4,800",14,1991,덕적골2길 11,,-,-
전라북도 전주완산구 평화동1가,445-6,445,6,"평화주공1,2",38.64,202110,12,"4,720",10,1991,덕적골2길 11,,-,-
전라북도 전주완산구 평화동1가,445-6,445,6,"평화주공1,2",38.64,202110,16,"4,650",5,1991,덕적골2길 11,,-,-
전라북도 전주완산구 평화동1가,445-6,445,6,"평화주공1,2",38.64,202110,16,"4,400",1,1991,덕적골2길 11,,-,-
전라북도 전주완산구 평화동1가,445-6,445,6,"평화주공1,2",38.64,202110,16,"4,650",1,1991,덕적골2길 11,,-,-
전라북도 전주완산구 평화동1가,445-6,445,6,"평화주공1,2",44.94,202110,18,"6,800",14,1991,덕적골2길 11,,-,-
전라북도 전주완산구 평화동1가,445-6,445,6,"평화주공1,2",38.64,202110,25,"4,700",2,1991,덕적골2길 11,,-,-
전라북도 전주완산구 평화동1가,445-6,445,6,"평화주공1,2",38.64,202110,28,"4,800",8,1991,덕적골2길 11,,-,-
전라북도 전주완산구 평화동1가,445-1,445,1,"평화주공1단지,평화주공3단지",44.94,202110,5,"5,900",15,1992,덕적골2길 10,,-,-
전라북도 전주완산구 평화동1가,445-1,445,1,"평화주공1단지,평화주공3단지",38.64,202110,9,"4,500",4,1992,덕적골2길 10,,-,-
전라북도 전주완산구 평화동1가,445-1,445,1,"평화주공1단지,평화주공3단지",44.94,202110,12,"5,800",5,1992,덕적골2길 10,,-,-
전라북도 전주완산구 평화동1가,445-1,445,1,"평화주공1단지,평화주공3단지",44.94,202110,12,"5,800",5,1992,덕적골2길 10,20211022,-,-
전라북도 전주완산구 평화동1가,445-1,445,1,"평화주공1단지,평화주공3단지",38.64,202110,14,"5,000",5,1992,덕적골2길 10,,-,-
전라북도 전주완산구 평화동1가,445-1,445,1,"평화주공1단지,평화주공3단지",38.64,202110,21,"4,200",14,1992,덕적골2길 10,,-,-
전라북도 전주완산구 평화동1가,445-1,445,1,"평화주공1단지,평화주공3단지",44.94,202110,22,"5,600",1,1992,덕적골2길 10,,-,-
전라북도 전주완산구 평화동1가,445-1,445,1,"평화주공1단지,평화주공3단지",38.64,202110,26,"4,650",11,1992,덕적골2길 10,,-,-
전라북도 전주완산구 평화동1가,467,467,0,한성,59.928,202110,11,"11,000",12,1996,덕적골1길 33,,-,-
전라북도 전주완산구 평화동1가,467,467,0,한성,59.928,202110,14,"10,000",6,1996,덕적골1길 33,,-,-
전라북도 전주완산구 평화동1가,412,412,0,효성양지마을,58.002,202110,23,"8,000",3,2003,장승배기3길 8,,-,-
전라북도 전주완산구 평화동2가,897-1,897,1,그린타운(1),69.36,202110,2,"13,200",1,2002,구이로 2094,,-,-
전라북도 전주완산구 평화동2가,897-1,897,1,그린타운(1),59.89,202110,6,"15,700",13,2002,구이로 2094,,-,-
전라북도 전주완산구 평화동2가,897-1,897,1,그린타운(1),59.89,202110,7,"13,500",13,2002,구이로 2094,,-,-
전라북도 전주완산구 평화동2가,897-1,897,1,그린타운(1),49.58,202110,16,"11,000",10,2002,구이로 2094,,-,-
전라북도 전주완산구 평화동2가,897-1,897,1,그린타운(1),59.89,202110,23,"14,800",17,2002,구이로 2094,,-,-
전라북도 전주완산구 평화동2가,897-1,897,1,그린타운(1),84.89,202110,23,"19,600",17,2002,구이로 2094,,-,-
전라북도 전주완산구 평화동2가,896-1,896,1,그린타운(2),59.92,202110,4,"15,850",11,2002,평화로 100,,-,-
전라북도 전주완산구 평화동2가,896-1,896,1,그린타운(2),46.2,202110,28,"9,700",17,2002,평화로 100,,-,-
전라북도 전주완산구 평화동2가,896-1,896,1,그린타운(2),59.92,202110,28,"16,200",8,2002,평화로 100,,-,-
전라북도 전주완산구 평화동2가,457-4,457,4,동도미소드림,84.977,202110,9,"22,000",3,2004,모악로 4651,,-,-
전라북도 전주완산구 평화동2가,457-4,457,4,동도미소드림,84.977,202110,21,"22,500",5,2004,모악로 4651,,-,-
전라북도 전주완산구 평화동2가,567,567,0,동신,59.58,202110,2,"12,000",16,1998,양지2길 10,,-,-
전라북도 전주완산구 평화동2가,567,567,0,동신,84.78,202110,19,"20,800",13,1998,양지2길 10,20211105,-,-
전라북도 전주완산구 평화동2가,567,567,0,동신,84.78,202110,19,"18,400",20,1998,양지2길 10,,-,-
전라북도 전주완산구 평화동2가,567,567,0,동신,84.78,202110,19,"20,800",13,1998,양지2길 10,,-,-
전라북도 전주완산구 평화동2가,567,567,0,동신,84.78,202110,20,"20,000",19,1998,양지2길 10,,-,-
전라북도 전주완산구 평화동2가,567,567,0,동신,59.58,202110,29,"13,800",17,1998,양지2길 10,,-,-
전라북도 전주완산구 평화동2가,180,180,0,두산경복궁,84.61,202110,5,"21,000",17,2005,평화로 120,,-,-
전라북도 전주완산구 평화동2가,180,180,0,두산경복궁,84.61,202110,7,"17,000",1,2005,평화로 120,,-,-
전라북도 전주완산구 평화동2가,310-1,310,1,미송평화하이존,84.8029,202110,13,"19,000",9,2003,모악로 4681,,-,-
전라북도 전주완산구 평화동2가,259-5,259,5,삼성강남맨션,59.98,202110,7,"9,400",3,1993,모악로 4705,,-,-
전라북도 전주완산구 평화동2가,259-5,259,5,삼성강남맨션,59.98,202110,20,"8,700",4,1993,모악로 4705,,-,-
전라북도 전주완산구 평화동2가,857-1,857,1,선변평화고을,80.234,202110,2,"9,100",6,2001,평화14길 15-14,,-,-
전라북도 전주완산구 평화동2가,857-1,857,1,선변평화고을,70.017,202110,7,"9,200",2,2001,평화14길 15-14,,-,-
전라북도 전주완산구 평화동2가,943,943,0,송정써미트,84.6134,202110,1,"22,250",9,2005,평화7길 40,,-,-
전라북도 전주완산구 평화동2가,943,943,0,송정써미트,84.6173,202110,5,"22,800",11,2005,평화7길 40,,-,-
전라북도 전주완산구 평화동2가,943,943,0,송정써미트,84.6173,202110,10,"23,000",16,2005,평화7길 40,,-,-
전라북도 전주완산구 평화동2가,943,943,0,송정써미트,84.6134,202110,14,"18,000",4,2005,평화7길 40,,-,-
전라북도 전주완산구 평화동2가,954,954,0,양우내안애아파트,59.9752,202110,1,"19,600",10,2017,평화2길 6,,-,-
전라북도 전주완산구 평화동2가,954,954,0,양우내안애아파트,84.9441,202110,4,"26,800",7,2017,평화2길 6,,-,-
전라북도 전주완산구 평화동2가,954,954,0,양우내안애아파트,59.9752,202110,27,"19,500",10,2017,평화2길 6,,-,-
전라북도 전주완산구 평화동2가,954,954,0,양우내안애아파트,84.9441,202110,28,"22,000",2,2017,평화2길 6,,-,-
전라북도 전주완산구 평화동2가,952,952,0,영무예다음,83.661,202110,15,"25,700",1,2012,구이로 2065,,-,-
전라북도 전주완산구 평화동2가,312-6,312,6,우미,60,202110,16,"10,250",8,1996,모악로 4685,,-,-
전라북도 전주완산구 평화동2가,312-6,312,6,우미,60,202110,28,"11,000",11,1996,모악로 4685,,-,-
전라북도 전주완산구 평화동2가,312-6,312,6,우미,60,202110,28,"11,000",11,1996,모악로 4685,20211028,-,-
전라북도 전주완산구 평화동2가,259-12,259,12,우성신성타운,83.2434,202110,2,"14,500",6,2003,맏내1길 5,,-,-
전라북도 전주완산구 평화동2가,259-12,259,12,우성신성타운,83.2434,202110,13,"17,200",7,2003,맏내1길 5,,-,-
전라북도 전주완산구 평화동2가,292,292,0,전주평화주공5단지,58.14,202110,1,"7,200",7,1995,모악로 4724,,-,-
전라북도 전주완산구 평화동2가,292,292,0,전주평화주공5단지,58.14,202110,4,"8,900",15,1995,모악로 4724,,-,-
전라북도 전주완산구 평화동2가,292,292,0,전주평화주공5단지,58.14,202110,6,"10,500",10,1995,모악로 4724,,-,-
전라북도 전주완산구 평화동2가,292,292,0,전주평화주공5단지,37.67,202110,13,"6,100",12,1995,모악로 4724,,-,-
전라북도 전주완산구 평화동2가,292,292,0,전주평화주공5단지,37.67,202110,22,"6,200",14,1995,모악로 4724,,-,-
전라북도 전주완산구 평화동2가,713-16,713,16,케이제이모악1,74.8,202110,5,"16,000",4,2001,양지3길 9,,-,-
전라북도 전주완산구 평화동2가,955,955,0,평화동골드클래스아파트,73.5041,202110,24,"33,000",12,2018,구이로 2077,,-,-
전라북도 전주완산구 평화동2가,606-1,606,1,평화동동신(606-1),84.78,202110,8,"18,800",11,1998,양지2길 52-7,,-,-
전라북도 전주완산구 평화동2가,953,953,0,평화동엠코타운,84.9441,202110,2,"26,000",2,2013,양지3길 25-1,,-,-
전라북도 전주완산구 평화동2가,953,953,0,평화동엠코타운,59.9755,202110,2,"17,300",1,2013,양지3길 25-1,20211008,-,-
전라북도 전주완산구 평화동2가,953,953,0,평화동엠코타운,59.9755,202110,2,"17,300",1,2013,양지3길 25-1,,-,-
전라북도 전주완산구 평화동2가,953,953,0,평화동엠코타운,59.9755,202110,27,"23,900",14,2013,양지3길 25-1,,-,-
전라북도 전주완산구 평화동2가,953,953,0,평화동엠코타운,84.9893,202110,28,"26,000",2,2013,양지3길 25-1,,-,-
전라북도 전주완산구 평화동2가,336-6,336,6,현대,59.97,202110,15,"15,900",16,1996,소대배기로 33,,-,-
전라북도 전주완산구 평화동2가,889-7,889,7,호반리젠시빌,84.7555,202110,2,"22,300",15,2002,평화로 95,,-,-
전라북도 전주완산구 평화동2가,889-7,889,7,호반리젠시빌,84.7555,202110,6,"23,500",13,2002,평화로 95,,-,-
전라북도 전주완산구 평화동2가,889-7,889,7,호반리젠시빌,84.7555,202110,27,"20,000",8,2002,평화로 95,,-,-
전라북도 전주완산구 평화동2가,889-7,889,7,호반리젠시빌,84.7555,202110,30,"22,000",2,2002,평화로 95,,-,-
전라북도 전주완산구 평화동2가,889-7,889,7,호반리젠시빌,84.7555,202110,30,"24,600",6,2002,평화로 95,,-,-
전라북도 전주완산구 효자동1가,311-1,311,1,거성,70.19,202110,10,"12,500",1,1980,백제대로 165-10,,-,-
전라북도 전주완산구 효자동1가,311-10,311,10,거성국민,49.37,202110,10,"8,000",5,1982,백제대로 165-8,,-,-
전라북도 전주완산구 효자동1가,639,639,0,거성소라,122.84,202110,2,"17,700",7,1992,백제대로 160,,-,-
전라북도 전주완산구 효자동1가,636-1,636,1,광진진주,84.9,202110,2,"17,800",1,1990,신봉로 64,,-,-
전라북도 전주완산구 효자동1가,636-1,636,1,광진진주,84.09,202110,8,"14,700",5,1990,신봉로 64,,-,-
전라북도 전주완산구 효자동1가,98,98,0,금호,74.073,202110,5,"11,200",7,1992,효동3길 33,,-,-
전라북도 전주완산구 효자동1가,98,98,0,금호,74.073,202110,18,"12,000",14,1992,효동3길 33,,-,-
전라북도 전주완산구 효자동1가,535-3,535,3,남양무지개,77.67,202110,13,"10,900",4,1987,거마평로 225-8,,-,-
전라북도 전주완산구 효자동1가,535-3,535,3,남양무지개,77.67,202110,27,"13,000",2,1987,거마평로 225-8,,-,-
전라북도 전주완산구 효자동1가,280-2,280,2,남양송정,84.87,202110,16,"16,000",4,1988,용머리로 78,,-,-
전라북도 전주완산구 효자동1가,363-1,363,1,남양아이좋은집,84.7022,202110,15,"23,900",22,2006,강변로 242,,-,-
전라북도 전주완산구 효자동1가,637,637,0,남양황제맨션,84.1,202110,11,"18,900",3,1990,백제대로 159,,-,-
전라북도 전주완산구 효자동1가,205-74,205,74,대림,105.369,202110,17,"19,400",16,2002,안행2길 26,,-,-
전라북도 전주완산구 효자동1가,205-74,205,74,대림,59.851,202110,22,"14,200",5,2002,안행2길 26,,-,-
전라북도 전주완산구 효자동1가,45,45,0,대명까치맨션(101),59.85,202110,9,"6,600",1,1993,유기전2길 23,,-,-
전라북도 전주완산구 효자동1가,45,45,0,대명까치맨션(101),84.66,202110,13,"9,800",6,1993,유기전2길 23,,-,-
전라북도 전주완산구 효자동1가,Feb-48,48,2,대명까치맨션(102),59.85,202110,9,"6,800",7,1993,유기전2길 24,,-,-
전라북도 전주완산구 효자동1가,296-154,296,154,대우청솔,84.94,202110,7,"10,200",6,1989,오두정길 10,,-,-
전라북도 전주완산구 효자동1가,296-154,296,154,대우청솔,84.94,202110,11,"12,500",6,1989,오두정길 10,,-,-
전라북도 전주완산구 효자동1가,635,635,0,비사벌,59.84,202110,1,"14,800",4,1992,서원로 258,,-,-
전라북도 전주완산구 효자동1가,635,635,0,비사벌,59.84,202110,1,"15,000",5,1992,서원로 258,,-,-
전라북도 전주완산구 효자동1가,635,635,0,비사벌,59.84,202110,14,"15,900",4,1992,서원로 258,,-,-
전라북도 전주완산구 효자동1가,451,451,0,삼성효자맨션,60,202110,6,"13,000",10,1997,거마평로 139,,-,-
전라북도 전주완산구 효자동1가,451,451,0,삼성효자맨션,60,202110,6,"13,000",18,1997,거마평로 139,,-,-
전라북도 전주완산구 효자동1가,451,451,0,삼성효자맨션,83.56,202110,18,"16,000",16,1997,거마평로 139,,-,-
전라북도 전주완산구 효자동1가,364-3,364,3,삼호,75.165,202110,12,"14,200",3,1991,강변로 220-16,,-,-
전라북도 전주완산구 효자동1가,652,652,0,상산타운,59.82,202110,1,"13,000",9,1994,거마평로 125,,-,-
전라북도 전주완산구 효자동1가,652,652,0,상산타운,108.03,202110,5,"27,000",13,1994,거마평로 125,,-,-
전라북도 전주완산구 효자동1가,652,652,0,상산타운,59.82,202110,9,"14,300",14,1994,거마평로 125,,-,-
전라북도 전주완산구 효자동1가,652,652,0,상산타운,59.82,202110,9,"12,600",13,1994,거마평로 125,,-,-
전라북도 전주완산구 효자동1가,652,652,0,상산타운,84.78,202110,16,"19,000",2,1994,거마평로 125,,-,-
전라북도 전주완산구 효자동1가,652,652,0,상산타운,84.78,202110,22,"19,600",5,1994,거마평로 125,,-,-
전라북도 전주완산구 효자동1가,652,652,0,상산타운,59.82,202110,23,"13,700",3,1994,거마평로 125,,-,-
전라북도 전주완산구 효자동1가,652,652,0,상산타운,59.82,202110,23,"12,900",15,1994,거마평로 125,,-,-
전라북도 전주완산구 효자동1가,652,652,0,상산타운,59.82,202110,29,"13,900",6,1994,거마평로 125,,-,-
전라북도 전주완산구 효자동1가,652,652,0,상산타운,108.03,202110,30,"28,500",15,1994,거마평로 125,,-,-
전라북도 전주완산구 효자동1가,636-2,636,2,성원골드맨션,84.94,202110,27,"15,100",11,1990,신봉로 74,,-,-
전라북도 전주완산구 효자동1가,415-2,415,2,성원맨션,59.4575,202110,21,"8,750",7,1998,거마평로 189-47,,-,-
전라북도 전주완산구 효자동1가,415-2,415,2,성원맨션,59.4575,202110,29,"9,800",7,1998,거마평로 189-47,,-,-
전라북도 전주완산구 효자동1가,635-2,635,2,신일,59.93,202110,1,"16,000",5,1990,신봉로 51,,-,-
전라북도 전주완산구 효자동1가,635-2,635,2,신일,59.93,202110,7,"14,000",5,1990,신봉로 51,,-,-
전라북도 전주완산구 효자동1가,635-2,635,2,신일,59.93,202110,16,"16,400",4,1990,신봉로 51,,-,-
전라북도 전주완산구 효자동1가,635-2,635,2,신일,59.93,202110,16,"15,500",3,1990,신봉로 51,,-,-
전라북도 전주완산구 효자동1가,654-2,654,2,쌍용모악파크빌라,59.81,202110,2,"14,500",3,1994,거마평로 93,,-,-
전라북도 전주완산구 효자동1가,636,636,0,제일,84.99,202110,6,"13,800",3,1990,신봉로 52,,-,-
전라북도 전주완산구 효자동1가,636,636,0,제일,84.99,202110,17,"15,150",2,1990,신봉로 52,,-,-
전라북도 전주완산구 효자동1가,636,636,0,제일,84.99,202110,23,"16,000",3,1990,신봉로 52,,-,-
전라북도 전주완산구 효자동1가,654,654,0,제일효자타운,59.95,202110,3,"14,000",11,1993,거마평로 109,,-,-
전라북도 전주완산구 효자동1가,133,133,0,주공3,54.12,202110,8,"23,500",1,1984,용머리로 194,,-,-
전라북도 전주완산구 효자동1가,408-1,408,1,케이제이라미안,84.39,202110,19,"23,000",6,2003,강변로 212-6,,-,-
전라북도 전주완산구 효자동1가,408-1,408,1,케이제이라미안,84.39,202110,20,"23,500",16,2003,강변로 212-6,,-,-
전라북도 전주완산구 효자동1가,660-1,660,1,한강,59.92,202110,11,"15,500",13,1997,강변로 120-1,,-,-
전라북도 전주완산구 효자동1가,660-1,660,1,한강,59.92,202110,21,"15,500",11,1997,강변로 120-1,,-,-
전라북도 전주완산구 효자동1가,660-1,660,1,한강,59.92,202110,23,"13,900",15,1997,강변로 120-1,,-,-
전라북도 전주완산구 효자동1가,660-1,660,1,한강,59.92,202110,26,"14,800",8,1997,강변로 120-1,,-,-
전라북도 전주완산구 효자동1가,303,303,0,한성,45.5,202110,22,"9,000",4,1983,백제대로 165-16,,-,-
전라북도 전주완산구 효자동1가,418,418,0,현대,70.47,202110,2,"16,000",2,1990,용머리로 20,,-,-
전라북도 전주완산구 효자동1가,418,418,0,현대,84.35,202110,2,"21,500",4,1990,용머리로 20,,-,-
전라북도 전주완산구 효자동1가,418,418,0,현대,70.47,202110,5,"18,500",9,1990,용머리로 20,,-,-
전라북도 전주완산구 효자동1가,418,418,0,현대,70.47,202110,13,"16,500",2,1990,용머리로 20,,-,-
전라북도 전주완산구 효자동1가,799,799,0,효자동한신휴플러스,84.372,202110,15,"22,200",3,2006,따박골4길 10,,-,-
전라북도 전주완산구 효자동1가,414,414,0,효자롯데,84.88,202110,4,"19,000",1,1990,용머리로 29,,-,-
전라북도 전주완산구 효자동1가,414,414,0,효자롯데,128.62,202110,6,"24,500",10,1990,용머리로 29,,-,-
전라북도 전주완산구 효자동2가,1192-1,1192,1,골든팰리스휴먼시아,134.86,202110,16,"64,500",19,2009,호암로 40,,-,-
전라북도 전주완산구 효자동2가,1192-1,1192,1,골든팰리스휴먼시아,149.82,202110,20,"66,000",14,2009,호암로 40,,-,-
전라북도 전주완산구 효자동2가,100-1,100,1,더샵효자아파트,125.9471,202110,8,"58,200",14,2005,세내로 239,,-,-
전라북도 전주완산구 효자동2가,100-1,100,1,더샵효자아파트,101.9437,202110,21,"52,000",5,2005,세내로 239,,-,-
전라북도 전주완산구 효자동2가,1157-1,1157,1,서희스타힐스,84.98,202110,5,"36,000",18,2015,홍산1길 21,20211027,-,-
전라북도 전주완산구 효자동2가,1157-1,1157,1,서희스타힐스,84.98,202110,25,"36,000",18,2015,홍산1길 21,,-,-
전라북도 전주완산구 효자동2가,1314-1,1314,1,아르팰리스휴먼시아,84.97,202110,23,"43,000",5,2010,호암로 41,,-,-
전라북도 전주완산구 효자동2가,110,110,0,엘드효자2차수목토,153.0651,202110,25,"75,250",13,2006,봉곡로 149,,-,-
전라북도 전주완산구 효자동2가,1315-1,1315,1,엘에이치세븐팰리스,84.73,202110,29,"45,000",13,2013,우전로 180,,-,-
전라북도 전주완산구 효자동2가,1157-4,1157,4,전주효자SKLeadersVIEW,84.98,202110,26,"34,000",19,2016,홍산1길 7,,-,-
전라북도 전주완산구 효자동2가,1363,1363,0,전주효천우미린더퍼스트,84.9886,202110,2,"58,000",21,2019,효천중앙로 11,,-,-
전라북도 전주완산구 효자동2가,1363,1363,0,전주효천우미린더퍼스트,84.9886,202110,4,"57,800",4,2019,효천중앙로 11,,-,-
전라북도 전주완산구 효자동2가,1363,1363,0,전주효천우미린더퍼스트,84.9886,202110,5,"62,400",9,2019,효천중앙로 11,,-,-
전라북도 전주완산구 효자동2가,1363,1363,0,전주효천우미린더퍼스트,84.9331,202110,14,"59,000",15,2019,효천중앙로 11,,-,-
전라북도 전주완산구 효자동2가,1364,1364,0,전주효천우미린더프레스티지,84.9886,202110,25,"63,000",9,2020,홍산로 77,,-,-
전라북도 전주완산구 효자동2가,184,184,0,풍림아이원,99.7593,202110,9,"37,000",3,2007,우전1길 40,,-,-
전라북도 전주완산구 효자동2가,70,70,0,효자동1차엘드수목토,84.8386,202110,2,"35,000",18,2005,세내로 241,,-,-
전라북도 전주완산구 효자동2가,70,70,0,효자동1차엘드수목토,84.8386,202110,20,"33,650",7,2005,세내로 241,20211028,-,-
전라북도 전주완산구 효자동2가,70,70,0,효자동1차엘드수목토,84.8386,202110,20,"33,650",7,2005,세내로 241,,-,-
전라북도 전주완산구 효자동2가,135-6,135,6,효자세느빌,52.5653,202110,5,"16,000",3,2016,세내로 193,,-,-
전라북도 전주완산구 효자동3가,1473-5,1473,5,서곡대림,59.93,202110,1,"17,400",12,1999,서곡로 11,,-,-
전라북도 전주완산구 효자동3가,1473-5,1473,5,서곡대림,59.93,202110,8,"16,600",6,1999,서곡로 11,,-,-
전라북도 전주완산구 효자동3가,1473-5,1473,5,서곡대림,59.93,202110,12,"16,200",2,1999,서곡로 11,,-,-
전라북도 전주완산구 효자동3가,1473-5,1473,5,서곡대림,59.93,202110,25,"17,100",18,1999,서곡로 11,,-,-
전라북도 전주완산구 효자동3가,1473-5,1473,5,서곡대림,59.93,202110,25,"17,100",18,1999,서곡로 11,20211102,-,-
전라북도 전주완산구 효자동3가,1483-2,1483,2,서곡두산,84.9,202110,4,"20,700",5,1999,서곡로 22,,-,-
전라북도 전주완산구 효자동3가,1473-1,1473,1,서곡엘지,134.38,202110,8,"29,000",3,1999,세내로 559,,-,-
전라북도 전주완산구 효자동3가,1482-1,1482,1,서곡주공,59.85,202110,5,"14,500",13,2000,서곡로 8,,-,-
전라북도 전주완산구 효자동3가,1482-1,1482,1,서곡주공,59.89,202110,8,"14,300",15,2000,서곡로 8,,-,-
전라북도 전주완산구 효자동3가,1482-1,1482,1,서곡주공,59.89,202110,13,"15,000",14,2000,서곡로 8,,-,-
전라북도 전주완산구 효자동3가,1482-1,1482,1,서곡주공,59.89,202110,15,"16,000",16,2000,서곡로 8,,-,-
전라북도 전주완산구 효자동3가,1542-2,1542,2,성우아르데코,47.6242,202110,22,"16,500",15,2018,세내로 281,,-,-
전라북도 전주완산구 효자동3가,1523-3,1523,3,우미,84.8559,202110,16,"49,800",6,2007,유연로 219,,-,-
전라북도 전주완산구 효자동3가,1483-1,1483,1,청솔,54.78,202110,1,"11,700",10,2001,서곡로 34,,-,-
전라북도 전주완산구 효자동3가,1483-1,1483,1,청솔,54.78,202110,1,"11,700",10,2001,서곡로 34,,-,-
전라북도 전주완산구 효자동3가,1483-1,1483,1,청솔,54.78,202110,2,"13,000",4,2001,서곡로 34,,-,-
전라북도 전주완산구 효자동3가,1483-1,1483,1,청솔,54.78,202110,2,"12,000",4,2001,서곡로 34,,-,-
전라북도 전주완산구 효자동3가,1483-1,1483,1,청솔,54.78,202110,8,"11,100",12,2001,서곡로 34,,-,-
전라북도 전주완산구 효자동3가,1483-1,1483,1,청솔,54.78,202110,12,"12,800",13,2001,서곡로 34,,-,-
전라북도 전주완산구 효자동3가,1483-1,1483,1,청솔,54.78,202110,12,"12,500",6,2001,서곡로 34,,-,-
전라북도 전주완산구 효자동3가,1483-1,1483,1,청솔,54.78,202110,16,"9,500",2,2001,서곡로 34,,-,-
전라북도 전주완산구 효자동3가,1483-1,1483,1,청솔,54.78,202110,23,"11,800",14,2001,서곡로 34,,-,-
전라북도 전주완산구 효자동3가,1531-1,1531,1,코아루성우아르데코,34.93,202110,6,"10,000",9,2013,홍산로 262,20211008,-,-
전라북도 전주완산구 효자동3가,1531-1,1531,1,코아루성우아르데코,34.93,202110,13,"9,900",10,2013,홍산로 262,,-,-
전라북도 전주완산구 효자동3가,1526-2,1526,2,코오롱스카이타워,84.1884,202110,9,"49,950",26,2015,홍산북로 83,,-,-
전라북도 전주완산구 효자동3가,1526-2,1526,2,코오롱스카이타워,84.1884,202110,19,"49,500",22,2015,홍산북로 83,,-,-
전라북도 전주완산구 효자동3가,1524-2,1524,2,호반베르디움,84.798,202110,19,"46,000",13,2007,유연로 217,,-,-
전라북도 전주완산구 효자동3가,1540-3,1540,3,힐스테이트효자동,84.0436,202110,4,"48,000",29,2017,세내로 291,,-,-
전라북도 전주완산구 효자동3가,1540-3,1540,3,힐스테이트효자동,43.8937,202110,16,"24,000",18,2017,세내로 291,,-,-
전라북도 정읍시 공평동,111-3,111,3,목련,59.49,202110,14,"5,000",2,1991,충정로 531-3,,-,-
전라북도 정읍시 공평동,111-3,111,3,목련,59.49,202110,19,"4,300",6,1991,충정로 531-3,,-,-
전라북도 정읍시 공평동,111-3,111,3,목련,59.49,202110,27,"5,000",3,1991,충정로 531-3,,-,-
전라북도 정읍시 구룡동,648,648,0,영창파크타운,59.85,202110,14,"7,200",5,1996,말고개길 73-5,,-,-
전라북도 정읍시 구룡동,648,648,0,영창파크타운,59.85,202110,23,"7,500",3,1996,말고개길 73-5,,-,-
전라북도 정읍시 구룡동,648,648,0,영창파크타운,59.85,202110,26,"7,350",2,1996,말고개길 73-5,,-,-
전라북도 정읍시 농소동,Jun-92,92,6,삼화타운,59.94,202110,5,"7,600",12,1994,수성1로 7,,-,-
전라북도 정읍시 북면 화해리,04월 03일,4,3,북면사원,43.78,202110,15,"1,600",5,1993,정읍북로 631-26,,-,-
전라북도 정읍시 북면 화해리,04월 03일,4,3,북면사원,43.78,202110,15,"1,700",3,1993,정읍북로 631-26,,-,-
전라북도 정읍시 북면 화해리,04월 03일,4,3,북면사원,43.78,202110,15,"1,500",6,1993,정읍북로 631-26,,-,-
전라북도 정읍시 북면 화해리,04월 03일,4,3,북면사원,43.78,202110,15,"1,600",5,1993,정읍북로 631-26,,-,-
전라북도 정읍시 북면 화해리,04월 03일,4,3,북면사원,43.78,202110,25,"2,400",2,1993,정읍북로 631-26,,-,-
전라북도 정읍시 북면 화해리,4-35,4,35,사원,43.66,202110,16,"3,100",1,1991,정읍북로 631-26,,-,-
전라북도 정읍시 북면 화해리,4-35,4,35,사원,43.66,202110,22,"2,600",3,1991,정읍북로 631-26,,-,-
전라북도 정읍시 북면 화해리,4,4,0,성원3차,59.97,202110,12,"2,900",6,1996,정읍북로 631-26,,-,-
전라북도 정읍시 북면 화해리,4,4,0,성원3차,59.97,202110,18,"6,000",3,1996,정읍북로 631-26,,-,-
전라북도 정읍시 상동,01월 17일,17,1,대림,74.107,202110,4,"16,000",5,1993,금붕1길 1-1,,-,-
전라북도 정읍시 상동,183-11,183,11,대우드림채,84.905,202110,13,"18,000",8,2003,학산로 103-4,,-,-
전라북도 정읍시 상동,183-11,183,11,대우드림채,84.905,202110,13,"18,000",8,2003,학산로 103-4,20211014,-,-
전라북도 정읍시 상동,183-11,183,11,대우드림채,83.645,202110,18,"18,700",4,2003,학산로 103-4,,-,-
전라북도 정읍시 상동,319-15,319,15,엘지,84.808,202110,20,"20,200",2,1997,상사3길 47,,-,-
전라북도 정읍시 상동,975,975,0,오투그란데,84.9461,202110,5,"34,000",7,2020,상신경1길 38,,-,-
전라북도 정읍시 상동,82,82,0,우미타운,49.77,202110,4,"7,500",2,1997,학산로 95,,-,-
전라북도 정읍시 상동,82,82,0,우미타운,59.88,202110,5,"9,400",10,1997,학산로 95,,-,-
전라북도 정읍시 상동,82,82,0,우미타운,59.88,202110,15,"8,600",1,1997,학산로 95,,-,-
전라북도 정읍시 상동,82,82,0,우미타운,39.06,202110,26,"6,000",2,1997,학산로 95,,-,-
전라북도 정읍시 상동,82,82,0,우미타운,49.77,202110,27,"7,000",15,1997,학산로 95,,-,-
전라북도 정읍시 상동,970,970,0,정읍상동대광로제비앙,84.0681,202110,2,"29,500",2,2014,학산로 89-11,,-,-
전라북도 정읍시 상동,970,970,0,정읍상동대광로제비앙,59.9834,202110,23,"20,500",12,2014,학산로 89-11,,-,-
전라북도 정읍시 상평동,Apr-97,97,4,신흥장미2,59.95,202110,18,"4,750",1,1994,용흥1길 7-11,,-,-
전라북도 정읍시 수성동,940,940,0,뉴캐슬,59.9539,202110,6,"14,720",2,2016,수성택지2길 65,,-,-
전라북도 정읍시 수성동,940,940,0,뉴캐슬,59.9539,202110,6,"14,420",1,2016,수성택지2길 65,,-,-
전라북도 정읍시 수성동,940,940,0,뉴캐슬,59.9539,202110,15,"14,720",2,2016,수성택지2길 65,,-,-
전라북도 정읍시 수성동,940,940,0,뉴캐슬,59.9539,202110,21,"15,000",2,2016,수성택지2길 65,,-,-
전라북도 정읍시 수성동,952-1,952,1,부영1차,49.896,202110,22,"6,300",1,2000,수성택지2길 17,,-,-
전라북도 정읍시 수성동,952-1,952,1,부영1차,49.896,202110,22,"6,300",1,2000,수성택지2길 17,20211022,-,-
전라북도 정읍시 수성동,952-1,952,1,부영1차,49.896,202110,28,"7,100",15,2000,수성택지2길 17,,-,-
전라북도 정읍시 수성동,1027,1027,0,부영2차,48.866,202110,1,"7,000",12,2000,샘골로 158,,-,-
전라북도 정읍시 수성동,1027,1027,0,부영2차,48.866,202110,6,"6,550",12,2000,샘골로 158,,-,-
전라북도 정읍시 수성동,1027,1027,0,부영2차,48.866,202110,8,"6,500",11,2000,샘골로 158,,-,-
전라북도 정읍시 수성동,1027,1027,0,부영2차,48.866,202110,11,"6,700",2,2000,샘골로 158,,-,-
전라북도 정읍시 수성동,1027,1027,0,부영2차,48.866,202110,12,"7,500",13,2000,샘골로 158,,-,-
전라북도 정읍시 수성동,1027,1027,0,부영2차,48.866,202110,14,"7,000",11,2000,샘골로 158,,-,-
전라북도 정읍시 수성동,1027,1027,0,부영2차,58.779,202110,19,"8,300",13,2000,샘골로 158,,-,-
전라북도 정읍시 수성동,1027,1027,0,부영2차,48.866,202110,20,"7,200",8,2000,샘골로 158,,-,-
전라북도 정읍시 수성동,1027,1027,0,부영2차,58.779,202110,26,"7,800",4,2000,샘골로 158,,-,-
전라북도 정읍시 수성동,1027,1027,0,부영2차,58.779,202110,28,"7,200",8,2000,샘골로 158,,-,-
전라북도 정읍시 수성동,1027,1027,0,부영2차,48.866,202110,30,"7,000",15,2000,샘골로 158,,-,-
전라북도 정읍시 수성동,918-4,918,4,제일타운,84.96,202110,2,"18,000",5,1995,수성3로 26,,-,-
전라북도 정읍시 수성동,918-4,918,4,제일타운,84.96,202110,25,"13,950",1,1995,수성3로 26,,-,-
전라북도 정읍시 시기동,425,425,0,백조,63.288,202110,7,"5,100",4,1991,초산1길 5-12,,-,-
전라북도 정읍시 시기동,13,13,0,시기주공,39.3,202110,8,"6,600",4,1988,천변로 350,,-,-
전라북도 정읍시 시기동,13,13,0,시기주공,39.3,202110,18,"6,500",1,1988,천변로 350,,-,-
전라북도 정읍시 시기동,13,13,0,시기주공,39.69,202110,27,"7,500",3,1988,천변로 350,,-,-
전라북도 정읍시 시기동,490-1,490,1,유창파크(490-1),59.85,202110,7,"7,600",11,1995,정읍남로 1327-9,,-,-
전라북도 정읍시 시기동,1021,1021,0,정읍코아루천년가,79.61,202110,4,"32,500",8,2017,정읍남로 1400,,-,-
전라북도 정읍시 시기동,1021,1021,0,정읍코아루천년가,74.37,202110,29,"29,000",2,2017,정읍남로 1400,,-,-
전라북도 정읍시 시기동,506-14,506,14,현대,84.8,202110,1,"16,700",2,1991,초산로 3-1,,-,-
전라북도 정읍시 시기동,506-14,506,14,현대,84.8,202110,25,"15,000",15,1991,초산로 3-1,,-,-
전라북도 정읍시 신태인읍 신태인리,405-10,405,10,신태인현대,82.575,202110,15,"3,000",5,1993,신태인중앙로 57-61,,-,-
전라북도 정읍시 신태인읍 신태인리,Jan-43,43,1,한진신세대,59.74,202110,6,"3,000",2,1995,신태인중앙로 57-15,,-,-
전라북도 정읍시 신태인읍 연정리,661,661,0,신태인연가,84.4171,202110,12,"8,800",2,2012,감곡로 13,,-,-
전라북도 정읍시 연지동,633,633,0,정읍연지동영무예다음,59.914,202110,2,"19,500",2,2017,중앙로 55,,-,-
전라북도 정읍시 연지동,633,633,0,정읍연지동영무예다음,59.825,202110,5,"27,500",14,2017,중앙로 55,,-,-
전라북도 정읍시 연지동,633,633,0,정읍연지동영무예다음,59.914,202110,8,"19,000",1,2017,중앙로 55,,-,-
전라북도 정읍시 연지동,633,633,0,정읍연지동영무예다음,59.825,202110,8,"18,600",1,2017,중앙로 55,,-,-
전라북도 정읍시 연지동,633,633,0,정읍연지동영무예다음,59.825,202110,11,"19,500",2,2017,중앙로 55,,-,-
전라북도 정읍시 연지동,633,633,0,정읍연지동영무예다음,59.914,202110,31,"19,000",1,2017,중앙로 55,,-,-
전라북도 진안군 진안읍 군상리,200-1,200,1,진안군상고향마을,84.62,202110,8,"12,000",1,2006,진장로 51-16,,-,-
전라북도 진안군 진안읍 군상리,200-1,200,1,진안군상고향마을,59.81,202110,18,"10,000",10,2006,진장로 51-16,,-,-
전라북도 진안군 진안읍 군하리,387-5,387,5,대아월랑,59.94,202110,14,"8,400",4,1995,대광1길 4,,-,-
제주특별자치도 서귀포시 강정동,165-4,165,4,다온빌,27.68,202110,18,"10,200",6,2016,김정문화로27번길 9-2,,-,-
제주특별자치도 서귀포시 강정동,195,195,0,서귀포강정지구3블럭중흥에스-클래스,84.9297,202110,13,"61,500",11,2016,대청로 12,,-,-
제주특별자치도 서귀포시 강정동,158-1,158,1,윙스스카이2차,27.3,202110,11,"8,500",9,2013,신서귀로51번길 33,,-,-
제주특별자치도 서귀포시 강정동,158-1,158,1,윙스스카이2차,18.6,202110,30,"5,200",7,2013,신서귀로51번길 33,,-,-
제주특별자치도 서귀포시 강정동,200,200,0,제주강정유승한내들퍼스트오션,101.9733,202110,23,"72,500",9,2017,대청로 34,,-,-
제주특별자치도 서귀포시 강정동,158-6,158,6,한빛테크놀즈105동,54.7125,202110,26,"14,200",6,2000,김정문화로27번길 23-6,,-,-
제주특별자치도 서귀포시 남원읍 남원리,1323-2,1323,2,에덴,40,202110,8,"7,500",5,1996,남원광지로 5,,-,-
제주특별자치도 서귀포시 대정읍 상모리,Apr-43,3943,4,해누리,74,202110,5,"24,500",7,2015,상모로 315,,-,-
제주특별자치도 서귀포시 대정읍 하모리,1221-1,1221,1,더그라벨아파트,56.75,202110,15,"19,000",3,2019,신영로 5,,-,-
제주특별자치도 서귀포시 대정읍 하모리,1187-2,1187,2,벽성뜨래별,112.256,202110,5,"29,300",5,2006,신영로 16,,-,-
제주특별자치도 서귀포시 동홍동,1382,1382,0,나산빌라트,83.13,202110,12,"12,000",2,1992,중앙로150번길 33,,-,-
제주특별자치도 서귀포시 동홍동,539,539,0,네스트힐,84.75,202110,5,"26,700",6,2013,동홍로99번길 10,,-,-
제주특별자치도 서귀포시 동홍동,506-1,506,1,대오,74.7,202110,13,"16,000",1,1998,동홍서로 83,,-,-
제주특별자치도 서귀포시 동홍동,357-6,357,6,덕산가온누리빌,84.95,202110,15,"20,640",4,2015,태평로512번길 1-4,,-,-
제주특별자치도 서귀포시 동홍동,149-1,149,1,덕산캐슬,84.9457,202110,27,"22,000",1,2008,태평로 529-6,,-,-
제주특별자치도 서귀포시 동홍동,2196,2196,0,동호아트리움,84.9626,202110,21,"41,500",2,2019,일주동로 8547-1,,-,-
제주특별자치도 서귀포시 동홍동,2196,2196,0,동호아트리움,74.6182,202110,30,"38,000",10,2019,일주동로 8547-1,,-,-
제주특별자치도 서귀포시 동홍동,1202-1,1202,1,동홍동예그린하우스텔4차,44.6639,202110,19,"15,000",2,2016,중산간동로7929번길 26,,-,-
제주특별자치도 서귀포시 동홍동,157,157,0,동홍동코아루,70.4929,202110,5,"31,600",7,2013,일주동로 8565,,-,-
제주특별자치도 서귀포시 동홍동,157,157,0,동홍동코아루,60.9375,202110,15,"25,500",6,2013,일주동로 8565,,-,-
제주특별자치도 서귀포시 동홍동,157,157,0,동홍동코아루,60.9375,202110,18,"27,800",9,2013,일주동로 8565,,-,-
제주특별자치도 서귀포시 동홍동,1230-1,1230,1,동홍반석아르미,68.7117,202110,12,"18,000",2,2003,동홍로162번길 30,,-,-
제주특별자치도 서귀포시 동홍동,1230-1,1230,1,동홍반석아르미,79.8388,202110,16,"20,000",1,2003,동홍로162번길 30,,-,-
제주특별자치도 서귀포시 동홍동,201,201,0,삼아,84.42,202110,7,"20,000",1,1991,태평로536번길 6,,-,-
제주특별자치도 서귀포시 동홍동,201,201,0,삼아,90.36,202110,13,"23,000",1,1991,태평로536번길 6,,-,-
제주특별자치도 서귀포시 동홍동,201,201,0,삼아,113.22,202110,14,"26,500",4,1991,태평로536번길 6,,-,-
제주특별자치도 서귀포시 동홍동,Mar-88,88,3,서강파인힐102동,84.98,202110,27,"27,000",8,2012,동홍서로 104-9,,-,-
제주특별자치도 서귀포시 동홍동,1557-1,1557,1,센트럴팰리스,21.96,202110,25,"13,083",4,2018,중앙로 172,,-,-
제주특별자치도 서귀포시 동홍동,648-3,648,3,신환,70.324,202110,29,"13,000",3,2000,태평로537번길 40-6,,-,-
제주특별자치도 서귀포시 동홍동,405-1,405,1,제이원파크,74.798,202110,16,"22,000",2,2015,동홍서로 10-10,,-,-
제주특별자치도 서귀포시 동홍동,405-1,405,1,제이원파크,74.798,202110,18,"22,000",2,2015,동홍서로 10-10,,-,-
제주특별자치도 서귀포시 동홍동,1674,1674,0,주공5차(동홍5차),49.87,202110,2,"18,600",5,1999,중산간동로 8002,,-,-
제주특별자치도 서귀포시 동홍동,1674,1674,0,주공5차(동홍5차),49.87,202110,3,"21,000",4,1999,중산간동로 8002,,-,-
제주특별자치도 서귀포시 동홍동,1674,1674,0,주공5차(동홍5차),39.79,202110,15,"17,000",1,1999,중산간동로 8002,,-,-
제주특별자치도 서귀포시 법환동,744-1,744,1,스마트블루빌,29.028,202110,12,"8,300",3,2014,김정문화로41번길 14-4,,-,-
제주특별자치도 서귀포시 서귀동,285-18,285,18,서귀포의꿈,27.4,202110,22,"8,800",11,2014,동문로 13-1,,-,-
제주특별자치도 서귀포시 서호동,1540,1540,0,제주서귀포혁신도시엘에이치1단지,84.94,202110,5,"47,300",8,2013,서호남로 92-15,,-,-
제주특별자치도 서귀포시 서호동,1540,1540,0,제주서귀포혁신도시엘에이치1단지,59.98,202110,11,"34,000",5,2013,서호남로 92-15,,-,-
제주특별자치도 서귀포시 서호동,1545,1545,0,제주서귀포혁신도시엘에이치2단지,84.94,202110,8,"48,500",10,2015,서호남로 92-16,,-,-
제주특별자치도 서귀포시 서홍동,220-1,220,1,광진빌2차B동,76.594,202110,23,"21,800",5,2012,중산간동로 8064-2,,-,-
제주특별자치도 서귀포시 서홍동,Jan-04,2004,1,서홍반석타운,45.31,202110,8,"9,000",2,2000,현청로 41-14,,-,-
제주특별자치도 서귀포시 서홍동,305-2,305,2,지오빌Ⅱ-2차,84.3708,202110,30,"36,500",7,2013,중앙로 189,,-,-
제주특별자치도 서귀포시 서홍동,305-2,305,2,지오빌Ⅱ-2차,84.3708,202110,31,"38,500",10,2013,중앙로 189,,-,-
제주특별자치도 서귀포시 안덕면 화순리,2133,2133,0,서귀포화순코아루푸르나임,84.9455,202110,1,"28,000",5,2017,화순중앙로12번길 39,,-,-
제주특별자치도 서귀포시 안덕면 화순리,2133,2133,0,서귀포화순코아루푸르나임,84.9455,202110,19,"26,200",1,2017,화순중앙로12번길 39,,-,-
제주특별자치도 서귀포시 안덕면 화순리,1092-1,1092,1,엘림피렌체3차,84.82,202110,4,"24,000",7,2017,화순재남로 5,,-,-
제주특별자치도 서귀포시 중문동,1674-1,1674,1,남주(나동),45.97,202110,18,"4,500",5,1991,천제연로213번길 33-4,,-,-
제주특별자치도 서귀포시 중문동,Feb-99,1999,2,민우중문,58.92,202110,14,"13,000",1,1993,천제연로213번길 14-3,,-,-
제주특별자치도 서귀포시 중문동,Jan-67,2367,1,삼성홈스테이,17.9935,202110,28,"7,900",4,2018,중문상로 10,,-,-
제주특별자치도 서귀포시 중문동,2088,2088,0,조흔파크,84.5214,202110,11,"25,000",10,2015,중문로 6-8,,-,-
제주특별자치도 서귀포시 중문동,1725,1725,0,중문남해오네뜨오션힐,84.89,202110,1,"34,500",3,2016,중문상로82번길 15,,-,-
제주특별자치도 서귀포시 중문동,1725,1725,0,중문남해오네뜨오션힐,84.89,202110,1,"32,000",4,2016,중문상로82번길 15,,-,-
제주특별자치도 서귀포시 중문동,1725,1725,0,중문남해오네뜨오션힐,68.93,202110,8,"31,500",2,2016,중문상로82번길 15,,-,-
제주특별자치도 서귀포시 중문동,1725,1725,0,중문남해오네뜨오션힐,84.89,202110,29,"31,000",1,2016,중문상로82번길 15,,-,-
제주특별자치도 서귀포시 중문동,1789,1789,0,중문푸른마을,51.88,202110,8,"22,000",2,2003,천제연로 239,,-,-
제주특별자치도 서귀포시 중문동,1789,1789,0,중문푸른마을,51.88,202110,12,"22,500",2,2003,천제연로 239,,-,-
제주특별자치도 서귀포시 중문동,1789,1789,0,중문푸른마을,59.97,202110,18,"23,700",4,2003,천제연로 239,,-,-
제주특별자치도 서귀포시 중문동,1789,1789,0,중문푸른마을,51.88,202110,19,"21,000",5,2003,천제연로 239,,-,-
제주특별자치도 서귀포시 중문동,1789,1789,0,중문푸른마을,51.88,202110,27,"22,000",2,2003,천제연로 239,,-,-
제주특별자치도 서귀포시 토평동,175,175,0,"토평반석타운(가동,나동)",59.4341,202110,6,"10,300",4,2000,중산간동로 7678,,-,-
제주특별자치도 서귀포시 토평동,175,175,0,"토평반석타운(가동,나동)",59.4341,202110,20,"11,500",3,2000,중산간동로 7678,,-,-
제주특별자치도 서귀포시 토평동,175,175,0,"토평반석타운(가동,나동)",42.2624,202110,22,"8,300",2,2000,중산간동로 7678,,-,-
제주특별자치도 서귀포시 표선면 표선리,1591-5,1591,5,세베스트아파트,84.6284,202110,14,"32,700",7,2019,표선동서로193번길 37,,-,-
제주특별자치도 서귀포시 표선면 표선리,1591-5,1591,5,세베스트아파트,83.0104,202110,16,"34,000",2,2019,표선동서로193번길 37,,-,-
제주특별자치도 서귀포시 표선면 표선리,1536-1,1536,1,청담휴클래스,84.9476,202110,22,"28,500",7,2016,표선동서로61번길 127,,-,-
제주특별자치도 서귀포시 하원동,367-1,367,1,서진,49.8737,202110,28,"11,400",4,2002,지세못로 29,,-,-
제주특별자치도 서귀포시 호근동,1331,1331,0,한성,93.49,202110,19,"16,000",2,1992,호근남로 37,,-,-
제주특별자치도 제주시 건입동,1226-2,1226,2,(1226-2),55.44,202110,20,"24,400",5,2020,공덕길 1,,-,-
제주특별자치도 제주시 건입동,673-5,673,5,도원아미스원,84.95,202110,16,"23,500",10,2003,임항로 271,,-,-
제주특별자치도 제주시 건입동,940-3,940,3,현대,67.93,202110,11,"26,100",5,1993,만덕로3길 26,,-,-
제주특별자치도 제주시 구좌읍 세화리,1555-1,1555,1,나이스6차,79.0493,202110,10,"23,800",7,2017,구좌로 26-12,,-,-
제주특별자치도 제주시 노형동,1028-1,1028,1,노형세기5차,59.82,202110,14,"16,300",6,1995,월랑북길 43,,-,-
제주특별자치도 제주시 노형동,Feb-85,2585,2,노형이-편한세상,125.659,202110,12,"127,000",12,2005,수덕로 78,,-,-
제주특별자치도 제주시 노형동,1057-2,1057,2,노형이화2차,59.8,202110,16,"16,200",3,1995,수덕로 13,,-,-
제주특별자치도 제주시 노형동,1062-5,1062,5,대원상록수노형1차,45.21,202110,3,"11,700",5,1995,수덕7길 9,,-,-
제주특별자치도 제주시 노형동,1060-4,1060,4,동덕,37.57,202110,16,"12,800",4,1997,정존11길 30,,-,-
제주특별자치도 제주시 노형동,732,732,0,부영1차,80.6583,202110,1,"76,000",10,2001,원노형로 93,,-,-
제주특별자치도 제주시 노형동,754-4,754,4,부영2차,45.9078,202110,11,"40,000",4,2001,과원로 11,,-,-
제주특별자치도 제주시 노형동,754-3,754,3,부영3차,84.9508,202110,8,"71,000",1,2001,과원로 27,,-,-
제주특별자치도 제주시 노형동,754-3,754,3,부영3차,84.9508,202110,13,"43,000",3,2001,과원로 27,,-,-
제주특별자치도 제주시 노형동,1272-3,1272,3,삼다빌라트,140.26,202110,6,"45,000",6,1996,다랑곶7길 18,,-,-
제주특별자치도 제주시 노형동,1040-1,1040,1,삼환3차,76.71,202110,20,"25,500",7,1998,월랑북길 18,,-,-
제주특별자치도 제주시 노형동,Feb-24,2524,2,세방,56.61,202110,17,"20,000",1,1991,정존9길 32-4,,-,-
제주특별자치도 제주시 노형동,914-3,914,3,세원멤버스노형1차,84.96,202110,1,"35,000",6,2004,원노형3길 13,,-,-
제주특별자치도 제주시 노형동,940-7,940,7,송우수자인,84.61,202110,15,"43,800",8,2015,원노형로 35,,-,-
제주특별자치도 제주시 노형동,904-14,904,14,에이스아크로빌,84.11,202110,6,"31,700",6,2009,원노형5길 30,,-,-
제주특별자치도 제주시 노형동,930-1,930,1,에코빌리지Ⅰ,84.9,202110,16,"39,500",9,2009,노연로 30,,-,-
제주특별자치도 제주시 노형동,Aug-15,2615,8,온산2차,114.21,202110,22,"28,000",5,2001,수덕11길 34,,-,-
제주특별자치도 제주시 노형동,945,945,0,유나이티드,42.75,202110,17,"16,800",4,1984,원노형10길 28,,-,-
제주특별자치도 제주시 노형동,945,945,0,유나이티드,42.75,202110,19,"20,000",3,1984,원노형10길 28,,-,-
제주특별자치도 제주시 노형동,945,945,0,유나이티드,42.75,202110,26,"16,500",6,1984,원노형10길 28,,-,-
제주특별자치도 제주시 노형동,May-79,3779,5,인텔리젼트한빛,83.525,202110,10,"40,000",9,2004,1100로 3349,,-,-
제주특별자치도 제주시 노형동,753-1,753,1,중흥에스클래스,59.957,202110,4,"60,000",3,2002,한라대학로 107,,-,-
제주특별자치도 제주시 노형동,753-1,753,1,중흥에스클래스,84.9963,202110,20,"84,000",11,2002,한라대학로 107,,-,-
제주특별자치도 제주시 노형동,1038-8,1038,8,지산12차위더스빌,84.7448,202110,27,"38,000",6,2006,다랑곶4길 55,,-,-
제주특별자치도 제주시 노형동,732-1,732,1,해오름,57.03,202110,8,"60,500",1,2001,연화로 16,,-,-
제주특별자치도 제주시 노형동,731-1,731,1,현대아이파크,84.98,202110,20,"84,000",1,2001,원노형로 90,,-,-
제주특별자치도 제주시 도남동,800,800,0,도남1차e편한세상,120.362,202110,8,"71,000",3,2005,오남로 7-13,,-,-
제주특별자치도 제주시 도남동,800,800,0,도남1차e편한세상,120.362,202110,8,"71,000",3,2005,오남로 7-13,20211025,-,-
제주특별자치도 제주시 도남동,902,902,0,도남2차e-편한세상,84.647,202110,12,"50,000",6,2005,서광로22길 32,,-,-
제주특별자치도 제주시 도남동,Apr-74,74,4,도남월드하우스,84.74,202110,1,"25,000",8,2005,도남로15길 13,,-,-
제주특별자치도 제주시 도남동,83-67,83,67,명보한우리,74.4,202110,11,"24,000",6,2003,도남로 79,,-,-
제주특별자치도 제주시 도남동,Jun-50,50,6,성원1,54.61,202110,19,"13,400",3,1993,도남로10길 35-10,,-,-
제주특별자치도 제주시 도남동,Jan-69,69,1,수선화,39.65,202110,11,"14,500",5,1993,도남로 129,,-,-
제주특별자치도 제주시 도남동,Jan-69,69,1,수선화,39.89,202110,15,"23,000",1,1993,도남로 129,,-,-
제주특별자치도 제주시 도남동,70,70,0,수선화(70),53.89,202110,2,"20,700",3,1992,독짓골2길 25,20211102,-,-
제주특별자치도 제주시 도남동,83-57,83,57,수선화가동,39.65,202110,3,"13,000",3,1993,도남로 75-3,,-,-
제주특별자치도 제주시 도두일동,Feb-19,2619,2,도두네오하임B,83.34,202110,14,"35,000",10,2017,도두항서7길 5-10,,-,-
제주특별자치도 제주시 도두일동,Jan-19,2619,1,도두네오하임주상복합A동,84.01,202110,7,"32,000",9,2016,도두항서5길 10,,-,-
제주특별자치도 제주시 도두일동,Jan-19,2619,1,도두네오하임주상복합A동,84.01,202110,7,"32,000",9,2016,도두항서5길 10,,-,-
제주특별자치도 제주시 도두일동,2614,2614,0,블루파크시티,21.2369,202110,29,"14,500",6,2018,도두항서길 41,,-,-
제주특별자치도 제주시 도련이동,548,548,0,제주삼화사랑으로부영1차,84.3616,202110,6,"58,000",11,2013,화삼북로 136,,-,-
제주특별자치도 제주시 도련이동,548,548,0,제주삼화사랑으로부영1차,73.9049,202110,14,"53,200",5,2013,화삼북로 136,,-,-
제주특별자치도 제주시 도련이동,548,548,0,제주삼화사랑으로부영1차,73.9049,202110,15,"50,000",2,2013,화삼북로 136,,-,-
제주특별자치도 제주시 도련이동,548,548,0,제주삼화사랑으로부영1차,84.3616,202110,25,"58,000",1,2013,화삼북로 136,,-,-
제주특별자치도 제주시 도련일동,1585-5,1585,5,반석스위스타운,80.955,202110,25,"19,500",3,2002,삼봉로 170,,-,-
제주특별자치도 제주시 봉개동,300-3,300,3,남해오네뜨,32.39,202110,22,"28,000",5,2019,삼무로11길 9,,-,-
제주특별자치도 제주시 삼도이동,941,941,0,미듬밀레니엄,84.94,202110,11,"22,000",5,2001,중앙로12길 34,,-,-
제주특별자치도 제주시 삼도이동,300-26,300,26,미듬하나로,79.22,202110,7,"20,500",1,2003,중앙로28길 29,,-,-
제주특별자치도 제주시 삼도일동,552-3,552,3,대명2차꿈의고향,84.89,202110,23,"25,800",5,2004,서광로19길 4,,-,-
제주특별자치도 제주시 삼도일동,501-2,501,2,목성,82.8084,202110,22,"35,500",2,2012,서광로11길 43,,-,-
제주특별자치도 제주시 삼도일동,321-1,321,1,삼성뜨래별,80.87,202110,4,"39,000",3,2016,홍랑길 26-17,,-,-
제주특별자치도 제주시 삼양이동,Feb-28,2128,2,네오하임A동,76.94,202110,4,"26,000",8,2012,설촌로4길 4,,-,-
제주특별자치도 제주시 삼양이동,Feb-35,2135,2,삼양더힐링빌,30.425,202110,14,"11,000",7,2016,설촌로2길 30,,-,-
제주특별자치도 제주시 삼양이동,Jan-42,2142,1,삼화다온펠리스,83.5539,202110,5,"38,280",4,2019,지석2길 3,,-,-
제주특별자치도 제주시 아라일동,6121,6121,0,아라아이파크,84.9813,202110,3,"86,000",13,2013,인다1길 20,,-,-
제주특별자치도 제주시 아라일동,6121,6121,0,아라아이파크,84.9813,202110,3,"86,000",13,2013,인다1길 20,,-,-
제주특별자치도 제주시 아라일동,6121,6121,0,아라아이파크,84.9994,202110,20,"85,000",6,2013,인다1길 20,,-,-
제주특별자치도 제주시 아라일동,Aug-43,6143,8,아라천일,79.95,202110,19,"20,000",2,1992,인다14길 11,,-,-
제주특별자치도 제주시 아라일동,6142-13,6142,13,염광,46.32,202110,4,"30,000",5,1990,인다15길 5-6,,-,-
제주특별자치도 제주시 아라일동,1449-1,1449,1,회성푸르니5차,74.6913,202110,12,"15,000",1,2015,한림남2길 8,,-,-
제주특별자치도 제주시 애월읍 애월리,1622,1622,0,혁승애월다움,84.115,202110,6,"19,000",4,2017,애원로 11,,-,-
제주특별자치도 제주시 애월읍 하귀1리,167,167,0,제주하귀휴먼시아1단지,84.82,202110,8,"52,200",7,2010,하귀9길 45,,-,-
제주특별자치도 제주시 애월읍 하귀1리,167,167,0,제주하귀휴먼시아1단지,84.84,202110,16,"50,000",7,2010,하귀9길 45,,-,-
제주특별자치도 제주시 애월읍 하귀1리,166-1,166,1,제주하귀휴먼시아2단지,84.84,202110,6,"53,000",12,2010,하귀9길 71,,-,-
제주특별자치도 제주시 애월읍 하귀2리,1437,1437,0,하귀코아루오션뷰,84.9619,202110,6,"40,000",2,2018,항몽로 7,,-,-
제주특별자치도 제주시 애월읍 하귀2리,1437,1437,0,하귀코아루오션뷰,84.966,202110,12,"41,000",3,2018,항몽로 7,,-,-
제주특별자치도 제주시 애월읍 하귀2리,1437,1437,0,하귀코아루오션뷰,84.966,202110,28,"41,700",4,2018,항몽로 7,,-,-
제주특별자치도 제주시 연동,2333-13,2333,13,갤럭시연동빌,23.132,202110,6,"6,400",5,2012,일주서로 7898,,-,-
제주특별자치도 제주시 연동,253-7,253,7,굿윌카운티,82.955,202110,28,"37,000",13,2004,연동4길 6-12,,-,-
제주특별자치도 제주시 연동,300-3,300,3,남해오네뜨,32.39,202110,26,"21,500",9,2019,삼무로11길 9,,-,-
제주특별자치도 제주시 연동,Feb-64,1964,2,"대림(101,102동)",57.36,202110,13,"33,500",7,1990,성신로 9,,-,-
제주특별자치도 제주시 연동,1399-1,1399,1,대림이편한세상2차,84.978,202110,5,"100,000",3,2002,연화로 25,,-,-
제주특별자치도 제주시 연동,Apr-52,1952,4,동남,79.56,202110,18,"21,000",1,1991,남녕로6길 5,,-,-
제주특별자치도 제주시 연동,Apr-52,1952,4,동남,76.86,202110,23,"20,000",1,1991,남녕로6길 5,,-,-
제주특별자치도 제주시 연동,Apr-52,1952,4,동남,79.56,202110,25,"17,000",5,1991,남녕로6길 5,,-,-
제주특별자치도 제주시 연동,257,257,0,디지털한빛,84.719,202110,20,"44,000",10,2005,연동4길 32,,-,-
제주특별자치도 제주시 연동,293-15,293,15,민트하우스,34.14,202110,1,"10,300",3,2013,은남4길 19,,-,-
제주특별자치도 제주시 연동,290-41,290,41,세준,83.14,202110,7,"23,000",3,2003,연삼로 34,,-,-
제주특별자치도 제주시 연동,262-18,262,18,연동ABC주상복합,40.62,202110,23,"12,500",9,2013,노연로 87,,-,-
제주특별자치도 제주시 연동,253-36,253,36,연동백강스위트엠Ⅰ,66.874,202110,14,"43,777",11,2021,연동4길 12-12,,-,-
제주특별자치도 제주시 연동,253-36,253,36,연동백강스위트엠Ⅰ,84.81,202110,26,"58,149",15,2021,연동4길 12-12,,-,-
제주특별자치도 제주시 연동,253-36,253,36,연동백강스위트엠Ⅰ,66.714,202110,29,"45,303",10,2021,연동4길 12-12,,-,-
제주특별자치도 제주시 연동,Jul-25,2325,7,연동한일씨티파크,84.8779,202110,7,"41,000",10,2014,도령로 103,,-,-
제주특별자치도 제주시 연동,290-4,290,4,이레빌,22.75,202110,5,"8,000",5,2012,신광로1길 6,,-,-
제주특별자치도 제주시 연동,290-4,290,4,이레빌,22.75,202110,20,"6,000",6,2012,신광로1길 6,,-,-
제주특별자치도 제주시 연동,May-51,1951,5,정한맨션(C동),69.67,202110,16,"17,000",1,1992,남녕로8길 7,,-,-
제주특별자치도 제주시 연동,300-6,300,6,초석프라임빌,61.91,202110,15,"17,800",8,2005,삼무로11길 15,,-,-
제주특별자치도 제주시 연동,May-61,1961,5,한라하이츠빌라,84.92,202110,24,"23,550",1,1998,도령로7길 22,,-,-
제주특별자치도 제주시 오라이동,Jan-80,1980,1,헤르지아2차아파트,84.98,202110,10,"39,000",6,2016,연사길 79-1,,-,-
제주특별자치도 제주시 오라이동,1390-1,1390,1,휴림힐타운아파트,84.72,202110,16,"37,300",4,2018,연사2길 3,,-,-
제주특별자치도 제주시 외도이동,250-22,250,22,바로,82.82,202110,30,"19,900",7,2003,월대6길 10,,-,-
제주특별자치도 제주시 외도일동,416-9,416,9,골드하우스,125.08,202110,15,"41,500",8,2009,우정로4길 10,,-,-
제주특별자치도 제주시 외도일동,439-1,439,1,네오하임6차,84.83,202110,31,"29,000",8,2015,우정로4길 35,,-,-
제주특별자치도 제주시 외도일동,537-3,537,3,더그라벨,83.1904,202110,8,"33,500",7,2016,우령서로 69,,-,-
제주특별자치도 제주시 외도일동,626-4,626,4,더팰리스8차,77.2169,202110,7,"31,100",3,2018,우정로18길 36,,-,-
제주특별자치도 제주시 외도일동,626-4,626,4,더팰리스8차,77.2169,202110,14,"32,000",7,2018,우정로18길 36,,-,-
제주특별자치도 제주시 외도일동,626-4,626,4,더팰리스8차,72.0369,202110,14,"29,800",2,2018,우정로18길 36,,-,-
제주특별자치도 제주시 외도일동,418-6,418,6,백강수피아5차,84.79,202110,16,"42,000",12,2018,우정로4길 4,,-,-
제주특별자치도 제주시 외도일동,560-2,560,2,부영(2차),84.9873,202110,11,"46,500",2,2001,우평로 318,,-,-
제주특별자치도 제주시 외도일동,560-2,560,2,부영(2차),84.9873,202110,12,"48,500",6,2001,우평로 318,,-,-
제주특별자치도 제주시 외도일동,560-2,560,2,부영(2차),84.9873,202110,17,"43,000",3,2001,우평로 318,,-,-
제주특별자치도 제주시 외도일동,440-1,440,1,상익푸르미르2차,58.1649,202110,27,"34,500",8,2017,우령8길 5-2,,-,-
제주특별자치도 제주시 외도일동,463-1,463,1,아모르101,48.5429,202110,11,"14,500",2,2012,우정로6길 17,,-,-
제주특별자치도 제주시 외도일동,463-13,463,13,아모르102,49.9224,202110,1,"14,000",2,2013,우령6길 15-5,,-,-
제주특별자치도 제주시 외도일동,474-5,474,5,외도미듬하나로,83.79,202110,21,"24,000",4,2004,우정로8길 10,,-,-
제주특별자치도 제주시 외도일동,560-1,560,1,외도부영1차,39.84,202110,6,"19,000",11,2000,우정로11길 22,,-,-
제주특별자치도 제주시 외도일동,560-1,560,1,외도부영1차,49.896,202110,6,"22,000",4,2000,우정로11길 22,,-,-
제주특별자치도 제주시 외도일동,560-1,560,1,외도부영1차,39.84,202110,6,"20,000",11,2000,우정로11길 22,,-,-
제주특별자치도 제주시 외도일동,560-1,560,1,외도부영1차,39.84,202110,12,"21,000",7,2000,우정로11길 22,,-,-
제주특별자치도 제주시 외도일동,560-1,560,1,외도부영1차,49.896,202110,14,"25,000",10,2000,우정로11길 22,,-,-
제주특별자치도 제주시 외도일동,560-1,560,1,외도부영1차,49.896,202110,15,"24,500",10,2000,우정로11길 22,,-,-
제주특별자치도 제주시 외도일동,560-1,560,1,외도부영1차,49.896,202110,16,"22,900",3,2000,우정로11길 22,,-,-
제주특별자치도 제주시 외도일동,560-1,560,1,외도부영1차,39.84,202110,16,"20,000",10,2000,우정로11길 22,,-,-
제주특별자치도 제주시 외도일동,560-1,560,1,외도부영1차,49.896,202110,18,"21,500",11,2000,우정로11길 22,,-,-
제주특별자치도 제주시 외도일동,560-1,560,1,외도부영1차,59.933,202110,20,"28,000",2,2000,우정로11길 22,,-,-
제주특별자치도 제주시 외도일동,560-1,560,1,외도부영1차,59.933,202110,27,"25,500",1,2000,우정로11길 22,,-,-
제주특별자치도 제주시 외도일동,445-5,445,5,외도탐나지오,81.485,202110,11,"35,000",4,2021,우정로6길 6,,-,-
제주특별자치도 제주시 외도일동,445-5,445,5,외도탐나지오,82.805,202110,21,"35,500",3,2021,우정로6길 6,,-,-
제주특별자치도 제주시 외도일동,445-5,445,5,외도탐나지오,81.485,202110,21,"35,500",5,2021,우정로6길 6,,-,-
제주특별자치도 제주시 외도일동,445-5,445,5,외도탐나지오,82.805,202110,21,"38,000",8,2021,우정로6길 6,,-,-
제주특별자치도 제주시 외도일동,445-5,445,5,외도탐나지오,81.485,202110,29,"37,500",9,2021,우정로6길 6,,-,-
제주특별자치도 제주시 외도일동,632-11,632,11,외도해든빌5차,81.32,202110,6,"31,650",8,2015,우정로16길 29,,-,-
제주특별자치도 제주시 외도일동,449-1,449,1,제웅1차솔내음빌리지,40.38,202110,1,"9,500",2,2011,우정로 17,,-,-
제주특별자치도 제주시 외도일동,449-1,449,1,제웅1차솔내음빌리지,39.3,202110,11,"10,000",6,2011,우정로 17,,-,-
제주특별자치도 제주시 외도일동,636-3,636,3,챠밍2차,84.98,202110,21,"24,000",6,2005,우령4길 37,,-,-
제주특별자치도 제주시 외도일동,450-8,450,8,핀크스,139.01,202110,15,"43,000",10,2007,우정로5길 7,,-,-
제주특별자치도 제주시 외도일동,640-1,640,1,해마루풍경102동,54.4914,202110,29,"22,000",5,2013,우령서로 87,,-,-
제주특별자치도 제주시 외도일동,477-3,477,3,해피하우스,84.9353,202110,17,"29,500",5,2011,절물2길 32,,-,-
제주특별자치도 제주시 용담삼동,581-3,581,3,용두암현대2,84.6,202110,7,"25,200",6,1991,용담로5길 5,,-,-
제주특별자치도 제주시 용담이동,632-2,632,2,서림아이빌,84.59,202110,6,"22,000",6,2007,용문서안길 22,,-,-
제주특별자치도 제주시 용담이동,609-2,609,2,영보맨션,72.69,202110,18,"10,000",5,1992,용화로5길 7,,-,-
제주특별자치도 제주시 용담이동,609-2,609,2,영보맨션,54.66,202110,29,"10,000",5,1992,용화로5길 7,,-,-
제주특별자치도 제주시 용담이동,619,619,0,용두암현대3,84.75,202110,28,"22,900",3,1992,성화로6길 46,,-,-
제주특별자치도 제주시 용담이동,609-77,609,77,헤르지아,84.9902,202110,22,"28,700",9,2012,성화로 2,,-,-
제주특별자치도 제주시 용담일동,181-3,181,3,용담수목2차,94.95,202110,7,"22,700",4,2003,남성로 35-1,,-,-
제주특별자치도 제주시 월평동,745,745,0,제주첨단꿈에그린2단지아파트,84.7938,202110,6,"52,900",5,2017,첨단로동길 74,,-,-
제주특별자치도 제주시 월평동,745,745,0,제주첨단꿈에그린2단지아파트,84.7938,202110,12,"53,000",2,2017,첨단로동길 74,,-,-
제주특별자치도 제주시 월평동,745,745,0,제주첨단꿈에그린2단지아파트,84.7938,202110,19,"52,500",2,2017,첨단로동길 74,,-,-
제주특별자치도 제주시 월평동,747,747,0,제주첨단꿈에그린3단지아파트,101.8684,202110,5,"64,000",4,2018,첨단로동길 106,,-,-
제주특별자치도 제주시 이도이동,1010-12,1010,12,엘루체,33.06,202110,23,"7,900",5,2014,중앙로 258-1,,-,-
제주특별자치도 제주시 이도이동,1034-1,1034,1,이도월드하우스,84.259,202110,2,"25,000",6,2009,고산동산1길 2,,-,-
제주특별자치도 제주시 이도이동,1956,1956,0,이도한일베라체,84.67,202110,18,"84,000",12,2011,신설로 55,,-,-
제주특별자치도 제주시 이도이동,777,777,0,주공2차,46.74,202110,15,"80,000",4,1988,구남로 43,,-,-
제주특별자치도 제주시 이도이동,777,777,0,주공3,39.3,202110,4,"70,000",2,1989,구남로 31,,-,-
제주특별자치도 제주시 이도이동,777,777,0,주공3,47.01,202110,19,"79,000",5,1989,구남로 31,,-,-
제주특별자치도 제주시 이도이동,1062-3,1062,3,하늘그린5차,84.65,202110,18,"36,700",5,2013,연삼로 436,,-,-
제주특별자치도 제주시 이도일동,1244-3,1244,3,고덕쉐르빌,84.79,202110,14,"30,000",12,2005,돈내길 46,,-,-
제주특별자치도 제주시 이도일동,1664-4,1664,4,광양미화,82.03,202110,6,"17,500",5,1991,광양4길 22,,-,-
제주특별자치도 제주시 이도일동,1664-4,1664,4,광양미화,84.46,202110,8,"17,000",5,1991,광양4길 22,,-,-
제주특별자치도 제주시 이도일동,1688-9,1688,9,극동오벨리스크,84.89,202110,2,"27,000",7,2008,서광로29길 38,,-,-
제주특별자치도 제주시 이도일동,1650-4,1650,4,장원월드컵,112,202110,16,"52,000",7,2001,서광로29길 25,,-,-
제주특별자치도 제주시 이도일동,1650-4,1650,4,장원월드컵,118.98,202110,25,"50,000",11,2001,서광로29길 25,,-,-
제주특별자치도 제주시 이도일동,1539-7,1539,7,제이시티펠리스,66.01,202110,12,"34,700",12,2021,고전길 38,,-,-
제주특별자치도 제주시 이도일동,1244-10,1244,10,태홍누리안2차,60.73,202110,27,"22,800",12,2007,동광로9길 6,,-,-
제주특별자치도 제주시 이호이동,1049,1049,0,성지휴캐슬,82.581,202110,7,"34,000",7,2017,오광로 69,,-,-
제주특별자치도 제주시 이호이동,1046,1046,0,이호휴캐슬,60.58,202110,12,"23,800",7,2017,오광로 65,,-,-
제주특별자치도 제주시 이호이동,117,117,0,해밀타운,83.91,202110,17,"32,000",7,2019,대동길 17-4,,-,-
제주특별자치도 제주시 일도이동,330-26,330,26,삼부장미주상,52.46,202110,12,"11,500",8,2004,고마로 56,,-,-
제주특별자치도 제주시 일도이동,406,406,0,서진태영아트빌,84.9963,202110,16,"32,800",4,2004,고마로19길 19,,-,-
제주특별자치도 제주시 일도이동,408,408,0,서해1,84.15,202110,28,"24,150",8,1984,천수로9길 10,,-,-
제주특별자치도 제주시 일도이동,113-4,113,4,일도1차대림,77.02,202110,10,"42,500",3,1994,태성로 31,,-,-
제주특별자치도 제주시 일도이동,113-6,113,6,일도우성2,86.15,202110,1,"30,000",2,1995,남광로 223,,-,-
제주특별자치도 제주시 일도일동,1105-1,1105,1,남안,84.1,202110,12,"24,000",1,2012,동문로6길 14,,-,-
제주특별자치도 제주시 일도일동,1279-2,1279,2,엘리트빌,84.495,202110,1,"17,000",3,2003,관덕로9길 22,,-,-
제주특별자치도 제주시 조천읍 신촌리,Feb-34,1934,2,로잔팰리스,83.521,202110,7,"32,000",7,2017,신북로 97-1,,-,-
제주특별자치도 제주시 조천읍 신촌리,1792-6,1792,6,에스디빌102동,84.42,202110,19,"30,000",7,2016,신북로 66,,-,-
제주특별자치도 제주시 조천읍 조천리,1369-1,1369,1,에스턴힐,84.8771,202110,25,"34,000",3,2020,조천10길 42,,-,-
제주특별자치도 제주시 한림읍 옹포리,283,283,0,한림오션캐슬아파트,72.673,202110,11,"26,800",6,2018,한림로 554,,-,-
제주특별자치도 제주시 한림읍 한림리,1555-1,1555,1,남건휴먼스3차,60.075,202110,20,"14,500",4,2015,한림로6길 41,,-,-
제주특별자치도 제주시 한림읍 한림리,1449-1,1449,1,회성푸르니5차,84.0119,202110,15,"25,000",4,2015,한림남2길 8,,-,-
제주특별자치도 제주시 화북이동,117,117,0,제주삼화엘에이치2단지,74.83,202110,11,"61,000",7,2014,화삼로 32,,-,-
제주특별자치도 제주시 화북이동,117,117,0,제주삼화엘에이치2단지,74.83,202110,11,"61,000",7,2014,화삼로 32,,-,-
제주특별자치도 제주시 화북일동,Mar-87,1987,3,화북조양(1차),83.985,202110,13,"24,500",2,2005,진남로8길 5,,-,-
제주특별자치도 제주시 화북일동,10월 01일,10,1,화북주공1단지,84.5,202110,23,"40,000",7,1998,동화로1길 11,,-,-
제주특별자치도 제주시 화북일동,09월 01일,9,1,"화북주공2,3단지",59.93,202110,1,"31,300",1,1998,동화로1길 39,,-,-
충청남도 계룡시 금암동,190,190,0,신성미소지움1차,84.96,202110,13,"30,000",2,2005,장안1길 9,,-,-
충청남도 계룡시 금암동,190,190,0,신성미소지움1차,84.96,202110,14,"32,900",3,2005,장안1길 9,,-,-
충청남도 계룡시 금암동,190,190,0,신성미소지움1차,84.96,202110,14,"32,000",2,2005,장안1길 9,,-,-
충청남도 계룡시 금암동,74,74,0,신성미소지움2차,84.86,202110,2,"30,300",1,2005,서금암5길 9,,-,-
충청남도 계룡시 금암동,74,74,0,신성미소지움2차,150.91,202110,16,"55,500",10,2005,서금암5길 9,,-,-
충청남도 계룡시 금암동,167-1,167,1,우림루미아트,123.6361,202110,1,"41,000",5,2005,장안로 75,,-,-
충청남도 계룡시 금암동,167-1,167,1,우림루미아트,84.9769,202110,12,"34,000",15,2005,장안로 75,,-,-
충청남도 계룡시 금암동,167-1,167,1,우림루미아트,123.6361,202110,19,"46,500",11,2005,장안로 75,,-,-
충청남도 계룡시 금암동,167-1,167,1,우림루미아트,84.9769,202110,22,"31,250",3,2005,장안로 75,,-,-
충청남도 계룡시 금암동,167-1,167,1,우림루미아트,84.9769,202110,22,"31,000",3,2005,장안로 75,,-,-
충청남도 계룡시 두마면 두계리,116,116,0,계룡E-편한세상,84.743,202110,11,"40,000",11,2007,사계로 51,,-,-
충청남도 계룡시 두마면 두계리,116,116,0,계룡E-편한세상,84.743,202110,12,"41,400",10,2007,사계로 51,,-,-
충청남도 계룡시 두마면 두계리,116,116,0,계룡E-편한세상,134.73,202110,22,"55,000",4,2007,사계로 51,,-,-
충청남도 계룡시 두마면 두계리,116,116,0,계룡E-편한세상,84.743,202110,27,"39,500",13,2007,사계로 51,,-,-
충청남도 계룡시 두마면 두계리,67,67,0,계룡더샵아파트,156.31,202110,1,"65,000",10,2008,사계로 101,,-,-
충청남도 계룡시 두마면 두계리,67,67,0,계룡더샵아파트,101.95,202110,8,"38,000",4,2008,사계로 101,,-,-
충청남도 계룡시 두마면 두계리,67,67,0,계룡더샵아파트,121.28,202110,10,"51,000",9,2008,사계로 101,,-,-
충청남도 계룡시 두마면 두계리,67,67,0,계룡더샵아파트,84.82,202110,22,"37,100",3,2008,사계로 101,,-,-
충청남도 계룡시 엄사면 엄사리,281,281,0,동아,84.865,202110,15,"22,800",7,1994,엄사중앙로 65-10,,-,-
충청남도 계룡시 엄사면 엄사리,281,281,0,동아,59.67,202110,23,"10,800",13,1994,엄사중앙로 65-10,,-,-
충청남도 계룡시 엄사면 엄사리,367,367,0,두산신성,59.76,202110,4,"12,800",2,1994,엄사중앙로 65-9,,-,-
충청남도 계룡시 엄사면 엄사리,367,367,0,두산신성,84.855,202110,19,"24,000",14,1994,엄사중앙로 65-9,,-,-
충청남도 계룡시 엄사면 엄사리,367,367,0,두산신성,59.76,202110,20,"13,800",14,1994,엄사중앙로 65-9,,-,-
충청남도 계룡시 엄사면 엄사리,367,367,0,두산신성,59.76,202110,23,"12,900",4,1994,엄사중앙로 65-9,,-,-
충청남도 계룡시 엄사면 엄사리,367,367,0,두산신성,59.76,202110,23,"13,900",7,1994,엄사중앙로 65-9,,-,-
충청남도 계룡시 엄사면 엄사리,384,384,0,비사벌,59.92,202110,20,"13,700",9,1995,번영3길 43,,-,-
충청남도 계룡시 엄사면 엄사리,384,384,0,비사벌,59.92,202110,30,"12,900",7,1995,번영3길 43,,-,-
충청남도 계룡시 엄사면 엄사리,226-4,226,4,삼진,37.59,202110,2,"5,900",7,1997,번영3길 73-12,,-,-
충청남도 계룡시 엄사면 엄사리,226-4,226,4,삼진,29.13,202110,6,"4,000",2,1997,번영3길 73-12,,-,-
충청남도 계룡시 엄사면 엄사리,226-4,226,4,삼진,29.13,202110,7,"4,000",1,1997,번영3길 73-12,,-,-
충청남도 계룡시 엄사면 엄사리,226-4,226,4,삼진,29.13,202110,17,"4,400",10,1997,번영3길 73-12,,-,-
충청남도 계룡시 엄사면 엄사리,226-4,226,4,삼진,29.13,202110,18,"3,800",4,1997,번영3길 73-12,,-,-
충청남도 계룡시 엄사면 엄사리,226-4,226,4,삼진,39.93,202110,19,"7,150",5,1997,번영3길 73-12,,-,-
충청남도 계룡시 엄사면 엄사리,282,282,0,성원,58.32,202110,1,"11,000",15,1997,엄사중앙로 66,,-,-
충청남도 계룡시 엄사면 엄사리,282,282,0,성원,58.32,202110,1,"12,300",11,1997,엄사중앙로 66,,-,-
충청남도 계룡시 엄사면 엄사리,282,282,0,성원,58.32,202110,3,"9,300",9,1997,엄사중앙로 66,,-,-
충청남도 계룡시 엄사면 엄사리,282,282,0,성원,58.32,202110,4,"8,100",14,1997,엄사중앙로 66,,-,-
충청남도 계룡시 엄사면 엄사리,282,282,0,성원,58.32,202110,4,"13,300",8,1997,엄사중앙로 66,,-,-
충청남도 계룡시 엄사면 엄사리,282,282,0,성원,58.32,202110,4,"13,300",8,1997,엄사중앙로 66,,-,-
충청남도 계룡시 엄사면 엄사리,282,282,0,성원,58.32,202110,5,"12,000",2,1997,엄사중앙로 66,,-,-
충청남도 계룡시 엄사면 엄사리,282,282,0,성원,58.32,202110,5,"12,700",3,1997,엄사중앙로 66,,-,-
충청남도 계룡시 엄사면 엄사리,282,282,0,성원,58.32,202110,7,"11,500",5,1997,엄사중앙로 66,,-,-
충청남도 계룡시 엄사면 엄사리,282,282,0,성원,58.32,202110,8,"10,000",13,1997,엄사중앙로 66,,-,-
충청남도 계룡시 엄사면 엄사리,282,282,0,성원,58.32,202110,13,"14,000",10,1997,엄사중앙로 66,,-,-
충청남도 계룡시 엄사면 엄사리,282,282,0,성원,58.32,202110,16,"9,800",2,1997,엄사중앙로 66,,-,-
충청남도 계룡시 엄사면 엄사리,282,282,0,성원,58.32,202110,18,"13,400",7,1997,엄사중앙로 66,,-,-
충청남도 계룡시 엄사면 엄사리,282,282,0,성원,58.32,202110,23,"12,000",15,1997,엄사중앙로 66,,-,-
충청남도 계룡시 엄사면 엄사리,282,282,0,성원,58.32,202110,24,"13,200",6,1997,엄사중앙로 66,,-,-
충청남도 계룡시 엄사면 유동리,06월 14일,14,6,대동,78.93,202110,4,"19,000",15,2000,번영3길 91,,-,-
충청남도 계룡시 엄사면 유동리,460,460,0,블루힐스,84.979,202110,14,"32,000",10,2012,계백로 3051,,-,-
충청남도 공주시 교동,167-1,167,1,공주교동대우,59.995,202110,18,"11,500",7,1999,무령로 169-5,,-,-
충청남도 공주시 교동,167-1,167,1,공주교동대우,59.995,202110,18,"11,000",1,1999,무령로 169-5,,-,-
충청남도 공주시 교동,3-32,3,32,한진,60.78,202110,16,"5,200",3,1985,교동3길 7,,-,-
충청남도 공주시 교동,3-32,3,32,한진,60.78,202110,22,"5,100",5,1985,교동3길 7,,-,-
충청남도 공주시 금학동,389,389,0,금학e-편한세상,84.7902,202110,2,"30,000",17,2008,우금티로 580,,-,-
충청남도 공주시 금학동,389,389,0,금학e-편한세상,84.6866,202110,13,"28,100",3,2008,우금티로 580,,-,-
충청남도 공주시 금학동,224-1,224,1,"대일아파트1,2동(224-1)",84.8,202110,16,"6,700",5,1990,금학동길 40,,-,-
충청남도 공주시 금흥동,602,602,0,공주신금우남퍼스트빌,84.667,202110,7,"40,000",3,2010,한적2길 51-14,,-,-
충청남도 공주시 금흥동,602,602,0,공주신금우남퍼스트빌,84.667,202110,12,"38,000",17,2010,한적2길 51-14,,-,-
충청남도 공주시 신관동,690,690,0,공주신관코아루센트럴파크,59.532,202110,6,"30,000",5,2018,관골1길 7,,-,-
충청남도 공주시 신관동,180-5,180,5,다숲1단지,71.29,202110,14,"25,700",12,2006,공주대학로 49-5,,-,-
충청남도 공주시 신관동,5,5,0,대아곰나루,59.67,202110,19,"12,700",14,1996,신금2길 47-1,,-,-
충청남도 공주시 신관동,05월 07일,5,7,대아아이투빌,84.9368,202110,13,"26,400",9,2002,번영1로 194-7,,-,-
충청남도 공주시 신관동,336-9,336,9,덕성그린시티빌,40.896,202110,9,"6,000",14,1999,관골2길 24-5,,-,-
충청남도 공주시 신관동,336-9,336,9,덕성그린시티빌,35.856,202110,19,"4,100",13,1999,관골2길 24-5,,-,-
충청남도 공주시 신관동,679,679,0,삼환나우빌,119.678,202110,26,"37,500",9,2009,관골1길 31-8,,-,-
충청남도 공주시 신관동,1,1,0,새뜸현대,59.5,202110,2,"14,000",2,1996,신금1길 72,,-,-
충청남도 공주시 신관동,1,1,0,새뜸현대,59.5,202110,5,"16,000",2,1996,신금1길 72,,-,-
충청남도 공주시 신관동,1,1,0,새뜸현대,59.5,202110,5,"16,000",2,1996,신금1길 72,20211005,-,-
충청남도 공주시 신관동,1,1,0,새뜸현대,59.5,202110,8,"15,900",3,1996,신금1길 72,,-,-
충청남도 공주시 신관동,1,1,0,새뜸현대,59.5,202110,16,"16,500",13,1996,신금1길 72,,-,-
충청남도 공주시 신관동,475-2,475,2,유진한아름,59.94,202110,18,"14,000",9,1994,의당로 3-8,,-,-
충청남도 공주시 신관동,276-9,276,9,이솔,59.0745,202110,6,"14,700",9,2003,신금2길 38-36,,-,-
충청남도 공주시 신관동,268-3,268,3,주공2,51.02,202110,4,"17,000",1,1988,신금1길 10,,-,-
충청남도 공주시 신관동,268-3,268,3,주공2,39.72,202110,8,"12,400",2,1988,신금1길 10,,-,-
충청남도 공주시 신관동,24-64,24,64,주공3,39.69,202110,5,"12,000",4,1990,신금1길 30-3,,-,-
충청남도 공주시 신관동,24-64,24,64,주공3,39.3,202110,6,"12,000",6,1990,신금1길 30-3,,-,-
충청남도 공주시 신관동,24-64,24,64,주공3,47.01,202110,17,"5,500",6,1990,신금1길 30-3,,-,-
충청남도 공주시 신관동,24-64,24,64,주공3,39.69,202110,19,"12,000",3,1990,신금1길 30-3,,-,-
충청남도 공주시 신관동,24-64,24,64,주공3,39.3,202110,21,"10,100",6,1990,신금1길 30-3,,-,-
충청남도 공주시 신관동,24-64,24,64,주공3,47.01,202110,23,"13,900",3,1990,신금1길 30-12,20211030,-,-
충청남도 공주시 신관동,24-64,24,64,주공3,47.01,202110,23,"13,900",3,1990,신금1길 30-12,,-,-
충청남도 공주시 신관동,24-64,24,64,주공3,47.01,202110,30,"14,000",1,1990,신금1길 30-12,,-,-
충청남도 공주시 신관동,24-64,24,64,주공3,46.68,202110,30,"13,800",3,1990,신금1길 30-12,,-,-
충청남도 공주시 신관동,19,19,0,주공4단지,59.99,202110,4,"16,700",1,1998,신금2길 48,,-,-
충청남도 공주시 신관동,664,664,0,주공5차,51.88,202110,8,"19,500",11,2005,관골2길 24-29,,-,-
충청남도 공주시 신관동,664,664,0,주공5차,51.88,202110,14,"17,000",1,2005,관골2길 24-29,,-,-
충청남도 공주시 신관동,280-3,280,3,한빛,59.73,202110,1,"14,000",3,1994,신금1길 62-15,,-,-
충청남도 공주시 신관동,280-3,280,3,한빛,59.73,202110,12,"12,900",3,1994,신금1길 62-15,,-,-
충청남도 공주시 신관동,280-3,280,3,한빛,84.82,202110,14,"19,000",9,1994,신금1길 62-15,,-,-
충청남도 공주시 신관동,177-1,177,1,"현대아파트(1,2차)",84.98,202110,14,"30,000",6,1992,공주대학로 9,,-,-
충청남도 공주시 신관동,177-1,177,1,"현대아파트(1,2차)",84.98,202110,14,"30,000",6,1992,공주대학로 9,20211026,-,-
충청남도 공주시 옥룡동,May-56,56,5,대웅맨션,68.4,202110,9,"7,000",4,1986,월성산1길 19-2,,-,-
충청남도 공주시 옥룡동,11월 20일,11,20,베스트빌,82.18,202110,14,"14,700",1,2004,버드나무1길 58,,-,-
충청남도 공주시 옥룡동,103,103,0,주공2,51.66,202110,13,"10,800",14,1994,우금티로 709-11,,-,-
충청남도 공주시 옥룡동,103,103,0,주공2,51.66,202110,22,"9,500",9,1994,우금티로 709-11,,-,-
충청남도 공주시 옥룡동,103,103,0,주공2,41.85,202110,27,"6,500",11,1994,우금티로 709-11,,-,-
충청남도 공주시 옥룡동,103,103,0,주공2,41.85,202110,29,"6,800",9,1994,우금티로 709-11,,-,-
충청남도 공주시 웅진동,산32-10,32,10,경일,47.44,202110,15,"5,000",5,1990,웅진절골3길 25,,-,-
충청남도 공주시 웅진동,산32-10,32,10,경일,42.08,202110,19,"4,100",1,1990,웅진절골3길 25,,-,-
충청남도 공주시 웅진동,산32-10,32,10,경일,42.08,202110,25,"4,300",1,1990,웅진절골3길 25,,-,-
충청남도 공주시 웅진동,771,771,0,공주금성백조예미지,59.8926,202110,16,"21,000",1,2017,웅진절골3길 38,,-,-
충청남도 공주시 웅진동,771,771,0,공주금성백조예미지,59.8926,202110,28,"19,940",1,2017,웅진절골3길 38,,-,-
충청남도 공주시 웅진동,242-2,242,2,배원청실,122.29,202110,3,"15,000",2,1993,백제문화로 2151,,-,-
충청남도 공주시 웅진동,242-2,242,2,배원청실,59.26,202110,26,"10,000",9,1993,백제문화로 2151,,-,-
충청남도 공주시 웅진동,243,243,0,시영,39.39,202110,10,"5,250",3,1991,백제문화로 2141,,-,-
충청남도 공주시 웅진동,243,243,0,시영,39.39,202110,15,"5,000",5,1991,백제문화로 2141,,-,-
충청남도 공주시 의당면 청룡리,641-5,641,5,세광엔리치빌,30.6438,202110,2,"3,000",5,2000,연수원길 112,,-,-
충청남도 공주시 의당면 청룡리,641-5,641,5,세광엔리치빌,30.6438,202110,2,"2,700",1,2000,연수원길 112,,-,-
충청남도 공주시 의당면 청룡리,641-5,641,5,세광엔리치빌,30.6438,202110,2,"3,000",3,2000,연수원길 112,,-,-
충청남도 공주시 의당면 청룡리,641-5,641,5,세광엔리치빌,30.6438,202110,6,"2,600",4,2000,연수원길 112,,-,-
충청남도 공주시 의당면 청룡리,641-5,641,5,세광엔리치빌,30.6438,202110,6,"2,800",2,2000,연수원길 112,,-,-
충청남도 공주시 의당면 청룡리,641-5,641,5,세광엔리치빌,30.6438,202110,6,"2,800",4,2000,연수원길 112,,-,-
충청남도 공주시 의당면 청룡리,641-5,641,5,세광엔리치빌,30.6438,202110,11,"2,900",1,2000,연수원길 112,,-,-
충청남도 공주시 의당면 청룡리,641-5,641,5,세광엔리치빌,30.6438,202110,12,"2,830",2,2000,연수원길 112,,-,-
충청남도 공주시 의당면 청룡리,641-5,641,5,세광엔리치빌,30.6438,202110,14,"2,600",5,2000,연수원길 112,,-,-
충청남도 공주시 의당면 청룡리,641-5,641,5,세광엔리치빌,30.6438,202110,14,"2,700",4,2000,연수원길 112,,-,-
충청남도 공주시 의당면 청룡리,641-5,641,5,세광엔리치빌,30.6438,202110,16,"3,000",5,2000,연수원길 112,,-,-
충청남도 공주시 의당면 청룡리,641-5,641,5,세광엔리치빌,30.6438,202110,19,"3,500",3,2000,연수원길 112,,-,-
충청남도 공주시 의당면 청룡리,641-5,641,5,세광엔리치빌,30.6438,202110,23,"2,500",3,2000,연수원길 112,,-,-
충청남도 공주시 의당면 청룡리,641-5,641,5,세광엔리치빌,30.6438,202110,23,"2,900",4,2000,연수원길 112,,-,-
충청남도 공주시 의당면 청룡리,641-3,641,3,신한2차,53.46,202110,10,"6,700",3,1998,연수원길 116,,-,-
충청남도 공주시 의당면 청룡리,640-1,640,1,청룡신한1차임대,56.04,202110,4,"6,350",8,1998,연수원길 115-21,,-,-
충청남도 공주시 의당면 청룡리,640-1,640,1,청룡신한1차임대,56.04,202110,9,"6,500",4,1998,연수원길 115-21,,-,-
충청남도 공주시 의당면 청룡리,640-1,640,1,청룡신한1차임대,42.54,202110,10,"4,600",7,1998,연수원길 115-21,,-,-
충청남도 공주시 의당면 청룡리,640-1,640,1,청룡신한1차임대,32.96,202110,14,"3,250",5,1998,연수원길 115-21,,-,-
충청남도 공주시 의당면 청룡리,640-1,640,1,청룡신한1차임대,42.54,202110,15,"4,250",1,1998,연수원길 115-21,,-,-
충청남도 공주시 의당면 청룡리,640-1,640,1,청룡신한1차임대,42.54,202110,16,"5,200",2,1998,연수원길 115-21,20211028,-,-
충청남도 공주시 의당면 청룡리,640-1,640,1,청룡신한1차임대,42.54,202110,16,"5,200",2,1998,연수원길 115-21,,-,-
충청남도 공주시 의당면 청룡리,640-1,640,1,청룡신한1차임대,42.54,202110,18,"4,000",1,1998,연수원길 115-21,,-,-
충청남도 공주시 의당면 청룡리,640-1,640,1,청룡신한1차임대,42.54,202110,21,"4,500",2,1998,연수원길 115-21,,-,-
충청남도 공주시 의당면 청룡리,640-1,640,1,청룡신한1차임대,42.54,202110,23,"4,900",4,1998,연수원길 115-21,,-,-
충청남도 공주시 의당면 청룡리,640-1,640,1,청룡신한1차임대,32.96,202110,23,"3,400",8,1998,연수원길 115-21,,-,-
충청남도 공주시 의당면 청룡리,640-1,640,1,청룡신한1차임대,32.96,202110,25,"4,500",4,1998,연수원길 115-21,,-,-
충청남도 공주시 의당면 청룡리,640-1,640,1,청룡신한1차임대,42.54,202110,27,"4,700",7,1998,연수원길 115-21,,-,-
충청남도 공주시 의당면 청룡리,640-1,640,1,청룡신한1차임대,32.96,202110,28,"3,750",4,1998,연수원길 115-21,,-,-
충청남도 금산군 금산읍 상리,306-8,306,8,삼호,49.8,202110,23,"7,450",12,1997,비호산로 57,,-,-
충청남도 금산군 금산읍 상리,101-3,101,3,스마트블루,48.573,202110,14,"10,500",10,2014,인삼로 76,,-,-
충청남도 금산군 금산읍 상리,101-3,101,3,스마트블루,45.97,202110,16,"9,500",5,2014,인삼로 76,,-,-
충청남도 금산군 금산읍 상리,274,274,0,주공1차,39.51,202110,2,"8,900",4,2000,비호산로 5,,-,-
충청남도 금산군 금산읍 상리,274,274,0,주공1차,39.51,202110,5,"8,300",4,2000,비호산로 5,,-,-
충청남도 금산군 금산읍 상리,274,274,0,주공1차,49.71,202110,16,"11,600",13,2000,비호산로 5,,-,-
충청남도 금산군 금산읍 상리,292,292,0,한진타운,59.67,202110,26,"12,900",8,1994,비단로 332,,-,-
충청남도 금산군 금산읍 상옥리,173-30,173,30,거성,80.22,202110,19,"7,500",4,1991,상옥로 42,,-,-
충청남도 금산군 금산읍 아인리,662-4,662,4,다빈치,84.19,202110,5,"16,900",3,2011,남사직6길 31,,-,-
충청남도 금산군 금산읍 아인리,630,630,0,대원칸타빌아파트,59.94,202110,8,"21,000",4,2015,사직로 150,,-,-
충청남도 금산군 금산읍 아인리,660-4,660,4,디노원,84.1155,202110,14,"24,800",3,2021,남사직로 9,,-,-
충청남도 금산군 금산읍 아인리,03월 04일,3,4,해맑은,84.6922,202110,4,"17,800",7,2007,후곤천길 18,,-,-
충청남도 금산군 금산읍 중도리,Oct-32,32,10,방원한방타운,83.52,202110,7,"12,300",6,2003,인삼약초로 29-3,,-,-
충청남도 금산군 금산읍 중도리,309,309,0,푸르밸리,81.0067,202110,1,"26,200",10,2020,뒷담말길 27,,-,-
충청남도 금산군 금산읍 하옥리,407-5,407,5,대신,55.97,202110,11,"7,300",11,1996,금산로 1379,,-,-
충청남도 금산군 추부면 마전리,712-8,712,8,나이스타운,36.54,202110,26,"2,400",4,2000,대학로 173,,-,-
충청남도 금산군 추부면 마전리,425-6,425,6,신원,42.3,202110,25,"6,400",6,1998,하마전로 48,,-,-
충청남도 논산시 강경읍 동흥리,100-1,100,1,백조,80.37,202110,9,"3,500",6,1991,금백로 165,,-,-
충청남도 논산시 강경읍 황산리,09월 14일,14,9,강경클래시움,65.4314,202110,19,"13,400",15,2008,금백로 74,,-,-
충청남도 논산시 강경읍 황산리,11월 02일,11,2,보성리버맨션,84.99,202110,5,"9,000",3,1993,옥녀봉로27번길 52,,-,-
충청남도 논산시 강산동,698,698,0,논산강산한신청솔,59.85,202110,5,"9,000",8,2000,논산대로 269-19,,-,-
충청남도 논산시 강산동,698,698,0,논산강산한신청솔,59.85,202110,5,"9,000",8,2000,논산대로 269-19,20211025,-,-
충청남도 논산시 강산동,698,698,0,논산강산한신청솔,59.85,202110,7,"9,000",7,2000,논산대로 269-19,,-,-
충청남도 논산시 강산동,645,645,0,동신,77.72,202110,6,"15,300",8,1995,시민로307번길 19,,-,-
충청남도 논산시 강산동,645,645,0,동신,77.72,202110,25,"15,100",15,1995,시민로307번길 19,,-,-
충청남도 논산시 강산동,643,643,0,부영,48.6,202110,6,"7,200",8,1996,시민로307번길 28,,-,-
충청남도 논산시 강산동,643,643,0,부영,59.44,202110,8,"7,000",1,1996,시민로307번길 28,,-,-
충청남도 논산시 강산동,643,643,0,부영,48.6,202110,15,"7,200",11,1996,시민로307번길 28,,-,-
충청남도 논산시 강산동,643,643,0,부영,48.6,202110,19,"5,900",1,1996,시민로307번길 28,,-,-
충청남도 논산시 강산동,643,643,0,부영,48.6,202110,20,"6,800",8,1996,시민로307번길 28,,-,-
충청남도 논산시 강산동,643,643,0,부영,48.6,202110,22,"8,000",15,1996,시민로307번길 28,,-,-
충청남도 논산시 강산동,643,643,0,부영,48.6,202110,23,"7,800",4,1996,시민로307번길 28,,-,-
충청남도 논산시 강산동,643,643,0,부영,48.6,202110,23,"7,500",2,1996,시민로307번길 28,,-,-
충청남도 논산시 강산동,643,643,0,부영,48.6,202110,26,"7,400",2,1996,시민로307번길 28,,-,-
충청남도 논산시 강산동,643,643,0,부영,48.6,202110,27,"7,200",1,1996,시민로307번길 28,,-,-
충청남도 논산시 강산동,643,643,0,부영,59.44,202110,29,"8,600",4,1996,시민로307번길 28,,-,-
충청남도 논산시 내동,272,272,0,논산제이파크1단지,84.9783,202110,1,"21,500",9,2003,시민로258번길 9,,-,-
충청남도 논산시 내동,272,272,0,논산제이파크1단지,84.9783,202110,6,"18,800",1,2003,시민로258번길 9,,-,-
충청남도 논산시 내동,272,272,0,논산제이파크1단지,84.9783,202110,7,"23,200",10,2003,시민로258번길 9,,-,-
충청남도 논산시 내동,272,272,0,논산제이파크1단지,84.9783,202110,15,"20,800",7,2003,시민로258번길 9,,-,-
충청남도 논산시 내동,272,272,0,논산제이파크1단지,84.9783,202110,16,"20,700",9,2003,시민로258번길 9,,-,-
충청남도 논산시 내동,272,272,0,논산제이파크1단지,84.9783,202110,23,"20,000",10,2003,시민로258번길 9,,-,-
충청남도 논산시 내동,969,969,0,놀뫼타운,54.78,202110,4,"8,300",9,1994,체육로 30,,-,-
충청남도 논산시 내동,969,969,0,놀뫼타운,54.78,202110,5,"8,200",6,1994,체육로 30,,-,-
충청남도 논산시 내동,969,969,0,놀뫼타운,54.78,202110,7,"8,450",12,1994,체육로 30,,-,-
충청남도 논산시 내동,969,969,0,놀뫼타운,54.78,202110,13,"7,800",12,1994,체육로 30,,-,-
충청남도 논산시 내동,969,969,0,놀뫼타운,84.98,202110,23,"16,000",3,1994,체육로 30,,-,-
충청남도 논산시 내동,969,969,0,놀뫼타운,54.78,202110,25,"8,000",11,1994,체육로 30,,-,-
충청남도 논산시 내동,969,969,0,놀뫼타운,54.78,202110,28,"8,000",12,1994,체육로 30,,-,-
충청남도 논산시 내동,535,535,0,동신,89,202110,5,"14,800",4,1993,체육로 48-6,,-,-
충청남도 논산시 내동,535,535,0,동신,89,202110,18,"18,000",6,1993,체육로 48-6,,-,-
충청남도 논산시 내동,1108,1108,0,엘에이치논산내동1단지,59.44,202110,21,"22,400",13,2015,시민로132번길 10,,-,-
충청남도 논산시 내동,1113,1113,0,엘에이치리벤하임,59.83,202110,1,"24,400",18,2014,대학로65번길 46,,-,-
충청남도 논산시 내동,1113,1113,0,엘에이치리벤하임,51.84,202110,12,"17,300",9,2014,대학로65번길 46,,-,-
충청남도 논산시 내동,1113,1113,0,엘에이치리벤하임,84.59,202110,14,"33,100",9,2014,대학로65번길 46,,-,-
충청남도 논산시 내동,1113,1113,0,엘에이치리벤하임,84.59,202110,14,"28,500",16,2014,대학로65번길 46,,-,-
충청남도 논산시 내동,1113,1113,0,엘에이치리벤하임,84.59,202110,15,"23,000",6,2014,대학로65번길 46,,-,-
충청남도 논산시 내동,1105,1105,0,힐스테이트자이논산,84.6,202110,5,"41,000",17,2019,시민로132번길 7,,-,-
충청남도 논산시 내동,1105,1105,0,힐스테이트자이논산,84.51,202110,10,"42,000",7,2019,시민로132번길 7,,-,-
충청남도 논산시 내동,1105,1105,0,힐스테이트자이논산,84.51,202110,25,"42,000",10,2019,시민로132번길 7,,-,-
충청남도 논산시 대교동,340,340,0,논산인터불고코아루,84.9983,202110,9,"27,700",19,2016,대화로119번길 11,,-,-
충청남도 논산시 대교동,340,340,0,논산인터불고코아루,71.9579,202110,9,"19,500",15,2016,대화로119번길 11,,-,-
충청남도 논산시 대교동,340,340,0,논산인터불고코아루,71.9579,202110,12,"26,000",14,2016,대화로119번길 11,,-,-
충청남도 논산시 반월동,120-2,120,2,휴드림,29.2642,202110,7,"5,300",5,2013,중앙로 448,,-,-
충청남도 논산시 반월동,120-2,120,2,휴드림,29.099,202110,14,"6,850",7,2013,중앙로 448,,-,-
충청남도 논산시 부창동,209-4,209,4,대림,59.884,202110,8,"10,000",4,1997,대림길 7,,-,-
충청남도 논산시 부창동,209-4,209,4,대림,59.884,202110,8,"9,450",2,1997,대림길 7,,-,-
충청남도 논산시 부창동,Feb-66,66,2,모닝빌,77.879,202110,22,"22,700",14,2012,부창로 69-5,,-,-
충청남도 논산시 부창동,140-1,140,1,홈테크,37.05,202110,11,"2,500",3,1991,계백로886번길 16,,-,-
충청남도 논산시 연무읍 동산리,1019,1019,0,골든팰리스,74.2769,202110,22,"20,500",4,2017,안심로 150-22,,-,-
충청남도 논산시 연무읍 동산리,903-17,903,17,기산,84.84,202110,7,"10,300",12,1997,동안로 870,,-,-
충청남도 논산시 연무읍 동산리,903-17,903,17,기산,84.84,202110,15,"8,000",2,1997,동안로 870,,-,-
충청남도 논산시 연무읍 안심리,19,19,0,모던팰리스,48.59,202110,1,"9,200",8,2017,연무로166번길 25,,-,-
충청남도 논산시 취암동,1081,1081,0,계룡리슈빌,84.8583,202110,2,"28,000",8,2007,번영로29번길 10,,-,-
충청남도 논산시 취암동,79,79,0,세중세미클래식,36.29,202110,4,"6,500",13,2000,체육로 39,,-,-
충청남도 논산시 취암동,79,79,0,세중세미클래식,36.29,202110,16,"7,100",13,2000,체육로 39,,-,-
충청남도 논산시 취암동,80,80,0,주공1단지,46.2,202110,16,"12,700",6,2002,중앙로260번길 59-5,,-,-
충청남도 논산시 취암동,1103,1103,0,취암모닝빌아파트,59.9727,202110,4,"22,900",8,2016,중앙로 281-6,,-,-
충청남도 논산시 취암동,1103,1103,0,취암모닝빌아파트,84.9955,202110,5,"29,550",8,2016,중앙로 281-6,,-,-
충청남도 논산시 화지동,24-27,24,27,오성대,86.6616,202110,5,"8,500",3,2001,해월로249번길 5,,-,-
충청남도 논산시 화지동,16,16,0,조흥,84.839,202110,1,"13,900",12,2002,해월로259번길 14,,-,-
충청남도 논산시 화지동,16,16,0,조흥,84.839,202110,14,"14,700",7,2002,해월로259번길 14,,-,-
충청남도 논산시 화지동,16,16,0,조흥,84.839,202110,14,"14,700",7,2002,해월로259번길 14,,-,-
충청남도 당진시 고대면 진관리,642-2,642,2,산내들아파트,59.88,202110,29,"9,500",8,1998,고대로 98,,-,-
충청남도 당진시 대덕동,1876,1876,0,당진대덕수청시티프라디움1차,59.9764,202110,1,"24,500",9,2020,대덕1로 102,,-,-
충청남도 당진시 대덕동,1876,1876,0,당진대덕수청시티프라디움1차,59.9788,202110,8,"24,700",9,2020,대덕1로 102,,-,-
충청남도 당진시 대덕동,1808,1808,0,한성필하우스,84.9937,202110,1,"28,300",1,2016,남부로 200,,-,-
충청남도 당진시 대덕동,1808,1808,0,한성필하우스,84.9937,202110,11,"30,300",2,2016,남부로 200,,-,-
충청남도 당진시 대덕동,1808,1808,0,한성필하우스,84.9504,202110,13,"31,000",11,2016,남부로 200,,-,-
충청남도 당진시 대덕동,1808,1808,0,한성필하우스,84.9436,202110,13,"28,500",2,2016,남부로 200,,-,-
충청남도 당진시 대덕동,1808,1808,0,한성필하우스,84.8108,202110,19,"29,000",2,2016,남부로 200,,-,-
충청남도 당진시 대덕동,1808,1808,0,한성필하우스,84.9937,202110,22,"27,500",8,2016,남부로 200,,-,-
충청남도 당진시 대덕동,1808,1808,0,한성필하우스,76.0261,202110,23,"28,300",4,2016,남부로 200,,-,-
충청남도 당진시 대덕동,1808,1808,0,한성필하우스,84.9937,202110,26,"33,000",8,2016,남부로 200,,-,-
충청남도 당진시 송산면 금암리,11,11,0,당진대상,117.31,202110,4,"13,000",12,1999,송산로 164,,-,-
충청남도 당진시 송산면 금암리,11,11,0,당진대상,49.16,202110,5,"6,500",13,1999,송산로 164,,-,-
충청남도 당진시 송산면 금암리,11,11,0,당진대상,59.83,202110,5,"10,500",12,1999,송산로 164,,-,-
충청남도 당진시 송산면 금암리,11,11,0,당진대상,59.83,202110,5,"10,500",12,1999,송산로 164,,-,-
충청남도 당진시 송산면 금암리,11,11,0,당진대상,59.83,202110,5,"10,500",10,1999,송산로 164,,-,-
충청남도 당진시 송산면 금암리,11,11,0,당진대상,49.16,202110,6,"7,000",3,1999,송산로 164,,-,-
충청남도 당진시 송산면 금암리,11,11,0,당진대상,49.16,202110,12,"6,900",4,1999,송산로 164,,-,-
충청남도 당진시 송산면 금암리,11,11,0,당진대상,59.83,202110,13,"8,750",12,1999,송산로 164,,-,-
충청남도 당진시 송산면 유곡리,861,861,0,당진엠코타운,84.9797,202110,8,"18,450",14,2013,유곡로 20,,-,-
충청남도 당진시 송산면 유곡리,861,861,0,당진엠코타운,84.9772,202110,8,"16,800",15,2013,유곡로 20,,-,-
충청남도 당진시 송산면 유곡리,861,861,0,당진엠코타운,84.9464,202110,8,"17,800",7,2013,유곡로 20,,-,-
충청남도 당진시 송산면 유곡리,861,861,0,당진엠코타운,84.9772,202110,16,"18,000",4,2013,유곡로 20,,-,-
충청남도 당진시 송산면 유곡리,861,861,0,당진엠코타운,84.9797,202110,20,"17,500",4,2013,유곡로 20,,-,-
충청남도 당진시 송산면 유곡리,861,861,0,당진엠코타운,84.9797,202110,22,"18,850",8,2013,유곡로 20,,-,-
충청남도 당진시 송산면 유곡리,219-10,219,10,송산중명,59.34,202110,5,"6,300",13,1997,송산로 809,,-,-
충청남도 당진시 송산면 유곡리,219-10,219,10,송산중명,59.34,202110,5,"6,200",10,1997,송산로 809,,-,-
충청남도 당진시 송산면 유곡리,219-10,219,10,송산중명,59.34,202110,12,"5,500",3,1997,송산로 809,,-,-
충청남도 당진시 송산면 유곡리,219-10,219,10,송산중명,59.34,202110,14,"6,200",10,1997,송산로 809,,-,-
충청남도 당진시 송산면 유곡리,219-10,219,10,송산중명,59.34,202110,21,"6,200",14,1997,송산로 809,,-,-
충청남도 당진시 송악읍 가학리,690,690,0,당진송악e편한세상,84.972,202110,3,"23,700",17,2010,반촌로 103,,-,-
충청남도 당진시 송악읍 가학리,690,690,0,당진송악e편한세상,99.888,202110,4,"24,700",15,2010,반촌로 103,,-,-
충청남도 당진시 송악읍 가학리,690,690,0,당진송악e편한세상,84.972,202110,5,"23,500",7,2010,반촌로 103,,-,-
충청남도 당진시 송악읍 가학리,690,690,0,당진송악e편한세상,84.972,202110,11,"22,000",3,2010,반촌로 103,,-,-
충청남도 당진시 송악읍 가학리,690,690,0,당진송악e편한세상,84.969,202110,13,"22,500",12,2010,반촌로 103,,-,-
충청남도 당진시 송악읍 가학리,690,690,0,당진송악e편한세상,84.972,202110,16,"22,500",8,2010,반촌로 103,,-,-
충청남도 당진시 송악읍 가학리,690,690,0,당진송악e편한세상,124.318,202110,29,"26,300",4,2010,반촌로 103,,-,-
충청남도 당진시 송악읍 기지시리,510,510,0,힐스테이트당진,84.9865,202110,5,"26,300",12,2016,틀모시로 738,,-,-
충청남도 당진시 송악읍 기지시리,510,510,0,힐스테이트당진,72.9256,202110,5,"23,700",14,2016,틀모시로 738,,-,-
충청남도 당진시 송악읍 기지시리,510,510,0,힐스테이트당진,84.9023,202110,9,"26,800",20,2016,틀모시로 738,,-,-
충청남도 당진시 송악읍 기지시리,510,510,0,힐스테이트당진,59.9909,202110,14,"19,700",8,2016,틀모시로 738,,-,-
충청남도 당진시 송악읍 기지시리,510,510,0,힐스테이트당진,72.9256,202110,17,"24,200",15,2016,틀모시로 738,,-,-
충청남도 당진시 송악읍 기지시리,504,504,0,힐스테이트당진2차,62.9771,202110,2,"23,000",12,2018,틀모시로 737,,-,-
충청남도 당진시 송악읍 기지시리,504,504,0,힐스테이트당진2차,74.5361,202110,2,"25,000",6,2018,틀모시로 737,,-,-
충청남도 당진시 송악읍 기지시리,504,504,0,힐스테이트당진2차,74.5361,202110,2,"25,000",14,2018,틀모시로 737,,-,-
충청남도 당진시 송악읍 기지시리,504,504,0,힐스테이트당진2차,99.4821,202110,3,"35,000",27,2018,틀모시로 737,,-,-
충청남도 당진시 송악읍 기지시리,504,504,0,힐스테이트당진2차,62.7016,202110,3,"22,000",18,2018,틀모시로 737,,-,-
충청남도 당진시 송악읍 기지시리,504,504,0,힐스테이트당진2차,84.7848,202110,8,"29,500",27,2018,틀모시로 737,,-,-
충청남도 당진시 송악읍 기지시리,504,504,0,힐스테이트당진2차,84.7848,202110,8,"29,000",27,2018,틀모시로 737,,-,-
충청남도 당진시 송악읍 기지시리,504,504,0,힐스테이트당진2차,84.9108,202110,8,"28,350",11,2018,틀모시로 737,,-,-
충청남도 당진시 송악읍 기지시리,504,504,0,힐스테이트당진2차,74.5361,202110,14,"25,200",6,2018,틀모시로 737,,-,-
충청남도 당진시 송악읍 기지시리,504,504,0,힐스테이트당진2차,62.7016,202110,16,"22,000",10,2018,틀모시로 737,,-,-
충청남도 당진시 송악읍 기지시리,504,504,0,힐스테이트당진2차,62.7016,202110,17,"22,500",13,2018,틀모시로 737,,-,-
충청남도 당진시 송악읍 기지시리,504,504,0,힐스테이트당진2차,99.4821,202110,28,"35,500",12,2018,틀모시로 737,,-,-
충청남도 당진시 송악읍 반촌리,985,985,0,HB한빛101동,84.9,202110,4,"14,750",2,2007,반촌로 125,,-,-
충청남도 당진시 송악읍 반촌리,986,986,0,HB한빛102동,84.9,202110,5,"15,250",2,2007,반촌로 125,,-,-
충청남도 당진시 송악읍 반촌리,986,986,0,HB한빛102동,84.9,202110,25,"15,500",6,2007,반촌로 125,,-,-
충청남도 당진시 송악읍 반촌리,987,987,0,당진롯데캐슬,99.539,202110,2,"25,000",1,2012,반촌로 108,,-,-
충청남도 당진시 송악읍 반촌리,987,987,0,당진롯데캐슬,99.8825,202110,16,"28,000",13,2012,반촌로 108,,-,-
충청남도 당진시 송악읍 반촌리,987,987,0,당진롯데캐슬,59.5683,202110,16,"18,400",15,2012,반촌로 108,,-,-
충청남도 당진시 송악읍 반촌리,987,987,0,당진롯데캐슬,99.8825,202110,18,"26,900",12,2012,반촌로 108,,-,-
충청남도 당진시 송악읍 반촌리,420-6,420,6,반촌명지,48.6,202110,5,"3,500",1,1995,반촌로 288-5,,-,-
충청남도 당진시 송악읍 반촌리,420-6,420,6,반촌명지,59.85,202110,20,"4,100",4,1995,반촌로 288-5,,-,-
충청남도 당진시 송악읍 복운리,1629-1,1629,1,동광,59.9974,202110,10,"12,200",7,2007,신복운로3길 8,,-,-
충청남도 당진시 송악읍 복운리,1629-1,1629,1,동광,59.9974,202110,16,"9,800",1,2007,신복운로3길 8,,-,-
충청남도 당진시 송악읍 복운리,1629-1,1629,1,동광,59.9974,202110,19,"12,500",10,2007,신복운로3길 8,,-,-
충청남도 당진시 송악읍 복운리,1629-1,1629,1,동광,59.9974,202110,21,"11,300",3,2007,신복운로3길 8,,-,-
충청남도 당진시 송악읍 복운리,1629-1,1629,1,동광,59.9974,202110,23,"14,100",6,2007,신복운로3길 8,,-,-
충청남도 당진시 송악읍 복운리,1629-1,1629,1,동광,59.9974,202110,26,"13,800",11,2007,신복운로3길 8,,-,-
충청남도 당진시 송악읍 복운리,1629-1,1629,1,동광,59.9974,202110,27,"12,200",9,2007,신복운로3길 8,,-,-
충청남도 당진시 송악읍 복운리,1629-1,1629,1,동광,59.9974,202110,27,"12,200",9,2007,신복운로3길 8,20211029,-,-
충청남도 당진시 송악읍 복운리,1629-3,1629,3,신성미소지움1단지,84.997,202110,5,"16,800",4,2007,신복운로3길 28,20211012,-,-
충청남도 당진시 송악읍 복운리,1629-3,1629,3,신성미소지움1단지,84.997,202110,5,"16,800",4,2007,신복운로3길 28,,-,-
충청남도 당진시 송악읍 복운리,1629-3,1629,3,신성미소지움1단지,84.997,202110,12,"16,000",3,2007,신복운로3길 28,,-,-
충청남도 당진시 송악읍 복운리,1629-3,1629,3,신성미소지움1단지,84.997,202110,17,"17,800",8,2007,신복운로3길 28,,-,-
충청남도 당진시 송악읍 복운리,1629-3,1629,3,신성미소지움1단지,84.997,202110,21,"16,900",5,2007,신복운로3길 28,,-,-
충청남도 당진시 송악읍 복운리,1629-3,1629,3,신성미소지움1단지,84.997,202110,29,"18,000",2,2007,신복운로3길 28,,-,-
충청남도 당진시 송악읍 복운리,1629-2,1629,2,신성미소지움2단지,84.9835,202110,11,"16,800",5,2007,신복운로3길 28,,-,-
충청남도 당진시 송악읍 복운리,1629-2,1629,2,신성미소지움2단지,60,202110,12,"13,300",11,2007,신복운로3길 28,,-,-
충청남도 당진시 송악읍 복운리,1629-2,1629,2,신성미소지움2단지,84.9835,202110,12,"17,350",11,2007,신복운로3길 28,,-,-
충청남도 당진시 송악읍 복운리,1629-2,1629,2,신성미소지움2단지,84.9835,202110,13,"17,000",10,2007,신복운로3길 28,,-,-
충청남도 당진시 송악읍 복운리,1629-2,1629,2,신성미소지움2단지,84.9835,202110,19,"17,800",14,2007,신복운로3길 28,,-,-
충청남도 당진시 송악읍 복운리,1629-2,1629,2,신성미소지움2단지,84.9835,202110,22,"16,500",15,2007,신복운로3길 28,,-,-
충청남도 당진시 송악읍 석포리,318-3,318,3,수웅누리,39.6,202110,4,"2,100",5,1999,송악로 520,,-,-
충청남도 당진시 송악읍 석포리,318-3,318,3,수웅누리,39.6,202110,12,"2,650",1,1999,송악로 520,,-,-
충청남도 당진시 송악읍 석포리,318-3,318,3,수웅누리,39.6,202110,15,"5,000",1,1999,송악로 520,,-,-
충청남도 당진시 송악읍 중흥리,887,887,0,당진송악경남아너스빌,59.966,202110,18,"16,210",13,2021,중흥1길 50,,-,-
충청남도 당진시 송악읍 중흥리,396-1,396,1,세종그랑시아,59.69,202110,12,"8,600",9,2005,중흥1길 51,,-,-
충청남도 당진시 송악읍 중흥리,396-1,396,1,세종그랑시아,59.69,202110,15,"8,400",11,2005,중흥1길 51,,-,-
충청남도 당진시 송악읍 중흥리,396-1,396,1,세종그랑시아,59.69,202110,18,"8,600",4,2005,중흥1길 51,,-,-
충청남도 당진시 송악읍 중흥리,396-1,396,1,세종그랑시아,59.69,202110,28,"9,000",13,2005,중흥1길 51,,-,-
충청남도 당진시 송악읍 중흥리,396-1,396,1,세종그랑시아,59.69,202110,30,"8,500",5,2005,중흥1길 51,,-,-
충청남도 당진시 수청동,1244,1244,0,당진수청한라비발디캠퍼스,59.8618,202110,3,"24,400",3,2020,동부로 99,,-,-
충청남도 당진시 순성면 봉소리,Oct-50,50,10,순성중명,49.99,202110,6,"3,500",5,1994,순성로 453-30,,-,-
충청남도 당진시 순성면 봉소리,Oct-50,50,10,순성중명,49.99,202110,11,"3,000",4,1994,순성로 453-30,,-,-
충청남도 당진시 순성면 봉소리,Oct-50,50,10,순성중명,49.99,202110,31,"2,700",5,1994,순성로 453-30,,-,-
충청남도 당진시 시곡동,136-1,136,1,우민늘사랑,59.94,202110,10,"7,300",7,2007,서해로 6216,,-,-
충청남도 당진시 시곡동,136-1,136,1,우민늘사랑,59.94,202110,11,"8,500",15,2007,서해로 6216,,-,-
충청남도 당진시 시곡동,136-1,136,1,우민늘사랑,54.6,202110,16,"6,700",9,2007,서해로 6216,,-,-
충청남도 당진시 시곡동,136-1,136,1,우민늘사랑,39.56,202110,18,"5,350",17,2007,서해로 6216,,-,-
충청남도 당진시 시곡동,136-1,136,1,우민늘사랑,39.56,202110,18,"5,350",17,2007,서해로 6216,,-,-
충청남도 당진시 시곡동,136-1,136,1,우민늘사랑,54.6,202110,20,"7,000",9,2007,서해로 6216,,-,-
충청남도 당진시 시곡동,136-1,136,1,우민늘사랑,39.56,202110,20,"5,500",8,2007,서해로 6216,,-,-
충청남도 당진시 시곡동,136-1,136,1,우민늘사랑,54.6,202110,21,"6,750",18,2007,서해로 6216,,-,-
충청남도 당진시 시곡동,136-1,136,1,우민늘사랑,39.56,202110,29,"5,600",12,2007,서해로 6216,,-,-
충청남도 당진시 시곡동,120-9,120,9,현대그린,44.457,202110,1,"7,300",14,1996,서해로 6258-8,,-,-
충청남도 당진시 시곡동,120-9,120,9,현대그린,59.97,202110,2,"9,400",4,1996,서해로 6258-8,,-,-
충청남도 당진시 시곡동,120-9,120,9,현대그린,59.97,202110,2,"9,500",8,1996,서해로 6258-8,,-,-
충청남도 당진시 시곡동,120-9,120,9,현대그린,84.245,202110,8,"13,500",5,1996,서해로 6258-8,,-,-
충청남도 당진시 시곡동,120-9,120,9,현대그린,59.97,202110,9,"10,000",7,1996,서해로 6258-8,,-,-
충청남도 당진시 시곡동,120-9,120,9,현대그린,59.97,202110,13,"10,500",10,1996,서해로 6258-8,,-,-
충청남도 당진시 시곡동,120-9,120,9,현대그린,59.97,202110,16,"10,050",12,1996,서해로 6258-8,,-,-
충청남도 당진시 시곡동,120-9,120,9,현대그린,84.245,202110,16,"13,000",1,1996,서해로 6258-8,,-,-
충청남도 당진시 시곡동,120-9,120,9,현대그린,59.97,202110,20,"10,200",14,1996,서해로 6258-8,,-,-
충청남도 당진시 시곡동,120-9,120,9,현대그린,59.97,202110,24,"10,500",14,1996,서해로 6258-8,,-,-
충청남도 당진시 시곡동,120-9,120,9,현대그린,84.245,202110,25,"14,400",12,1996,서해로 6258-8,,-,-
충청남도 당진시 시곡동,120-9,120,9,현대그린,44.457,202110,27,"5,500",1,1996,서해로 6258-8,,-,-
충청남도 당진시 신평면 거산리,214-1,214,1,건양오페라하우스,84.4423,202110,6,"15,000",9,2006,중말길 10,,-,-
충청남도 당진시 신평면 거산리,03월 14일,3,14,공간목련,39.6,202110,17,"5,000",7,1998,거산3거리길 88,,-,-
충청남도 당진시 신평면 거산리,03월 14일,3,14,공간목련,39.6,202110,17,"4,500",13,1998,거산3거리길 88,,-,-
충청남도 당진시 신평면 거산리,03월 14일,3,14,공간목련,39.6,202110,19,"4,800",5,1998,거산3거리길 88,,-,-
충청남도 당진시 신평면 거산리,193-1,193,1,단일(B단지),70.02,202110,12,"7,400",1,1992,세정길 43,,-,-
충청남도 당진시 신평면 거산리,186,186,0,단일(C단지),54.36,202110,20,"5,300",2,1994,거산3거리길 11-29,20211027,-,-
충청남도 당진시 신평면 거산리,186,186,0,단일(C단지),54.36,202110,20,"5,300",2,1994,거산3거리길 11-29,,-,-
충청남도 당진시 신평면 거산리,191,191,0,두성,59.6,202110,9,"7,000",2,1996,세정길 44,,-,-
충청남도 당진시 신평면 거산리,873,873,0,신평신성미소지움,84.975,202110,24,"19,900",8,2008,거산3거리길 74-32,,-,-
충청남도 당진시 신평면 거산리,880,880,0,풍림아이원,84.9105,202110,1,"20,500",8,2011,솔안말길 21,,-,-
충청남도 당진시 신평면 거산리,880,880,0,풍림아이원,84.9105,202110,2,"21,000",10,2011,솔안말길 21,,-,-
충청남도 당진시 신평면 거산리,880,880,0,풍림아이원,121.2633,202110,10,"28,000",19,2011,솔안말길 21,,-,-
충청남도 당진시 신평면 거산리,880,880,0,풍림아이원,84.9105,202110,19,"20,500",4,2011,솔안말길 21,,-,-
충청남도 당진시 신평면 금천리,1642,1642,0,당진신평LIG리가,84.997,202110,1,"16,800",9,2010,신평로 792,,-,-
충청남도 당진시 신평면 금천리,1642,1642,0,당진신평LIG리가,124.188,202110,1,"19,700",3,2010,신평로 792,,-,-
충청남도 당진시 신평면 금천리,1642,1642,0,당진신평LIG리가,124.188,202110,7,"22,000",4,2010,신평로 792,,-,-
충청남도 당진시 신평면 금천리,1642,1642,0,당진신평LIG리가,84.997,202110,27,"15,500",3,2010,신평로 792,,-,-
충청남도 당진시 우강면 송산리,Mar-75,75,3,청산,59.935,202110,3,"6,450",2,2001,솔뫼로 166,,-,-
충청남도 당진시 우강면 창리,339-5,339,5,장미(나동),84.9,202110,19,"9,000",5,1993,면천로 1748-13,,-,-
충청남도 당진시 원당동,1255,1255,0,당진원당리한라비발디,84.9386,202110,11,"21,800",3,2009,원당로 51-10,,-,-
충청남도 당진시 원당동,1255,1255,0,당진원당리한라비발디,101.4141,202110,15,"26,000",9,2009,원당로 51-10,,-,-
충청남도 당진시 원당동,1255,1255,0,당진원당리한라비발디,84.9511,202110,16,"22,000",4,2009,원당로 51-10,,-,-
충청남도 당진시 원당동,1255,1255,0,당진원당리한라비발디,84.9386,202110,19,"22,200",4,2009,원당로 51-10,,-,-
충청남도 당진시 원당동,1255,1255,0,당진원당리한라비발디,84.9429,202110,29,"23,800",4,2009,원당로 51-10,,-,-
충청남도 당진시 원당동,1255,1255,0,당진원당리한라비발디,84.9429,202110,29,"22,100",5,2009,원당로 51-10,,-,-
충청남도 당진시 원당동,1257,1257,0,당진원당이안,84.9975,202110,14,"24,000",15,2012,원당로 52,,-,-
충청남도 당진시 원당동,1257,1257,0,당진원당이안,158.2869,202110,18,"35,700",5,2012,원당로 52,20211030,-,-
충청남도 당진시 원당동,1257,1257,0,당진원당이안,101.8809,202110,18,"29,000",15,2012,원당로 52,,-,-
충청남도 당진시 원당동,1257,1257,0,당진원당이안,101.7466,202110,19,"28,400",6,2012,원당로 52,,-,-
충청남도 당진시 원당동,1248,1248,0,당진원당주공그린빌,84.94,202110,4,"25,000",15,2005,밤절로 104,,-,-
충청남도 당진시 원당동,1248,1248,0,당진원당주공그린빌,84.94,202110,7,"20,000",7,2005,밤절로 104,,-,-
충청남도 당진시 원당동,1248,1248,0,당진원당주공그린빌,84.94,202110,14,"26,900",11,2005,밤절로 104,,-,-
충청남도 당진시 원당동,1248,1248,0,당진원당주공그린빌,84.94,202110,22,"25,000",5,2005,밤절로 104,,-,-
충청남도 당진시 원당동,312,312,0,당진청구,84.87,202110,1,"13,700",9,1997,원당골길 31,,-,-
충청남도 당진시 원당동,312,312,0,당진청구,84.87,202110,5,"10,780",4,1997,원당골길 31,,-,-
충청남도 당진시 원당동,312,312,0,당진청구,59.908,202110,16,"10,000",7,1997,원당골길 31,,-,-
충청남도 당진시 원당동,312,312,0,당진청구,59.908,202110,20,"9,500",7,1997,원당골길 31,,-,-
충청남도 당진시 원당동,312,312,0,당진청구,59.908,202110,20,"9,850",8,1997,원당골길 31,,-,-
충청남도 당진시 원당동,312,312,0,당진청구,84.87,202110,22,"12,700",14,1997,원당골길 31,,-,-
충청남도 당진시 원당동,1251,1251,0,원당마을주공1단지,51.74,202110,1,"16,500",11,2003,밤절로 103,,-,-
충청남도 당진시 원당동,1251,1251,0,원당마을주공1단지,51.74,202110,2,"18,000",11,2003,밤절로 103,,-,-
충청남도 당진시 원당동,1251,1251,0,원당마을주공1단지,59.1,202110,2,"20,000",4,2003,밤절로 103,,-,-
충청남도 당진시 원당동,1251,1251,0,원당마을주공1단지,59.1,202110,2,"20,000",4,2003,밤절로 103,,-,-
충청남도 당진시 원당동,1251,1251,0,원당마을주공1단지,59.1,202110,12,"20,000",3,2003,밤절로 103,,-,-
충청남도 당진시 원당동,1251,1251,0,원당마을주공1단지,51.74,202110,12,"18,000",14,2003,밤절로 103,,-,-
충청남도 당진시 원당동,1251,1251,0,원당마을주공1단지,59.1,202110,13,"18,500",11,2003,밤절로 103,,-,-
충청남도 당진시 원당동,1251,1251,0,원당마을주공1단지,51.74,202110,14,"18,500",10,2003,밤절로 103,,-,-
충청남도 당진시 원당동,1251,1251,0,원당마을주공1단지,59.1,202110,19,"19,000",12,2003,밤절로 103,,-,-
충청남도 당진시 원당동,1251,1251,0,원당마을주공1단지,51.49,202110,23,"16,500",7,2003,밤절로 103,,-,-
충청남도 당진시 원당동,1251,1251,0,원당마을주공1단지,59.1,202110,23,"18,500",14,2003,밤절로 103,,-,-
충청남도 당진시 원당동,1251,1251,0,원당마을주공1단지,59.1,202110,25,"17,500",13,2003,밤절로 103,,-,-
충청남도 당진시 원당동,1251,1251,0,원당마을주공1단지,59.1,202110,29,"15,900",4,2003,밤절로 103,,-,-
충청남도 당진시 원당동,1226,1226,0,파크빌1차,84.727,202110,1,"22,500",3,2005,당진중앙2로 331,,-,-
충청남도 당진시 원당동,1226,1226,0,파크빌1차,84.727,202110,9,"24,700",14,2005,당진중앙2로 331,,-,-
충청남도 당진시 원당동,1226,1226,0,파크빌1차,117.209,202110,16,"29,300",8,2005,당진중앙2로 331,,-,-
충청남도 당진시 원당동,1226,1226,0,파크빌1차,84.727,202110,18,"28,250",15,2005,당진중앙2로 331,,-,-
충청남도 당진시 원당동,1226,1226,0,파크빌1차,84.727,202110,19,"26,500",3,2005,당진중앙2로 331,,-,-
충청남도 당진시 원당동,1172,1172,0,파크빌2차,117.209,202110,2,"26,000",2,2005,밤절로 51,,-,-
충청남도 당진시 원당동,1172,1172,0,파크빌2차,84.727,202110,12,"25,000",9,2005,밤절로 51,,-,-
충청남도 당진시 원당동,1172,1172,0,파크빌2차,84.727,202110,14,"26,400",6,2005,밤절로 51,,-,-
충청남도 당진시 읍내동,1451,1451,0,당진1차푸르지오,84.9475,202110,1,"28,500",13,2011,북문로 15,,-,-
충청남도 당진시 읍내동,1451,1451,0,당진1차푸르지오,84.9475,202110,2,"26,500",11,2011,북문로 15,,-,-
충청남도 당진시 읍내동,1451,1451,0,당진1차푸르지오,84.9475,202110,2,"26,000",5,2011,북문로 15,,-,-
충청남도 당진시 읍내동,1451,1451,0,당진1차푸르지오,84.9475,202110,5,"28,000",12,2011,북문로 15,,-,-
충청남도 당진시 읍내동,1451,1451,0,당진1차푸르지오,84.9475,202110,5,"27,960",12,2011,북문로 15,,-,-
충청남도 당진시 읍내동,1451,1451,0,당진1차푸르지오,84.9971,202110,8,"27,500",15,2011,북문로 15,,-,-
충청남도 당진시 읍내동,1451,1451,0,당진1차푸르지오,102.6794,202110,9,"28,500",11,2011,북문로 15,,-,-
충청남도 당진시 읍내동,1451,1451,0,당진1차푸르지오,84.9475,202110,10,"26,200",16,2011,북문로 15,,-,-
충청남도 당진시 읍내동,1451,1451,0,당진1차푸르지오,74.9214,202110,10,"23,000",8,2011,북문로 15,,-,-
충청남도 당진시 읍내동,1451,1451,0,당진1차푸르지오,102.6794,202110,15,"28,900",9,2011,북문로 15,,-,-
충청남도 당진시 읍내동,1451,1451,0,당진1차푸르지오,127.8107,202110,18,"35,000",4,2011,북문로 15,,-,-
충청남도 당진시 읍내동,1451,1451,0,당진1차푸르지오,84.9475,202110,30,"27,800",15,2011,북문로 15,,-,-
충청남도 당진시 읍내동,1451,1451,0,당진1차푸르지오,84.9475,202110,30,"26,900",4,2011,북문로 15,,-,-
충청남도 당진시 읍내동,1486,1486,0,당진2차푸르지오,84.8491,202110,2,"26,500",1,2016,북문로 16,,-,-
충청남도 당진시 읍내동,1486,1486,0,당진2차푸르지오,75.6427,202110,5,"25,000",2,2016,북문로 16,,-,-
충청남도 당진시 읍내동,1486,1486,0,당진2차푸르지오,75.6427,202110,26,"25,000",17,2016,북문로 16,,-,-
충청남도 당진시 읍내동,1486,1486,0,당진2차푸르지오,75.6427,202110,28,"26,300",15,2016,북문로 16,,-,-
충청남도 당진시 읍내동,1486,1486,0,당진2차푸르지오,84.953,202110,29,"32,150",18,2016,북문로 16,,-,-
충청남도 당진시 읍내동,283,283,0,벽산,84.84,202110,15,"14,700",13,1996,계성2길 51,,-,-
충청남도 당진시 읍내동,283,283,0,벽산,134.97,202110,16,"15,400",8,1996,계성2길 51,,-,-
충청남도 당진시 읍내동,283,283,0,벽산,84.84,202110,25,"15,700",14,1996,계성2길 51,,-,-
충청남도 당진시 읍내동,310-10,310,10,세원목화,84.975,202110,14,"14,600",14,1995,계성3길 56-15,,-,-
충청남도 당진시 읍내동,310-10,310,10,세원목화,84.975,202110,16,"15,400",8,1995,계성3길 56-15,,-,-
충청남도 당진시 읍내동,06월 25일,25,6,신성,74.33,202110,7,"14,000",11,1990,당진중앙2로 212-10,,-,-
충청남도 당진시 읍내동,06월 25일,25,6,신성,74.33,202110,10,"15,500",4,1990,당진중앙2로 212-10,,-,-
충청남도 당진시 읍내동,06월 25일,25,6,신성,74.33,202110,10,"13,000",2,1990,당진중앙2로 212-10,,-,-
충청남도 당진시 읍내동,06월 25일,25,6,신성,84.99,202110,21,"14,500",7,1990,당진중앙2로 212-10,,-,-
충청남도 당진시 읍내동,1096,1096,0,이안,121.433,202110,1,"23,900",5,2005,무수동7길 78,,-,-
충청남도 당진시 읍내동,1096,1096,0,이안,84.945,202110,1,"21,500",10,2005,무수동7길 78,,-,-
충청남도 당진시 읍내동,1096,1096,0,이안,84.945,202110,4,"21,000",2,2005,무수동7길 78,,-,-
충청남도 당진시 읍내동,1061,1061,0,코오롱하늘채,84.961,202110,10,"18,500",1,2005,무수동7길 124,,-,-
충청남도 당진시 읍내동,1061,1061,0,코오롱하늘채,84.961,202110,13,"23,000",17,2005,무수동7길 124,,-,-
충청남도 당진시 읍내동,1061,1061,0,코오롱하늘채,84.961,202110,15,"21,700",12,2005,무수동7길 124,,-,-
충청남도 당진시 읍내동,1061,1061,0,코오롱하늘채,84.961,202110,27,"22,500",8,2005,무수동7길 124,,-,-
충청남도 당진시 채운동,1152,1152,0,당진채운동양우내안애아파트,59.9726,202110,4,"18,350",16,2018,백암로 99,,-,-
충청남도 당진시 채운동,1152,1152,0,당진채운동양우내안애아파트,59.9846,202110,5,"17,400",7,2018,백암로 99,,-,-
충청남도 당진시 채운동,1152,1152,0,당진채운동양우내안애아파트,59.9726,202110,8,"19,000",3,2018,백암로 99,,-,-
충청남도 당진시 채운동,1152,1152,0,당진채운동양우내안애아파트,59.9846,202110,10,"17,500",21,2018,백암로 99,,-,-
충청남도 당진시 채운동,1152,1152,0,당진채운동양우내안애아파트,59.9726,202110,12,"18,500",10,2018,백암로 99,,-,-
충청남도 당진시 채운동,1152,1152,0,당진채운동양우내안애아파트,59.9726,202110,31,"19,500",9,2018,백암로 99,,-,-
충청남도 당진시 채운동,1127,1127,0,당진채운코아루1차,120.155,202110,9,"27,400",20,2010,운학길 69,,-,-
충청남도 당진시 채운동,1127,1127,0,당진채운코아루1차,120.155,202110,18,"25,800",5,2010,운학길 69,,-,-
충청남도 당진시 채운동,1120,1120,0,대동다:숲,84.903,202110,2,"22,000",9,2009,대호만로 30-17,,-,-
충청남도 당진시 채운동,1117,1117,0,쉐르빌,124.67,202110,2,"21,000",7,2007,대호만로 23-13,,-,-
충청남도 당진시 채운동,1117,1117,0,쉐르빌,124.67,202110,5,"22,800",9,2007,대호만로 23-13,,-,-
충청남도 당진시 채운동,1117,1117,0,쉐르빌,84.94,202110,19,"18,800",2,2007,대호만로 23-13,,-,-
충청남도 당진시 채운동,1125,1125,0,신당진이안,122.87,202110,1,"22,500",9,2010,운곡로 197-8,,-,-
충청남도 당진시 채운동,1125,1125,0,신당진이안,84.96,202110,8,"19,400",8,2010,운곡로 197-8,,-,-
충청남도 당진시 채운동,1125,1125,0,신당진이안,122.87,202110,16,"22,200",3,2010,운곡로 197-8,20211102,-,-
충청남도 당진시 채운동,1125,1125,0,신당진이안,122.87,202110,30,"23,400",20,2010,운곡로 197-8,,-,-
충청남도 당진시 채운동,1124,1124,0,채운공원휴먼빌,84.6905,202110,13,"20,000",14,2009,백암로 219-64,,-,-
충청남도 당진시 채운동,1124,1124,0,채운공원휴먼빌,84.6905,202110,20,"20,000",12,2009,백암로 219-64,,-,-
충청남도 당진시 채운동,355-3,355,3,한성,84.97,202110,10,"9,500",4,1992,백암로 219-29,,-,-
충청남도 당진시 채운동,355-3,355,3,한성,84.84,202110,10,"10,000",8,1992,백암로 219-29,,-,-
충청남도 당진시 채운동,355-3,355,3,한성,84.99,202110,20,"10,200",3,1992,백암로 219-29,,-,-
충청남도 당진시 합덕읍 운산리,926-1,926,1,홍인아이리스,77.2777,202110,13,"14,800",12,2004,운산로 116,,-,-
충청남도 보령시 궁촌동,369,369,0,에스케이뷰,84.9244,202110,8,"20,000",13,2006,현충탑길 65,,-,-
충청남도 보령시 궁촌동,369,369,0,에스케이뷰,84.9244,202110,11,"20,000",1,2006,현충탑길 65,,-,-
충청남도 보령시 궁촌동,369,369,0,에스케이뷰,84.9244,202110,11,"19,100",1,2006,현충탑길 65,,-,-
충청남도 보령시 대천동,297-43,297,43,구중앙,62.55,202110,5,"3,250",3,1988,쇳개길 28,,-,-
충청남도 보령시 대천동,372-1,372,1,동부,84.915,202110,9,"14,900",17,1998,중앙로 178,,-,-
충청남도 보령시 대천동,372-1,372,1,동부,84.915,202110,21,"12,500",1,1998,중앙로 178,,-,-
충청남도 보령시 대천동,1482,1482,0,라온프라이빗,59.9898,202110,16,"19,500",3,2015,대관초등길 100,,-,-
충청남도 보령시 대천동,514-25,514,25,서오,66.42,202110,6,"7,450",1,1990,보령북로 226,,-,-
충청남도 보령시 대천동,618-34,618,34,시티타워,121.49,202110,15,"22,500",8,2005,원동1길 69,,-,-
충청남도 보령시 대천동,1234,1234,0,신중앙,44.46,202110,14,"4,000",2,1991,구시7길 77,,-,-
충청남도 보령시 대천동,1234,1234,0,신중앙,44.46,202110,18,"4,200",4,1991,구시7길 77,,-,-
충청남도 보령시 대천동,288-36,288,36,태영,84.95,202110,5,"14,200",9,1993,천변북길 3,,-,-
충청남도 보령시 대천동,503-3,503,3,흥화,59.92,202110,8,"7,525",15,1993,보령북로 195,,-,-
충청남도 보령시 대천동,503-3,503,3,흥화,59.92,202110,8,"7,557",15,1993,보령북로 195,,-,-
충청남도 보령시 동대동,1981,1981,0,e편한세상보령,84.9623,202110,8,"36,000",10,2017,한내로터리길 170,,-,-
충청남도 보령시 동대동,1981,1981,0,e편한세상보령,73.8584,202110,9,"27,200",5,2017,한내로터리길 170,,-,-
충청남도 보령시 동대동,1981,1981,0,e편한세상보령,73.8584,202110,18,"29,700",14,2017,한내로터리길 170,,-,-
충청남도 보령시 동대동,339,339,0,동대동현대,59.9,202110,8,"13,500",12,1997,동현로 47,,-,-
충청남도 보령시 동대동,1979,1979,0,동대센트럴파크새미래에뜨젠,62.9845,202110,9,"23,600",4,2017,한내로터리길 165,,-,-
충청남도 보령시 동대동,1979,1979,0,동대센트럴파크새미래에뜨젠,62.9845,202110,16,"23,000",17,2017,한내로터리길 165,,-,-
충청남도 보령시 동대동,1979,1979,0,동대센트럴파크새미래에뜨젠,62.9845,202110,16,"23,000",17,2017,한내로터리길 165,20211102,-,-
충청남도 보령시 동대동,1979,1979,0,동대센트럴파크새미래에뜨젠,72.1396,202110,22,"24,800",2,2017,한내로터리길 165,,-,-
충청남도 보령시 동대동,414,414,0,동대주공1,39.69,202110,13,"6,500",1,1990,주공로 33,,-,-
충청남도 보령시 동대동,414,414,0,동대주공1,39.69,202110,14,"4,000",5,1990,주공로 33,,-,-
충청남도 보령시 동대동,414,414,0,동대주공1,39.3,202110,22,"5,000",4,1990,주공로 33,,-,-
충청남도 보령시 동대동,414-2,414,2,동대주공2,39.99,202110,13,"5,800",2,1991,주공로 33,,-,-
충청남도 보령시 동대동,414-2,414,2,동대주공2,39.6,202110,16,"7,100",1,1991,주공로 33,,-,-
충청남도 보령시 동대동,414-2,414,2,동대주공2,39.6,202110,25,"5,800",1,1991,주공로 33,,-,-
충청남도 보령시 동대동,414-10,414,10,동대주공3단지,39.6,202110,16,"4,950",4,1993,주공로 33,,-,-
충청남도 보령시 동대동,1970,1970,0,동대한성필하우스,84.8804,202110,16,"29,000",15,2013,한내로터리길 130,,-,-
충청남도 보령시 동대동,349-11,349,11,해날마을,84.5448,202110,4,"18,000",7,2003,한내로터리길 127,,-,-
충청남도 보령시 명천동,1119,1119,0,더베스트예미지,75.672,202110,3,"29,500",18,2019,명천로 94,,-,-
충청남도 보령시 명천동,1120,1120,0,명천시티프라디움,84.9612,202110,18,"31,500",22,2020,명천로 106,,-,-
충청남도 보령시 명천동,436,436,0,명천주공1차,39.3,202110,16,"5,000",3,1989,보령남로 49-31,,-,-
충청남도 보령시 명천동,389,389,0,명천주공3,49.97,202110,1,"9,900",2,1996,주공로 65,,-,-
충청남도 보령시 명천동,389,389,0,명천주공3,59.8,202110,5,"12,500",1,1996,주공로 65,,-,-
충청남도 보령시 명천동,389,389,0,명천주공3,59.8,202110,12,"12,900",12,1996,주공로 65,,-,-
충청남도 보령시 명천동,389,389,0,명천주공3,59.8,202110,29,"13,400",13,1996,주공로 65,,-,-
충청남도 보령시 명천동,389,389,0,명천주공4,49.97,202110,25,"10,390",10,1996,주공로 65,,-,-
충청남도 보령시 명천동,389,389,0,명천주공4,39.99,202110,29,"7,000",2,1996,주공로 65,,-,-
충청남도 보령시 명천동,389,389,0,명천주공5,59.8,202110,17,"13,000",5,1996,주공로 65,,-,-
충청남도 보령시 명천동,389,389,0,명천주공5,59.8,202110,18,"13,400",1,1996,주공로 65,,-,-
충청남도 보령시 명천동,1010,1010,0,명천코아루,84.804,202110,5,"22,500",4,2008,주공로 99,,-,-
충청남도 보령시 명천동,1010,1010,0,명천코아루,84.9265,202110,7,"23,200",3,2008,주공로 99,,-,-
충청남도 보령시 명천동,1010,1010,0,명천코아루,84.9265,202110,8,"22,900",4,2008,주공로 99,,-,-
충청남도 보령시 명천동,1010,1010,0,명천코아루,84.9531,202110,14,"28,000",7,2008,주공로 99,,-,-
충청남도 보령시 명천동,1010,1010,0,명천코아루,84.804,202110,28,"24,300",7,2008,주공로 99,,-,-
충청남도 보령시 명천동,1010,1010,0,명천코아루,84.9531,202110,29,"25,300",3,2008,주공로 99,,-,-
충청남도 보령시 신흑동,1634-6,1634,6,산호,59.466,202110,3,"15,200",15,1996,고잠2길 1-31,,-,-
충청남도 보령시 신흑동,1634-6,1634,6,산호,59.466,202110,12,"15,200",10,1996,고잠2길 1-31,,-,-
충청남도 보령시 신흑동,1634-6,1634,6,산호,59.466,202110,16,"12,000",9,1996,고잠2길 1-31,,-,-
충청남도 보령시 죽정동,743,743,0,대우,84.962,202110,5,"10,500",11,1997,봉황로 116,,-,-
충청남도 보령시 죽정동,743,743,0,대우,59.946,202110,13,"10,250",15,1997,봉황로 116,,-,-
충청남도 보령시 죽정동,789,789,0,부경,84.726,202110,5,"19,500",13,2007,지장골길 160,,-,-
충청남도 보령시 죽정동,789,789,0,부경,84.726,202110,23,"18,100",12,2007,지장골길 160,,-,-
충청남도 보령시 죽정동,789,789,0,부경,84.726,202110,23,"18,100",12,2007,지장골길 160,20211026,-,-
충청남도 보령시 죽정동,789,789,0,부경,84.726,202110,27,"15,600",12,2007,지장골길 160,,-,-
충청남도 보령시 죽정동,789,789,0,부경,84.726,202110,27,"15,150",2,2007,지장골길 160,,-,-
충청남도 보령시 죽정동,789,789,0,부경,84.726,202110,27,"15,300",3,2007,지장골길 160,,-,-
충청남도 보령시 죽정동,789,789,0,부경,84.726,202110,27,"15,300",4,2007,지장골길 160,,-,-
충청남도 보령시 죽정동,789,789,0,부경,84.726,202110,27,"15,150",4,2007,지장골길 160,,-,-
충청남도 보령시 죽정동,789,789,0,부경,84.726,202110,27,"15,300",6,2007,지장골길 160,,-,-
충청남도 보령시 죽정동,789,789,0,부경,84.726,202110,27,"15,450",7,2007,지장골길 160,,-,-
충청남도 보령시 죽정동,789,789,0,부경,84.726,202110,27,"15,450",4,2007,지장골길 160,,-,-
충청남도 보령시 죽정동,789,789,0,부경,84.726,202110,27,"15,600",7,2007,지장골길 160,,-,-
충청남도 보령시 죽정동,789,789,0,부경,84.726,202110,27,"15,450",11,2007,지장골길 160,,-,-
충청남도 보령시 죽정동,789,789,0,부경,84.726,202110,27,"15,450",12,2007,지장골길 160,,-,-
충청남도 보령시 죽정동,789,789,0,부경,84.726,202110,27,"15,450",13,2007,지장골길 160,,-,-
충청남도 보령시 죽정동,789,789,0,부경,84.726,202110,27,"15,300",14,2007,지장골길 160,,-,-
충청남도 보령시 죽정동,789,789,0,부경,84.726,202110,27,"15,600",3,2007,지장골길 160,,-,-
충청남도 보령시 죽정동,789,789,0,부경,84.726,202110,27,"15,600",11,2007,지장골길 160,,-,-
충청남도 보령시 죽정동,789,789,0,부경,84.726,202110,27,"15,600",11,2007,지장골길 160,,-,-
충청남도 보령시 죽정동,789,789,0,부경,84.726,202110,27,"15,750",9,2007,지장골길 160,,-,-
충청남도 보령시 죽정동,789,789,0,부경,84.726,202110,27,"15,600",6,2007,지장골길 160,,-,-
충청남도 보령시 죽정동,789,789,0,부경,84.726,202110,27,"15,600",6,2007,지장골길 160,,-,-
충청남도 보령시 죽정동,789,789,0,부경,84.726,202110,27,"15,600",5,2007,지장골길 160,,-,-
충청남도 보령시 죽정동,789,789,0,부경,84.726,202110,27,"15,750",5,2007,지장골길 160,,-,-
충청남도 보령시 죽정동,789,789,0,부경,84.726,202110,27,"15,750",5,2007,지장골길 160,,-,-
충청남도 보령시 죽정동,789,789,0,부경,84.726,202110,27,"15,750",6,2007,지장골길 160,,-,-
충청남도 보령시 죽정동,789,789,0,부경,84.726,202110,27,"15,600",4,2007,지장골길 160,,-,-
충청남도 보령시 죽정동,789,789,0,부경,84.726,202110,27,"15,450",2,2007,지장골길 160,,-,-
충청남도 보령시 죽정동,789,789,0,부경,84.726,202110,27,"15,150",7,2007,지장골길 160,,-,-
충청남도 보령시 죽정동,789,789,0,부경,84.726,202110,27,"15,200",1,2007,지장골길 160,,-,-
충청남도 보령시 죽정동,789,789,0,부경,84.726,202110,27,"15,600",4,2007,지장골길 160,,-,-
충청남도 보령시 죽정동,775-1,775,1,성지리벨루스,84.582,202110,23,"17,000",13,2004,지장골길 78,,-,-
충청남도 보령시 죽정동,735-19,735,19,유성1,55.98,202110,7,"5,600",2,1989,지장골길 164,,-,-
충청남도 보령시 죽정동,735-19,735,19,유성1,55.98,202110,8,"6,000",1,1989,지장골길 164,,-,-
충청남도 보령시 죽정동,666-6,666,6,현대,73.8,202110,1,"9,700",7,1992,현대로 26,,-,-
충청남도 보령시 죽정동,666-6,666,6,현대,73.8,202110,9,"10,000",15,1992,현대로 26,,-,-
충청남도 부여군 규암면 반산리,307,307,0,대동,84.54,202110,15,"14,000",5,2002,호수로 32,,-,-
충청남도 부여군 규암면 반산리,321,321,0,무지개,49.5388,202110,13,"8,000",2,2002,흥수로 771-5,,-,-
충청남도 부여군 규암면 반산리,380,380,0,부여센트럴휴엔하임,70.3312,202110,8,"20,500",17,2018,흥수로 878,,-,-
충청남도 부여군 규암면 합송리,500,500,0,규암강산,60,202110,5,"8,000",1,2001,흥수로 646,,-,-
충청남도 부여군 규암면 합송리,500,500,0,규암강산,84.9,202110,6,"11,400",5,2001,흥수로 646,,-,-
충청남도 부여군 규암면 합송리,500,500,0,규암강산,84.9,202110,18,"12,000",4,2001,흥수로 646,,-,-
충청남도 부여군 부여읍 구아리,145-5,145,5,수정상가,50.35,202110,21,"3,600",5,1982,사비로 112,,-,-
충청남도 부여군 부여읍 동남리,41,41,0,동남주공,39.72,202110,12,"5,000",4,1986,금성로 20,,-,-
충청남도 부여군 부여읍 동남리,41,41,0,동남주공,46.86,202110,13,"6,400",3,1986,금성로 20,,-,-
충청남도 부여군 부여읍 쌍북리,113,113,0,쌍북주공1,39.99,202110,13,"4,300",5,1991,성왕로328번길 15,,-,-
충청남도 부여군 부여읍 쌍북리,113,113,0,쌍북주공1,39.6,202110,20,"6,400",3,1991,성왕로328번길 15,,-,-
충청남도 부여군 부여읍 쌍북리,727,727,0,왕궁,84.55,202110,5,"19,200",4,2000,성왕로352번길 11,,-,-
충청남도 부여군 부여읍 쌍북리,727,727,0,왕궁,59.47,202110,6,"11,300",5,2000,성왕로352번길 11,,-,-
충청남도 부여군 부여읍 쌍북리,727,727,0,왕궁,84.55,202110,12,"17,900",4,2000,성왕로352번길 11,,-,-
충청남도 부여군 부여읍 쌍북리,727,727,0,왕궁,59.47,202110,13,"12,900",4,2000,성왕로352번길 11,,-,-
충청남도 부여군 부여읍 쌍북리,727,727,0,왕궁,59.47,202110,23,"11,700",5,2000,성왕로352번길 11,,-,-
충청남도 부여군 부여읍 쌍북리,727,727,0,왕궁,59.47,202110,30,"11,700",5,2000,성왕로352번길 11,,-,-
충청남도 부여군 부여읍 쌍북리,734,734,0,홍선,59.9474,202110,12,"16,400",6,2001,성왕로328번길 18-7,,-,-
충청남도 부여군 홍산면 남촌리,Oct-91,91,10,덕암비홍,55.1672,202110,7,"6,500",4,2000,홍산시장로 14,,-,-
충청남도 서산시 갈산동,192,192,0,세창리베하우스,84.7766,202110,1,"10,100",5,2002,갓고개길 14,,-,-
충청남도 서산시 갈산동,192,192,0,세창리베하우스,84.7766,202110,2,"12,950",7,2002,갓고개길 14,,-,-
충청남도 서산시 갈산동,192,192,0,세창리베하우스,84.7766,202110,2,"10,900",12,2002,갓고개길 14,,-,-
충청남도 서산시 갈산동,192,192,0,세창리베하우스,84.7766,202110,26,"8,695",9,2002,갓고개길 14,,-,-
충청남도 서산시 갈산동,192,192,0,세창리베하우스,84.7766,202110,26,"8,695",8,2002,갓고개길 14,,-,-
충청남도 서산시 갈산동,192,192,0,세창리베하우스,84.7766,202110,26,"8,875",6,2002,갓고개길 14,,-,-
충청남도 서산시 갈산동,192,192,0,세창리베하우스,84.7766,202110,26,"8,875",10,2002,갓고개길 14,,-,-
충청남도 서산시 갈산동,192,192,0,세창리베하우스,84.7766,202110,26,"8,695",10,2002,갓고개길 14,,-,-
충청남도 서산시 갈산동,192,192,0,세창리베하우스,84.7766,202110,26,"8,875",11,2002,갓고개길 14,,-,-
충청남도 서산시 갈산동,192,192,0,세창리베하우스,84.7766,202110,26,"8,875",7,2002,갓고개길 14,,-,-
충청남도 서산시 갈산동,192,192,0,세창리베하우스,84.7766,202110,26,"8,875",8,2002,갓고개길 14,,-,-
충청남도 서산시 갈산동,192,192,0,세창리베하우스,84.7766,202110,26,"8,875",5,2002,갓고개길 14,,-,-
충청남도 서산시 갈산동,192,192,0,세창리베하우스,84.7766,202110,26,"8,385",2,2002,갓고개길 14,,-,-
충청남도 서산시 갈산동,192,192,0,세창리베하우스,84.7766,202110,26,"8,965",7,2002,갓고개길 14,,-,-
충청남도 서산시 갈산동,192,192,0,세창리베하우스,84.7766,202110,26,"8,965",7,2002,갓고개길 14,,-,-
충청남도 서산시 갈산동,192,192,0,세창리베하우스,84.7766,202110,26,"8,965",8,2002,갓고개길 14,,-,-
충청남도 서산시 갈산동,192,192,0,세창리베하우스,84.7766,202110,26,"8,965",11,2002,갓고개길 14,,-,-
충청남도 서산시 갈산동,192,192,0,세창리베하우스,84.7766,202110,26,"9,140",4,2002,갓고개길 14,,-,-
충청남도 서산시 갈산동,192,192,0,세창리베하우스,84.7766,202110,26,"8,875",9,2002,갓고개길 14,,-,-
충청남도 서산시 갈산동,192,192,0,세창리베하우스,84.7766,202110,26,"8,695",8,2002,갓고개길 14,,-,-
충청남도 서산시 갈산동,192,192,0,세창리베하우스,84.7766,202110,26,"8,920",12,2002,갓고개길 14,,-,-
충청남도 서산시 갈산동,192,192,0,세창리베하우스,84.7766,202110,26,"8,965",4,2002,갓고개길 14,,-,-
충청남도 서산시 대산읍 대산리,694,694,0,삼호,59.83,202110,12,"6,800",7,1993,충의로 2061,,-,-
충청남도 서산시 대산읍 대산리,694,694,0,삼호,59.83,202110,30,"7,500",9,1993,충의로 2061,,-,-
충청남도 서산시 대산읍 대산리,832,832,0,한미,59.19,202110,8,"3,100",1,1992,가로림로 64,,-,-
충청남도 서산시 대산읍 대산리,832,832,0,한미,58.47,202110,14,"3,700",2,1992,가로림로 64,,-,-
충청남도 서산시 대산읍 대산리,832,832,0,한미,59.19,202110,20,"2,900",5,1992,가로림로 64,,-,-
충청남도 서산시 대산읍 대산리,1550,1550,0,한성필하우스아파트,84.9926,202110,8,"23,500",3,2017,정자동2로 16,,-,-
충청남도 서산시 대산읍 대산리,1550,1550,0,한성필하우스아파트,84.9606,202110,19,"24,800",16,2017,정자동2로 16,,-,-
충청남도 서산시 대산읍 대산리,1550,1550,0,한성필하우스아파트,84.9926,202110,21,"24,500",21,2017,정자동2로 16,,-,-
충청남도 서산시 대산읍 영탑리,596,596,0,풍림,59.85,202110,1,"7,300",4,1993,충의로 1839-7,,-,-
충청남도 서산시 대산읍 영탑리,596,596,0,풍림,59.85,202110,4,"7,000",14,1993,충의로 1839-7,,-,-
충청남도 서산시 대산읍 영탑리,596,596,0,풍림,59.85,202110,5,"7,000",12,1993,충의로 1839-7,,-,-
충청남도 서산시 대산읍 영탑리,596,596,0,풍림,84.72,202110,17,"7,200",2,1993,충의로 1839-7,,-,-
충청남도 서산시 동문동,371-23,371,23,극동맨션,79.46,202110,1,"9,000",7,1991,학동12길 12,,-,-
충청남도 서산시 동문동,371-23,371,23,극동맨션,76.11,202110,5,"8,300",8,1991,학동12길 12,,-,-
충청남도 서산시 동문동,639-1,639,1,대림,84.9,202110,10,"11,500",9,1990,향교1로 12,,-,-
충청남도 서산시 동문동,Jan-71,71,1,동문동코아루,84.98,202110,7,"25,500",13,2007,고운로 275-14,,-,-
충청남도 서산시 동문동,Jan-71,71,1,동문동코아루,84.98,202110,9,"28,000",8,2007,고운로 275-14,,-,-
충청남도 서산시 동문동,1266,1266,0,동문한성필하우스,114.7204,202110,1,"48,000",9,2018,서령로 36,,-,-
충청남도 서산시 동문동,1266,1266,0,동문한성필하우스,114.7204,202110,2,"46,000",18,2018,서령로 36,,-,-
충청남도 서산시 동문동,1266,1266,0,동문한성필하우스,114.7204,202110,5,"45,000",16,2018,서령로 36,,-,-
충청남도 서산시 동문동,1266,1266,0,동문한성필하우스,84.9729,202110,5,"32,000",3,2018,서령로 36,,-,-
충청남도 서산시 동문동,1266,1266,0,동문한성필하우스,59.5442,202110,9,"25,000",1,2018,서령로 36,,-,-
충청남도 서산시 동문동,1266,1266,0,동문한성필하우스,84.9222,202110,21,"34,500",6,2018,서령로 36,,-,-
충청남도 서산시 동문동,1266,1266,0,동문한성필하우스,84.9222,202110,31,"37,500",12,2018,서령로 36,,-,-
충청남도 서산시 동문동,538-2,538,2,삼성,73.4536,202110,20,"11,900",9,1991,서령로 137,,-,-
충청남도 서산시 동문동,538-2,538,2,삼성,73.4536,202110,29,"11,900",8,1991,서령로 137,,-,-
충청남도 서산시 동문동,1274,1274,0,서산동문꿈에그린아파트,84.9463,202110,1,"24,000",1,2018,서령로 157-27,,-,-
충청남도 서산시 동문동,1274,1274,0,서산동문꿈에그린아파트,73.7049,202110,1,"23,700",4,2018,서령로 157-27,,-,-
충청남도 서산시 동문동,1274,1274,0,서산동문꿈에그린아파트,73.9327,202110,1,"25,500",13,2018,서령로 157-27,,-,-
충청남도 서산시 동문동,1274,1274,0,서산동문꿈에그린아파트,59.9027,202110,5,"20,600",4,2018,서령로 157-27,,-,-
충청남도 서산시 동문동,1274,1274,0,서산동문꿈에그린아파트,59.9027,202110,5,"20,000",6,2018,서령로 157-27,,-,-
충청남도 서산시 동문동,1274,1274,0,서산동문꿈에그린아파트,84.63,202110,8,"27,000",18,2018,서령로 157-27,,-,-
충청남도 서산시 동문동,600,600,0,서산동문동아더프라임,84.9773,202110,1,"20,300",3,2013,안견로 91,,-,-
충청남도 서산시 동문동,600,600,0,서산동문동아더프라임,84.9625,202110,11,"21,700",3,2013,안견로 91,,-,-
충청남도 서산시 동문동,600,600,0,서산동문동아더프라임,84.7066,202110,18,"23,300",13,2013,안견로 91,20211018,-,-
충청남도 서산시 동문동,600,600,0,서산동문동아더프라임,84.9625,202110,19,"22,700",7,2013,안견로 91,,-,-
충청남도 서산시 동문동,1259,1259,0,서산동문동한라비발디,84.95,202110,21,"25,000",2,2006,고운로 276,,-,-
충청남도 서산시 동문동,1259,1259,0,서산동문동한라비발디,84.95,202110,30,"30,000",12,2006,고운로 276,,-,-
충청남도 서산시 동문동,1262,1262,0,신한미지엔,84.8519,202110,5,"18,800",4,2011,서령로 157,,-,-
충청남도 서산시 동문동,1262,1262,0,신한미지엔,84.8519,202110,6,"18,500",8,2011,서령로 157,,-,-
충청남도 서산시 동문동,1262,1262,0,신한미지엔,84.8519,202110,10,"18,500",13,2011,서령로 157,,-,-
충청남도 서산시 동문동,1262,1262,0,신한미지엔,84.8519,202110,16,"18,500",5,2011,서령로 157,,-,-
충청남도 서산시 동문동,449-3,449,3,평화맨션,71.01,202110,9,"6,500",1,1986,대사동12로 19,,-,-
충청남도 서산시 동문동,137-2,137,2,현대,59.76,202110,1,"12,300",15,1996,율지6로 29,,-,-
충청남도 서산시 동문동,137-2,137,2,현대,59.76,202110,5,"10,000",8,1996,율지6로 29,,-,-
충청남도 서산시 동문동,137-2,137,2,현대,59.76,202110,19,"10,300",5,1996,율지6로 29,,-,-
충청남도 서산시 동문동,1257,1257,0,현진에버빌,84.97,202110,7,"24,000",11,2007,향교4로 8-13,,-,-
충청남도 서산시 동문동,1257,1257,0,현진에버빌,101.98,202110,23,"22,000",1,2007,향교4로 8-13,,-,-
충청남도 서산시 동문동,1257,1257,0,현진에버빌,124.51,202110,27,"29,500",9,2007,향교4로 8-13,,-,-
충청남도 서산시 석남동,104-1,104,1,센스빌,51.74,202110,11,"15,700",8,2003,동서1로 130,,-,-
충청남도 서산시 석남동,104-1,104,1,센스빌,75.99,202110,13,"21,500",8,2003,동서1로 130,,-,-
충청남도 서산시 석남동,104-1,104,1,센스빌,59.92,202110,16,"20,000",14,2003,동서1로 130,,-,-
충청남도 서산시 석남동,104-1,104,1,센스빌,51.74,202110,16,"15,500",13,2003,동서1로 130,,-,-
충청남도 서산시 석남동,104-1,104,1,센스빌,59.92,202110,20,"16,300",1,2003,동서1로 130,,-,-
충청남도 서산시 석남동,104-1,104,1,센스빌,84.86,202110,27,"24,500",8,2003,동서1로 130,,-,-
충청남도 서산시 석남동,35-24,35,24,영진크로바,113.58,202110,9,"14,000",6,1993,석남1로 12,,-,-
충청남도 서산시 석남동,35-24,35,24,영진크로바,59.4,202110,15,"8,900",14,1993,석남1로 12,,-,-
충청남도 서산시 석남동,35-24,35,24,영진크로바,59.4,202110,17,"10,000",17,1993,석남1로 12,,-,-
충청남도 서산시 석림동,447-6,447,6,G-파크빌,81.615,202110,25,"16,300",7,2002,석림2길 3,,-,-
충청남도 서산시 석림동,636-8,636,8,도명,80.7,202110,14,"8,500",4,2003,한마음13로 26,,-,-
충청남도 서산시 석림동,962,962,0,서산센트럴코아루아파트,74.989,202110,3,"26,000",10,2019,한마음2로 22,,-,-
충청남도 서산시 석림동,962,962,0,서산센트럴코아루아파트,64.9504,202110,6,"23,200",9,2019,한마음2로 22,,-,-
충청남도 서산시 석림동,962,962,0,서산센트럴코아루아파트,64.9504,202110,7,"22,000",6,2019,한마음2로 22,,-,-
충청남도 서산시 석림동,962,962,0,서산센트럴코아루아파트,74.7566,202110,7,"26,000",12,2019,한마음2로 22,,-,-
충청남도 서산시 석림동,962,962,0,서산센트럴코아루아파트,64.9504,202110,7,"22,000",6,2019,한마음2로 22,,-,-
충청남도 서산시 석림동,962,962,0,서산센트럴코아루아파트,74.989,202110,9,"26,000",16,2019,한마음2로 22,,-,-
충청남도 서산시 석림동,962,962,0,서산센트럴코아루아파트,74.7566,202110,9,"26,000",12,2019,한마음2로 22,,-,-
충청남도 서산시 석림동,962,962,0,서산센트럴코아루아파트,74.2216,202110,11,"25,800",20,2019,한마음2로 22,,-,-
충청남도 서산시 석림동,962,962,0,서산센트럴코아루아파트,74.2216,202110,11,"26,000",16,2019,한마음2로 22,,-,-
충청남도 서산시 석림동,962,962,0,서산센트럴코아루아파트,74.989,202110,11,"28,000",14,2019,한마음2로 22,,-,-
충청남도 서산시 석림동,962,962,0,서산센트럴코아루아파트,74.989,202110,11,"28,000",14,2019,한마음2로 22,,-,-
충청남도 서산시 석림동,962,962,0,서산센트럴코아루아파트,64.9504,202110,11,"23,400",16,2019,한마음2로 22,,-,-
충청남도 서산시 석림동,962,962,0,서산센트럴코아루아파트,74.2216,202110,11,"25,800",20,2019,한마음2로 22,,-,-
충청남도 서산시 석림동,962,962,0,서산센트럴코아루아파트,74.2216,202110,11,"26,000",16,2019,한마음2로 22,,-,-
충청남도 서산시 석림동,962,962,0,서산센트럴코아루아파트,74.2216,202110,12,"25,200",8,2019,한마음2로 22,,-,-
충청남도 서산시 석림동,962,962,0,서산센트럴코아루아파트,74.989,202110,13,"28,000",13,2019,한마음2로 22,,-,-
충청남도 서산시 석림동,962,962,0,서산센트럴코아루아파트,74.989,202110,13,"26,000",2,2019,한마음2로 22,,-,-
충청남도 서산시 석림동,962,962,0,서산센트럴코아루아파트,74.7566,202110,14,"26,000",9,2019,한마음2로 22,,-,-
충청남도 서산시 석림동,962,962,0,서산센트럴코아루아파트,74.989,202110,15,"26,000",7,2019,한마음2로 22,,-,-
충청남도 서산시 석림동,962,962,0,서산센트럴코아루아파트,74.989,202110,15,"26,000",7,2019,한마음2로 22,,-,-
충청남도 서산시 석림동,962,962,0,서산센트럴코아루아파트,74.989,202110,15,"26,000",13,2019,한마음2로 22,,-,-
충청남도 서산시 석림동,962,962,0,서산센트럴코아루아파트,64.9504,202110,15,"24,000",8,2019,한마음2로 22,,-,-
충청남도 서산시 석림동,962,962,0,서산센트럴코아루아파트,64.9504,202110,15,"24,000",11,2019,한마음2로 22,,-,-
충청남도 서산시 석림동,962,962,0,서산센트럴코아루아파트,74.989,202110,16,"26,000",11,2019,한마음2로 22,,-,-
충청남도 서산시 석림동,962,962,0,서산센트럴코아루아파트,64.9504,202110,16,"23,000",7,2019,한마음2로 22,,-,-
충청남도 서산시 석림동,962,962,0,서산센트럴코아루아파트,74.989,202110,19,"25,800",12,2019,한마음2로 22,,-,-
충청남도 서산시 석림동,962,962,0,서산센트럴코아루아파트,74.7566,202110,20,"27,000",7,2019,한마음2로 22,,-,-
충청남도 서산시 석림동,962,962,0,서산센트럴코아루아파트,64.9504,202110,21,"24,000",19,2019,한마음2로 22,,-,-
충청남도 서산시 석림동,962,962,0,서산센트럴코아루아파트,74.989,202110,25,"26,000",14,2019,한마음2로 22,,-,-
충청남도 서산시 석림동,463-1,463,1,석림주공2단지,37.67,202110,1,"6,300",8,1995,석림4로 83,,-,-
충청남도 서산시 석림동,463-1,463,1,석림주공2단지,58.14,202110,2,"11,000",9,1995,석림4로 83,,-,-
충청남도 서산시 석림동,463-1,463,1,석림주공2단지,58.14,202110,2,"11,600",12,1995,석림4로 83,,-,-
충청남도 서산시 석림동,463-1,463,1,석림주공2단지,58.14,202110,11,"12,500",10,1995,석림4로 83,,-,-
충청남도 서산시 석림동,463-1,463,1,석림주공2단지,58.14,202110,12,"10,000",15,1995,석림4로 83,,-,-
충청남도 서산시 석림동,463-1,463,1,석림주공2단지,58.14,202110,12,"11,400",10,1995,석림4로 83,,-,-
충청남도 서산시 석림동,463-1,463,1,석림주공2단지,58.14,202110,16,"11,500",4,1995,석림4로 83,,-,-
충청남도 서산시 석림동,463-1,463,1,석림주공2단지,58.14,202110,16,"11,300",3,1995,석림4로 83,,-,-
충청남도 서산시 석림동,463-1,463,1,석림주공2단지,58.14,202110,16,"11,000",1,1995,석림4로 83,,-,-
충청남도 서산시 석림동,463-1,463,1,석림주공2단지,58.14,202110,19,"10,500",11,1995,석림4로 83,,-,-
충청남도 서산시 석림동,463-1,463,1,석림주공2단지,49.36,202110,23,"10,000",10,1995,석림4로 83,,-,-
충청남도 서산시 석림동,463-1,463,1,석림주공2단지,58.14,202110,25,"8,300",6,1995,석림4로 83,,-,-
충청남도 서산시 석림동,463-1,463,1,석림주공2단지,37.67,202110,27,"5,600",9,1995,석림4로 83,,-,-
충청남도 서산시 석림동,416-1,416,1,석림중앙하이츠빌,84.9974,202110,3,"23,700",4,2006,석림1로 20,,-,-
충청남도 서산시 석림동,416-1,416,1,석림중앙하이츠빌,84.9974,202110,5,"19,000",1,2006,석림1로 20,,-,-
충청남도 서산시 석림동,416-1,416,1,석림중앙하이츠빌,84.9974,202110,12,"24,000",12,2006,석림1로 20,,-,-
충청남도 서산시 석림동,590-1,590,1,석림한성필하우스,75.5336,202110,2,"23,700",4,2007,동서2로 15,,-,-
충청남도 서산시 석림동,590-1,590,1,석림한성필하우스,84.9614,202110,10,"26,000",6,2007,동서2로 15,,-,-
충청남도 서산시 성연면 왕정리,725,725,0,e편한세상서산테크노밸리,74.5253,202110,2,"25,000",8,2018,성연4로 46,,-,-
충청남도 서산시 성연면 왕정리,725,725,0,e편한세상서산테크노밸리,59.9949,202110,5,"20,700",13,2018,성연4로 46,,-,-
충청남도 서산시 성연면 왕정리,725,725,0,e편한세상서산테크노밸리,74.5253,202110,6,"23,000",8,2018,성연4로 46,,-,-
충청남도 서산시 성연면 왕정리,725,725,0,e편한세상서산테크노밸리,74.5253,202110,8,"23,000",9,2018,성연4로 46,,-,-
충청남도 서산시 성연면 왕정리,725,725,0,e편한세상서산테크노밸리,59.9949,202110,14,"18,300",1,2018,성연4로 46,,-,-
충청남도 서산시 성연면 왕정리,725,725,0,e편한세상서산테크노밸리,74.5253,202110,16,"22,300",2,2018,성연4로 46,,-,-
충청남도 서산시 성연면 왕정리,725,725,0,e편한세상서산테크노밸리,59.9949,202110,17,"20,000",5,2018,성연4로 46,,-,-
충청남도 서산시 성연면 왕정리,725,725,0,e편한세상서산테크노밸리,74.5253,202110,17,"25,000",20,2018,성연4로 46,,-,-
충청남도 서산시 성연면 왕정리,725,725,0,e편한세상서산테크노밸리,59.9921,202110,21,"18,400",18,2018,성연4로 46,,-,-
충청남도 서산시 성연면 왕정리,725,725,0,e편한세상서산테크노밸리,59.9921,202110,25,"19,500",2,2018,성연4로 46,,-,-
충청남도 서산시 성연면 왕정리,725,725,0,e편한세상서산테크노밸리,74.5253,202110,31,"22,800",2,2018,성연4로 46,,-,-
충청남도 서산시 성연면 왕정리,719,719,0,이안서산테크노밸리,84.9767,202110,8,"22,000",2,2015,성연3로 36,,-,-
충청남도 서산시 성연면 왕정리,719,719,0,이안서산테크노밸리,84.9794,202110,9,"24,000",13,2015,성연3로 36,,-,-
충청남도 서산시 성연면 왕정리,712,712,0,힐스테이트서산아파트,84.9408,202110,5,"22,500",12,2017,성연3로 76,,-,-
충청남도 서산시 성연면 왕정리,712,712,0,힐스테이트서산아파트,75.0647,202110,7,"24,800",6,2017,성연3로 76,,-,-
충청남도 서산시 성연면 왕정리,712,712,0,힐스테이트서산아파트,84.9408,202110,8,"26,600",16,2017,성연3로 76,,-,-
충청남도 서산시 성연면 왕정리,712,712,0,힐스테이트서산아파트,75.0647,202110,15,"22,300",3,2017,성연3로 76,,-,-
충청남도 서산시 성연면 왕정리,712,712,0,힐스테이트서산아파트,75.0647,202110,15,"24,000",6,2017,성연3로 76,,-,-
충청남도 서산시 성연면 왕정리,712,712,0,힐스테이트서산아파트,84.9498,202110,24,"25,900",5,2017,성연3로 76,,-,-
충청남도 서산시 성연면 왕정리,712,712,0,힐스테이트서산아파트,84.9408,202110,28,"25,500",18,2017,성연3로 76,,-,-
충청남도 서산시 성연면 왕정리,712,712,0,힐스테이트서산아파트,84.9408,202110,30,"25,000",5,2017,성연3로 76,,-,-
충청남도 서산시 성연면 일람리,1077,1077,0,서산금호어울림에듀퍼스트,84.9251,202110,14,"26,000",19,2019,성연5로 92-7,,-,-
충청남도 서산시 성연면 일람리,1077,1077,0,서산금호어울림에듀퍼스트,74.9853,202110,14,"21,800",6,2019,성연5로 92-7,,-,-
충청남도 서산시 성연면 일람리,1077,1077,0,서산금호어울림에듀퍼스트,74.9853,202110,21,"23,500",19,2019,성연5로 92-7,,-,-
충청남도 서산시 성연면 일람리,1089,1089,0,서산테크노밸리고운라피네,66.3755,202110,2,"18,500",2,2018,성연3로 57-30,,-,-
충청남도 서산시 성연면 일람리,1089,1089,0,서산테크노밸리고운라피네,84.6603,202110,2,"23,000",6,2018,성연3로 57-30,,-,-
충청남도 서산시 성연면 일람리,1089,1089,0,서산테크노밸리고운라피네,75.1389,202110,3,"20,800",20,2018,성연3로 57-30,,-,-
충청남도 서산시 성연면 일람리,1089,1089,0,서산테크노밸리고운라피네,75.1389,202110,5,"21,921",9,2018,성연3로 57-30,,-,-
충청남도 서산시 성연면 일람리,1089,1089,0,서산테크노밸리고운라피네,84.6603,202110,5,"24,500",8,2018,성연3로 57-30,,-,-
충청남도 서산시 성연면 일람리,1089,1089,0,서산테크노밸리고운라피네,84.6603,202110,6,"24,800",14,2018,성연3로 57-30,,-,-
충청남도 서산시 성연면 일람리,1089,1089,0,서산테크노밸리고운라피네,84.6603,202110,8,"22,000",5,2018,성연3로 57-30,,-,-
충청남도 서산시 성연면 일람리,1089,1089,0,서산테크노밸리고운라피네,67.2605,202110,8,"18,522",2,2018,성연3로 57-30,,-,-
충청남도 서산시 성연면 일람리,1089,1089,0,서산테크노밸리고운라피네,84.6603,202110,9,"22,300",6,2018,성연3로 57-30,,-,-
충청남도 서산시 성연면 일람리,1089,1089,0,서산테크노밸리고운라피네,84.6603,202110,9,"22,300",7,2018,성연3로 57-30,,-,-
충청남도 서산시 성연면 일람리,1089,1089,0,서산테크노밸리고운라피네,75.1389,202110,11,"22,000",17,2018,성연3로 57-30,,-,-
충청남도 서산시 성연면 일람리,1089,1089,0,서산테크노밸리고운라피네,84.6603,202110,13,"23,500",8,2018,성연3로 57-30,,-,-
충청남도 서산시 성연면 일람리,1089,1089,0,서산테크노밸리고운라피네,84.6603,202110,16,"23,000",14,2018,성연3로 57-30,,-,-
충청남도 서산시 성연면 일람리,1089,1089,0,서산테크노밸리고운라피네,75.1389,202110,20,"21,000",4,2018,성연3로 57-30,,-,-
충청남도 서산시 성연면 일람리,1089,1089,0,서산테크노밸리고운라피네,84.6603,202110,20,"24,000",14,2018,성연3로 57-30,,-,-
충청남도 서산시 성연면 일람리,1089,1089,0,서산테크노밸리고운라피네,66.3755,202110,26,"20,200",18,2018,성연3로 57-30,,-,-
충청남도 서산시 성연면 일람리,1129,1129,0,이안더서산아파트,84.9476,202110,3,"26,000",18,2018,성연4로 28,,-,-
충청남도 서산시 성연면 일람리,1129,1129,0,이안더서산아파트,84.9476,202110,13,"23,755",12,2018,성연4로 28,,-,-
충청남도 서산시 성연면 일람리,1129,1129,0,이안더서산아파트,84.9476,202110,14,"26,000",18,2018,성연4로 28,,-,-
충청남도 서산시 수석동,688-83,688,83,매화,45.13,202110,5,"3,000",2,1992,한성지3로 32,,-,-
충청남도 서산시 수석동,688-83,688,83,매화,45.13,202110,6,"3,250",3,1992,한성지3로 32,,-,-
충청남도 서산시 수석동,688-83,688,83,매화,45.13,202110,21,"2,000",4,1992,한성지3로 32,,-,-
충청남도 서산시 수석동,688-83,688,83,매화,45.13,202110,22,"3,050",3,1992,한성지3로 32,,-,-
충청남도 서산시 양대동,07월 09일,7,9,동아1,58.97,202110,7,"4,600",5,1992,남부순환로 876,,-,-
충청남도 서산시 예천동,1334,1334,0,e편한세상서산예천,59.9885,202110,16,"33,000",12,2017,동서1로 230,,-,-
충청남도 서산시 예천동,1332,1332,0,서산예천효성해링턴플레이스,59.9105,202110,4,"25,800",1,2016,예천3로 43,,-,-
충청남도 서산시 예천동,1332,1332,0,서산예천효성해링턴플레이스,84.9382,202110,6,"40,300",3,2016,예천3로 43,,-,-
충청남도 서산시 예천동,1332,1332,0,서산예천효성해링턴플레이스,84.9382,202110,12,"38,500",2,2016,예천3로 43,,-,-
충청남도 서산시 예천동,1332,1332,0,서산예천효성해링턴플레이스,84.9382,202110,20,"40,700",16,2016,예천3로 43,,-,-
충청남도 서산시 예천동,1727,1727,0,센텀파크뷰서희,80.1334,202110,2,"29,400",13,2021,고운로 17,,-,-
충청남도 서산시 예천동,1727,1727,0,센텀파크뷰서희,80.1334,202110,6,"29,118",22,2021,고운로 17,,-,-
충청남도 서산시 예천동,1727,1727,0,센텀파크뷰서희,80.1334,202110,13,"28,500",21,2021,고운로 17,,-,-
충청남도 서산시 예천동,1727,1727,0,센텀파크뷰서희,80.1334,202110,14,"31,500",22,2021,고운로 17,,-,-
충청남도 서산시 예천동,1328,1328,0,예천한성필하우스,115.2731,202110,2,"47,500",19,2012,동서1로 182,,-,-
충청남도 서산시 예천동,1328,1328,0,예천한성필하우스,84.951,202110,7,"37,800",8,2012,동서1로 182,,-,-
충청남도 서산시 예천동,1328,1328,0,예천한성필하우스,84.951,202110,20,"38,800",2,2012,동서1로 182,,-,-
충청남도 서산시 예천동,1328,1328,0,예천한성필하우스,84.9779,202110,21,"36,000",10,2012,동서1로 182,,-,-
충청남도 서산시 예천동,1328,1328,0,예천한성필하우스,84.9779,202110,22,"37,700",4,2012,동서1로 182,,-,-
충청남도 서산시 예천동,1328,1328,0,예천한성필하우스,84.9779,202110,23,"37,900",5,2012,동서1로 182,,-,-
충청남도 서산시 예천동,1328,1328,0,예천한성필하우스,84.9779,202110,27,"29,000",12,2012,동서1로 182,,-,-
충청남도 서산시 오남동,551-100,551,100,무림,51.12,202110,15,"2,680",4,1991,오산8길 17,,-,-
충청남도 서산시 오남동,551-100,551,100,무림,51.12,202110,30,"1,600",6,1991,오산8길 17,,-,-
충청남도 서산시 운산면 갈산리,769-8,769,8,서정운산마을,39.9,202110,2,"3,100",5,2000,운암로 886,,-,-
충청남도 서산시 운산면 갈산리,769-8,769,8,서정운산마을,59.72,202110,4,"6,100",9,2000,운암로 886,,-,-
충청남도 서산시 운산면 갈산리,769-8,769,8,서정운산마을,59.72,202110,8,"5,800",2,2000,운암로 886,,-,-
충청남도 서산시 운산면 갈산리,769-8,769,8,서정운산마을,59.72,202110,8,"6,000",8,2000,운암로 886,,-,-
충청남도 서산시 운산면 갈산리,769-8,769,8,서정운산마을,59.72,202110,12,"6,250",10,2000,운암로 886,,-,-
충청남도 서산시 운산면 갈산리,769-8,769,8,서정운산마을,59.72,202110,28,"5,700",3,2000,운암로 886,,-,-
충청남도 서산시 음암면 도당리,1275-2,1275,2,개나리,59.95,202110,5,"3,500",6,1998,석동로 36,,-,-
충청남도 서산시 음암면 도당리,1275-2,1275,2,개나리,59.95,202110,14,"3,500",10,1998,석동로 36,,-,-
충청남도 서산시 음암면 부산리,729-9,729,9,음암마을,59.55,202110,30,"3,950",4,1996,서령로 330,,-,-
충청남도 서산시 음암면 부산리,527-1,527,1,한성스위트빌,51.506,202110,6,"6,200",2,2001,서령로 325-23,,-,-
충청남도 서산시 음암면 부산리,527-1,527,1,한성스위트빌,51.506,202110,12,"6,850",13,2001,서령로 325-23,,-,-
충청남도 서산시 음암면 부산리,527-1,527,1,한성스위트빌,38.826,202110,15,"5,000",13,2001,서령로 325-23,,-,-
충청남도 서산시 음암면 부산리,527-1,527,1,한성스위트빌,38.826,202110,18,"5,000",1,2001,서령로 325-23,,-,-
충청남도 서산시 음암면 부산리,527-1,527,1,한성스위트빌,38.826,202110,25,"4,200",12,2001,서령로 325-23,,-,-
충청남도 서산시 음암면 부산리,527-1,527,1,한성스위트빌,38.826,202110,26,"4,500",9,2001,서령로 325-23,,-,-
충청남도 서산시 음암면 부장리,219-2,219,2,수림아파트,84.9766,202110,3,"12,000",6,2007,음암로 499,,-,-
충청남도 서산시 음암면 부장리,219-2,219,2,수림아파트,84.9766,202110,10,"12,200",9,2007,음암로 499,,-,-
충청남도 서산시 음암면 부장리,219-2,219,2,수림아파트,84.9766,202110,17,"10,500",9,2007,음암로 499,,-,-
충청남도 서산시 음암면 부장리,219-2,219,2,수림아파트,84.9766,202110,23,"12,200",13,2007,음암로 499,,-,-
충청남도 서산시 읍내동,624-1,624,1,대림동신,101.88,202110,2,"17,700",14,1994,부춘2로 47,,-,-
충청남도 서산시 읍내동,624-6,624,6,동신,61.56,202110,9,"8,400",14,1994,문화로 131,,-,-
충청남도 서산시 읍내동,624-6,624,6,동신,61.56,202110,16,"9,000",9,1994,문화로 131,,-,-
충청남도 서산시 읍내동,624-6,624,6,동신,61.56,202110,23,"8,000",1,1994,문화로 131,,-,-
충청남도 서산시 읍내동,688-10,688,10,동일,83.7,202110,12,"8,900",5,1990,성암1로 20-3,,-,-
충청남도 서산시 읍내동,738-6,738,6,롯데캐슬,59.4006,202110,7,"18,800",9,2006,안견로 365-10,,-,-
충청남도 서산시 읍내동,738-6,738,6,롯데캐슬,84.7188,202110,12,"25,500",4,2006,안견로 365-10,,-,-
충청남도 서산시 읍내동,738-6,738,6,롯데캐슬,84.7188,202110,20,"24,300",15,2006,안견로 365-10,,-,-
충청남도 서산시 읍내동,738-6,738,6,롯데캐슬,84.7188,202110,20,"25,200",2,2006,안견로 365-10,,-,-
충청남도 서산시 읍내동,624-5,624,5,부영,49.72,202110,2,"6,700",15,1996,부춘1로 19,,-,-
충청남도 서산시 읍내동,624-5,624,5,부영,49.72,202110,8,"7,000",10,1996,부춘1로 19,,-,-
충청남도 서산시 읍내동,624-5,624,5,부영,49.72,202110,12,"7,900",13,1996,부춘1로 19,,-,-
충청남도 서산시 읍내동,624-5,624,5,부영,49.72,202110,29,"7,950",9,1996,부춘1로 19,,-,-
충청남도 서산시 읍내동,55,55,0,서산읍내현대,84.936,202110,11,"18,800",16,2000,호수공원6로 19,,-,-
충청남도 서산시 읍내동,55,55,0,서산읍내현대,59.786,202110,12,"17,700",9,2000,호수공원6로 19,,-,-
충청남도 서산시 읍내동,55,55,0,서산읍내현대,84.936,202110,22,"21,500",6,2000,호수공원6로 19,,-,-
충청남도 서산시 읍내동,Jan-76,76,1,서산푸르밸리,23.8005,202110,28,"6,600",9,2017,안견로 322,,-,-
충청남도 서산시 읍내동,797-19,797,19,안산,100.41,202110,18,"8,000",2,1990,양유정4길 5,,-,-
충청남도 서산시 읍내동,873,873,0,양우내안애퍼스트힐,84.97,202110,2,"34,000",17,2018,안견로 457,,-,-
충청남도 서산시 읍내동,873,873,0,양우내안애퍼스트힐,72.608,202110,3,"26,800",16,2018,안견로 457,,-,-
충청남도 서산시 읍내동,873,873,0,양우내안애퍼스트힐,72.608,202110,10,"29,000",16,2018,안견로 457,,-,-
충청남도 서산시 읍내동,873,873,0,양우내안애퍼스트힐,84.854,202110,20,"35,800",18,2018,안견로 457,,-,-
충청남도 서산시 인지면 둔당리,307,307,0,산호옥마을,59.959,202110,6,"9,000",12,2005,둔당로 99,,-,-
충청남도 서산시 인지면 둔당리,307,307,0,산호옥마을,84.723,202110,9,"14,500",7,2005,둔당로 99,,-,-
충청남도 서산시 인지면 둔당리,307,307,0,산호옥마을,84.723,202110,18,"12,000",9,2005,둔당로 99,,-,-
충청남도 서산시 인지면 둔당리,307,307,0,산호옥마을,84.723,202110,23,"13,000",9,2005,둔당로 99,,-,-
충청남도 서산시 인지면 둔당리,307,307,0,산호옥마을,84.723,202110,24,"12,850",6,2005,둔당로 99,,-,-
충청남도 서산시 인지면 둔당리,328-2,328,2,서산청구제네스,84.9243,202110,1,"10,100",4,2003,둔당로 105-9,,-,-
충청남도 서산시 인지면 둔당리,328-2,328,2,서산청구제네스,72.9434,202110,18,"10,000",15,2003,둔당로 105-9,,-,-
충청남도 서산시 인지면 둔당리,256-2,256,2,송림,37.41,202110,17,"2,200",1,1993,무학로 1663-10,,-,-
충청남도 서산시 인지면 둔당리,256-2,256,2,송림,37.42,202110,19,"1,500",4,1993,무학로 1663-10,,-,-
충청남도 서산시 인지면 둔당리,224,224,0,아진,39.66,202110,9,"3,900",10,1998,무학로 1742,,-,-
충청남도 서산시 인지면 둔당리,224,224,0,아진,39.66,202110,22,"3,950",6,1998,무학로 1742,20211104,-,-
충청남도 서산시 인지면 둔당리,224,224,0,아진,39.66,202110,23,"3,950",6,1998,무학로 1742,,-,-
충청남도 서산시 장동,143-4,143,4,푸른솔,48.81,202110,8,"2,840",1,1998,장동돌금길 31-43,,-,-
충청남도 서산시 장동,143-4,143,4,푸른솔,48.81,202110,27,"2,400",5,1998,장동돌금길 31-43,,-,-
충청남도 서산시 죽성동,07월 09일,7,9,동아1,84,202110,6,"6,900",2,1992,남부순환로 876,,-,-
충청남도 서산시 죽성동,05월 08일,5,8,동아2,46.69,202110,5,"2,500",6,1993,남부순환로 885,,-,-
충청남도 서산시 죽성동,05월 08일,5,8,동아2,59.55,202110,14,"3,500",6,1993,남부순환로 885,,-,-
충청남도 서산시 죽성동,Jan-74,74,1,삼성1차,84.93,202110,19,"10,000",5,1993,남부순환로 767,,-,-
충청남도 서산시 죽성동,Jan-74,74,1,삼성1차,84.93,202110,26,"9,800",5,1993,남부순환로 767,,-,-
충청남도 서산시 죽성동,Jan-74,74,1,삼성2차,126.73,202110,1,"15,700",8,1998,남부순환로 767,,-,-
충청남도 서산시 죽성동,Jan-74,74,1,삼성2차,84.93,202110,2,"7,800",1,1998,남부순환로 767,20211018,-,-
충청남도 서산시 죽성동,Jan-74,74,1,삼성2차,84.93,202110,5,"9,600",15,1998,남부순환로 767,,-,-
충청남도 서산시 죽성동,Jan-74,74,1,삼성2차,84.93,202110,17,"8,200",1,1998,남부순환로 767,,-,-
충청남도 서산시 지곡면 무장리,920,920,0,늘푸른오스카빌,84.9824,202110,2,"12,200",11,2006,충의로 762-78,,-,-
충청남도 서산시 지곡면 무장리,920,920,0,늘푸른오스카빌,84.9824,202110,3,"11,900",11,2006,충의로 762-78,,-,-
충청남도 서산시 지곡면 무장리,920,920,0,늘푸른오스카빌,84.9824,202110,5,"10,000",11,2006,충의로 762-78,,-,-
충청남도 서산시 지곡면 무장리,920,920,0,늘푸른오스카빌,84.9824,202110,9,"11,450",12,2006,충의로 762-78,,-,-
충청남도 서산시 지곡면 무장리,920,920,0,늘푸른오스카빌,84.9824,202110,9,"11,800",7,2006,충의로 762-78,,-,-
충청남도 서산시 지곡면 무장리,920,920,0,늘푸른오스카빌,84.9824,202110,10,"10,500",15,2006,충의로 762-78,,-,-
충청남도 서산시 지곡면 무장리,920,920,0,늘푸른오스카빌,84.9824,202110,16,"12,000",10,2006,충의로 762-78,,-,-
충청남도 서산시 지곡면 무장리,920,920,0,늘푸른오스카빌,84.9824,202110,16,"11,500",13,2006,충의로 762-78,,-,-
충청남도 서산시 지곡면 무장리,920,920,0,늘푸른오스카빌,84.9824,202110,17,"12,500",5,2006,충의로 762-78,,-,-
충청남도 서산시 지곡면 무장리,920,920,0,늘푸른오스카빌,84.9824,202110,18,"10,500",7,2006,충의로 762-78,,-,-
충청남도 서산시 지곡면 무장리,920,920,0,늘푸른오스카빌,84.9824,202110,18,"11,600",11,2006,충의로 762-78,,-,-
충청남도 서산시 지곡면 무장리,920,920,0,늘푸른오스카빌,84.9824,202110,22,"11,700",6,2006,충의로 762-78,,-,-
충청남도 서산시 지곡면 무장리,920,920,0,늘푸른오스카빌,84.9824,202110,24,"11,400",5,2006,충의로 762-78,,-,-
충청남도 서산시 지곡면 무장리,920,920,0,늘푸른오스카빌,84.9824,202110,25,"11,900",9,2006,충의로 762-78,,-,-
충청남도 서산시 지곡면 화천리,523-11,523,11,지곡미래아파트,40.95,202110,31,"3,800",5,2012,화천1로 196,,-,-
충청남도 서산시 해미면 읍내리,110-1,110,1,가야아파트,36.45,202110,2,"3,900",5,1999,일락골길 13,,-,-
충청남도 서산시 해미면 읍내리,110-1,110,1,가야아파트,36.45,202110,29,"4,300",3,1999,일락골길 13,,-,-
충청남도 서산시 해미면 읍내리,140,140,0,아담,27.99,202110,28,"2,700",4,1997,일락골길 15,,-,-
충청남도 서산시 해미면 읍내리,291-12,291,12,한서,156.08,202110,4,"14,500",6,1993,남문6로 8,,-,-
충청남도 서산시 해미면 조산리,299-19,299,19,파컴하이빌,63.6516,202110,18,"10,500",11,2005,성지1로 4-8,,-,-
충청남도 서천군 마서면 덕암리,314-4,314,4,천산,59.706,202110,16,"4,800",4,2001,장서로 493,,-,-
충청남도 서천군 마서면 덕암리,314-4,314,4,천산,59.706,202110,27,"6,000",10,2001,장서로 493,,-,-
충청남도 서천군 서천읍 사곡리,304-156,304,156,신영골든빌,83.625,202110,2,"15,850",2,2004,사곡로 12-16,,-,-
충청남도 서천군 서천읍 사곡리,117-3,117,3,정원,84.98,202110,2,"12,300",14,1996,사곡로75번길 7,,-,-
충청남도 서천군 서천읍 사곡리,386,386,0,천산스카이빌,125.0019,202110,9,"29,000",10,2009,서천로143번길 51,,-,-
충청남도 서천군 서천읍 사곡리,393,393,0,천산스카이빌3차,84.7809,202110,21,"25,000",11,2015,사곡로 10,,-,-
충청남도 서천군 장항읍 성주리,278-2,278,2,금강,59.99,202110,9,"6,300",9,1996,성화로 194,,-,-
충청남도 서천군 장항읍 성주리,278-2,278,2,금강,109.11,202110,24,"12,500",8,1996,성화로 194,,-,-
충청남도 서천군 장항읍 신창리,243-44,243,44,영흥맨션,51.27,202110,27,"4,300",5,1989,신창서로 64,,-,-
충청남도 서천군 장항읍 원수리,207,207,0,임해,43.27,202110,18,"1,290",6,1998,장항공단길10번길 42,,-,-
충청남도 서천군 장항읍 화천리,303-7,303,7,신흥,59.69,202110,7,"5,000",4,1995,신창서로 81,,-,-
충청남도 아산시 권곡동,443-9,443,9,덕흥,48.24,202110,18,"6,200",2,1991,충무로97번길 12,,-,-
충청남도 아산시 권곡동,610,610,0,삼부르네상스,84.99,202110,6,"25,000",5,2005,문화로243번길 13,,-,-
충청남도 아산시 권곡동,610,610,0,삼부르네상스,84.99,202110,18,"26,000",7,2005,문화로243번길 13,,-,-
충청남도 아산시 권곡동,169-1,169,1,서해그랑블1차,84.4973,202110,9,"29,300",7,2009,문화로 257-20,,-,-
충청남도 아산시 권곡동,169-1,169,1,서해그랑블1차,84.7904,202110,9,"30,000",14,2009,문화로 257-20,,-,-
충청남도 아산시 권곡동,Jan-96,96,1,서해그랑블2차,84.9959,202110,1,"30,500",8,2009,문화로 257-24,,-,-
충청남도 아산시 권곡동,Jan-96,96,1,서해그랑블2차,84.7904,202110,16,"29,800",12,2009,문화로 257-24,,-,-
충청남도 아산시 권곡동,536-18,536,18,성환맨션,59.9,202110,5,"8,400",2,1989,청운로176번길 8,,-,-
충청남도 아산시 권곡동,527-4,527,4,성환올림픽,84.7,202110,14,"9,000",15,1988,청운로176번길 7,,-,-
충청남도 아산시 권곡동,607,607,0,아산권곡주공,49.8,202110,10,"12,300",7,2003,박물관로 13,,-,-
충청남도 아산시 권곡동,607,607,0,아산권곡주공,49.8,202110,19,"12,950",8,2003,박물관로 13,,-,-
충청남도 아산시 권곡동,620,620,0,아산더샵퍼스트타워,99.5006,202110,16,"33,200",9,2009,권곡로 47,,-,-
충청남도 아산시 권곡동,205-1,205,1,청솔,58.2,202110,4,"12,000",8,2002,문화로 257-17,,-,-
충청남도 아산시 권곡동,205-1,205,1,청솔,58.2,202110,6,"12,400",2,2002,문화로 257-17,,-,-
충청남도 아산시 권곡동,205-1,205,1,청솔,58.2,202110,19,"12,000",10,2002,문화로 257-17,,-,-
충청남도 아산시 권곡동,205-1,205,1,청솔,58.2,202110,20,"12,400",12,2002,문화로 257-17,,-,-
충청남도 아산시 권곡동,443-54,443,54,충무,60.1,202110,1,"7,000",1,1979,충무로 83,,-,-
충청남도 아산시 권곡동,443-54,443,54,충무,59.5,202110,6,"7,400",3,1979,충무로 83,,-,-
충청남도 아산시 둔포면 둔포리,354-7,354,7,백남청솔,59.4,202110,14,"4,500",5,1996,둔포중앙로171번길 97,,-,-
충청남도 아산시 둔포면 둔포리,292,292,0,우정배꽃마을,84.18,202110,26,"10,500",2,2005,둔포중앙로161번길 34,,-,-
충청남도 아산시 둔포면 석곡리,1788,1788,0,아산테크노밸리EGthe13단지,72.0945,202110,2,"28,500",1,2016,아산밸리중앙로 47,,-,-
충청남도 아산시 둔포면 석곡리,1788,1788,0,아산테크노밸리EGthe13단지,72.345,202110,2,"29,000",17,2016,아산밸리중앙로 47,,-,-
충청남도 아산시 둔포면 석곡리,1788,1788,0,아산테크노밸리EGthe13단지,72.345,202110,2,"27,000",19,2016,아산밸리중앙로 47,,-,-
충청남도 아산시 둔포면 석곡리,1788,1788,0,아산테크노밸리EGthe13단지,72.0945,202110,3,"26,000",22,2016,아산밸리중앙로 47,,-,-
충청남도 아산시 둔포면 석곡리,1788,1788,0,아산테크노밸리EGthe13단지,72.345,202110,3,"28,500",10,2016,아산밸리중앙로 47,20211015,-,-
충청남도 아산시 둔포면 석곡리,1788,1788,0,아산테크노밸리EGthe13단지,72.345,202110,10,"25,500",2,2016,아산밸리중앙로 47,,-,-
충청남도 아산시 둔포면 석곡리,1788,1788,0,아산테크노밸리EGthe13단지,72.0945,202110,14,"29,000",7,2016,아산밸리중앙로 47,,-,-
충청남도 아산시 둔포면 석곡리,1788,1788,0,아산테크노밸리EGthe13단지,72.345,202110,15,"28,500",10,2016,아산밸리중앙로 47,,-,-
충청남도 아산시 둔포면 석곡리,1788,1788,0,아산테크노밸리EGthe13단지,72.345,202110,16,"28,000",4,2016,아산밸리중앙로 47,,-,-
충청남도 아산시 둔포면 석곡리,1788,1788,0,아산테크노밸리EGthe13단지,72.345,202110,21,"30,000",10,2016,아산밸리중앙로 47,,-,-
충청남도 아산시 둔포면 석곡리,1788,1788,0,아산테크노밸리EGthe13단지,72.345,202110,22,"29,900",11,2016,아산밸리중앙로 47,,-,-
충청남도 아산시 둔포면 석곡리,1797,1797,0,아산테크노밸리EGthe14단지,72.345,202110,5,"28,000",10,2016,아산밸리중앙로 67,,-,-
충청남도 아산시 둔포면 석곡리,1797,1797,0,아산테크노밸리EGthe14단지,72.345,202110,6,"29,000",5,2016,아산밸리중앙로 67,,-,-
충청남도 아산시 둔포면 석곡리,1797,1797,0,아산테크노밸리EGthe14단지,72.345,202110,8,"28,000",14,2016,아산밸리중앙로 67,,-,-
충청남도 아산시 둔포면 석곡리,1797,1797,0,아산테크노밸리EGthe14단지,72.345,202110,20,"28,000",16,2016,아산밸리중앙로 67,,-,-
충청남도 아산시 둔포면 석곡리,1797,1797,0,아산테크노밸리EGthe14단지,72.345,202110,26,"27,000",15,2016,아산밸리중앙로 67,,-,-
충청남도 아산시 둔포면 석곡리,1797,1797,0,아산테크노밸리EGthe14단지,72.345,202110,27,"29,500",17,2016,아산밸리중앙로 67,20211028,-,-
충청남도 아산시 둔포면 석곡리,1797,1797,0,아산테크노밸리EGthe14단지,72.345,202110,28,"29,800",15,2016,아산밸리중앙로 67,,-,-
충청남도 아산시 둔포면 석곡리,1797,1797,0,아산테크노밸리EGthe14단지,72.345,202110,28,"29,500",17,2016,아산밸리중앙로 67,,-,-
충청남도 아산시 둔포면 석곡리,1790,1790,0,아산테크노밸리이지더원5단지,72.3669,202110,3,"28,000",12,2017,아산밸리북로 48,,-,-
충청남도 아산시 둔포면 석곡리,1790,1790,0,아산테크노밸리이지더원5단지,72.3669,202110,7,"24,000",1,2017,아산밸리북로 48,20211029,-,-
충청남도 아산시 둔포면 석곡리,1790,1790,0,아산테크노밸리이지더원5단지,72.3669,202110,7,"24,000",1,2017,아산밸리북로 48,,-,-
충청남도 아산시 둔포면 석곡리,1790,1790,0,아산테크노밸리이지더원5단지,72.3669,202110,8,"28,400",16,2017,아산밸리북로 48,,-,-
충청남도 아산시 둔포면 석곡리,1790,1790,0,아산테크노밸리이지더원5단지,72.3669,202110,12,"30,000",12,2017,아산밸리북로 48,,-,-
충청남도 아산시 둔포면 석곡리,1790,1790,0,아산테크노밸리이지더원5단지,72.3669,202110,16,"28,900",18,2017,아산밸리북로 48,,-,-
충청남도 아산시 둔포면 석곡리,1790,1790,0,아산테크노밸리이지더원5단지,72.3669,202110,18,"27,750",10,2017,아산밸리북로 48,,-,-
충청남도 아산시 둔포면 석곡리,1790,1790,0,아산테크노밸리이지더원5단지,72.3669,202110,21,"25,000",10,2017,아산밸리북로 48,,-,-
충청남도 아산시 둔포면 석곡리,1790,1790,0,아산테크노밸리이지더원5단지,72.2295,202110,28,"28,950",12,2017,아산밸리북로 48,,-,-
충청남도 아산시 둔포면 석곡리,1793,1793,0,아산테크노밸리이지더원6단지,72.3669,202110,4,"28,000",11,2017,아산밸리북로 68,,-,-
충청남도 아산시 둔포면 석곡리,1793,1793,0,아산테크노밸리이지더원6단지,72.3669,202110,8,"30,000",12,2017,아산밸리북로 68,,-,-
충청남도 아산시 둔포면 석곡리,1810,1810,0,아산테크노밸리이지더원7단지,76.7511,202110,9,"30,500",7,2017,아산밸리남로 77,,-,-
충청남도 아산시 둔포면 석곡리,1810,1810,0,아산테크노밸리이지더원7단지,76.5619,202110,13,"31,700",13,2017,아산밸리남로 77,,-,-
충청남도 아산시 둔포면 석곡리,1810,1810,0,아산테크노밸리이지더원7단지,76.5619,202110,14,"31,800",9,2017,아산밸리남로 77,,-,-
충청남도 아산시 둔포면 석곡리,1810,1810,0,아산테크노밸리이지더원7단지,76.5619,202110,30,"30,000",14,2017,아산밸리남로 77,,-,-
충청남도 아산시 둔포면 석곡리,1805,1805,0,아산테크노밸리이지더원8단지,65.9698,202110,1,"30,000",13,2017,아산밸리남로 81,,-,-
충청남도 아산시 둔포면 석곡리,1805,1805,0,아산테크노밸리이지더원8단지,76.7511,202110,13,"30,900",8,2017,아산밸리남로 81,,-,-
충청남도 아산시 둔포면 석곡리,1805,1805,0,아산테크노밸리이지더원8단지,65.9698,202110,16,"28,500",10,2017,아산밸리남로 81,,-,-
충청남도 아산시 둔포면 석곡리,1805,1805,0,아산테크노밸리이지더원8단지,84.8998,202110,21,"38,000",23,2017,아산밸리남로 81,,-,-
충청남도 아산시 둔포면 석곡리,1808,1808,0,테크노밸리EGthe11단지,59.9426,202110,3,"21,900",5,2015,아산밸리중앙로 50,,-,-
충청남도 아산시 둔포면 석곡리,1808,1808,0,테크노밸리EGthe11단지,79.9897,202110,5,"28,800",6,2015,아산밸리중앙로 50,,-,-
충청남도 아산시 둔포면 석곡리,1808,1808,0,테크노밸리EGthe11단지,59.9805,202110,7,"26,000",19,2015,아산밸리중앙로 50,,-,-
충청남도 아산시 둔포면 석곡리,1808,1808,0,테크노밸리EGthe11단지,59.9805,202110,8,"22,800",2,2015,아산밸리중앙로 50,,-,-
충청남도 아산시 둔포면 석곡리,1808,1808,0,테크노밸리EGthe11단지,59.9805,202110,10,"22,000",2,2015,아산밸리중앙로 50,,-,-
충청남도 아산시 둔포면 석곡리,1808,1808,0,테크노밸리EGthe11단지,59.9805,202110,10,"22,000",5,2015,아산밸리중앙로 50,,-,-
충청남도 아산시 둔포면 석곡리,1808,1808,0,테크노밸리EGthe11단지,79.9897,202110,11,"25,000",1,2015,아산밸리중앙로 50,,-,-
충청남도 아산시 둔포면 석곡리,1808,1808,0,테크노밸리EGthe11단지,59.9805,202110,30,"24,500",13,2015,아산밸리중앙로 50,,-,-
충청남도 아산시 둔포면 석곡리,1808,1808,0,테크노밸리EGthe11단지,59.9805,202110,31,"24,000",8,2015,아산밸리중앙로 50,,-,-
충청남도 아산시 둔포면 석곡리,1801,1801,0,테크노밸리EGthe12단지,59.9426,202110,8,"22,700",9,2015,아산밸리중앙로 58-5,,-,-
충청남도 아산시 둔포면 석곡리,1801,1801,0,테크노밸리EGthe12단지,79.9897,202110,9,"26,800",5,2015,아산밸리중앙로 58-5,,-,-
충청남도 아산시 둔포면 석곡리,1801,1801,0,테크노밸리EGthe12단지,79.9897,202110,9,"26,800",5,2015,아산밸리중앙로 58-5,20211012,-,-
충청남도 아산시 둔포면 석곡리,1801,1801,0,테크노밸리EGthe12단지,59.9805,202110,28,"24,800",22,2015,아산밸리중앙로 58-5,,-,-
충청남도 아산시 둔포면 송용리,338,338,0,신영모닝빌아파트,39.797,202110,26,"4,500",5,2000,윤보선로450번길 3,,-,-
충청남도 아산시 둔포면 송용리,338,338,0,신영모닝빌아파트,39.797,202110,26,"4,500",5,2000,윤보선로450번길 3,,-,-
충청남도 아산시 득산동,392-2,392,2,부영,49.92,202110,1,"6,500",3,1998,온천대로 1105-17,,-,-
충청남도 아산시 득산동,392-2,392,2,부영,49.92,202110,1,"4,500",1,1998,온천대로 1105-17,,-,-
충청남도 아산시 득산동,392-2,392,2,부영,49.92,202110,2,"6,600",9,1998,온천대로 1105-17,,-,-
충청남도 아산시 득산동,392-2,392,2,부영,49.92,202110,2,"7,000",12,1998,온천대로 1105-17,,-,-
충청남도 아산시 득산동,392-2,392,2,부영,59.76,202110,2,"9,000",3,1998,온천대로 1105-17,,-,-
충청남도 아산시 득산동,392-2,392,2,부영,59.76,202110,4,"8,300",7,1998,온천대로 1105-17,,-,-
충청남도 아산시 득산동,392-2,392,2,부영,49.92,202110,4,"6,800",6,1998,온천대로 1105-17,,-,-
충청남도 아산시 득산동,392-2,392,2,부영,59.76,202110,8,"9,300",9,1998,온천대로 1105-17,,-,-
충청남도 아산시 득산동,392-2,392,2,부영,59.76,202110,8,"8,900",10,1998,온천대로 1105-17,,-,-
충청남도 아산시 득산동,392-2,392,2,부영,49.92,202110,11,"6,200",8,1998,온천대로 1105-17,,-,-
충청남도 아산시 득산동,392-2,392,2,부영,49.92,202110,14,"5,000",6,1998,온천대로 1105-17,,-,-
충청남도 아산시 득산동,392-2,392,2,부영,49.92,202110,15,"6,900",7,1998,온천대로 1105-17,,-,-
충청남도 아산시 득산동,392-2,392,2,부영,49.92,202110,16,"7,300",15,1998,온천대로 1105-17,,-,-
충청남도 아산시 득산동,392-2,392,2,부영,49.92,202110,18,"6,000",11,1998,온천대로 1105-17,,-,-
충청남도 아산시 득산동,392-2,392,2,부영,49.92,202110,22,"6,500",15,1998,온천대로 1105-17,,-,-
충청남도 아산시 득산동,392-2,392,2,부영,49.92,202110,25,"7,200",2,1998,온천대로 1105-17,,-,-
충청남도 아산시 득산동,392-2,392,2,부영,49.92,202110,27,"7,900",12,1998,온천대로 1105-17,,-,-
충청남도 아산시 모종동,625,625,0,대림이편한세상,119.428,202110,6,"40,300",11,2006,문화로 355,,-,-
충청남도 아산시 모종동,578,578,0,라이프타운,84.98,202110,8,"16,000",6,1992,번영로206번길 32,,-,-
충청남도 아산시 모종동,578,578,0,라이프타운,59.82,202110,12,"11,500",9,1992,번영로206번길 31,,-,-
충청남도 아산시 모종동,578,578,0,라이프타운,59.82,202110,21,"11,800",6,1992,번영로206번길 31,,-,-
충청남도 아산시 모종동,578,578,0,라이프타운,59.82,202110,21,"13,000",7,1992,번영로206번길 31,,-,-
충청남도 아산시 모종동,578,578,0,라이프타운,84.98,202110,31,"16,000",6,1992,번영로206번길 32,,-,-
충청남도 아산시 모종동,632,632,0,모종2차한성필하우스,84.9119,202110,18,"33,600",3,2010,모종로 22,,-,-
충청남도 아산시 모종동,637,637,0,모종캐슬어울림1단지,84.9889,202110,2,"49,500",7,2017,모종로22번길 7,,-,-
충청남도 아산시 모종동,637,637,0,모종캐슬어울림1단지,59.8477,202110,3,"32,000",18,2017,모종로22번길 7,,-,-
충청남도 아산시 모종동,637,637,0,모종캐슬어울림1단지,59.8477,202110,7,"34,000",16,2017,모종로22번길 7,,-,-
충청남도 아산시 모종동,637,637,0,모종캐슬어울림1단지,84.972,202110,9,"43,000",4,2017,모종로22번길 7,,-,-
충청남도 아산시 모종동,637,637,0,모종캐슬어울림1단지,84.9206,202110,17,"47,200",20,2017,모종로22번길 7,,-,-
충청남도 아산시 모종동,640,640,0,모종캐슬어울림2단지,59.8477,202110,1,"31,000",18,2017,모종로22번길 33,,-,-
충청남도 아산시 모종동,640,640,0,모종캐슬어울림2단지,112.9377,202110,5,"57,000",5,2017,모종로22번길 33,,-,-
충청남도 아산시 모종동,643,643,0,모종캐슬어울림3단지,84.9206,202110,7,"45,000",3,2017,모종남로22번길 11,,-,-
충청남도 아산시 모종동,643,643,0,모종캐슬어울림3단지,59.8477,202110,31,"29,100",2,2017,모종남로22번길 11,,-,-
충청남도 아산시 모종동,361-16,361,16,모종한성하우시스,45.0033,202110,18,"11,000",3,2013,문화로 301-31,,-,-
충청남도 아산시 모종동,628,628,0,아산모종푸르지오,74.7487,202110,2,"28,900",5,2008,문화로 353,,-,-
충청남도 아산시 모종동,628,628,0,아산모종푸르지오,84.5871,202110,3,"31,200",4,2008,문화로 353,,-,-
충청남도 아산시 모종동,628,628,0,아산모종푸르지오,84.5871,202110,22,"31,200",4,2008,문화로 353,,-,-
충청남도 아산시 모종동,576-1,576,1,한라동백,114.96,202110,1,"20,500",4,1998,삼동로 34,,-,-
충청남도 아산시 모종동,576-1,576,1,한라동백,59.91,202110,7,"14,400",18,1998,삼동로 34,,-,-
충청남도 아산시 모종동,576-1,576,1,한라동백,84.93,202110,9,"17,800",6,1998,삼동로 34,,-,-
충청남도 아산시 모종동,576-1,576,1,한라동백,59.91,202110,22,"12,900",4,1998,삼동로 34,,-,-
충청남도 아산시 모종동,617,617,0,한성필하우스,84.7641,202110,7,"32,400",8,2005,모종로 21,,-,-
충청남도 아산시 모종동,617,617,0,한성필하우스,84.7641,202110,19,"32,000",9,2005,모종로 21,,-,-
충청남도 아산시 방축동,134-1,134,1,남산현대,84.995,202110,21,"17,800",2,1998,문화로 26-4,,-,-
충청남도 아산시 방축동,140-7,140,7,동아2,84.96,202110,18,"14,400",3,1997,온천대로1333번길 10,,-,-
충청남도 아산시 방축동,140-4,140,4,동아나래,59.806,202110,1,"10,000",13,1997,온천대로1333번길 7,,-,-
충청남도 아산시 방축동,140-4,140,4,동아나래,59.806,202110,23,"9,800",4,1997,온천대로1333번길 7,,-,-
충청남도 아산시 방축동,140-4,140,4,동아나래,59.806,202110,25,"9,800",2,1997,온천대로1333번길 7,,-,-
충청남도 아산시 방축동,707,707,0,아산삼환나우빌,84.8983,202110,9,"22,500",9,2006,번영로 15,,-,-
충청남도 아산시 방축동,707,707,0,아산삼환나우빌,84.8983,202110,13,"24,000",11,2006,번영로 15,,-,-
충청남도 아산시 방축동,Jun-57,57,6,주공,39.69,202110,4,"5,100",5,1990,방축로 21,,-,-
충청남도 아산시 방축동,Jun-57,57,6,주공,47.01,202110,13,"8,300",5,1990,방축로 21,,-,-
충청남도 아산시 방축동,Jun-57,57,6,주공,39.69,202110,15,"7,900",3,1990,방축로 21,,-,-
충청남도 아산시 방축동,Jun-57,57,6,주공,39.3,202110,20,"9,500",2,1990,방축로 21,,-,-
충청남도 아산시 방축동,150-3,150,3,한성,53.28,202110,22,"7,800",7,1997,온천대로 1315,,-,-
충청남도 아산시 방축동,Nov-55,55,11,현대,84.945,202110,2,"10,500",4,1991,방축로 8,,-,-
충청남도 아산시 배미동,239-14,239,14,삼정백조,59.73,202110,8,"7,700",6,2008,서부북로 999,,-,-
충청남도 아산시 배미동,239-14,239,14,삼정백조,59.73,202110,19,"8,650",4,2008,서부북로 999,,-,-
충청남도 아산시 배미동,239-14,239,14,삼정백조,59.73,202110,19,"7,700",13,2008,서부북로 988,,-,-
충청남도 아산시 배미동,174-3,174,3,서진,29.64,202110,1,"3,900",9,2000,서부북로 973,,-,-
충청남도 아산시 배미동,174-3,174,3,서진,39.6,202110,4,"2,900",1,2000,서부북로 973,,-,-
충청남도 아산시 배미동,174-3,174,3,서진,39.6,202110,5,"4,900",12,2000,서부북로 973,,-,-
충청남도 아산시 배미동,174-3,174,3,서진,29.724,202110,6,"3,000",13,2000,서부북로 973,,-,-
충청남도 아산시 배미동,174-3,174,3,서진,49.662,202110,11,"6,250",15,2000,서부북로 973,,-,-
충청남도 아산시 배미동,174-3,174,3,서진,29.64,202110,13,"3,500",14,2000,서부북로 973,,-,-
충청남도 아산시 배미동,174-3,174,3,서진,29.724,202110,19,"2,500",1,2000,서부북로 973,,-,-
충청남도 아산시 배미동,174-3,174,3,서진,39.6,202110,22,"4,700",4,2000,서부북로 973,,-,-
충청남도 아산시 배미동,174-3,174,3,서진,29.64,202110,24,"4,000",9,2000,서부북로 973,,-,-
충청남도 아산시 배미동,174-3,174,3,서진,39.6,202110,27,"4,550",13,2000,서부북로 973,,-,-
충청남도 아산시 배미동,174-3,174,3,서진,29.64,202110,27,"4,000",9,2000,서부북로 973,,-,-
충청남도 아산시 배방읍 갈매리,508,508,0,배방자이,84.94,202110,6,"26,800",14,2007,호서로 460,,-,-
충청남도 아산시 배방읍 갈매리,508,508,0,배방자이,84.94,202110,8,"28,800",4,2007,호서로 460,,-,-
충청남도 아산시 배방읍 갈매리,508,508,0,배방자이,84.94,202110,14,"23,000",2,2007,호서로 460,,-,-
충청남도 아산시 배방읍 갈매리,508,508,0,배방자이,156.08,202110,21,"49,500",13,2007,호서로 460,,-,-
충청남도 아산시 배방읍 공수리,1167,1167,0,대우푸르지오,84.8013,202110,3,"30,000",1,2007,배방로105번길 31,,-,-
충청남도 아산시 배방읍 공수리,1167,1167,0,대우푸르지오,105.6239,202110,8,"35,500",9,2007,배방로105번길 31,,-,-
충청남도 아산시 배방읍 공수리,1167,1167,0,대우푸르지오,75.3344,202110,14,"21,500",10,2007,배방로105번길 31,,-,-
충청남도 아산시 배방읍 공수리,1167,1167,0,대우푸르지오,84.8013,202110,21,"31,000",9,2007,배방로105번길 31,,-,-
충청남도 아산시 배방읍 공수리,1712,1712,0,배방2차푸르지오,84.9286,202110,9,"40,500",14,2015,배방로 58-38,,-,-
충청남도 아산시 배방읍 공수리,1712,1712,0,배방2차푸르지오,84.9286,202110,12,"39,000",10,2015,배방로 58-38,,-,-
충청남도 아산시 배방읍 공수리,1712,1712,0,배방2차푸르지오,84.9286,202110,14,"39,400",7,2015,배방로 58-38,,-,-
충청남도 아산시 배방읍 공수리,1712,1712,0,배방2차푸르지오,84.9286,202110,16,"40,500",9,2015,배방로 58-38,,-,-
충청남도 아산시 배방읍 공수리,1712,1712,0,배방2차푸르지오,84.9286,202110,24,"39,300",6,2015,배방로 58-38,,-,-
충청남도 아산시 배방읍 공수리,1486,1486,0,배방3차한성필하우스,79.9213,202110,6,"39,300",6,2017,모산로 51,,-,-
충청남도 아산시 배방읍 공수리,1486,1486,0,배방3차한성필하우스,59.989,202110,15,"31,000",20,2017,모산로 51,,-,-
충청남도 아산시 배방읍 공수리,1486,1486,0,배방3차한성필하우스,59.9859,202110,16,"31,800",17,2017,모산로 51,,-,-
충청남도 아산시 배방읍 공수리,1675,1675,0,배방5차한성필하우스,84.6071,202110,4,"47,500",13,2018,모산로 52,,-,-
충청남도 아산시 배방읍 공수리,1717,1717,0,배방메이루즈아파트,59.8009,202110,2,"24,500",17,2017,북수로25번길 33,,-,-
충청남도 아산시 배방읍 공수리,1717,1717,0,배방메이루즈아파트,83.9038,202110,7,"28,000",13,2017,북수로25번길 33,,-,-
충청남도 아산시 배방읍 공수리,1717,1717,0,배방메이루즈아파트,83.9038,202110,16,"31,200",15,2017,북수로25번길 33,,-,-
충청남도 아산시 배방읍 공수리,1717,1717,0,배방메이루즈아파트,83.9038,202110,16,"28,300",11,2017,북수로25번길 33,,-,-
충청남도 아산시 배방읍 공수리,282,282,0,배방삼정그린코아,38.49,202110,1,"11,880",18,2012,모산로126번길 17-7,,-,-
충청남도 아산시 배방읍 공수리,282,282,0,배방삼정그린코아,38.49,202110,1,"11,000",11,2012,모산로126번길 17-7,,-,-
충청남도 아산시 배방읍 공수리,282,282,0,배방삼정그린코아,38.49,202110,2,"10,200",2,2012,모산로126번길 17-7,,-,-
충청남도 아산시 배방읍 공수리,282,282,0,배방삼정그린코아,38.49,202110,2,"9,600",15,2012,모산로126번길 17-7,,-,-
충청남도 아산시 배방읍 공수리,282,282,0,배방삼정그린코아,38.49,202110,4,"8,700",5,2012,모산로126번길 17-7,,-,-
충청남도 아산시 배방읍 공수리,282,282,0,배방삼정그린코아,38.49,202110,5,"11,400",21,2012,모산로126번길 17-7,,-,-
충청남도 아산시 배방읍 공수리,282,282,0,배방삼정그린코아,38.49,202110,6,"8,500",6,2012,모산로126번길 17-7,,-,-
충청남도 아산시 배방읍 공수리,282,282,0,배방삼정그린코아,38.49,202110,7,"11,500",18,2012,모산로126번길 17-7,,-,-
충청남도 아산시 배방읍 공수리,282,282,0,배방삼정그린코아,38.49,202110,8,"10,600",18,2012,모산로126번길 17-7,,-,-
충청남도 아산시 배방읍 공수리,282,282,0,배방삼정그린코아,38.49,202110,8,"10,800",14,2012,모산로126번길 17-7,,-,-
충청남도 아산시 배방읍 공수리,282,282,0,배방삼정그린코아,38.49,202110,9,"11,700",10,2012,모산로126번길 17-7,,-,-
충청남도 아산시 배방읍 공수리,282,282,0,배방삼정그린코아,38.49,202110,9,"9,500",6,2012,모산로126번길 17-7,,-,-
충청남도 아산시 배방읍 공수리,282,282,0,배방삼정그린코아,38.49,202110,9,"9,500",9,2012,모산로126번길 17-7,,-,-
충청남도 아산시 배방읍 공수리,282,282,0,배방삼정그린코아,38.49,202110,11,"9,500",16,2012,모산로126번길 17-7,,-,-
충청남도 아산시 배방읍 공수리,282,282,0,배방삼정그린코아,38.49,202110,12,"9,400",7,2012,모산로126번길 17-7,,-,-
충청남도 아산시 배방읍 공수리,282,282,0,배방삼정그린코아,38.49,202110,14,"10,500",10,2012,모산로126번길 17-7,,-,-
충청남도 아산시 배방읍 공수리,282,282,0,배방삼정그린코아,38.49,202110,14,"9,500",15,2012,모산로126번길 17-7,,-,-
충청남도 아산시 배방읍 공수리,282,282,0,배방삼정그린코아,47.67,202110,14,"16,000",21,2012,모산로126번길 17-7,,-,-
충청남도 아산시 배방읍 공수리,282,282,0,배방삼정그린코아,38.49,202110,16,"9,500",12,2012,모산로126번길 17-7,,-,-
충청남도 아산시 배방읍 공수리,282,282,0,배방삼정그린코아,38.49,202110,16,"9,500",19,2012,모산로126번길 17-7,,-,-
충청남도 아산시 배방읍 공수리,282,282,0,배방삼정그린코아,47.67,202110,19,"15,500",7,2012,모산로126번길 17-7,,-,-
충청남도 아산시 배방읍 공수리,282,282,0,배방삼정그린코아,38.49,202110,20,"10,000",18,2012,모산로126번길 17-7,,-,-
충청남도 아산시 배방읍 공수리,282,282,0,배방삼정그린코아,38.49,202110,21,"10,300",17,2012,모산로126번길 17-7,,-,-
충청남도 아산시 배방읍 공수리,282,282,0,배방삼정그린코아,38.49,202110,23,"10,700",16,2012,모산로126번길 17-7,,-,-
충청남도 아산시 배방읍 공수리,282,282,0,배방삼정그린코아,38.49,202110,23,"9,000",2,2012,모산로126번길 17-7,,-,-
충청남도 아산시 배방읍 공수리,282,282,0,배방삼정그린코아,38.49,202110,23,"11,800",18,2012,모산로126번길 17-7,,-,-
충청남도 아산시 배방읍 공수리,282,282,0,배방삼정그린코아,47.67,202110,25,"17,500",13,2012,모산로126번길 17-7,,-,-
충청남도 아산시 배방읍 공수리,282,282,0,배방삼정그린코아,38.49,202110,26,"11,000",14,2012,모산로126번길 17-7,,-,-
충청남도 아산시 배방읍 공수리,282,282,0,배방삼정그린코아,38.49,202110,26,"10,000",4,2012,모산로126번길 17-7,,-,-
충청남도 아산시 배방읍 공수리,282,282,0,배방삼정그린코아,38.49,202110,27,"9,600",10,2012,모산로126번길 17-7,,-,-
충청남도 아산시 배방읍 공수리,282,282,0,배방삼정그린코아,38.49,202110,28,"8,800",4,2012,모산로126번길 17-7,,-,-
충청남도 아산시 배방읍 공수리,282,282,0,배방삼정그린코아,38.49,202110,28,"11,500",15,2012,모산로126번길 17-7,,-,-
충청남도 아산시 배방읍 공수리,1487,1487,0,배방역효성해링턴플레이스,59.998,202110,8,"30,500",20,2018,모산로 67,,-,-
충청남도 아산시 배방읍 공수리,640,640,0,배방한성필하우스1단지,84.9614,202110,25,"32,700",15,2006,배방로 58-43,,-,-
충청남도 아산시 배방읍 공수리,1162,1162,0,배방한성필하우스2단지,84.9614,202110,31,"30,500",7,2007,배방로 58-46,,-,-
충청남도 아산시 배방읍 공수리,1723,1723,0,센텀시티한양수자인아파트,59.9743,202110,11,"25,000",7,2019,북수로 33,,-,-
충청남도 아산시 배방읍 공수리,1723,1723,0,센텀시티한양수자인아파트,69.9873,202110,20,"31,000",3,2019,북수로 33,,-,-
충청남도 아산시 배방읍 공수리,1723,1723,0,센텀시티한양수자인아파트,59.8459,202110,22,"27,500",4,2019,북수로 33,,-,-
충청남도 아산시 배방읍 공수리,282-5,282,5,아산한도,39.9,202110,2,"6,800",16,1997,모산로126번길 17-26,,-,-
충청남도 아산시 배방읍 공수리,282-5,282,5,아산한도,84.93,202110,2,"16,000",4,1997,모산로126번길 17-26,,-,-
충청남도 아산시 배방읍 공수리,282-5,282,5,아산한도,39.9,202110,2,"7,500",18,1997,모산로126번길 17-26,,-,-
충청남도 아산시 배방읍 공수리,282-5,282,5,아산한도,39.9,202110,2,"7,500",18,1997,모산로126번길 17-26,20211029,-,-
충청남도 아산시 배방읍 공수리,282-5,282,5,아산한도,39.9,202110,2,"7,700",16,1997,모산로126번길 17-26,,-,-
충청남도 아산시 배방읍 공수리,282-5,282,5,아산한도,84.93,202110,3,"17,500",19,1997,모산로126번길 17-26,,-,-
충청남도 아산시 배방읍 공수리,282-5,282,5,아산한도,59.4,202110,4,"13,450",16,1997,모산로126번길 17-26,,-,-
충청남도 아산시 배방읍 공수리,282-5,282,5,아산한도,39.9,202110,4,"7,500",6,1997,모산로126번길 17-26,,-,-
충청남도 아산시 배방읍 공수리,282-5,282,5,아산한도,39.9,202110,7,"7,300",5,1997,모산로126번길 17-26,,-,-
충청남도 아산시 배방읍 공수리,282-5,282,5,아산한도,39.9,202110,8,"7,500",11,1997,모산로126번길 17-26,,-,-
충청남도 아산시 배방읍 공수리,282-5,282,5,아산한도,59.4,202110,9,"12,000",5,1997,모산로126번길 17-26,,-,-
충청남도 아산시 배방읍 공수리,282-5,282,5,아산한도,59.4,202110,9,"13,000",7,1997,모산로126번길 17-26,,-,-
충청남도 아산시 배방읍 공수리,282-5,282,5,아산한도,39.9,202110,9,"7,800",12,1997,모산로126번길 17-26,,-,-
충청남도 아산시 배방읍 공수리,282-5,282,5,아산한도,39.9,202110,9,"8,000",13,1997,모산로126번길 17-26,,-,-
충청남도 아산시 배방읍 공수리,282-5,282,5,아산한도,39.9,202110,9,"7,500",5,1997,모산로126번길 17-26,,-,-
충청남도 아산시 배방읍 공수리,282-5,282,5,아산한도,84.93,202110,9,"18,700",10,1997,모산로126번길 17-26,,-,-
충청남도 아산시 배방읍 공수리,282-5,282,5,아산한도,59.4,202110,12,"13,700",17,1997,모산로126번길 17-26,,-,-
충청남도 아산시 배방읍 공수리,282-5,282,5,아산한도,39.9,202110,14,"8,100",10,1997,모산로126번길 17-26,,-,-
충청남도 아산시 배방읍 공수리,282-5,282,5,아산한도,59.4,202110,14,"12,800",7,1997,모산로126번길 17-26,,-,-
충청남도 아산시 배방읍 공수리,282-5,282,5,아산한도,59.4,202110,15,"12,500",1,1997,모산로126번길 17-26,,-,-
충청남도 아산시 배방읍 공수리,282-5,282,5,아산한도,39.9,202110,15,"7,000",19,1997,모산로126번길 17-26,,-,-
충청남도 아산시 배방읍 공수리,282-5,282,5,아산한도,39.9,202110,16,"8,300",9,1997,모산로126번길 17-26,,-,-
충청남도 아산시 배방읍 공수리,282-5,282,5,아산한도,39.9,202110,16,"8,000",5,1997,모산로126번길 17-26,,-,-
충청남도 아산시 배방읍 공수리,282-5,282,5,아산한도,59.4,202110,16,"16,000",5,1997,모산로126번길 17-26,,-,-
충청남도 아산시 배방읍 공수리,282-5,282,5,아산한도,59.4,202110,16,"13,000",18,1997,모산로126번길 17-26,,-,-
충청남도 아산시 배방읍 공수리,282-5,282,5,아산한도,39.9,202110,18,"7,500",19,1997,모산로126번길 17-26,,-,-
충청남도 아산시 배방읍 공수리,282-5,282,5,아산한도,84.93,202110,23,"17,500",13,1997,모산로126번길 17-26,,-,-
충청남도 아산시 배방읍 공수리,282-5,282,5,아산한도,39.9,202110,30,"7,500",7,1997,모산로126번길 17-26,,-,-
충청남도 아산시 배방읍 공수리,Sep-70,70,9,우영로얄,82.86,202110,15,"16,500",1,1993,모산로 140-3,,-,-
충청남도 아산시 배방읍 공수리,632,632,0,중앙하이츠오르젠1단지,120.869,202110,3,"32,500",14,2006,배방로 58-10,,-,-
충청남도 아산시 배방읍 공수리,632,632,0,중앙하이츠오르젠1단지,84.988,202110,5,"26,000",9,2006,배방로 58-10,,-,-
충청남도 아산시 배방읍 공수리,632,632,0,중앙하이츠오르젠1단지,120.869,202110,8,"36,000",12,2006,배방로 58-10,,-,-
충청남도 아산시 배방읍 공수리,632,632,0,중앙하이츠오르젠1단지,69.79,202110,9,"23,000",8,2006,배방로 58-10,,-,-
충청남도 아산시 배방읍 공수리,632,632,0,중앙하이츠오르젠1단지,120.869,202110,9,"34,000",5,2006,배방로 58-10,,-,-
충청남도 아산시 배방읍 공수리,632,632,0,중앙하이츠오르젠1단지,120.869,202110,9,"34,000",5,2006,배방로 58-10,20211014,-,-
충청남도 아산시 배방읍 공수리,632,632,0,중앙하이츠오르젠1단지,120.869,202110,14,"35,000",13,2006,배방로 58-10,,-,-
충청남도 아산시 배방읍 공수리,632,632,0,중앙하이츠오르젠1단지,84.988,202110,21,"25,800",10,2006,배방로 58-10,,-,-
충청남도 아산시 배방읍 공수리,632,632,0,중앙하이츠오르젠1단지,84.972,202110,22,"27,000",9,2006,배방로 58-10,,-,-
충청남도 아산시 배방읍 공수리,632,632,0,중앙하이츠오르젠1단지,84.988,202110,29,"26,000",2,2006,배방로 58-10,,-,-
충청남도 아산시 배방읍 공수리,634,634,0,중앙하이츠오르젠2단지,84.972,202110,1,"28,800",9,2006,배방로 58-11,,-,-
충청남도 아산시 배방읍 공수리,634,634,0,중앙하이츠오르젠2단지,84.988,202110,16,"25,000",15,2006,배방로 58-11,,-,-
충청남도 아산시 배방읍 공수리,636,636,0,한라비발디,84.798,202110,2,"26,500",8,2006,배방로 131,,-,-
충청남도 아산시 배방읍 공수리,636,636,0,한라비발디,104.114,202110,9,"26,500",13,2006,배방로 131,,-,-
충청남도 아산시 배방읍 공수리,636,636,0,한라비발디,84.798,202110,11,"25,800",5,2006,배방로 131,,-,-
충청남도 아산시 배방읍 공수리,636,636,0,한라비발디,104.114,202110,15,"26,000",1,2006,배방로 131,,-,-
충청남도 아산시 배방읍 공수리,636,636,0,한라비발디,84.974,202110,16,"24,500",3,2006,배방로 131,,-,-
충청남도 아산시 배방읍 공수리,1728,1728,0,한양수자인2차아파트,52.4134,202110,14,"22,900",10,2020,북수로 31,,-,-
충청남도 아산시 배방읍 공수리,1728,1728,0,한양수자인2차아파트,52.4134,202110,22,"22,200",7,2020,북수로 31,,-,-
충청남도 아산시 배방읍 북수리,1181,1181,0,금호어울림(1차),84.9961,202110,4,"21,300",3,2005,배방로201번길 10,,-,-
충청남도 아산시 배방읍 북수리,1181,1181,0,금호어울림(1차),107.5702,202110,8,"22,300",1,2005,배방로201번길 10,,-,-
충청남도 아산시 배방읍 북수리,1181,1181,0,금호어울림(1차),107.5702,202110,13,"22,000",1,2005,배방로201번길 10,,-,-
충청남도 아산시 배방읍 북수리,1181,1181,0,금호어울림(1차),107.5702,202110,16,"22,000",1,2005,배방로201번길 10,,-,-
충청남도 아산시 배방읍 북수리,1181,1181,0,금호어울림(1차),107.5702,202110,21,"25,300",8,2005,배방로201번길 10,,-,-
충청남도 아산시 배방읍 북수리,1183,1183,0,금호어울림(2차),84.9961,202110,6,"22,600",9,2005,배방로201번길 20,,-,-
충청남도 아산시 배방읍 북수리,1183,1183,0,금호어울림(2차),84.9961,202110,23,"24,000",14,2005,배방로201번길 20,,-,-
충청남도 아산시 배방읍 북수리,1534,1534,0,롯데캐슬,84.9858,202110,2,"26,500",9,2008,북수로 183,,-,-
충청남도 아산시 배방읍 북수리,1534,1534,0,롯데캐슬,84.9858,202110,2,"29,000",5,2008,북수로 183,,-,-
충청남도 아산시 배방읍 북수리,1534,1534,0,롯데캐슬,59.6794,202110,7,"22,700",4,2008,북수로 183,,-,-
충청남도 아산시 배방읍 북수리,1534,1534,0,롯데캐슬,84.9858,202110,9,"29,700",6,2008,북수로 183,,-,-
충청남도 아산시 배방읍 북수리,1534,1534,0,롯데캐슬,84.9858,202110,18,"26,800",14,2008,북수로 183,,-,-
충청남도 아산시 배방읍 북수리,1534,1534,0,롯데캐슬,84.9858,202110,23,"29,000",10,2008,북수로 183,,-,-
충청남도 아산시 배방읍 북수리,1534,1534,0,롯데캐슬,84.9858,202110,27,"29,800",13,2008,북수로 183,,-,-
충청남도 아산시 배방읍 북수리,1535,1535,0,새솔마을중앙하이츠3차,84.9966,202110,2,"28,900",5,2008,북수로 137,,-,-
충청남도 아산시 배방읍 북수리,1535,1535,0,새솔마을중앙하이츠3차,84.9966,202110,4,"28,000",7,2008,북수로 137,,-,-
충청남도 아산시 배방읍 북수리,1535,1535,0,새솔마을중앙하이츠3차,84.9966,202110,9,"24,500",3,2008,북수로 137,,-,-
충청남도 아산시 배방읍 북수리,1535,1535,0,새솔마을중앙하이츠3차,84.9966,202110,9,"25,400",2,2008,북수로 137,,-,-
충청남도 아산시 배방읍 북수리,1535,1535,0,새솔마을중앙하이츠3차,84.9966,202110,14,"29,500",10,2008,북수로 137,,-,-
충청남도 아산시 배방읍 북수리,1530,1530,0,자이2차,84.8852,202110,1,"32,000",15,2007,북수로 116,,-,-
충청남도 아산시 배방읍 북수리,1530,1530,0,자이2차,84.7809,202110,11,"27,300",1,2007,북수로 116,,-,-
충청남도 아산시 배방읍 북수리,1530,1530,0,자이2차,84.7809,202110,11,"31,000",15,2007,북수로 116,,-,-
충청남도 아산시 배방읍 북수리,1530,1530,0,자이2차,84.8852,202110,22,"30,600",13,2007,북수로 116,,-,-
충청남도 아산시 배방읍 세교리,424-9,424,9,신라,49.68,202110,2,"14,000",11,1997,온천대로 2358,,-,-
충청남도 아산시 배방읍 세교리,424-9,424,9,신라,59.34,202110,7,"20,000",15,1997,온천대로 2358,,-,-
충청남도 아산시 배방읍 세교리,424-9,424,9,신라,59.34,202110,9,"20,000",4,1997,온천대로 2358,,-,-
충청남도 아산시 배방읍 세교리,424-9,424,9,신라,49.68,202110,9,"13,500",2,1997,온천대로 2358,,-,-
충청남도 아산시 배방읍 세교리,424-9,424,9,신라,49.68,202110,11,"12,000",1,1997,온천대로 2358,,-,-
충청남도 아산시 배방읍 세교리,424-9,424,9,신라,59.34,202110,18,"16,900",4,1997,온천대로 2358,,-,-
충청남도 아산시 배방읍 세교리,424-9,424,9,신라,59.34,202110,26,"19,900",10,1997,온천대로 2358,,-,-
충청남도 아산시 배방읍 세교리,432,432,0,신한,34.72,202110,2,"10,400",6,1996,온천대로 2332,,-,-
충청남도 아산시 배방읍 세교리,432,432,0,신한,34.72,202110,21,"12,000",5,1996,온천대로 2332,,-,-
충청남도 아산시 배방읍 세교리,432,432,0,신한,40.96,202110,23,"14,500",5,1996,온천대로 2332,,-,-
충청남도 아산시 배방읍 장재리,1537,1537,0,연화마을STXKAN6단지,107.6289,202110,15,"63,800",6,2011,연화로 11,,-,-
충청남도 아산시 배방읍 장재리,1539,1539,0,연화마을휴먼시아8단지,84.62,202110,2,"42,500",10,2009,연화로 36,,-,-
충청남도 아산시 배방읍 장재리,1539,1539,0,연화마을휴먼시아8단지,74.52,202110,3,"33,000",2,2009,연화로 36,,-,-
충청남도 아산시 배방읍 장재리,1539,1539,0,연화마을휴먼시아8단지,74.96,202110,7,"34,750",4,2009,연화로 36,,-,-
충청남도 아산시 배방읍 장재리,1539,1539,0,연화마을휴먼시아8단지,84.62,202110,9,"37,500",1,2009,연화로 36,,-,-
충청남도 아산시 배방읍 장재리,1539,1539,0,연화마을휴먼시아8단지,74.52,202110,10,"36,500",12,2009,연화로 36,,-,-
충청남도 아산시 배방읍 장재리,1539,1539,0,연화마을휴먼시아8단지,84.62,202110,11,"39,000",9,2009,연화로 36,,-,-
충청남도 아산시 배방읍 장재리,1539,1539,0,연화마을휴먼시아8단지,84.62,202110,17,"42,000",8,2009,연화로 36,,-,-
충청남도 아산시 배방읍 장재리,1539,1539,0,연화마을휴먼시아8단지,74.96,202110,17,"36,900",11,2009,연화로 36,,-,-
충청남도 아산시 배방읍 장재리,1539,1539,0,연화마을휴먼시아8단지,84.62,202110,21,"39,500",10,2009,연화로 36,,-,-
충청남도 아산시 배방읍 장재리,1539,1539,0,연화마을휴먼시아8단지,84.62,202110,29,"42,500",5,2009,연화로 36,,-,-
충청남도 아산시 배방읍 장재리,1767,1767,0,요진와이시티,114.4272,202110,1,"86,000",28,2011,광장로 210,,-,-
충청남도 아산시 배방읍 장재리,1767,1767,0,요진와이시티,59.8868,202110,2,"46,800",13,2011,광장로 210,,-,-
충청남도 아산시 배방읍 장재리,1767,1767,0,요진와이시티,59.9572,202110,7,"48,000",7,2011,광장로 210,,-,-
충청남도 아산시 배방읍 장재리,1767,1767,0,요진와이시티,165.6781,202110,11,"118,000",30,2011,광장로 210,,-,-
충청남도 아산시 배방읍 장재리,1767,1767,0,요진와이시티,59.8868,202110,15,"47,400",21,2011,광장로 210,,-,-
충청남도 아산시 배방읍 장재리,1767,1767,0,요진와이시티,59.8868,202110,23,"48,000",19,2011,광장로 210,,-,-
충청남도 아산시 배방읍 장재리,1767,1767,0,요진와이시티,59.8868,202110,23,"48,000",11,2011,광장로 210,,-,-
충청남도 아산시 배방읍 장재리,1204,1204,0,용연마을휴먼시아2단지,102.93,202110,5,"51,000",9,2010,용연로 37,,-,-
충청남도 아산시 배방읍 장재리,1844,1844,0,천안아산역 리슈빌,84.15,202110,2,"44,500",15,2010,장재로 27,,-,-
충청남도 아산시 배방읍 휴대리,28,28,0,한성,39.97,202110,5,"4,650",5,1999,휴대길 212,,-,-
충청남도 아산시 배방읍 휴대리,28,28,0,한성,59.76,202110,6,"6,900",1,1999,휴대길 212,,-,-
충청남도 아산시 배방읍 휴대리,28,28,0,한성,59.76,202110,6,"6,900",1,1999,휴대길 212,20211028,-,-
충청남도 아산시 배방읍 휴대리,28,28,0,한성,39.97,202110,10,"4,100",3,1999,휴대길 212,,-,-
충청남도 아산시 배방읍 휴대리,28,28,0,한성,39.97,202110,11,"2,700",1,1999,휴대길 212,,-,-
충청남도 아산시 배방읍 휴대리,28,28,0,한성,39.97,202110,13,"4,000",2,1999,휴대길 212,,-,-
충청남도 아산시 배방읍 휴대리,28,28,0,한성,39.97,202110,19,"4,800",3,1999,휴대길 212,,-,-
충청남도 아산시 배방읍 휴대리,28,28,0,한성,55.45,202110,26,"6,500",2,1999,휴대길 212,,-,-
충청남도 아산시 법곡동,333,333,0,법곡동KD아람채,45.0558,202110,3,"12,600",17,2016,법곡길 10,,-,-
충청남도 아산시 법곡동,333,333,0,법곡동KD아람채,45.0558,202110,3,"13,250",11,2016,법곡길 10,,-,-
충청남도 아산시 법곡동,333,333,0,법곡동KD아람채,45.0558,202110,3,"13,000",8,2016,법곡길 10,,-,-
충청남도 아산시 법곡동,333,333,0,법곡동KD아람채,45.0558,202110,4,"12,500",17,2016,법곡길 10,,-,-
충청남도 아산시 법곡동,333,333,0,법곡동KD아람채,45.0558,202110,16,"12,900",17,2016,법곡길 10,,-,-
충청남도 아산시 법곡동,334,334,0,신원더파크2차,74.7887,202110,11,"25,600",10,2019,법곡길 20-1,,-,-
충청남도 아산시 법곡동,327,327,0,코아루더파크,59.9828,202110,8,"16,800",3,2016,법곡길 8,,-,-
충청남도 아산시 법곡동,327,327,0,코아루더파크,59.9409,202110,11,"16,800",12,2016,법곡길 8,,-,-
충청남도 아산시 신창면 남성리,69,69,0,다소미,59.92,202110,2,"7,000",1,2005,남성길 198,,-,-
충청남도 아산시 신창면 남성리,69,69,0,다소미,59.92,202110,9,"7,800",6,2005,남성길 198,20211027,-,-
충청남도 아산시 신창면 남성리,177-2,177,2,샘마을,30.42,202110,16,"2,600",14,2001,남성길 85,,-,-
충청남도 아산시 신창면 남성리,177-2,177,2,샘마을,39.27,202110,18,"4,700",4,2001,남성길 85,,-,-
충청남도 아산시 신창면 남성리,177-2,177,2,샘마을,39.27,202110,24,"4,500",5,2001,남성길 85,,-,-
충청남도 아산시 신창면 남성리,177-2,177,2,샘마을,39.27,202110,26,"4,500",9,2001,남성길 85,,-,-
충청남도 아산시 신창면 남성리,177-2,177,2,샘마을,39.27,202110,27,"4,800",6,2001,남성길 85,,-,-
충청남도 아산시 신창면 남성리,177-2,177,2,샘마을,39.27,202110,28,"3,800",2,2001,남성길 85,,-,-
충청남도 아산시 신창면 남성리,205-1,205,1,신일,59.756,202110,2,"7,950",1,1997,서부북로 844,,-,-
충청남도 아산시 신창면 남성리,205-1,205,1,신일,59.756,202110,13,"7,800",3,1997,서부북로 844,,-,-
충청남도 아산시 신창면 남성리,205-1,205,1,신일,59.756,202110,21,"8,500",13,1997,서부북로 844,,-,-
충청남도 아산시 신창면 남성리,205-1,205,1,신일,59.756,202110,24,"7,800",2,1997,서부북로 844,,-,-
충청남도 아산시 신창면 남성리,205-1,205,1,신일,59.756,202110,31,"9,100",9,1997,서부북로 844,,-,-
충청남도 아산시 신창면 남성리,Apr-70,70,4,아산신창장미,39.67,202110,2,"2,400",6,1994,서부북로 933-30,,-,-
충청남도 아산시 신창면 남성리,Apr-70,70,4,아산신창장미,39.67,202110,16,"2,900",5,1994,서부북로 933-30,,-,-
충청남도 아산시 신창면 남성리,Apr-70,70,4,아산신창장미,59.94,202110,17,"4,950",1,1994,서부북로 933-30,,-,-
충청남도 아산시 신창면 남성리,Apr-70,70,4,아산신창장미,39.67,202110,25,"2,200",5,1994,서부북로 933-30,,-,-
충청남도 아산시 신창면 남성리,Apr-70,70,4,아산신창장미,49.86,202110,29,"3,750",1,1994,서부북로 933-30,,-,-
충청남도 아산시 신창면 남성리,190-1,190,1,아산코아루,84.9418,202110,1,"16,500",9,2006,남성길 123,,-,-
충청남도 아산시 신창면 남성리,190-1,190,1,아산코아루,59.9611,202110,9,"14,750",7,2006,남성길 123,,-,-
충청남도 아산시 신창면 남성리,840,840,0,아산코아루에듀파크,84.993,202110,4,"19,000",8,2009,온천대로 984,,-,-
충청남도 아산시 신창면 남성리,840,840,0,아산코아루에듀파크,84.991,202110,9,"20,800",11,2009,온천대로 984,,-,-
충청남도 아산시 신창면 남성리,840,840,0,아산코아루에듀파크,84.991,202110,11,"20,500",7,2009,온천대로 984,,-,-
충청남도 아산시 신창면 남성리,840,840,0,아산코아루에듀파크,84.991,202110,12,"20,700",11,2009,온천대로 984,,-,-
충청남도 아산시 신창면 남성리,476-6,476,6,아산한미금강,59.34,202110,1,"3,700",2,1995,서부북로 813,,-,-
충청남도 아산시 신창면 남성리,476-6,476,6,아산한미금강,59.34,202110,23,"5,000",2,1995,서부북로 813,,-,-
충청남도 아산시 신창면 읍내리,579-9,579,9,경희학성,29.51,202110,5,"4,150",6,1996,순천향로 49,,-,-
충청남도 아산시 신창면 읍내리,579-9,579,9,경희학성,29.51,202110,5,"4,200",9,1996,순천향로 49,,-,-
충청남도 아산시 신창면 읍내리,579-9,579,9,경희학성,29.51,202110,6,"3,500",2,1996,순천향로 49,,-,-
충청남도 아산시 신창면 행목리,248-3,248,3,아산대주,84.99,202110,5,"10,500",2,1994,행목로 152,,-,-
충청남도 아산시 신창면 행목리,248-3,248,3,아산대주,59.94,202110,12,"6,400",2,1994,행목로 152,,-,-
충청남도 아산시 신창면 행목리,248-3,248,3,아산대주,59.94,202110,15,"7,400",3,1994,행목로 152,,-,-
충청남도 아산시 신창면 행목리,248-3,248,3,아산대주,59.94,202110,16,"7,250",10,1994,행목로 152,,-,-
충청남도 아산시 신창면 행목리,498,498,0,아산신창양우내안애,35.1,202110,3,"6,700",9,2014,행목로 202,,-,-
충청남도 아산시 신창면 행목리,498,498,0,아산신창양우내안애,35.1,202110,8,"6,700",8,2014,행목로 202,,-,-
충청남도 아산시 신창면 행목리,498,498,0,아산신창양우내안애,49.5,202110,8,"9,500",14,2014,행목로 202,,-,-
충청남도 아산시 신창면 행목리,498,498,0,아산신창양우내안애,49.5,202110,16,"9,050",3,2014,행목로 202,,-,-
충청남도 아산시 신창면 행목리,498,498,0,아산신창양우내안애,59.49,202110,16,"13,500",5,2014,행목로 202,,-,-
충청남도 아산시 신창면 행목리,498,498,0,아산신창양우내안애,49.5,202110,16,"9,250",4,2014,행목로 202,,-,-
충청남도 아산시 신창면 행목리,498,498,0,아산신창양우내안애,49.5,202110,18,"9,000",13,2014,행목로 202,,-,-
충청남도 아산시 신창면 행목리,498,498,0,아산신창양우내안애,49.5,202110,18,"9,500",12,2014,행목로 202,,-,-
충청남도 아산시 신창면 행목리,498,498,0,아산신창양우내안애,49.5,202110,18,"9,000",13,2014,행목로 202,,-,-
충청남도 아산시 신창면 행목리,498,498,0,아산신창양우내안애,49.5,202110,20,"9,500",11,2014,행목로 202,,-,-
충청남도 아산시 신창면 행목리,498,498,0,아산신창양우내안애,35.1,202110,23,"6,700",7,2014,행목로 202,,-,-
충청남도 아산시 신창면 행목리,498,498,0,아산신창양우내안애,49.5,202110,23,"10,000",7,2014,행목로 202,,-,-
충청남도 아산시 신창면 행목리,498,498,0,아산신창양우내안애,35.1,202110,24,"6,500",14,2014,행목로 202,,-,-
충청남도 아산시 신창면 행목리,498,498,0,아산신창양우내안애,59.49,202110,25,"13,800",10,2014,행목로 202,,-,-
충청남도 아산시 신창면 행목리,498,498,0,아산신창양우내안애,49.5,202110,25,"9,450",13,2014,행목로 202,,-,-
충청남도 아산시 신창면 행목리,498,498,0,아산신창양우내안애,35.1,202110,26,"6,500",12,2014,행목로 202,,-,-
충청남도 아산시 신창면 행목리,498,498,0,아산신창양우내안애,49.5,202110,27,"8,000",1,2014,행목로 202,,-,-
충청남도 아산시 신창면 행목리,497,497,0,아산에스알친오애,84.9721,202110,2,"16,000",10,2007,행목로 217,,-,-
충청남도 아산시 신창면 행목리,497,497,0,아산에스알친오애,84.9721,202110,15,"16,000",10,2007,행목로 217,,-,-
충청남도 아산시 신창면 행목리,497,497,0,아산에스알친오애,84.9721,202110,18,"16,000",6,2007,행목로 217,,-,-
충청남도 아산시 신창면 행목리,497,497,0,아산에스알친오애,59.9678,202110,23,"13,000",8,2007,행목로 217,,-,-
충청남도 아산시 실옥동,169-3,169,3,벽산,59.82,202110,18,"10,200",6,1996,문화로 33-10,,-,-
충청남도 아산시 실옥동,169-3,169,3,벽산,84.83,202110,18,"14,000",15,1996,문화로 33-10,,-,-
충청남도 아산시 실옥동,156-24,156,24,중부팬더,59.12,202110,2,"9,500",14,1999,아산로 103-17,,-,-
충청남도 아산시 염치읍 방현리,514-5,514,5,창우공단,39.24,202110,14,"2,700",3,1996,충무로 401,,-,-
충청남도 아산시 염치읍 방현리,442,442,0,한남프레시앙,60,202110,2,"7,900",11,2002,충무로308번길 24,,-,-
충청남도 아산시 염치읍 방현리,442,442,0,한남프레시앙,60,202110,3,"8,500",12,2002,충무로308번길 24,,-,-
충청남도 아산시 염치읍 방현리,442,442,0,한남프레시앙,60,202110,4,"8,300",3,2002,충무로308번길 24,,-,-
충청남도 아산시 염치읍 방현리,442,442,0,한남프레시앙,60,202110,5,"7,800",4,2002,충무로308번길 24,,-,-
충청남도 아산시 염치읍 방현리,442,442,0,한남프레시앙,60,202110,16,"8,300",6,2002,충무로308번길 24,,-,-
충청남도 아산시 염치읍 방현리,442,442,0,한남프레시앙,60,202110,16,"8,000",4,2002,충무로308번길 24,,-,-
충청남도 아산시 염치읍 방현리,442,442,0,한남프레시앙,60,202110,16,"8,200",15,2002,충무로308번길 24,,-,-
충청남도 아산시 염치읍 방현리,442,442,0,한남프레시앙,60,202110,16,"7,900",4,2002,충무로308번길 24,,-,-
충청남도 아산시 염치읍 방현리,442,442,0,한남프레시앙,60,202110,18,"7,400",7,2002,충무로308번길 24,,-,-
충청남도 아산시 염치읍 방현리,442,442,0,한남프레시앙,60,202110,30,"8,300",5,2002,충무로308번길 24,,-,-
충청남도 아산시 염치읍 석정리,06월 30일,30,6,아산엑스포,59.85,202110,4,"7,000",12,1995,충무로 227,,-,-
충청남도 아산시 염치읍 석정리,06월 30일,30,6,아산엑스포,55.42,202110,4,"6,100",4,1995,충무로 227,,-,-
충청남도 아산시 염치읍 송곡리,Jan-46,46,1,신일,59.31,202110,11,"10,600",10,2001,송곡길68번길 3,,-,-
충청남도 아산시 온천동,1052,1052,0,경남아너스빌,84.95,202110,15,"14,900",5,1996,문화로 115,,-,-
충청남도 아산시 온천동,1052,1052,0,경남아너스빌,84.95,202110,25,"14,900",14,1996,문화로 115,,-,-
충청남도 아산시 온천동,613-1,613,1,시영,39,202110,23,"4,500",5,1991,어의정로31번길 14,20211027,-,-
충청남도 아산시 온천동,613-1,613,1,시영,39,202110,23,"4,500",5,1991,어의정로31번길 14,,-,-
충청남도 아산시 온천동,1928,1928,0,아산반도유보라,59.9734,202110,2,"23,800",8,2016,아산로 116-21,,-,-
충청남도 아산시 온천동,1928,1928,0,아산반도유보라,59.9734,202110,5,"24,300",21,2016,아산로 116-21,,-,-
충청남도 아산시 온천동,1928,1928,0,아산반도유보라,59.9887,202110,15,"23,650",3,2016,아산로 116-21,,-,-
충청남도 아산시 온천동,1935,1935,0,아산온천미소지움아파트,59.963,202110,5,"21,500",11,2017,아산로 116-20,,-,-
충청남도 아산시 온천동,1235,1235,0,일성,59.72,202110,8,"9,800",2,1995,시민로 485,,-,-
충청남도 아산시 온천동,1235,1235,0,일성,59.72,202110,25,"12,700",13,1995,시민로 485,,-,-
충청남도 아산시 온천동,1235,1235,0,일성,59.72,202110,27,"10,500",8,1995,시민로 485,,-,-
충청남도 아산시 온천동,2017,2017,0,주공1,55.8,202110,5,"18,000",1,1983,온여고길 27,,-,-
충청남도 아산시 온천동,1910,1910,0,힐스테이트,84.99,202110,2,"29,000",13,2006,남산로 126,,-,-
충청남도 아산시 온천동,1910,1910,0,힐스테이트,128.579,202110,23,"38,500",3,2006,남산로 126,,-,-
충청남도 아산시 용화동,713,713,0,모아미래도,84.98,202110,2,"24,700",6,2005,온중로 6,,-,-
충청남도 아산시 용화동,713,713,0,모아미래도,123.62,202110,4,"27,200",12,2005,온중로 6,,-,-
충청남도 아산시 용화동,713,713,0,모아미래도,84.98,202110,9,"25,000",9,2005,온중로 6,,-,-
충청남도 아산시 용화동,713,713,0,모아미래도,84.98,202110,20,"20,300",1,2005,온중로 6,,-,-
충청남도 아산시 용화동,426,426,0,백자,76.68,202110,6,"7,000",5,1993,시민로 241,,-,-
충청남도 아산시 용화동,426,426,0,백자,59.83,202110,7,"7,500",3,1993,시민로 241,,-,-
충청남도 아산시 용화동,426,426,0,백자,84.9,202110,20,"10,000",5,1993,시민로 241,,-,-
충청남도 아산시 용화동,426,426,0,백자,76.68,202110,20,"9,000",4,1993,시민로 241,,-,-
충청남도 아산시 용화동,1395,1395,0,아산용화엘크루,59.937,202110,2,"24,700",15,2014,어의정로 92-7,,-,-
충청남도 아산시 용화동,1395,1395,0,아산용화엘크루,59.9749,202110,16,"22,000",20,2014,어의정로 92-7,,-,-
충청남도 아산시 용화동,584,584,0,온천마을기산,59.8,202110,2,"14,800",3,1999,어의정로 46,,-,-
충청남도 아산시 용화동,584,584,0,온천마을기산,84.94,202110,2,"18,200",4,1999,어의정로 46,,-,-
충청남도 아산시 용화동,584,584,0,온천마을신호,59.8,202110,2,"13,300",2,1998,어의정로 46,,-,-
충청남도 아산시 용화동,584,584,0,온천마을신호,84.94,202110,10,"18,000",6,1998,어의정로 46,,-,-
충청남도 아산시 용화동,1394,1394,0,용화아이파크,84.9867,202110,1,"39,500",8,2014,용화고길 46,,-,-
충청남도 아산시 용화동,1394,1394,0,용화아이파크,84.9576,202110,16,"38,000",15,2014,용화고길 46,,-,-
충청남도 아산시 용화동,712,712,0,용화주공3,59.99,202110,2,"11,000",1,1997,온중로 22,,-,-
충청남도 아산시 용화동,712,712,0,용화주공3,49.65,202110,2,"9,900",2,1997,온중로 22,,-,-
충청남도 아산시 용화동,712,712,0,용화주공3,59.99,202110,2,"12,500",14,1997,온중로 22,,-,-
충청남도 아산시 용화동,712,712,0,용화주공3,59.99,202110,2,"12,500",12,1997,온중로 22,,-,-
충청남도 아산시 용화동,712,712,0,용화주공3,59.99,202110,3,"12,500",11,1997,온중로 22,,-,-
충청남도 아산시 용화동,712,712,0,용화주공3,59.99,202110,8,"12,000",15,1997,온중로 22,,-,-
충청남도 아산시 용화동,712,712,0,용화주공3,49.65,202110,12,"8,900",12,1997,온중로 22,,-,-
충청남도 아산시 용화동,1623,1623,0,용화지구신도브래뉴,84.993,202110,2,"35,000",17,2009,용화고길 90,,-,-
충청남도 아산시 용화동,1623,1623,0,용화지구신도브래뉴,84.974,202110,20,"29,900",2,2009,용화고길 90,,-,-
충청남도 아산시 용화동,1623,1623,0,용화지구신도브래뉴,59.966,202110,21,"25,200",27,2009,용화고길 90,,-,-
충청남도 아산시 용화동,1623,1623,0,용화지구신도브래뉴,126.567,202110,21,"45,000",14,2009,용화고길 90,,-,-
충청남도 아산시 용화동,1623,1623,0,용화지구신도브래뉴,84.974,202110,21,"33,000",8,2009,용화고길 90,,-,-
충청남도 아산시 용화동,356,356,0,주공2,39.69,202110,1,"10,500",3,1989,시민로 277-3,,-,-
충청남도 아산시 용화동,356,356,0,주공2,39.69,202110,14,"7,500",5,1989,시민로 277-3,,-,-
충청남도 아산시 용화동,356,356,0,주공2,39.3,202110,21,"9,300",3,1989,시민로 277-3,,-,-
충청남도 아산시 용화동,356,356,0,주공2,39.69,202110,26,"8,800",4,1989,시민로 277-3,,-,-
충청남도 아산시 음봉면 덕지리,580,580,0,더샵레이크사이드,101.9343,202110,1,"27,000",11,2006,음봉로 567,,-,-
충청남도 아산시 음봉면 덕지리,580,580,0,더샵레이크사이드,84.9546,202110,2,"26,000",2,2006,음봉로 567,,-,-
충청남도 아산시 음봉면 덕지리,580,580,0,더샵레이크사이드,133.1602,202110,3,"34,800",5,2006,음봉로 567,,-,-
충청남도 아산시 음봉면 덕지리,580,580,0,더샵레이크사이드,101.9343,202110,5,"27,700",12,2006,음봉로 567,,-,-
충청남도 아산시 음봉면 덕지리,580,580,0,더샵레이크사이드,164.4073,202110,5,"41,500",9,2006,음봉로 567,,-,-
충청남도 아산시 음봉면 덕지리,580,580,0,더샵레이크사이드,101.9343,202110,9,"28,000",7,2006,음봉로 567,,-,-
충청남도 아산시 음봉면 덕지리,580,580,0,더샵레이크사이드,133.1602,202110,14,"35,000",8,2006,음봉로 567,,-,-
충청남도 아산시 음봉면 덕지리,580,580,0,더샵레이크사이드,101.9343,202110,15,"27,000",6,2006,음봉로 567,,-,-
충청남도 아산시 음봉면 덕지리,03월 21일,21,3,초원그린타운,39.27,202110,1,"4,100",2,1997,음봉로681번길 24,,-,-
충청남도 아산시 음봉면 덕지리,03월 21일,21,3,초원그린타운,39.27,202110,1,"4,200",6,1997,음봉로681번길 24,,-,-
충청남도 아산시 음봉면 덕지리,03월 21일,21,3,초원그린타운,39.27,202110,2,"3,500",1,1997,음봉로681번길 24,,-,-
충청남도 아산시 음봉면 덕지리,03월 21일,21,3,초원그린타운,39.27,202110,2,"3,400",1,1997,음봉로681번길 24,,-,-
충청남도 아산시 음봉면 덕지리,03월 21일,21,3,초원그린타운,39.27,202110,2,"4,750",7,1997,음봉로681번길 24,,-,-
충청남도 아산시 음봉면 덕지리,03월 21일,21,3,초원그린타운,39.27,202110,2,"4,000",6,1997,음봉로681번길 24,,-,-
충청남도 아산시 음봉면 덕지리,03월 21일,21,3,초원그린타운,39.27,202110,2,"4,600",14,1997,음봉로681번길 24,,-,-
충청남도 아산시 음봉면 덕지리,03월 21일,21,3,초원그린타운,39.27,202110,3,"3,300",1,1997,음봉로681번길 24,,-,-
충청남도 아산시 음봉면 덕지리,03월 21일,21,3,초원그린타운,39.27,202110,5,"4,500",7,1997,음봉로681번길 24,,-,-
충청남도 아산시 음봉면 덕지리,03월 21일,21,3,초원그린타운,39.27,202110,5,"4,300",10,1997,음봉로681번길 24,,-,-
충청남도 아산시 음봉면 덕지리,03월 21일,21,3,초원그린타운,39.27,202110,6,"3,900",15,1997,음봉로681번길 24,,-,-
충청남도 아산시 음봉면 덕지리,03월 21일,21,3,초원그린타운,39.27,202110,7,"4,500",7,1997,음봉로681번길 24,,-,-
충청남도 아산시 음봉면 덕지리,03월 21일,21,3,초원그린타운,39.27,202110,8,"4,500",10,1997,음봉로681번길 24,,-,-
충청남도 아산시 음봉면 덕지리,03월 21일,21,3,초원그린타운,39.27,202110,9,"4,200",13,1997,음봉로681번길 24,,-,-
충청남도 아산시 음봉면 덕지리,03월 21일,21,3,초원그린타운,39.27,202110,12,"5,100",8,1997,음봉로681번길 24,,-,-
충청남도 아산시 음봉면 덕지리,03월 21일,21,3,초원그린타운,39.27,202110,12,"4,700",10,1997,음봉로681번길 24,,-,-
충청남도 아산시 음봉면 덕지리,03월 21일,21,3,초원그린타운,39.27,202110,13,"4,500",15,1997,음봉로681번길 24,,-,-
충청남도 아산시 음봉면 덕지리,03월 21일,21,3,초원그린타운,39.27,202110,13,"5,000",5,1997,음봉로681번길 24,,-,-
충청남도 아산시 음봉면 덕지리,03월 21일,21,3,초원그린타운,39.27,202110,16,"5,000",12,1997,음봉로681번길 24,,-,-
충청남도 아산시 음봉면 덕지리,03월 21일,21,3,초원그린타운,39.27,202110,16,"5,000",12,1997,음봉로681번길 24,,-,-
충청남도 아산시 음봉면 덕지리,03월 21일,21,3,초원그린타운,39.27,202110,20,"4,500",13,1997,음봉로681번길 24,,-,-
충청남도 아산시 음봉면 덕지리,03월 21일,21,3,초원그린타운,39.27,202110,21,"2,500",1,1997,음봉로681번길 24,,-,-
충청남도 아산시 음봉면 덕지리,03월 21일,21,3,초원그린타운,39.27,202110,21,"4,500",12,1997,음봉로681번길 24,,-,-
충청남도 아산시 음봉면 덕지리,03월 21일,21,3,초원그린타운,39.27,202110,21,"3,750",14,1997,음봉로681번길 24,,-,-
충청남도 아산시 음봉면 덕지리,03월 21일,21,3,초원그린타운,39.27,202110,21,"4,500",10,1997,음봉로681번길 24,,-,-
충청남도 아산시 음봉면 덕지리,03월 21일,21,3,초원그린타운,39.27,202110,22,"4,400",13,1997,음봉로681번길 24,,-,-
충청남도 아산시 음봉면 덕지리,03월 21일,21,3,초원그린타운,39.27,202110,22,"4,300",8,1997,음봉로681번길 24,,-,-
충청남도 아산시 음봉면 덕지리,03월 21일,21,3,초원그린타운,39.27,202110,22,"4,500",4,1997,음봉로681번길 24,,-,-
충청남도 아산시 음봉면 덕지리,03월 21일,21,3,초원그린타운,39.27,202110,22,"4,500",7,1997,음봉로681번길 24,,-,-
충청남도 아산시 음봉면 덕지리,03월 21일,21,3,초원그린타운,39.27,202110,23,"6,000",9,1997,음봉로681번길 24,,-,-
충청남도 아산시 음봉면 덕지리,03월 21일,21,3,초원그린타운,39.27,202110,23,"4,400",15,1997,음봉로681번길 24,,-,-
충청남도 아산시 음봉면 덕지리,03월 21일,21,3,초원그린타운,39.27,202110,25,"5,000",10,1997,음봉로681번길 24,,-,-
충청남도 아산시 음봉면 덕지리,03월 21일,21,3,초원그린타운,39.27,202110,26,"4,500",15,1997,음봉로681번길 24,,-,-
충청남도 아산시 음봉면 동암리,714,714,0,아산더샵레이크시티3차,84.99,202110,2,"34,500",21,2015,음봉로 515-37,,-,-
충청남도 아산시 음봉면 동암리,714,714,0,아산더샵레이크시티3차,84.98,202110,3,"30,700",2,2015,음봉로 515-37,,-,-
충청남도 아산시 음봉면 동암리,714,714,0,아산더샵레이크시티3차,84.98,202110,4,"30,000",8,2015,음봉로 515-37,,-,-
충청남도 아산시 음봉면 동암리,714,714,0,아산더샵레이크시티3차,84.98,202110,5,"34,000",20,2015,음봉로 515-37,,-,-
충청남도 아산시 음봉면 동암리,714,714,0,아산더샵레이크시티3차,84.98,202110,6,"30,400",13,2015,음봉로 515-37,,-,-
충청남도 아산시 음봉면 산동리,427-1,427,1,삼일원앙,59.52,202110,2,"12,000",12,1997,음봉로 847,,-,-
충청남도 아산시 음봉면 산동리,427-1,427,1,삼일원앙,39.73,202110,5,"7,000",6,1997,음봉로 847,,-,-
충청남도 아산시 음봉면 산동리,427-1,427,1,삼일원앙,59.52,202110,9,"13,500",12,1997,음봉로 847,,-,-
충청남도 아산시 음봉면 산동리,427-1,427,1,삼일원앙,59.52,202110,9,"13,000",6,1997,음봉로 847,,-,-
충청남도 아산시 음봉면 산동리,427-1,427,1,삼일원앙,39.73,202110,11,"7,400",8,1997,음봉로 847,,-,-
충청남도 아산시 음봉면 산동리,427-1,427,1,삼일원앙,39.73,202110,12,"7,500",12,1997,음봉로 847,,-,-
충청남도 아산시 음봉면 산동리,427-1,427,1,삼일원앙,59.52,202110,15,"13,800",11,1997,음봉로 847,,-,-
충청남도 아산시 음봉면 산동리,427-1,427,1,삼일원앙,59.52,202110,16,"13,000",8,1997,음봉로 847,,-,-
충청남도 아산시 음봉면 산동리,427-1,427,1,삼일원앙,59.52,202110,19,"11,200",1,1997,음봉로 847,,-,-
충청남도 아산시 음봉면 산동리,427-1,427,1,삼일원앙,39.73,202110,25,"7,000",12,1997,음봉로 847,,-,-
충청남도 아산시 음봉면 산동리,427-1,427,1,삼일원앙,39.73,202110,25,"7,000",7,1997,음봉로 847,,-,-
충청남도 아산시 음봉면 산동리,427-1,427,1,삼일원앙,39.73,202110,25,"7,000",1,1997,음봉로 847,,-,-
충청남도 아산시 음봉면 산동리,420-1,420,1,태헌장미2,72.54,202110,2,"12,000",12,1996,음봉로 803-10,,-,-
충청남도 아산시 음봉면 월랑리,702,702,0,아산더샵레이크시티2차,84.98,202110,5,"33,000",5,2015,음봉로 515-38,,-,-
충청남도 아산시 음봉면 월랑리,702,702,0,아산더샵레이크시티2차,99.95,202110,11,"46,000",10,2015,음봉로 515-38,,-,-
충청남도 아산시 인주면 공세리,135-14,135,14,기산현대,59.372,202110,21,"8,900",4,2000,공세길 6-7,,-,-
충청남도 아산시 인주면 신성리,432,432,0,인주신성마을,59.82,202110,3,"5,000",1,1997,서해로 515-1,,-,-
충청남도 아산시 인주면 신성리,432,432,0,인주신성마을,59.82,202110,14,"4,650",1,1997,서해로 515-1,,-,-
충청남도 아산시 인주면 해암리,280-4,280,4,미진무지개,32.61,202110,11,"6,200",12,2000,현대로 862,,-,-
충청남도 아산시 인주면 해암리,280-4,280,4,미진무지개,49.74,202110,24,"7,800",15,2000,현대로 862,,-,-
충청남도 아산시 인주면 해암리,280-4,280,4,미진무지개,32.61,202110,24,"6,200",12,2000,현대로 862,,-,-
충청남도 아산시 인주면 해암리,280-4,280,4,미진무지개,49.74,202110,29,"8,000",7,2000,현대로 862,,-,-
충청남도 아산시 인주면 해암리,280-4,280,4,미진무지개,32.61,202110,31,"5,300",8,2000,현대로 862,,-,-
충청남도 아산시 장존동,305,305,0,청솔,39.994,202110,1,"4,400",8,2004,외암로 1247,,-,-
충청남도 아산시 장존동,305,305,0,청솔,59.988,202110,1,"8,000",1,2004,외암로 1247,,-,-
충청남도 아산시 장존동,305,305,0,청솔,47.235,202110,2,"7,000",9,2004,외암로 1247,,-,-
충청남도 아산시 장존동,305,305,0,청솔,39.994,202110,4,"4,550",10,2004,외암로 1247,,-,-
충청남도 아산시 장존동,305,305,0,청솔,39.994,202110,4,"4,500",6,2004,외암로 1247,,-,-
충청남도 아산시 장존동,305,305,0,청솔,39.994,202110,4,"4,500",9,2004,외암로 1247,,-,-
충청남도 아산시 장존동,305,305,0,청솔,39.994,202110,6,"4,500",10,2004,외암로 1247,,-,-
충청남도 아산시 장존동,305,305,0,청솔,39.994,202110,6,"4,500",7,2004,외암로 1247,20211025,-,-
충청남도 아산시 장존동,305,305,0,청솔,39.994,202110,6,"4,300",11,2004,외암로 1247,,-,-
충청남도 아산시 장존동,305,305,0,청솔,59.988,202110,6,"8,500",3,2004,외암로 1247,,-,-
충청남도 아산시 장존동,305,305,0,청솔,39.994,202110,6,"4,300",11,2004,외암로 1247,,-,-
충청남도 아산시 장존동,305,305,0,청솔,39.994,202110,8,"4,550",9,2004,외암로 1247,,-,-
충청남도 아산시 장존동,305,305,0,청솔,59.988,202110,8,"8,500",1,2004,외암로 1247,,-,-
충청남도 아산시 장존동,305,305,0,청솔,39.994,202110,12,"4,350",4,2004,외암로 1247,,-,-
충청남도 아산시 장존동,305,305,0,청솔,39.994,202110,14,"4,550",6,2004,외암로 1247,,-,-
충청남도 아산시 장존동,305,305,0,청솔,39.994,202110,15,"5,150",5,2004,외암로 1247,,-,-
충청남도 아산시 장존동,305,305,0,청솔,59.988,202110,16,"9,500",8,2004,외암로 1247,,-,-
충청남도 아산시 장존동,305,305,0,청솔,59.988,202110,16,"8,100",1,2004,외암로 1247,,-,-
충청남도 아산시 장존동,305,305,0,청솔,59.988,202110,18,"9,500",14,2004,외암로 1247,,-,-
충청남도 아산시 장존동,305,305,0,청솔,59.988,202110,18,"9,800",6,2004,외암로 1247,,-,-
충청남도 아산시 장존동,305,305,0,청솔,39.994,202110,18,"4,900",12,2004,외암로 1247,,-,-
충청남도 아산시 장존동,305,305,0,청솔,59.988,202110,19,"8,700",15,2004,외암로 1247,,-,-
충청남도 아산시 장존동,305,305,0,청솔,47.235,202110,19,"6,400",8,2004,외암로 1247,,-,-
충청남도 아산시 장존동,305,305,0,청솔,39.994,202110,22,"4,700",7,2004,외암로 1247,,-,-
충청남도 아산시 장존동,305,305,0,청솔,39.994,202110,22,"4,250",4,2004,외암로 1247,,-,-
충청남도 아산시 장존동,305,305,0,청솔,39.994,202110,22,"5,400",12,2004,외암로 1247,,-,-
충청남도 아산시 장존동,305,305,0,청솔,59.988,202110,23,"9,250",15,2004,외암로 1247,,-,-
충청남도 아산시 장존동,305,305,0,청솔,47.235,202110,23,"6,600",4,2004,외암로 1247,,-,-
충청남도 아산시 장존동,305,305,0,청솔,39.994,202110,24,"5,050",7,2004,외암로 1247,,-,-
충청남도 아산시 장존동,305,305,0,청솔,59.988,202110,25,"8,900",13,2004,외암로 1247,,-,-
충청남도 아산시 장존동,305,305,0,청솔,39.994,202110,25,"4,850",6,2004,외암로 1247,,-,-
충청남도 아산시 장존동,305,305,0,청솔,47.235,202110,27,"7,000",14,2004,외암로 1247,,-,-
충청남도 아산시 장존동,305,305,0,청솔,59.988,202110,30,"9,000",7,2004,외암로 1247,,-,-
충청남도 아산시 장존동,305,305,0,청솔,39.994,202110,30,"5,400",14,2004,외암로 1247,,-,-
충청남도 아산시 좌부동,Mar-84,84,3,초원설화타운1,56.28,202110,1,"4,400",8,1994,고불로 667,,-,-
충청남도 아산시 좌부동,Mar-84,84,3,초원설화타운1,56.28,202110,2,"5,800",13,1994,고불로 667,,-,-
충청남도 아산시 좌부동,Mar-84,84,3,초원설화타운1,56.28,202110,3,"4,900",2,1994,고불로 667,,-,-
충청남도 아산시 좌부동,Mar-84,84,3,초원설화타운1,39.78,202110,6,"3,100",4,1994,고불로 667,,-,-
충청남도 아산시 좌부동,Mar-84,84,3,초원설화타운1,56.28,202110,6,"4,600",14,1994,고불로 667,,-,-
충청남도 아산시 좌부동,Mar-84,84,3,초원설화타운1,56.28,202110,6,"4,800",2,1994,고불로 667,,-,-
충청남도 아산시 좌부동,Mar-84,84,3,초원설화타운1,56.28,202110,9,"4,500",8,1994,고불로 667,,-,-
충청남도 아산시 좌부동,Mar-84,84,3,초원설화타운1,56.28,202110,9,"4,500",11,1994,고불로 667,,-,-
충청남도 아산시 좌부동,Mar-84,84,3,초원설화타운1,56.28,202110,14,"4,500",8,1994,고불로 667,,-,-
충청남도 아산시 좌부동,Mar-84,84,3,초원설화타운1,56.28,202110,15,"4,750",10,1994,고불로 667,,-,-
충청남도 아산시 좌부동,Mar-84,84,3,초원설화타운1,39.78,202110,18,"3,200",5,1994,고불로 667,,-,-
충청남도 아산시 좌부동,Mar-84,84,3,초원설화타운1,39.78,202110,18,"3,000",9,1994,고불로 667,,-,-
충청남도 아산시 좌부동,Mar-84,84,3,초원설화타운1,56.28,202110,19,"4,500",4,1994,고불로 667,,-,-
충청남도 아산시 좌부동,Mar-84,84,3,초원설화타운1,39.78,202110,20,"3,200",12,1994,고불로 667,,-,-
충청남도 아산시 좌부동,Mar-84,84,3,초원설화타운1,56.28,202110,28,"6,000",10,1994,고불로 667,,-,-
충청남도 아산시 좌부동,84,84,0,초원설화타운2,59.88,202110,2,"6,900",11,1995,고불로 669,,-,-
충청남도 아산시 좌부동,84,84,0,초원설화타운2,59.88,202110,6,"6,800",14,1995,고불로 669,,-,-
충청남도 아산시 좌부동,84,84,0,초원설화타운2,59.88,202110,9,"7,300",10,1995,고불로 669,,-,-
충청남도 아산시 좌부동,84,84,0,초원설화타운2,59.88,202110,11,"6,500",5,1995,고불로 669,,-,-
충청남도 아산시 좌부동,84,84,0,초원설화타운2,59.88,202110,16,"6,900",8,1995,고불로 669,,-,-
충청남도 아산시 좌부동,84,84,0,초원설화타운2,59.88,202110,16,"6,600",10,1995,고불로 669,,-,-
충청남도 아산시 좌부동,84,84,0,초원설화타운2,59.88,202110,26,"5,000",12,1995,고불로 669,,-,-
충청남도 아산시 좌부동,84,84,0,초원설화타운2,59.88,202110,27,"7,200",11,1995,고불로 669,,-,-
충청남도 아산시 좌부동,84,84,0,초원설화타운2,59.88,202110,28,"6,900",14,1995,고불로 669,,-,-
충청남도 아산시 좌부동,84,84,0,초원설화타운2,59.88,202110,30,"7,000",6,1995,고불로 669,,-,-
충청남도 아산시 좌부동,83,83,0,초원설화타운3,59.88,202110,5,"7,800",4,1995,고불로 665,,-,-
충청남도 아산시 좌부동,83,83,0,초원설화타운3,59.88,202110,9,"7,400",7,1995,고불로 665,,-,-
충청남도 아산시 좌부동,83,83,0,초원설화타운3,59.88,202110,11,"7,500",12,1995,고불로 665,,-,-
충청남도 아산시 좌부동,83,83,0,초원설화타운3,59.88,202110,16,"7,600",3,1995,고불로 665,,-,-
충청남도 아산시 좌부동,83,83,0,초원설화타운3,59.88,202110,18,"7,500",6,1995,고불로 665,,-,-
충청남도 아산시 좌부동,83,83,0,초원설화타운3,59.88,202110,18,"6,600",7,1995,고불로 665,,-,-
충청남도 아산시 탕정면 명암리,809,809,0,탕정삼성트라팰리스(1단지~3단지),84.99,202110,1,"50,000",28,2009,탕정면로 37,,-,-
충청남도 아산시 탕정면 명암리,809,809,0,탕정삼성트라팰리스(1단지~3단지),107.04,202110,2,"63,500",23,2009,탕정면로 37,,-,-
충청남도 아산시 탕정면 명암리,809,809,0,탕정삼성트라팰리스(1단지~3단지),84.99,202110,2,"50,000",16,2009,탕정면로 37,,-,-
충청남도 아산시 탕정면 명암리,809,809,0,탕정삼성트라팰리스(1단지~3단지),84.99,202110,2,"50,000",16,2009,탕정면로 37,20211005,-,-
충청남도 아산시 탕정면 명암리,809,809,0,탕정삼성트라팰리스(1단지~3단지),84.68,202110,5,"45,000",29,2009,탕정면로 37,,-,-
충청남도 아산시 탕정면 명암리,809,809,0,탕정삼성트라팰리스(1단지~3단지),144.43,202110,6,"89,300",15,2009,탕정면로 37,,-,-
충청남도 아산시 탕정면 명암리,809,809,0,탕정삼성트라팰리스(1단지~3단지),84.99,202110,8,"51,000",32,2009,탕정면로 37,,-,-
충청남도 아산시 탕정면 명암리,809,809,0,탕정삼성트라팰리스(1단지~3단지),84.73,202110,8,"49,000",6,2009,탕정면로 37,,-,-
충청남도 아산시 탕정면 명암리,809,809,0,탕정삼성트라팰리스(1단지~3단지),71.06,202110,8,"32,970",24,2009,탕정면로 37,,-,-
충청남도 아산시 탕정면 명암리,809,809,0,탕정삼성트라팰리스(1단지~3단지),84.68,202110,9,"45,000",33,2009,탕정면로 37,,-,-
충청남도 아산시 탕정면 명암리,809,809,0,탕정삼성트라팰리스(1단지~3단지),84.68,202110,14,"45,500",23,2009,탕정면로 37,,-,-
충청남도 아산시 탕정면 명암리,809,809,0,탕정삼성트라팰리스(1단지~3단지),84.99,202110,18,"50,000",25,2009,탕정면로 37,,-,-
충청남도 아산시 탕정면 명암리,809,809,0,탕정삼성트라팰리스(1단지~3단지),144.43,202110,19,"87,000",15,2009,탕정면로 37,,-,-
충청남도 아산시 탕정면 명암리,809,809,0,탕정삼성트라팰리스(1단지~3단지),84.99,202110,23,"53,000",26,2009,탕정면로 37,,-,-
충청남도 아산시 탕정면 명암리,809,809,0,탕정삼성트라팰리스(1단지~3단지),109.73,202110,28,"67,000",11,2009,탕정면로 37,,-,-
충청남도 아산시 탕정면 명암리,809,809,0,탕정삼성트라팰리스(4단지),99.4501,202110,2,"60,000",3,2013,탕정면로 37,,-,-
충청남도 아산시 탕정면 명암리,809,809,0,탕정삼성트라팰리스(4단지),73.9348,202110,2,"46,800",26,2013,탕정면로 37,,-,-
충청남도 아산시 탕정면 명암리,809,809,0,탕정삼성트라팰리스(4단지),84.68,202110,9,"54,000",26,2013,탕정면로 37,,-,-
충청남도 아산시 탕정면 명암리,809,809,0,탕정삼성트라팰리스(4단지),73.9348,202110,13,"42,500",4,2013,탕정면로 37,,-,-
충청남도 아산시 탕정면 명암리,809,809,0,탕정삼성트라팰리스(4단지),73.9348,202110,16,"45,000",22,2013,탕정면로 37,,-,-
충청남도 아산시 탕정면 명암리,809,809,0,탕정삼성트라팰리스(4단지),125.25,202110,16,"80,000",11,2013,탕정면로 37,,-,-
충청남도 아산시 탕정면 명암리,809,809,0,탕정삼성트라팰리스(5단지),84.68,202110,9,"54,500",7,2014,탕정면로 37,,-,-
충청남도 아산시 탕정면 명암리,809,809,0,탕정삼성트라팰리스(5단지),73.9348,202110,13,"42,000",21,2014,탕정면로 37,,-,-
충청남도 아산시 탕정면 호산리,497,497,0,홍익,33.15,202110,1,"5,200",9,1999,선문로 385,,-,-
충청남도 아산시 탕정면 호산리,497,497,0,홍익,33.15,202110,1,"5,500",4,1999,선문로 385,,-,-
충청남도 아산시 탕정면 호산리,497,497,0,홍익,33.15,202110,1,"4,800",15,1999,선문로 385,,-,-
충청남도 아산시 탕정면 호산리,497,497,0,홍익,39.15,202110,7,"5,070",12,1999,선문로 385,,-,-
충청남도 아산시 탕정면 호산리,497,497,0,홍익,39.15,202110,8,"6,450",5,1999,선문로 385,,-,-
충청남도 아산시 탕정면 호산리,497,497,0,홍익,33.15,202110,9,"5,300",10,1999,선문로 385,,-,-
충청남도 아산시 탕정면 호산리,497,497,0,홍익,33.15,202110,9,"4,100",1,1999,선문로 385,,-,-
충청남도 아산시 탕정면 호산리,497,497,0,홍익,33.15,202110,11,"5,450",10,1999,선문로 385,,-,-
충청남도 아산시 탕정면 호산리,497,497,0,홍익,39.15,202110,11,"6,100",6,1999,선문로 385,,-,-
충청남도 아산시 탕정면 호산리,497,497,0,홍익,39.15,202110,11,"5,500",4,1999,선문로 385,,-,-
충청남도 아산시 탕정면 호산리,497,497,0,홍익,33.15,202110,16,"5,500",12,1999,선문로 385,,-,-
충청남도 아산시 탕정면 호산리,497,497,0,홍익,39.15,202110,19,"6,500",12,1999,선문로 385,,-,-
충청남도 아산시 탕정면 호산리,497,497,0,홍익,39.15,202110,19,"5,800",6,1999,선문로 385,,-,-
충청남도 아산시 탕정면 호산리,497,497,0,홍익,33.15,202110,22,"5,200",6,1999,선문로 385,,-,-
충청남도 아산시 탕정면 호산리,497,497,0,홍익,39.15,202110,22,"5,800",7,1999,선문로 385,,-,-
충청남도 아산시 탕정면 호산리,497,497,0,홍익,39.15,202110,30,"6,000",8,1999,선문로 385,,-,-
충청남도 아산시 탕정면 호산리,497,497,0,홍익,33.15,202110,30,"4,100",1,1999,선문로 385,,-,-
충청남도 아산시 풍기동,440,440,0,동일하이빌(아),84.9656,202110,2,"31,800",7,2008,남부로 353,,-,-
충청남도 아산시 풍기동,440,440,0,동일하이빌(아),84.9851,202110,10,"34,600",19,2008,남부로 353,,-,-
충청남도 아산시 풍기동,440,440,0,동일하이빌(아),119.5101,202110,16,"44,500",16,2008,남부로 353,,-,-
충청남도 아산시 풍기동,222,222,0,세진,35.6,202110,19,"4,600",17,1998,외암로 1566-12,,-,-
충청남도 아산시 풍기동,222,222,0,세진,35.6,202110,27,"4,100",1,1998,외암로 1566-12,,-,-
충청남도 아산시 풍기동,514,514,0,아산풍기이지더원1차아파트,72.159,202110,19,"39,300",14,2017,어의정로 184,,-,-
충청남도 아산시 풍기동,514,514,0,아산풍기이지더원1차아파트,72.159,202110,27,"38,700",16,2017,어의정로 184,,-,-
충청남도 아산시 풍기동,231,231,0,인정프린스,59.91,202110,3,"8,500",1,1993,어의정로183번길 15,,-,-
충청남도 아산시 풍기동,231,231,0,인정프린스,59.91,202110,8,"8,500",9,1993,어의정로183번길 15,,-,-
충청남도 아산시 풍기동,231,231,0,인정프린스,59.91,202110,26,"9,800",8,1993,어의정로183번길 15,,-,-
충청남도 아산시 풍기동,231,231,0,인정프린스,84.9,202110,26,"13,150",8,1993,어의정로183번길 15,,-,-
충청남도 아산시 풍기동,229-71,229,71,주은,31.2,202110,1,"5,000",4,2000,어의정로183번길 14,,-,-
충청남도 아산시 풍기동,229-71,229,71,주은,31.2,202110,1,"5,000",3,2000,어의정로183번길 14,,-,-
충청남도 아산시 풍기동,229-71,229,71,주은,39.78,202110,1,"8,500",6,2000,어의정로183번길 14,,-,-
충청남도 아산시 풍기동,229-71,229,71,주은,39.78,202110,1,"10,000",7,2000,어의정로183번길 14,,-,-
충청남도 아산시 풍기동,229-71,229,71,주은,31.2,202110,1,"5,000",3,2000,어의정로183번길 14,,-,-
충청남도 아산시 풍기동,229-71,229,71,주은,31.2,202110,1,"5,000",4,2000,어의정로183번길 14,,-,-
충청남도 아산시 풍기동,229-71,229,71,주은,39.78,202110,4,"9,600",6,2000,어의정로183번길 14,,-,-
충청남도 아산시 풍기동,229-71,229,71,주은,59.52,202110,4,"18,000",2,2000,어의정로183번길 14,,-,-
충청남도 아산시 풍기동,229-71,229,71,주은,59.52,202110,6,"19,300",6,2000,어의정로183번길 14,,-,-
충청남도 아산시 풍기동,229-71,229,71,주은,31.2,202110,6,"5,500",2,2000,어의정로183번길 14,,-,-
충청남도 아산시 풍기동,229-71,229,71,주은,39.78,202110,6,"9,200",15,2000,어의정로183번길 14,,-,-
충청남도 아산시 풍기동,229-71,229,71,주은,59.52,202110,8,"19,800",20,2000,어의정로183번길 14,,-,-
충청남도 아산시 풍기동,229-71,229,71,주은,59.52,202110,9,"19,500",18,2000,어의정로183번길 14,,-,-
충청남도 아산시 풍기동,229-71,229,71,주은,31.2,202110,14,"6,000",14,2000,어의정로183번길 14,,-,-
충청남도 아산시 풍기동,229-71,229,71,주은,31.2,202110,17,"7,300",2,2000,어의정로183번길 14,,-,-
충청남도 아산시 풍기동,229-71,229,71,주은,31.2,202110,18,"5,500",11,2000,어의정로183번길 14,,-,-
충청남도 아산시 풍기동,229-71,229,71,주은,31.2,202110,18,"5,500",14,2000,어의정로183번길 14,,-,-
충청남도 아산시 풍기동,229-71,229,71,주은,31.2,202110,18,"5,500",13,2000,어의정로183번길 14,,-,-
충청남도 아산시 풍기동,229-71,229,71,주은,31.2,202110,18,"5,500",13,2000,어의정로183번길 14,,-,-
충청남도 아산시 풍기동,229-71,229,71,주은,59.52,202110,23,"20,350",20,2000,어의정로183번길 14,,-,-
충청남도 아산시 풍기동,229-71,229,71,주은,59.52,202110,24,"12,000",1,2000,어의정로183번길 14,,-,-
충청남도 아산시 풍기동,229-71,229,71,주은,31.2,202110,24,"6,000",16,2000,어의정로183번길 14,,-,-
충청남도 아산시 풍기동,447,447,0,현대아이파크(아),84.784,202110,2,"35,200",10,2008,남부로 321-8,,-,-
충청남도 아산시 풍기동,447,447,0,현대아이파크(아),84.784,202110,6,"34,500",7,2008,남부로 321-8,,-,-
충청남도 예산군 덕산면 시량리,468-1,468,1,아람파크빌,84.96,202110,15,"10,000",10,2000,덕산온천로 21-11,,-,-
충청남도 예산군 덕산면 옥계리,01월 28일,28,1,태산,47.16,202110,5,"7,300",9,1998,가야산로 43,,-,-
충청남도 예산군 덕산면 읍내리,200-1,200,1,이테크써니밸리,84.9847,202110,9,"17,500",9,2008,덕산온천로 413-26,,-,-
충청남도 예산군 덕산면 읍내리,200-1,200,1,이테크써니밸리,127.4393,202110,13,"23,900",6,2008,덕산온천로 413-26,,-,-
충청남도 예산군 덕산면 읍내리,200-1,200,1,이테크써니밸리,113.6459,202110,26,"22,500",5,2008,덕산온천로 413-26,,-,-
충청남도 예산군 봉산면 대지리,279-4,279,4,은행마을,55.9675,202110,15,"6,000",2,2003,황금뜰로 156,,-,-
충청남도 예산군 삽교읍 두리,550-4,550,4,남선,59.4,202110,8,"5,600",4,1994,두리학교길 28,,-,-
충청남도 예산군 삽교읍 목리,894-1,894,1,내포신도시이지더원아파트,72.9179,202110,11,"29,000",1,2017,수암천로 11,,-,-
충청남도 예산군 삽교읍 목리,894-1,894,1,내포신도시이지더원아파트,76.9183,202110,23,"36,000",16,2017,수암천로 11,,-,-
충청남도 예산군 신암면 두곡리,253-17,253,17,신암삼신,46.62,202110,2,"1,700",5,1998,추사고택로 36-8,,-,-
충청남도 예산군 신암면 두곡리,253-17,253,17,신암삼신,46.62,202110,3,"2,800",3,1998,추사고택로 36-8,,-,-
충청남도 예산군 신암면 두곡리,253-17,253,17,신암삼신,46.62,202110,5,"2,000",1,1998,추사고택로 36-8,,-,-
충청남도 예산군 신암면 두곡리,253-17,253,17,신암삼신,46.62,202110,6,"3,100",3,1998,추사고택로 36-8,,-,-
충청남도 예산군 신암면 두곡리,253-17,253,17,신암삼신,46.62,202110,12,"2,100",5,1998,추사고택로 36-8,,-,-
충청남도 예산군 신양면 대덕리,813-3,813,3,예당마을이엔씨,35.575,202110,1,"2,300",6,2002,청신로 292,,-,-
충청남도 예산군 예산읍 발연리,Jan-90,90,1,예산우방유쉘,110.52,202110,22,"27,000",9,2009,벚꽃로 175-17,,-,-
충청남도 예산군 예산읍 산성리,705,705,0,서오1차,66.42,202110,2,"6,500",3,1991,역전로 150-6,,-,-
충청남도 예산군 예산읍 산성리,711,711,0,서오2차,107.82,202110,3,"12,750",3,1992,역전로 150-13,,-,-
충청남도 예산군 예산읍 산성리,Jan-95,95,1,예산1차세광엔리치타워,84.9595,202110,5,"21,000",6,2006,아리랑로 93-10,,-,-
충청남도 예산군 예산읍 산성리,129-20,129,20,예산이에스아뜨리움,65.4696,202110,7,"14,200",1,2015,벚꽃로 82,,-,-
충청남도 예산군 예산읍 산성리,129-20,129,20,예산이에스아뜨리움,65.4696,202110,8,"16,800",2,2015,벚꽃로 82,,-,-
충청남도 예산군 예산읍 산성리,324-1,324,1,유익효도마을,41.82,202110,13,"4,300",5,1998,역전로126번길 24-10,,-,-
충청남도 예산군 예산읍 산성리,324-1,324,1,유익효도마을,41.82,202110,18,"4,650",3,1998,역전로126번길 24-10,,-,-
충청남도 예산군 예산읍 산성리,324-1,324,1,유익효도마을,41.82,202110,19,"3,950",7,1998,역전로126번길 24-10,,-,-
충청남도 예산군 예산읍 산성리,103-1,103,1,주공,59.89,202110,1,"10,400",6,2000,아리랑로 77-6,,-,-
충청남도 예산군 예산읍 산성리,103-1,103,1,주공,49.85,202110,14,"7,800",4,2000,아리랑로 77-6,,-,-
충청남도 예산군 예산읍 산성리,103-1,103,1,주공,59.89,202110,30,"9,500",1,2000,아리랑로 77-6,,-,-
충청남도 예산군 예산읍 산성리,710,710,0,한신,115.015,202110,11,"15,500",4,1996,역전로160번길 16,,-,-
충청남도 예산군 예산읍 산성리,710,710,0,한신,74.17,202110,19,"12,000",3,1996,역전로160번길 16,,-,-
충청남도 예산군 예산읍 산성리,710,710,0,한신,74.17,202110,28,"12,000",19,1996,역전로160번길 16,,-,-
충청남도 예산군 예산읍 신례원리,264-3,264,3,성문,59.895,202110,25,"3,000",5,1992,창신로 51-34,,-,-
충청남도 예산군 예산읍 신례원리,582,582,0,신례원현대,59.85,202110,13,"5,000",8,1994,창신로 55,,-,-
충청남도 예산군 예산읍 신례원리,582,582,0,신례원현대,59.98,202110,25,"6,800",1,1994,창신로 55,,-,-
충청남도 예산군 예산읍 신례원리,589,589,0,아름채,39.8464,202110,2,"4,500",14,2005,창신로 51-7,,-,-
충청남도 예산군 예산읍 신례원리,589,589,0,아름채,39.8464,202110,7,"4,250",7,2005,창신로 51-7,,-,-
충청남도 예산군 예산읍 예산리,12,12,0,능금마을신성,84.945,202110,6,"14,300",9,1993,아리랑로144번길 19,,-,-
충청남도 예산군 예산읍 예산리,315-54,315,54,리더스칸아파트,79.94,202110,18,"13,800",5,2018,교남길 16,,-,-
충청남도 예산군 예산읍 예산리,17,17,0,애플타운나임,57.3436,202110,5,"7,400",12,2001,아리랑로144번길 8,,-,-
충청남도 예산군 예산읍 예산리,516-2,516,2,우송팰리스2차,84.561,202110,27,"16,200",4,2014,예산로 221,,-,-
충청남도 예산군 예산읍 주교리,179-1,179,1,"석탑,까치마을",59.6,202110,6,"9,500",9,1997,아리랑로 43,,-,-
충청남도 예산군 예산읍 주교리,179-1,179,1,"석탑,까치마을",38.7,202110,19,"5,400",17,1997,아리랑로 43,,-,-
충청남도 예산군 예산읍 창소리,279-1,279,1,풍진,83.575,202110,16,"6,000",3,1990,창말로42번길 31-5,,-,-
충청남도 천안동남구 구성동,525,525,0,구성휴먼시아,84.78,202110,2,"26,000",7,2010,대흥로 35,,-,-
충청남도 천안동남구 구성동,525,525,0,구성휴먼시아,84.78,202110,22,"26,500",19,2010,대흥로 35,,-,-
충청남도 천안동남구 구성동,259,259,0,신성천안미소지움,59.589,202110,2,"17,800",10,2006,천안대로 483-8,,-,-
충청남도 천안동남구 구성동,259,259,0,신성천안미소지움,84.488,202110,9,"22,800",11,2006,천안대로 483-8,,-,-
충청남도 천안동남구 구성동,259,259,0,신성천안미소지움,84.488,202110,12,"28,000",2,2006,천안대로 483-8,,-,-
충청남도 천안동남구 구성동,259,259,0,신성천안미소지움,84.488,202110,16,"23,200",4,2006,천안대로 483-8,,-,-
충청남도 천안동남구 구성동,259,259,0,신성천안미소지움,59.846,202110,23,"18,300",11,2006,천안대로 483-8,,-,-
충청남도 천안동남구 구성동,259,259,0,신성천안미소지움,84.499,202110,26,"23,000",5,2006,천안대로 483-8,,-,-
충청남도 천안동남구 구성동,259,259,0,신성천안미소지움,59.846,202110,30,"17,500",2,2006,천안대로 483-8,,-,-
충청남도 천안동남구 구성동,293-21,293,21,쌍용,69.59,202110,2,"12,000",9,1990,충절로 295-14,,-,-
충청남도 천안동남구 구성동,293-21,293,21,쌍용,84.96,202110,3,"14,000",7,1990,충절로 295-14,,-,-
충청남도 천안동남구 구성동,300-6,300,6,향목그라비스,84.9669,202110,15,"20,000",11,2005,충절로 303,,-,-
충청남도 천안동남구 다가동,07월 01일,7,1,"국민(가,나)",57.83,202110,19,"7,300",2,1985,천안천공원2길 6,,-,-
충청남도 천안동남구 다가동,6-50,6,50,삼오연립(A동),72.18,202110,16,"8,100",4,1986,천안천공원5길 51,,-,-
충청남도 천안동남구 다가동,6-50,6,50,삼오연립(A동),72.18,202110,16,"8,100",4,1986,천안천공원5길 51,,-,-
충청남도 천안동남구 다가동,526,526,0,서해그랑블,84.1073,202110,3,"22,500",5,2008,천안천공원3길 5-31,,-,-
충청남도 천안동남구 다가동,526,526,0,서해그랑블,84.7463,202110,30,"23,500",6,2008,천안천공원3길 5-31,,-,-
충청남도 천안동남구 다가동,02월 27일,27,2,아트빌,39.78,202110,6,"4,500",4,2004,풍세로 965,,-,-
충청남도 천안동남구 다가동,02월 27일,27,2,아트빌,39.78,202110,20,"4,300",14,2004,풍세로 965,,-,-
충청남도 천안동남구 다가동,02월 27일,27,2,아트빌,39.78,202110,26,"4,200",9,2004,풍세로 965,,-,-
충청남도 천안동남구 다가동,01월 26일,26,1,웰스빌,84.841,202110,15,"17,000",7,2006,천안천공원2길 28,,-,-
충청남도 천안동남구 다가동,578,578,0,일봉산해피트리,84.9458,202110,7,"26,000",1,2017,다가말2길 70,,-,-
충청남도 천안동남구 다가동,30,30,0,주공4단지,53.85,202110,26,"11,500",1,1986,풍세로 933,20211029,-,-
충청남도 천안동남구 다가동,381-1,381,1,활림3차크로바,49.92,202110,7,"6,000",1,1995,다가12길 6,,-,-
충청남도 천안동남구 다가동,381-1,381,1,활림3차크로바,49.92,202110,14,"7,000",2,1995,다가12길 6,,-,-
충청남도 천안동남구 다가동,381-1,381,1,활림3차크로바,59.94,202110,28,"8,900",14,1995,다가12길 6,,-,-
충청남도 천안동남구 목천읍 삼성리,09월 12일,9,12,원앙마을부영1차,49.92,202110,2,"8,900",1,1999,삼성5길 42,,-,-
충청남도 천안동남구 목천읍 삼성리,09월 12일,9,12,원앙마을부영1차,49.92,202110,3,"8,500",6,1999,삼성5길 42,,-,-
충청남도 천안동남구 목천읍 삼성리,09월 12일,9,12,원앙마을부영1차,59.76,202110,7,"10,700",4,1999,삼성5길 42,,-,-
충청남도 천안동남구 목천읍 삼성리,09월 12일,9,12,원앙마을부영1차,49.92,202110,8,"8,000",7,1999,삼성5길 42,,-,-
충청남도 천안동남구 목천읍 삼성리,09월 12일,9,12,원앙마을부영1차,49.92,202110,11,"8,100",7,1999,삼성5길 42,,-,-
충청남도 천안동남구 목천읍 삼성리,09월 12일,9,12,원앙마을부영1차,59.76,202110,15,"9,500",3,1999,삼성5길 42,,-,-
충청남도 천안동남구 목천읍 삼성리,09월 12일,9,12,원앙마을부영1차,59.76,202110,18,"10,500",6,1999,삼성5길 42,,-,-
충청남도 천안동남구 목천읍 삼성리,09월 12일,9,12,원앙마을부영1차,59.76,202110,26,"8,800",3,1999,삼성5길 42,,-,-
충청남도 천안동남구 목천읍 삼성리,09월 12일,9,12,원앙마을부영1차,59.76,202110,26,"10,800",7,1999,삼성5길 42,,-,-
충청남도 천안동남구 목천읍 삼성리,09월 12일,9,12,원앙마을부영1차,59.76,202110,27,"9,400",8,1999,삼성5길 42,,-,-
충청남도 천안동남구 목천읍 삼성리,09월 12일,9,12,원앙마을부영1차,49.92,202110,28,"8,200",10,1999,삼성5길 42,,-,-
충청남도 천안동남구 목천읍 삼성리,09월 06일,9,6,원앙마을부영2차,49.92,202110,1,"9,000",8,1999,삼성5길 41,,-,-
충청남도 천안동남구 목천읍 삼성리,09월 06일,9,6,원앙마을부영2차,49.92,202110,1,"8,800",6,1999,삼성5길 41,,-,-
충청남도 천안동남구 목천읍 삼성리,09월 06일,9,6,원앙마을부영2차,49.92,202110,8,"7,700",8,1999,삼성5길 41,,-,-
충청남도 천안동남구 목천읍 삼성리,09월 06일,9,6,원앙마을부영2차,59.76,202110,11,"9,000",10,1999,삼성5길 41,,-,-
충청남도 천안동남구 목천읍 삼성리,09월 06일,9,6,원앙마을부영2차,59.76,202110,14,"12,000",8,1999,삼성5길 41,,-,-
충청남도 천안동남구 목천읍 삼성리,09월 06일,9,6,원앙마을부영2차,49.92,202110,14,"8,400",4,1999,삼성5길 41,,-,-
충청남도 천안동남구 목천읍 삼성리,09월 06일,9,6,원앙마을부영2차,49.92,202110,21,"8,600",8,1999,삼성5길 41,,-,-
충청남도 천안동남구 목천읍 서리,Jan-58,58,1,재동보라,59.99,202110,8,"6,300",6,1994,서리1길 19-9,,-,-
충청남도 천안동남구 목천읍 신계리,103-4,103,4,목천신도브래뉴1차,59.98,202110,1,"11,200",6,2004,신계5길 47,,-,-
충청남도 천안동남구 목천읍 신계리,103-4,103,4,목천신도브래뉴1차,59.98,202110,14,"15,000",5,2004,신계5길 47,,-,-
충청남도 천안동남구 목천읍 신계리,166-36,166,36,목천신도브래뉴2차,59.86,202110,1,"16,300",12,2005,목천안터2길 19,,-,-
충청남도 천안동남구 목천읍 신계리,166-36,166,36,목천신도브래뉴2차,84.81,202110,8,"20,500",5,2005,목천안터2길 19,,-,-
충청남도 천안동남구 목천읍 신계리,166-36,166,36,목천신도브래뉴2차,59.86,202110,10,"17,500",7,2005,목천안터2길 19,,-,-
충청남도 천안동남구 목천읍 신계리,166-36,166,36,목천신도브래뉴2차,84.81,202110,11,"18,300",1,2005,목천안터2길 19,,-,-
충청남도 천안동남구 목천읍 신계리,166-36,166,36,목천신도브래뉴2차,84.81,202110,13,"20,000",11,2005,목천안터2길 19,,-,-
충청남도 천안동남구 목천읍 신계리,166-36,166,36,목천신도브래뉴2차,84.81,202110,13,"19,450",6,2005,목천안터2길 19,,-,-
충청남도 천안동남구 목천읍 신계리,166-36,166,36,목천신도브래뉴2차,84.81,202110,20,"20,700",10,2005,목천안터2길 19,,-,-
충청남도 천안동남구 목천읍 신계리,134-3,134,3,목천이수프라임,55.1,202110,13,"8,800",9,2000,충절로 892,,-,-
충청남도 천안동남구 목천읍 신계리,134-3,134,3,목천이수프라임,39.68,202110,19,"4,900",8,2000,충절로 892,,-,-
충청남도 천안동남구 목천읍 신계리,134-3,134,3,목천이수프라임,39.68,202110,23,"5,000",2,2000,충절로 892,,-,-
충청남도 천안동남구 목천읍 신계리,166-22,166,22,연합초원,53.82,202110,22,"5,000",4,1994,목천안터2길 9,,-,-
충청남도 천안동남구 목천읍 신계리,422,422,0,천안목천동우1차,39.95,202110,5,"3,050",7,1997,신계1길 41,,-,-
충청남도 천안동남구 목천읍 신계리,422,422,0,천안목천동우1차,39.95,202110,6,"3,680",4,1997,신계1길 41,20211012,-,-
충청남도 천안동남구 목천읍 신계리,422,422,0,천안목천동우1차,39.95,202110,9,"3,300",10,1997,신계1길 41,,-,-
충청남도 천안동남구 목천읍 신계리,422,422,0,천안목천동우1차,39.95,202110,9,"3,680",4,1997,신계1길 41,,-,-
충청남도 천안동남구 목천읍 신계리,422,422,0,천안목천동우1차,39.95,202110,13,"3,700",8,1997,신계1길 41,,-,-
충청남도 천안동남구 목천읍 신계리,422,422,0,천안목천동우1차,39.95,202110,13,"2,700",1,1997,신계1길 41,,-,-
충청남도 천안동남구 목천읍 신계리,422,422,0,천안목천동우1차,39.95,202110,13,"4,250",4,1997,신계1길 41,,-,-
충청남도 천안동남구 목천읍 신계리,422,422,0,천안목천동우1차,39.95,202110,15,"4,000",12,1997,신계1길 41,,-,-
충청남도 천안동남구 목천읍 신계리,422,422,0,천안목천동우1차,39.95,202110,22,"3,650",9,1997,신계1길 41,,-,-
충청남도 천안동남구 목천읍 신계리,422,422,0,천안목천동우1차,39.95,202110,28,"3,800",7,1997,신계1길 41,,-,-
충청남도 천안동남구 목천읍 신계리,422,422,0,천안목천동우1차,39.95,202110,29,"4,000",8,1997,신계1길 41,,-,-
충청남도 천안동남구 목천읍 신계리,127-2,127,2,천안목천협성엠파이어,39.82,202110,1,"7,100",12,2013,충절로 874,,-,-
충청남도 천안동남구 목천읍 신계리,127-2,127,2,천안목천협성엠파이어,39.82,202110,3,"6,650",4,2013,충절로 874,,-,-
충청남도 천안동남구 목천읍 신계리,127-2,127,2,천안목천협성엠파이어,39.82,202110,7,"6,700",6,2013,충절로 874,,-,-
충청남도 천안동남구 목천읍 신계리,127-2,127,2,천안목천협성엠파이어,39.82,202110,12,"7,600",10,2013,충절로 874,,-,-
충청남도 천안동남구 목천읍 신계리,127-2,127,2,천안목천협성엠파이어,39.82,202110,15,"7,150",11,2013,충절로 874,,-,-
충청남도 천안동남구 목천읍 운전리,380-3,380,3,연합초원,59.49,202110,5,"5,400",4,1995,충절로 1095,,-,-
충청남도 천안동남구 목천읍 운전리,380-3,380,3,연합초원,53.82,202110,5,"4,200",4,1995,충절로 1095,,-,-
충청남도 천안동남구 목천읍 응원리,66-14,66,14,세광엔리치빌1차,84.1819,202110,9,"13,470",1,2001,충절로 687,,-,-
충청남도 천안동남구 문화동,Sep-63,63,9,거송그랑데리움,25.6222,202110,3,"9,400",15,2016,버들로 21,,-,-
충청남도 천안동남구 문화동,Sep-63,63,9,거송그랑데리움,23.1302,202110,29,"6,500",9,2016,버들로 21,,-,-
충청남도 천안동남구 병천면 가전리,Mar-68,68,3,신한,42.54,202110,26,"4,200",1,1997,충절로 1638,,-,-
충청남도 천안동남구 병천면 가전리,Mar-68,68,3,신한,49.77,202110,27,"7,000",2,1997,충절로 1638,,-,-
충청남도 천안동남구 병천면 병천리,302,302,0,병천모드니에,74.041,202110,21,"16,500",5,2005,아우내장터1길 10,,-,-
충청남도 천안동남구 봉명동,204-3,204,3,e편한세상봉명아너리움,59.8035,202110,9,"31,000",10,2020,쌍용대로 160,,-,-
충청남도 천안동남구 봉명동,554,554,0,대우목화4,71.7,202110,22,"15,200",9,1990,봉명1길 17,,-,-
충청남도 천안동남구 봉명동,Apr-57,57,4,두경,30.096,202110,20,"3,500",6,2005,봉명8길 57,,-,-
충청남도 천안동남구 봉명동,Apr-57,57,4,두경,30.096,202110,28,"4,000",6,2005,봉명8길 57,,-,-
충청남도 천안동남구 봉명동,60-54,60,54,봉명동선경,59.28,202110,3,"10,700",2,1991,양지4길 25,,-,-
충청남도 천안동남구 봉명동,60-54,60,54,봉명동선경,84.93,202110,8,"14,400",4,1991,양지4길 25,,-,-
충청남도 천안동남구 봉명동,60-54,60,54,봉명동선경,104.11,202110,14,"17,500",1,1991,양지4길 25,,-,-
충청남도 천안동남구 봉명동,494,494,0,봉명청솔(3차),56.34,202110,1,"15,500",9,2001,봉서8길 13,,-,-
충청남도 천안동남구 봉명동,494,494,0,봉명청솔(3차),56.34,202110,2,"14,500",11,2001,봉서8길 13,,-,-
충청남도 천안동남구 봉명동,494,494,0,봉명청솔(3차),56.34,202110,7,"15,500",10,2001,봉서8길 13,,-,-
충청남도 천안동남구 봉명동,494,494,0,봉명청솔(3차),56.34,202110,8,"12,800",4,2001,봉서8길 13,,-,-
충청남도 천안동남구 봉명동,494,494,0,봉명청솔(3차),56.34,202110,15,"13,850",9,2001,봉서8길 13,,-,-
충청남도 천안동남구 봉명동,494,494,0,봉명청솔(3차),56.34,202110,16,"15,500",9,2001,봉서8길 13,,-,-
충청남도 천안동남구 봉명동,494,494,0,봉명청솔(3차),56.34,202110,18,"13,500",4,2001,봉서8길 13,,-,-
충청남도 천안동남구 봉명동,513,513,0,봉서산아이파크,59.9479,202110,2,"36,900",16,2018,봉명4길 29,,-,-
충청남도 천안동남구 봉명동,513,513,0,봉서산아이파크,84.992,202110,9,"43,500",5,2018,봉명4길 29,,-,-
충청남도 천안동남구 봉명동,9,9,0,우영,39.78,202110,2,"9,800",2,1988,우영1길 10,,-,-
충청남도 천안동남구 봉명동,9,9,0,우영,39.96,202110,19,"9,800",1,1988,우영1길 10,,-,-
충청남도 천안동남구 북면 상동리,Jun-91,91,6,중앙,39.947,202110,4,"2,250",1,1998,충절로 1456,,-,-
충청남도 천안동남구 북면 상동리,Jun-91,91,6,중앙,39.947,202110,11,"3,700",9,1998,충절로 1456,,-,-
충청남도 천안동남구 북면 상동리,Jun-91,91,6,중앙,47.36,202110,12,"3,500",2,1998,충절로 1456,,-,-
충청남도 천안동남구 북면 상동리,Jun-91,91,6,중앙,55.94,202110,12,"5,500",13,1998,충절로 1456,,-,-
충청남도 천안동남구 북면 상동리,Jun-91,91,6,중앙,55.94,202110,13,"5,000",1,1998,충절로 1456,,-,-
충청남도 천안동남구 북면 상동리,Jun-91,91,6,중앙,39.947,202110,19,"4,000",12,1998,충절로 1456,,-,-
충청남도 천안동남구 북면 상동리,Jun-91,91,6,중앙,47.36,202110,20,"4,400",7,1998,충절로 1456,,-,-
충청남도 천안동남구 북면 상동리,Jun-91,91,6,중앙,39.947,202110,22,"2,500",2,1998,충절로 1456,,-,-
충청남도 천안동남구 북면 연춘리,123-3,123,3,금오,39.69,202110,4,"2,550",5,1990,복구정3길 6-5,,-,-
충청남도 천안동남구 신방동,895,895,0,두레현대1,84.948,202110,1,"20,000",17,1997,일봉로 34,,-,-
충청남도 천안동남구 신방동,895,895,0,두레현대1,59.995,202110,2,"18,000",8,1997,일봉로 34,,-,-
충청남도 천안동남구 신방동,895,895,0,두레현대1,59.995,202110,11,"19,000",18,1997,일봉로 34,,-,-
충청남도 천안동남구 신방동,895,895,0,두레현대1,59.995,202110,13,"17,700",14,1997,일봉로 34,,-,-
충청남도 천안동남구 신방동,895,895,0,두레현대1,71.682,202110,16,"20,000",4,1997,일봉로 34,,-,-
충청남도 천안동남구 신방동,895,895,0,두레현대1,59.995,202110,21,"18,700",7,1997,일봉로 34,,-,-
충청남도 천안동남구 신방동,895,895,0,두레현대1,59.995,202110,22,"17,000",8,1997,일봉로 34,,-,-
충청남도 천안동남구 신방동,897,897,0,두레현대2,59.995,202110,6,"17,800",16,1997,서부대로 252,,-,-
충청남도 천안동남구 신방동,897,897,0,두레현대2,59.995,202110,6,"17,600",14,1997,서부대로 252,,-,-
충청남도 천안동남구 신방동,897,897,0,두레현대2,59.995,202110,12,"19,800",20,1997,서부대로 252,,-,-
충청남도 천안동남구 신방동,897,897,0,두레현대2,84.948,202110,15,"18,000",1,1997,서부대로 252,20211026,-,-
충청남도 천안동남구 신방동,897,897,0,두레현대2,84.948,202110,25,"18,000",1,1997,서부대로 252,,-,-
충청남도 천안동남구 신방동,902,902,0,삼일원앙,28.12,202110,1,"4,200",3,1997,신촌로 7,,-,-
충청남도 천안동남구 신방동,902,902,0,삼일원앙,28.12,202110,1,"4,500",9,1997,신촌로 5,,-,-
충청남도 천안동남구 신방동,902,902,0,삼일원앙,28.12,202110,5,"4,700",12,1997,신촌로 7,,-,-
충청남도 천안동남구 신방동,902,902,0,삼일원앙,28.12,202110,19,"4,300",11,1997,신촌로 7,,-,-
충청남도 천안동남구 신방동,902,902,0,삼일원앙,28.12,202110,20,"5,000",4,1997,신촌로 5,,-,-
충청남도 천안동남구 신방동,902,902,0,삼일원앙,28.12,202110,23,"4,300",14,1997,신촌로 5,,-,-
충청남도 천안동남구 신방동,902,902,0,삼일원앙,30.82,202110,30,"5,400",14,1997,신촌로 7,,-,-
충청남도 천안동남구 신방동,873,873,0,성지새말1,70.92,202110,4,"19,400",15,1997,일봉로 17,,-,-
충청남도 천안동남구 신방동,873,873,0,성지새말1,59.97,202110,9,"17,500",13,1997,일봉로 17,,-,-
충청남도 천안동남구 신방동,873,873,0,성지새말1,59.97,202110,11,"17,800",3,1997,일봉로 17,,-,-
충청남도 천안동남구 신방동,873,873,0,성지새말1,59.97,202110,13,"17,500",11,1997,일봉로 17,,-,-
충청남도 천안동남구 신방동,873,873,0,성지새말1,84.96,202110,15,"21,300",19,1997,일봉로 17,,-,-
충청남도 천안동남구 신방동,873,873,0,성지새말1,59.97,202110,30,"18,500",11,1997,일봉로 17,,-,-
충청남도 천안동남구 신방동,874,874,0,성지새말2,59.97,202110,2,"16,200",18,1997,일봉로 20,,-,-
충청남도 천안동남구 신방동,874,874,0,성지새말2,59.97,202110,2,"15,800",8,1997,일봉로 20,,-,-
충청남도 천안동남구 신방동,874,874,0,성지새말2,59.97,202110,5,"18,000",7,1997,일봉로 20,,-,-
충청남도 천안동남구 신방동,874,874,0,성지새말2,84.96,202110,7,"20,880",18,1997,일봉로 20,,-,-
충청남도 천안동남구 신방동,874,874,0,성지새말2,59.97,202110,8,"19,000",8,1997,일봉로 20,,-,-
충청남도 천안동남구 신방동,874,874,0,성지새말2,59.97,202110,8,"18,000",19,1997,일봉로 20,,-,-
충청남도 천안동남구 신방동,874,874,0,성지새말2,59.97,202110,9,"17,500",23,1997,일봉로 20,,-,-
충청남도 천안동남구 신방동,874,874,0,성지새말2,59.97,202110,9,"17,300",17,1997,일봉로 20,,-,-
충청남도 천안동남구 신방동,869,869,0,신동아목련,59.95,202110,1,"18,000",5,1996,새말4길 6,,-,-
충청남도 천안동남구 신방동,935,935,0,신방동대주피오레,119.637,202110,17,"39,000",11,2006,서부대로 257-8,,-,-
충청남도 천안동남구 신방동,1911,1911,0,신방푸르지오,84.9625,202110,2,"26,000",3,2009,통정9로 51,,-,-
충청남도 천안동남구 신방동,1911,1911,0,신방푸르지오,84.9609,202110,2,"30,500",12,2009,통정9로 51,,-,-
충청남도 천안동남구 신방동,1911,1911,0,신방푸르지오,84.9609,202110,3,"27,000",8,2009,통정9로 51,,-,-
충청남도 천안동남구 신방동,1911,1911,0,신방푸르지오,84.9609,202110,7,"29,500",13,2009,통정9로 51,,-,-
충청남도 천안동남구 신방동,1911,1911,0,신방푸르지오,84.9609,202110,16,"26,500",2,2009,통정9로 51,,-,-
충청남도 천안동남구 신방동,1911,1911,0,신방푸르지오,84.9625,202110,26,"26,000",3,2009,통정9로 51,,-,-
충청남도 천안동남구 신방동,1893,1893,0,신방한라비발디,84.9928,202110,2,"28,500",6,2009,통정9로 75,,-,-
충청남도 천안동남구 신방동,1893,1893,0,신방한라비발디,117.5041,202110,5,"34,000",8,2009,통정9로 75,,-,-
충청남도 천안동남구 신방동,1893,1893,0,신방한라비발디,84.965,202110,9,"30,000",4,2009,통정9로 75,,-,-
충청남도 천안동남구 신방동,1893,1893,0,신방한라비발디,84.9737,202110,16,"28,000",3,2009,통정9로 75,,-,-
충청남도 천안동남구 신방동,1893,1893,0,신방한라비발디,84.9928,202110,18,"32,000",16,2009,통정9로 75,,-,-
충청남도 천안동남구 신방동,1893,1893,0,신방한라비발디,84.965,202110,25,"29,500",10,2009,통정9로 75,,-,-
충청남도 천안동남구 신방동,920,920,0,초원그린타운,39.27,202110,1,"8,800",6,1998,신촌4로 16,,-,-
충청남도 천안동남구 신방동,920,920,0,초원그린타운,39.27,202110,1,"8,450",10,1998,신촌4로 16,,-,-
충청남도 천안동남구 신방동,920,920,0,초원그린타운,39.27,202110,2,"9,400",13,1998,신촌4로 16,,-,-
충청남도 천안동남구 신방동,920,920,0,초원그린타운,39.27,202110,2,"8,500",3,1998,신촌4로 16,,-,-
충청남도 천안동남구 신방동,920,920,0,초원그린타운,39.27,202110,4,"8,900",10,1998,신촌4로 16,,-,-
충청남도 천안동남구 신방동,920,920,0,초원그린타운,39.27,202110,5,"9,000",5,1998,신촌4로 16,,-,-
충청남도 천안동남구 신방동,920,920,0,초원그린타운,39.27,202110,5,"9,300",13,1998,신촌4로 16,,-,-
충청남도 천안동남구 신방동,920,920,0,초원그린타운,39.27,202110,5,"9,400",5,1998,신촌4로 16,,-,-
충청남도 천안동남구 신방동,920,920,0,초원그린타운,39.27,202110,5,"9,000",14,1998,신촌4로 16,,-,-
충청남도 천안동남구 신방동,920,920,0,초원그린타운,39.27,202110,5,"8,000",2,1998,신촌4로 16,,-,-
충청남도 천안동남구 신방동,920,920,0,초원그린타운,39.27,202110,6,"9,000",6,1998,신촌4로 16,,-,-
충청남도 천안동남구 신방동,920,920,0,초원그린타운,39.27,202110,8,"8,500",10,1998,신촌4로 16,,-,-
충청남도 천안동남구 신방동,920,920,0,초원그린타운,39.27,202110,8,"9,000",3,1998,신촌4로 16,,-,-
충청남도 천안동남구 신방동,920,920,0,초원그린타운,39.27,202110,9,"9,000",10,1998,신촌4로 16,,-,-
충청남도 천안동남구 신방동,920,920,0,초원그린타운,39.27,202110,9,"8,500",15,1998,신촌4로 16,,-,-
충청남도 천안동남구 신방동,920,920,0,초원그린타운,39.27,202110,10,"8,700",15,1998,신촌4로 16,,-,-
충청남도 천안동남구 신방동,920,920,0,초원그린타운,39.27,202110,10,"8,700",12,1998,신촌4로 16,,-,-
충청남도 천안동남구 신방동,920,920,0,초원그린타운,39.27,202110,11,"8,800",3,1998,신촌4로 16,,-,-
충청남도 천안동남구 신방동,920,920,0,초원그린타운,39.27,202110,12,"8,500",8,1998,신촌4로 16,,-,-
충청남도 천안동남구 신방동,920,920,0,초원그린타운,39.27,202110,15,"7,800",4,1998,신촌4로 16,,-,-
충청남도 천안동남구 신방동,920,920,0,초원그린타운,39.27,202110,15,"8,990",9,1998,신촌4로 16,,-,-
충청남도 천안동남구 신방동,920,920,0,초원그린타운,39.27,202110,15,"9,000",8,1998,신촌4로 16,,-,-
충청남도 천안동남구 신방동,920,920,0,초원그린타운,39.27,202110,16,"9,500",9,1998,신촌4로 16,,-,-
충청남도 천안동남구 신방동,920,920,0,초원그린타운,39.27,202110,17,"9,200",3,1998,신촌4로 16,,-,-
충청남도 천안동남구 신방동,920,920,0,초원그린타운,39.27,202110,17,"8,000",5,1998,신촌4로 16,,-,-
충청남도 천안동남구 신방동,920,920,0,초원그린타운,39.27,202110,20,"8,700",12,1998,신촌4로 16,,-,-
충청남도 천안동남구 신방동,920,920,0,초원그린타운,39.27,202110,20,"8,000",1,1998,신촌4로 16,,-,-
충청남도 천안동남구 신방동,920,920,0,초원그린타운,39.27,202110,20,"8,000",8,1998,신촌4로 16,,-,-
충청남도 천안동남구 신방동,920,920,0,초원그린타운,39.27,202110,23,"8,700",10,1998,신촌4로 16,,-,-
충청남도 천안동남구 신방동,920,920,0,초원그린타운,39.27,202110,23,"8,500",8,1998,신촌4로 16,,-,-
충청남도 천안동남구 신방동,920,920,0,초원그린타운,39.27,202110,25,"8,000",1,1998,신촌4로 16,,-,-
충청남도 천안동남구 신방동,920,920,0,초원그린타운,39.27,202110,26,"8,600",2,1998,신촌4로 16,,-,-
충청남도 천안동남구 신방동,920,920,0,초원그린타운,39.27,202110,26,"9,500",13,1998,신촌4로 16,,-,-
충청남도 천안동남구 신방동,920,920,0,초원그린타운,39.27,202110,30,"8,150",5,1998,신촌4로 16,,-,-
충청남도 천안동남구 신방동,909,909,0,한라동백2,84.97,202110,1,"19,599",11,1998,서부대로 226-12,,-,-
충청남도 천안동남구 신방동,909,909,0,한라동백2,59.94,202110,1,"18,500",5,1998,서부대로 226-12,,-,-
충청남도 천안동남구 신방동,909,909,0,한라동백2,84.97,202110,2,"22,000",6,1998,서부대로 226-12,,-,-
충청남도 천안동남구 신방동,909,909,0,한라동백2,74.47,202110,4,"18,300",3,1998,서부대로 226-12,,-,-
충청남도 천안동남구 신방동,909,909,0,한라동백2,84.97,202110,8,"21,900",13,1998,서부대로 226-12,,-,-
충청남도 천안동남구 신방동,909,909,0,한라동백2,59.94,202110,13,"18,500",15,1998,서부대로 226-12,,-,-
충청남도 천안동남구 신방동,909,909,0,한라동백2,84.97,202110,23,"22,000",18,1998,서부대로 226-12,,-,-
충청남도 천안동남구 신방동,909,909,0,한라동백2,59.94,202110,26,"17,800",22,1998,서부대로 226-12,,-,-
충청남도 천안동남구 신방동,905,905,0,향촌현대,84.72,202110,5,"21,700",17,1997,서부대로 226-11,,-,-
충청남도 천안동남구 신방동,905,905,0,향촌현대,74.79,202110,7,"20,500",15,1997,서부대로 226-11,,-,-
충청남도 천안동남구 신방동,905,905,0,향촌현대,59.84,202110,7,"18,500",9,1997,서부대로 226-11,,-,-
충청남도 천안동남구 신방동,905,905,0,향촌현대,59.84,202110,16,"18,900",17,1997,서부대로 226-11,,-,-
충청남도 천안동남구 신방동,228-22,228,22,현대,58.92,202110,5,"10,000",6,1993,풍세로 705,,-,-
충청남도 천안동남구 신방동,228-22,228,22,현대,58.92,202110,8,"12,000",8,1993,풍세로 705,,-,-
충청남도 천안동남구 신방동,228-22,228,22,현대,58.92,202110,23,"11,900",7,1993,풍세로 705,,-,-
충청남도 천안동남구 신방동,22,22,0,현대2,84.63,202110,2,"15,900",4,1992,새말4길 12,,-,-
충청남도 천안동남구 신부동,85,85,0,경남아너스빌,84.516,202110,14,"21,000",8,2000,충절로 42,,-,-
충청남도 천안동남구 신부동,85,85,0,경남아너스빌,84.516,202110,17,"21,700",1,2000,충절로 42,,-,-
충청남도 천안동남구 신부동,544,544,0,대림한내,59.781,202110,9,"17,000",8,1995,터미널9길 31,,-,-
충청남도 천안동남구 신부동,544,544,0,대림한내,59.781,202110,12,"16,900",13,1995,터미널9길 31,,-,-
충청남도 천안동남구 신부동,544,544,0,대림한내,59.781,202110,16,"17,800",11,1995,터미널9길 31,,-,-
충청남도 천안동남구 신부동,544,544,0,대림한내,59.781,202110,16,"17,500",4,1995,터미널9길 31,,-,-
충청남도 천안동남구 신부동,544,544,0,대림한내,59.781,202110,25,"17,300",11,1995,터미널9길 31,,-,-
충청남도 천안동남구 신부동,545,545,0,대림한들,101.74,202110,5,"25,500",9,1995,터미널9길 59,,-,-
충청남도 천안동남구 신부동,545,545,0,대림한들,98.44,202110,16,"27,000",15,1995,터미널9길 59,,-,-
충청남도 천안동남구 신부동,545,545,0,대림한들,101.74,202110,25,"27,000",4,1995,터미널9길 59,,-,-
충청남도 천안동남구 신부동,672,672,0,대림한숲,70.389,202110,2,"17,700",4,1995,터미널6길 12,,-,-
충청남도 천안동남구 신부동,672,672,0,대림한숲,70.389,202110,3,"21,000",4,1995,터미널6길 12,,-,-
충청남도 천안동남구 신부동,58-24,58,24,동남로얄,58.08,202110,2,"7,800",1,1985,신원3길 33,,-,-
충청남도 천안동남구 신부동,58-24,58,24,동남로얄,58.08,202110,4,"7,500",3,1985,신원3길 33,,-,-
충청남도 천안동남구 신부동,58-24,58,24,동남로얄,58.08,202110,16,"6,500",2,1985,신원3길 33,,-,-
충청남도 천안동남구 신부동,541,541,0,동아태조,59.97,202110,1,"14,000",1,1995,터미널9길 13,,-,-
충청남도 천안동남구 신부동,541,541,0,동아태조,59.97,202110,1,"15,000",11,1995,터미널9길 13,,-,-
충청남도 천안동남구 신부동,541,541,0,동아태조,59.97,202110,6,"16,350",5,1995,터미널9길 13,,-,-
충청남도 천안동남구 신부동,541,541,0,동아태조,59.97,202110,7,"15,600",5,1995,터미널9길 13,,-,-
충청남도 천안동남구 신부동,541,541,0,동아태조,59.97,202110,8,"14,100",2,1995,터미널9길 13,,-,-
충청남도 천안동남구 신부동,541,541,0,동아태조,59.97,202110,11,"17,800",14,1995,터미널9길 13,,-,-
충청남도 천안동남구 신부동,541,541,0,동아태조,59.97,202110,11,"18,500",6,1995,터미널9길 13,,-,-
충청남도 천안동남구 신부동,541,541,0,동아태조,59.97,202110,16,"17,300",15,1995,터미널9길 13,,-,-
충청남도 천안동남구 신부동,541,541,0,동아태조,59.97,202110,20,"17,000",2,1995,터미널9길 13,,-,-
충청남도 천안동남구 신부동,541,541,0,동아태조,59.97,202110,24,"18,300",13,1995,터미널9길 13,,-,-
충청남도 천안동남구 신부동,541,541,0,동아태조,59.97,202110,29,"18,500",5,1995,터미널9길 13,,-,-
충청남도 천안동남구 신부동,541,541,0,동아태조,59.97,202110,30,"19,000",13,1995,터미널9길 13,,-,-
충청남도 천안동남구 신부동,970,970,0,방죽안휴먼시아,84.77,202110,6,"40,800",15,2009,천안천8길 45,,-,-
충청남도 천안동남구 신부동,970,970,0,방죽안휴먼시아,84.77,202110,18,"34,000",1,2009,천안천8길 45,,-,-
충청남도 천안동남구 신부동,56-20,56,20,신부동극동아파트,84.84,202110,19,"14,000",7,1990,신원3길 34,,-,-
충청남도 천안동남구 신부동,56-20,56,20,신부동극동아파트,54.39,202110,25,"5,000",2,1990,신원3길 34,,-,-
충청남도 천안동남구 신부동,988,988,0,신부동도솔노블시티동문굿모닝힐,59.93,202110,2,"31,000",22,2018,신부8길 21,,-,-
충청남도 천안동남구 신부동,988,988,0,신부동도솔노블시티동문굿모닝힐,72.7,202110,2,"39,700",8,2018,신부8길 21,,-,-
충청남도 천안동남구 신부동,988,988,0,신부동도솔노블시티동문굿모닝힐,74.88,202110,4,"40,700",14,2018,신부8길 21,,-,-
충청남도 천안동남구 신부동,988,988,0,신부동도솔노블시티동문굿모닝힐,72.7,202110,8,"38,500",14,2018,신부8길 21,,-,-
충청남도 천안동남구 신부동,988,988,0,신부동도솔노블시티동문굿모닝힐,59.97,202110,15,"34,000",9,2018,신부8길 21,,-,-
충청남도 천안동남구 신부동,988,988,0,신부동도솔노블시티동문굿모닝힐,59.93,202110,18,"34,000",21,2018,신부8길 21,,-,-
충청남도 천안동남구 신부동,988,988,0,신부동도솔노블시티동문굿모닝힐,84.97,202110,20,"45,000",3,2018,신부8길 21,,-,-
충청남도 천안동남구 신부동,859,859,0,우방,84.97,202110,2,"18,000",14,1995,중앙로 265-36,,-,-
충청남도 천안동남구 신부동,859,859,0,우방,59.83,202110,9,"15,500",17,1995,중앙로 265-36,,-,-
충청남도 천안동남구 신부동,859,859,0,우방,84.97,202110,12,"17,500",8,1995,중앙로 265-36,,-,-
충청남도 천안동남구 신부동,859,859,0,우방,84.97,202110,23,"18,000",9,1995,중앙로 265-36,,-,-
충청남도 천안동남구 신부동,910,910,0,우방유쉘(910),84.911,202110,7,"25,000",10,2007,중앙로 255-21,,-,-
충청남도 천안동남구 신부동,910,910,0,우방유쉘(910),84.911,202110,15,"25,000",10,2007,중앙로 255-21,,-,-
충청남도 천안동남구 신부동,889-1,889,1,청광플러스원,84.5821,202110,5,"24,700",10,2006,중앙로 265-31,,-,-
충청남도 천안동남구 신부동,889-1,889,1,청광플러스원,84.5821,202110,9,"26,500",13,2006,중앙로 265-31,,-,-
충청남도 천안동남구 신부동,889-1,889,1,청광플러스원,84.5821,202110,24,"22,500",6,2006,중앙로 265-31,,-,-
충청남도 천안동남구 신부동,889-1,889,1,청광플러스원,84.5821,202110,24,"25,000",12,2006,중앙로 265-31,,-,-
충청남도 천안동남구 신부동,495-8,495,8,한화,19.22,202110,1,"3,000",8,1997,신부15길 7,,-,-
충청남도 천안동남구 신부동,495-8,495,8,한화,19.22,202110,13,"2,580",8,1997,신부15길 7,,-,-
충청남도 천안동남구 신부동,495-8,495,8,한화,19.22,202110,17,"3,000",5,1997,신부15길 7,,-,-
충청남도 천안동남구 신부동,978,978,0,힐스테이트천안신부,74.9512,202110,4,"43,200",13,2017,북일로 70,,-,-
충청남도 천안동남구 신부동,978,978,0,힐스테이트천안신부,59.3721,202110,5,"33,000",2,2017,북일로 70,,-,-
충청남도 천안동남구 신부동,978,978,0,힐스테이트천안신부,74.9512,202110,12,"43,000",4,2017,북일로 70,,-,-
충청남도 천안동남구 신부동,978,978,0,힐스테이트천안신부,74.9512,202110,19,"42,000",4,2017,북일로 70,,-,-
충청남도 천안동남구 신부동,978,978,0,힐스테이트천안신부,59.3721,202110,19,"37,900",14,2017,북일로 70,,-,-
충청남도 천안동남구 신부동,978,978,0,힐스테이트천안신부,59.3721,202110,20,"37,500",12,2017,북일로 70,,-,-
충청남도 천안동남구 신부동,978,978,0,힐스테이트천안신부,84.9845,202110,28,"56,000",11,2017,북일로 70,,-,-
충청남도 천안동남구 쌍용동,555-2,555,2,쌍용신성,59.91,202110,2,"15,500",9,1995,순천향1길 16,,-,-
충청남도 천안동남구 쌍용동,553-1,553,1,임광,59.76,202110,8,"15,700",12,1996,순천향1길 25,,-,-
충청남도 천안동남구 안서동,223-3,223,3,고운여의주,84.96,202110,18,"17,500",2,2004,안서1길 5-16,,-,-
충청남도 천안동남구 안서동,181,181,0,대림1차이편한세상,120.722,202110,4,"31,900",11,2005,성불사길 41,,-,-
충청남도 천안동남구 안서동,181,181,0,대림1차이편한세상,120.722,202110,8,"23,700",3,2005,성불사길 41,,-,-
충청남도 천안동남구 안서동,181,181,0,대림1차이편한세상,120.722,202110,12,"34,700",14,2005,성불사길 41,,-,-
충청남도 천안동남구 안서동,304-1,304,1,동보스타빌,24.18,202110,2,"4,900",6,1996,각원사길 59-5,,-,-
충청남도 천안동남구 안서동,304-1,304,1,동보스타빌,24.18,202110,23,"4,900",5,1996,각원사길 59-5,,-,-
충청남도 천안동남구 안서동,365-3,365,3,안서금호어울림,84.969,202110,6,"23,000",9,2009,문암1길 68,,-,-
충청남도 천안동남구 안서동,365-3,365,3,안서금호어울림,84.969,202110,7,"24,000",8,2009,문암1길 68,,-,-
충청남도 천안동남구 안서동,365-3,365,3,안서금호어울림,99.803,202110,7,"26,500",16,2009,문암1길 68,,-,-
충청남도 천안동남구 안서동,365-3,365,3,안서금호어울림,84.969,202110,15,"22,000",3,2009,문암1길 68,,-,-
충청남도 천안동남구 안서동,365-3,365,3,안서금호어울림,84.969,202110,15,"22,000",6,2009,문암1길 68,,-,-
충청남도 천안동남구 안서동,546,546,0,안서코아루,58.084,202110,2,"21,500",6,2018,각원사길 114-7,,-,-
충청남도 천안동남구 안서동,546,546,0,안서코아루,58.084,202110,3,"21,500",12,2018,각원사길 114-7,,-,-
충청남도 천안동남구 안서동,546,546,0,안서코아루,52.603,202110,9,"20,300",12,2018,각원사길 114-7,,-,-
충청남도 천안동남구 안서동,546,546,0,안서코아루,54.439,202110,11,"19,500",3,2018,각원사길 114-7,,-,-
충청남도 천안동남구 안서동,546,546,0,안서코아루,59.919,202110,28,"20,000",4,2018,각원사길 114-7,,-,-
충청남도 천안동남구 영성동,155-3,155,3,금성1,83.46,202110,6,"12,000",5,1991,천안천공원5길 14,,-,-
충청남도 천안동남구 영성동,154-12,154,12,금성2,68.4,202110,13,"9,700",1,1991,천안천공원5길 24,,-,-
충청남도 천안동남구 오룡동,112-1,112,1,정남캐슬,59.81,202110,26,"14,700",6,2015,동리길 7,,-,-
충청남도 천안동남구 용곡동,571,571,0,용곡1차세광엔리치타워,103.0976,202110,19,"29,900",8,2005,풍세로 801-23,,-,-
충청남도 천안동남구 용곡동,595,595,0,용곡동우림필유,84.968,202110,5,"30,000",5,2009,용곡5길 37-6,,-,-
충청남도 천안동남구 용곡동,595,595,0,용곡동우림필유,120.197,202110,17,"35,000",5,2009,용곡5길 37-6,,-,-
충청남도 천안동남구 용곡동,609,609,0,용곡동일하이빌하이씨티4단지,103.5724,202110,1,"44,500",20,2015,용곡5길 34,,-,-
충청남도 천안동남구 용곡동,609,609,0,용곡동일하이빌하이씨티4단지,103.5724,202110,16,"40,000",11,2015,용곡5길 34,,-,-
충청남도 천안동남구 용곡동,609,609,0,용곡동일하이빌하이씨티4단지,103.5724,202110,28,"44,500",11,2015,용곡5길 34,,-,-
충청남도 천안동남구 용곡동,575,575,0,용곡마을동일하이빌(1단지),84.9752,202110,1,"26,200",8,2005,일봉로 71,,-,-
충청남도 천안동남구 용곡동,575,575,0,용곡마을동일하이빌(1단지),153.8086,202110,7,"46,000",14,2005,일봉로 71,,-,-
충청남도 천안동남구 용곡동,575,575,0,용곡마을동일하이빌(1단지),84.9752,202110,9,"26,300",10,2005,일봉로 71,,-,-
충청남도 천안동남구 용곡동,575,575,0,용곡마을동일하이빌(1단지),84.9752,202110,11,"25,600",8,2005,일봉로 71,,-,-
충청남도 천안동남구 용곡동,575,575,0,용곡마을동일하이빌(1단지),84.9752,202110,16,"23,900",2,2005,일봉로 71,,-,-
충청남도 천안동남구 용곡동,583,583,0,용곡마을세광2차엔리치타워,101.52,202110,14,"30,000",9,2007,풍세로 769-28,,-,-
충청남도 천안동남구 용곡동,583,583,0,용곡마을세광2차엔리치타워,139.609,202110,28,"38,000",4,2007,풍세로 769-28,,-,-
충청남도 천안동남구 용곡동,600,600,0,용곡삼성쉐르빌,125.328,202110,11,"47,000",7,2010,일봉로 110,,-,-
충청남도 천안동남구 용곡동,596,596,0,용곡한라비발디,84.9434,202110,9,"38,500",6,2010,용곡2길 43-11,,-,-
충청남도 천안동남구 용곡동,596,596,0,용곡한라비발디,84.9717,202110,11,"35,500",21,2010,용곡2길 43-11,,-,-
충청남도 천안동남구 용곡동,596,596,0,용곡한라비발디,116.5367,202110,12,"45,000",6,2010,용곡2길 43-11,,-,-
충청남도 천안동남구 원성동,626-1,626,1,비둘기(AB),100.488,202110,8,"9,700",4,1986,원거리7길 30,,-,-
충청남도 천안동남구 원성동,626-1,626,1,비둘기(AB),102.9,202110,14,"11,000",1,1986,원거리7길 30,,-,-
충청남도 천안동남구 원성동,595-1,595,1,평화,96.12,202110,6,"9,500",5,1989,원거리7길 14,,-,-
충청남도 천안동남구 청당동,609,609,0,산운마을부영사랑으로,84.9877,202110,2,"25,750",6,2011,청수8로 72,,-,-
충청남도 천안동남구 청당동,609,609,0,산운마을부영사랑으로,84.9877,202110,2,"25,500",7,2011,청수8로 72,,-,-
충청남도 천안동남구 청당동,609,609,0,산운마을부영사랑으로,84.9877,202110,4,"26,100",12,2011,청수8로 72,,-,-
충청남도 천안동남구 청당동,609,609,0,산운마을부영사랑으로,84.9877,202110,6,"29,000",13,2011,청수8로 72,,-,-
충청남도 천안동남구 청당동,609,609,0,산운마을부영사랑으로,84.9877,202110,6,"24,100",10,2011,청수8로 72,,-,-
충청남도 천안동남구 청당동,609,609,0,산운마을부영사랑으로,84.9877,202110,14,"24,000",15,2011,청수8로 72,,-,-
충청남도 천안동남구 청당동,609,609,0,산운마을부영사랑으로,84.9877,202110,20,"25,500",5,2011,청수8로 72,,-,-
충청남도 천안동남구 청당동,456,456,0,우미린,151.4864,202110,15,"68,500",16,2010,청수14로 16,,-,-
충청남도 천안동남구 청당동,456,456,0,우미린,121.6626,202110,25,"45,000",4,2010,청수14로 16,,-,-
충청남도 천안동남구 청당동,606,606,0,중흥S클래스산운마을,84.825,202110,1,"29,800",9,2009,청수14로 117,,-,-
충청남도 천안동남구 청당동,606,606,0,중흥S클래스산운마을,84.994,202110,7,"30,500",5,2009,청수14로 117,,-,-
충청남도 천안동남구 청당동,606,606,0,중흥S클래스산운마을,84.994,202110,10,"27,500",3,2009,청수14로 117,,-,-
충청남도 천안동남구 청당동,978,978,0,청당동한양수자인블루시티,84.7795,202110,1,"48,000",6,2018,청당4로 60,,-,-
충청남도 천안동남구 청당동,978,978,0,청당동한양수자인블루시티,84.9432,202110,30,"44,500",18,2018,청당4로 60,,-,-
충청남도 천안동남구 청당동,978,978,0,청당동한양수자인블루시티,84.7795,202110,30,"47,000",21,2018,청당4로 60,,-,-
충청남도 천안동남구 청당동,440,440,0,청당마을벽산블루밍,72.721,202110,10,"25,900",5,2007,청당2길 118,,-,-
충청남도 천안동남구 청당동,440,440,0,청당마을벽산블루밍,84.967,202110,20,"30,500",10,2007,청당2길 118,,-,-
충청남도 천안동남구 청당동,436,436,0,청당마을신도브래뉴,84.773,202110,7,"23,700",10,2006,풍세로 770,,-,-
충청남도 천안동남구 청당동,436,436,0,청당마을신도브래뉴,84.773,202110,11,"22,800",4,2006,풍세로 770,,-,-
충청남도 천안동남구 청당동,436,436,0,청당마을신도브래뉴,84.57,202110,26,"23,000",10,2006,풍세로 770,,-,-
충청남도 천안동남구 청당동,992,992,0,청당코오롱하늘채,59.9189,202110,6,"31,600",6,2019,광풍로 1800,,-,-
충청남도 천안동남구 청당동,992,992,0,청당코오롱하늘채,84.9958,202110,7,"48,000",16,2019,광풍로 1800,,-,-
충청남도 천안동남구 청당동,992,992,0,청당코오롱하늘채,59.9189,202110,8,"31,700",16,2019,광풍로 1800,,-,-
충청남도 천안동남구 청당동,992,992,0,청당코오롱하늘채,59.9189,202110,9,"31,800",8,2019,광풍로 1800,,-,-
충청남도 천안동남구 청당동,992,992,0,청당코오롱하늘채,71.3335,202110,11,"38,000",11,2019,광풍로 1800,,-,-
충청남도 천안동남구 청당동,992,992,0,청당코오롱하늘채,71.3335,202110,13,"37,200",4,2019,광풍로 1800,,-,-
충청남도 천안동남구 청당동,992,992,0,청당코오롱하늘채,59.9968,202110,21,"33,000",7,2019,광풍로 1800,,-,-
충청남도 천안동남구 청당동,992,992,0,청당코오롱하늘채,59.9189,202110,21,"33,000",7,2019,광풍로 1800,,-,-
충청남도 천안동남구 청당동,992,992,0,청당코오롱하늘채,59.9189,202110,21,"33,000",10,2019,광풍로 1800,,-,-
충청남도 천안동남구 청당동,992,992,0,청당코오롱하늘채,59.4428,202110,21,"31,500",2,2019,광풍로 1800,,-,-
충청남도 천안동남구 청당동,992,992,0,청당코오롱하늘채,59.9968,202110,21,"32,000",8,2019,광풍로 1800,,-,-
충청남도 천안동남구 청당동,992,992,0,청당코오롱하늘채,71.3335,202110,24,"38,300",2,2019,광풍로 1800,,-,-
충청남도 천안동남구 청당동,992,992,0,청당코오롱하늘채,59.9968,202110,25,"33,000",12,2019,광풍로 1800,,-,-
충청남도 천안동남구 청당동,466,466,0,청수 포레나(FORENA),86.6864,202110,16,"49,300",9,2015,청수14로 13,,-,-
충청남도 천안동남구 청당동,458,458,0,한양수자인,84.9458,202110,2,"40,000",6,2011,청수4로 11,,-,-
충청남도 천안동남구 청당동,458,458,0,한양수자인,84.9458,202110,4,"40,900",6,2011,청수4로 11,,-,-
충청남도 천안동남구 청당동,458,458,0,한양수자인,84.9344,202110,9,"40,000",19,2011,청수4로 11,,-,-
충청남도 천안동남구 청당동,458,458,0,한양수자인,84.9458,202110,14,"41,500",12,2011,청수4로 11,,-,-
충청남도 천안동남구 청당동,458,458,0,한양수자인,84.9344,202110,17,"41,500",19,2011,청수4로 11,,-,-
충청남도 천안동남구 청당동,458,458,0,한양수자인,84.9468,202110,30,"37,000",2,2011,청수4로 11,,-,-
충청남도 천안동남구 청수동,267,267,0,경남아너스빌,120.424,202110,18,"31,700",2,2008,청수로 15,,-,-
충청남도 천안동남구 청수동,183,183,0,극동2차,72.88,202110,13,"14,800",9,1992,청수로 71-7,,-,-
충청남도 천안동남구 청수동,183,183,0,극동2차,84.81,202110,19,"17,800",3,1992,청수로 71-7,,-,-
충청남도 천안동남구 청수동,261,261,0,청솔엘지에스케이,107.91,202110,1,"25,500",1,1999,청수로 98,,-,-
충청남도 천안동남구 청수동,261,261,0,청솔엘지에스케이,59.83,202110,5,"14,000",1,1999,청수로 98,,-,-
충청남도 천안동남구 청수동,261,261,0,청솔엘지에스케이,59.83,202110,9,"16,500",14,1999,청수로 98,,-,-
충청남도 천안동남구 청수동,261,261,0,청솔엘지에스케이,107.91,202110,11,"27,000",3,1999,청수로 98,,-,-
충청남도 천안동남구 청수동,219-4,219,4,현대,59.97,202110,7,"16,000",7,1996,풍세로 1010-31,,-,-
충청남도 천안동남구 청수동,219-4,219,4,현대,84.978,202110,30,"19,800",6,1996,풍세로 1010-31,,-,-
충청남도 천안서북구 두정동,2063,2063,0,e편한세상두정3차,75.7971,202110,2,"44,700",18,2017,북일로 21,,-,-
충청남도 천안서북구 두정동,2063,2063,0,e편한세상두정3차,75.7971,202110,4,"42,000",13,2017,북일로 21,,-,-
충청남도 천안서북구 두정동,2063,2063,0,e편한세상두정3차,84.9888,202110,8,"43,500",3,2017,북일로 21,,-,-
충청남도 천안서북구 두정동,2063,2063,0,e편한세상두정3차,59.9941,202110,9,"37,800",17,2017,북일로 21,,-,-
충청남도 천안서북구 두정동,2063,2063,0,e편한세상두정3차,84.9959,202110,9,"48,700",23,2017,북일로 21,,-,-
충청남도 천안서북구 두정동,2063,2063,0,e편한세상두정3차,59.9941,202110,17,"35,700",3,2017,북일로 21,,-,-
충청남도 천안서북구 두정동,2063,2063,0,e편한세상두정3차,75.0475,202110,27,"48,500",12,2017,북일로 21,,-,-
충청남도 천안서북구 두정동,1080,1080,0,경남아너스빌(대아아이투빌-1),84.7733,202110,3,"23,000",8,2004,두정중11길 17,,-,-
충청남도 천안서북구 두정동,1080,1080,0,경남아너스빌(대아아이투빌-1),84.7733,202110,4,"22,850",7,2004,두정중11길 17,,-,-
충청남도 천안서북구 두정동,1080,1080,0,경남아너스빌(대아아이투빌-1),59.5862,202110,7,"20,900",12,2004,두정중11길 17,,-,-
충청남도 천안서북구 두정동,1080,1080,0,경남아너스빌(대아아이투빌-1),59.5862,202110,8,"20,000",5,2004,두정중11길 17,,-,-
충청남도 천안서북구 두정동,1080,1080,0,경남아너스빌(대아아이투빌-1),59.5862,202110,17,"19,800",4,2004,두정중11길 17,,-,-
충청남도 천안서북구 두정동,1078,1078,0,계룡리슈빌,84.8985,202110,2,"25,000",14,2004,부성8길 29,,-,-
충청남도 천안서북구 두정동,1078,1078,0,계룡리슈빌,84.8985,202110,5,"25,000",8,2004,부성8길 29,,-,-
충청남도 천안서북구 두정동,1078,1078,0,계룡리슈빌,84.8985,202110,7,"26,800",11,2004,부성8길 29,,-,-
충청남도 천안서북구 두정동,1078,1078,0,계룡리슈빌,84.8985,202110,16,"26,900",13,2004,부성8길 29,,-,-
충청남도 천안서북구 두정동,1078,1078,0,계룡리슈빌,84.8985,202110,16,"25,800",5,2004,부성8길 29,,-,-
충청남도 천안서북구 두정동,1078,1078,0,계룡리슈빌,84.8985,202110,27,"26,500",11,2004,부성8길 29,,-,-
충청남도 천안서북구 두정동,526-1,526,1,극동늘푸른,59.91,202110,1,"18,400",5,1996,늘푸른6길 41,,-,-
충청남도 천안서북구 두정동,526-1,526,1,극동늘푸른,59.91,202110,2,"17,200",22,1996,늘푸른6길 41,,-,-
충청남도 천안서북구 두정동,526-1,526,1,극동늘푸른,84.9,202110,5,"22,300",15,1996,늘푸른6길 41,,-,-
충청남도 천안서북구 두정동,526-1,526,1,극동늘푸른,84.9,202110,7,"23,500",16,1996,늘푸른6길 41,,-,-
충청남도 천안서북구 두정동,526-1,526,1,극동늘푸른,59.91,202110,16,"17,000",11,1996,늘푸른6길 41,,-,-
충청남도 천안서북구 두정동,526-1,526,1,극동늘푸른,59.91,202110,20,"18,500",8,1996,늘푸른6길 41,,-,-
충청남도 천안서북구 두정동,526-1,526,1,극동늘푸른,59.91,202110,23,"17,400",13,1996,늘푸른6길 41,,-,-
충청남도 천안서북구 두정동,526-1,526,1,극동늘푸른,84.9,202110,26,"25,000",9,1996,늘푸른6길 41,,-,-
충청남도 천안서북구 두정동,526-1,526,1,극동늘푸른,59.91,202110,28,"17,950",2,1996,늘푸른6길 41,,-,-
충청남도 천안서북구 두정동,526-1,526,1,극동늘푸른,59.91,202110,28,"16,900",22,1996,늘푸른6길 41,,-,-
충청남도 천안서북구 두정동,530,530,0,대우2차,84.48,202110,9,"23,000",15,1998,두정중5길 15,,-,-
충청남도 천안서북구 두정동,525-1,525,1,대우그린,59.946,202110,7,"19,000",7,1996,봉정로 365,,-,-
충청남도 천안서북구 두정동,525-1,525,1,대우그린,84.95,202110,9,"23,400",13,1996,봉정로 365,,-,-
충청남도 천안서북구 두정동,525-1,525,1,대우그린,84.95,202110,11,"23,500",7,1996,봉정로 365,,-,-
충청남도 천안서북구 두정동,525-1,525,1,대우그린,59.946,202110,11,"17,700",25,1996,봉정로 365,,-,-
충청남도 천안서북구 두정동,525-1,525,1,대우그린,59.946,202110,11,"18,900",13,1996,봉정로 365,,-,-
충청남도 천안서북구 두정동,525-1,525,1,대우그린,69.966,202110,15,"19,900",6,1996,봉정로 365,,-,-
충청남도 천안서북구 두정동,525-1,525,1,대우그린,33.6,202110,16,"12,000",24,1996,봉정로 365,,-,-
충청남도 천안서북구 두정동,525-1,525,1,대우그린,59.946,202110,23,"18,800",4,1996,봉정로 365,,-,-
충청남도 천안서북구 두정동,525-1,525,1,대우그린,84.95,202110,26,"23,400",14,1996,봉정로 365,,-,-
충청남도 천안서북구 두정동,525-1,525,1,대우그린,59.946,202110,27,"19,000",14,1996,봉정로 365,,-,-
충청남도 천안서북구 두정동,525-1,525,1,대우그린,69.966,202110,31,"17,900",2,1996,봉정로 365,,-,-
충청남도 천안서북구 두정동,1896,1896,0,대주파크빌(101동),84.5821,202110,14,"21,200",9,2005,두정고7길 9,,-,-
충청남도 천안서북구 두정동,1593,1593,0,두정3푸르지오,84.9,202110,9,"25,600",13,2003,성정두정로 142,,-,-
충청남도 천안서북구 두정동,666,666,0,두정4차푸르지오,75.19,202110,6,"21,300",1,2003,늘푸른1길 50,,-,-
충청남도 천안서북구 두정동,666,666,0,두정4차푸르지오,75.19,202110,18,"22,900",15,2003,늘푸른1길 50,,-,-
충청남도 천안서북구 두정동,666,666,0,두정4차푸르지오,101.83,202110,20,"33,400",15,2003,늘푸른1길 50,,-,-
충청남도 천안서북구 두정동,2045,2045,0,두정역이안더센트럴,84.975,202110,1,"33,200",1,2011,천안대로 999-7,,-,-
충청남도 천안서북구 두정동,2045,2045,0,두정역이안더센트럴,114.946,202110,1,"45,000",12,2011,천안대로 999-7,,-,-
충청남도 천안서북구 두정동,2045,2045,0,두정역이안더센트럴,102.503,202110,2,"37,700",8,2011,천안대로 999-7,,-,-
충청남도 천안서북구 두정동,2045,2045,0,두정역이안더센트럴,102.503,202110,11,"38,500",18,2011,천안대로 999-7,,-,-
충청남도 천안서북구 두정동,2045,2045,0,두정역이안더센트럴,102.503,202110,14,"40,500",19,2011,천안대로 999-7,,-,-
충청남도 천안서북구 두정동,2045,2045,0,두정역이안더센트럴,84.975,202110,14,"40,000",23,2011,천안대로 999-7,,-,-
충청남도 천안서북구 두정동,2045,2045,0,두정역이안더센트럴,102.503,202110,15,"38,000",18,2011,천안대로 999-7,,-,-
충청남도 천안서북구 두정동,2045,2045,0,두정역이안더센트럴,102.503,202110,15,"40,000",13,2011,천안대로 999-7,,-,-
충청남도 천안서북구 두정동,2045,2045,0,두정역이안더센트럴,102.503,202110,30,"38,000",12,2011,천안대로 999-7,,-,-
충청남도 천안서북구 두정동,2056,2056,0,두정역코아루스위트,84.9523,202110,9,"38,000",21,2014,천안대로 969,,-,-
충청남도 천안서북구 두정동,2056,2056,0,두정역코아루스위트,127.1148,202110,31,"47,000",6,2014,천안대로 969,,-,-
충청남도 천안서북구 두정동,1466,1466,0,두정역펜타폴리스,19.435,202110,19,"6,000",8,2013,성정두정로 82,,-,-
충청남도 천안서북구 두정동,2037,2037,0,두정역푸르지오,75.516,202110,3,"34,300",16,2009,두정역길 48,,-,-
충청남도 천안서북구 두정동,2037,2037,0,두정역푸르지오,101.9071,202110,3,"43,300",8,2009,두정역길 48,,-,-
충청남도 천안서북구 두정동,2037,2037,0,두정역푸르지오,75.516,202110,16,"35,500",10,2009,두정역길 48,,-,-
충청남도 천안서북구 두정동,2037,2037,0,두정역푸르지오,84.9872,202110,16,"36,500",7,2009,두정역길 48,,-,-
충청남도 천안서북구 두정동,2037,2037,0,두정역푸르지오,75.516,202110,16,"35,500",10,2009,두정역길 48,20211021,-,-
충청남도 천안서북구 두정동,2037,2037,0,두정역푸르지오,75.516,202110,18,"35,000",17,2009,두정역길 48,,-,-
충청남도 천안서북구 두정동,2037,2037,0,두정역푸르지오,75.516,202110,23,"35,000",22,2009,두정역길 48,,-,-
충청남도 천안서북구 두정동,Jun-63,63,6,두정역효성해링턴플레이스,59.92,202110,4,"40,000",26,2020,봉정로 324,,-,-
충청남도 천안서북구 두정동,Jun-63,63,6,두정역효성해링턴플레이스,84.82,202110,8,"59,800",14,2020,봉정로 324,,-,-
충청남도 천안서북구 두정동,Jun-63,63,6,두정역효성해링턴플레이스,71.4,202110,11,"50,000",11,2020,봉정로 324,,-,-
충청남도 천안서북구 두정동,Jun-63,63,6,두정역효성해링턴플레이스,59.92,202110,17,"41,000",14,2020,봉정로 324,,-,-
충청남도 천안서북구 두정동,Jun-63,63,6,두정역효성해링턴플레이스,59.92,202110,27,"33,000",3,2020,봉정로 324,,-,-
충청남도 천안서북구 두정동,1359,1359,0,벨라지오,21.86,202110,12,"4,800",4,2014,두정상가1길 3,,-,-
충청남도 천안서북구 두정동,1359,1359,0,벨라지오,21.86,202110,22,"4,000",7,2014,두정상가1길 3,,-,-
충청남도 천안서북구 두정동,606,606,0,부경파크빌,84.9605,202110,2,"21,000",3,2003,늘푸른1길 19,,-,-
충청남도 천안서북구 두정동,606,606,0,부경파크빌,84.9605,202110,2,"21,000",3,2003,늘푸른1길 19,20211014,-,-
충청남도 천안서북구 두정동,606,606,0,부경파크빌,83.9919,202110,4,"22,700",3,2003,늘푸른1길 19,,-,-
충청남도 천안서북구 두정동,606,606,0,부경파크빌,84.7373,202110,9,"24,500",7,2003,늘푸른1길 19,,-,-
충청남도 천안서북구 두정동,606,606,0,부경파크빌,84.9605,202110,14,"22,900",12,2003,늘푸른1길 19,,-,-
충청남도 천안서북구 두정동,606,606,0,부경파크빌,84.96055,202110,16,"24,900",10,2003,늘푸른1길 19,,-,-
충청남도 천안서북구 두정동,606,606,0,부경파크빌,84.9605,202110,23,"22,000",12,2003,늘푸른1길 19,,-,-
충청남도 천안서북구 두정동,606,606,0,부경파크빌,84.9605,202110,31,"22,800",11,2003,늘푸른1길 19,,-,-
충청남도 천안서북구 두정동,665,665,0,서해그랑블,84.9333,202110,20,"27,500",12,2004,늘푸른1길 32,,-,-
충청남도 천안서북구 두정동,603,603,0,세광엔리치빌2,84.9932,202110,4,"24,000",11,2003,늘푸른1길 45,,-,-
충청남도 천안서북구 두정동,603,603,0,세광엔리치빌2,84.9932,202110,14,"26,500",10,2003,늘푸른1길 45,,-,-
충청남도 천안서북구 두정동,605,605,0,세광엔리치빌3,84.9932,202110,9,"25,000",2,2003,늘푸른1길 29,,-,-
충청남도 천안서북구 두정동,605,605,0,세광엔리치빌3,84.9932,202110,13,"26,000",6,2003,늘푸른1길 29,,-,-
충청남도 천안서북구 두정동,605,605,0,세광엔리치빌3,84.9932,202110,14,"26,000",6,2003,늘푸른1길 29,,-,-
충청남도 천안서북구 두정동,605,605,0,세광엔리치빌3,84.9932,202110,15,"27,000",11,2003,늘푸른1길 29,,-,-
충청남도 천안서북구 두정동,1596,1596,0,우남1차,84.9154,202110,1,"23,500",12,2003,두정역서5길 11,,-,-
충청남도 천안서북구 두정동,1596,1596,0,우남1차,84.9154,202110,2,"23,500",9,2003,두정역서5길 11,,-,-
충청남도 천안서북구 두정동,1596,1596,0,우남1차,84.9154,202110,16,"21,300",3,2003,두정역서5길 11,,-,-
충청남도 천안서북구 두정동,1596,1596,0,우남1차,84.9154,202110,22,"24,000",13,2003,두정역서5길 11,,-,-
충청남도 천안서북구 두정동,1607,1607,0,우남2차,84.9154,202110,1,"23,000",12,2003,두정역서1길 22,,-,-
충청남도 천안서북구 두정동,1607,1607,0,우남2차,84.9154,202110,1,"23,000",12,2003,두정역서1길 22,20211022,-,-
충청남도 천안서북구 두정동,1607,1607,0,우남2차,84.9154,202110,20,"25,500",9,2003,두정역서1길 22,,-,-
충청남도 천안서북구 두정동,1864,1864,0,우성,59.695,202110,4,"17,800",2,1996,두정고7길 35,,-,-
충청남도 천안서북구 두정동,1864,1864,0,우성,59.695,202110,5,"18,000",5,1996,두정고7길 35,,-,-
충청남도 천안서북구 두정동,1864,1864,0,우성,59.695,202110,5,"19,500",9,1996,두정고7길 35,,-,-
충청남도 천안서북구 두정동,1864,1864,0,우성,59.695,202110,9,"19,200",6,1996,두정고7길 35,,-,-
충청남도 천안서북구 두정동,1864,1864,0,우성,59.695,202110,12,"20,000",10,1996,두정고7길 36,,-,-
충청남도 천안서북구 두정동,1864,1864,0,우성,84.855,202110,19,"20,000",9,1996,두정고7길 36,,-,-
충청남도 천안서북구 두정동,1864,1864,0,우성,59.695,202110,26,"17,400",9,1996,두정고7길 35,,-,-
충청남도 천안서북구 두정동,2055,2055,0,이편한세상-천안두정2차,84.8801,202110,6,"37,200",9,2013,노태산로 145,,-,-
충청남도 천안서북구 두정동,2055,2055,0,이편한세상-천안두정2차,84.6564,202110,9,"41,000",20,2013,노태산로 145,,-,-
충청남도 천안서북구 두정동,2055,2055,0,이편한세상-천안두정2차,84.6564,202110,14,"41,000",17,2013,노태산로 145,,-,-
충청남도 천안서북구 두정동,2055,2055,0,이편한세상-천안두정2차,84.8801,202110,15,"36,500",3,2013,노태산로 145,,-,-
충청남도 천안서북구 두정동,2055,2055,0,이편한세상-천안두정2차,84.8801,202110,15,"41,000",18,2013,노태산로 145,,-,-
충청남도 천안서북구 두정동,2055,2055,0,이편한세상-천안두정2차,84.8801,202110,16,"41,000",23,2013,노태산로 145,,-,-
충청남도 천안서북구 두정동,2055,2055,0,이편한세상-천안두정2차,84.8801,202110,19,"41,000",7,2013,노태산로 145,,-,-
충청남도 천안서북구 두정동,2055,2055,0,이편한세상-천안두정2차,72.6915,202110,22,"36,900",4,2013,노태산로 145,,-,-
충청남도 천안서북구 두정동,2055,2055,0,이편한세상-천안두정2차,84.8801,202110,24,"41,800",14,2013,노태산로 145,,-,-
충청남도 천안서북구 두정동,527,527,0,주공그린(8단지),59.97,202110,1,"19,700",6,1996,봉정로 381,,-,-
충청남도 천안서북구 두정동,527,527,0,주공그린(8단지),59.97,202110,2,"19,000",16,1996,두정중5길 33,,-,-
충청남도 천안서북구 두정동,527,527,0,주공그린(8단지),59.97,202110,12,"20,300",15,1996,봉정로 381,,-,-
충청남도 천안서북구 두정동,527,527,0,주공그린(8단지),59.97,202110,14,"18,300",14,1996,봉정로 381,,-,-
충청남도 천안서북구 두정동,527,527,0,주공그린(8단지),59.97,202110,16,"17,800",13,1996,두정중5길 33,,-,-
충청남도 천안서북구 두정동,527,527,0,주공그린(8단지),59.97,202110,18,"19,500",17,1996,봉정로 381,,-,-
충청남도 천안서북구 두정동,527,527,0,주공그린(8단지),59.97,202110,21,"17,000",1,1996,봉정로 381,,-,-
충청남도 천안서북구 두정동,527,527,0,주공그린(8단지),59.97,202110,22,"18,700",17,1996,봉정로 381,,-,-
충청남도 천안서북구 두정동,527,527,0,주공그린(8단지),59.97,202110,23,"19,500",13,1996,봉정로 381,,-,-
충청남도 천안서북구 두정동,1283,1283,0,프라지움,24.87,202110,11,"4,200",5,2013,두정상가1길 27,,-,-
충청남도 천안서북구 두정동,1283,1283,0,프라지움,20.541,202110,17,"4,100",4,2013,두정상가1길 27,,-,-
충청남도 천안서북구 두정동,1283,1283,0,프라지움,24.87,202110,21,"5,200",10,2013,두정상가1길 27,,-,-
충청남도 천안서북구 두정동,1320,1320,0,프라지움2,23.8645,202110,15,"4,600",4,2013,두정로 216,,-,-
충청남도 천안서북구 두정동,1377,1377,0,프라지움9차,45.8103,202110,9,"9,850",6,2017,오성로 115,,-,-
충청남도 천안서북구 두정동,1377,1377,0,프라지움9차,49.9631,202110,11,"12,500",9,2017,오성로 115,,-,-
충청남도 천안서북구 두정동,1000,1000,0,한성스위트빌,84.892,202110,2,"22,800",5,2002,부성6길 11,,-,-
충청남도 천안서북구 두정동,1000,1000,0,한성스위트빌,84.892,202110,5,"20,500",2,2002,부성6길 11,,-,-
충청남도 천안서북구 두정동,1000,1000,0,한성스위트빌,84.892,202110,5,"20,700",2,2002,부성6길 11,20211013,-,-
충청남도 천안서북구 두정동,1000,1000,0,한성스위트빌,84.892,202110,7,"20,700",2,2002,부성6길 11,,-,-
충청남도 천안서북구 두정동,1000,1000,0,한성스위트빌,84.892,202110,9,"23,500",13,2002,부성6길 11,,-,-
충청남도 천안서북구 두정동,1000,1000,0,한성스위트빌,84.892,202110,12,"23,000",11,2002,부성6길 11,,-,-
충청남도 천안서북구 두정동,1000,1000,0,한성스위트빌,71.0431,202110,12,"18,600",9,2002,부성6길 11,,-,-
충청남도 천안서북구 두정동,1886,1886,0,한성필하우스-1,38.6856,202110,6,"9,500",4,2004,두정고8길 24,20211020,-,-
충청남도 천안서북구 두정동,2035,2035,0,한성필하우스3차,59.9045,202110,4,"24,000",10,2004,봉정로 366,,-,-
충청남도 천안서북구 두정동,2035,2035,0,한성필하우스3차,84.9165,202110,8,"33,100",15,2004,봉정로 366,,-,-
충청남도 천안서북구 두정동,2035,2035,0,한성필하우스3차,59.9045,202110,17,"25,000",10,2004,봉정로 366,,-,-
충청남도 천안서북구 두정동,2035,2035,0,한성필하우스3차,84.9165,202110,18,"27,900",10,2004,봉정로 366,,-,-
충청남도 천안서북구 두정동,2035,2035,0,한성필하우스3차,59.9045,202110,25,"23,500",6,2004,봉정로 366,,-,-
충청남도 천안서북구 두정동,2035,2035,0,한성필하우스3차,59.9045,202110,28,"23,000",12,2004,봉정로 366,,-,-
충청남도 천안서북구 백석동,915,915,0,그린빌1차,84.99,202110,16,"28,800",10,2002,백석3로 69,,-,-
충청남도 천안서북구 백석동,915,915,0,그린빌1차,84.99,202110,19,"27,430",5,2002,백석3로 69,,-,-
충청남도 천안서북구 백석동,890,890,0,그린빌2,84.65,202110,2,"30,200",9,2004,백석3로 91,,-,-
충청남도 천안서북구 백석동,890,890,0,그린빌2,84.65,202110,9,"32,000",11,2004,백석3로 91,,-,-
충청남도 천안서북구 백석동,890,890,0,그린빌2,74.37,202110,30,"28,800",12,2004,백석3로 91,,-,-
충청남도 천안서북구 백석동,1178,1178,0,백석2차아이파크,84.9868,202110,2,"50,950",7,2014,한들3로 35-23,,-,-
충청남도 천안서북구 백석동,1178,1178,0,백석2차아이파크,84.9868,202110,9,"53,500",10,2014,한들3로 35-23,,-,-
충청남도 천안서북구 백석동,1178,1178,0,백석2차아이파크,122.666,202110,21,"84,000",16,2014,한들3로 35-23,,-,-
충청남도 천안서북구 백석동,1178,1178,0,백석2차아이파크,84.9868,202110,22,"48,300",2,2014,한들3로 35-23,,-,-
충청남도 천안서북구 백석동,1178,1178,0,백석2차아이파크,84.9868,202110,22,"51,800",13,2014,한들3로 35-23,,-,-
충청남도 천안서북구 백석동,1178,1178,0,백석2차아이파크,106.721,202110,26,"70,000",14,2014,한들3로 35-23,,-,-
충청남도 천안서북구 백석동,1178,1178,0,백석2차아이파크,84.9868,202110,28,"52,700",14,2014,한들3로 35-23,,-,-
충청남도 천안서북구 백석동,1007,1007,0,백석리슈빌,103.5696,202110,16,"44,700",18,2010,한들3로 107,,-,-
충청남도 천안서북구 백석동,941,941,0,백석마을아이파크,84.984,202110,2,"41,000",23,2009,한들3로 100,,-,-
충청남도 천안서북구 백석동,941,941,0,백석마을아이파크,84.984,202110,5,"38,000",3,2009,한들3로 100,,-,-
충청남도 천안서북구 백석동,941,941,0,백석마을아이파크,84.984,202110,9,"41,700",21,2009,한들3로 100,,-,-
충청남도 천안서북구 백석동,941,941,0,백석마을아이파크,84.984,202110,11,"40,800",6,2009,한들3로 100,,-,-
충청남도 천안서북구 백석동,941,941,0,백석마을아이파크,84.984,202110,23,"49,000",25,2009,한들3로 100,,-,-
충청남도 천안서북구 백석동,941,941,0,백석마을아이파크,84.984,202110,30,"40,000",7,2009,한들3로 100,,-,-
충청남도 천안서북구 백석동,919,919,0,백석벽산블루밍1차,84.886,202110,20,"24,000",13,2006,번영로 278-12,,-,-
충청남도 천안서북구 백석동,919,919,0,백석벽산블루밍1차,119.859,202110,21,"30,000",4,2006,번영로 278-12,,-,-
충청남도 천안서북구 백석동,919,919,0,백석벽산블루밍1차,119.859,202110,28,"34,500",12,2006,번영로 278-12,,-,-
충청남도 천안서북구 백석동,919,919,0,백석벽산블루밍1차,119.859,202110,29,"28,000",2,2006,번영로 278-12,,-,-
충청남도 천안서북구 백석동,924,924,0,백석벽산블루밍2차,84.999,202110,9,"26,000",14,2006,번영로 278-11,,-,-
충청남도 천안서북구 백석동,924,924,0,백석벽산블루밍2차,84.886,202110,15,"23,000",4,2006,번영로 278-11,,-,-
충청남도 천안서북구 백석동,924,924,0,백석벽산블루밍2차,84.886,202110,21,"25,800",8,2006,번영로 278-11,,-,-
충청남도 천안서북구 백석동,924,924,0,백석벽산블루밍2차,84.886,202110,26,"18,500",2,2006,번영로 278-11,,-,-
충청남도 천안서북구 백석동,930,930,0,브라운스톤,84.992,202110,1,"27,000",7,2006,번영로 306-15,,-,-
충청남도 천안서북구 백석동,930,930,0,브라운스톤,108.965,202110,2,"31,000",6,2006,번영로 306-15,,-,-
충청남도 천안서북구 백석동,930,930,0,브라운스톤,84.992,202110,2,"29,000",3,2006,번영로 306-15,,-,-
충청남도 천안서북구 백석동,930,930,0,브라운스톤,84.992,202110,5,"29,200",4,2006,번영로 306-15,,-,-
충청남도 천안서북구 백석동,930,930,0,브라운스톤,84.992,202110,5,"26,000",5,2006,번영로 306-15,20211005,-,-
충청남도 천안서북구 백석동,930,930,0,브라운스톤,84.992,202110,5,"26,000",5,2006,번영로 306-15,,-,-
충청남도 천안서북구 백석동,930,930,0,브라운스톤,84.992,202110,5,"29,200",7,2006,번영로 306-15,,-,-
충청남도 천안서북구 백석동,930,930,0,브라운스톤,84.992,202110,8,"28,000",11,2006,번영로 306-15,,-,-
충청남도 천안서북구 백석동,930,930,0,브라운스톤,84.992,202110,8,"28,000",10,2006,번영로 306-15,,-,-
충청남도 천안서북구 백석동,930,930,0,브라운스톤,128.4133,202110,13,"37,000",6,2006,번영로 306-15,,-,-
충청남도 천안서북구 백석동,930,930,0,브라운스톤,155.607,202110,16,"40,000",2,2006,번영로 306-15,,-,-
충청남도 천안서북구 백석동,930,930,0,브라운스톤,84.992,202110,22,"30,000",11,2006,번영로 306-15,,-,-
충청남도 천안서북구 백석동,930,930,0,브라운스톤,84.992,202110,28,"28,000",11,2006,번영로 306-15,,-,-
충청남도 천안서북구 백석동,1200,1200,0,천안백석3차IPARK,99.7828,202110,5,"70,000",15,2017,한들3로 36-17,,-,-
충청남도 천안서북구 백석동,1200,1200,0,천안백석3차IPARK,74.9785,202110,13,"47,200",15,2017,한들3로 36-17,,-,-
충청남도 천안서북구 백석동,979,979,0,천안백석푸르지오,84.887,202110,5,"41,000",9,2010,한들2로 88,,-,-
충청남도 천안서북구 백석동,979,979,0,천안백석푸르지오,84.7767,202110,6,"40,000",5,2010,한들2로 88,,-,-
충청남도 천안서북구 백석동,979,979,0,천안백석푸르지오,84.9222,202110,7,"39,200",4,2010,한들2로 88,,-,-
충청남도 천안서북구 백석동,979,979,0,천안백석푸르지오,130.2674,202110,13,"59,000",14,2010,한들2로 88,,-,-
충청남도 천안서북구 백석동,979,979,0,천안백석푸르지오,110.655,202110,18,"55,000",23,2010,한들2로 88,,-,-
충청남도 천안서북구 백석동,191-3,191,3,현대,84.67,202110,1,"19,000",13,1992,백석로 136,,-,-
충청남도 천안서북구 백석동,191-3,191,3,현대,84.67,202110,1,"18,000",13,1992,백석로 136,20211009,-,-
충청남도 천안서북구 백석동,191-3,191,3,현대,84.67,202110,2,"17,500",1,1992,백석로 136,,-,-
충청남도 천안서북구 백석동,191-3,191,3,현대,84.67,202110,5,"18,500",7,1992,백석로 136,,-,-
충청남도 천안서북구 백석동,191-3,191,3,현대,84.67,202110,9,"17,500",4,1992,백석로 136,,-,-
충청남도 천안서북구 백석동,191-3,191,3,현대,115.45,202110,10,"23,700",5,1992,백석로 136,,-,-
충청남도 천안서북구 백석동,191-3,191,3,현대,150.37,202110,10,"26,000",11,1992,백석로 136,,-,-
충청남도 천안서북구 백석동,191-3,191,3,현대,150.37,202110,13,"25,000",10,1992,백석로 136,,-,-
충청남도 천안서북구 백석동,191-3,191,3,현대,84.67,202110,15,"18,000",15,1992,백석로 136,,-,-
충청남도 천안서북구 백석동,191-3,191,3,현대,84.67,202110,15,"18,100",9,1992,백석로 136,,-,-
충청남도 천안서북구 백석동,191-3,191,3,현대,84.67,202110,16,"18,500",6,1992,백석로 136,,-,-
충청남도 천안서북구 백석동,191-3,191,3,현대,115.45,202110,19,"22,000",12,1992,백석로 136,,-,-
충청남도 천안서북구 백석동,191-3,191,3,현대,115.45,202110,20,"23,950",11,1992,백석로 136,,-,-
충청남도 천안서북구 백석동,191-3,191,3,현대,84.67,202110,22,"19,300",7,1992,백석로 136,,-,-
충청남도 천안서북구 백석동,191-3,191,3,현대,84.67,202110,23,"19,000",3,1992,백석로 136,,-,-
충청남도 천안서북구 백석동,191-3,191,3,현대,84.67,202110,24,"18,700",11,1992,백석로 136,,-,-
충청남도 천안서북구 백석동,191-3,191,3,현대,84.67,202110,29,"17,000",2,1992,백석로 136,,-,-
충청남도 천안서북구 백석동,900,900,0,호반리젠시빌,84.9775,202110,5,"33,000",6,2003,백석2길 40,,-,-
충청남도 천안서북구 백석동,900,900,0,호반리젠시빌,84.9775,202110,11,"34,750",14,2003,백석2길 12,,-,-
충청남도 천안서북구 불당동,820,820,0,대동다숲,74.7797,202110,2,"38,000",9,2004,시청로 39,,-,-
충청남도 천안서북구 불당동,820,820,0,대동다숲,84.8833,202110,2,"40,200",11,2004,시청로 39,,-,-
충청남도 천안서북구 불당동,820,820,0,대동다숲,84.8833,202110,5,"39,800",14,2004,시청로 39,,-,-
충청남도 천안서북구 불당동,820,820,0,대동다숲,84.7824,202110,6,"45,600",13,2004,시청로 39,,-,-
충청남도 천안서북구 불당동,820,820,0,대동다숲,84.7824,202110,11,"38,550",6,2004,시청로 39,,-,-
충청남도 천안서북구 불당동,820,820,0,대동다숲,84.7824,202110,16,"42,000",12,2004,시청로 39,,-,-
충청남도 천안서북구 불당동,820,820,0,대동다숲,84.7824,202110,28,"43,800",7,2004,시청로 39,,-,-
충청남도 천안서북구 불당동,820,820,0,대동다숲,84.7824,202110,30,"36,000",1,2004,시청로 39,,-,-
충청남도 천안서북구 불당동,787,787,0,대원칸타빌,84.902,202110,2,"38,000",10,2004,불당11로 82,,-,-
충청남도 천안서북구 불당동,787,787,0,대원칸타빌,84.902,202110,9,"40,000",13,2004,불당11로 82,,-,-
충청남도 천안서북구 불당동,787,787,0,대원칸타빌,133.852,202110,12,"46,000",9,2004,불당11로 82,,-,-
충청남도 천안서북구 불당동,787,787,0,대원칸타빌,84.902,202110,16,"37,500",10,2004,불당11로 82,,-,-
충청남도 천안서북구 불당동,787,787,0,대원칸타빌,84.902,202110,20,"40,500",10,2004,불당11로 82,,-,-
충청남도 천안서북구 불당동,787,787,0,대원칸타빌,84.902,202110,29,"38,700",4,2004,불당11로 82,,-,-
충청남도 천안서북구 불당동,750,750,0,동일하이빌,84.99,202110,2,"48,200",17,2004,시청로 73,,-,-
충청남도 천안서북구 불당동,750,750,0,동일하이빌,84.99,202110,2,"46,200",5,2004,시청로 73,,-,-
충청남도 천안서북구 불당동,750,750,0,동일하이빌,84.99,202110,8,"50,500",9,2004,시청로 73,,-,-
충청남도 천안서북구 불당동,750,750,0,동일하이빌,84.99,202110,9,"46,700",3,2004,시청로 73,,-,-
충청남도 천안서북구 불당동,750,750,0,동일하이빌,84.99,202110,9,"44,000",2,2004,시청로 73,,-,-
충청남도 천안서북구 불당동,750,750,0,동일하이빌,84.99,202110,9,"51,900",7,2004,시청로 73,,-,-
충청남도 천안서북구 불당동,1497,1497,0,불당리더힐스,59.7,202110,8,"45,000",9,2016,불당24로 10,,-,-
충청남도 천안서북구 불당동,1497,1497,0,불당리더힐스,59.92,202110,30,"48,000",9,2016,불당24로 10,,-,-
충청남도 천안서북구 불당동,757,757,0,불당아이파크,84.95,202110,1,"54,000",15,2004,불당17길 14,,-,-
충청남도 천안서북구 불당동,757,757,0,불당아이파크,84.95,202110,3,"51,800",14,2004,불당17길 14,,-,-
충청남도 천안서북구 불당동,757,757,0,불당아이파크,84.95,202110,9,"48,500",4,2004,불당17길 14,,-,-
충청남도 천안서북구 불당동,757,757,0,불당아이파크,101.65,202110,9,"61,800",12,2004,불당17길 14,,-,-
충청남도 천안서북구 불당동,757,757,0,불당아이파크,84.95,202110,12,"53,000",12,2004,불당17길 14,,-,-
충청남도 천안서북구 불당동,757,757,0,불당아이파크,84.95,202110,12,"52,600",7,2004,불당17길 14,,-,-
충청남도 천안서북구 불당동,757,757,0,불당아이파크,84.95,202110,19,"50,500",10,2004,불당17길 14,,-,-
충청남도 천안서북구 불당동,757,757,0,불당아이파크,84.95,202110,23,"56,200",10,2004,불당17길 14,,-,-
충청남도 천안서북구 불당동,1503,1503,0,불당이안,84.92,202110,11,"67,800",18,2015,불당23로 13,,-,-
충청남도 천안서북구 불당동,1503,1503,0,불당이안,84.9,202110,22,"66,700",23,2015,불당23로 13,,-,-
충청남도 천안서북구 불당동,1503,1503,0,불당이안,84.9,202110,24,"63,750",2,2015,불당23로 13,,-,-
충청남도 천안서북구 불당동,1426,1426,0,불당풍림아이원아파트,45.7798,202110,2,"20,000",4,2016,불당14로 11,,-,-
충청남도 천안서북구 불당동,1426,1426,0,불당풍림아이원아파트,45.7798,202110,2,"18,500",2,2016,불당14로 11,,-,-
충청남도 천안서북구 불당동,1426,1426,0,불당풍림아이원아파트,45.7798,202110,5,"19,000",1,2016,불당14로 11,,-,-
충청남도 천안서북구 불당동,1426,1426,0,불당풍림아이원아파트,45.7798,202110,9,"19,500",3,2016,불당14로 11,,-,-
충청남도 천안서북구 불당동,1426,1426,0,불당풍림아이원아파트,45.7798,202110,16,"20,500",3,2016,불당14로 11,,-,-
충청남도 천안서북구 불당동,788,788,0,불당한성필하우스,59.9813,202110,4,"27,000",6,2004,불당11로 68,,-,-
충청남도 천안서북구 불당동,788,788,0,불당한성필하우스,59.9813,202110,21,"27,000",11,2004,불당11로 68,,-,-
충청남도 천안서북구 불당동,1811,1811,0,불당호반베르디움TheFirst,59.804,202110,2,"52,900",20,2016,불당19로 200,,-,-
충청남도 천안서북구 불당동,1811,1811,0,불당호반베르디움TheFirst,59.804,202110,2,"52,500",12,2016,불당19로 200,,-,-
충청남도 천안서북구 불당동,1811,1811,0,불당호반베르디움TheFirst,59.916,202110,3,"57,800",13,2016,불당19로 200,,-,-
충청남도 천안서북구 불당동,1811,1811,0,불당호반베르디움TheFirst,59.916,202110,7,"49,900",1,2016,불당19로 200,,-,-
충청남도 천안서북구 불당동,1811,1811,0,불당호반베르디움TheFirst,59.804,202110,8,"52,500",13,2016,불당19로 200,,-,-
충청남도 천안서북구 불당동,1811,1811,0,불당호반베르디움TheFirst,59.916,202110,16,"58,500",9,2016,불당19로 200,,-,-
충청남도 천안서북구 불당동,1846,1846,0,불당호반써밋플레이스센터시티,84.9694,202110,6,"80,000",8,2017,불당25로 8,,-,-
충청남도 천안서북구 불당동,1846,1846,0,불당호반써밋플레이스센터시티,98.2067,202110,16,"89,900",15,2017,불당25로 8,,-,-
충청남도 천안서북구 불당동,1498,1498,0,천안불당 지웰푸르지오,84.992,202110,1,"82,750",16,2016,불당24로 38,,-,-
충청남도 천안서북구 불당동,1498,1498,0,천안불당 지웰푸르지오,99.995,202110,5,"87,500",4,2016,불당24로 38,,-,-
충청남도 천안서북구 불당동,1498,1498,0,천안불당 지웰푸르지오,84.992,202110,21,"76,000",5,2016,불당24로 38,,-,-
충청남도 천안서북구 불당동,1546,1546,0,천안불당린스트라우스2단지,99.9908,202110,8,"90,000",23,2017,불당19로 111,,-,-
충청남도 천안서북구 불당동,1548,1548,0,천안불당지웰더샵,99.3422,202110,28,"128,000",6,2016,불당26로 77,,-,-
충청남도 천안서북구 불당동,1613,1613,0,천안불당호반써밋플레이스,117.4714,202110,21,"130,000",10,2017,불당21로 40,,-,-
충청남도 천안서북구 불당동,1292,1292,0,펜타포트(101동102동),113.723,202110,7,"77,000",17,2011,공원로 195,,-,-
충청남도 천안서북구 불당동,1289,1289,0,펜타포트(103동),131.977,202110,16,"95,000",54,2011,공원로 196,,-,-
충청남도 천안서북구 불당동,1510,1510,0,호반 베르디움 센트로 포레,97.3742,202110,1,"83,400",25,2017,불당23로 10,,-,-
충청남도 천안서북구 불당동,1510,1510,0,호반 베르디움 센트로 포레,84.8939,202110,16,"79,700",11,2017,불당23로 10,,-,-
충청남도 천안서북구 불당동,1510,1510,0,호반 베르디움 센트로 포레,97.3742,202110,18,"80,500",14,2017,불당23로 10,,-,-
충청남도 천안서북구 불당동,780,780,0,호반리젠시빌스위트,117.5025,202110,5,"46,500",5,2004,봉서산로 85,,-,-
충청남도 천안서북구 성거읍 문덕리,231-6,231,6,하늘빛,59.35,202110,5,"6,500",10,2003,소우문덕길 5,,-,-
충청남도 천안서북구 성거읍 문덕리,231-6,231,6,하늘빛,59.35,202110,8,"6,570",9,2003,소우문덕길 5,,-,-
충청남도 천안서북구 성거읍 문덕리,231-6,231,6,하늘빛,59.35,202110,8,"6,000",4,2003,소우문덕길 5,,-,-
충청남도 천안서북구 성거읍 문덕리,231-6,231,6,하늘빛,59.35,202110,9,"6,700",5,2003,소우문덕길 5,,-,-
충청남도 천안서북구 성거읍 문덕리,231-6,231,6,하늘빛,59.35,202110,12,"6,800",7,2003,소우문덕길 5,,-,-
충청남도 천안서북구 성거읍 문덕리,231-6,231,6,하늘빛,59.35,202110,14,"6,800",10,2003,소우문덕길 5,,-,-
충청남도 천안서북구 성거읍 문덕리,231-6,231,6,하늘빛,59.35,202110,14,"6,500",2,2003,소우문덕길 5,,-,-
충청남도 천안서북구 성거읍 문덕리,231-6,231,6,하늘빛,59.35,202110,26,"6,500",7,2003,소우문덕길 5,,-,-
충청남도 천안서북구 성거읍 신월리,03월 03일,3,3,성거벽산,71.81,202110,2,"15,900",10,1998,봉주로 107-6,,-,-
충청남도 천안서북구 성거읍 신월리,03월 03일,3,3,성거벽산,84.98,202110,2,"16,000",10,1998,봉주로 107-6,,-,-
충청남도 천안서북구 성거읍 신월리,03월 03일,3,3,성거벽산,59.99,202110,21,"14,200",12,1998,봉주로 107-6,,-,-
충청남도 천안서북구 성거읍 신월리,03월 03일,3,3,성거벽산,71.81,202110,26,"14,200",3,1998,봉주로 107-6,,-,-
충청남도 천안서북구 성거읍 신월리,03월 03일,3,3,성거벽산,59.99,202110,26,"12,500",4,1998,봉주로 107-6,,-,-
충청남도 천안서북구 성거읍 신월리,03월 03일,3,3,성거벽산,59.99,202110,26,"12,300",6,1998,봉주로 107-6,,-,-
충청남도 천안서북구 성거읍 신월리,467,467,0,직산역꿈에그린,59.9768,202110,31,"25,500",10,2019,신월길 20,,-,-
충청남도 천안서북구 성거읍 신월리,02월 26일,2,26,천안삼환나우빌,84.9132,202110,7,"22,300",4,2005,봉주로 120,,-,-
충청남도 천안서북구 성거읍 신월리,02월 26일,2,26,천안삼환나우빌,84.9132,202110,7,"22,300",4,2005,봉주로 120,,-,-
충청남도 천안서북구 성거읍 신월리,02월 26일,2,26,천안삼환나우빌,84.9132,202110,11,"18,900",10,2005,봉주로 120,,-,-
충청남도 천안서북구 성거읍 신월리,02월 26일,2,26,천안삼환나우빌,84.9132,202110,16,"21,800",10,2005,봉주로 120,,-,-
충청남도 천안서북구 성거읍 신월리,02월 26일,2,26,천안삼환나우빌,84.9132,202110,29,"21,400",11,2005,봉주로 120,,-,-
충청남도 천안서북구 성거읍 오목리,58,58,0,금정샛별,36.54,202110,27,"2,900",1,2000,망향로 811,,-,-
충청남도 천안서북구 성거읍 요방리,268-1,268,1,늘푸른동해,27.54,202110,27,"1,870",4,1999,마당재길 5,,-,-
충청남도 천안서북구 성거읍 요방리,160-22,160,22,육영원룸,27.6,202110,1,"2,500",5,1996,망향로 343,,-,-
충청남도 천안서북구 성거읍 요방리,160-22,160,22,육영원룸,27.6,202110,2,"2,300",6,1996,망향로 343,,-,-
충청남도 천안서북구 성거읍 요방리,160-22,160,22,육영원룸,27.6,202110,10,"2,100",3,1996,망향로 343,,-,-
충청남도 천안서북구 성거읍 요방리,160-22,160,22,육영원룸,27.6,202110,13,"2,200",4,1996,망향로 343,,-,-
충청남도 천안서북구 성거읍 요방리,160-22,160,22,육영원룸,27.6,202110,18,"2,150",1,1996,망향로 343,,-,-
충청남도 천안서북구 성거읍 요방리,160-22,160,22,육영원룸,27.6,202110,18,"2,300",4,1996,망향로 343,,-,-
충청남도 천안서북구 성거읍 요방리,160-22,160,22,육영원룸,27.6,202110,19,"1,900",6,1996,망향로 343,,-,-
충청남도 천안서북구 성거읍 요방리,160-22,160,22,육영원룸,27.6,202110,19,"1,900",6,1996,망향로 343,20211026,-,-
충청남도 천안서북구 성거읍 요방리,160-22,160,22,육영원룸,27.6,202110,25,"2,200",2,1996,망향로 343,,-,-
충청남도 천안서북구 성거읍 요방리,160-22,160,22,육영원룸,27.6,202110,25,"2,200",4,1996,망향로 343,,-,-
충청남도 천안서북구 성거읍 요방리,160-22,160,22,육영원룸,27.6,202110,26,"2,700",5,1996,망향로 343,,-,-
충청남도 천안서북구 성거읍 저리,Feb-65,65,2,쁘띠노블레스,14.43,202110,6,"3,500",4,2016,성거길 105,,-,-
충청남도 천안서북구 성거읍 저리,Feb-53,53,2,삼일원앙,37.925,202110,2,"6,300",9,1998,성거길 103,,-,-
충청남도 천안서북구 성거읍 저리,Feb-53,53,2,삼일원앙,37.925,202110,9,"6,200",5,1998,성거길 103,,-,-
충청남도 천안서북구 성거읍 저리,Feb-53,53,2,삼일원앙,37.925,202110,15,"6,400",5,1998,성거길 103,,-,-
충청남도 천안서북구 성거읍 저리,Feb-53,53,2,삼일원앙,59.25,202110,21,"9,500",5,1998,성거길 103,,-,-
충청남도 천안서북구 성거읍 저리,Feb-53,53,2,삼일원앙,59.25,202110,22,"9,500",5,1998,성거길 103,,-,-
충청남도 천안서북구 성거읍 저리,Feb-53,53,2,삼일원앙,37.925,202110,29,"6,150",10,1998,성거길 103,,-,-
충청남도 천안서북구 성거읍 저리,07월 26일,26,7,아느칸빌,39.06,202110,20,"6,000",8,2004,성거길 181-1,,-,-
충청남도 천안서북구 성거읍 저리,01월 03일,1,3,청호포도마을,59.58,202110,22,"8,100",2,1997,망향로 785,,-,-
충청남도 천안서북구 성거읍 천흥리,425-1,425,1,성거백승,59.85,202110,6,"9,500",5,1995,천흥4길 6,,-,-
충청남도 천안서북구 성거읍 천흥리,533-5,533,5,진성,59.88,202110,16,"8,000",5,1993,성거길 152-9,,-,-
충청남도 천안서북구 성성동,697,697,0,천안레이크타운2차푸르지오,84.9077,202110,2,"61,700",1,2018,성성9로 14,,-,-
충청남도 천안서북구 성성동,697,697,0,천안레이크타운2차푸르지오,84.91,202110,13,"68,000",30,2018,성성9로 14,,-,-
충청남도 천안서북구 성성동,697,697,0,천안레이크타운2차푸르지오,84.9076,202110,16,"69,500",10,2018,성성9로 14,,-,-
충청남도 천안서북구 성성동,969,969,0,천안레이크타운3차푸르지오,84.9838,202110,23,"75,000",13,2020,성성6로 68,,-,-
충청남도 천안서북구 성성동,696,696,0,천안레이크타운푸르지오,84.91,202110,2,"59,900",22,2017,성성6로 111,,-,-
충청남도 천안서북구 성성동,696,696,0,천안레이크타운푸르지오,84.91,202110,4,"61,900",6,2017,성성6로 111,,-,-
충청남도 천안서북구 성성동,696,696,0,천안레이크타운푸르지오,84.91,202110,4,"61,900",6,2017,성성6로 111,20211005,-,-
충청남도 천안서북구 성성동,696,696,0,천안레이크타운푸르지오,84.91,202110,10,"65,000",27,2017,성성6로 111,,-,-
충청남도 천안서북구 성성동,696,696,0,천안레이크타운푸르지오,62.9457,202110,14,"47,000",5,2017,성성6로 111,,-,-
충청남도 천안서북구 성성동,827,827,0,천안시티자이,84.9474,202110,2,"62,700",14,2018,성성6로 21,,-,-
충청남도 천안서북구 성성동,827,827,0,천안시티자이,84.9474,202110,2,"67,900",32,2018,성성6로 21,,-,-
충청남도 천안서북구 성성동,827,827,0,천안시티자이,84.9474,202110,3,"64,000",3,2018,성성6로 21,,-,-
충청남도 천안서북구 성성동,827,827,0,천안시티자이,74.5302,202110,6,"54,700",26,2018,성성6로 21,,-,-
충청남도 천안서북구 성성동,827,827,0,천안시티자이,74.6803,202110,8,"54,500",39,2018,성성6로 21,,-,-
충청남도 천안서북구 성성동,827,827,0,천안시티자이,59.9934,202110,11,"45,000",5,2018,성성6로 21,,-,-
충청남도 천안서북구 성성동,827,827,0,천안시티자이,74.5302,202110,12,"52,500",15,2018,성성6로 21,,-,-
충청남도 천안서북구 성성동,827,827,0,천안시티자이,59.9934,202110,14,"45,000",9,2018,성성6로 21,,-,-
충청남도 천안서북구 성성동,827,827,0,천안시티자이,74.5302,202110,20,"51,400",8,2018,성성6로 21,,-,-
충청남도 천안서북구 성성동,827,827,0,천안시티자이,84.9474,202110,27,"60,700",2,2018,성성6로 21,,-,-
충청남도 천안서북구 성성동,827,827,0,천안시티자이,84.9474,202110,30,"65,000",33,2018,성성6로 21,,-,-
충청남도 천안서북구 성정동,628-11,628,11,건일(628-11),59.52,202110,1,"8,800",2,1993,서부18길 33,,-,-
충청남도 천안서북구 성정동,892,892,0,건일(892),59.78,202110,7,"8,500",3,1995,도원1길 22,,-,-
충청남도 천안서북구 성정동,643,643,0,대우목화1,80.001,202110,31,"23,000",5,1986,서부16길 49,,-,-
충청남도 천안서북구 성정동,643,643,0,대우목화3,79.131,202110,5,"24,700",2,1989,서부16길 49,,-,-
충청남도 천안서북구 성정동,698-1,698,1,대우성촌프라자,59.4,202110,5,"11,500",8,1993,성정15길 6,,-,-
충청남도 천안서북구 성정동,698-1,698,1,대우성촌프라자,70.95,202110,15,"13,000",11,1993,성정15길 6,,-,-
충청남도 천안서북구 성정동,1475,1475,0,리슈빌디에스,26.7309,202110,5,"7,000",7,2016,성정두정로 19,,-,-
충청남도 천안서북구 성정동,823,823,0,선경,128.91,202110,2,"20,000",8,1994,도원2길 39,,-,-
충청남도 천안서북구 성정동,823,823,0,선경,59.85,202110,5,"12,000",12,1994,도원2길 39,,-,-
충청남도 천안서북구 성정동,823,823,0,선경,59.85,202110,23,"13,100",10,1994,도원2길 39,,-,-
충청남도 천안서북구 성정동,696-4,696,4,성정활림2목련,59.89,202110,15,"9,000",11,1994,성정8길 14,,-,-
충청남도 천안서북구 성정동,1453,1453,0,스위스캐슬,19.9775,202110,1,"7,539",11,2012,성정두정로 14,,-,-
충청남도 천안서북구 성정동,1292,1292,0,에프엠21,21.7718,202110,21,"5,000",7,2014,쌍용대로 348,,-,-
충청남도 천안서북구 성정동,719-1,719,1,장군(맨션),84.68,202110,18,"7,900",5,1991,성정11길 18,,-,-
충청남도 천안서북구 성정동,717,717,0,주공5-1,51.02,202110,1,"20,900",3,1988,성정로 75,,-,-
충청남도 천안서북구 성정동,717,717,0,주공5-1,51.02,202110,2,"21,000",4,1988,성정로 75,,-,-
충청남도 천안서북구 성정동,717,717,0,주공5-2,39.69,202110,14,"17,000",5,1988,성정로 75,,-,-
충청남도 천안서북구 성정동,785,785,0,주공6-1,47.01,202110,1,"16,400",3,1989,서부대로 648-13,,-,-
충청남도 천안서북구 성정동,785,785,0,주공6-1,39.3,202110,7,"14,750",3,1989,서부대로 648-13,,-,-
충청남도 천안서북구 성정동,789,789,0,주공6-3,46.99,202110,6,"14,360",5,1991,쌍용대로 289-11,,-,-
충청남도 천안서북구 성정동,789,789,0,주공6-3,46.99,202110,7,"16,500",1,1991,쌍용대로 289-11,,-,-
충청남도 천안서북구 성정동,789,789,0,주공6-3,47.32,202110,16,"15,500",1,1991,쌍용대로 289-11,,-,-
충청남도 천안서북구 성정동,789,789,0,주공6-3,47.32,202110,16,"15,500",1,1991,쌍용대로 289-11,20211018,-,-
충청남도 천안서북구 성정동,1562,1562,0,천안역우방아이유쉘,84.9975,202110,9,"34,000",20,2018,천안천6길 33,,-,-
충청남도 천안서북구 성정동,1562,1562,0,천안역우방아이유쉘,84.9988,202110,16,"39,500",9,2018,천안천6길 33,,-,-
충청남도 천안서북구 성정동,1347,1347,0,평화로운나날,19.4575,202110,4,"4,500",5,2013,성정공원6길 36,,-,-
충청남도 천안서북구 성정동,1347,1347,0,평화로운나날,19.2875,202110,9,"4,000",6,2013,성정공원6길 36,,-,-
충청남도 천안서북구 성정동,1347,1347,0,평화로운나날,19.2875,202110,11,"6,000",10,2013,성정공원6길 36,,-,-
충청남도 천안서북구 성정동,1347,1347,0,평화로운나날,19.2875,202110,18,"3,100",4,2013,성정공원6길 36,,-,-
충청남도 천안서북구 성정동,1347,1347,0,평화로운나날,19.2875,202110,29,"4,300",4,2013,성정공원6길 36,,-,-
충청남도 천안서북구 성정동,1322,1322,0,프라지움3차,34.8928,202110,2,"7,700",7,2014,성정두정로 35,,-,-
충청남도 천안서북구 성정동,1322,1322,0,프라지움3차,34.8928,202110,11,"7,300",8,2014,성정두정로 35,,-,-
충청남도 천안서북구 성정동,1345,1345,0,프라지움7차,31.6037,202110,1,"7,750",10,2016,성정공원6길 37,,-,-
충청남도 천안서북구 성정동,1345,1345,0,프라지움7차,31.6037,202110,1,"10,500",10,2016,성정공원6길 37,,-,-
충청남도 천안서북구 성정동,1345,1345,0,프라지움7차,31.6037,202110,1,"10,500",7,2016,성정공원6길 37,,-,-
충청남도 천안서북구 성정동,1345,1345,0,프라지움7차,30.4979,202110,6,"10,500",8,2016,성정공원6길 37,,-,-
충청남도 천안서북구 성정동,1323,1323,0,프라지움8차,30.2141,202110,18,"10,500",3,2016,오성로 130,,-,-
충청남도 천안서북구 성정동,1323,1323,0,프라지움8차,33.708,202110,18,"11,600",5,2016,오성로 130,,-,-
충청남도 천안서북구 성정동,1523,1523,0,학산리젠다빌-2차-A동,23.58,202110,17,"3,800",6,2013,동서대로 129-22,,-,-
충청남도 천안서북구 성정동,1523,1523,0,학산리젠다빌-2차-A동,23.56,202110,20,"3,700",14,2013,동서대로 129-22,,-,-
충청남도 천안서북구 성정동,1523,1523,0,학산리젠다빌-2차-A동,23.56,202110,20,"3,700",14,2013,동서대로 129-22,20211026,-,-
충청남도 천안서북구 성정동,1438,1438,0,학산리젠다빌3차,47.01,202110,20,"16,600",8,2016,성정공원3길 4,,-,-
충청남도 천안서북구 성정동,1438,1438,0,학산리젠다빌3차,47.01,202110,28,"11,400",9,2016,성정공원3길 4,,-,-
충청남도 천안서북구 성정동,122-2,122,2,한도,81.16,202110,28,"12,000",3,1992,성정로 139-10,,-,-
충청남도 천안서북구 성정동,141-3,141,3,활림1차,84.15,202110,4,"14,500",14,1993,선영10길 12,,-,-
충청남도 천안서북구 성정동,141-3,141,3,활림1차,59.98,202110,6,"8,700",14,1993,선영10길 12,,-,-
충청남도 천안서북구 성환읍 매주리,370-21,370,21,개나리,34.2,202110,6,"1,200",1,1991,상덕매주길 169-16,,-,-
충청남도 천안서북구 성환읍 매주리,314-1,314,1,미성,64.16,202110,6,"8,500",3,1989,신선동길 42,,-,-
충청남도 천안서북구 성환읍 매주리,244-13,244,13,부영,84.9643,202110,6,"17,850",15,2005,천안대로 1853,,-,-
충청남도 천안서북구 성환읍 매주리,244-13,244,13,부영,84.9643,202110,26,"17,500",10,2005,천안대로 1853,,-,-
충청남도 천안서북구 성환읍 매주리,244-13,244,13,부영,84.9643,202110,27,"17,800",6,2005,천안대로 1853,,-,-
충청남도 천안서북구 성환읍 매주리,319-1,319,1,성환골드,40.755,202110,10,"6,000",3,1991,성환1로 204,,-,-
충청남도 천안서북구 성환읍 매주리,183,183,0,성환부영,59.76,202110,5,"10,900",12,1998,천안대로 1843,,-,-
충청남도 천안서북구 성환읍 매주리,183,183,0,성환부영,49.92,202110,9,"8,450",12,1998,천안대로 1843,,-,-
충청남도 천안서북구 성환읍 매주리,183,183,0,성환부영,49.92,202110,9,"8,450",4,1998,천안대로 1843,,-,-
충청남도 천안서북구 성환읍 매주리,183,183,0,성환부영,59.76,202110,23,"9,500",1,1998,천안대로 1843,,-,-
충청남도 천안서북구 성환읍 매주리,183,183,0,성환부영,49.92,202110,25,"8,000",4,1998,천안대로 1843,,-,-
충청남도 천안서북구 성환읍 매주리,183,183,0,성환부영,49.92,202110,26,"8,000",9,1998,천안대로 1843,,-,-
충청남도 천안서북구 성환읍 매주리,183,183,0,성환부영,49.92,202110,27,"8,300",2,1998,천안대로 1843,,-,-
충청남도 천안서북구 성환읍 매주리,312,312,0,성환삼풍,59.355,202110,22,"9,100",9,1993,성환2로 56,,-,-
충청남도 천안서북구 성환읍 매주리,311-9,311,9,중앙,54.48,202110,16,"8,500",13,1992,연암율금로 480,,-,-
충청남도 천안서북구 성환읍 매주리,311-9,311,9,중앙,54.48,202110,23,"8,000",15,1992,연암율금로 480,,-,-
충청남도 천안서북구 성환읍 매주리,182-10,182,10,천안성환e-편한세상,84.8965,202110,15,"24,500",9,2009,성환1로 54-45,,-,-
충청남도 천안서북구 성환읍 매주리,182-10,182,10,천안성환e-편한세상,84.8965,202110,18,"23,000",2,2009,성환1로 54-45,,-,-
충청남도 천안서북구 성환읍 매주리,182-10,182,10,천안성환e-편한세상,100.3111,202110,20,"29,100",4,2009,성환1로 54-45,,-,-
충청남도 천안서북구 성환읍 성월리,147-1,147,1,미산라이프아파트,69.3957,202110,14,"14,500",1,2016,성월2길 30,,-,-
충청남도 천안서북구 성환읍 성월리,147-1,147,1,미산라이프아파트,69.3957,202110,14,"14,500",1,2016,성월2길 30,,-,-
충청남도 천안서북구 성환읍 성월리,111-13,111,13,성환부자마을,84.4319,202110,7,"17,500",9,2007,성환3로 57,,-,-
충청남도 천안서북구 성환읍 성월리,150,150,0,현대한솔,59.4,202110,7,"10,350",12,1997,성월2길 16,,-,-
충청남도 천안서북구 성환읍 성월리,150,150,0,현대한솔,42.84,202110,8,"8,000",18,1997,성월2길 16,,-,-
충청남도 천안서북구 성환읍 성월리,150,150,0,현대한솔,84.96,202110,12,"16,500",6,1997,성월2길 16,,-,-
충청남도 천안서북구 성환읍 송덕리,Dec-55,55,12,영흥,58.5,202110,5,"6,000",6,1993,신방로 362,,-,-
충청남도 천안서북구 성환읍 송덕리,Dec-55,55,12,영흥,72,202110,14,"7,000",4,1993,신방로 362,,-,-
충청남도 천안서북구 성환읍 수향리,214-9,214,9,근로자복지,36.61,202110,5,"1,150",1,1994,무내2길 8,,-,-
충청남도 천안서북구 성환읍 수향리,214-9,214,9,근로자복지,36.61,202110,5,"1,150",5,1994,무내2길 8,,-,-
충청남도 천안서북구 성환읍 수향리,214-9,214,9,근로자복지,36.61,202110,8,"2,350",3,1994,무내2길 8,,-,-
충청남도 천안서북구 성환읍 수향리,214-9,214,9,근로자복지,36.61,202110,25,"1,950",3,1994,무내2길 8,,-,-
충청남도 천안서북구 성환읍 수향리,466-5,466,5,한미래,59.4,202110,13,"7,800",10,2003,안궁1길 2,,-,-
충청남도 천안서북구 성환읍 수향리,466-5,466,5,한미래,49.8,202110,21,"7,850",10,2003,안궁1길 2,,-,-
충청남도 천안서북구 성환읍 율금리,507-4,507,4,대영한아름,43.2,202110,27,"4,000",4,1998,율금1길 309,,-,-
충청남도 천안서북구 성환읍 율금리,773,773,0,두진그린힐,59.735,202110,2,"7,900",1,2001,율금1길 221-34,,-,-
충청남도 천안서북구 성환읍 율금리,773,773,0,두진그린힐,59.98,202110,2,"7,800",8,2001,율금1길 221-34,,-,-
충청남도 천안서북구 성환읍 율금리,773,773,0,두진그린힐,59.735,202110,3,"7,700",12,2001,율금1길 221-34,,-,-
충청남도 천안서북구 성환읍 율금리,773,773,0,두진그린힐,59.735,202110,3,"7,700",12,2001,율금1길 221-34,,-,-
충청남도 천안서북구 성환읍 율금리,773,773,0,두진그린힐,38.6,202110,5,"4,000",4,2001,율금1길 221-34,,-,-
충청남도 천안서북구 성환읍 율금리,773,773,0,두진그린힐,59.98,202110,6,"8,000",3,2001,율금1길 221-34,,-,-
충청남도 천안서북구 성환읍 율금리,773,773,0,두진그린힐,38.6,202110,11,"4,000",12,2001,율금1길 221-34,,-,-
충청남도 천안서북구 성환읍 율금리,773,773,0,두진그린힐,38.6,202110,18,"4,300",10,2001,율금1길 221-34,20211022,-,-
충청남도 천안서북구 성환읍 율금리,773,773,0,두진그린힐,38.6,202110,19,"3,850",1,2001,율금1길 221-34,,-,-
충청남도 천안서북구 성환읍 율금리,773,773,0,두진그린힐,59.735,202110,20,"7,900",9,2001,율금1길 221-34,,-,-
충청남도 천안서북구 성환읍 율금리,773,773,0,두진그린힐,38.6,202110,22,"4,000",10,2001,율금1길 221-34,,-,-
충청남도 천안서북구 성환읍 율금리,773,773,0,두진그린힐,59.98,202110,23,"8,600",1,2001,율금1길 221-34,,-,-
충청남도 천안서북구 성환읍 율금리,447-2,447,2,이화,52.488,202110,2,"7,400",3,1998,율금1길 276,,-,-
충청남도 천안서북구 성환읍 율금리,447-2,447,2,이화,58.728,202110,5,"5,500",2,1998,율금1길 276,,-,-
충청남도 천안서북구 신당동,705,705,0,e편한세상천안부성,59.99,202110,2,"26,300",5,2018,천안대로 1287-1,,-,-
충청남도 천안서북구 신당동,705,705,0,e편한세상천안부성,59.99,202110,3,"24,500",6,2018,천안대로 1287-1,,-,-
충청남도 천안서북구 신당동,705,705,0,e편한세상천안부성,72.8643,202110,6,"31,500",5,2018,천안대로 1287-1,,-,-
충청남도 천안서북구 신당동,705,705,0,e편한세상천안부성,59.99,202110,10,"23,800",8,2018,천안대로 1287-1,,-,-
충청남도 천안서북구 신당동,705,705,0,e편한세상천안부성,72.8643,202110,11,"31,800",5,2018,천안대로 1287-1,,-,-
충청남도 천안서북구 신당동,705,705,0,e편한세상천안부성,59.852,202110,15,"29,000",10,2018,천안대로 1287-1,,-,-
충청남도 천안서북구 신당동,377-10,377,10,조승,59.88,202110,3,"6,800",1,1994,신당새터2길 29-12,,-,-
충청남도 천안서북구 신당동,377-10,377,10,조승,59.88,202110,7,"5,000",12,1994,신당새터2길 29-12,,-,-
충청남도 천안서북구 신당동,377-10,377,10,조승,84.99,202110,7,"9,300",10,1994,신당새터2길 29-12,,-,-
충청남도 천안서북구 쌍용동,1361,1361,0,계룡푸른마을,59.8,202110,1,"20,000",9,1996,충무로 143-8,,-,-
충청남도 천안서북구 쌍용동,1361,1361,0,계룡푸른마을,59.69,202110,2,"19,000",10,1996,충무로 143-8,,-,-
충청남도 천안서북구 쌍용동,1361,1361,0,계룡푸른마을,59.8,202110,6,"19,500",9,1996,충무로 143-8,,-,-
충청남도 천안서북구 쌍용동,1361,1361,0,계룡푸른마을,59.8,202110,11,"18,000",15,1996,충무로 143-8,,-,-
충청남도 천안서북구 쌍용동,1361,1361,0,계룡푸른마을,59.8,202110,15,"18,000",10,1996,충무로 143-8,,-,-
충청남도 천안서북구 쌍용동,1361,1361,0,계룡푸른마을,59.8,202110,16,"19,000",10,1996,충무로 143-8,,-,-
충청남도 천안서북구 쌍용동,1361,1361,0,계룡푸른마을,84.97,202110,25,"22,900",9,1996,충무로 143-8,,-,-
충청남도 천안서북구 쌍용동,1233,1233,0,광명,84.56,202110,2,"21,000",14,1993,미라2길 19,,-,-
충청남도 천안서북구 쌍용동,1233,1233,0,광명,59.93,202110,3,"16,400",14,1993,미라2길 19,,-,-
충청남도 천안서북구 쌍용동,1233,1233,0,광명,59.93,202110,4,"15,400",3,1993,미라2길 19,,-,-
충청남도 천안서북구 쌍용동,1233,1233,0,광명,84.56,202110,21,"18,700",1,1993,미라2길 19,,-,-
충청남도 천안서북구 쌍용동,1233,1233,0,광명,59.93,202110,21,"18,500",20,1993,미라2길 19,,-,-
충청남도 천안서북구 쌍용동,1233,1233,0,광명,59.93,202110,22,"17,000",17,1993,미라2길 19,,-,-
충청남도 천안서북구 쌍용동,1233,1233,0,광명,84.56,202110,23,"21,000",10,1993,미라2길 19,,-,-
충청남도 천안서북구 쌍용동,1233,1233,0,광명,59.93,202110,29,"15,200",3,1993,미라2길 19,,-,-
충청남도 천안서북구 쌍용동,380-3,380,3,극동,84.175,202110,13,"14,000",7,1991,새말3길 15,,-,-
충청남도 천안서북구 쌍용동,889,889,0,대우타워,134.64,202110,1,"24,000",14,1994,미라15길 24,,-,-
충청남도 천안서북구 쌍용동,889,889,0,대우타워,59.76,202110,5,"14,500",2,1994,미라15길 24,,-,-
충청남도 천안서북구 쌍용동,889,889,0,대우타워,59.76,202110,8,"15,900",10,1994,미라15길 24,,-,-
충청남도 천안서북구 쌍용동,889,889,0,대우타워,59.76,202110,12,"16,400",17,1994,미라15길 24,,-,-
충청남도 천안서북구 쌍용동,889,889,0,대우타워,84.9225,202110,12,"19,500",4,1994,미라15길 24,,-,-
충청남도 천안서북구 쌍용동,889,889,0,대우타워,59.76,202110,13,"15,500",5,1994,미라15길 24,,-,-
충청남도 천안서북구 쌍용동,1279,1279,0,라이프타운,99.77,202110,3,"22,500",10,1994,쌍용11길 33,,-,-
충청남도 천안서북구 쌍용동,1279,1279,0,라이프타운,99.77,202110,5,"24,000",12,1994,쌍용11길 33,,-,-
충청남도 천안서북구 쌍용동,1279,1279,0,라이프타운,99.77,202110,7,"22,000",7,1994,쌍용11길 33,,-,-
충청남도 천안서북구 쌍용동,1279,1279,0,라이프타운,95.96,202110,10,"20,500",4,1994,쌍용11길 33,,-,-
충청남도 천안서북구 쌍용동,1273,1273,0,상록수현대,59.445,202110,23,"17,700",8,1995,쌍용17길 52,,-,-
충청남도 천안서북구 쌍용동,1273,1273,0,상록수현대,59.445,202110,28,"18,200",19,1995,쌍용17길 52,,-,-
충청남도 천안서북구 쌍용동,1273,1273,0,상록수현대,59.445,202110,31,"17,700",12,1995,쌍용17길 52,,-,-
충청남도 천안서북구 쌍용동,566,566,0,세경개나리,52.59,202110,2,"11,900",6,1994,쌍용18길 61,,-,-
충청남도 천안서북구 쌍용동,566,566,0,세경개나리,52.59,202110,2,"11,900",5,1994,쌍용18길 61,,-,-
충청남도 천안서북구 쌍용동,566,566,0,세경개나리,52.59,202110,13,"11,800",2,1994,쌍용18길 61,,-,-
충청남도 천안서북구 쌍용동,861,861,0,시영1차근로복지,42.66,202110,16,"8,800",8,1992,봉서2길 7,20211018,-,-
충청남도 천안서북구 쌍용동,861,861,0,시영1차근로복지,42.66,202110,16,"8,800",8,1992,봉서2길 7,,-,-
충청남도 천안서북구 쌍용동,861,861,0,시영1차근로복지,42.66,202110,18,"9,700",14,1992,봉서2길 7,,-,-
충청남도 천안서북구 쌍용동,2077,2077,0,쌍용동일하이빌,84.993,202110,2,"32,500",3,2007,충무로 5-16,,-,-
충청남도 천안서북구 쌍용동,2077,2077,0,쌍용동일하이빌,114.771,202110,16,"40,600",11,2007,충무로 5-16,,-,-
충청남도 천안서북구 쌍용동,1920,1920,0,"쌍용마을뜨란채,주공아파트",59.95,202110,2,"18,700",15,1999,봉서산샛길 64,,-,-
충청남도 천안서북구 쌍용동,1920,1920,0,"쌍용마을뜨란채,주공아파트",59.95,202110,2,"17,800",9,1999,봉서산샛길 64,,-,-
충청남도 천안서북구 쌍용동,1920,1920,0,"쌍용마을뜨란채,주공아파트",59.78,202110,5,"17,200",5,1999,봉서산샛길 64,,-,-
충청남도 천안서북구 쌍용동,1920,1920,0,"쌍용마을뜨란채,주공아파트",59.95,202110,7,"19,700",4,1999,봉서산샛길 64,,-,-
충청남도 천안서북구 쌍용동,1920,1920,0,"쌍용마을뜨란채,주공아파트",84.57,202110,8,"24,700",15,1999,봉서산샛길 64,,-,-
충청남도 천안서북구 쌍용동,1920,1920,0,"쌍용마을뜨란채,주공아파트",59.95,202110,10,"17,500",13,1999,봉서산샛길 64,,-,-
충청남도 천안서북구 쌍용동,1920,1920,0,"쌍용마을뜨란채,주공아파트",59.95,202110,14,"17,900",12,1999,봉서산샛길 64,,-,-
충청남도 천안서북구 쌍용동,1920,1920,0,"쌍용마을뜨란채,주공아파트",59.78,202110,16,"17,500",6,1999,봉서산샛길 64,,-,-
충청남도 천안서북구 쌍용동,1920,1920,0,"쌍용마을뜨란채,주공아파트",59.95,202110,21,"17,900",12,1999,봉서산샛길 64,20211021,-,-
충청남도 천안서북구 쌍용동,1920,1920,0,"쌍용마을뜨란채,주공아파트",59.95,202110,24,"19,500",4,1999,봉서산샛길 64,,-,-
충청남도 천안서북구 쌍용동,1920,1920,0,"쌍용마을뜨란채,주공아파트",84.57,202110,26,"26,000",12,1999,봉서산샛길 64,,-,-
충청남도 천안서북구 쌍용동,1920,1920,0,"쌍용마을뜨란채,주공아파트",59.95,202110,26,"19,500",13,1999,봉서산샛길 64,,-,-
충청남도 천안서북구 쌍용동,2050,2050,0,쌍용역푸르지오,84.7279,202110,2,"29,800",8,2006,충무로 93,,-,-
충청남도 천안서북구 쌍용동,2050,2050,0,쌍용역푸르지오,84.7279,202110,11,"27,500",2,2006,충무로 93,,-,-
충청남도 천안서북구 쌍용동,2050,2050,0,쌍용역푸르지오,84.7279,202110,18,"29,500",9,2006,충무로 93,,-,-
충청남도 천안서북구 쌍용동,2075,2075,0,쌍용자이,84.839,202110,8,"34,500",11,2007,월봉1길 15,,-,-
충청남도 천안서북구 쌍용동,2075,2075,0,쌍용자이,84.839,202110,16,"29,800",4,2007,월봉1길 15,,-,-
충청남도 천안서북구 쌍용동,1923,1923,0,용암동아벽산,134.78,202110,2,"40,000",7,1999,월봉로 131,,-,-
충청남도 천안서북구 쌍용동,1923,1923,0,용암동아벽산,134.78,202110,3,"35,000",4,1999,월봉로 131,,-,-
충청남도 천안서북구 쌍용동,1923,1923,0,용암동아벽산,134.78,202110,5,"38,500",7,1999,월봉로 131,,-,-
충청남도 천안서북구 쌍용동,1548,1548,0,월봉대우,59.884,202110,2,"20,000",11,1998,월봉4로 88-11,,-,-
충청남도 천안서북구 쌍용동,1548,1548,0,월봉대우,59.884,202110,11,"20,000",14,1998,월봉4로 88-11,,-,-
충청남도 천안서북구 쌍용동,1548,1548,0,월봉대우,59.884,202110,15,"18,800",12,1998,월봉4로 88-11,,-,-
충청남도 천안서북구 쌍용동,1548,1548,0,월봉대우,59.884,202110,18,"18,350",12,1998,월봉4로 88-11,,-,-
충청남도 천안서북구 쌍용동,1538,1538,0,월봉벽산,85,202110,2,"25,300",9,1998,월봉4로 140-14,,-,-
충청남도 천안서북구 쌍용동,1538,1538,0,월봉벽산,75.96,202110,11,"22,700",3,1998,월봉4로 140-14,,-,-
충청남도 천안서북구 쌍용동,1547,1547,0,월봉일성5,59.99,202110,3,"18,850",8,1999,월봉4로 120-16,,-,-
충청남도 천안서북구 쌍용동,1547,1547,0,월봉일성5,84.9,202110,6,"21,700",1,1999,월봉4로 120-16,,-,-
충청남도 천안서북구 쌍용동,1367,1367,0,월봉청솔1단지,50.16,202110,1,"15,600",11,2000,월봉4로 140-9,,-,-
충청남도 천안서북구 쌍용동,1367,1367,0,월봉청솔1단지,50.16,202110,1,"10,400",1,2000,월봉4로 140-9,,-,-
충청남도 천안서북구 쌍용동,1367,1367,0,월봉청솔1단지,50.16,202110,2,"16,200",15,2000,월봉4로 140-9,,-,-
충청남도 천안서북구 쌍용동,1367,1367,0,월봉청솔1단지,50.16,202110,2,"16,700",7,2000,월봉4로 140-9,,-,-
충청남도 천안서북구 쌍용동,1367,1367,0,월봉청솔1단지,50.16,202110,2,"16,500",11,2000,월봉4로 140-9,,-,-
충청남도 천안서북구 쌍용동,1367,1367,0,월봉청솔1단지,50.16,202110,5,"16,700",6,2000,월봉4로 140-9,,-,-
충청남도 천안서북구 쌍용동,1367,1367,0,월봉청솔1단지,50.16,202110,6,"16,350",3,2000,월봉4로 140-9,,-,-
충청남도 천안서북구 쌍용동,1367,1367,0,월봉청솔1단지,50.16,202110,9,"16,750",5,2000,월봉4로 140-9,,-,-
충청남도 천안서북구 쌍용동,1367,1367,0,월봉청솔1단지,50.16,202110,13,"16,400",3,2000,월봉4로 140-9,,-,-
충청남도 천안서북구 쌍용동,1367,1367,0,월봉청솔1단지,50.16,202110,15,"15,000",15,2000,월봉4로 140-9,,-,-
충청남도 천안서북구 쌍용동,1367,1367,0,월봉청솔1단지,50.16,202110,16,"13,800",1,2000,월봉4로 140-9,,-,-
충청남도 천안서북구 쌍용동,1367,1367,0,월봉청솔1단지,50.16,202110,16,"15,500",7,2000,월봉4로 140-9,,-,-
충청남도 천안서북구 쌍용동,1367,1367,0,월봉청솔1단지,50.16,202110,18,"16,500",14,2000,월봉4로 140-9,,-,-
충청남도 천안서북구 쌍용동,1367,1367,0,월봉청솔1단지,50.16,202110,18,"15,300",4,2000,월봉4로 140-9,,-,-
충청남도 천안서북구 쌍용동,1367,1367,0,월봉청솔1단지,50.16,202110,20,"16,700",14,2000,월봉4로 140-9,,-,-
충청남도 천안서북구 쌍용동,1367,1367,0,월봉청솔1단지,50.16,202110,20,"12,850",1,2000,월봉4로 140-9,,-,-
충청남도 천안서북구 쌍용동,1367,1367,0,월봉청솔1단지,50.16,202110,22,"15,700",11,2000,월봉4로 140-9,,-,-
충청남도 천안서북구 쌍용동,1367,1367,0,월봉청솔1단지,50.16,202110,22,"15,000",13,2000,월봉4로 140-9,,-,-
충청남도 천안서북구 쌍용동,1367,1367,0,월봉청솔1단지,50.16,202110,22,"13,500",1,2000,월봉4로 140-9,,-,-
충청남도 천안서북구 쌍용동,1367,1367,0,월봉청솔1단지,50.16,202110,22,"12,500",1,2000,월봉4로 140-9,,-,-
충청남도 천안서북구 쌍용동,1367,1367,0,월봉청솔1단지,50.16,202110,26,"16,000",4,2000,월봉4로 140-9,,-,-
충청남도 천안서북구 쌍용동,1561,1561,0,월봉청솔2차,48.45,202110,2,"16,200",13,2000,월봉7길 77,,-,-
충청남도 천안서북구 쌍용동,1561,1561,0,월봉청솔2차,48.45,202110,2,"14,500",11,2000,월봉7길 77,,-,-
충청남도 천안서북구 쌍용동,1561,1561,0,월봉청솔2차,48.45,202110,2,"16,000",6,2000,월봉7길 77,,-,-
충청남도 천안서북구 쌍용동,1561,1561,0,월봉청솔2차,48.45,202110,2,"13,750",4,2000,월봉7길 77,,-,-
충청남도 천안서북구 쌍용동,1561,1561,0,월봉청솔2차,48.45,202110,2,"13,000",14,2000,월봉7길 77,,-,-
충청남도 천안서북구 쌍용동,1561,1561,0,월봉청솔2차,48.45,202110,2,"16,000",6,2000,월봉7길 77,20211026,-,-
충청남도 천안서북구 쌍용동,1561,1561,0,월봉청솔2차,48.45,202110,2,"15,600",15,2000,월봉7길 77,,-,-
충청남도 천안서북구 쌍용동,1561,1561,0,월봉청솔2차,48.45,202110,4,"16,000",8,2000,월봉7길 77,,-,-
충청남도 천안서북구 쌍용동,1561,1561,0,월봉청솔2차,48.45,202110,6,"16,000",13,2000,월봉7길 77,,-,-
충청남도 천안서북구 쌍용동,1561,1561,0,월봉청솔2차,48.45,202110,7,"16,400",9,2000,월봉7길 77,,-,-
충청남도 천안서북구 쌍용동,1561,1561,0,월봉청솔2차,48.45,202110,9,"14,000",11,2000,월봉7길 77,,-,-
충청남도 천안서북구 쌍용동,1561,1561,0,월봉청솔2차,48.45,202110,9,"16,500",12,2000,월봉7길 77,,-,-
충청남도 천안서북구 쌍용동,1561,1561,0,월봉청솔2차,48.45,202110,10,"15,400",4,2000,월봉7길 77,,-,-
충청남도 천안서북구 쌍용동,1561,1561,0,월봉청솔2차,48.45,202110,11,"14,900",9,2000,월봉7길 77,,-,-
충청남도 천안서북구 쌍용동,1561,1561,0,월봉청솔2차,48.45,202110,11,"16,000",8,2000,월봉7길 77,,-,-
충청남도 천안서북구 쌍용동,1561,1561,0,월봉청솔2차,48.45,202110,11,"14,900",11,2000,월봉7길 77,,-,-
충청남도 천안서북구 쌍용동,1561,1561,0,월봉청솔2차,48.45,202110,12,"15,600",11,2000,월봉7길 77,,-,-
충청남도 천안서북구 쌍용동,1561,1561,0,월봉청솔2차,48.45,202110,13,"13,300",7,2000,월봉7길 77,,-,-
충청남도 천안서북구 쌍용동,1561,1561,0,월봉청솔2차,48.45,202110,15,"16,300",12,2000,월봉7길 77,,-,-
충청남도 천안서북구 쌍용동,1561,1561,0,월봉청솔2차,48.45,202110,16,"16,700",8,2000,월봉7길 77,,-,-
충청남도 천안서북구 쌍용동,1561,1561,0,월봉청솔2차,48.45,202110,16,"14,000",3,2000,월봉7길 77,,-,-
충청남도 천안서북구 쌍용동,1561,1561,0,월봉청솔2차,48.45,202110,17,"16,700",14,2000,월봉7길 77,,-,-
충청남도 천안서북구 쌍용동,1561,1561,0,월봉청솔2차,48.45,202110,18,"12,500",6,2000,월봉7길 77,,-,-
충청남도 천안서북구 쌍용동,1561,1561,0,월봉청솔2차,48.45,202110,20,"16,500",9,2000,월봉7길 77,,-,-
충청남도 천안서북구 쌍용동,1561,1561,0,월봉청솔2차,48.45,202110,28,"15,200",5,2000,월봉7길 77,,-,-
충청남도 천안서북구 쌍용동,1538,1538,0,월봉태영,85,202110,2,"25,500",9,1998,월봉4로 140-16,,-,-
충청남도 천안서북구 쌍용동,1538,1538,0,월봉태영,85,202110,2,"25,900",5,1998,월봉4로 140-16,,-,-
충청남도 천안서북구 쌍용동,1538,1538,0,월봉태영,85,202110,8,"25,500",9,1998,월봉4로 140-16,,-,-
충청남도 천안서북구 쌍용동,1538,1538,0,월봉태영,75.96,202110,8,"21,000",5,1998,월봉4로 140-16,,-,-
충청남도 천안서북구 쌍용동,1538,1538,0,월봉태영,85,202110,20,"26,900",7,1998,월봉4로 140-16,,-,-
충청남도 천안서북구 쌍용동,379-33,379,33,이화,79.43,202110,10,"16,000",2,1985,다가말2길 14,,-,-
충청남도 천안서북구 쌍용동,848,848,0,일성,84.72,202110,2,"18,200",18,1992,봉서7길 13,,-,-
충청남도 천안서북구 쌍용동,848,848,0,일성,84.72,202110,5,"17,500",10,1992,봉서7길 13,,-,-
충청남도 천안서북구 쌍용동,848,848,0,일성,84.72,202110,6,"17,000",1,1992,봉서7길 13,,-,-
충청남도 천안서북구 쌍용동,848,848,0,일성,84.72,202110,10,"18,700",9,1992,봉서7길 13,,-,-
충청남도 천안서북구 쌍용동,788,788,0,일성2,84.91,202110,2,"16,000",6,1994,봉서5길 11-19,,-,-
충청남도 천안서북구 쌍용동,788,788,0,일성2,84.91,202110,7,"17,300",14,1994,봉서5길 11-19,,-,-
충청남도 천안서북구 쌍용동,652,652,0,일성3차(능수),59.68,202110,1,"18,500",8,1994,쌍용17길 25,,-,-
충청남도 천안서북구 쌍용동,652,652,0,일성3차(능수),59.68,202110,4,"18,500",15,1994,쌍용17길 25,,-,-
충청남도 천안서북구 쌍용동,652,652,0,일성3차(능수),84.82,202110,18,"20,000",4,1994,쌍용17길 25,,-,-
충청남도 천안서북구 쌍용동,657,657,0,일성다래,71.9,202110,2,"18,500",17,1996,쌍용16길 41,,-,-
충청남도 천안서북구 쌍용동,1282,1282,0,주공7단지2차,41.85,202110,11,"8,000",3,1995,쌍용11길 55,,-,-
충청남도 천안서북구 쌍용동,1282,1282,0,주공7단지2차,41.85,202110,13,"9,500",11,1995,쌍용11길 55,,-,-
충청남도 천안서북구 쌍용동,1282,1282,0,주공7단지2차,41.85,202110,19,"9,450",14,1995,쌍용11길 55,,-,-
충청남도 천안서북구 쌍용동,1282,1282,0,주공7단지2차,41.85,202110,27,"11,000",14,1995,쌍용11길 55,,-,-
충청남도 천안서북구 쌍용동,1289,1289,0,주공7단지3차,59.85,202110,2,"15,300",2,1995,쌍용11길 58,,-,-
충청남도 천안서북구 쌍용동,1289,1289,0,주공7단지3차,59.85,202110,4,"15,500",9,1995,쌍용11길 58,,-,-
충청남도 천안서북구 쌍용동,1289,1289,0,주공7단지3차,59.85,202110,5,"13,500",11,1995,쌍용11길 58,,-,-
충청남도 천안서북구 쌍용동,1289,1289,0,주공7단지3차,59.85,202110,7,"15,200",8,1995,쌍용11길 58,,-,-
충청남도 천안서북구 쌍용동,1289,1289,0,주공7단지3차,59.85,202110,14,"15,900",11,1995,쌍용11길 58,,-,-
충청남도 천안서북구 쌍용동,1289,1289,0,주공7단지3차,59.85,202110,23,"16,500",6,1995,쌍용11길 58,,-,-
충청남도 천안서북구 쌍용동,1289,1289,0,주공7단지3차,59.85,202110,29,"16,300",7,1995,쌍용11길 58,,-,-
충청남도 천안서북구 쌍용동,1914,1914,0,주공9,59.71,202110,1,"18,200",10,1998,봉서산샛길 65,,-,-
충청남도 천안서북구 쌍용동,1914,1914,0,주공9,39.69,202110,1,"9,000",13,1998,봉서산샛길 65,,-,-
충청남도 천안서북구 쌍용동,1914,1914,0,주공9,49.77,202110,2,"16,000",5,1998,봉서산샛길 65,,-,-
충청남도 천안서북구 쌍용동,1914,1914,0,주공9,39.69,202110,6,"10,000",3,1998,봉서산샛길 65,,-,-
충청남도 천안서북구 쌍용동,1914,1914,0,주공9,49.77,202110,7,"15,900",4,1998,봉서산샛길 65,,-,-
충청남도 천안서북구 쌍용동,1914,1914,0,주공9,49.77,202110,7,"15,500",6,1998,봉서산샛길 65,,-,-
충청남도 천안서북구 쌍용동,1914,1914,0,주공9,49.77,202110,8,"15,400",10,1998,봉서산샛길 65,,-,-
충청남도 천안서북구 쌍용동,1914,1914,0,주공9,39.69,202110,9,"10,500",7,1998,봉서산샛길 65,,-,-
충청남도 천안서북구 쌍용동,1914,1914,0,주공9,49.77,202110,11,"13,800",1,1998,봉서산샛길 65,,-,-
충청남도 천안서북구 쌍용동,1914,1914,0,주공9,59.71,202110,12,"19,800",9,1998,봉서산샛길 65,,-,-
충청남도 천안서북구 쌍용동,1914,1914,0,주공9,49.77,202110,13,"15,700",12,1998,봉서산샛길 65,,-,-
충청남도 천안서북구 쌍용동,1914,1914,0,주공9,59.71,202110,14,"19,400",15,1998,봉서산샛길 65,,-,-
충청남도 천안서북구 쌍용동,1914,1914,0,주공9,49.77,202110,15,"14,900",8,1998,봉서산샛길 65,,-,-
충청남도 천안서북구 쌍용동,1914,1914,0,주공9,49.77,202110,16,"16,000",9,1998,봉서산샛길 65,,-,-
충청남도 천안서북구 쌍용동,1914,1914,0,주공9,39.69,202110,18,"11,000",6,1998,봉서산샛길 65,,-,-
충청남도 천안서북구 쌍용동,1914,1914,0,주공9,49.77,202110,21,"15,200",2,1998,봉서산샛길 65,,-,-
충청남도 천안서북구 쌍용동,1914,1914,0,주공9,39.69,202110,23,"11,000",3,1998,봉서산샛길 65,,-,-
충청남도 천안서북구 쌍용동,1914,1914,0,주공9,49.77,202110,28,"14,500",6,1998,봉서산샛길 65,,-,-
충청남도 천안서북구 쌍용동,2134,2134,0,천안쌍용역코오롱하늘채,84.97,202110,12,"48,500",6,2018,월봉로 15,,-,-
충청남도 천안서북구 쌍용동,2134,2134,0,천안쌍용역코오롱하늘채,59.93,202110,15,"22,690",13,2018,월봉로 15,,-,-
충청남도 천안서북구 쌍용동,2134,2134,0,천안쌍용역코오롱하늘채,70.87,202110,16,"42,000",21,2018,월봉로 15,,-,-
충청남도 천안서북구 쌍용동,2134,2134,0,천안쌍용역코오롱하늘채,59.93,202110,23,"32,300",23,2018,월봉로 15,,-,-
충청남도 천안서북구 쌍용동,2100,2100,0,파크밸리동일하이빌,84.971,202110,5,"53,800",9,2011,봉서산1길 35,,-,-
충청남도 천안서북구 쌍용동,565,565,0,한라동백,59.76,202110,2,"19,800",14,1995,쌍용17길 13,,-,-
충청남도 천안서북구 쌍용동,565,565,0,한라동백,59.76,202110,5,"18,500",18,1995,쌍용17길 13,,-,-
충청남도 천안서북구 쌍용동,565,565,0,한라동백,59.76,202110,16,"18,000",15,1995,쌍용17길 13,,-,-
충청남도 천안서북구 쌍용동,1363-1,1363,1,해누리선경,59.796,202110,2,"17,500",4,1996,충무로 158-10,,-,-
충청남도 천안서북구 쌍용동,1363-1,1363,1,해누리선경,59.796,202110,4,"17,500",5,1996,충무로 158-10,,-,-
충청남도 천안서북구 쌍용동,1363-1,1363,1,해누리선경,59.796,202110,4,"20,500",17,1996,충무로 158-10,,-,-
충청남도 천안서북구 쌍용동,1363-1,1363,1,해누리선경,59.796,202110,13,"19,500",15,1996,충무로 158-10,,-,-
충청남도 천안서북구 쌍용동,389-3,389,3,현대1,84.945,202110,1,"14,400",8,1991,새말3길 29,,-,-
충청남도 천안서북구 쌍용동,389-3,389,3,현대1,84.945,202110,11,"18,000",5,1991,새말3길 29,20211026,-,-
충청남도 천안서북구 쌍용동,389-3,389,3,현대1,71.175,202110,11,"14,500",5,1991,새말3길 29,,-,-
충청남도 천안서북구 쌍용동,389-3,389,3,현대1,84.945,202110,11,"18,000",5,1991,새말3길 29,,-,-
충청남도 천안서북구 쌍용동,389-3,389,3,현대1,71.175,202110,30,"17,500",8,1991,새말3길 29,,-,-
충청남도 천안서북구 쌍용동,388-2,388,2,현대3,59.4,202110,12,"13,600",4,1994,충무로 208,,-,-
충청남도 천안서북구 쌍용동,388-2,388,2,현대3,59.61,202110,19,"15,000",16,1994,충무로 208,,-,-
충청남도 천안서북구 쌍용동,388-2,388,2,현대3,59.61,202110,21,"14,000",20,1994,충무로 208,,-,-
충청남도 천안서북구 쌍용동,2045,2045,0,현대6차1단지,123.586,202110,2,"42,000",7,2004,충무로 124-24,,-,-
충청남도 천안서북구 쌍용동,2045,2045,0,현대6차1단지,107.347,202110,3,"39,000",6,2004,충무로 124-24,,-,-
충청남도 천안서북구 쌍용동,2045,2045,0,현대6차1단지,59.367,202110,9,"23,900",11,2004,충무로 124-24,,-,-
충청남도 천안서북구 쌍용동,2045,2045,0,현대6차1단지,107.347,202110,9,"35,500",3,2004,충무로 124-24,,-,-
충청남도 천안서북구 쌍용동,2045,2045,0,현대6차1단지,84.718,202110,9,"34,500",13,2004,충무로 124-24,,-,-
충청남도 천안서북구 쌍용동,2045,2045,0,현대6차1단지,84.718,202110,20,"35,000",2,2004,충무로 124-24,,-,-
충청남도 천안서북구 와촌동,173,173,0,신동아파밀리에,84.9816,202110,18,"31,000",8,2005,천안천4길 18-10,,-,-
충청남도 천안서북구 와촌동,173,173,0,신동아파밀리에,84.9816,202110,24,"27,800",13,2005,천안천4길 18-10,,-,-
충청남도 천안서북구 와촌동,100-2,100,2,천안신성미소시티,40.43,202110,23,"8,000",7,2015,와촌4길 19,,-,-
충청남도 천안서북구 와촌동,186,186,0,천안역사동아라이크텐,84.9864,202110,4,"44,000",6,2021,천안천4길 20,,-,-
충청남도 천안서북구 와촌동,186,186,0,천안역사동아라이크텐,65.4418,202110,23,"44,000",43,2021,천안천4길 20,,-,-
충청남도 천안서북구 입장면 기로리,Jan-86,86,1,주성레이크빌,30.2257,202110,9,"3,200",1,2003,위례성로 1909-3,,-,-
충청남도 천안서북구 입장면 기로리,Jan-86,86,1,주성레이크빌,49.9088,202110,11,"3,300",5,2003,위례성로 1909-3,,-,-
충청남도 천안서북구 입장면 기로리,Jan-86,86,1,주성레이크빌,49.9088,202110,28,"5,500",3,2003,위례성로 1909-3,,-,-
충청남도 천안서북구 입장면 도림리,341-1,341,1,한성,54.272,202110,1,"7,200",3,1999,도림길 10,,-,-
충청남도 천안서북구 입장면 도림리,341-1,341,1,한성,59.764,202110,8,"6,250",1,1999,도림길 10,,-,-
충청남도 천안서북구 입장면 도림리,341-1,341,1,한성,54.272,202110,8,"5,000",1,1999,도림길 10,,-,-
충청남도 천안서북구 입장면 도림리,341-1,341,1,한성,54.272,202110,8,"5,500",3,1999,도림길 10,,-,-
충청남도 천안서북구 입장면 도림리,341-1,341,1,한성,54.272,202110,8,"5,500",3,1999,도림길 10,,-,-
충청남도 천안서북구 입장면 도림리,341-1,341,1,한성,39.512,202110,10,"3,600",5,1999,도림길 10,,-,-
충청남도 천안서북구 입장면 도림리,341-1,341,1,한성,54.272,202110,14,"6,500",1,1999,도림길 10,,-,-
충청남도 천안서북구 입장면 도림리,341-1,341,1,한성,59.764,202110,16,"7,200",2,1999,도림길 10,,-,-
충청남도 천안서북구 입장면 신덕리,200-21,200,21,연합,59.52,202110,2,"4,800",3,1992,성진로 718,,-,-
충청남도 천안서북구 직산읍 군서리,428-3,428,3,청호,58.97,202110,3,"3,100",6,1993,군수1길 78-23,,-,-
충청남도 천안서북구 직산읍 군서리,428-3,428,3,청호,58.97,202110,15,"4,000",6,1993,군수1길 78-23,,-,-
충청남도 천안서북구 직산읍 군서리,428-3,428,3,청호,53.3,202110,25,"3,000",5,1993,군수1길 78-23,,-,-
충청남도 천안서북구 직산읍 군서리,428-5,428,5,청호7차,55.84,202110,13,"3,200",6,1995,군수1길 78-23,,-,-
충청남도 천안서북구 직산읍 모시리,242-5,242,5,대림,39.95,202110,18,"5,000",10,1998,2공단5로 169,,-,-
충청남도 천안서북구 직산읍 모시리,242-5,242,5,대림,39.95,202110,18,"5,000",6,1998,2공단5로 169,,-,-
충청남도 천안서북구 직산읍 모시리,242-5,242,5,대림,39.95,202110,27,"5,000",3,1998,2공단5로 169,,-,-
충청남도 천안서북구 직산읍 모시리,253-38,253,38,동보호수마을,25.725,202110,8,"1,550",10,1997,상덕로 32,,-,-
충청남도 천안서북구 직산읍 모시리,253-38,253,38,동보호수마을,25.725,202110,20,"1,620",8,1997,상덕로 32,,-,-
충청남도 천안서북구 직산읍 모시리,253-38,253,38,동보호수마을,25.725,202110,21,"1,800",8,1997,상덕로 32,,-,-
충청남도 천안서북구 직산읍 모시리,253-38,253,38,동보호수마을,25.725,202110,28,"1,600",7,1997,상덕로 32,,-,-
충청남도 천안서북구 직산읍 모시리,253-38,253,38,동보호수마을,25.725,202110,28,"1,600",7,1997,상덕로 32,,-,-
충청남도 천안서북구 직산읍 모시리,206-13,206,13,우성8차,49.71,202110,2,"6,000",13,1995,자은가리1길 68,,-,-
충청남도 천안서북구 직산읍 모시리,206-13,206,13,우성8차,49.71,202110,8,"5,050",6,1995,자은가리1길 68,,-,-
충청남도 천안서북구 직산읍 모시리,206-13,206,13,우성8차,49.71,202110,12,"5,100",13,1995,자은가리1길 68,,-,-
충청남도 천안서북구 직산읍 모시리,206-13,206,13,우성8차,49.71,202110,19,"5,200",2,1995,자은가리1길 68,,-,-
충청남도 천안서북구 직산읍 모시리,206-13,206,13,우성8차,49.71,202110,20,"4,700",15,1995,자은가리1길 68,,-,-
충청남도 천안서북구 직산읍 부송리,152-16,152,16,청솔,59.74,202110,4,"4,500",4,1995,부송로 355,,-,-
충청남도 천안서북구 직산읍 부송리,152-16,152,16,청솔,59.94,202110,10,"4,800",2,1995,부송로 355,,-,-
충청남도 천안서북구 직산읍 부송리,152-16,152,16,청솔,59.94,202110,14,"6,000",2,1995,부송로 355,,-,-
충청남도 천안서북구 직산읍 부송리,Mar-60,60,3,청호4차,59.55,202110,8,"6,000",3,1992,송기길 23,,-,-
충청남도 천안서북구 직산읍 부송리,Mar-60,60,3,청호4차,59.55,202110,14,"5,200",4,1992,송기길 23,20211104,-,-
충청남도 천안서북구 직산읍 삼은리,76-67,76,67,브리엔츠아파트,49.5088,202110,12,"14,800",2,2019,삼은2길 26,,-,-
충청남도 천안서북구 직산읍 삼은리,Apr-72,72,4,일진,77.16,202110,19,"8,000",3,1990,삼은5길 14,,-,-
충청남도 천안서북구 직산읍 삼은리,69-14,69,14,정석,51.79,202110,23,"5,900",4,1991,직산로 18-23,,-,-
충청남도 천안서북구 직산읍 삼은리,72-41,72,41,직산세광엔리치빌1차1단지,76.2465,202110,9,"17,400",5,2005,삼은5길 12-12,,-,-
충청남도 천안서북구 직산읍 삼은리,Mar-74,74,3,직산세광엔리치빌1차2단지,84.9977,202110,3,"21,500",3,2005,삼은4길 18-23,,-,-
충청남도 천안서북구 직산읍 삼은리,Mar-74,74,3,직산세광엔리치빌1차2단지,88.7628,202110,6,"23,500",8,2005,삼은4길 18-23,,-,-
충청남도 천안서북구 직산읍 삼은리,Mar-74,74,3,직산세광엔리치빌1차2단지,84.9977,202110,11,"19,000",4,2005,삼은4길 18-23,,-,-
충청남도 천안서북구 직산읍 삼은리,395,395,0,직산코아루,84.943,202110,19,"18,500",9,2005,삼은3길 34,,-,-
충청남도 천안서북구 직산읍 삼은리,395,395,0,직산코아루,84.943,202110,29,"18,400",4,2005,삼은3길 34,,-,-
충청남도 천안서북구 직산읍 삼은리,70,70,0,직산한도,73.755,202110,6,"12,600",12,1993,직산로 24,,-,-
충청남도 천안서북구 직산읍 삼은리,70,70,0,직산한도,63.225,202110,16,"11,900",10,1993,직산로 24,,-,-
충청남도 천안서북구 직산읍 삼은리,584,584,0,직산한양수자인아이림아파트,59.1619,202110,2,"23,500",6,2019,천안밸리로 22-11,,-,-
충청남도 천안서북구 직산읍 삼은리,584,584,0,직산한양수자인아이림아파트,59.1619,202110,2,"22,930",3,2019,천안밸리로 22-11,,-,-
충청남도 천안서북구 직산읍 삼은리,584,584,0,직산한양수자인아이림아파트,59.157,202110,4,"24,000",8,2019,천안밸리로 22-11,,-,-
충청남도 천안서북구 직산읍 삼은리,584,584,0,직산한양수자인아이림아파트,59.157,202110,5,"22,000",17,2019,천안밸리로 22-11,,-,-
충청남도 천안서북구 직산읍 삼은리,584,584,0,직산한양수자인아이림아파트,59.157,202110,16,"25,500",22,2019,천안밸리로 22-11,,-,-
충청남도 천안서북구 직산읍 삼은리,584,584,0,직산한양수자인아이림아파트,59.1619,202110,24,"25,500",7,2019,천안밸리로 22-11,,-,-
충청남도 천안서북구 직산읍 삼은리,72-19,72,19,청림,32.82,202110,2,"3,250",4,1990,삼은5길 18,,-,-
충청남도 천안서북구 직산읍 삼은리,72-19,72,19,청림,32.82,202110,14,"3,000",4,1990,삼은5길 18,,-,-
충청남도 천안서북구 직산읍 삼은리,72-19,72,19,청림,32.82,202110,21,"4,000",4,1990,삼은5길 18,,-,-
충청남도 천안서북구 직산읍 삼은리,575,575,0,한양수자인비다펠리즈,59.1619,202110,1,"23,900",18,2019,천안밸리로 22-22,,-,-
충청남도 천안서북구 직산읍 삼은리,575,575,0,한양수자인비다펠리즈,64.4691,202110,7,"25,500",22,2019,천안밸리로 22-22,,-,-
충청남도 천안서북구 직산읍 삼은리,575,575,0,한양수자인비다펠리즈,64.4691,202110,8,"24,800",10,2019,천안밸리로 22-22,,-,-
충청남도 천안서북구 직산읍 삼은리,575,575,0,한양수자인비다펠리즈,59.1619,202110,8,"25,000",19,2019,천안밸리로 22-22,,-,-
충청남도 천안서북구 직산읍 삼은리,575,575,0,한양수자인비다펠리즈,64.4691,202110,8,"25,500",12,2019,천안밸리로 22-22,,-,-
충청남도 천안서북구 직산읍 삼은리,575,575,0,한양수자인비다펠리즈,64.4691,202110,14,"26,000",7,2019,천안밸리로 22-22,,-,-
충청남도 천안서북구 직산읍 삼은리,575,575,0,한양수자인비다펠리즈,64.4691,202110,23,"25,000",18,2019,천안밸리로 22-22,,-,-
충청남도 천안서북구 직산읍 삼은리,575,575,0,한양수자인비다펠리즈,64.4691,202110,24,"26,000",11,2019,천안밸리로 22-22,,-,-
충청남도 천안서북구 직산읍 상덕리,107,107,0,직산산호,49.8,202110,15,"3,150",2,1997,양당율금길 4-30,,-,-
충청남도 천안서북구 직산읍 상덕리,107,107,0,직산산호,49.8,202110,15,"3,780",4,1997,양당율금길 4-30,,-,-
충청남도 천안서북구 직산읍 상덕리,107,107,0,직산산호,49.8,202110,18,"3,100",10,1997,양당율금길 4-30,,-,-
충청남도 천안서북구 직산읍 상덕리,107,107,0,직산산호,49.8,202110,25,"3,200",11,1997,양당율금길 4-30,,-,-
충청남도 천안서북구 직산읍 상덕리,429,429,0,한아름,33.75,202110,27,"2,000",2,1998,상덕로 286,,-,-
충청남도 천안서북구 직산읍 수헐리,01월 16일,16,1,직산부영,49.662,202110,1,"7,930",11,1998,천안대로 1718,,-,-
충청남도 천안서북구 직산읍 수헐리,01월 16일,16,1,직산부영,49.662,202110,4,"7,500",8,1998,천안대로 1718,,-,-
충청남도 천안서북구 직산읍 수헐리,01월 16일,16,1,직산부영,59.76,202110,22,"8,800",4,1998,천안대로 1718,,-,-
충청남도 천안서북구 직산읍 수헐리,01월 16일,16,1,직산부영,49.662,202110,28,"6,200",1,1998,천안대로 1718,,-,-
충청남도 천안서북구 차암동,442,442,0,e편한세상스마일시티,72.99,202110,7,"36,800",12,2015,3공단6로 85-27,,-,-
충청남도 천안서북구 차암동,442,442,0,e편한세상스마일시티,59.92,202110,9,"29,500",13,2015,3공단6로 85-27,,-,-
충청남도 천안서북구 차암동,442,442,0,e편한세상스마일시티,59.92,202110,9,"27,900",18,2015,3공단6로 85-27,,-,-
충청남도 천안서북구 차암동,442,442,0,e편한세상스마일시티,72.99,202110,22,"36,800",19,2015,3공단6로 85-27,,-,-
충청남도 천안서북구 차암동,543,543,0,e편한세상스마일시티2차,84.8735,202110,6,"43,500",16,2016,3공단6로 125,,-,-
충청남도 천안서북구 차암동,543,543,0,e편한세상스마일시티2차,59.9819,202110,9,"31,300",19,2016,3공단6로 125,,-,-
충청남도 천안서북구 차암동,543,543,0,e편한세상스마일시티2차,59.9819,202110,9,"32,000",15,2016,3공단6로 125,,-,-
충청남도 천안서북구 차암동,543,543,0,e편한세상스마일시티2차,59.9819,202110,10,"32,030",15,2016,3공단6로 125,,-,-
충청남도 천안서북구 차암동,543,543,0,e편한세상스마일시티2차,59.9819,202110,25,"30,500",25,2016,3공단6로 125,,-,-
충청남도 천안서북구 차암동,543,543,0,e편한세상스마일시티2차,59.9819,202110,30,"32,000",6,2016,3공단6로 125,,-,-
충청남도 천안서북구 차암동,543,543,0,e편한세상스마일시티2차,59.9819,202110,31,"30,900",15,2016,3공단6로 125,,-,-
충청남도 천안서북구 차암동,550,550,0,천안스마일시티효성해링턴플레이스,51.9931,202110,1,"27,000",17,2016,3공단6로 123,,-,-
충청남도 천안서북구 차암동,550,550,0,천안스마일시티효성해링턴플레이스,51.9931,202110,3,"22,800",1,2016,3공단6로 123,,-,-
충청남도 천안서북구 차암동,550,550,0,천안스마일시티효성해링턴플레이스,59.9476,202110,5,"25,000",5,2016,3공단6로 123,,-,-
충청남도 천안서북구 차암동,550,550,0,천안스마일시티효성해링턴플레이스,84.9804,202110,9,"41,500",3,2016,3공단6로 123,,-,-
충청남도 천안서북구 차암동,550,550,0,천안스마일시티효성해링턴플레이스,51.9931,202110,11,"26,100",3,2016,3공단6로 123,,-,-
충청남도 천안서북구 차암동,550,550,0,천안스마일시티효성해링턴플레이스,59.9476,202110,16,"30,000",21,2016,3공단6로 123,,-,-
충청남도 천안서북구 차암동,550,550,0,천안스마일시티효성해링턴플레이스,84.9804,202110,18,"42,700",15,2016,3공단6로 123,,-,-
충청남도 천안서북구 차암동,550,550,0,천안스마일시티효성해링턴플레이스,59.9476,202110,21,"27,000",20,2016,3공단6로 123,,-,-
충청남도 천안서북구 차암동,550,550,0,천안스마일시티효성해링턴플레이스,74.579,202110,26,"37,500",7,2016,3공단6로 123,,-,-
충청남도 천안서북구 차암동,448,448,0,천안한화꿈에그린스마일시티,84.9742,202110,30,"39,000",17,2014,3공단6로 33,,-,-
충청남도 천안서북구 차암동,448,448,0,천안한화꿈에그린스마일시티,59.9835,202110,31,"20,000",2,2014,3공단6로 33,,-,-
충청남도 청양군 청양읍 송방리,Jan-96,96,1,드림,84.93,202110,31,"21,000",4,2014,문화예술로 182,,-,-
충청남도 청양군 청양읍 읍내리,376-8,376,8,세아,59.67,202110,12,"9,900",2,1997,중앙로 80-1,,-,-
충청남도 청양군 청양읍 읍내리,376-11,376,11,장안,59.67,202110,2,"10,400",3,2000,청산로 35,,-,-
충청남도 청양군 청양읍 읍내리,376-11,376,11,장안,49.95,202110,5,"9,200",11,2000,청산로 35,,-,-
충청남도 청양군 청양읍 읍내리,306,306,0,주공1단지,36.44,202110,12,"9,200",7,2002,고리섬들길 68-8,,-,-
충청남도 태안군 근흥면 정죽리,Mar-62,2262,3,카밀리아하우스,84.98,202110,13,"17,000",11,2008,갈음이길 77,,-,-
충청남도 태안군 근흥면 정죽리,Mar-62,2262,3,카밀리아하우스,84.98,202110,14,"18,000",10,2008,갈음이길 77,,-,-
충청남도 태안군 원북면 반계리,307,307,0,한중,59.94,202110,13,"4,500",4,1993,옥파로 24,,-,-
충청남도 태안군 태안읍 남문리,647-2,647,2,렉시움,84.8746,202110,23,"18,000",3,2015,환동로 36,,-,-
충청남도 태안군 태안읍 남문리,393,393,0,삼보,80.07,202110,2,"6,000",7,1990,사직단길 13,,-,-
충청남도 태안군 태안읍 남문리,645,645,0,삼성,84.94,202110,5,"8,800",1,1996,환동로 18-3,,-,-
충청남도 태안군 태안읍 남문리,575-20,575,20,삼호(575-20),67.5,202110,14,"4,100",2,1988,능샘1길 37,,-,-
충청남도 태안군 태안읍 남문리,Oct-90,90,10,진흥W-park,59.946,202110,8,"13,000",13,2006,군청10길 14,,-,-
충청남도 태안군 태안읍 남문리,Oct-90,90,10,진흥W-park,84.958,202110,9,"16,000",3,2006,군청10길 14,,-,-
충청남도 태안군 태안읍 남문리,Oct-90,90,10,진흥W-park,84.958,202110,21,"18,000",12,2006,군청10길 14,,-,-
충청남도 태안군 태안읍 남문리,Oct-90,90,10,진흥W-park,121.884,202110,25,"20,500",13,2006,군청10길 14,,-,-
충청남도 태안군 태안읍 남문리,790,790,0,태안남문미소지움,76.6404,202110,7,"22,800",15,2019,환동로 43-12,,-,-
충청남도 태안군 태안읍 남문리,790,790,0,태안남문미소지움,76.6404,202110,13,"23,500",9,2019,환동로 43-12,,-,-
충청남도 태안군 태안읍 남문리,790,790,0,태안남문미소지움,84.9795,202110,14,"28,400",17,2019,환동로 43-12,,-,-
충청남도 태안군 태안읍 남문리,787,787,0,태안남문코아루,84.866,202110,6,"21,700",1,2014,후곡로 16,,-,-
충청남도 태안군 태안읍 남문리,787,787,0,태안남문코아루,59.577,202110,15,"17,500",6,2014,후곡로 16,,-,-
충청남도 태안군 태안읍 동문리,Jan-92,92,1,주공,49.85,202110,6,"10,400",7,2000,동문7길 20,,-,-
충청남도 태안군 태안읍 동문리,Jan-92,92,1,주공,49.85,202110,11,"7,800",1,2000,동문7길 20,,-,-
충청남도 태안군 태안읍 동문리,Jan-92,92,1,주공,39.51,202110,12,"6,900",5,2000,동문7길 20,,-,-
충청남도 태안군 태안읍 동문리,410-1,410,1,초원,59.925,202110,15,"6,400",12,1996,한양길 61-28,,-,-
충청남도 태안군 태안읍 동문리,936,936,0,태안동문이테크코아루,84.6956,202110,22,"31,400",6,2018,동평로 45,,-,-
충청남도 태안군 태안읍 동문리,936,936,0,태안동문이테크코아루,84.7771,202110,26,"31,000",10,2018,동평로 45,,-,-
충청남도 태안군 태안읍 동문리,386-2,386,2,한주,59.99,202110,6,"6,800",13,1996,백화로 136,,-,-
충청남도 태안군 태안읍 동문리,30,30,0,홍명,80.065,202110,13,"8,800",4,1991,백화로 148-15,,-,-
충청남도 태안군 태안읍 삭선리,765-2,765,2,삼호(765-2),47.36,202110,21,"3,900",4,1998,백교길 53-4,,-,-
충청남도 태안군 태안읍 삭선리,420-4,420,4,태안신동아,84.97,202110,1,"9,350",15,1996,진벌로 34-3,,-,-
충청남도 태안군 태안읍 삭선리,420-4,420,4,태안신동아,129.23,202110,4,"15,000",11,1996,진벌로 34-3,,-,-
충청남도 태안군 태안읍 삭선리,420-4,420,4,태안신동아,84.97,202110,11,"9,800",14,1996,진벌로 34-3,,-,-
충청남도 태안군 태안읍 삭선리,420-4,420,4,태안신동아,59.98,202110,22,"7,800",7,1996,진벌로 34-3,,-,-
충청남도 태안군 태안읍 삭선리,281-25,281,25,해송마을1차,39.96,202110,10,"3,400",3,1999,원이로 302,,-,-
충청남도 태안군 태안읍 삭선리,281-25,281,25,해송마을1차,39.96,202110,15,"3,200",6,1999,원이로 302,,-,-
충청남도 태안군 태안읍 삭선리,281-25,281,25,해송마을1차,39.96,202110,16,"3,000",1,1999,원이로 302,,-,-
충청남도 태안군 태안읍 삭선리,281-25,281,25,해송마을1차,39.96,202110,27,"3,800",6,1999,원이로 302,,-,-
충청남도 태안군 태안읍 삭선리,281-25,281,25,해송마을1차,39.96,202110,28,"3,200",2,1999,원이로 302,,-,-
충청남도 태안군 태안읍 삭선리,281-25,281,25,해송마을1차,39.96,202110,29,"3,300",3,1999,원이로 302,,-,-
충청남도 태안군 태안읍 평천리,601,601,0,평천혜성,55.14,202110,17,"3,600",3,1997,평촌길 15-32,20211025,-,-
충청남도 태안군 태안읍 평천리,601,601,0,평천혜성,40.5,202110,17,"2,800",3,1997,평촌길 15-32,20211025,-,-
충청남도 태안군 태안읍 평천리,601,601,0,평천혜성,40.5,202110,18,"3,800",8,1997,평촌길 15-32,,-,-
충청남도 홍성군 광천읍 신진리,473-1,473,1,거성1차가동,81.09,202110,18,"5,900",6,1991,광천로359번길 21-16,,-,-
충청남도 홍성군 광천읍 신진리,511-3,511,3,우주은하,84.24,202110,1,"8,200",4,1993,홍남로 623-18,,-,-
충청남도 홍성군 구항면 오봉리,653-2,653,2,온누리,59.44,202110,3,"2,800",3,2000,구항길57번길 25,,-,-
충청남도 홍성군 구항면 오봉리,653-2,653,2,온누리,59.44,202110,3,"2,800",4,2000,구항길57번길 25,,-,-
충청남도 홍성군 구항면 오봉리,653-2,653,2,온누리,59.44,202110,3,"2,800",4,2000,구항길57번길 25,,-,-
충청남도 홍성군 홍북읍 봉신리,289-1,289,1,동진아파트,49.68,202110,6,"6,200",6,1998,211,,-,-
충청남도 홍성군 홍북읍 봉신리,289-1,289,1,동진아파트,49.68,202110,9,"6,300",2,1998,211,,-,-
충청남도 홍성군 홍북읍 봉신리,289-1,289,1,동진아파트,49.68,202110,25,"6,000",2,1998,211,,-,-
충청남도 홍성군 홍북읍 신경리,928,928,0,극동스타클래스센트럴,84.792,202110,2,"34,800",6,2014,33,,-,-
충청남도 홍성군 홍북읍 신경리,928,928,0,극동스타클래스센트럴,59.912,202110,15,"25,800",6,2014,33,,-,-
충청남도 홍성군 홍북읍 신경리,928,928,0,극동스타클래스센트럴,59.912,202110,15,"26,000",10,2014,33,,-,-
충청남도 홍성군 홍북읍 신경리,928,928,0,극동스타클래스센트럴,59.982,202110,21,"25,500",4,2014,33,,-,-
충청남도 홍성군 홍북읍 신경리,928,928,0,극동스타클래스센트럴,59.998,202110,25,"26,800",12,2014,33,,-,-
충청남도 홍성군 홍북읍 신경리,1369,1369,0,내포신도시 경남아너스빌,84.71,202110,2,"36,000",5,2016,청사로 15,,-,-
충청남도 홍성군 홍북읍 신경리,1369,1369,0,내포신도시 경남아너스빌,84.8,202110,9,"37,300",11,2016,청사로 15,,-,-
충청남도 홍성군 홍북읍 신경리,1369,1369,0,내포신도시 경남아너스빌,84.71,202110,20,"36,500",9,2016,청사로 15,,-,-
충청남도 홍성군 홍북읍 신경리,1168,1168,0,롯데캐슬,70.7501,202110,9,"26,000",8,2012,34,,-,-
충청남도 홍성군 홍북읍 신경리,1168,1168,0,롯데캐슬,84.9855,202110,19,"35,900",12,2012,34,,-,-
충청남도 홍성군 홍북읍 신경리,1168,1168,0,롯데캐슬,70.7501,202110,20,"30,100",16,2012,34,,-,-
충청남도 홍성군 홍북읍 신경리,1168,1168,0,롯데캐슬,84.9405,202110,23,"34,300",6,2012,34,,-,-
충청남도 홍성군 홍북읍 신경리,1204,1204,0,엘에이치스타힐스,84.92,202110,5,"29,000",16,2015,홍예로 213,,-,-
충청남도 홍성군 홍북읍 신경리,1204,1204,0,엘에이치스타힐스,84.97,202110,8,"27,500",3,2015,홍예로 213,,-,-
충청남도 홍성군 홍북읍 신경리,1204,1204,0,엘에이치스타힐스,84.92,202110,11,"28,300",5,2015,홍예로 213,,-,-
충청남도 홍성군 홍북읍 신경리,1204,1204,0,엘에이치스타힐스,84.92,202110,14,"28,000",4,2015,홍예로 213,,-,-
충청남도 홍성군 홍북읍 신경리,1204,1204,0,엘에이치스타힐스,84.92,202110,15,"26,800",13,2015,홍예로 213,,-,-
충청남도 홍성군 홍북읍 신경리,1204,1204,0,엘에이치스타힐스,59.98,202110,21,"22,700",10,2015,홍예로 213,,-,-
충청남도 홍성군 홍북읍 신경리,1370,1370,0,한울마을모아엘가아파트,84.8694,202110,11,"36,000",9,2016,홍학로 88,,-,-
충청남도 홍성군 홍북읍 신경리,1370,1370,0,한울마을모아엘가아파트,84.9867,202110,18,"37,000",24,2016,홍학로 88,,-,-
충청남도 홍성군 홍북읍 신경리,1370,1370,0,한울마을모아엘가아파트,84.8694,202110,19,"31,670",9,2016,홍학로 88,,-,-
충청남도 홍성군 홍북읍 신경리,1169,1169,0,효성해링턴플레이스,84.98,202110,13,"35,500",7,2014,54,,-,-
충청남도 홍성군 홍성읍 남장리,Mar-95,95,3,거성아파트A동,67.38,202110,18,"6,500",3,1990,홍장북로441번길 25-3,,-,-
충청남도 홍성군 홍성읍 남장리,112-12,112,12,대우아파트,59.46,202110,13,"7,400",5,1995,문화로72번길 41,,-,-
충청남도 홍성군 홍성읍 남장리,112-12,112,12,대우아파트,59.46,202110,18,"7,550",2,1995,문화로72번길 41,,-,-
충청남도 홍성군 홍성읍 남장리,Jan-94,94,1,"미성아파트(A,B동)",81.45,202110,13,"5,000",5,1991,홍장북로441번길 25-12,,-,-
충청남도 홍성군 홍성읍 남장리,95-22,95,22,미성아파트C동,69.29,202110,14,"5,350",4,1991,홍장북로441번길 25-12,,-,-
충청남도 홍성군 홍성읍 남장리,515,515,0,주공아파트1차,46.2,202110,5,"9,400",11,2001,문화로72번길 92,,-,-
충청남도 홍성군 홍성읍 남장리,515,515,0,주공아파트1차,45.79,202110,6,"8,500",11,2001,문화로72번길 92,,-,-
충청남도 홍성군 홍성읍 남장리,515,515,0,주공아파트1차,84.45,202110,11,"19,500",10,2001,문화로72번길 92,,-,-
충청남도 홍성군 홍성읍 남장리,515,515,0,주공아파트1차,46.2,202110,12,"10,000",7,2001,문화로72번길 92,,-,-
충청남도 홍성군 홍성읍 남장리,515,515,0,주공아파트1차,46.2,202110,20,"10,100",12,2001,문화로72번길 92,,-,-
충청남도 홍성군 홍성읍 남장리,515,515,0,주공아파트1차,46.2,202110,23,"10,200",11,2001,문화로72번길 92,,-,-
충청남도 홍성군 홍성읍 남장리,515,515,0,주공아파트1차,46.2,202110,23,"9,650",8,2001,문화로72번길 92,,-,-
충청남도 홍성군 홍성읍 남장리,629,629,0,홍성남장이안,72.6072,202110,6,"20,000",11,2017,문화로72번길 50,,-,-
충청남도 홍성군 홍성읍 남장리,629,629,0,홍성남장이안,72.6072,202110,6,"22,500",11,2017,문화로72번길 50,,-,-
충청남도 홍성군 홍성읍 남장리,629,629,0,홍성남장이안,72.6072,202110,9,"22,700",14,2017,문화로72번길 50,,-,-
충청남도 홍성군 홍성읍 남장리,629,629,0,홍성남장이안,84.9977,202110,10,"25,400",9,2017,문화로72번길 50,,-,-
충청남도 홍성군 홍성읍 남장리,629,629,0,홍성남장이안,72.6072,202110,13,"22,500",8,2017,문화로72번길 50,,-,-
충청남도 홍성군 홍성읍 내법리,285-78,285,78,현광,59.99,202110,18,"6,400",6,1997,도청대로96번길 85-17,,-,-
충청남도 홍성군 홍성읍 내법리,285-78,285,78,현광,59.99,202110,19,"6,200",6,1997,도청대로96번길 85-17,,-,-
충청남도 홍성군 홍성읍 내법리,285-78,285,78,현광,59.99,202110,25,"6,450",7,1997,도청대로96번길 85-17,,-,-
충청남도 홍성군 홍성읍 내법리,285-78,285,78,현광,59.99,202110,25,"6,450",12,1997,도청대로96번길 85-17,,-,-
충청남도 홍성군 홍성읍 오관리,518,518,0,경성큰마을,59.93,202110,1,"8,900",15,1997,문화로80번길 32-14,,-,-
충청남도 홍성군 홍성읍 오관리,652,652,0,미림청솔,84.39,202110,16,"14,000",15,1997,내포로146번길 46,,-,-
충청남도 홍성군 홍성읍 오관리,559,559,0,태영,84.98,202110,21,"11,800",9,1992,문화로80번길 43,20211026,-,-
충청남도 홍성군 홍성읍 옥암리,1105,1105,0,홍성옥암하늘채,72.6352,202110,15,"18,500",4,2006,문화로33번길 11,,-,-
충청남도 홍성군 홍성읍 옥암리,1105,1105,0,홍성옥암하늘채,72.6352,202110,29,"18,000",10,2006,문화로33번길 11,,-,-
충청남도 홍성군 홍성읍 월산리,850,850,0,부영1차,80.9663,202110,2,"16,900",8,2003,월산로30번길 39,,-,-
충청남도 홍성군 홍성읍 월산리,850,850,0,부영1차,49.842,202110,7,"7,000",15,2003,월산로30번길 39,,-,-
충청남도 홍성군 홍성읍 월산리,850,850,0,부영1차,49.842,202110,9,"9,900",13,2003,월산로30번길 39,,-,-
충청남도 홍성군 홍성읍 월산리,851,851,0,부영2차(851-0),80.9663,202110,30,"16,000",2,2004,월산로30번길 38,,-,-
충청북도 괴산군 괴산읍 대사리,177-1,177,1,두진백로,39.8,202110,23,"4,300",11,1998,읍내로 111-1,,-,-
충청북도 괴산군 괴산읍 동부리,812,812,0,괴산지안스로가아파트,59.9891,202110,14,"18,000",9,2017,남산1길 55,,-,-
충청북도 괴산군 괴산읍 서부리,Jan-90,90,1,금석아파트,52.2,202110,22,"5,500",2,1991,수진1길 29,,-,-
충청북도 괴산군 괴산읍 서부리,510,510,0,반석,76.56,202110,11,"6,600",5,1991,금산길 20,,-,-
충청북도 단양군 단양읍 도전리,644-1,644,1,화성,47.28,202110,25,"7,000",3,1989,도전9나길 19,,-,-
충청북도 단양군 단양읍 별곡리,106-1,106,1,신성단양미소지움,126.901,202110,1,"27,000",4,2007,별곡3로 39-16,,-,-
충청북도 단양군 단양읍 상진리,1038,1038,0,단양코아루해피트리,59.99,202110,7,"17,800",3,2017,상진2로 31,,-,-
충청북도 단양군 단양읍 상진리,50,50,0,두진임대아파트,35.67,202110,4,"5,100",2,1996,상진2로 17,,-,-
충청북도 단양군 매포읍 평동리,1000,1000,0,공간가든2,37.44,202110,4,"2,700",2,1992,평동4로 126,,-,-
충청북도 단양군 매포읍 평동리,1335,1335,0,단양태양드림빌,57.42,202110,7,"5,150",10,2005,평동38길 19,,-,-
충청북도 단양군 매포읍 평동리,1335,1335,0,단양태양드림빌,34.44,202110,15,"3,050",10,2005,평동38길 19,,-,-
충청북도 단양군 매포읍 평동리,1335,1335,0,단양태양드림빌,50.4,202110,18,"5,100",6,2005,평동38길 19,,-,-
충청북도 단양군 매포읍 평동리,1335,1335,0,단양태양드림빌,50.4,202110,19,"4,500",18,2005,평동38길 19,,-,-
충청북도 단양군 매포읍 평동리,1335,1335,0,단양태양드림빌,50.4,202110,22,"5,200",7,2005,평동38길 19,,-,-
충청북도 단양군 매포읍 평동리,1335,1335,0,단양태양드림빌,42.36,202110,24,"4,500",4,2005,평동38길 19,,-,-
충청북도 단양군 매포읍 평동리,90,90,0,하나아파트,59.91,202110,13,"2,800",5,1992,평동9길 8,,-,-
충청북도 보은군 마로면 관기리,280-4,280,4,조일,50.185,202110,12,"1,500",1,1986,관기송현로 130,,-,-
충청북도 보은군 보은읍 교사리,402-29,402,29,극동,59.04,202110,7,"6,000",4,1997,향교1길 11-3,,-,-
충청북도 보은군 보은읍 교사리,402-29,402,29,극동,38.64,202110,8,"3,100",3,1997,향교1길 11-3,,-,-
충청북도 보은군 보은읍 교사리,Apr-59,59,4,대청,71.77,202110,8,"6,700",2,1986,교사1길 16,,-,-
충청북도 보은군 보은읍 교사리,174-6,174,6,동진,61.2,202110,1,"5,000",3,1990,보은로 235,,-,-
충청북도 보은군 보은읍 이평리,135,135,0,남양리츠빌,84.878,202110,1,"12,700",1,2001,뱃들로 37,,-,-
충청북도 보은군 보은읍 이평리,135,135,0,남양리츠빌,84.878,202110,7,"13,300",10,2001,뱃들로 37,,-,-
충청북도 보은군 보은읍 이평리,135,135,0,남양리츠빌,29.2625,202110,12,"4,250",10,2001,뱃들로 37,,-,-
충청북도 보은군 보은읍 이평리,135,135,0,남양리츠빌,29.2625,202110,12,"4,250",7,2001,뱃들로 37,,-,-
충청북도 보은군 보은읍 이평리,135,135,0,남양리츠빌,29.2625,202110,21,"4,350",1,2001,뱃들로 37,,-,-
충청북도 보은군 보은읍 이평리,138,138,0,예지웰프라임,84.8742,202110,12,"17,700",3,2015,뱃들로 45,,-,-
충청북도 영동군 영동읍 계산리,256-3,256,3,대성맨션,71.77,202110,27,"8,700",4,1989,구교로 32-7,,-,-
충청북도 영동군 영동읍 계산리,479,479,0,영산맨션,83.88,202110,7,"9,800",4,1992,영산로6길 12,,-,-
충청북도 영동군 영동읍 동정리,89,89,0,렉시움,84.6524,202110,13,"23,000",2,2015,동정로 66-6,,-,-
충청북도 영동군 영동읍 동정리,Mar-65,65,3,미드림,55.9905,202110,15,"11,700",3,2008,동정로 39-30,,-,-
충청북도 영동군 영동읍 동정리,Jan-68,68,1,영동현대,59.76,202110,10,"7,800",4,1996,동정로 39-27,,-,-
충청북도 영동군 영동읍 동정리,78,78,0,카이저,83.7069,202110,12,"26,600",5,2020,동정로 56-1,,-,-
충청북도 영동군 영동읍 부용리,423,423,0,레인보우,84.5045,202110,12,"22,000",7,2019,상부용로 8-6,,-,-
충청북도 영동군 영동읍 설계리,886,886,0,주공아파트(886-0),39.64,202110,15,"5,900",10,2002,눈어치로 22-10,,-,-
충청북도 옥천군 옥천읍 금구리,235-26,235,26,다산금빛아파트,59.85,202110,23,"8,700",12,2002,가화3길 8,,-,-
충청북도 옥천군 옥천읍 대천리,373-1,373,1,청솔아파트,39.95,202110,10,"3,300",1,1993,성암응천길 41-10,,-,-
충청북도 옥천군 옥천읍 마암리,04월 29일,29,4,경동APT,59.4,202110,15,"3,200",4,1987,성암2길 14,,-,-
충청북도 옥천군 옥천읍 마암리,23-20,23,20,예담마을B동,137.4784,202110,1,"33,700",7,2017,성암3길 24-3,,-,-
충청북도 옥천군 옥천읍 마암리,487,487,0,옥천마암리양우내안애아파트,84.9845,202110,15,"26,700",10,2017,마장로 20,,-,-
충청북도 옥천군 옥천읍 문정리,374,374,0,옥천문정주공(2)단지,49.62,202110,12,"8,400",12,1998,문장로2길 9,,-,-
충청북도 옥천군 옥천읍 양수리,438,438,0,옥천지엘리베라움,77.3742,202110,1,"24,500",2,2017,양수로 25-7,,-,-
충청북도 옥천군 옥천읍 양수리,438,438,0,옥천지엘리베라움,84.8935,202110,2,"29,400",18,2017,양수로 25-7,,-,-
충청북도 옥천군 옥천읍 양수리,438,438,0,옥천지엘리베라움,66.7585,202110,5,"19,300",3,2017,양수로 25-7,,-,-
충청북도 옥천군 옥천읍 양수리,438,438,0,옥천지엘리베라움,66.7585,202110,25,"21,000",19,2017,양수로 25-7,,-,-
충청북도 옥천군 옥천읍 장야리,262-2,262,2,그린아파트,68.24,202110,16,"9,700",3,1990,장야1길 10,,-,-
충청북도 옥천군 옥천읍 장야리,444,444,0,더퍼스트이안,75.6918,202110,16,"26,500",10,2021,장야4길 51,,-,-
충청북도 옥천군 옥천읍 장야리,313,313,0,옥천장야주공(1)단지,59.64,202110,7,"12,800",5,2002,장야3길 9,,-,-
충청북도 옥천군 옥천읍 죽향리,196-2,196,2,옥천향수마을아파트,84.8019,202110,5,"16,000",7,2004,성왕로 1262,,-,-
충청북도 옥천군 옥천읍 죽향리,196-2,196,2,옥천향수마을아파트,84.8019,202110,12,"17,100",7,2004,성왕로 1262,,-,-
충청북도 음성군 감곡면 오향리,1186,1186,0,대신리치빌,84.4275,202110,12,"23,600",17,2018,음성로 2634,,-,-
충청북도 음성군 감곡면 오향리,1186,1186,0,대신리치빌,84.4275,202110,18,"23,700",5,2018,음성로 2634,,-,-
충청북도 음성군 감곡면 오향리,568,568,0,덕일한마음,59.97,202110,4,"11,200",10,2003,음성로 2650-22,,-,-
충청북도 음성군 감곡면 오향리,568,568,0,덕일한마음,46.32,202110,5,"7,350",2,2003,음성로 2650-22,,-,-
충청북도 음성군 감곡면 오향리,568,568,0,덕일한마음,46.32,202110,5,"6,750",8,2003,음성로 2650-22,,-,-
충청북도 음성군 감곡면 오향리,568,568,0,덕일한마음,59.97,202110,7,"11,850",5,2003,음성로 2650-22,20211103,-,-
충청북도 음성군 감곡면 오향리,568,568,0,덕일한마음,46.32,202110,16,"7,200",14,2003,음성로 2650-22,,-,-
충청북도 음성군 감곡면 오향리,405-16,405,16,드림타워,39.744,202110,10,"5,900",13,2011,거일길 27-38,,-,-
충청북도 음성군 감곡면 오향리,405-16,405,16,드림타워,39.744,202110,18,"6,200",9,2011,거일길 27-38,,-,-
충청북도 음성군 감곡면 오향리,405-16,405,16,드림타워,58.7237,202110,29,"7,500",2,2011,거일길 27-38,,-,-
충청북도 음성군 감곡면 오향리,557-4,557,4,부강,59.9,202110,23,"8,500",3,1993,음성로 2640,,-,-
충청북도 음성군 감곡면 오향리,557-4,557,4,부강,84.835,202110,25,"11,600",14,1993,음성로 2640,,-,-
충청북도 음성군 금왕읍 금석리,482,482,0,음성금왕시티프라디움,84.9976,202110,17,"29,500",2,2017,대금로 1557-14,,-,-
충청북도 음성군 금왕읍 내송리,216-1,216,1,우원,33.75,202110,13,"3,200",7,2003,금일로 108,,-,-
충청북도 음성군 금왕읍 내송리,216-1,216,1,우원,33.75,202110,15,"3,300",6,2003,금일로 108,,-,-
충청북도 음성군 금왕읍 내송리,216-1,216,1,우원,33.75,202110,15,"3,400",1,2003,금일로 108,,-,-
충청북도 음성군 금왕읍 내송리,216-1,216,1,우원,33.75,202110,15,"3,200",3,2003,금일로 108,,-,-
충청북도 음성군 금왕읍 무극리,503,503,0,유수장미,59.34,202110,3,"8,350",6,1998,무극로 243-8,,-,-
충청북도 음성군 금왕읍 무극리,503,503,0,유수장미,59.34,202110,13,"8,050",6,1998,무극로 243-8,,-,-
충청북도 음성군 금왕읍 무극리,503,503,0,유수장미,59.34,202110,18,"8,100",6,1998,무극로 243-8,,-,-
충청북도 음성군 금왕읍 무극리,503,503,0,유수장미,36.08,202110,23,"4,500",8,1998,무극로 243-8,,-,-
충청북도 음성군 금왕읍 무극리,503,503,0,유수장미,36.08,202110,25,"4,700",10,1998,무극로 243-8,,-,-
충청북도 음성군 금왕읍 무극리,503,503,0,유수장미,36.08,202110,26,"4,790",5,1998,무극로 243-8,,-,-
충청북도 음성군 금왕읍 무극리,Mar-34,34,3,음성금왕휴먼시아(구.주공2단지),59.64,202110,21,"13,400",9,2002,대금로 1457-8,,-,-
충청북도 음성군 금왕읍 오선리,04월 25일,25,4,극동미라주,59.55,202110,28,"5,800",4,2002,대금로 1243,,-,-
충청북도 음성군 대소면 대풍리,582-7,582,7,산수화,59.961,202110,29,"8,500",11,2004,대금로105번길 5,,-,-
충청북도 음성군 대소면 대풍리,621,621,0,음성대소부영,84.8029,202110,1,"13,875",4,2006,대청로 17,,-,-
충청북도 음성군 대소면 대풍리,621,621,0,음성대소부영,84.8029,202110,1,"13,875",4,2006,대청로 17,,-,-
충청북도 음성군 대소면 대풍리,621,621,0,음성대소부영,84.8029,202110,1,"13,875",7,2006,대청로 17,,-,-
충청북도 음성군 대소면 대풍리,621,621,0,음성대소부영,84.8029,202110,1,"13,875",4,2006,대청로 17,,-,-
충청북도 음성군 대소면 대풍리,621,621,0,음성대소부영,84.8029,202110,14,"17,500",4,2006,대청로 17,,-,-
충청북도 음성군 대소면 대풍리,621,621,0,음성대소부영,84.8029,202110,26,"16,500",10,2006,대청로 17,20211104,-,-
충청북도 음성군 대소면 대풍리,621,621,0,음성대소부영,84.8029,202110,26,"16,500",11,2006,대청로 17,,-,-
충청북도 음성군 대소면 부윤리,130-17,130,17,조원무궁화아파트,27.63,202110,11,"1,900",2,1995,대동로 503,,-,-
충청북도 음성군 대소면 부윤리,130-17,130,17,조원무궁화아파트,27.63,202110,13,"1,800",15,1995,대동로 503,,-,-
충청북도 음성군 대소면 부윤리,130-17,130,17,조원무궁화아파트,27.63,202110,23,"2,200",7,1995,대동로 503,,-,-
충청북도 음성군 대소면 부윤리,121-1,121,1,한미금강,33.75,202110,2,"2,900",3,1994,신내로 148-8,,-,-
충청북도 음성군 대소면 부윤리,121-1,121,1,한미금강,35.52,202110,11,"2,050",6,1994,신내로 148-8,,-,-
충청북도 음성군 대소면 소석리,11월 07일,11,7,음성SKVIEW,84.8624,202110,2,"16,000",15,2008,대금로 654,,-,-
충청북도 음성군 대소면 소석리,626,626,0,이안음성대소아파트,84.8498,202110,8,"24,000",9,2019,대금로 686-1,,-,-
충청북도 음성군 대소면 소석리,626,626,0,이안음성대소아파트,59.9997,202110,12,"17,600",9,2019,대금로 686-1,,-,-
충청북도 음성군 대소면 소석리,626,626,0,이안음성대소아파트,74.8524,202110,18,"21,259",13,2019,대금로 686-1,,-,-
충청북도 음성군 대소면 오류리,May-66,66,5,기흥아랫마을,56.83,202110,12,"7,000",5,2000,대금로379번길 16,,-,-
충청북도 음성군 대소면 오산리,114-5,114,5,풍산,49.86,202110,2,"4,500",4,1991,오산로 31-1,,-,-
충청북도 음성군 대소면 태생리,423-20,423,20,개나리,38.88,202110,26,"4,100",4,1997,대금로 410-5,,-,-
충청북도 음성군 대소면 태생리,765,765,0,대소웰메이드타운,84.8895,202110,5,"23,400",7,2018,대화1길 44-8,,-,-
충청북도 음성군 대소면 태생리,765,765,0,대소웰메이드타운,84.8895,202110,9,"24,550",16,2018,대화1길 44-8,,-,-
충청북도 음성군 대소면 태생리,765,765,0,대소웰메이드타운,84.8895,202110,11,"23,600",18,2018,대화1길 44-8,,-,-
충청북도 음성군 대소면 태생리,765,765,0,대소웰메이드타운,74.855,202110,12,"21,300",4,2018,대화1길 44-8,,-,-
충청북도 음성군 대소면 태생리,765,765,0,대소웰메이드타운,84.889,202110,18,"23,000",5,2018,대화1길 44-8,,-,-
충청북도 음성군 대소면 태생리,765,765,0,대소웰메이드타운,84.889,202110,22,"23,300",12,2018,대화1길 44-8,,-,-
충청북도 음성군 대소면 태생리,765,765,0,대소웰메이드타운,74.855,202110,23,"21,000",14,2018,대화1길 44-8,,-,-
충청북도 음성군 대소면 태생리,May-79,79,5,대소한양1,51.99,202110,18,"6,100",3,1997,대화1길 58-12,,-,-
충청북도 음성군 대소면 태생리,May-79,79,5,대소한양1,51.99,202110,22,"6,300",3,1997,대화1길 58-12,,-,-
충청북도 음성군 대소면 태생리,Dec-79,79,12,대소한양2,51.99,202110,1,"5,900",5,1997,대화1길 58-12,,-,-
충청북도 음성군 대소면 태생리,Dec-79,79,12,대소한양2,51.99,202110,29,"6,400",8,1997,대화1길 58-12,,-,-
충청북도 음성군 대소면 태생리,308,308,0,한진신세대,34.8,202110,12,"3,700",7,1998,대성로77번길 15,,-,-
충청북도 음성군 대소면 태생리,308,308,0,한진신세대,59.79,202110,14,"5,800",2,1998,대성로77번길 15,,-,-
충청북도 음성군 대소면 태생리,308,308,0,한진신세대,59.79,202110,16,"5,900",2,1998,대성로77번길 15,,-,-
충청북도 음성군 대소면 태생리,308,308,0,한진신세대,59.79,202110,20,"5,700",2,1998,대성로77번길 15,,-,-
충청북도 음성군 맹동면 동성리,246,246,0,엘에이치이노밸리,84.53,202110,7,"37,000",22,2014,학예로 55,,-,-
충청북도 음성군 맹동면 동성리,246,246,0,엘에이치이노밸리,84.53,202110,24,"35,000",6,2014,학예로 55,,-,-
충청북도 음성군 맹동면 동성리,445,445,0,충북혁신도시 LH쌍용예가,59.72,202110,2,"29,800",19,2014,사예로 20,,-,-
충청북도 음성군 맹동면 동성리,445,445,0,충북혁신도시 LH쌍용예가,59.93,202110,16,"29,800",15,2014,사예로 20,,-,-
충청북도 음성군 맹동면 동성리,523,523,0,충북혁신도시영무예다음3차,84.9367,202110,1,"44,500",14,2017,장성1길 9,,-,-
충청북도 음성군 맹동면 동성리,523,523,0,충북혁신도시영무예다음3차,84.9845,202110,3,"40,800",11,2017,장성1길 9,,-,-
충청북도 음성군 맹동면 동성리,523,523,0,충북혁신도시영무예다음3차,84.9493,202110,12,"41,500",19,2017,장성1길 9,,-,-
충청북도 음성군 맹동면 용촌리,Jan-56,56,1,음성미영황새마을,36.46,202110,23,"3,000",2,2009,덕금로211번길 77,,-,-
충청북도 음성군 맹동면 용촌리,Jan-56,56,1,음성미영황새마을,36.46,202110,23,"3,100",3,2009,덕금로211번길 77,,-,-
충청북도 음성군 삼성면 덕정리,594-4,594,4,별무늬,58.005,202110,7,"6,000",5,1991,덕정로 110,,-,-
충청북도 음성군 삼성면 덕정리,548-27,548,27,삼성명지,84.9378,202110,1,"11,000",3,2008,덕정로65번길 16,,-,-
충청북도 음성군 삼성면 덕정리,594-10,594,10,진달래아파트,59.51,202110,22,"5,700",4,1996,덕정로 106-13,,-,-
충청북도 음성군 삼성면 덕정리,824,824,0,한빛,43.075,202110,20,"4,400",9,1997,대성로 519-1,,-,-
충청북도 음성군 삼성면 덕정리,824,824,0,한빛,43.075,202110,20,"4,200",7,1997,대성로 519-1,,-,-
충청북도 음성군 생극면 신양리,465-5,465,5,태경에코그린아파트,45.6855,202110,6,"8,700",4,2018,음성로 1663-12,,-,-
충청북도 음성군 생극면 신양리,465-5,465,5,태경에코그린아파트,45.6855,202110,12,"9,000",14,2018,음성로 1663-12,,-,-
충청북도 음성군 생극면 신양리,465-5,465,5,태경에코그린아파트,64.0828,202110,12,"12,900",9,2018,음성로 1663-12,,-,-
충청북도 음성군 생극면 신양리,465-5,465,5,태경에코그린아파트,75.3154,202110,14,"14,500",10,2018,음성로 1663-12,,-,-
충청북도 음성군 생극면 신양리,465-5,465,5,태경에코그린아파트,75.3154,202110,14,"14,700",14,2018,음성로 1663-12,,-,-
충청북도 음성군 생극면 신양리,465-5,465,5,태경에코그린아파트,64.0828,202110,19,"12,700",8,2018,음성로 1663-12,,-,-
충청북도 음성군 생극면 신양리,388-11,388,11,홍은모드니,49.68,202110,1,"3,000",5,1996,오신로550번길 3,,-,-
충청북도 음성군 생극면 신양리,388-11,388,11,홍은모드니,49.68,202110,27,"3,100",8,1996,오신로550번길 3,,-,-
충청북도 음성군 음성읍 신천리,149,149,0,금광포란재,59.975,202110,15,"11,000",8,2005,반기문로 45-15,,-,-
충청북도 음성군 음성읍 신천리,258-4,258,4,오랜지카운티,34.7614,202110,1,"6,400",3,2013,중앙로40번길 7,,-,-
충청북도 음성군 음성읍 읍내리,679-2,679,2,무지개,59.932,202110,19,"6,300",12,1993,용광로 41,,-,-
충청북도 음성군 음성읍 읍내리,679-2,679,2,무지개,84.832,202110,20,"8,500",1,1993,용광로 41,,-,-
충청북도 음성군 음성읍 읍내리,350-1,350,1,삼보,59.99,202110,5,"7,900",13,1993,시장로 45,,-,-
충청북도 음성군 음성읍 읍내리,350-1,350,1,삼보,59.99,202110,7,"7,700",4,1993,시장로 45,,-,-
충청북도 음성군 음성읍 읍내리,350-1,350,1,삼보,84.94,202110,26,"10,600",5,1993,시장로 45,,-,-
충청북도 음성군 음성읍 읍내리,352-8,352,8,아우룸아파트,84.8011,202110,3,"21,500",11,2017,시장로 53,,-,-
충청북도 음성군 음성읍 읍내리,951,951,0,음성지평더웰2차아파트,72.7903,202110,6,"24,000",14,2017,설성공원길 33-9,,-,-
충청북도 음성군 음성읍 읍내리,692-1,692,1,청솔,59.755,202110,22,"5,500",5,1996,교동1길 9-6,,-,-
충청북도 음성군 음성읍 읍내리,250-2,250,2,"풍산가,나동",74.13,202110,15,"6,500",3,1990,문화3길 10,,-,-
충청북도 음성군 음성읍 읍내리,805,805,0,한성진주아파트,59.64,202110,6,"7,500",5,1994,설성로 22,,-,-
충청북도 음성군 음성읍 읍내리,805,805,0,한성진주아파트,40.56,202110,8,"4,500",9,1994,설성로 22,,-,-
충청북도 음성군 음성읍 읍내리,805,805,0,한성진주아파트,60,202110,14,"5,800",1,1994,설성로 22,,-,-
충청북도 음성군 음성읍 읍내리,805,805,0,한성진주아파트,60,202110,16,"7,800",4,1994,설성로 22,,-,-
충청북도 음성군 음성읍 읍내리,805,805,0,한성진주아파트,46.14,202110,21,"5,000",11,1994,설성로 22,,-,-
충청북도 음성군 음성읍 읍내리,805,805,0,한성진주아파트,46.14,202110,26,"4,500",3,1994,설성로 22,,-,-
충청북도 음성군 음성읍 읍내리,805,805,0,한성진주아파트,39.96,202110,30,"3,650",7,1994,설성로 22,,-,-
충청북도 음성군 음성읍 평곡리,924-3,924,3,유신,83.88,202110,16,"7,300",5,1992,시장로 26-8,,-,-
충청북도 제천시 강제동,903,903,0,강제코아루파크,84.4,202110,9,"31,300",11,2015,청풍호로10길 31,,-,-
충청북도 제천시 강제동,903,903,0,강제코아루파크,63.31,202110,17,"21,600",9,2015,청풍호로10길 31,,-,-
충청북도 제천시 강제동,805,805,0,센트럴코아루,76.4644,202110,9,"30,500",15,2016,강저로11나길 13,,-,-
충청북도 제천시 강제동,844,844,0,제천강저롯데캐슬프리미어,75.1286,202110,16,"30,000",7,2017,청풍호로10길 53,,-,-
충청북도 제천시 고암동,1142,1142,0,고암두진4차,33,202110,1,"3,800",4,2000,용두천로 378,,-,-
충청북도 제천시 고암동,1268,1268,0,고암오네뜨,59.9689,202110,14,"25,000",16,2017,신죽하로 83-20,,-,-
충청북도 제천시 고암동,1250,1250,0,고암주공1,47.25,202110,16,"8,000",4,1986,고암로14길 13,,-,-
충청북도 제천시 고암동,1250,1250,0,고암주공2,39.72,202110,9,"6,700",3,1987,고암로14길 13,,-,-
충청북도 제천시 고암동,1250,1250,0,고암주공2,39.72,202110,23,"6,200",5,1987,고암로14길 13,,-,-
충청북도 제천시 고암동,1250,1250,0,고암주공2,46.74,202110,27,"7,500",4,1987,고암로14길 13,,-,-
충청북도 제천시 고암동,1129-1,1129,1,금용,140.64,202110,18,"21,000",12,1993,용두천로44길 5,,-,-
충청북도 제천시 고암동,1101,1101,0,두진백로,60,202110,1,"9,000",3,1997,용두천로 384,,-,-
충청북도 제천시 고암동,1101,1101,0,두진백로,84.9,202110,2,"15,700",1,1997,용두천로 384,,-,-
충청북도 제천시 고암동,1101,1101,0,두진백로,60,202110,5,"9,000",3,1997,용두천로 384,20211013,-,-
충청북도 제천시 고암동,1101,1101,0,두진백로,45.6,202110,14,"6,700",6,1997,용두천로 384,,-,-
충청북도 제천시 고암동,1101,1101,0,두진백로,60,202110,16,"11,500",1,1997,용두천로 384,,-,-
충청북도 제천시 고암동,1101,1101,0,두진백로,45.6,202110,17,"6,400",12,1997,용두천로 384,,-,-
충청북도 제천시 고암동,1101,1101,0,두진백로,84.9,202110,19,"18,000",6,1997,용두천로 384,,-,-
충청북도 제천시 고암동,1101,1101,0,두진백로,76.52,202110,22,"13,100",15,1997,용두천로 384,,-,-
충청북도 제천시 고암동,1101,1101,0,두진백로,76.52,202110,23,"15,300",13,1997,용두천로 384,,-,-
충청북도 제천시 고암동,1254,1254,0,보미파란채,84.997,202110,9,"25,700",1,2009,용두천로46길 12,,-,-
충청북도 제천시 고암동,1163-1,1163,1,부강,58.928,202110,16,"7,000",4,1988,고암로 88,,-,-
충청북도 제천시 동현동,Jan-63,63,1,세경,38.25,202110,4,"3,750",1,1989,의병대로30길 5,,-,-
충청북도 제천시 동현동,Jan-63,63,1,세경,56.88,202110,6,"2,000",-1,1989,의병대로30길 10,,-,-
충청북도 제천시 동현동,Jan-63,63,1,세경,38.25,202110,12,"3,300",2,1989,의병대로30길 5,,-,-
충청북도 제천시 동현동,Jan-63,63,1,세경,38.25,202110,13,"2,250",5,1989,의병대로30길 5,,-,-
충청북도 제천시 동현동,Jan-63,63,1,세경,38.25,202110,14,"1,900",5,1989,의병대로30길 5,,-,-
충청북도 제천시 동현동,Jan-63,63,1,세경,38.88,202110,16,"2,200",5,1989,의병대로30길 4,,-,-
충청북도 제천시 동현동,Jan-63,63,1,세경,38.88,202110,22,"2,300",5,1989,의병대로30길 4,,-,-
충청북도 제천시 동현동,Jan-63,63,1,세경,38.88,202110,22,"3,400",3,1989,의병대로30길 4,,-,-
충청북도 제천시 동현동,109,109,0,일동,59.97,202110,4,"10,500",15,1997,의병대로 182,,-,-
충청북도 제천시 동현동,Feb-29,29,2,현대,84.93,202110,17,"13,000",6,1992,독순로 140,,-,-
충청북도 제천시 동현동,Feb-29,29,2,현대,71.37,202110,25,"10,800",9,1992,독순로 140,,-,-
충청북도 제천시 봉양읍 미당리,820,820,0,미당한마음,59.545,202110,1,"7,900",15,2004,용두대로36길 5-12,,-,-
충청북도 제천시 봉양읍 미당리,820,820,0,미당한마음,59.545,202110,5,"6,000",1,2004,용두대로36길 5-12,,-,-
충청북도 제천시 봉양읍 미당리,820,820,0,미당한마음,59.545,202110,7,"7,500",2,2004,용두대로36길 5-12,,-,-
충청북도 제천시 봉양읍 미당리,820,820,0,미당한마음,59.545,202110,9,"8,450",11,2004,용두대로36길 5-12,,-,-
충청북도 제천시 봉양읍 미당리,820,820,0,미당한마음,59.545,202110,14,"8,900",4,2004,용두대로36길 5-12,,-,-
충청북도 제천시 봉양읍 미당리,820,820,0,미당한마음,59.545,202110,17,"7,900",1,2004,용두대로36길 5-12,,-,-
충청북도 제천시 봉양읍 미당리,820,820,0,미당한마음,59.545,202110,28,"8,800",5,2004,용두대로36길 5-12,,-,-
충청북도 제천시 봉양읍 미당리,820,820,0,미당한마음,59.545,202110,31,"7,600",2,2004,용두대로36길 5-12,,-,-
충청북도 제천시 봉양읍 주포리,235,235,0,중앙,55.02,202110,1,"5,500",14,1994,제원로2길 7,,-,-
충청북도 제천시 봉양읍 주포리,235,235,0,중앙,55.02,202110,15,"4,600",3,1994,제원로2길 7,,-,-
충청북도 제천시 봉양읍 주포리,235,235,0,중앙,49.5,202110,20,"4,500",6,1994,제원로2길 7,,-,-
충청북도 제천시 신백동,208-5,208,5,극동1,75.3,202110,2,"13,000",6,1993,관전로1길 35,,-,-
충청북도 제천시 신백동,208-5,208,5,극동1,75.3,202110,2,"13,000",6,1993,관전로1길 35,20211006,-,-
충청북도 제천시 신백동,110,110,0,덕일한마음1,59.94,202110,2,"8,600",1,1996,탑안로4길 11,,-,-
충청북도 제천시 신백동,110,110,0,덕일한마음1,59.94,202110,4,"8,600",12,1996,탑안로4길 11,,-,-
충청북도 제천시 신백동,110,110,0,덕일한마음1,59.94,202110,14,"9,300",9,1996,탑안로4길 11,,-,-
충청북도 제천시 신백동,110,110,0,덕일한마음1,59.94,202110,16,"9,850",10,1996,탑안로4길 11,,-,-
충청북도 제천시 신백동,110,110,0,덕일한마음1,59.95,202110,18,"9,100",3,1996,탑안로4길 11,,-,-
충청북도 제천시 신백동,110,110,0,덕일한마음1,51.03,202110,20,"5,700",2,1996,탑안로4길 11,,-,-
충청북도 제천시 신백동,110,110,0,덕일한마음1,51.03,202110,29,"6,000",12,1996,탑안로4길 11,,-,-
충청북도 제천시 신백동,209-8,209,8,선광로즈웰,59.96,202110,7,"10,500",1,2000,신백로 30,,-,-
충청북도 제천시 신백동,134,134,0,신백덕일한마음2차,59.49,202110,13,"9,300",1,2000,의병대로35길 28,,-,-
충청북도 제천시 신백동,134,134,0,신백덕일한마음2차,59.46,202110,28,"9,800",9,2000,의병대로35길 28,,-,-
충청북도 제천시 신백동,205-5,205,5,장미,59.74,202110,10,"6,450",1,1994,의병대로36길 28,,-,-
충청북도 제천시 신백동,205-5,205,5,장미,59.74,202110,16,"6,900",5,1994,의병대로36길 28,,-,-
충청북도 제천시 신백동,205-5,205,5,장미,59.74,202110,20,"6,700",14,1994,의병대로36길 28,,-,-
충청북도 제천시 신백동,201-1,201,1,화성(1~8동),44.64,202110,18,"3,850",1,1988,신백로14길 14,,-,-
충청북도 제천시 신백동,201-1,201,1,화성(1~8동),44.64,202110,22,"4,700",1,1988,신백로14길 13,,-,-
충청북도 제천시 신백동,198-3,198,3,화성2차,45.6,202110,5,"3,500",3,1992,신백로14길 21,20211020,-,-
충청북도 제천시 신백동,198-3,198,3,화성2차,45.6,202110,6,"4,000",4,1992,의병대로36길 22,,-,-
충청북도 제천시 신백동,198-3,198,3,화성2차,43.44,202110,6,"4,750",2,1992,신백로14길 27,,-,-
충청북도 제천시 신백동,198-3,198,3,화성2차,45.6,202110,15,"3,200",4,1992,신백로14길 21,,-,-
충청북도 제천시 신백동,198-3,198,3,화성2차,45.6,202110,18,"3,500",5,1992,의병대로36길 22,,-,-
충청북도 제천시 왕암동,779,779,0,왕암코아루드림,60.262,202110,8,"19,400",4,2018,바이오밸리로 171,,-,-
충청북도 제천시 왕암동,779,779,0,왕암코아루드림,60.262,202110,12,"19,800",14,2018,바이오밸리로 171,,-,-
충청북도 제천시 왕암동,779,779,0,왕암코아루드림,60.262,202110,20,"17,400",9,2018,바이오밸리로 171,,-,-
충청북도 제천시 왕암동,779,779,0,왕암코아루드림,60.262,202110,29,"18,400",10,2018,바이오밸리로 171,,-,-
충청북도 제천시 왕암동,905,905,0,현진에버빌1차,64.4232,202110,12,"13,600",3,2007,바이오밸리로 202,,-,-
충청북도 제천시 왕암동,905,905,0,현진에버빌1차,64.4232,202110,14,"14,100",14,2007,바이오밸리로 202,,-,-
충청북도 제천시 왕암동,905,905,0,현진에버빌1차,73.8464,202110,21,"18,000",2,2007,바이오밸리로 202,,-,-
충청북도 제천시 왕암동,905,905,0,현진에버빌1차,84.6821,202110,22,"22,000",11,2007,바이오밸리로 202,,-,-
충청북도 제천시 왕암동,905,905,0,현진에버빌1차,84.6821,202110,25,"21,000",10,2007,바이오밸리로 202,,-,-
충청북도 제천시 왕암동,905,905,0,현진에버빌1차,64.4232,202110,26,"14,700",6,2007,바이오밸리로 202,,-,-
충청북도 제천시 장락동,1050,1050,0,신안실크밸리,63.6102,202110,9,"28,000",17,2017,내토로59길 31,,-,-
충청북도 제천시 장락동,1050,1050,0,신안실크밸리,60.6993,202110,11,"24,000",23,2017,내토로59길 31,,-,-
충청북도 제천시 장락동,678,678,0,장락e-편한세상,84.943,202110,11,"26,800",6,2007,장락로 62,,-,-
충청북도 제천시 장락동,536-4,536,4,장락로즈웰,131.029,202110,8,"27,000",10,2001,장락로 169,,-,-
충청북도 제천시 장락동,1058,1058,0,장락엘크루힐즈,76.81,202110,14,"30,900",10,2018,내제로 339,,-,-
충청북도 제천시 장락동,1026,1026,0,장락주공2단지,59.8,202110,2,"11,500",4,1999,죽하로 48,,-,-
충청북도 제천시 장락동,1026,1026,0,장락주공2단지,49.96,202110,2,"9,800",7,1999,죽하로 48,,-,-
충청북도 제천시 장락동,1026,1026,0,장락주공2단지,59.8,202110,2,"11,200",3,1999,죽하로 48,,-,-
충청북도 제천시 장락동,1026,1026,0,장락주공2단지,39.99,202110,2,"5,000",3,1999,죽하로 48,,-,-
충청북도 제천시 장락동,1026,1026,0,장락주공2단지,49.96,202110,5,"9,700",12,1999,죽하로 48,,-,-
충청북도 제천시 장락동,1026,1026,0,장락주공2단지,49.96,202110,12,"9,500",15,1999,죽하로 48,,-,-
충청북도 제천시 장락동,1026,1026,0,장락주공2단지,49.96,202110,18,"9,500",14,1999,죽하로 48,,-,-
충청북도 제천시 장락동,1026,1026,0,장락주공2단지,49.96,202110,18,"10,800",13,1999,죽하로 48,,-,-
충청북도 제천시 장락동,1026,1026,0,장락주공2단지,49.96,202110,26,"9,600",8,1999,죽하로 48,,-,-
충청북도 제천시 장락동,1026,1026,0,장락주공2단지,39.99,202110,31,"7,400",12,1999,죽하로 48,,-,-
충청북도 제천시 장락동,325,325,0,장락파라디아,140.9681,202110,17,"31,000",6,2008,내토로57길 19,,-,-
충청북도 제천시 장락동,325,325,0,장락파라디아,140.9681,202110,23,"39,500",19,2008,내토로57길 19,,-,-
충청북도 제천시 장락동,637-7,637,7,제천미림청솔,49.77,202110,4,"8,200",9,1995,청전대로 211,,-,-
충청북도 제천시 장락동,637-7,637,7,제천미림청솔,49.77,202110,22,"8,300",12,1995,청전대로 211,,-,-
충청북도 제천시 천남동,493,493,0,신원아침도시더퍼스트,59.9884,202110,11,"26,300",19,2020,원뜰로 25,,-,-
충청북도 제천시 천남동,09월 10일,9,10,코아루,130.8299,202110,1,"37,000",4,2005,원뜰로 14,,-,-
충청북도 제천시 천남동,09월 10일,9,10,코아루,84.8856,202110,3,"24,000",4,2005,원뜰로 14,,-,-
충청북도 제천시 천남동,09월 10일,9,10,코아루,84.8856,202110,8,"20,900",1,2005,원뜰로 14,,-,-
충청북도 제천시 천남동,09월 10일,9,10,코아루,176.7304,202110,15,"28,500",11,2005,원뜰로 14,,-,-
충청북도 제천시 청전동,626,626,0,덕일,84.12,202110,4,"15,000",1,1991,용두천로 313,,-,-
충청북도 제천시 청전동,626,626,0,덕일,84.12,202110,31,"15,300",3,1991,용두천로 313,,-,-
충청북도 제천시 청전동,987,987,0,덕일한마음,59.85,202110,11,"12,800",11,1995,칠성로 5,,-,-
충청북도 제천시 청전동,985,985,0,두진백로,84.93,202110,4,"17,800",8,1995,칠성로 19,,-,-
충청북도 제천시 청전동,985,985,0,두진백로,60,202110,6,"13,500",12,1995,칠성로 19,,-,-
충청북도 제천시 청전동,985,985,0,두진백로,60,202110,7,"13,400",8,1995,칠성로 19,,-,-
충청북도 제천시 청전동,639,639,0,비둘기,35.52,202110,1,"3,800",6,1991,청전대로 166,,-,-
충청북도 제천시 청전동,639,639,0,비둘기,35.52,202110,9,"3,600",5,1991,청전대로 166,,-,-
충청북도 제천시 청전동,639,639,0,비둘기,35.52,202110,18,"3,400",8,1991,청전대로 166,,-,-
충청북도 제천시 청전동,639,639,0,비둘기,35.52,202110,31,"4,500",15,1991,청전대로 166,,-,-
충청북도 제천시 청전동,480-4,480,4,성한,54.63,202110,28,"5,200",5,1991,명륜로2길 12,,-,-
충청북도 제천시 청전동,480-4,480,4,성한,54.63,202110,30,"5,850",2,1991,명륜로2길 12,,-,-
충청북도 제천시 청전동,04월 16일,4,16,시영,49.35,202110,12,"8,000",2,1982,고암로13길 12,,-,-
충청북도 제천시 청전동,04월 16일,4,16,시영,49.35,202110,22,"7,900",5,1982,고암로13길 12,,-,-
충청북도 제천시 청전동,4,4,0,주공,42.54,202110,1,"8,000",1,1980,청전대로15길 70,,-,-
충청북도 제천시 청전동,4,4,0,주공,41.99,202110,5,"6,900",5,1980,청전대로15길 70,20211102,-,-
충청북도 제천시 청전동,4,4,0,주공,41.99,202110,5,"6,900",5,1980,청전대로15길 70,,-,-
충청북도 제천시 청전동,4,4,0,주공,41.99,202110,5,"6,900",5,1980,청전대로15길 70,,-,-
충청북도 제천시 청전동,4,4,0,주공,46.97,202110,6,"8,050",5,1980,청전대로15길 70,,-,-
충청북도 제천시 청전동,4,4,0,주공,42.54,202110,6,"7,600",3,1980,청전대로15길 70,,-,-
충청북도 제천시 청전동,4,4,0,주공,42.54,202110,8,"7,500",5,1980,청전대로15길 70,,-,-
충청북도 제천시 청전동,4,4,0,주공,42.54,202110,10,"4,400",1,1980,청전대로15길 70,,-,-
충청북도 제천시 청전동,4,4,0,주공,46.97,202110,12,"8,100",3,1980,청전대로15길 70,,-,-
충청북도 제천시 청전동,4,4,0,주공,42.54,202110,22,"7,800",2,1980,청전대로15길 70,,-,-
충청북도 제천시 청전동,646,646,0,청전2주공,40,202110,12,"5,800",1,1991,고암로 22,,-,-
충청북도 제천시 청전동,986,986,0,청전두진백로2차,85,202110,5,"15,700",1,1995,청전대로 100,,-,-
충청북도 제천시 청전동,72,72,0,현대,84.945,202110,15,"13,000",2,1990,용두천로 235,,-,-
충청북도 제천시 청전동,72,72,0,현대,84.945,202110,20,"13,800",3,1990,용두천로 235,,-,-
충청북도 제천시 청전동,72,72,0,현대,106.29,202110,20,"20,000",7,1990,용두천로 235,,-,-
충청북도 제천시 하소동,198,198,0,제천그린코아루2차,84.9857,202110,2,"26,700",5,2007,용두대로7길 25,,-,-
충청북도 제천시 하소동,198,198,0,제천그린코아루2차,84.9857,202110,12,"30,900",7,2007,용두대로7길 25,,-,-
충청북도 제천시 하소동,198,198,0,제천그린코아루2차,84.9857,202110,13,"24,200",2,2007,용두대로7길 25,,-,-
충청북도 제천시 하소동,198,198,0,제천그린코아루2차,84.9857,202110,18,"25,500",2,2007,용두대로7길 25,,-,-
충청북도 제천시 하소동,198,198,0,제천그린코아루2차,84.9857,202110,19,"24,500",1,2007,용두대로7길 25,,-,-
충청북도 제천시 하소동,198,198,0,제천그린코아루2차,84.9857,202110,30,"27,000",1,2007,용두대로7길 25,,-,-
충청북도 제천시 하소동,82,82,0,주공,39.3,202110,9,"8,000",4,1989,용두대로15길 11,,-,-
충청북도 제천시 하소동,82,82,0,주공,46.68,202110,16,"9,500",3,1989,용두대로15길 11,,-,-
충청북도 제천시 하소동,82,82,0,주공,39.69,202110,19,"8,500",4,1989,용두대로15길 11,,-,-
충청북도 제천시 하소동,82,82,0,주공,39.69,202110,23,"8,400",3,1989,용두대로15길 11,,-,-
충청북도 제천시 하소동,353,353,0,주공2,58.74,202110,4,"9,500",1,1995,하소로 88,,-,-
충청북도 제천시 하소동,353,353,0,주공2,58.74,202110,12,"9,600",2,1995,하소로 88,,-,-
충청북도 제천시 하소동,353,353,0,주공2,58.74,202110,16,"9,000",9,1995,하소로 88,,-,-
충청북도 제천시 하소동,353,353,0,주공2,58.74,202110,25,"10,400",12,1995,하소로 88,,-,-
충청북도 제천시 하소동,353,353,0,주공2,58.74,202110,27,"10,300",14,1995,하소로 88,,-,-
충청북도 제천시 하소동,139,139,0,청구,59.81,202110,7,"12,900",10,2002,용두대로15길 47,,-,-
충청북도 제천시 하소동,139,139,0,청구,59.81,202110,18,"12,500",1,2002,용두대로15길 47,,-,-
충청북도 제천시 하소동,110,110,0,하소현대,84.42,202110,7,"16,000",6,1996,용두대로15길 38,,-,-
충청북도 제천시 하소동,110,110,0,하소현대,84.42,202110,7,"16,700",14,1996,용두대로15길 38,,-,-
충청북도 제천시 하소동,110,110,0,하소현대,59.985,202110,12,"11,700",17,1996,용두대로15길 38,,-,-
충청북도 제천시 하소동,110,110,0,하소현대,59.985,202110,14,"11,700",15,1996,용두대로15길 38,,-,-
충청북도 제천시 하소동,110,110,0,하소현대,59.985,202110,20,"12,700",2,1996,용두대로15길 38,,-,-
충청북도 제천시 하소동,110,110,0,하소현대,59.985,202110,30,"13,000",5,1996,용두대로15길 38,,-,-
충청북도 제천시 하소동,156,156,0,현대힐스테이트,84.935,202110,25,"36,000",11,2008,용두대로7길 36,,-,-
충청북도 제천시 하소동,156,156,0,현대힐스테이트,84.935,202110,30,"30,500",12,2008,용두대로7길 36,,-,-
충청북도 제천시 화산동,237-19,237,19,삼익상가,62.1,202110,29,"6,500",3,1994,의림대로2길 9,,-,-
충청북도 제천시 화산동,1009,1009,0,서희스타힐스,84.8916,202110,8,"24,500",10,2016,원화산로 43,,-,-
충청북도 제천시 화산동,1009,1009,0,서희스타힐스,84.8414,202110,16,"27,500",12,2016,원화산로 43,,-,-
충청북도 증평군 증평읍 송산리,721,721,0,지평더웰,59.9752,202110,5,"18,800",13,2014,송산로 11,,-,-
충청북도 증평군 증평읍 송산리,721,721,0,지평더웰,59.9752,202110,9,"18,500",14,2014,송산로 11,,-,-
충청북도 증평군 증평읍 송산리,721,721,0,지평더웰,59.9752,202110,9,"18,400",12,2014,송산로 11,,-,-
충청북도 증평군 증평읍 송산리,721,721,0,지평더웰,59.9752,202110,11,"17,950",15,2014,송산로 11,,-,-
충청북도 증평군 증평읍 송산리,721,721,0,지평더웰,59.9131,202110,18,"18,000",15,2014,송산로 11,,-,-
충청북도 증평군 증평읍 신동리,545,545,0,"증평주공2,3단지아파트",58.14,202110,7,"7,500",5,1995,창신로 86,,-,-
충청북도 증평군 증평읍 신동리,545,545,0,"증평주공2,3단지아파트",58.14,202110,8,"7,100",11,1995,창신로 86,,-,-
충청북도 증평군 증평읍 신동리,545,545,0,"증평주공2,3단지아파트",58.14,202110,9,"6,000",1,1995,창신로 86,,-,-
충청북도 증평군 증평읍 신동리,545,545,0,"증평주공2,3단지아파트",58.14,202110,15,"7,000",7,1995,창신로 86,,-,-
충청북도 증평군 증평읍 용강리,35,35,0,서호이타운,28.51,202110,8,"2,100",12,2001,광장로 534,,-,-
충청북도 증평군 증평읍 용강리,35,35,0,서호이타운,28.51,202110,14,"2,000",12,2001,광장로 534,,-,-
충청북도 증평군 증평읍 용강리,35,35,0,서호이타운,28.51,202110,19,"2,250",13,2001,광장로 534,,-,-
충청북도 증평군 증평읍 장동리,930,930,0,대성베르힐리오파크,59.95,202110,5,"22,000",18,2015,북부두름길 80,,-,-
충청북도 증평군 증평읍 장동리,930,930,0,대성베르힐리오파크,59.95,202110,5,"20,000",8,2015,북부두름길 80,,-,-
충청북도 증평군 증평읍 장동리,930,930,0,대성베르힐리오파크,84.9971,202110,15,"28,000",11,2015,북부두름길 80,,-,-
충청북도 증평군 증평읍 장동리,930,930,0,대성베르힐리오파크,84.9971,202110,22,"28,000",9,2015,북부두름길 80,,-,-
충청북도 증평군 증평읍 장동리,350,350,0,보창,55.0058,202110,9,"5,900",6,2000,두름로1길 21,,-,-
충청북도 증평군 증평읍 장동리,921,921,0,증평4주공,51.95,202110,4,"9,000",15,2003,문화로 97,,-,-
충청북도 증평군 증평읍 장동리,921,921,0,증평4주공,51.49,202110,14,"9,000",9,2003,문화로 97,,-,-
충청북도 증평군 증평읍 장동리,921,921,0,증평4주공,51.49,202110,19,"9,000",14,2003,문화로 97,,-,-
충청북도 증평군 증평읍 장동리,921,921,0,증평4주공,51.49,202110,19,"8,300",8,2003,문화로 97,,-,-
충청북도 증평군 증평읍 장동리,921,921,0,증평4주공,51.95,202110,21,"9,200",6,2003,문화로 97,,-,-
충청북도 증평군 증평읍 장동리,921,921,0,증평4주공,59.92,202110,23,"13,700",4,2003,문화로 97,,-,-
충청북도 증평군 증평읍 장동리,255,255,0,증평삼일,59.9,202110,2,"7,800",10,1992,장뜰로 110,,-,-
충청북도 증평군 증평읍 장동리,255,255,0,증평삼일,59.9,202110,2,"7,000",10,1992,장뜰로 110,,-,-
충청북도 증평군 증평읍 장동리,255,255,0,증평삼일,84.95,202110,4,"13,000",8,1992,장뜰로 110,,-,-
충청북도 증평군 증평읍 장동리,255,255,0,증평삼일,59.9,202110,4,"6,800",14,1992,장뜰로 110,,-,-
충청북도 증평군 증평읍 장동리,255,255,0,증평삼일,59.9,202110,7,"7,900",9,1992,장뜰로 110,,-,-
충청북도 증평군 증평읍 장동리,255,255,0,증평삼일,59.9,202110,22,"6,100",1,1992,장뜰로 110,,-,-
충청북도 증평군 증평읍 장동리,255,255,0,증평삼일,84.95,202110,24,"13,800",6,1992,장뜰로 110,,-,-
충청북도 증평군 증평읍 장동리,255,255,0,증평삼일,84.95,202110,25,"12,900",3,1992,장뜰로 110,,-,-
충청북도 증평군 증평읍 장동리,255,255,0,증평삼일,84.95,202110,28,"14,500",2,1992,장뜰로 110,,-,-
충청북도 증평군 증평읍 증천리,436,436,0,삼일무지개,59.94,202110,27,"6,500",7,1994,진지내6길 20,,-,-
충청북도 증평군 증평읍 증평리,734-9,734,9,한마음아파트1동,73.58,202110,26,"11,800",5,2014,역전로 91,,-,-
충청북도 증평군 증평읍 창동리,282,282,0,영우,59.9,202110,23,"7,700",11,1992,역전로 28,,-,-
충청북도 증평군 증평읍 창동리,544,544,0,주공,47.01,202110,14,"6,600",4,1988,삼보로1길 21,,-,-
충청북도 증평군 증평읍 창동리,544,544,0,주공,39.69,202110,30,"5,500",1,1988,삼보로1길 21,,-,-
충청북도 증평군 증평읍 창동리,822,822,0,파라디아1차,84.982,202110,4,"24,700",12,2007,충청대로 1746,,-,-
충청북도 증평군 증평읍 창동리,822,822,0,파라디아1차,84.994,202110,27,"24,900",11,2007,충청대로 1746,,-,-
충청북도 증평군 증평읍 창동리,822,822,0,파라디아1차,84.982,202110,27,"23,400",12,2007,충청대로 1746,,-,-
충청북도 증평군 증평읍 초중리,114,114,0,일진뜨리에,59.675,202110,2,"7,000",3,2005,가장골길 16-13,,-,-
충청북도 증평군 증평읍 초중리,Apr-45,45,4,파라디아2차APT,149.8277,202110,8,"30,500",11,2007,창신로 8-1,,-,-
충청북도 증평군 증평읍 초중리,533-1,533,1,한라비발디,84.9714,202110,4,"19,700",7,2006,초중6길 8,,-,-
충청북도 증평군 증평읍 초중리,533-1,533,1,한라비발디,84.9714,202110,7,"22,000",13,2006,초중6길 8,,-,-
충청북도 증평군 증평읍 초중리,533-1,533,1,한라비발디,127.6455,202110,12,"23,000",2,2006,초중6길 8,,-,-
충청북도 증평군 증평읍 초중리,533-1,533,1,한라비발디,84.9714,202110,13,"17,200",1,2006,초중6길 8,,-,-
충청북도 진천군 광혜원면 광혜원리,1085,1085,0,광혜원코아루,119.8261,202110,16,"31,500",14,2010,구암길 11,,-,-
충청북도 진천군 광혜원면 광혜원리,1085,1085,0,광혜원코아루,84.9196,202110,21,"25,000",12,2010,구암길 11,,-,-
충청북도 진천군 광혜원면 광혜원리,529-1,529,1,목화2,59.74,202110,2,"8,000",17,1995,화랑길 75,,-,-
충청북도 진천군 광혜원면 광혜원리,529-1,529,1,목화2,59.895,202110,6,"7,800",6,1995,화랑길 75,,-,-
충청북도 진천군 광혜원면 광혜원리,383-4,383,4,산일전원APT,37.08,202110,4,"3,750",18,1999,장기길 66-1,,-,-
충청북도 진천군 광혜원면 광혜원리,383-4,383,4,산일전원APT,37.08,202110,22,"4,400",11,1999,장기길 66-1,,-,-
충청북도 진천군 광혜원면 광혜원리,383-4,383,4,산일전원APT,58.158,202110,24,"7,000",12,1999,장기길 66-1,,-,-
충청북도 진천군 광혜원면 광혜원리,383-4,383,4,산일전원APT,37.08,202110,25,"4,200",3,1999,장기길 66-1,,-,-
충청북도 진천군 광혜원면 광혜원리,383-4,383,4,산일전원APT,37.08,202110,26,"4,200",5,1999,장기길 66-1,,-,-
충청북도 진천군 광혜원면 광혜원리,Mar-73,73,3,산호2차,59.98,202110,4,"6,600",1,2009,화랑5길 24-5,,-,-
충청북도 진천군 광혜원면 광혜원리,Mar-73,73,3,산호2차,25.68,202110,14,"2,700",9,2009,화랑5길 24-5,,-,-
충청북도 진천군 광혜원면 광혜원리,Mar-73,73,3,산호2차,39.84,202110,18,"4,000",13,2009,화랑5길 24-5,,-,-
충청북도 진천군 광혜원면 광혜원리,Mar-73,73,3,산호2차,25.68,202110,22,"3,250",3,2009,화랑5길 24-5,,-,-
충청북도 진천군 광혜원면 광혜원리,192,192,0,정암(192),62.8,202110,3,"3,500",5,1990,바들말4길 18,,-,-
충청북도 진천군 광혜원면 광혜원리,1088,1088,0,진천광혜원양우내안애,57.5385,202110,4,"14,400",14,2015,장기길 70,,-,-
충청북도 진천군 광혜원면 광혜원리,1088,1088,0,진천광혜원양우내안애,38.6767,202110,13,"7,800",20,2015,장기길 70,,-,-
충청북도 진천군 광혜원면 광혜원리,1088,1088,0,진천광혜원양우내안애,57.5385,202110,19,"13,000",9,2015,장기길 70,,-,-
충청북도 진천군 광혜원면 광혜원리,1088,1088,0,진천광혜원양우내안애,57.5385,202110,20,"14,400",6,2015,장기길 70,,-,-
충청북도 진천군 광혜원면 광혜원리,1088,1088,0,진천광혜원양우내안애,58.1475,202110,20,"14,400",18,2015,장기길 70,,-,-
충청북도 진천군 광혜원면 광혜원리,1078,1078,0,진천광혜원주공,59.92,202110,1,"13,000",11,2003,화랑길 50-5,,-,-
충청북도 진천군 광혜원면 광혜원리,1078,1078,0,진천광혜원주공,51.74,202110,3,"10,500",9,2003,화랑길 50-5,,-,-
충청북도 진천군 덕산읍 두촌리,3146,3146,0,모아엘가더테라스,102.895,202110,27,"51,000",1,2018,대월로 127,,-,-
충청북도 진천군 덕산읍 두촌리,2456,2456,0,영무예다음2차,84.949,202110,14,"42,000",3,2016,대하로 195,,-,-
충청북도 진천군 덕산읍 두촌리,3148,3148,0,충북혁신도시아모리움내안애,84.9637,202110,6,"41,900",4,2018,대하로 114,,-,-
충청북도 진천군 덕산읍 두촌리,3148,3148,0,충북혁신도시아모리움내안애,84.9637,202110,9,"43,000",10,2018,대하로 114,,-,-
충청북도 진천군 덕산읍 두촌리,3148,3148,0,충북혁신도시아모리움내안애,84.9637,202110,21,"45,000",9,2018,대하로 114,,-,-
충청북도 진천군 덕산읍 두촌리,2487,2487,0,충북혁신리슈빌,84.94,202110,8,"42,000",12,2018,연미로 128,,-,-
충청북도 진천군 덕산읍 두촌리,2487,2487,0,충북혁신리슈빌,84.86,202110,29,"21,500",3,2018,연미로 128,,-,-
충청북도 진천군 덕산읍 용몽리,613-1,613,1,아담1차가동,59.61,202110,15,"6,150",2,1992,8,,-,-
충청북도 진천군 덕산읍 합목리,302,302,0,나우하이빌,33.18,202110,15,"3,000",3,2002,757,,-,-
충청북도 진천군 덕산읍 합목리,302,302,0,나우하이빌,33.18,202110,25,"2,400",2,2002,757,,-,-
충청북도 진천군 덕산읍 합목리,302,302,0,나우하이빌,33.18,202110,26,"2,500",3,2002,757,,-,-
충청북도 진천군 덕산읍 합목리,302,302,0,나우하이빌,33.18,202110,26,"2,700",12,2002,757,,-,-
충청북도 진천군 덕산읍 합목리,302,302,0,나우하이빌,33.18,202110,26,"2,700",4,2002,757,,-,-
충청북도 진천군 문백면 봉죽리,257,257,0,경향렉스빌,35.1,202110,13,"2,700",3,2000,봉죽2길 20-42,,-,-
충청북도 진천군 문백면 봉죽리,257,257,0,경향렉스빌,40.32,202110,23,"2,600",6,2000,봉죽2길 20-42,,-,-
충청북도 진천군 문백면 봉죽리,257,257,0,경향렉스빌,35.1,202110,25,"3,000",10,2000,봉죽2길 20-42,,-,-
충청북도 진천군 백곡면 석현리,280-1,280,1,백곡정암,58.83,202110,28,"4,600",1,1996,지곡길 9,,-,-
충청북도 진천군 백곡면 석현리,280-1,280,1,백곡정암,58.83,202110,29,"4,300",4,1996,지곡길 9,,-,-
충청북도 진천군 이월면 송림리,512,512,0,대승산내들,45,202110,17,"4,900",13,2000,진안로 46,,-,-
충청북도 진천군 이월면 송림리,371-2,371,2,현진포르테,84.6845,202110,26,"15,000",12,2008,진광로 828,,-,-
충청북도 진천군 이월면 송림리,371-2,371,2,현진포르테,84.6845,202110,27,"16,000",13,2008,진광로 828,,-,-
충청북도 진천군 진천읍 교성리,07월 16일,7,16,양지,84.72,202110,12,"7,800",1,1991,남산8길 34-10,,-,-
충청북도 진천군 진천읍 교성리,144,144,0,진천교성주공,49.85,202110,2,"10,500",9,2000,중앙서로 89,,-,-
충청북도 진천군 진천읍 교성리,144,144,0,진천교성주공,49.85,202110,3,"10,050",15,2000,중앙서로 89,,-,-
충청북도 진천군 진천읍 교성리,144,144,0,진천교성주공,49.85,202110,8,"8,700",3,2000,중앙서로 89,,-,-
충청북도 진천군 진천읍 교성리,144,144,0,진천교성주공,49.85,202110,9,"9,500",15,2000,중앙서로 89,,-,-
충청북도 진천군 진천읍 교성리,144,144,0,진천교성주공,49.85,202110,9,"10,300",12,2000,중앙서로 89,,-,-
충청북도 진천군 진천읍 교성리,144,144,0,진천교성주공,49.85,202110,14,"9,900",6,2000,중앙서로 89,,-,-
충청북도 진천군 진천읍 교성리,144,144,0,진천교성주공,49.85,202110,16,"10,500",12,2000,중앙서로 89,,-,-
충청북도 진천군 진천읍 교성리,144,144,0,진천교성주공,49.85,202110,19,"9,500",3,2000,중앙서로 89,,-,-
충청북도 진천군 진천읍 교성리,144,144,0,진천교성주공,49.85,202110,23,"10,900",10,2000,중앙서로 89,,-,-
충청북도 진천군 진천읍 교성리,144,144,0,진천교성주공,49.85,202110,28,"11,200",9,2000,중앙서로 89,,-,-
충청북도 진천군 진천읍 교성리,144,144,0,진천교성주공,49.85,202110,31,"8,500",1,2000,중앙서로 89,,-,-
충청북도 진천군 진천읍 성석리,327-1,327,1,동백3차아파트,29.25,202110,18,"3,700",9,1999,덕금로 55,,-,-
충청북도 진천군 진천읍 성석리,327-1,327,1,동백3차아파트,29.25,202110,22,"4,500",5,1999,덕금로 55,,-,-
충청북도 진천군 진천읍 성석리,450,450,0,산호오크힐,84.85,202110,16,"14,750",5,2003,성중로 57,,-,-
충청북도 진천군 진천읍 신정리,390,390,0,삼진동산,59.94,202110,1,"5,500",5,1996,농다리로 1411,,-,-
충청북도 진천군 진천읍 신정리,390,390,0,삼진동산,59.94,202110,9,"5,700",13,1996,농다리로 1411,,-,-
충청북도 진천군 진천읍 신정리,390,390,0,삼진동산,48.12,202110,14,"4,800",1,1996,농다리로 1411,,-,-
충청북도 진천군 진천읍 신정리,390,390,0,삼진동산,28.47,202110,22,"2,400",5,1996,농다리로 1411,,-,-
충청북도 진천군 진천읍 신정리,390,390,0,삼진동산,48.12,202110,28,"4,000",12,1996,농다리로 1411,,-,-
충청북도 진천군 진천읍 신정리,390,390,0,삼진동산,48.12,202110,29,"4,000",1,1996,농다리로 1411,,-,-
충청북도 진천군 진천읍 신정리,469,469,0,우미,59.854,202110,18,"5,600",3,1998,문덕1길 36,,-,-
충청북도 진천군 진천읍 신정리,651-1,651,1,장산,68.94,202110,5,"7,900",1,1991,중앙동로 8,,-,-
충청북도 진천군 진천읍 신정리,827,827,0,진천양우내안애해오르미,39.15,202110,5,"9,500",15,2016,농다리로 1431,,-,-
충청북도 진천군 진천읍 신정리,827,827,0,진천양우내안애해오르미,39.15,202110,5,"9,500",6,2016,농다리로 1431,,-,-
충청북도 진천군 진천읍 신정리,827,827,0,진천양우내안애해오르미,58.32,202110,5,"13,300",8,2016,농다리로 1431,,-,-
충청북도 진천군 진천읍 신정리,827,827,0,진천양우내안애해오르미,58.32,202110,9,"13,500",4,2016,농다리로 1431,,-,-
충청북도 진천군 진천읍 신정리,827,827,0,진천양우내안애해오르미,39.15,202110,21,"9,500",5,2016,농다리로 1431,,-,-
충청북도 진천군 진천읍 신정리,827,827,0,진천양우내안애해오르미,58.32,202110,24,"13,200",11,2016,농다리로 1431,,-,-
충청북도 진천군 진천읍 신정리,827,827,0,진천양우내안애해오르미,58.32,202110,25,"12,500",1,2016,농다리로 1431,,-,-
충청북도 진천군 진천읍 신정리,377-2,377,2,진천영화블렌하임,74.37,202110,8,"17,000",7,2008,농다리로 1422,,-,-
충청북도 진천군 진천읍 읍내리,453,453,0,신양(453),73.08,202110,8,"8,700",3,1990,포석길 54,,-,-
충청북도 진천군 진천읍 장관리,02월 01일,2,1,남해오네뜨,73.9961,202110,18,"21,500",7,2009,장관2길 159,,-,-
충청북도 진천군 진천읍 장관리,03월 01일,3,1,우주동백2,50,202110,2,"6,000",4,1996,장관2길 153,,-,-
충청북도 진천군 진천읍 장관리,03월 01일,3,1,우주동백2,50,202110,5,"6,400",12,1996,장관2길 153,,-,-
충청북도 진천군 진천읍 장관리,03월 01일,3,1,우주동백2,50,202110,13,"7,000",13,1996,장관2길 153,,-,-
충청북도 진천군 진천읍 장관리,03월 01일,3,1,우주동백2,50,202110,18,"5,400",9,1996,장관2길 153,,-,-
충청북도 진천군 진천읍 장관리,03월 01일,3,1,우주동백2,50,202110,27,"6,500",9,1996,장관2길 153,,-,-
충청북도 진천군 진천읍 장관리,880,880,0,진천장관사랑으로부영2차,59.9605,202110,6,"14,600",9,2013,진광로 97-13,,-,-
충청북도 청주상당구 금천동,Mar-50,50,3,경희,31.2,202110,2,"4,200",10,1997,꽃산동로 4-2,,-,-
충청북도 청주상당구 금천동,Mar-50,50,3,경희,31.2,202110,4,"4,500",9,1997,꽃산동로 4-2,20211013,-,-
충청북도 청주상당구 금천동,Mar-50,50,3,경희,31.2,202110,12,"4,500",5,1997,꽃산동로 4-2,,-,-
충청북도 청주상당구 금천동,Mar-50,50,3,경희,31.2,202110,13,"4,500",9,1997,꽃산동로 4-2,,-,-
충청북도 청주상당구 금천동,Mar-50,50,3,경희,31.2,202110,13,"4,000",11,1997,꽃산동로 4-2,,-,-
충청북도 청주상당구 금천동,Mar-50,50,3,경희,31.2,202110,14,"3,900",3,1997,꽃산동로 4-2,,-,-
충청북도 청주상당구 금천동,Mar-50,50,3,경희,31.2,202110,16,"3,450",2,1997,꽃산동로 4-2,,-,-
충청북도 청주상당구 금천동,Mar-50,50,3,경희,31.2,202110,21,"3,600",15,1997,꽃산동로 4-2,,-,-
충청북도 청주상당구 금천동,Mar-50,50,3,경희,31.2,202110,24,"4,600",13,1997,꽃산동로 4-2,,-,-
충청북도 청주상당구 금천동,Mar-50,50,3,경희,31.2,202110,25,"4,100",10,1997,꽃산동로 4-2,,-,-
충청북도 청주상당구 금천동,Mar-50,50,3,경희,31.2,202110,25,"4,200",10,1997,꽃산동로 4-2,,-,-
충청북도 청주상당구 금천동,477,477,0,금천센트럴파크스타힐스,67.7429,202110,6,"31,000",12,2020,쇠내로 48,,-,-
충청북도 청주상당구 금천동,477,477,0,금천센트럴파크스타힐스,84.6785,202110,13,"32,000",4,2020,쇠내로 48,,-,-
충청북도 청주상당구 금천동,476,476,0,금천우미린,76.0938,202110,16,"26,500",13,2014,꽃산동로 25,,-,-
충청북도 청주상당구 금천동,Jul-77,77,7,뉴타운,84.9,202110,28,"15,500",8,1993,꽃산동로 41,,-,-
충청북도 청주상당구 금천동,81,81,0,덕성,58.68,202110,19,"7,400",4,1993,꽃산동로 15-1,,-,-
충청북도 청주상당구 금천동,56,56,0,동산,59.22,202110,18,"4,000",5,1993,중고개로273번길 47-9,,-,-
충청북도 청주상당구 금천동,122-1,122,1,삼일,59.84,202110,13,"7,950",2,1987,영운천로91번길 62,,-,-
충청북도 청주상당구 금천동,122-1,122,1,삼일,59.84,202110,18,"8,000",3,1987,영운천로91번길 57,,-,-
충청북도 청주상당구 금천동,122-1,122,1,삼일,59.84,202110,18,"7,300",3,1987,영운천로91번길 57,,-,-
충청북도 청주상당구 금천동,122-1,122,1,삼일,59.84,202110,23,"8,400",2,1987,영운천로91번길 57,,-,-
충청북도 청주상당구 금천동,115-1,115,1,수정,84.95,202110,22,"14,500",4,1993,꽃산동로 40,,-,-
충청북도 청주상당구 금천동,115-1,115,1,수정,59.85,202110,25,"6,700",4,1993,꽃산동로 40,,-,-
충청북도 청주상당구 금천동,115-1,115,1,수정,59.85,202110,28,"11,500",3,1993,꽃산동로 40,,-,-
충청북도 청주상당구 금천동,103-2,103,2,장미,61.83,202110,8,"5,300",4,1990,꽃산서로8번길 16,,-,-
충청북도 청주상당구 금천동,103-2,103,2,장미,61.83,202110,8,"5,300",4,1990,꽃산서로8번길 16,20211022,-,-
충청북도 청주상당구 금천동,275,275,0,장자마을부영(275-7단지),48.3895,202110,2,"13,650",11,2001,중고개로 288,,-,-
충청북도 청주상당구 금천동,275,275,0,장자마을부영(275-7단지),48.3895,202110,7,"12,000",5,2001,중고개로 288,,-,-
충청북도 청주상당구 금천동,275,275,0,장자마을부영(275-7단지),48.3895,202110,7,"9,900",2,2001,중고개로 288,,-,-
충청북도 청주상당구 금천동,275,275,0,장자마을부영(275-7단지),48.3895,202110,9,"15,200",6,2001,중고개로 288,,-,-
충청북도 청주상당구 금천동,275,275,0,장자마을부영(275-7단지),48.3895,202110,9,"13,700",12,2001,중고개로 288,,-,-
충청북도 청주상당구 금천동,275,275,0,장자마을부영(275-7단지),48.3895,202110,12,"13,700",6,2001,중고개로 288,,-,-
충청북도 청주상당구 금천동,275,275,0,장자마을부영(275-7단지),59.2962,202110,15,"18,700",6,2001,중고개로 288,,-,-
충청북도 청주상당구 금천동,275,275,0,장자마을부영(275-7단지),59.2962,202110,28,"18,500",11,2001,중고개로 288,,-,-
충청북도 청주상당구 금천동,275,275,0,장자마을부영(275-7단지),48.3895,202110,29,"13,500",6,2001,중고개로 288,,-,-
충청북도 청주상당구 금천동,312,312,0,장자마을부영(312),84.9767,202110,4,"23,300",13,2003,수영로 306,,-,-
충청북도 청주상당구 금천동,318,318,0,장자마을부영(318-10단지),84.9767,202110,16,"21,000",15,2002,호미로233번길 74,,-,-
충청북도 청주상당구 금천동,318,318,0,장자마을부영(318-10단지),84.9767,202110,24,"20,800",12,2002,호미로233번길 74,,-,-
충청북도 청주상당구 금천동,320,320,0,장자마을부영(320)-8단지,84.9767,202110,2,"20,700",9,2002,호미로 261,,-,-
충청북도 청주상당구 금천동,320,320,0,장자마을부영(320)-8단지,84.9767,202110,10,"21,900",7,2002,호미로 261,,-,-
충청북도 청주상당구 금천동,320,320,0,장자마을부영(320)-8단지,84.9767,202110,13,"19,700",1,2002,호미로 261,,-,-
충청북도 청주상당구 금천동,320,320,0,장자마을부영(320)-8단지,84.9767,202110,13,"24,500",14,2002,호미로 261,,-,-
충청북도 청주상당구 금천동,320,320,0,장자마을부영(320)-8단지,84.9767,202110,14,"24,500",9,2002,호미로 261,,-,-
충청북도 청주상당구 금천동,320,320,0,장자마을부영(320)-8단지,84.9767,202110,16,"20,500",2,2002,호미로 261,,-,-
충청북도 청주상당구 금천동,324,324,0,장자마을부영(324-3단지),84.9916,202110,4,"22,000",4,2003,호미로 285,,-,-
충청북도 청주상당구 금천동,324,324,0,장자마을부영(324-3단지),84.9916,202110,16,"24,800",12,2003,호미로 285,,-,-
충청북도 청주상당구 금천동,324,324,0,장자마을부영(324-3단지),84.9916,202110,16,"23,800",9,2003,호미로 285,,-,-
충청북도 청주상당구 금천동,317,317,0,장자마을부영(9단지),59.2962,202110,1,"17,000",15,2002,중고개로 286,,-,-
충청북도 청주상당구 금천동,317,317,0,장자마을부영(9단지),59.2962,202110,1,"18,200",5,2002,중고개로 286,,-,-
충청북도 청주상당구 금천동,317,317,0,장자마을부영(9단지),59.2962,202110,7,"16,500",1,2002,중고개로 286,,-,-
충청북도 청주상당구 금천동,317,317,0,장자마을부영(9단지),59.2962,202110,16,"18,000",9,2002,중고개로 286,,-,-
충청북도 청주상당구 금천동,311,311,0,장자마을부영그린타운2차,84.8612,202110,2,"27,000",10,2005,수영로 294,,-,-
충청북도 청주상당구 금천동,270,270,0,장자마을현대(2단지),74.9581,202110,6,"21,000",5,2002,수영로 328,,-,-
충청북도 청주상당구 금천동,270,270,0,장자마을현대(2단지),74.9581,202110,13,"17,000",5,2002,수영로 328,,-,-
충청북도 청주상당구 금천동,270,270,0,장자마을현대(2단지),84.8943,202110,17,"28,300",6,2002,수영로 328,,-,-
충청북도 청주상당구 금천동,167-3,167,3,진주,56.43,202110,11,"6,500",5,1984,단재로 55,,-,-
충청북도 청주상당구 금천동,106-1,106,1,풍림,84.62,202110,4,"15,600",7,1992,꽃산동로 36,,-,-
충청북도 청주상당구 금천동,106-1,106,1,풍림,84.62,202110,11,"14,000",1,1992,꽃산동로 36,,-,-
충청북도 청주상당구 금천동,106-1,106,1,풍림,84.62,202110,11,"13,900",1,1992,꽃산동로 36,,-,-
충청북도 청주상당구 금천동,106-1,106,1,풍림,84.62,202110,16,"16,000",8,1992,꽃산동로 36,,-,-
충청북도 청주상당구 금천동,199-1,199,1,현대,62.08,202110,2,"11,000",1,1992,중고개로337번길 23,,-,-
충청북도 청주상당구 금천동,199-1,199,1,현대,84.84,202110,7,"16,600",12,1992,중고개로337번길 23,,-,-
충청북도 청주상당구 금천동,199-1,199,1,현대,84.84,202110,15,"15,700",12,1992,중고개로337번길 23,,-,-
충청북도 청주상당구 금천동,199-1,199,1,현대,84.84,202110,31,"17,000",4,1992,중고개로337번길 23,,-,-
충청북도 청주상당구 금천동,124,124,0,효성,59.9,202110,5,"9,000",1,1998,수영로 204,,-,-
충청북도 청주상당구 금천동,124,124,0,효성,27.29,202110,6,"2,800",4,1998,수영로 204,,-,-
충청북도 청주상당구 금천동,137,137,0,효성2차,27.27,202110,16,"2,900",11,1998,수영로196번길 12-17,,-,-
충청북도 청주상당구 금천동,137,137,0,효성2차,27.27,202110,25,"3,100",14,1998,수영로196번길 12-17,,-,-
충청북도 청주상당구 남문로1가동,53,53,0,트레비앙,28.74,202110,23,"7,000",7,2016,상당로29번길 20,,-,-
충청북도 청주상당구 남주동,449,449,0,신일마트,77.85,202110,1,"9,600",12,1996,상당로5번길 89,,-,-
충청북도 청주상당구 대성동,4,4,0,무지개,59.65,202110,26,"5,000",2,1985,용담로 94,,-,-
충청북도 청주상당구 대성동,5,5,0,우성,127.22,202110,2,"22,000",5,1991,용담로63번길 33,,-,-
충청북도 청주상당구 대성동,5,5,0,우성,127.22,202110,9,"19,800",11,1991,용담로63번길 33,,-,-
충청북도 청주상당구 대성동,155-1,155,1,이화,52.58,202110,9,"6,400",2,1980,용담로 55,,-,-
충청북도 청주상당구 문화동,118,118,0,문화동센트럴칸타빌,84.7409,202110,1,"40,500",27,2018,용담로 7,,-,-
충청북도 청주상당구 문화동,118,118,0,문화동센트럴칸타빌,96.9311,202110,23,"46,000",32,2018,용담로 7,,-,-
충청북도 청주상당구 방서동,100,100,0,세중참사랑,84.87,202110,20,"17,500",8,2001,무농정로2번길 66-34,,-,-
충청북도 청주상당구 방서동,653,653,0,중흥에스-클래스더퍼스트,84.997,202110,2,"47,700",24,2018,단재로 312,,-,-
충청북도 청주상당구 방서동,653,653,0,중흥에스-클래스더퍼스트,84.997,202110,5,"51,000",6,2018,단재로 312,,-,-
충청북도 청주상당구 방서동,653,653,0,중흥에스-클래스더퍼스트,84.9935,202110,9,"47,000",3,2018,단재로 312,,-,-
충청북도 청주상당구 방서동,653,653,0,중흥에스-클래스더퍼스트,84.9935,202110,9,"46,400",4,2018,단재로 312,,-,-
충청북도 청주상당구 방서동,653,653,0,중흥에스-클래스더퍼스트,84.997,202110,11,"48,000",28,2018,단재로 312,,-,-
충청북도 청주상당구 방서동,653,653,0,중흥에스-클래스더퍼스트,84.997,202110,14,"49,400",23,2018,단재로 312,,-,-
충청북도 청주상당구 방서동,653,653,0,중흥에스-클래스더퍼스트,84.997,202110,15,"47,000",6,2018,단재로 312,,-,-
충청북도 청주상당구 방서동,653,653,0,중흥에스-클래스더퍼스트,84.997,202110,23,"46,700",10,2018,단재로 312,,-,-
충청북도 청주상당구 방서동,653,653,0,중흥에스-클래스더퍼스트,84.997,202110,24,"49,800",21,2018,단재로 312,,-,-
충청북도 청주상당구 방서동,653,653,0,중흥에스-클래스더퍼스트,84.997,202110,31,"41,000",3,2018,단재로 312,,-,-
충청북도 청주상당구 방서동,Jun-55,55,6,참좋은하얀마을,84.5222,202110,12,"17,500",6,2006,단재로 303-19,,-,-
충청북도 청주상당구 방서동,654,654,0,청주센트럴자이,101.8749,202110,1,"75,000",25,2018,단재로 316,,-,-
충청북도 청주상당구 방서동,654,654,0,청주센트럴자이,84.7377,202110,2,"53,000",3,2018,단재로 316,,-,-
충청북도 청주상당구 방서동,654,654,0,청주센트럴자이,59.953,202110,4,"41,000",6,2018,단재로 316,,-,-
충청북도 청주상당구 방서동,654,654,0,청주센트럴자이,59.953,202110,4,"41,000",6,2018,단재로 316,20211019,-,-
충청북도 청주상당구 방서동,654,654,0,청주센트럴자이,59.953,202110,6,"42,500",11,2018,단재로 316,,-,-
충청북도 청주상당구 방서동,654,654,0,청주센트럴자이,84.7377,202110,8,"54,500",19,2018,단재로 316,,-,-
충청북도 청주상당구 방서동,654,654,0,청주센트럴자이,59.953,202110,9,"43,450",18,2018,단재로 316,20211019,-,-
충청북도 청주상당구 방서동,654,654,0,청주센트럴자이,59.953,202110,9,"43,450",18,2018,단재로 316,,-,-
충청북도 청주상당구 방서동,654,654,0,청주센트럴자이,59.953,202110,13,"42,000",19,2018,단재로 316,,-,-
충청북도 청주상당구 방서동,654,654,0,청주센트럴자이,84.7377,202110,16,"54,300",6,2018,단재로 316,,-,-
충청북도 청주상당구 방서동,655,655,0,청주하트리움리버파크,84.8401,202110,2,"45,000",12,2019,2순환로 2031,,-,-
충청북도 청주상당구 방서동,655,655,0,청주하트리움리버파크,84.8401,202110,9,"49,500",8,2019,2순환로 2031,,-,-
충청북도 청주상당구 방서동,655,655,0,청주하트리움리버파크,84.8401,202110,16,"47,000",16,2019,2순환로 2031,,-,-
충청북도 청주상당구 방서동,655,655,0,청주하트리움리버파크,84.891,202110,19,"47,600",26,2019,2순환로 2031,,-,-
충청북도 청주상당구 방서동,655,655,0,청주하트리움리버파크,84.891,202110,23,"45,500",19,2019,2순환로 2031,,-,-
충청북도 청주상당구 북문로3가동,Jan-49,49,1,한신휴,84.9904,202110,20,"32,500",18,2013,중앙로 83,,-,-
충청북도 청주상당구 영동,50,50,0,평화,81.72,202110,22,"12,000",5,1982,교서로 38,,-,-
충청북도 청주상당구 영운동,135-19,135,19,두산하이츠,22.93,202110,18,"1,750",1,1992,단재로95번길 40,,-,-
충청북도 청주상당구 영운동,135-19,135,19,두산하이츠,22.93,202110,20,"2,500",13,1992,단재로95번길 40,,-,-
충청북도 청주상당구 영운동,179-11,179,11,미림,49.99,202110,4,"6,300",3,1991,수영로101번길 49,,-,-
충청북도 청주상당구 영운동,179-11,179,11,미림,49.99,202110,19,"7,000",2,1991,수영로101번길 49,,-,-
충청북도 청주상당구 영운동,179-11,179,11,미림,49.99,202110,27,"4,500",5,1991,수영로101번길 49,,-,-
충청북도 청주상당구 영운동,204,204,0,삼일,84.05,202110,8,"13,500",10,1992,수영로 136,,-,-
충청북도 청주상당구 영운동,113,113,0,성화누리안1차,84.9706,202110,3,"16,200",4,2008,단재로115번길 44-1,,-,-
충청북도 청주상당구 영운동,112-14,112,14,성화누리안2차,84.9118,202110,9,"17,200",10,2008,단재로115번길 46,,-,-
충청북도 청주상당구 영운동,112-14,112,14,성화누리안2차,84.9093,202110,22,"18,000",5,2008,단재로115번길 46,,-,-
충청북도 청주상당구 영운동,145-11,145,11,신라송림,84.66,202110,1,"12,000",2,1995,단재로77번길 21-22,,-,-
충청북도 청주상당구 영운동,103,103,0,에브라임리치빌,77.1103,202110,15,"16,050",4,2005,수영로137번길 30,,-,-
충청북도 청주상당구 영운동,118,118,0,정화(118),57.84,202110,12,"4,700",1,1984,단재로115번길 22,,-,-
충청북도 청주상당구 영운동,May-40,40,5,진흥,65.92,202110,1,"6,500",2,1987,영운천로91번길 35,,-,-
충청북도 청주상당구 영운동,May-73,73,5,태암수정,42.24,202110,12,"4,400",6,1995,영운천로51번길 26,,-,-
충청북도 청주상당구 영운동,May-73,73,5,태암수정,42.24,202110,12,"5,100",5,1995,영운천로51번길 26,,-,-
충청북도 청주상당구 영운동,May-73,73,5,태암수정,42.24,202110,15,"4,700",4,1995,영운천로51번길 26,,-,-
충청북도 청주상당구 영운동,May-73,73,5,태암수정,54.12,202110,30,"8,500",12,1995,영운천로51번길 26,,-,-
충청북도 청주상당구 영운동,222,222,0,파모스라움아파트,59.432,202110,4,"22,000",10,2018,수영로 180,,-,-
충청북도 청주상당구 영운동,222,222,0,파모스라움아파트,59.35,202110,9,"20,500",2,2018,수영로 180,,-,-
충청북도 청주상당구 영운동,222,222,0,파모스라움아파트,59.432,202110,13,"21,600",18,2018,수영로 180,,-,-
충청북도 청주상당구 영운동,222,222,0,파모스라움아파트,59.5556,202110,29,"21,200",5,2018,수영로 180,,-,-
충청북도 청주상당구 영운동,222,222,0,파모스라움아파트,59.432,202110,29,"21,000",5,2018,수영로 180,,-,-
충청북도 청주상당구 영운동,Jan-33,33,1,한진신세대,43.24,202110,1,"5,500",13,1997,영운천로119번길 7,,-,-
충청북도 청주상당구 영운동,Jan-33,33,1,한진신세대,43.24,202110,2,"5,000",12,1997,영운천로119번길 7,,-,-
충청북도 청주상당구 영운동,Jan-33,33,1,한진신세대,43.24,202110,6,"5,400",13,1997,영운천로119번길 7,,-,-
충청북도 청주상당구 영운동,Jan-33,33,1,한진신세대,43.24,202110,15,"5,500",9,1997,영운천로119번길 7,,-,-
충청북도 청주상당구 영운동,Jan-33,33,1,한진신세대,43.24,202110,29,"5,500",3,1997,영운천로119번길 7,,-,-
충청북도 청주상당구 용담동,425,425,0,가좌마을부영,59.987,202110,5,"18,300",9,2003,호미로 329,,-,-
충청북도 청주상당구 용담동,425,425,0,가좌마을부영,59.987,202110,10,"18,300",7,2003,호미로 329,,-,-
충청북도 청주상당구 용담동,425,425,0,가좌마을부영,59.987,202110,22,"17,300",1,2003,호미로 329,,-,-
충청북도 청주상당구 용담동,425,425,0,가좌마을부영,59.987,202110,23,"18,600",5,2003,호미로 329,,-,-
충청북도 청주상당구 용담동,425,425,0,가좌마을부영,59.987,202110,23,"18,800",9,2003,호미로 329,,-,-
충청북도 청주상당구 용담동,425,425,0,가좌마을부영,59.987,202110,24,"18,300",12,2003,호미로 329,,-,-
충청북도 청주상당구 용담동,425,425,0,가좌마을부영,59.987,202110,30,"18,250",13,2003,호미로 329,,-,-
충청북도 청주상당구 용담동,418,418,0,가좌마을부영(418),84.9916,202110,24,"25,300",12,2004,산성로116번길 23,,-,-
충청북도 청주상당구 용담동,436,436,0,가좌마을용담이-편한세상,107.3396,202110,23,"36,500",9,2004,호미로 330,,-,-
충청북도 청주상당구 용담동,436,436,0,가좌마을용담이-편한세상,139.233,202110,31,"44,400",12,2004,호미로 330,,-,-
충청북도 청주상당구 용담동,423,423,0,부영E그린,84.9916,202110,17,"21,300",2,2003,호미로 317,,-,-
충청북도 청주상당구 용담동,421,421,0,세영첼시빌,84.993,202110,6,"30,250",14,2005,수영로 327,,-,-
충청북도 청주상당구 용담동,421,421,0,세영첼시빌,84.993,202110,7,"30,000",13,2005,수영로 327,,-,-
충청북도 청주상당구 용담동,421,421,0,세영첼시빌,84.993,202110,14,"32,500",9,2005,수영로 327,,-,-
충청북도 청주상당구 용담동,421,421,0,세영첼시빌,84.993,202110,16,"33,000",8,2005,수영로 327,,-,-
충청북도 청주상당구 용담동,421,421,0,세영첼시빌,157.041,202110,23,"39,500",9,2005,수영로 327,,-,-
충청북도 청주상당구 용담동,421,421,0,세영첼시빌,84.993,202110,26,"29,500",6,2005,수영로 327,,-,-
충청북도 청주상당구 용담동,467,467,0,우미린에듀파크2단지,72.9398,202110,2,"39,000",25,2018,수영로 359,,-,-
충청북도 청주상당구 용담동,467,467,0,우미린에듀파크2단지,84.9854,202110,12,"47,500",3,2018,수영로 359,,-,-
충청북도 청주상당구 용담동,467,467,0,우미린에듀파크2단지,72.9398,202110,15,"38,500",6,2018,수영로 359,,-,-
충청북도 청주상당구 용담동,467,467,0,우미린에듀파크2단지,84.9696,202110,24,"47,500",10,2018,수영로 359,,-,-
충청북도 청주상당구 용암동,2915,2915,0,강변뜨란채,59.88,202110,2,"19,000",15,2005,무심동로 86,,-,-
충청북도 청주상당구 용암동,2915,2915,0,강변뜨란채,84.78,202110,6,"23,500",12,2005,무심동로 86,,-,-
충청북도 청주상당구 용암동,2915,2915,0,강변뜨란채,84.78,202110,10,"22,500",6,2005,무심동로 86,,-,-
충청북도 청주상당구 용암동,2915,2915,0,강변뜨란채,59.88,202110,13,"18,300",8,2005,무심동로 86,,-,-
충청북도 청주상당구 용암동,2915,2915,0,강변뜨란채,59.88,202110,26,"18,200",6,2005,무심동로 86,,-,-
충청북도 청주상당구 용암동,2099,2099,0,건영,84.93,202110,1,"20,500",5,1999,중흥로 71,,-,-
충청북도 청주상당구 용암동,2099,2099,0,건영,84.93,202110,9,"21,200",1,1999,중흥로 71,,-,-
충청북도 청주상당구 용암동,2099,2099,0,건영,134.61,202110,14,"27,950",13,1999,중흥로 71,,-,-
충청북도 청주상당구 용암동,2099,2099,0,건영,84.93,202110,15,"23,000",2,1999,중흥로 71,,-,-
충청북도 청주상당구 용암동,2099,2099,0,건영,84.93,202110,17,"22,000",15,1999,중흥로 71,,-,-
충청북도 청주상당구 용암동,2099,2099,0,건영,84.93,202110,24,"23,000",14,1999,중흥로 71,,-,-
충청북도 청주상당구 용암동,2085,2085,0,덕성그린타운,59.76,202110,9,"14,500",4,1995,용암로 3,,-,-
충청북도 청주상당구 용암동,2085,2085,0,덕성그린타운,59.76,202110,9,"14,500",4,1995,용암로 3,,-,-
충청북도 청주상당구 용암동,2085,2085,0,덕성그린타운,59.76,202110,9,"14,500",4,1995,용암로 3,20211014,-,-
충청북도 청주상당구 용암동,2085,2085,0,덕성그린타운,59.58,202110,10,"14,500",5,1995,용암로 3,,-,-
충청북도 청주상당구 용암동,2085,2085,0,덕성그린타운,59.58,202110,11,"12,500",1,1995,용암로 3,,-,-
충청북도 청주상당구 용암동,2060,2060,0,부영,50.49,202110,8,"9,000",9,1996,월평로 243,,-,-
충청북도 청주상당구 용암동,2060,2060,0,부영,50.49,202110,9,"9,000",3,1996,월평로 243,,-,-
충청북도 청주상당구 용암동,2060,2060,0,부영,50.49,202110,11,"9,500",12,1996,월평로 243,,-,-
충청북도 청주상당구 용암동,2060,2060,0,부영,50.49,202110,20,"9,850",1,1996,월평로 243,,-,-
충청북도 청주상당구 용암동,2060,2060,0,부영,50.49,202110,23,"7,650",1,1996,월평로 243,,-,-
충청북도 청주상당구 용암동,2083,2083,0,삼일무지개,59.94,202110,2,"15,000",11,1994,무농정로 103,,-,-
충청북도 청주상당구 용암동,2083,2083,0,삼일무지개,59.94,202110,8,"14,500",9,1994,무농정로 103,,-,-
충청북도 청주상당구 용암동,2083,2083,0,삼일무지개,59.94,202110,9,"12,950",4,1994,무농정로 103,,-,-
충청북도 청주상당구 용암동,2083,2083,0,삼일무지개,59.94,202110,15,"14,500",5,1994,무농정로 103,,-,-
충청북도 청주상당구 용암동,2064,2064,0,세원한아름,59.76,202110,1,"14,500",2,1994,무농정로 90,,-,-
충청북도 청주상당구 용암동,2064,2064,0,세원한아름,59.76,202110,2,"13,500",1,1994,무농정로 90,,-,-
충청북도 청주상당구 용암동,2064,2064,0,세원한아름,59.76,202110,3,"15,200",4,1994,무농정로 90,,-,-
충청북도 청주상당구 용암동,2064,2064,0,세원한아름,41.85,202110,6,"8,500",6,1994,무농정로 90,,-,-
충청북도 청주상당구 용암동,2064,2064,0,세원한아름,59.76,202110,8,"16,000",7,1994,무농정로 90,,-,-
충청북도 청주상당구 용암동,2064,2064,0,세원한아름,59.76,202110,8,"16,500",7,1994,무농정로 90,,-,-
충청북도 청주상당구 용암동,2064,2064,0,세원한아름,59.76,202110,9,"14,900",2,1994,무농정로 90,,-,-
충청북도 청주상당구 용암동,2064,2064,0,세원한아름,41.85,202110,9,"8,300",10,1994,무농정로 90,,-,-
충청북도 청주상당구 용암동,2064,2064,0,세원한아름,59.76,202110,12,"15,000",8,1994,무농정로 90,,-,-
충청북도 청주상당구 용암동,2064,2064,0,세원한아름,59.76,202110,13,"16,200",5,1994,무농정로 90,,-,-
충청북도 청주상당구 용암동,2064,2064,0,세원한아름,59.76,202110,14,"16,400",7,1994,무농정로 90,20211014,-,-
충청북도 청주상당구 용암동,2064,2064,0,세원한아름,59.76,202110,14,"16,400",7,1994,무농정로 90,,-,-
충청북도 청주상당구 용암동,2064,2064,0,세원한아름,59.76,202110,19,"16,000",4,1994,무농정로 90,,-,-
충청북도 청주상당구 용암동,2064,2064,0,세원한아름,41.85,202110,26,"8,500",4,1994,무농정로 90,,-,-
충청북도 청주상당구 용암동,2064,2064,0,세원한아름,59.76,202110,26,"16,000",13,1994,무농정로 90,,-,-
충청북도 청주상당구 용암동,2064,2064,0,세원한아름,59.76,202110,28,"17,200",10,1994,무농정로 90,,-,-
충청북도 청주상당구 용암동,2082,2082,0,소라,59.7,202110,4,"13,900",2,1994,원봉로 21,20211005,-,-
충청북도 청주상당구 용암동,2082,2082,0,소라,59.7,202110,4,"13,900",2,1994,원봉로 21,,-,-
충청북도 청주상당구 용암동,2082,2082,0,소라,59.43,202110,8,"12,800",4,1994,원봉로 21,,-,-
충청북도 청주상당구 용암동,2082,2082,0,소라,59.43,202110,11,"15,000",5,1994,원봉로 21,,-,-
충청북도 청주상당구 용암동,2082,2082,0,소라,59.7,202110,13,"12,600",9,1994,원봉로 21,20211015,-,-
충청북도 청주상당구 용암동,2082,2082,0,소라,59.7,202110,13,"12,600",9,1994,원봉로 21,,-,-
충청북도 청주상당구 용암동,2082,2082,0,소라,59.7,202110,20,"12,500",4,1994,원봉로 21,,-,-
충청북도 청주상당구 용암동,2082,2082,0,소라,59.7,202110,23,"11,800",13,1994,원봉로 21,,-,-
충청북도 청주상당구 용암동,2082,2082,0,소라,59.43,202110,30,"12,800",4,1994,원봉로 21,,-,-
충청북도 청주상당구 용암동,가-,0,0,시티프라디움1단지,84.9954,202110,5,"52,700",11,2020,중고개로142번길 31,,-,-
충청북도 청주상당구 용암동,가-,0,0,시티프라디움1단지,84.9804,202110,8,"56,800",23,2020,중고개로142번길 31,,-,-
충청북도 청주상당구 용암동,가-,0,0,시티프라디움1단지,84.9804,202110,9,"77,500",25,2020,중고개로142번길 31,,-,-
충청북도 청주상당구 용암동,2953,2953,0,용암서희스타힐스,59.9924,202110,2,"23,500",7,2018,단재로196번길 9,,-,-
충청북도 청주상당구 용암동,2953,2953,0,용암서희스타힐스,59.9924,202110,8,"25,500",17,2018,단재로196번길 9,,-,-
충청북도 청주상당구 용암동,2953,2953,0,용암서희스타힐스,59.9924,202110,9,"26,800",8,2018,단재로196번길 9,,-,-
충청북도 청주상당구 용암동,2953,2953,0,용암서희스타힐스,59.9917,202110,16,"28,000",17,2018,단재로196번길 9,,-,-
충청북도 청주상당구 용암동,2953,2953,0,용암서희스타힐스,59.9924,202110,24,"24,000",3,2018,단재로196번길 9,,-,-
충청북도 청주상당구 용암동,2953,2953,0,용암서희스타힐스,59.9924,202110,31,"26,700",5,2018,단재로196번길 9,,-,-
충청북도 청주상당구 용암동,2537,2537,0,중흥마을마이빌아파트,59.4045,202110,1,"17,700",6,2003,중흥로 148,,-,-
충청북도 청주상당구 용암동,2537,2537,0,중흥마을마이빌아파트,59.9019,202110,1,"17,000",8,2003,중흥로 148,,-,-
충청북도 청주상당구 용암동,2537,2537,0,중흥마을마이빌아파트,59.9187,202110,1,"16,400",4,2003,중흥로 148,,-,-
충청북도 청주상당구 용암동,2537,2537,0,중흥마을마이빌아파트,59.9187,202110,2,"16,400",3,2003,중흥로 148,,-,-
충청북도 청주상당구 용암동,2537,2537,0,중흥마을마이빌아파트,59.4045,202110,7,"15,500",3,2003,중흥로 148,,-,-
충청북도 청주상당구 용암동,2537,2537,0,중흥마을마이빌아파트,59.9019,202110,8,"17,250",5,2003,중흥로 148,,-,-
충청북도 청주상당구 용암동,2537,2537,0,중흥마을마이빌아파트,59.9187,202110,9,"17,300",5,2003,중흥로 148,,-,-
충청북도 청주상당구 용암동,2537,2537,0,중흥마을마이빌아파트,59.9019,202110,9,"17,500",12,2003,중흥로 148,,-,-
충청북도 청주상당구 용암동,2537,2537,0,중흥마을마이빌아파트,59.3245,202110,11,"17,500",12,2003,중흥로 148,,-,-
충청북도 청주상당구 용암동,2537,2537,0,중흥마을마이빌아파트,59.4045,202110,14,"12,700",1,2003,중흥로 148,,-,-
충청북도 청주상당구 용암동,2537,2537,0,중흥마을마이빌아파트,59.9187,202110,16,"18,900",6,2003,중흥로 148,,-,-
충청북도 청주상당구 용암동,2537,2537,0,중흥마을마이빌아파트,59.3245,202110,22,"17,000",15,2003,중흥로 148,,-,-
충청북도 청주상당구 용암동,2537,2537,0,중흥마을마이빌아파트,59.4045,202110,23,"16,800",9,2003,중흥로 148,,-,-
충청북도 청주상당구 용암동,2537,2537,0,중흥마을마이빌아파트,59.9019,202110,25,"15,400",4,2003,중흥로 148,20211026,-,-
충청북도 청주상당구 용암동,2444,2444,0,중흥마을부영,84.9508,202110,6,"22,800",13,2001,중흥로 196,,-,-
충청북도 청주상당구 용암동,2433,2433,0,중흥마을부영(2433),84.9538,202110,2,"19,000",7,2001,중흥로 146,,-,-
충청북도 청주상당구 용암동,2433,2433,0,중흥마을부영(2433),84.9538,202110,8,"23,000",7,2001,중흥로 146,,-,-
충청북도 청주상당구 용암동,2433,2433,0,중흥마을부영(2433),84.9538,202110,17,"23,900",7,2001,중흥로 146,,-,-
충청북도 청주상당구 용암동,2433,2433,0,중흥마을부영(2433),84.9538,202110,21,"20,300",1,2001,중흥로 146,,-,-
충청북도 청주상당구 용암동,2542,2542,0,중흥마을부영(2542-0),59.987,202110,1,"16,000",1,2003,중흥로 173,,-,-
충청북도 청주상당구 용암동,2542,2542,0,중흥마을부영(2542-0),59.987,202110,3,"17,800",3,2003,중흥로 173,,-,-
충청북도 청주상당구 용암동,2542,2542,0,중흥마을부영(2542-0),59.987,202110,3,"17,800",3,2003,중흥로 173,,-,-
충청북도 청주상당구 용암동,2542,2542,0,중흥마을부영(2542-0),59.987,202110,7,"17,000",10,2003,중흥로 173,,-,-
충청북도 청주상당구 용암동,2542,2542,0,중흥마을부영(2542-0),59.987,202110,7,"17,000",10,2003,중흥로 173,20211026,-,-
충청북도 청주상당구 용암동,2542,2542,0,중흥마을부영(2542-0),59.987,202110,10,"17,500",4,2003,중흥로 173,,-,-
충청북도 청주상당구 용암동,2542,2542,0,중흥마을부영(2542-0),59.987,202110,11,"19,000",9,2003,중흥로 173,,-,-
충청북도 청주상당구 용암동,2542,2542,0,중흥마을부영(2542-0),59.987,202110,12,"18,200",9,2003,중흥로 173,,-,-
충청북도 청주상당구 용암동,2542,2542,0,중흥마을부영(2542-0),59.987,202110,15,"18,500",12,2003,중흥로 173,,-,-
충청북도 청주상당구 용암동,2542,2542,0,중흥마을부영(2542-0),59.987,202110,20,"18,700",3,2003,중흥로 173,,-,-
충청북도 청주상당구 용암동,2542,2542,0,중흥마을부영(2542-0),59.987,202110,26,"17,400",13,2003,중흥로 173,,-,-
충청북도 청주상당구 용암동,2542,2542,0,중흥마을부영(2542-0),59.987,202110,27,"18,400",9,2003,중흥로 173,,-,-
충청북도 청주상당구 용암동,2105,2105,0,진흥한우리,69.03,202110,17,"16,000",12,1995,용암로 36,,-,-
충청북도 청주상당구 용암동,2108,2108,0,청주용암주공1단지아파트(해누리),49.8,202110,2,"8,500",8,1994,원봉로 52,,-,-
충청북도 청주상당구 용암동,2108,2108,0,청주용암주공1단지아파트(해누리),49.8,202110,5,"9,250",13,1994,원봉로 52,,-,-
충청북도 청주상당구 용암동,2108,2108,0,청주용암주공1단지아파트(해누리),49.8,202110,5,"8,500",14,1994,원봉로 52,,-,-
충청북도 청주상당구 용암동,2108,2108,0,청주용암주공1단지아파트(해누리),49.8,202110,8,"9,000",10,1994,원봉로 52,,-,-
충청북도 청주상당구 용암동,2108,2108,0,청주용암주공1단지아파트(해누리),49.8,202110,8,"8,500",2,1994,원봉로 52,,-,-
충청북도 청주상당구 용암동,2108,2108,0,청주용암주공1단지아파트(해누리),49.8,202110,14,"8,600",2,1994,원봉로 52,,-,-
충청북도 청주상당구 용암동,2108,2108,0,청주용암주공1단지아파트(해누리),49.8,202110,17,"8,700",3,1994,원봉로 52,,-,-
충청북도 청주상당구 용암동,2108,2108,0,청주용암주공1단지아파트(해누리),49.8,202110,21,"9,500",6,1994,원봉로 52,,-,-
충청북도 청주상당구 용암동,2108,2108,0,청주용암주공1단지아파트(해누리),49.8,202110,25,"9,300",8,1994,원봉로 52,,-,-
충청북도 청주상당구 용암동,가-,0,0,칸타빌더테라스1차,116.6434,202110,1,"78,500",1,2019,중고개로 140,,-,-
충청북도 청주상당구 용암동,가-,0,0,칸타빌더테라스2차,84.5746,202110,2,"57,000",21,2019,중고개로 104,,-,-
충청북도 청주상당구 용암동,가-,0,0,칸타빌더테라스2차,78.8917,202110,18,"48,500",7,2019,중고개로 104,,-,-
충청북도 청주상당구 용암동,2076,2076,0,태산그린,59.76,202110,1,"12,850",14,1995,원봉로 20,,-,-
충청북도 청주상당구 용암동,2076,2076,0,태산그린,59.76,202110,4,"13,700",3,1995,원봉로 20,,-,-
충청북도 청주상당구 용암동,2076,2076,0,태산그린,59.76,202110,8,"13,000",9,1995,원봉로 20,,-,-
충청북도 청주상당구 용암동,2076,2076,0,태산그린,59.76,202110,12,"11,500",9,1995,원봉로 20,,-,-
충청북도 청주상당구 용암동,2095,2095,0,현대1,134.745,202110,6,"26,000",13,1994,월평로 189,,-,-
충청북도 청주상당구 용암동,2104,2104,0,현대2,84.23,202110,7,"20,000",15,1994,원봉로 41,,-,-
충청북도 청주상당구 용암동,2104,2104,0,현대2,84.23,202110,18,"21,100",14,1994,원봉로 41,,-,-
충청북도 청주상당구 용암동,2096,2096,0,현대3,99.95,202110,2,"23,500",14,1995,중흥로 70,,-,-
충청북도 청주상당구 용암동,2096,2096,0,현대3,83.82,202110,5,"20,900",10,1995,중흥로 70,,-,-
충청북도 청주상당구 용암동,2096,2096,0,현대3,83.82,202110,9,"21,000",9,1995,중흥로 70,,-,-
충청북도 청주상당구 용암동,2088,2088,0,형석,84.78,202110,8,"18,500",8,1994,월평로 207,,-,-
충청북도 청주상당구 용암동,2088,2088,0,형석,84.78,202110,13,"16,700",2,1994,월평로 207,,-,-
충청북도 청주상당구 용암동,2088,2088,0,형석,84.78,202110,19,"20,000",7,1994,월평로 207,,-,-
충청북도 청주상당구 용암동,2088,2088,0,형석,84.78,202110,27,"20,000",10,1994,월평로 207,,-,-
충청북도 청주상당구 용암동,2086,2086,0,효성,59.43,202110,23,"13,900",8,1994,월평로 221,,-,-
충청북도 청주상당구 용정동,1286,1286,0,우미린에듀파크1단지,84.9556,202110,2,"47,000",6,2017,수영로 360,,-,-
충청북도 청주상당구 용정동,1116,1116,0,청주용정한라비발디,84.96,202110,2,"37,000",4,2013,용정로 25,,-,-
충청북도 청주상당구 용정동,1116,1116,0,청주용정한라비발디,84.92,202110,4,"37,800",9,2013,용정로 25,,-,-
충청북도 청주상당구 용정동,1116,1116,0,청주용정한라비발디,84.46,202110,7,"38,400",6,2013,용정로 25,,-,-
충청북도 청주상당구 용정동,1116,1116,0,청주용정한라비발디,101.96,202110,8,"48,000",14,2013,용정로 35,,-,-
충청북도 청주상당구 용정동,1116,1116,0,청주용정한라비발디,84.96,202110,9,"38,500",14,2013,용정로 25,,-,-
충청북도 청주상당구 용정동,1116,1116,0,청주용정한라비발디,101.97,202110,9,"42,500",3,2013,용정로 35,,-,-
충청북도 청주상당구 용정동,1116,1116,0,청주용정한라비발디,101.96,202110,9,"45,500",11,2013,용정로 35,,-,-
충청북도 청주상당구 용정동,1116,1116,0,청주용정한라비발디,84.46,202110,13,"38,500",16,2013,용정로 35,,-,-
충청북도 청주상당구 용정동,343-19,343,19,하은베스트빌,84.9484,202110,4,"14,000",6,2003,영운천로127번길 29,,-,-
충청북도 청주상당구 탑동,42,42,0,보성트윈힐스,38.89,202110,11,"6,140",1,1998,중고개로 349,,-,-
충청북도 청주상당구 탑동,83,83,0,삼일,83.82,202110,2,"10,000",5,1988,산성로49번길 4,,-,-
충청북도 청주상당구 탑동,344,344,0,엘에이치청주탑동,84.84,202110,4,"32,800",11,2014,산성로 55,,-,-
충청북도 청주상당구 탑동,344,344,0,엘에이치청주탑동,84.84,202110,11,"30,000",2,2014,산성로 55,,-,-
충청북도 청주상당구 탑동,344,344,0,엘에이치청주탑동,84.84,202110,15,"31,000",11,2014,산성로 55,,-,-
충청북도 청주상당구 탑동,344,344,0,엘에이치청주탑동,84.84,202110,30,"31,000",4,2014,산성로 55,,-,-
충청북도 청주상당구 탑동,44,44,0,현대,71.175,202110,1,"10,500",10,1991,탑동로 78,,-,-
충청북도 청주상당구 탑동,44,44,0,현대,84.945,202110,7,"16,400",7,1991,탑동로 78,,-,-
충청북도 청주상당구 탑동,44,44,0,현대,84.945,202110,8,"16,300",12,1991,탑동로 78,,-,-
충청북도 청주상당구 탑동,44,44,0,현대,84.945,202110,20,"16,000",13,1991,탑동로 78,,-,-
충청북도 청주상당구 탑동,44,44,0,현대,84.945,202110,26,"16,100",3,1991,탑동로 78,,-,-
충청북도 청주서원구 개신동,590,590,0,그린빌,84.8,202110,9,"29,900",17,2003,신율로 43,,-,-
충청북도 청주서원구 개신동,590,590,0,그린빌,84.75,202110,13,"28,000",4,2003,신율로 43,,-,-
충청북도 청주서원구 개신동,590,590,0,그린빌,84.8,202110,19,"27,800",1,2003,신율로 43,,-,-
충청북도 청주서원구 개신동,447-15,447,15,두산한솔,111.25,202110,3,"17,500",12,1993,모충로26번길 22,,-,-
충청북도 청주서원구 개신동,447-15,447,15,두산한솔,111.25,202110,4,"17,500",1,1993,모충로26번길 22,,-,-
충청북도 청주서원구 개신동,447-15,447,15,두산한솔,59.62,202110,5,"13,900",12,1993,모충로26번길 22,,-,-
충청북도 청주서원구 개신동,447-15,447,15,두산한솔,111.25,202110,29,"18,500",3,1993,모충로26번길 22,,-,-
충청북도 청주서원구 개신동,444-2,444,2,두산한솔2,60,202110,17,"11,000",14,1993,모충로26번길 60,,-,-
충청북도 청주서원구 개신동,443,443,0,두진백로,119.49,202110,9,"17,000",1,1993,모충로 38,,-,-
충청북도 청주서원구 개신동,443,443,0,두진백로,84.93,202110,16,"13,500",13,1993,모충로 38,,-,-
충청북도 청주서원구 개신동,443,443,0,두진백로,84.93,202110,23,"13,700",8,1993,모충로 38,,-,-
충청북도 청주서원구 개신동,443,443,0,두진백로,119.49,202110,23,"17,000",2,1993,모충로 38,,-,-
충청북도 청주서원구 개신동,443,443,0,두진백로,84.27,202110,24,"14,600",12,1993,모충로 38,,-,-
충청북도 청주서원구 개신동,445,445,0,두진백로2,59.4,202110,26,"9,100",6,1993,모충로 38,,-,-
충청북도 청주서원구 개신동,10,10,0,삼익1,84.96,202110,3,"16,700",3,1991,예체로7번길 48,,-,-
충청북도 청주서원구 개신동,10,10,0,삼익1,84.96,202110,4,"17,800",4,1991,예체로29번길 9,20211018,-,-
충청북도 청주서원구 개신동,10,10,0,삼익1,84.96,202110,18,"17,800",4,1991,예체로29번길 9,,-,-
충청북도 청주서원구 개신동,10,10,0,삼익1,84.96,202110,26,"17,000",12,1991,예체로29번길 9,,-,-
충청북도 청주서원구 개신동,11,11,0,삼익2,84.96,202110,4,"16,500",1,1993,창직로12번길 65,,-,-
충청북도 청주서원구 개신동,446-2,446,2,송학삼익맨숀,84.931,202110,3,"14,800",15,1992,모충로12번길 4,,-,-
충청북도 청주서원구 개신동,446-2,446,2,송학삼익맨숀,125.03,202110,7,"17,000",3,1992,모충로12번길 4,,-,-
충청북도 청주서원구 개신동,446-2,446,2,송학삼익맨숀,84.931,202110,29,"13,500",9,1992,모충로12번길 4,,-,-
충청북도 청주서원구 개신동,01월 16일,1,16,우정한가람,24.034,202110,30,"3,200",8,1997,예체로1번길 29,,-,-
충청북도 청주서원구 개신동,447-3,447,3,재원,30.805,202110,23,"3,900",7,1998,1순환로803번길 15,,-,-
충청북도 청주서원구 개신동,635,635,0,주공뜨란채,59.42,202110,6,"18,000",1,2000,경신로 68,,-,-
충청북도 청주서원구 개신동,635,635,0,주공뜨란채,59.42,202110,16,"21,400",4,2000,경신로 68,,-,-
충청북도 청주서원구 개신동,635,635,0,주공뜨란채,59.42,202110,16,"21,000",16,2000,경신로 68,,-,-
충청북도 청주서원구 개신동,635,635,0,주공뜨란채,59.42,202110,16,"20,000",3,2000,경신로 68,,-,-
충청북도 청주서원구 개신동,635,635,0,주공뜨란채,59.42,202110,21,"20,500",15,2000,경신로 68,,-,-
충청북도 청주서원구 개신동,635,635,0,주공뜨란채,59.42,202110,22,"20,500",2,2000,경신로 68,,-,-
충청북도 청주서원구 개신동,635,635,0,주공뜨란채,59.42,202110,25,"20,700",2,2000,경신로 68,,-,-
충청북도 청주서원구 개신동,506,506,0,청주,38.52,202110,12,"6,200",5,1990,신율로 71,,-,-
충청북도 청주서원구 개신동,634,634,0,청주개신푸르지오,84.7858,202110,8,"37,800",12,2004,신율로 13,,-,-
충청북도 청주서원구 개신동,634,634,0,청주개신푸르지오,84.7858,202110,8,"35,500",15,2004,신율로 13,,-,-
충청북도 청주서원구 개신동,634,634,0,청주개신푸르지오,84.775,202110,9,"39,300",19,2004,신율로 13,,-,-
충청북도 청주서원구 개신동,8,8,0,태암베스트윙,84.9048,202110,17,"21,000",6,2005,1순환로751번길 29,,-,-
충청북도 청주서원구 개신동,8,8,0,태암베스트윙,84.9048,202110,29,"21,100",2,2005,1순환로751번길 29,,-,-
충청북도 청주서원구 개신동,May-41,41,5,한진,32,202110,8,"4,800",2,1996,모충로3번길 81,,-,-
충청북도 청주서원구 개신동,May-41,41,5,한진,32,202110,25,"5,000",15,1996,모충로3번길 81,,-,-
충청북도 청주서원구 개신동,May-41,41,5,한진,32,202110,29,"5,000",6,1996,모충로3번길 81,,-,-
충청북도 청주서원구 개신동,278-10,278,10,현대,125.34,202110,3,"21,700",13,1990,성봉로220번길 23,,-,-
충청북도 청주서원구 개신동,278-10,278,10,현대,84.945,202110,13,"19,800",10,1990,성봉로220번길 23,,-,-
충청북도 청주서원구 개신동,278-10,278,10,현대,84.945,202110,16,"15,700",3,1990,성봉로220번길 23,,-,-
충청북도 청주서원구 개신동,613,613,0,휴먼시아,59.9,202110,1,"20,500",5,2001,경신로 67,,-,-
충청북도 청주서원구 개신동,613,613,0,휴먼시아,59.9,202110,3,"21,700",7,2001,경신로 67,,-,-
충청북도 청주서원구 개신동,613,613,0,휴먼시아,59.9,202110,3,"21,000",16,2001,경신로 67,,-,-
충청북도 청주서원구 개신동,613,613,0,휴먼시아,49.93,202110,7,"16,500",13,2001,경신로 67,,-,-
충청북도 청주서원구 개신동,613,613,0,휴먼시아,49.93,202110,10,"14,000",1,2001,경신로 67,,-,-
충청북도 청주서원구 개신동,613,613,0,휴먼시아,49.93,202110,11,"13,500",1,2001,경신로 67,,-,-
충청북도 청주서원구 개신동,613,613,0,휴먼시아,49.93,202110,13,"17,000",9,2001,경신로 67,,-,-
충청북도 청주서원구 개신동,613,613,0,휴먼시아,49.93,202110,14,"17,000",15,2001,경신로 67,,-,-
충청북도 청주서원구 개신동,613,613,0,휴먼시아,49.93,202110,16,"15,500",7,2001,경신로 67,,-,-
충청북도 청주서원구 개신동,613,613,0,휴먼시아,59.9,202110,17,"22,000",13,2001,경신로 67,,-,-
충청북도 청주서원구 개신동,613,613,0,휴먼시아,49.83,202110,20,"18,000",7,2001,경신로 67,,-,-
충청북도 청주서원구 개신동,613,613,0,휴먼시아,49.93,202110,22,"16,000",14,2001,경신로 67,,-,-
충청북도 청주서원구 개신동,613,613,0,휴먼시아,59.9,202110,25,"20,100",7,2001,경신로 67,,-,-
충청북도 청주서원구 남이면 가마리,378,378,0,청주가마힐데스하임,84.9476,202110,7,"41,800",19,2016,2순환로 1717,,-,-
충청북도 청주서원구 남이면 가마리,378,378,0,청주가마힐데스하임,84.9476,202110,11,"39,900",8,2016,2순환로 1717,,-,-
충청북도 청주서원구 남이면 가마리,378,378,0,청주가마힐데스하임,84.9476,202110,16,"34,000",1,2016,2순환로 1717,,-,-
충청북도 청주서원구 남이면 가마리,378,378,0,청주가마힐데스하임,84.9476,202110,25,"39,900",23,2016,2순환로 1717,,-,-
충청북도 청주서원구 남이면 가마리,378,378,0,청주가마힐데스하임,80.0331,202110,29,"33,700",6,2016,2순환로 1717,,-,-
충청북도 청주서원구 남이면 척북리,Jul-74,74,7,삼포,36.62,202110,14,"3,800",2,2000,저산척북로 636-10,,-,-
충청북도 청주서원구 남이면 척북리,Jul-74,74,7,삼포,36.62,202110,14,"3,800",2,2000,저산척북로 636-10,,-,-
충청북도 청주서원구 남이면 척북리,Jul-74,74,7,삼포,36.62,202110,14,"3,800",4,2000,저산척북로 636-10,,-,-
충청북도 청주서원구 남이면 척북리,Jul-74,74,7,삼포,36.62,202110,14,"3,800",4,2000,저산척북로 636-10,,-,-
충청북도 청주서원구 남이면 척북리,Jul-74,74,7,삼포,30.32,202110,15,"7,200",6,2000,저산척북로 636-10,,-,-
충청북도 청주서원구 남이면 척북리,Jul-74,74,7,삼포,30.32,202110,15,"7,200",9,2000,저산척북로 636-10,,-,-
충청북도 청주서원구 남이면 척북리,Jul-74,74,7,삼포,59.86,202110,25,"6,400",11,2000,저산척북로 636-10,,-,-
충청북도 청주서원구 모충동,492,492,0,금호타운,73.13,202110,11,"12,500",5,1995,쌍샘로107번길 12,,-,-
충청북도 청주서원구 모충동,492,492,0,금호타운,73.13,202110,13,"12,450",3,1995,쌍샘로107번길 12,,-,-
충청북도 청주서원구 모충동,492,492,0,금호타운,83.54,202110,16,"14,000",7,1995,쌍샘로107번길 12,,-,-
충청북도 청주서원구 모충동,492,492,0,금호타운,83.54,202110,19,"14,580",4,1995,쌍샘로107번길 12,,-,-
충청북도 청주서원구 모충동,552,552,0,동일센타시아,63.7245,202110,2,"18,800",2,2016,매봉로 190,,-,-
충청북도 청주서원구 모충동,552,552,0,동일센타시아,63.7245,202110,8,"20,800",16,2016,매봉로 190,,-,-
충청북도 청주서원구 모충동,552,552,0,동일센타시아,65.0612,202110,16,"19,700",13,2016,매봉로 190,,-,-
충청북도 청주서원구 모충동,552,552,0,동일센타시아,65.0612,202110,26,"20,000",16,2016,매봉로 190,,-,-
충청북도 청주서원구 모충동,473,473,0,두산한솔,84.99,202110,1,"15,000",12,1994,모충로124번길 53,,-,-
충청북도 청주서원구 모충동,473,473,0,두산한솔,99.97,202110,11,"17,000",13,1994,모충로124번길 53,,-,-
충청북도 청주서원구 모충동,473,473,0,두산한솔,99.97,202110,16,"18,250",8,1994,모충로124번길 53,,-,-
충청북도 청주서원구 모충동,473,473,0,두산한솔,84.99,202110,24,"16,000",6,1994,모충로124번길 53,,-,-
충청북도 청주서원구 모충동,490-1,490,1,삼덕,32.52,202110,5,"2,700",7,1997,쌍샘로107번길 25,,-,-
충청북도 청주서원구 모충동,374-1,374,1,삼익세라믹,61.56,202110,6,"8,700",4,1989,서원서로 27,,-,-
충청북도 청주서원구 모충동,374-1,374,1,삼익세라믹,61.56,202110,6,"8,700",4,1989,서원서로 27,20211019,-,-
충청북도 청주서원구 모충동,374-1,374,1,삼익세라믹,83.01,202110,16,"10,500",4,1989,서원서로 27,,-,-
충청북도 청주서원구 모충동,374-1,374,1,삼익세라믹,83.01,202110,16,"12,000",6,1989,서원서로 27,,-,-
충청북도 청주서원구 모충동,117-2,117,2,서원아파트,25.92,202110,26,"4,000",3,1987,구룡산로389번길 79,,-,-
충청북도 청주서원구 모충동,487-4,487,4,원당맨션,83.79,202110,1,"8,400",2,1990,모충로96번길 52-7,,-,-
충청북도 청주서원구 모충동,520-40,520,40,일신베네스트,30.948,202110,2,"4,200",5,2004,모충로68번길 26,,-,-
충청북도 청주서원구 모충동,452,452,0,주공1,47.25,202110,1,"8,000",5,1985,쌍샘로 84,,-,-
충청북도 청주서원구 모충동,452,452,0,주공1,38.52,202110,2,"8,000",4,1985,쌍샘로 81,,-,-
충청북도 청주서원구 모충동,452,452,0,주공1,47.25,202110,7,"7,100",5,1985,쌍샘로 84,,-,-
충청북도 청주서원구 모충동,452,452,0,주공1,38.52,202110,22,"8,900",3,1985,쌍샘로 84,,-,-
충청북도 청주서원구 모충동,452,452,0,주공1,38.52,202110,26,"8,300",2,1985,쌍샘로 84,,-,-
충청북도 청주서원구 모충동,516,516,0,주공2,39.69,202110,6,"10,300",4,1989,모충로 61,,-,-
충청북도 청주서원구 모충동,516,516,0,주공2,39.69,202110,15,"12,800",5,1989,모충로 61,,-,-
충청북도 청주서원구 모충동,516,516,0,주공2,51.02,202110,28,"13,950",5,1989,모충로 61,,-,-
충청북도 청주서원구 모충동,342,342,0,청송,59.9,202110,4,"9,900",8,1994,모충로 164,,-,-
충청북도 청주서원구 모충동,251-1,251,1,형석,69.75,202110,2,"8,800",4,1983,남들로35번길 61,,-,-
충청북도 청주서원구 모충동,251-1,251,1,형석,41.82,202110,7,"8,500",2,1983,남들로35번길 61,,-,-
충청북도 청주서원구 모충동,251-1,251,1,형석,41.82,202110,12,"8,000",4,1983,남들로35번길 61,,-,-
충청북도 청주서원구 분평동,275-1,275,1,대승스카이빌,34.8899,202110,2,"6,200",4,2001,안뜸로12번길 13,,-,-
충청북도 청주서원구 분평동,275-1,275,1,대승스카이빌,34.8899,202110,9,"5,950",9,2001,안뜸로12번길 13,,-,-
충청북도 청주서원구 분평동,275-1,275,1,대승스카이빌,34.8899,202110,12,"5,750",6,2001,안뜸로12번길 13,,-,-
충청북도 청주서원구 분평동,275-1,275,1,대승스카이빌,34.8899,202110,23,"6,400",3,2001,안뜸로12번길 13,,-,-
충청북도 청주서원구 분평동,1255,1255,0,대원,59.9456,202110,30,"21,800",3,2000,분평로 49,,-,-
충청북도 청주서원구 분평동,1255,1255,0,"대원,주은프레지던트아파트",84.822,202110,8,"23,500",11,2001,1순환로1137번길 79,,-,-
충청북도 청주서원구 분평동,1211,1211,0,분평1단지뜨란채,59.45,202110,4,"18,500",6,2000,월평로 25,,-,-
충청북도 청주서원구 분평동,1211,1211,0,분평1단지뜨란채,49.27,202110,6,"13,000",12,2000,월평로 25,,-,-
충청북도 청주서원구 분평동,1211,1211,0,분평1단지뜨란채,59.45,202110,8,"19,600",16,2000,월평로 25,,-,-
충청북도 청주서원구 분평동,1211,1211,0,분평1단지뜨란채,59.45,202110,16,"18,900",9,2000,월평로 25,,-,-
충청북도 청주서원구 분평동,1211,1211,0,분평1단지뜨란채,49.24,202110,20,"13,500",12,2000,월평로 25,,-,-
충청북도 청주서원구 분평동,1211,1211,0,분평1단지뜨란채,59.45,202110,28,"19,000",20,2000,월평로 25,,-,-
충청북도 청주서원구 분평동,1211,1211,0,분평1단지뜨란채,59.45,202110,28,"19,000",15,2000,월평로 25,,-,-
충청북도 청주서원구 분평동,1202,1202,0,분평주공2,59.71,202110,5,"16,500",9,1997,1순환로1137번길 129,,-,-
충청북도 청주서원구 분평동,1202,1202,0,분평주공2,59.99,202110,6,"18,000",16,1997,1순환로1137번길 129,,-,-
충청북도 청주서원구 분평동,1202,1202,0,분평주공2,59.71,202110,6,"18,500",4,1997,1순환로1137번길 129,,-,-
충청북도 청주서원구 분평동,1202,1202,0,분평주공2,59.99,202110,6,"18,500",4,1997,1순환로1137번길 129,,-,-
충청북도 청주서원구 분평동,1202,1202,0,분평주공2,59.99,202110,9,"17,850",12,1997,1순환로1137번길 129,,-,-
충청북도 청주서원구 분평동,1202,1202,0,분평주공2,59.71,202110,9,"18,200",8,1997,1순환로1137번길 129,,-,-
충청북도 청주서원구 분평동,1202,1202,0,분평주공2,59.99,202110,11,"16,700",3,1997,1순환로1137번길 129,,-,-
충청북도 청주서원구 분평동,1202,1202,0,분평주공2,59.71,202110,15,"16,500",3,1997,1순환로1137번길 129,,-,-
충청북도 청주서원구 분평동,1202,1202,0,분평주공2,39.69,202110,19,"9,000",10,1997,1순환로1137번길 129,,-,-
충청북도 청주서원구 분평동,1202,1202,0,분평주공2,59.71,202110,22,"17,000",9,1997,1순환로1137번길 129,,-,-
충청북도 청주서원구 분평동,1202,1202,0,분평주공2,59.99,202110,27,"17,000",5,1997,1순환로1137번길 129,,-,-
충청북도 청주서원구 분평동,1202,1202,0,분평주공2,59.99,202110,28,"17,800",14,1997,1순환로1137번길 129,,-,-
충청북도 청주서원구 분평동,1202,1202,0,분평주공2,59.99,202110,28,"16,700",2,1997,1순환로1137번길 129,,-,-
충청북도 청주서원구 분평동,1202,1202,0,분평주공2,39.69,202110,29,"7,500",1,1997,1순환로1137번길 129,,-,-
충청북도 청주서원구 분평동,1200,1200,0,분평주공3,59.99,202110,1,"15,700",20,1997,1순환로1137번길 130,,-,-
충청북도 청주서원구 분평동,1200,1200,0,분평주공3,59.71,202110,8,"17,000",6,1997,1순환로1137번길 130,,-,-
충청북도 청주서원구 분평동,1200,1200,0,분평주공3,59.71,202110,9,"17,000",15,1997,1순환로1137번길 130,,-,-
충청북도 청주서원구 분평동,1200,1200,0,분평주공3,59.71,202110,9,"17,500",7,1997,1순환로1137번길 130,,-,-
충청북도 청주서원구 분평동,1200,1200,0,분평주공3,59.71,202110,11,"17,000",12,1997,1순환로1137번길 130,20211030,-,-
충청북도 청주서원구 분평동,1200,1200,0,분평주공3,59.71,202110,11,"17,000",12,1997,1순환로1137번길 130,,-,-
충청북도 청주서원구 분평동,1200,1200,0,분평주공3,59.71,202110,12,"17,500",5,1997,1순환로1137번길 130,,-,-
충청북도 청주서원구 분평동,1200,1200,0,분평주공3,59.71,202110,14,"15,800",6,1997,1순환로1137번길 130,,-,-
충청북도 청주서원구 분평동,1200,1200,0,분평주공3,59.99,202110,18,"17,000",2,1997,1순환로1137번길 130,,-,-
충청북도 청주서원구 분평동,1200,1200,0,분평주공3,59.99,202110,23,"18,500",15,1997,1순환로1137번길 130,,-,-
충청북도 청주서원구 분평동,1200,1200,0,분평주공3,59.71,202110,23,"17,000",14,1997,1순환로1137번길 130,,-,-
충청북도 청주서원구 분평동,1200,1200,0,분평주공3,59.99,202110,25,"13,000",1,1997,1순환로1137번길 130,,-,-
충청북도 청주서원구 분평동,1200,1200,0,분평주공3,59.99,202110,26,"18,000",11,1997,1순환로1137번길 130,,-,-
충청북도 청주서원구 분평동,1200,1200,0,분평주공3,59.99,202110,26,"15,000",1,1997,1순환로1137번길 130,,-,-
충청북도 청주서원구 분평동,1200,1200,0,분평주공3,59.99,202110,27,"18,500",9,1997,1순환로1137번길 130,,-,-
충청북도 청주서원구 분평동,1200,1200,0,분평주공3,59.99,202110,27,"16,900",4,1997,1순환로1137번길 130,,-,-
충청북도 청주서원구 분평동,1200,1200,0,분평주공3,59.99,202110,28,"16,800",12,1997,1순환로1137번길 130,,-,-
충청북도 청주서원구 분평동,1261,1261,0,분평주공4,49.76,202110,6,"13,000",4,1999,1순환로1137번길 80,,-,-
충청북도 청주서원구 분평동,1261,1261,0,분평주공4,59.99,202110,8,"17,500",15,1999,1순환로1137번길 80,,-,-
충청북도 청주서원구 분평동,1261,1261,0,분평주공4,59.99,202110,9,"15,900",18,1999,1순환로1137번길 80,,-,-
충청북도 청주서원구 분평동,1261,1261,0,분평주공4,49.76,202110,11,"14,000",12,1999,1순환로1137번길 80,,-,-
충청북도 청주서원구 분평동,1261,1261,0,분평주공4,49.76,202110,11,"14,000",12,1999,1순환로1137번길 80,20211027,-,-
충청북도 청주서원구 분평동,1261,1261,0,분평주공4,49.76,202110,11,"14,000",12,1999,1순환로1137번길 80,20211029,-,-
충청북도 청주서원구 분평동,1261,1261,0,분평주공4,49.76,202110,18,"12,500",2,1999,1순환로1137번길 80,,-,-
충청북도 청주서원구 분평동,1261,1261,0,분평주공4,49.76,202110,18,"11,800",2,1999,1순환로1137번길 80,,-,-
충청북도 청주서원구 분평동,1261,1261,0,분평주공4,59.99,202110,19,"15,700",20,1999,1순환로1137번길 80,20211101,-,-
충청북도 청주서원구 분평동,1261,1261,0,분평주공4,59.99,202110,19,"17,000",18,1999,1순환로1137번길 80,,-,-
충청북도 청주서원구 분평동,1261,1261,0,분평주공4,59.99,202110,20,"18,000",14,1999,1순환로1137번길 80,,-,-
충청북도 청주서원구 분평동,1261,1261,0,분평주공4,49.76,202110,25,"14,000",12,1999,1순환로1137번길 80,20211026,-,-
충청북도 청주서원구 분평동,1261,1261,0,분평주공4,49.76,202110,26,"13,700",10,1999,1순환로1137번길 80,,-,-
충청북도 청주서원구 분평동,1360,1360,0,분평주공5단지아파트,59.71,202110,1,"12,200",2,1998,분평로 88-1,,-,-
충청북도 청주서원구 분평동,1360,1360,0,분평주공5단지아파트,49.77,202110,1,"12,500",8,1998,분평로 88-1,,-,-
충청북도 청주서원구 분평동,1360,1360,0,분평주공5단지아파트,59.71,202110,2,"16,800",10,1998,분평로 88-1,,-,-
충청북도 청주서원구 분평동,1360,1360,0,분평주공5단지아파트,49.77,202110,3,"12,000",13,1998,분평로 88-1,,-,-
충청북도 청주서원구 분평동,1360,1360,0,분평주공5단지아파트,49.77,202110,5,"11,000",11,1998,분평로 88-1,,-,-
충청북도 청주서원구 분평동,1360,1360,0,분평주공5단지아파트,59.71,202110,5,"17,500",15,1998,분평로 88-1,,-,-
충청북도 청주서원구 분평동,1360,1360,0,분평주공5단지아파트,49.77,202110,5,"12,000",14,1998,분평로 88-1,,-,-
충청북도 청주서원구 분평동,1360,1360,0,분평주공5단지아파트,49.77,202110,7,"12,700",11,1998,분평로 88-1,,-,-
충청북도 청주서원구 분평동,1360,1360,0,분평주공5단지아파트,49.77,202110,9,"12,000",4,1998,분평로 88-1,,-,-
충청북도 청주서원구 분평동,1360,1360,0,분평주공5단지아파트,59.71,202110,9,"17,000",6,1998,분평로 88-1,,-,-
충청북도 청주서원구 분평동,1360,1360,0,분평주공5단지아파트,59.71,202110,9,"17,000",9,1998,분평로 88-1,,-,-
충청북도 청주서원구 분평동,1360,1360,0,분평주공5단지아파트,49.77,202110,12,"11,500",2,1998,분평로 88-1,,-,-
충청북도 청주서원구 분평동,1360,1360,0,분평주공5단지아파트,59.71,202110,13,"15,500",4,1998,분평로 88-1,,-,-
충청북도 청주서원구 분평동,1360,1360,0,분평주공5단지아파트,59.71,202110,15,"17,900",6,1998,분평로 88-1,,-,-
충청북도 청주서원구 분평동,1360,1360,0,분평주공5단지아파트,49.77,202110,15,"12,000",15,1998,분평로 88-1,,-,-
충청북도 청주서원구 분평동,1360,1360,0,분평주공5단지아파트,59.71,202110,16,"18,000",15,1998,분평로 88-1,,-,-
충청북도 청주서원구 분평동,1360,1360,0,분평주공5단지아파트,59.71,202110,16,"18,500",10,1998,분평로 88-1,,-,-
충청북도 청주서원구 분평동,1360,1360,0,분평주공5단지아파트,59.71,202110,17,"14,700",11,1998,분평로 88-1,,-,-
충청북도 청주서원구 분평동,1360,1360,0,분평주공5단지아파트,49.77,202110,23,"10,200",1,1998,분평로 88-1,,-,-
충청북도 청주서원구 분평동,1360,1360,0,분평주공5단지아파트,39.69,202110,25,"10,000",6,1998,분평로 88-1,,-,-
충청북도 청주서원구 분평동,1360,1360,0,분평주공5단지아파트,49.77,202110,25,"12,500",12,1998,분평로 88-1,,-,-
충청북도 청주서원구 분평동,1360,1360,0,분평주공5단지아파트,59.71,202110,26,"17,000",2,1998,분평로 88-1,,-,-
충청북도 청주서원구 분평동,1360,1360,0,분평주공5단지아파트,49.77,202110,27,"11,900",3,1998,분평로 88-1,,-,-
충청북도 청주서원구 분평동,1360,1360,0,분평주공5단지아파트,59.71,202110,28,"17,000",12,1998,분평로 88-1,,-,-
충청북도 청주서원구 분평동,1360,1360,0,분평주공5단지아파트,59.71,202110,29,"15,000",4,1998,분평로 88-1,,-,-
충청북도 청주서원구 분평동,1366,1366,0,분평주공6,84.34,202110,8,"25,000",16,1999,1순환로1137번길 19,,-,-
충청북도 청주서원구 분평동,1366,1366,0,분평주공6,84.34,202110,8,"25,900",9,1999,1순환로1137번길 19,,-,-
충청북도 청주서원구 분평동,1366,1366,0,분평주공6,84.34,202110,10,"23,500",15,1999,1순환로1137번길 19,,-,-
충청북도 청주서원구 분평동,1386,1386,0,분평주공7,84.9,202110,6,"22,000",5,1997,분평로 18,,-,-
충청북도 청주서원구 분평동,1386,1386,0,분평주공7,84.9,202110,13,"20,000",2,1997,분평로 18,,-,-
충청북도 청주서원구 분평동,1386,1386,0,분평주공7,84.9,202110,18,"20,000",2,1997,분평로 18,,-,-
충청북도 청주서원구 분평동,1386,1386,0,분평주공7,84.9,202110,28,"23,000",13,1997,분평로 18,,-,-
충청북도 청주서원구 분평동,320,320,0,우성1,76.2,202110,2,"15,000",5,1990,청남로2005번길 96,,-,-
충청북도 청주서원구 분평동,320,320,0,우성1,84.95,202110,12,"17,000",6,1990,청남로2005번길 96,,-,-
충청북도 청주서원구 분평동,237,237,0,우성2,84.95,202110,30,"16,500",2,1990,청남로2005번길 45,,-,-
충청북도 청주서원구 분평동,1200,1200,0,주공3단지2차,49.77,202110,5,"12,500",9,1997,1순환로1137번길 130,,-,-
충청북도 청주서원구 분평동,1200,1200,0,주공3단지2차,49.77,202110,5,"11,900",7,1997,1순환로1137번길 130,,-,-
충청북도 청주서원구 분평동,1200,1200,0,주공3단지2차,49.77,202110,8,"11,000",4,1997,1순환로1137번길 130,,-,-
충청북도 청주서원구 분평동,1200,1200,0,주공3단지2차,49.77,202110,9,"13,000",3,1997,1순환로1137번길 130,,-,-
충청북도 청주서원구 분평동,1200,1200,0,주공3단지2차,49.77,202110,12,"10,000",1,1997,1순환로1137번길 130,,-,-
충청북도 청주서원구 분평동,1200,1200,0,주공3단지2차,49.77,202110,16,"12,900",11,1997,1순환로1137번길 130,,-,-
충청북도 청주서원구 분평동,1200,1200,0,주공3단지2차,49.77,202110,26,"12,500",13,1997,1순환로1137번길 130,,-,-
충청북도 청주서원구 분평동,1200,1200,0,주공3단지2차,49.77,202110,26,"14,000",11,1997,1순환로1137번길 130,,-,-
충청북도 청주서원구 분평동,1200,1200,0,주공3단지2차,49.77,202110,27,"12,000",10,1997,1순환로1137번길 130,,-,-
충청북도 청주서원구 분평동,1261,1261,0,주공4단지2차,49.77,202110,7,"12,200",6,1998,1순환로1137번길 80,,-,-
충청북도 청주서원구 분평동,1261,1261,0,주공4단지2차,39.69,202110,18,"8,000",1,1998,1순환로1137번길 80,,-,-
충청북도 청주서원구 분평동,1261,1261,0,주공4단지2차,49.77,202110,28,"13,000",12,1998,1순환로1137번길 80,,-,-
충청북도 청주서원구 분평동,1261,1261,0,주공4단지2차,49.77,202110,30,"13,500",11,1998,1순환로1137번길 80,,-,-
충청북도 청주서원구 분평동,1249,1249,0,현대대우8단지,99.33,202110,4,"28,850",5,1999,월평로 28,,-,-
충청북도 청주서원구 분평동,1249,1249,0,현대대우8단지,99.33,202110,8,"28,500",16,1999,월평로 28,,-,-
충청북도 청주서원구 분평동,1249,1249,0,현대대우8단지,99.88,202110,9,"27,000",20,1999,월평로 28,,-,-
충청북도 청주서원구 분평동,1249,1249,0,현대대우8단지,84.95,202110,12,"28,000",18,1999,월평로 28,,-,-
충청북도 청주서원구 분평동,1249,1249,0,현대대우8단지,99.33,202110,28,"28,000",2,1999,월평로 28,,-,-
충청북도 청주서원구 분평동,1249,1249,0,현대대우8단지,84.95,202110,29,"28,000",17,1999,월평로 28,,-,-
충청북도 청주서원구 사직동,358-5,358,5,덕희,22.2,202110,13,"2,200",1,1994,남사로 14,,-,-
충청북도 청주서원구 사직동,358-5,358,5,덕희,22.2,202110,17,"2,050",4,1994,남사로 14,,-,-
충청북도 청주서원구 사직동,358-5,358,5,덕희,22.2,202110,31,"2,300",7,1994,남사로 14,,-,-
충청북도 청주서원구 사직동,265-5,265,5,두산위브더제니스,122.52,202110,2,"41,000",27,2009,사운로 93,,-,-
충청북도 청주서원구 사직동,265-5,265,5,두산위브더제니스,124.134,202110,3,"44,000",15,2009,사운로 93,,-,-
충청북도 청주서원구 사직동,265-5,265,5,두산위브더제니스,122.52,202110,9,"45,000",33,2009,사운로 93,,-,-
충청북도 청주서원구 사직동,265-5,265,5,두산위브더제니스,97.703,202110,22,"34,000",17,2009,사운로 93,,-,-
충청북도 청주서원구 사직동,265-5,265,5,두산위브더제니스,122.52,202110,27,"40,000",19,2009,사운로 93,,-,-
충청북도 청주서원구 사직동,247-1,247,1,부강,70.2,202110,2,"22,800",1,1985,호국로162번길 22,,-,-
충청북도 청주서원구 사직동,247-1,247,1,부강,67.68,202110,9,"20,000",4,1985,호국로162번길 22,,-,-
충청북도 청주서원구 사직동,247-1,247,1,부강,70.11,202110,9,"22,500",4,1985,호국로162번길 22,,-,-
충청북도 청주서원구 사직동,247-1,247,1,부강,70.2,202110,19,"23,400",3,1985,호국로162번길 22,,-,-
충청북도 청주서원구 사직동,688-1,688,1,삼영,67.77,202110,23,"20,800",7,1980,호국로37번길 38,,-,-
충청북도 청주서원구 사직동,931,931,0,푸르지오캐슬(101~117),84.4,202110,1,"36,000",19,2010,예체로 68,,-,-
충청북도 청주서원구 사직동,931,931,0,푸르지오캐슬(101~117),72.28,202110,6,"30,000",20,2010,예체로 68,,-,-
충청북도 청주서원구 사직동,927,927,0,푸르지오캐슬(201),59.74,202110,5,"24,300",10,2010,예체로67번길 12-8,,-,-
충청북도 청주서원구 사창동,285-3,285,3,대원칸타빌,59.9623,202110,8,"24,200",3,2008,예체로67번길 87,,-,-
충청북도 청주서원구 사창동,285-3,285,3,대원칸타빌,115.2141,202110,8,"35,500",1,2008,예체로67번길 87,,-,-
충청북도 청주서원구 사창동,285-3,285,3,대원칸타빌,59.9623,202110,9,"26,000",18,2008,예체로67번길 87,,-,-
충청북도 청주서원구 사창동,285-3,285,3,대원칸타빌,59.9623,202110,20,"25,000",10,2008,예체로67번길 87,,-,-
충청북도 청주서원구 사창동,304-1,304,1,두진하트리움에덴,49.9359,202110,17,"12,900",10,2014,사직대로 160,,-,-
충청북도 청주서원구 사창동,241-2,241,2,로얄,72.15,202110,19,"10,400",1,1984,예체로139번길 22,,-,-
충청북도 청주서원구 사창동,369-1,369,1,서울,57.19,202110,1,"7,900",5,1978,창직로 4,,-,-
충청북도 청주서원구 사창동,369-1,369,1,서울,52.79,202110,20,"8,100",4,1978,창직로 4,,-,-
충청북도 청주서원구 사창동,270,270,0,신라,78.03,202110,22,"15,500",1,1986,1순환로673번길 20,,-,-
충청북도 청주서원구 사창동,253-4,253,4,평화(253-4),59.83,202110,6,"11,500",3,1981,사직대로185번길 7,,-,-
충청북도 청주서원구 산남동,1102,1102,0,계룡리슈빌,105.773,202110,11,"50,000",8,2007,산남로 23,,-,-
충청북도 청주서원구 산남동,679,679,0,대우푸르지오,84.955,202110,28,"41,000",10,2007,두꺼비로 53,,-,-
충청북도 청주서원구 산남동,678,678,0,대원칸타빌1차,84.9992,202110,9,"42,650",10,2007,두꺼비로 63,,-,-
충청북도 청주서원구 산남동,678,678,0,대원칸타빌1차,84.9992,202110,13,"40,000",5,2007,두꺼비로 63,,-,-
충청북도 청주서원구 산남동,678,678,0,대원칸타빌1차,84.9992,202110,23,"38,000",14,2007,두꺼비로 63,,-,-
충청북도 청주서원구 산남동,1100,1100,0,대원칸타빌2차,84.9823,202110,9,"37,200",11,2007,산미로 143,,-,-
충청북도 청주서원구 산남동,1100,1100,0,대원칸타빌2차,84.9992,202110,10,"37,000",6,2007,산미로 143,,-,-
충청북도 청주서원구 산남동,1094,1094,0,부영사랑으로,59.9364,202110,2,"24,000",7,2007,원흥로 14,,-,-
충청북도 청주서원구 산남동,1094,1094,0,부영사랑으로,59.9364,202110,9,"24,700",13,2007,원흥로 14,,-,-
충청북도 청주서원구 산남동,1094,1094,0,부영사랑으로,59.9364,202110,11,"24,800",10,2007,원흥로 14,,-,-
충청북도 청주서원구 산남동,1094,1094,0,부영사랑으로,59.9364,202110,12,"25,300",11,2007,원흥로 14,,-,-
충청북도 청주서원구 산남동,1094,1094,0,부영사랑으로,59.9364,202110,18,"19,000",8,2007,원흥로 14,,-,-
충청북도 청주서원구 산남동,1094,1094,0,부영사랑으로,59.9364,202110,19,"23,000",8,2007,원흥로 14,,-,-
충청북도 청주서원구 산남동,1094,1094,0,부영사랑으로,59.9364,202110,23,"26,000",14,2007,원흥로 14,,-,-
충청북도 청주서원구 산남동,671,671,0,산남퀸덤아파트,84.9306,202110,6,"30,000",1,2007,두꺼비로 93,,-,-
충청북도 청주서원구 산남동,669,669,0,유승한내들,59.8886,202110,2,"23,500",12,2007,두꺼비로 109,,-,-
충청북도 청주서원구 산남동,669,669,0,유승한내들,59.8886,202110,4,"24,700",15,2007,두꺼비로 109,,-,-
충청북도 청주서원구 산남동,669,669,0,유승한내들,59.8886,202110,11,"23,700",2,2007,두꺼비로 109,,-,-
충청북도 청주서원구 성화동,436,436,0,남양휴튼,102.48,202110,25,"43,500",10,2008,장전로 51,,-,-
충청북도 청주서원구 성화동,436,436,0,남양휴튼,130.59,202110,30,"48,800",3,2008,장전로 51,,-,-
충청북도 청주서원구 성화동,939,939,0,성화호반베르디움,84.8572,202110,2,"44,500",16,2012,구룡산로 24,,-,-
충청북도 청주서원구 성화동,939,939,0,성화호반베르디움,84.8572,202110,2,"45,500",9,2012,구룡산로 24,,-,-
충청북도 청주서원구 성화동,939,939,0,성화호반베르디움,84.8572,202110,3,"46,000",17,2012,구룡산로 24,,-,-
충청북도 청주서원구 성화동,939,939,0,성화호반베르디움,84.8572,202110,21,"46,000",12,2012,구룡산로 24,,-,-
충청북도 청주서원구 성화동,939,939,0,성화호반베르디움,84.8572,202110,23,"46,000",8,2012,구룡산로 24,,-,-
충청북도 청주서원구 성화동,939,939,0,성화호반베르디움,84.95,202110,25,"45,500",17,2012,구룡산로 24,,-,-
충청북도 청주서원구 성화동,939,939,0,성화호반베르디움,84.95,202110,25,"45,500",17,2012,구룡산로 24,,-,-
충청북도 청주서원구 성화동,1034,1034,0,청주성화2다안채6단지,84.96,202110,9,"35,000",4,2013,구룡산로52번길 51,,-,-
충청북도 청주서원구 성화동,616,616,0,휴먼시아,84.73,202110,2,"31,000",9,2009,신성화로 8,,-,-
충청북도 청주서원구 성화동,616,616,0,휴먼시아,84.73,202110,28,"30,000",9,2009,신성화로 8,,-,-
충청북도 청주서원구 수곡동,239,239,0,대림2,73.08,202110,9,"11,000",2,1987,매봉로76번길 18,,-,-
충청북도 청주서원구 수곡동,239,239,0,대림2,83.55,202110,28,"11,000",5,1987,매봉로76번길 18,,-,-
충청북도 청주서원구 수곡동,1002,1002,0,두진백로,59.4,202110,13,"16,000",8,1995,수곡로 36,,-,-
충청북도 청주서원구 수곡동,1002,1002,0,두진백로,59.76,202110,16,"14,500",13,1995,수곡로 36,,-,-
충청북도 청주서원구 수곡동,1002,1002,0,두진백로,59.76,202110,16,"14,000",4,1995,수곡로 36,,-,-
충청북도 청주서원구 수곡동,1002,1002,0,두진백로,59.76,202110,18,"12,500",1,1995,수곡로 36,,-,-
충청북도 청주서원구 수곡동,1002,1002,0,두진백로,59.85,202110,25,"13,000",15,1995,수곡로 36,,-,-
충청북도 청주서원구 수곡동,1002,1002,0,두진백로,59.76,202110,31,"15,800",11,1995,수곡로 36,,-,-
충청북도 청주서원구 수곡동,197-9,197,9,모란,74.98,202110,13,"6,650",1,1979,구룡산로338번길 23-10,,-,-
충청북도 청주서원구 수곡동,03월 20일,20,3,목화맨션,84.24,202110,30,"10,000",4,1985,구룡산로 424,,-,-
충청북도 청주서원구 수곡동,04월 19일,19,4,목화맨션,84.15,202110,15,"8,800",3,1984,구룡산로 421,,-,-
충청북도 청주서원구 수곡동,348,348,0,산남주공3,51.18,202110,2,"8,000",4,1991,매봉로 64,,-,-
충청북도 청주서원구 수곡동,348,348,0,산남주공3,59.28,202110,19,"10,500",2,1991,매봉로 64,,-,-
충청북도 청주서원구 수곡동,314,314,0,산남주공4단지아파트,38.64,202110,27,"6,600",4,1993,구룡산로 275-13,,-,-
충청북도 청주서원구 수곡동,Mar-43,43,3,삼일,60.84,202110,2,"7,500",4,1984,구룡산로 412,,-,-
충청북도 청주서원구 수곡동,153-3,153,3,삼일맨션,84.42,202110,17,"7,700",5,1986,구룡산로337번길 33,,-,-
충청북도 청주서원구 수곡동,Jan-40,40,1,세원,84.9,202110,3,"9,300",5,1989,수영로47번길 19,,-,-
충청북도 청주서원구 수곡동,Jan-40,40,1,세원,84.9,202110,5,"11,000",3,1989,수영로47번길 19,,-,-
충청북도 청주서원구 수곡동,Jan-40,40,1,세원,84.3,202110,6,"8,000",5,1989,수영로47번길 19,,-,-
충청북도 청주서원구 수곡동,Jan-40,40,1,세원,84.3,202110,11,"10,900",5,1989,수영로47번길 19,,-,-
충청북도 청주서원구 수곡동,1001,1001,0,세원청실,67.98,202110,14,"16,500",5,1995,수곡로 46,,-,-
충청북도 청주서원구 수곡동,776,776,0,세원홍실,138.81,202110,12,"23,000",7,1996,수곡로 88,,-,-
충청북도 청주서원구 수곡동,324,324,0,주공1,47.01,202110,3,"16,800",3,1990,구룡산로 319,,-,-
충청북도 청주서원구 수곡동,324,324,0,주공1,46.68,202110,11,"14,000",1,1990,구룡산로 319,,-,-
충청북도 청주서원구 수곡동,324,324,0,주공1,39.69,202110,12,"13,000",1,1990,구룡산로 319,,-,-
충청북도 청주서원구 수곡동,324,324,0,주공1,47.01,202110,13,"15,900",2,1990,구룡산로 319,,-,-
충청북도 청주서원구 수곡동,324,324,0,주공1,46.68,202110,14,"16,000",3,1990,구룡산로 319,,-,-
충청북도 청주서원구 수곡동,324,324,0,주공1,47.01,202110,14,"16,900",2,1990,구룡산로 319,,-,-
충청북도 청주서원구 수곡동,324,324,0,주공1,47.01,202110,15,"19,000",3,1990,매봉로 101,,-,-
충청북도 청주서원구 수곡동,324,324,0,주공1,47.01,202110,17,"15,000",3,1990,구룡산로 319,,-,-
충청북도 청주서원구 수곡동,324,324,0,주공1,47.01,202110,18,"16,800",4,1990,매봉로 101,,-,-
충청북도 청주서원구 수곡동,324,324,0,주공1,46.68,202110,18,"16,500",3,1990,구룡산로 319,,-,-
충청북도 청주서원구 수곡동,324,324,0,주공1,39.69,202110,24,"13,300",5,1990,구룡산로 319,20211028,-,-
충청북도 청주서원구 수곡동,324,324,0,주공1,39.69,202110,24,"13,300",5,1990,구룡산로 319,,-,-
충청북도 청주서원구 수곡동,324,324,0,주공1,47.01,202110,27,"17,500",2,1990,구룡산로 319,,-,-
충청북도 청주서원구 수곡동,337,337,0,주공3,49.94,202110,2,"10,500",15,1991,매봉로 82,,-,-
충청북도 청주서원구 수곡동,337,337,0,주공3,41.3,202110,15,"8,200",5,1991,매봉로 82,,-,-
충청북도 청주서원구 수곡동,337,337,0,주공3,41.3,202110,20,"8,400",4,1991,매봉로 82,,-,-
충청북도 청주서원구 수곡동,777,777,0,한마음1,59.94,202110,2,"14,000",14,1995,수곡로 78,,-,-
충청북도 청주서원구 수곡동,777,777,0,한마음1,59.94,202110,22,"12,300",13,1995,수곡로 78,,-,-
충청북도 청주서원구 수곡동,775,775,0,한마음2,131.89,202110,4,"21,000",3,1995,수곡로 100,,-,-
충청북도 청주서원구 죽림동,295,295,0,청주가경3주공,51.74,202110,1,"15,500",2,2003,대림로 493-1,,-,-
충청북도 청주서원구 죽림동,295,295,0,청주가경3주공,51.74,202110,1,"15,300",15,2003,대림로 493-1,,-,-
충청북도 청주서원구 죽림동,295,295,0,청주가경3주공,59.92,202110,2,"20,500",9,2003,대림로 493-1,,-,-
충청북도 청주서원구 죽림동,295,295,0,청주가경3주공,59.92,202110,9,"19,000",5,2003,대림로 493-1,,-,-
충청북도 청주서원구 죽림동,295,295,0,청주가경3주공,51.74,202110,12,"16,700",6,2003,대림로 493-1,,-,-
충청북도 청주서원구 죽림동,295,295,0,청주가경3주공,59.92,202110,13,"21,000",9,2003,대림로 493-1,,-,-
충청북도 청주서원구 죽림동,295,295,0,청주가경3주공,59.92,202110,18,"21,700",9,2003,대림로 493-1,,-,-
충청북도 청주서원구 죽림동,295,295,0,청주가경3주공,51.74,202110,19,"16,500",1,2003,대림로 493-1,,-,-
충청북도 청주서원구 죽림동,295,295,0,청주가경3주공,59.92,202110,22,"18,500",1,2003,대림로 493-1,,-,-
충청북도 청주청원구 내덕동,412-1,412,1,금성계전,52.03,202110,19,"6,800",4,1979,충청대로 60,,-,-
충청북도 청주청원구 내덕동,649-6,649,6,늘봄,58.5,202110,21,"7,000",5,1985,향군로136번길 18,,-,-
충청북도 청주청원구 내덕동,Jan-60,60,1,롯데삼성,43.92,202110,14,"7,000",1,1986,덕벌로15번길 14,,-,-
충청북도 청주청원구 내덕동,Jan-60,60,1,롯데삼성,43.92,202110,14,"4,700",1,1986,덕벌로15번길 14,,-,-
충청북도 청주청원구 내덕동,771,771,0,보성1,64.53,202110,6,"8,700",3,1985,무심동로660번길 23,,-,-
충청북도 청주청원구 내덕동,771,771,0,보성1,64.53,202110,7,"8,000",1,1985,무심동로660번길 23,,-,-
충청북도 청주청원구 내덕동,748-2,748,2,보성2,49.63,202110,5,"8,000",5,1986,무심동로660번길 23,,-,-
충청북도 청주청원구 내덕동,748-2,748,2,보성2,67.82,202110,7,"9,700",5,1986,무심동로660번길 23,,-,-
충청북도 청주청원구 내덕동,697-1,697,1,삼일,84.98,202110,2,"11,000",5,1989,1순환로341번길 50,,-,-
충청북도 청주청원구 내덕동,697-1,697,1,삼일,84.98,202110,26,"10,000",5,1989,1순환로341번길 50,,-,-
충청북도 청주청원구 내덕동,302-4,302,4,세원빌리지,84.93,202110,10,"10,800",3,1988,우암로63번길 26,,-,-
충청북도 청주청원구 내덕동,722,722,0,시영아파트,54.18,202110,15,"7,300",3,1982,1순환로330번길 17,,-,-
충청북도 청주청원구 내덕동,722,722,0,시영아파트,45.45,202110,23,"6,600",4,1982,1순환로330번길 17,,-,-
충청북도 청주청원구 내덕동,722,722,0,시영아파트,45.45,202110,30,"6,700",4,1982,1순환로330번길 17,,-,-
충청북도 청주청원구 내덕동,422,422,0,신라,84.95,202110,5,"11,500",3,1988,1순환로197번길 31,,-,-
충청북도 청주청원구 내덕동,520,520,0,신화,84.99,202110,11,"15,900",6,1990,1순환로211번길 11,,-,-
충청북도 청주청원구 내덕동,141,141,0,영우예인촌,30.31,202110,16,"3,400",8,1997,안덕벌로69번길 50,,-,-
충청북도 청주청원구 내덕동,141,141,0,영우예인촌,30.31,202110,20,"3,250",12,1997,안덕벌로69번길 50,,-,-
충청북도 청주청원구 내덕동,141,141,0,영우예인촌,30.31,202110,21,"3,200",6,1997,안덕벌로69번길 50,,-,-
충청북도 청주청원구 내덕동,141,141,0,영우예인촌,30.31,202110,25,"3,300",12,1997,안덕벌로69번길 50,,-,-
충청북도 청주청원구 내덕동,683-10,683,10,우성,65.73,202110,13,"7,000",5,1984,향군로141번길 21,,-,-
충청북도 청주청원구 내덕동,853,853,0,율량서희스타힐스,77.5437,202110,23,"37,500",5,2016,충청대로84번길 30,,-,-
충청북도 청주청원구 내덕동,853,853,0,율량서희스타힐스,74.7085,202110,23,"40,400",25,2016,충청대로84번길 30,,-,-
충청북도 청주청원구 내덕동,516-2,516,2,이랜드해가든,84.9226,202110,4,"30,000",11,2009,공항로84번길 30,,-,-
충청북도 청주청원구 내덕동,516-2,516,2,이랜드해가든,84.9226,202110,21,"26,800",14,2009,공항로84번길 30,,-,-
충청북도 청주청원구 내덕동,516-2,516,2,이랜드해가든,84.9226,202110,23,"27,400",2,2009,공항로84번길 30,,-,-
충청북도 청주청원구 내수읍 내수리,200-3,200,3,삼일,59.684,202110,1,"6,700",1,1996,내수로 639,,-,-
충청북도 청주청원구 내수읍 내수리,200-3,200,3,삼일,59.684,202110,2,"6,850",7,1996,내수로 639,,-,-
충청북도 청주청원구 내수읍 내수리,200-3,200,3,삼일,26.628,202110,4,"2,000",2,1996,내수로 639,,-,-
충청북도 청주청원구 내수읍 내수리,200-3,200,3,삼일,59.684,202110,9,"7,500",9,1996,내수로 639,,-,-
충청북도 청주청원구 내수읍 내수리,200-3,200,3,삼일,59.684,202110,13,"7,200",4,1996,내수로 639,,-,-
충청북도 청주청원구 내수읍 내수리,200-3,200,3,삼일,59.684,202110,20,"6,500",7,1996,내수로 639,,-,-
충청북도 청주청원구 내수읍 내수리,200-3,200,3,삼일,59.684,202110,20,"7,100",7,1996,내수로 639,,-,-
충청북도 청주청원구 내수읍 내수리,200-3,200,3,삼일,26.628,202110,21,"2,150",2,1996,내수로 639,,-,-
충청북도 청주청원구 내수읍 내수리,200-3,200,3,삼일,59.684,202110,28,"6,700",1,1996,내수로 639,,-,-
충청북도 청주청원구 내수읍 내수리,37,37,0,수정로얄,59.42,202110,16,"6,800",10,1995,내수본길 16,,-,-
충청북도 청주청원구 내수읍 도원리,56,56,0,우창진주1,59.955,202110,6,"5,500",7,1995,도원세교로 67,,-,-
충청북도 청주청원구 내수읍 도원리,56,56,0,우창진주1,59.955,202110,18,"5,600",4,1995,도원세교로 67,,-,-
충청북도 청주청원구 내수읍 도원리,Mar-51,51,3,우창진주2,59.73,202110,8,"6,200",12,1997,도원세교로 63,,-,-
충청북도 청주청원구 내수읍 도원리,Mar-51,51,3,우창진주2,59.73,202110,16,"6,000",8,1997,도원세교로 63,,-,-
충청북도 청주청원구 내수읍 도원리,23,23,0,우창진주3차아파트,59.9,202110,4,"5,600",5,1998,도원세교로 85,,-,-
충청북도 청주청원구 내수읍 도원리,23,23,0,우창진주3차아파트,59.9,202110,6,"6,350",6,1998,도원세교로 85,,-,-
충청북도 청주청원구 내수읍 도원리,23,23,0,우창진주3차아파트,59.9,202110,23,"6,500",3,1998,도원세교로 85,,-,-
충청북도 청주청원구 내수읍 마산리,123,123,0,내수진흥임대아파트,59.85,202110,15,"4,300",6,1990,마산길 72,,-,-
충청북도 청주청원구 내수읍 마산리,123,123,0,내수진흥임대아파트,59.85,202110,19,"5,200",6,1990,마산길 72,,-,-
충청북도 청주청원구 내수읍 마산리,12월 01일,12,1,진주2,59.88,202110,1,"5,000",1,1994,마산3길 12,,-,-
충청북도 청주청원구 내수읍 은곡리,301,301,0,덕일한마음,38.61,202110,1,"2,500",3,1997,은곡묵방길 28,,-,-
충청북도 청주청원구 내수읍 은곡리,301,301,0,덕일한마음,45.27,202110,6,"4,200",12,1997,은곡묵방길 28,,-,-
충청북도 청주청원구 내수읍 은곡리,301,301,0,덕일한마음,38.61,202110,6,"2,100",6,1997,은곡묵방길 28,,-,-
충청북도 청주청원구 내수읍 은곡리,301,301,0,덕일한마음,38.61,202110,9,"2,050",4,1997,은곡묵방길 28,,-,-
충청북도 청주청원구 내수읍 은곡리,301,301,0,덕일한마음,38.61,202110,13,"2,000",2,1997,은곡묵방길 28,,-,-
충청북도 청주청원구 내수읍 은곡리,301,301,0,덕일한마음,38.61,202110,15,"2,000",8,1997,은곡묵방길 28,,-,-
충청북도 청주청원구 내수읍 은곡리,301,301,0,덕일한마음,45.27,202110,18,"4,200",6,1997,은곡묵방길 28,,-,-
충청북도 청주청원구 내수읍 은곡리,301,301,0,덕일한마음,45.27,202110,19,"4,200",7,1997,은곡묵방길 28,,-,-
충청북도 청주청원구 내수읍 은곡리,301,301,0,덕일한마음,38.61,202110,20,"2,000",11,1997,은곡묵방길 28,,-,-
충청북도 청주청원구 내수읍 은곡리,301,301,0,덕일한마음,38.61,202110,20,"2,100",3,1997,은곡묵방길 28,,-,-
충청북도 청주청원구 내수읍 은곡리,301,301,0,덕일한마음,45.27,202110,20,"4,200",7,1997,은곡묵방길 28,,-,-
충청북도 청주청원구 내수읍 은곡리,301,301,0,덕일한마음,38.61,202110,26,"2,000",9,1997,은곡묵방길 28,,-,-
충청북도 청주청원구 내수읍 은곡리,301,301,0,덕일한마음,45.27,202110,27,"3,150",1,1997,은곡묵방길 28,,-,-
충청북도 청주청원구 내수읍 은곡리,301,301,0,덕일한마음,38.61,202110,28,"2,500",4,1997,은곡묵방길 28,,-,-
충청북도 청주청원구 내수읍 은곡리,246-3,246,3,은곡무지개아파트,33.57,202110,16,"2,500",4,2000,은곡4길 6,,-,-
충청북도 청주청원구 내수읍 은곡리,246-3,246,3,은곡무지개아파트,39.78,202110,16,"2,900",1,2000,은곡4길 6,,-,-
충청북도 청주청원구 내수읍 은곡리,246-3,246,3,은곡무지개아파트,39.78,202110,16,"4,350",5,2000,은곡4길 6,,-,-
충청북도 청주청원구 내수읍 은곡리,246-3,246,3,은곡무지개아파트,39.78,202110,17,"4,800",8,2000,은곡4길 6,,-,-
충청북도 청주청원구 내수읍 은곡리,302,302,0,천일은곡,59.739,202110,1,"7,900",4,2000,은곡묵방길 52-10,,-,-
충청북도 청주청원구 내수읍 은곡리,302,302,0,천일은곡,59.739,202110,12,"7,500",1,2000,은곡묵방길 52-10,20211025,-,-
충청북도 청주청원구 내수읍 은곡리,302,302,0,천일은곡,59.739,202110,19,"8,400",4,2000,은곡묵방길 52-10,,-,-
충청북도 청주청원구 내수읍 은곡리,302,302,0,천일은곡,59.739,202110,26,"7,500",1,2000,은곡묵방길 52-10,,-,-
충청북도 청주청원구 내수읍 은곡리,302,302,0,천일은곡,59.739,202110,29,"8,800",9,2000,은곡묵방길 52-10,,-,-
충청북도 청주청원구 내수읍 은곡리,302,302,0,천일은곡,59.739,202110,29,"7,900",9,2000,은곡묵방길 52-10,,-,-
충청북도 청주청원구 사천동,684,684,0,남광하우스토리,84.5499,202110,9,"33,000",3,2011,율봉로 8,,-,-
충청북도 청주청원구 사천동,684,684,0,남광하우스토리,84.5499,202110,9,"29,800",6,2011,율봉로 8,,-,-
충청북도 청주청원구 사천동,229-2,229,2,대창1차,49.5,202110,2,"8,200",15,1998,사뜸로61번길 106,,-,-
충청북도 청주청원구 사천동,229-2,229,2,대창1차,49.5,202110,4,"8,800",4,1998,사뜸로61번길 106,,-,-
충청북도 청주청원구 사천동,229-2,229,2,대창1차,59.472,202110,5,"12,000",6,1998,사뜸로61번길 106,,-,-
충청북도 청주청원구 사천동,229-2,229,2,대창1차,59.472,202110,19,"10,900",9,1998,사뜸로61번길 106,,-,-
충청북도 청주청원구 사천동,449-3,449,3,덕성그린아파트,33.33,202110,22,"3,950",6,1997,새터로 187,,-,-
충청북도 청주청원구 사천동,228,228,0,동아2,84.96,202110,7,"17,200",7,1996,새터로176번길 62,,-,-
충청북도 청주청원구 사천동,228,228,0,동아2,59.98,202110,15,"12,800",1,1996,새터로176번길 62,,-,-
충청북도 청주청원구 사천동,228,228,0,동아2,51.32,202110,15,"8,800",3,1996,새터로176번길 62,,-,-
충청북도 청주청원구 사천동,231-4,231,4,보성(231-4),59.14,202110,1,"8,500",5,1988,율봉로56번길 5,,-,-
충청북도 청주청원구 사천동,231-4,231,4,보성(231-4),59.14,202110,12,"7,700",5,1988,율봉로56번길 5,,-,-
충청북도 청주청원구 사천동,231-4,231,4,보성(231-4),59.14,202110,15,"8,650",5,1988,율봉로56번길 5,,-,-
충청북도 청주청원구 사천동,444-1,444,1,사천동대창2차101동,49.6752,202110,2,"7,500",2,2000,새터로 186,,-,-
충청북도 청주청원구 사천동,437,437,0,사천동아아파트,84.78,202110,1,"17,000",5,1994,율봉로 31,,-,-
충청북도 청주청원구 사천동,437,437,0,사천동아아파트,134.11,202110,29,"25,000",6,1994,율봉로 31,,-,-
충청북도 청주청원구 사천동,229-1,229,1,신동아,84.81,202110,1,"14,900",5,1993,율봉로 77,,-,-
충청북도 청주청원구 사천동,229-1,229,1,신동아,84.81,202110,1,"18,200",14,1993,율봉로 77,,-,-
충청북도 청주청원구 사천동,229-1,229,1,신동아,72.78,202110,4,"15,000",1,1993,율봉로 77,,-,-
충청북도 청주청원구 사천동,229-1,229,1,신동아,84.81,202110,14,"17,550",4,1993,율봉로 84,,-,-
충청북도 청주청원구 사천동,229-1,229,1,신동아,123.81,202110,16,"20,500",15,1993,율봉로 77,,-,-
충청북도 청주청원구 사천동,229-1,229,1,신동아,84.81,202110,18,"17,300",9,1993,율봉로 77,,-,-
충청북도 청주청원구 사천동,229-1,229,1,신동아,84.81,202110,19,"17,300",7,1993,율봉로 77,,-,-
충청북도 청주청원구 사천동,229-1,229,1,신동아,123.81,202110,24,"23,300",14,1993,율봉로 77,20211104,-,-
충청북도 청주청원구 사천동,229-1,229,1,신동아,72.78,202110,31,"14,800",10,1993,율봉로 77,,-,-
충청북도 청주청원구 사천동,02월 25일,25,2,정도드림-빌,29.92,202110,12,"4,800",3,1999,공항로 159-12,,-,-
충청북도 청주청원구 사천동,02월 25일,25,2,정도드림-빌,29.92,202110,15,"5,000",12,1999,공항로 159-12,,-,-
충청북도 청주청원구 사천동,02월 25일,25,2,정도드림-빌,29.92,202110,15,"4,550",11,1999,공항로 159-12,,-,-
충청북도 청주청원구 사천동,02월 25일,25,2,정도드림-빌,29.92,202110,15,"4,300",2,1999,공항로 159-12,,-,-
충청북도 청주청원구 사천동,02월 25일,25,2,정도드림-빌,29.92,202110,30,"4,200",2,1999,공항로 159-12,,-,-
충청북도 청주청원구 사천동,697,697,0,청주사천푸르지오,59.9798,202110,10,"35,800",12,2018,사뜸로 106,,-,-
충청북도 청주청원구 사천동,697,697,0,청주사천푸르지오,84.9748,202110,15,"50,500",5,2018,사뜸로 106,,-,-
충청북도 청주청원구 오창읍 각리,637-9,637,9,대원칸타빌,84.9867,202110,10,"31,900",14,2006,오창중앙로 64,,-,-
충청북도 청주청원구 오창읍 각리,647-1,647,1,쌍용스윗닷홈오창예가,84.981,202110,25,"27,000",3,2006,오창중앙로 105,,-,-
충청북도 청주청원구 오창읍 각리,638-1,638,1,우림필유1차,120.07,202110,2,"39,000",10,2006,오창중앙로 13,,-,-
충청북도 청주청원구 오창읍 각리,638-1,638,1,우림필유1차,59.86,202110,2,"21,800",4,2006,오창중앙로 13,,-,-
충청북도 청주청원구 오창읍 각리,638-1,638,1,우림필유1차,120.07,202110,3,"36,800",3,2006,오창중앙로 13,,-,-
충청북도 청주청원구 오창읍 각리,638-1,638,1,우림필유1차,84.94,202110,6,"32,500",15,2006,오창중앙로 13,,-,-
충청북도 청주청원구 오창읍 각리,638-1,638,1,우림필유1차,84.94,202110,15,"30,000",9,2006,오창중앙로 13,,-,-
충청북도 청주청원구 오창읍 각리,638-1,638,1,우림필유1차,59.86,202110,16,"22,400",8,2006,오창중앙로 13,,-,-
충청북도 청주청원구 오창읍 각리,638-1,638,1,우림필유1차,84.94,202110,23,"31,500",9,2006,오창중앙로 13,,-,-
충청북도 청주청원구 오창읍 각리,646-1,646,1,우림필유2차,166.7705,202110,2,"50,500",5,2006,오창중앙로 65,,-,-
충청북도 청주청원구 오창읍 각리,646-1,646,1,우림필유2차,84.9812,202110,5,"30,350",5,2006,오창중앙로 65,,-,-
충청북도 청주청원구 오창읍 각리,646-1,646,1,우림필유2차,84.9673,202110,16,"30,800",2,2006,오창중앙로 65,,-,-
충청북도 청주청원구 오창읍 각리,646-1,646,1,우림필유2차,59.9101,202110,19,"24,000",8,2006,오창중앙로 65,,-,-
충청북도 청주청원구 오창읍 각리,646-1,646,1,우림필유2차,122.6368,202110,23,"39,400",2,2006,오창중앙로 65,,-,-
충청북도 청주청원구 오창읍 각리,646-1,646,1,우림필유2차,59.9101,202110,26,"24,900",15,2006,오창중앙로 65,,-,-
충청북도 청주청원구 오창읍 각리,646-6,646,6,이안오창,59.4414,202110,1,"20,000",9,2006,오창중앙로 83,,-,-
충청북도 청주청원구 오창읍 각리,646-6,646,6,이안오창,59.4414,202110,12,"23,000",7,2006,오창중앙로 83,,-,-
충청북도 청주청원구 오창읍 각리,646-6,646,6,이안오창,59.4414,202110,14,"23,000",13,2006,오창중앙로 83,,-,-
충청북도 청주청원구 오창읍 각리,646-6,646,6,이안오창,59.4414,202110,20,"22,000",5,2006,오창중앙로 83,,-,-
충청북도 청주청원구 오창읍 각리,637-6,637,6,중앙하이츠빌,59.9271,202110,1,"24,800",15,2006,오창중앙로 32,,-,-
충청북도 청주청원구 오창읍 각리,637-6,637,6,중앙하이츠빌,59.9271,202110,2,"23,000",13,2006,오창중앙로 32,,-,-
충청북도 청주청원구 오창읍 각리,637-6,637,6,중앙하이츠빌,59.9271,202110,7,"25,000",10,2006,오창중앙로 32,,-,-
충청북도 청주청원구 오창읍 각리,637-6,637,6,중앙하이츠빌,84.6881,202110,7,"34,000",14,2006,오창중앙로 32,,-,-
충청북도 청주청원구 오창읍 각리,637-6,637,6,중앙하이츠빌,84.6881,202110,8,"32,500",7,2006,오창중앙로 32,,-,-
충청북도 청주청원구 오창읍 각리,637-6,637,6,중앙하이츠빌,59.9271,202110,13,"24,200",8,2006,오창중앙로 32,,-,-
충청북도 청주청원구 오창읍 각리,637-6,637,6,중앙하이츠빌,84.6881,202110,15,"34,000",7,2006,오창중앙로 32,,-,-
충청북도 청주청원구 오창읍 각리,637-6,637,6,중앙하이츠빌,59.9271,202110,18,"22,500",3,2006,오창중앙로 32,,-,-
충청북도 청주청원구 오창읍 각리,637-6,637,6,중앙하이츠빌,59.9271,202110,21,"24,000",8,2006,오창중앙로 32,,-,-
충청북도 청주청원구 오창읍 각리,637-6,637,6,중앙하이츠빌,59.9271,202110,23,"22,800",9,2006,오창중앙로 32,,-,-
충청북도 청주청원구 오창읍 각리,645-1,645,1,코아루,59.9875,202110,2,"22,800",1,2006,오창중앙로 27,,-,-
충청북도 청주청원구 오창읍 각리,645-1,645,1,코아루,59.9875,202110,4,"22,400",6,2006,오창중앙로 27,,-,-
충청북도 청주청원구 오창읍 각리,637-1,637,1,한라비발디,59.958,202110,9,"21,000",6,2006,오창중앙로 94,,-,-
충청북도 청주청원구 오창읍 각리,637-1,637,1,한라비발디,84.573,202110,10,"32,000",16,2006,오창중앙로 94,,-,-
충청북도 청주청원구 오창읍 각리,637-1,637,1,한라비발디,59.958,202110,13,"24,300",16,2006,오창중앙로 94,,-,-
충청북도 청주청원구 오창읍 각리,637-1,637,1,한라비발디,84.573,202110,16,"32,000",13,2006,오창중앙로 94,,-,-
충청북도 청주청원구 오창읍 각리,637-1,637,1,한라비발디,59.958,202110,20,"23,700",8,2006,오창중앙로 94,,-,-
충청북도 청주청원구 오창읍 각리,636-2,636,2,한신더휴센트럴파크,84.9801,202110,2,"58,000",32,2018,오창공원로 96,,-,-
충청북도 청주청원구 오창읍 각리,636-2,636,2,한신더휴센트럴파크,84.9801,202110,3,"49,500",6,2018,오창공원로 96,,-,-
충청북도 청주청원구 오창읍 각리,636-2,636,2,한신더휴센트럴파크,84.9801,202110,6,"58,000",44,2018,오창공원로 96,,-,-
충청북도 청주청원구 오창읍 각리,636-2,636,2,한신더휴센트럴파크,84.9801,202110,8,"53,000",20,2018,오창공원로 96,,-,-
충청북도 청주청원구 오창읍 각리,636-2,636,2,한신더휴센트럴파크,84.9801,202110,11,"57,000",32,2018,오창공원로 96,,-,-
충청북도 청주청원구 오창읍 각리,636-2,636,2,한신더휴센트럴파크,84.9922,202110,15,"54,400",17,2018,오창공원로 96,,-,-
충청북도 청주청원구 오창읍 각리,636-2,636,2,한신더휴센트럴파크,84.9823,202110,16,"70,000",31,2018,오창공원로 96,,-,-
충청북도 청주청원구 오창읍 각리,636-2,636,2,한신더휴센트럴파크,84.9893,202110,20,"50,000",7,2018,오창공원로 96,,-,-
충청북도 청주청원구 오창읍 괴정리,507-1,507,1,덕성그린,59.995,202110,1,"9,100",4,1998,괴정길 18-9,,-,-
충청북도 청주청원구 오창읍 괴정리,507-1,507,1,덕성그린,59.995,202110,2,"8,600",14,1998,괴정길 18-9,,-,-
충청북도 청주청원구 오창읍 괴정리,507-1,507,1,덕성그린,59.995,202110,21,"7,900",8,1998,괴정길 18-9,,-,-
충청북도 청주청원구 오창읍 복현리,Feb-98,98,2,수정,59.85,202110,12,"5,500",4,1991,복현3길 27,,-,-
충청북도 청주청원구 오창읍 복현리,Feb-98,98,2,수정,59.85,202110,20,"6,300",5,1991,복현3길 27,20211021,-,-
충청북도 청주청원구 오창읍 복현리,Feb-98,98,2,수정,59.85,202110,20,"6,300",5,1991,복현3길 27,,-,-
충청북도 청주청원구 오창읍 복현리,Apr-91,91,4,진달래,59.34,202110,30,"7,850",2,1995,복현2길 6,,-,-
충청북도 청주청원구 오창읍 양청리,810-2,810,2,오창롯데캐슬더하이스트,70.9515,202110,2,"45,500",16,2018,중부로 760,,-,-
충청북도 청주청원구 오창읍 양청리,810-2,810,2,오창롯데캐슬더하이스트,59.9502,202110,2,"37,000",11,2018,중부로 760,,-,-
충청북도 청주청원구 오창읍 양청리,810-2,810,2,오창롯데캐슬더하이스트,84.9749,202110,4,"46,000",3,2018,중부로 760,,-,-
충청북도 청주청원구 오창읍 양청리,810-2,810,2,오창롯데캐슬더하이스트,70.9515,202110,4,"43,000",32,2018,중부로 760,,-,-
충청북도 청주청원구 오창읍 양청리,810-2,810,2,오창롯데캐슬더하이스트,84.9604,202110,9,"53,000",20,2018,중부로 760,,-,-
충청북도 청주청원구 오창읍 양청리,810-2,810,2,오창롯데캐슬더하이스트,59.9502,202110,9,"37,000",19,2018,중부로 760,,-,-
충청북도 청주청원구 오창읍 양청리,810-2,810,2,오창롯데캐슬더하이스트,59.9502,202110,9,"38,000",19,2018,중부로 760,,-,-
충청북도 청주청원구 오창읍 양청리,810-2,810,2,오창롯데캐슬더하이스트,84.9316,202110,9,"50,000",27,2018,중부로 760,,-,-
충청북도 청주청원구 오창읍 양청리,810-2,810,2,오창롯데캐슬더하이스트,70.9515,202110,16,"43,000",14,2018,중부로 760,,-,-
충청북도 청주청원구 오창읍 양청리,810-2,810,2,오창롯데캐슬더하이스트,84.9316,202110,16,"48,420",7,2018,중부로 760,,-,-
충청북도 청주청원구 오창읍 양청리,810-2,810,2,오창롯데캐슬더하이스트,70.9515,202110,16,"42,000",4,2018,중부로 760,,-,-
충청북도 청주청원구 오창읍 양청리,810-2,810,2,오창롯데캐슬더하이스트,59.9502,202110,16,"35,900",4,2018,중부로 760,,-,-
충청북도 청주청원구 오창읍 양청리,810-2,810,2,오창롯데캐슬더하이스트,59.9502,202110,19,"38,000",18,2018,중부로 760,,-,-
충청북도 청주청원구 오창읍 양청리,810-2,810,2,오창롯데캐슬더하이스트,59.9502,202110,19,"38,400",34,2018,중부로 760,,-,-
충청북도 청주청원구 오창읍 양청리,810-2,810,2,오창롯데캐슬더하이스트,84.9604,202110,23,"50,000",16,2018,중부로 760,,-,-
충청북도 청주청원구 오창읍 양청리,810-2,810,2,오창롯데캐슬더하이스트,59.9502,202110,23,"35,000",16,2018,중부로 760,,-,-
충청북도 청주청원구 오창읍 양청리,810-2,810,2,오창롯데캐슬더하이스트,84.9604,202110,28,"48,900",3,2018,중부로 760,,-,-
충청북도 청주청원구 오창읍 주성리,556,556,0,오창대성베르힐,84.852,202110,11,"41,300",10,2015,2산단로 160,,-,-
충청북도 청주청원구 오창읍 주성리,556,556,0,오창대성베르힐,72.8994,202110,16,"34,300",6,2015,2산단로 160,,-,-
충청북도 청주청원구 오창읍 주성리,556,556,0,오창대성베르힐,84.852,202110,21,"37,400",10,2015,2산단로 160,,-,-
충청북도 청주청원구 오창읍 주성리,556,556,0,오창대성베르힐,84.852,202110,22,"38,000",4,2015,2산단로 160,,-,-
충청북도 청주청원구 오창읍 주성리,562,562,0,오창모아미래도와이드시티,84.9926,202110,10,"38,900",7,2016,2산단로 167,,-,-
충청북도 청주청원구 오창읍 주성리,562,562,0,오창모아미래도와이드시티,84.9926,202110,16,"38,200",4,2016,2산단로 167,,-,-
충청북도 청주청원구 오창읍 주성리,562,562,0,오창모아미래도와이드시티,74.7518,202110,20,"35,000",17,2016,2산단로 167,,-,-
충청북도 청주청원구 오창읍 주성리,562,562,0,오창모아미래도와이드시티,84.9926,202110,26,"40,000",11,2016,2산단로 167,,-,-
충청북도 청주청원구 오창읍 창리,09월 03일,9,3,경희,59.43,202110,10,"6,100",3,1992,공항로 988,20211015,-,-
충청북도 청주청원구 오창읍 창리,May-44,44,5,낙원,54.81,202110,11,"4,500",2,1991,두릉유리로 1124-5,,-,-
충청북도 청주청원구 오창읍 창리,115,115,0,오창금정,59.94,202110,3,"7,900",1,1995,창리1길 13,,-,-
충청북도 청주청원구 오창읍 창리,115,115,0,오창금정,59.94,202110,9,"9,000",2,1995,창리1길 13,,-,-
충청북도 청주청원구 오창읍 창리,115,115,0,오창금정,59.76,202110,9,"10,000",1,1995,창리1길 13,,-,-
충청북도 청주청원구 오창읍 창리,161,161,0,오창모아미래도와이드파크,59.9853,202110,1,"28,000",20,2016,2산단4로 45,,-,-
충청북도 청주청원구 오창읍 창리,161,161,0,오창모아미래도와이드파크,59.9846,202110,16,"28,900",14,2016,2산단4로 45,,-,-
충청북도 청주청원구 오창읍 창리,161,161,0,오창모아미래도와이드파크,59.9853,202110,16,"26,500",2,2016,2산단4로 45,,-,-
충청북도 청주청원구 오창읍 창리,161,161,0,오창모아미래도와이드파크,59.9853,202110,23,"29,500",18,2016,2산단4로 45,,-,-
충청북도 청주청원구 오창읍 창리,04월 11일,4,11,진양,57.6,202110,30,"6,200",5,1990,팔결로 691,,-,-
충청북도 청주청원구 우암동,353-2,353,2,덕일한마음,84.79,202110,12,"16,000",5,1996,향군로74번길 26,,-,-
충청북도 청주청원구 우암동,353-2,353,2,덕일한마음,84.79,202110,22,"14,800",5,1996,향군로74번길 26,,-,-
충청북도 청주청원구 우암동,1210,1210,0,우암동삼일브리제하임,59.9751,202110,6,"26,000",24,2016,향군로 123,,-,-
충청북도 청주청원구 우암동,1210,1210,0,우암동삼일브리제하임,59.9751,202110,17,"24,000",3,2016,향군로 123,,-,-
충청북도 청주청원구 우암동,328-12,328,12,우암세원,41.02,202110,2,"6,300",4,1999,사북로149번길 7,,-,-
충청북도 청주청원구 우암동,328-12,328,12,우암세원,41.02,202110,25,"6,000",5,1999,사북로149번길 7,,-,-
충청북도 청주청원구 우암동,237-13,237,13,일진캠퍼스타워,25.61,202110,1,"7,900",16,2015,상당로 249,,-,-
충청북도 청주청원구 우암동,237-13,237,13,일진캠퍼스타워,16.21,202110,1,"6,500",17,2015,상당로 249,,-,-
충청북도 청주청원구 우암동,237-13,237,13,일진캠퍼스타워,16.21,202110,1,"6,500",17,2015,상당로 249,,-,-
충청북도 청주청원구 우암동,237-13,237,13,일진캠퍼스타워,16.21,202110,26,"6,400",10,2015,상당로 249,,-,-
충청북도 청주청원구 우암동,237-13,237,13,일진캠퍼스타워,16.21,202110,26,"6,400",20,2015,상당로 249,,-,-
충청북도 청주청원구 우암동,111-13,111,13,평화,84.6,202110,27,"10,700",1,1984,상당로244번길 6,,-,-
충청북도 청주청원구 우암동,375,375,0,평화상가,51.045,202110,12,"7,150",4,1995,향군로108번길 20,,-,-
충청북도 청주청원구 율량동,2246,2246,0,대원칸타빌4차아파트,84.887,202110,1,"42,000",22,2015,율중로 10,,-,-
충청북도 청주청원구 율량동,2246,2246,0,대원칸타빌4차아파트,84.887,202110,4,"42,400",17,2015,율중로 10,,-,-
충청북도 청주청원구 율량동,2246,2246,0,대원칸타빌4차아파트,84.887,202110,8,"43,000",23,2015,율중로 10,,-,-
충청북도 청주청원구 율량동,2246,2246,0,대원칸타빌4차아파트,84.887,202110,11,"42,500",13,2015,율중로 10,,-,-
충청북도 청주청원구 율량동,2246,2246,0,대원칸타빌4차아파트,84.922,202110,16,"42,900",23,2015,율중로 10,,-,-
충청북도 청주청원구 율량동,2246,2246,0,대원칸타빌4차아파트,105.627,202110,18,"51,500",8,2015,율중로 10,,-,-
충청북도 청주청원구 율량동,710,710,0,대창,59.9,202110,18,"12,700",14,1993,율봉로159번길 73-2,,-,-
충청북도 청주청원구 율량동,715,715,0,대창2,59.55,202110,11,"12,600",10,1994,율봉로159번길 74-19,,-,-
충청북도 청주청원구 율량동,1302,1302,0,대창3,34.79,202110,13,"5,800",12,1995,사뜸로52번길 15,,-,-
충청북도 청주청원구 율량동,1302,1302,0,대창3,34.79,202110,23,"5,300",6,1995,사뜸로52번길 15,,-,-
충청북도 청주청원구 율량동,1302,1302,0,대창3,34.79,202110,25,"5,800",10,1995,사뜸로52번길 15,,-,-
충청북도 청주청원구 율량동,1569,1569,0,동아,75.13,202110,30,"14,000",6,1990,율천북로99번길 14,,-,-
충청북도 청주청원구 율량동,861,861,0,두진백로그린타운,32.76,202110,15,"5,400",9,1996,율봉로201번길 34,,-,-
충청북도 청주청원구 율량동,861,861,0,두진백로그린타운,32.76,202110,22,"5,000",2,1996,율봉로201번길 34,,-,-
충청북도 청주청원구 율량동,863,863,0,럭키,84.99,202110,19,"16,500",14,1991,율봉로209번길 40,,-,-
충청북도 청주청원구 율량동,863,863,0,럭키,84.99,202110,28,"17,500",3,1991,율봉로209번길 40,,-,-
충청북도 청주청원구 율량동,803,803,0,목화1,59.36,202110,4,"12,400",8,1994,율봉로167번길 37,,-,-
충청북도 청주청원구 율량동,803,803,0,목화1,47.19,202110,5,"8,500",3,1994,율봉로167번길 37,,-,-
충청북도 청주청원구 율량동,803,803,0,목화1,59.36,202110,28,"10,600",10,1994,율봉로167번길 37,,-,-
충청북도 청주청원구 율량동,746,746,0,목화2,45.76,202110,1,"7,000",9,1994,율봉로167번길 65-21,,-,-
충청북도 청주청원구 율량동,746,746,0,목화2,42.88,202110,9,"7,400",2,1994,율봉로167번길 65-21,20211028,-,-
충청북도 청주청원구 율량동,746,746,0,목화2,45.76,202110,9,"7,400",2,1994,율봉로167번길 65-21,,-,-
충청북도 청주청원구 율량동,746,746,0,목화2,45.76,202110,20,"8,000",3,1994,율봉로167번길 65-21,,-,-
충청북도 청주청원구 율량동,746,746,0,목화2,45.76,202110,30,"8,400",4,1994,율봉로167번길 65-21,,-,-
충청북도 청주청원구 율량동,744,744,0,부강,29.08,202110,3,"2,600",2,1993,공항로150번길 59,,-,-
충청북도 청주청원구 율량동,1182,1182,0,삼성,84.69,202110,2,"16,800",13,1996,주성로96번길 9,,-,-
충청북도 청주청원구 율량동,1182,1182,0,삼성,59.58,202110,4,"16,500",5,1996,주성로96번길 9,,-,-
충청북도 청주청원구 율량동,1182,1182,0,삼성,84.69,202110,9,"20,800",13,1996,주성로118번길 28,,-,-
충청북도 청주청원구 율량동,1182,1182,0,삼성,84.69,202110,12,"18,800",10,1996,주성로96번길 29,,-,-
충청북도 청주청원구 율량동,1182,1182,0,삼성,59.58,202110,13,"16,100",4,1996,주성로96번길 9,,-,-
충청북도 청주청원구 율량동,1182,1182,0,삼성,84.69,202110,15,"20,500",13,1996,주성로118번길 12,,-,-
충청북도 청주청원구 율량동,1182,1182,0,삼성,84.69,202110,18,"21,300",3,1996,주성로118번길 12,,-,-
충청북도 청주청원구 율량동,1182,1182,0,삼성,59.58,202110,20,"17,500",6,1996,주성로118번길 12,,-,-
충청북도 청주청원구 율량동,1182,1182,0,삼성,84.69,202110,21,"22,000",12,1996,주성로118번길 28,,-,-
충청북도 청주청원구 율량동,1182,1182,0,삼성,59.58,202110,23,"17,500",3,1996,주성로96번길 9,,-,-
충청북도 청주청원구 율량동,1182,1182,0,삼성,59.58,202110,29,"16,300",5,1996,주성로96번길 29,,-,-
충청북도 청주청원구 율량동,742,742,0,삼정2,116.64,202110,16,"22,000",7,1992,율봉로175번길 54,,-,-
충청북도 청주청원구 율량동,1204,1204,0,성원,84.945,202110,4,"17,800",5,1995,주성로132번길 10,,-,-
충청북도 청주청원구 율량동,1204,1204,0,성원,59.7,202110,8,"14,700",10,1995,사뜸로76번길 42,,-,-
충청북도 청주청원구 율량동,1204,1204,0,성원,84.945,202110,11,"20,500",12,1995,주성로132번길 10,,-,-
충청북도 청주청원구 율량동,1204,1204,0,성원,59.7,202110,15,"14,200",1,1995,사뜸로76번길 42,,-,-
충청북도 청주청원구 율량동,1204,1204,0,성원,59.7,202110,23,"15,000",9,1995,사뜸로76번길 42,,-,-
충청북도 청주청원구 율량동,1868,1868,0,신라,84.78,202110,3,"11,770",3,1989,공항로97번길 24,,-,-
충청북도 청주청원구 율량동,1868,1868,0,신라,84.78,202110,6,"11,900",5,1989,공항로97번길 24,,-,-
충청북도 청주청원구 율량동,1292,1292,0,신라(1292-0),30.6,202110,1,"4,250",2,1995,율봉로94번길 9,,-,-
충청북도 청주청원구 율량동,1292,1292,0,신라(1292-0),30.6,202110,5,"4,000",7,1995,율봉로94번길 9,,-,-
충청북도 청주청원구 율량동,1292,1292,0,신라(1292-0),30.6,202110,5,"4,000",5,1995,율봉로94번길 9,,-,-
충청북도 청주청원구 율량동,1292,1292,0,신라(1292-0),30.6,202110,5,"4,000",5,1995,율봉로94번길 9,,-,-
충청북도 청주청원구 율량동,1292,1292,0,신라(1292-0),30.6,202110,7,"4,000",3,1995,율봉로94번길 9,,-,-
충청북도 청주청원구 율량동,1292,1292,0,신라(1292-0),30.6,202110,26,"3,300",5,1995,율봉로94번길 9,,-,-
충청북도 청주청원구 율량동,1483,1483,0,신라개발,79.86,202110,5,"8,000",3,1986,율봉로94번길 20,,-,-
충청북도 청주청원구 율량동,1379,1379,0,율량대창4차아파트,49.5,202110,13,"7,500",3,1996,사뜸로52번길 16,,-,-
충청북도 청주청원구 율량동,1379,1379,0,율량대창4차아파트,49.5,202110,16,"7,800",2,1996,사뜸로52번길 16,,-,-
충청북도 청주청원구 율량동,1379,1379,0,율량대창4차아파트,49.5,202110,17,"8,500",9,1996,사뜸로52번길 16,,-,-
충청북도 청주청원구 율량동,1379,1379,0,율량대창4차아파트,49.5,202110,21,"8,500",7,1996,사뜸로52번길 16,,-,-
충청북도 청주청원구 율량동,1265,1265,0,율량효성,59.86,202110,20,"13,000",1,1996,사뜸로67번길 13,,-,-
충청북도 청주청원구 율량동,1265,1265,0,율량효성,59.86,202110,30,"12,850",13,1996,사뜸로67번길 13,,-,-
충청북도 청주청원구 율량동,1263,1263,0,율량효성2,59.86,202110,8,"11,800",7,1997,사뜸로 62,,-,-
충청북도 청주청원구 율량동,1263,1263,0,율량효성2,59.86,202110,10,"11,500",12,1997,사뜸로 62,,-,-
충청북도 청주청원구 율량동,1263,1263,0,율량효성2,59.86,202110,14,"10,900",4,1997,사뜸로 62,,-,-
충청북도 청주청원구 율량동,1263,1263,0,율량효성2,59.86,202110,15,"12,700",7,1997,사뜸로 62,,-,-
충청북도 청주청원구 율량동,1263,1263,0,율량효성2,59.86,202110,16,"11,400",2,1997,사뜸로 62,,-,-
충청북도 청주청원구 율량동,1263,1263,0,율량효성2,59.86,202110,16,"11,950",7,1997,사뜸로 62,,-,-
충청북도 청주청원구 율량동,2456,2456,0,제일풍경채,71.4011,202110,1,"29,000",11,2016,율중로7번길 100,,-,-
충청북도 청주청원구 율량동,2456,2456,0,제일풍경채,71.4011,202110,15,"32,500",24,2016,율중로7번길 100,,-,-
충청북도 청주청원구 율량동,2456,2456,0,제일풍경채,84.7852,202110,17,"36,700",13,2016,율중로7번길 100,,-,-
충청북도 청주청원구 율량동,2456,2456,0,제일풍경채,84.7852,202110,26,"37,300",20,2016,율중로7번길 100,,-,-
충청북도 청주청원구 율량동,867,867,0,진화하이츠,84.72,202110,6,"17,000",7,1994,충청대로139번길 9,,-,-
충청북도 청주청원구 율량동,1393,1393,0,통일신세대,60,202110,15,"12,000",11,1996,사뜸로 44,,-,-
충청북도 청주청원구 율량동,1393,1393,0,통일신세대,84.98,202110,22,"14,300",14,1996,사뜸로 44,,-,-
충청북도 청주청원구 율량동,745,745,0,한울,59.94,202110,24,"8,700",6,1991,공항로150번길 51-12,,-,-
충청북도 청주청원구 율량동,724-1,724,1,한울2,59.97,202110,12,"11,850",1,1996,율봉로167번길 66-9,,-,-
충청북도 청주청원구 율량동,1144,1144,0,한울아파트301동,30.33,202110,27,"4,000",3,1998,주성로96번길 12,,-,-
충청북도 청주청원구 율량동,1135,1135,0,한울아파트302동,45.36,202110,12,"8,500",14,1999,주성로96번길 8,,-,-
충청북도 청주청원구 율량동,1206,1206,0,현대(1206),84.39,202110,2,"22,500",4,1992,주성로132번길 54,,-,-
충청북도 청주청원구 율량동,1206,1206,0,현대(1206),59.82,202110,11,"17,500",13,1992,주성로132번길 54,,-,-
충청북도 청주청원구 율량동,1206,1206,0,현대(1206),133.8,202110,23,"28,000",2,1992,주성로132번길 27,,-,-
충청북도 청주청원구 율량동,1052,1052,0,효성,59.99,202110,9,"11,500",14,1993,율봉로212번길 17,,-,-
충청북도 청주청원구 주성동,335,335,0,대원칸타빌1차아파트,84.455,202110,5,"42,500",3,2013,율량로 103,,-,-
충청북도 청주청원구 주성동,335,335,0,대원칸타빌1차아파트,84.798,202110,21,"43,000",3,2013,율량로 103,,-,-
충청북도 청주청원구 주성동,337,337,0,대원칸타빌3차아파트,105.736,202110,9,"62,800",6,2015,율량로 135,,-,-
충청북도 청주청원구 주중동,1023,1023,0,대원칸타빌2차,84.798,202110,2,"47,800",5,2014,율량로 77,,-,-
충청북도 청주청원구 주중동,1023,1023,0,대원칸타빌2차,84.43,202110,17,"47,500",10,2014,율량로 77,,-,-
충청북도 청주청원구 주중동,1023,1023,0,대원칸타빌2차,84.798,202110,19,"47,900",11,2014,율량로 77,,-,-
충청북도 청주청원구 주중동,1023,1023,0,대원칸타빌2차,84.798,202110,23,"52,000",15,2014,율량로 77,,-,-
충청북도 청주청원구 주중동,1023,1023,0,대원칸타빌2차,84.43,202110,25,"49,300",14,2014,율량로 77,,-,-
충청북도 청주흥덕구 가경동,1550,1550,0,2단지주공,49.8,202110,13,"15,300",9,2002,가경로 26,,-,-
충청북도 청주흥덕구 가경동,1550,1550,0,2단지주공,59.92,202110,16,"19,750",15,2002,가경로 26,,-,-
충청북도 청주흥덕구 가경동,1764,1764,0,가경이-편한세상,133.819,202110,29,"63,900",4,2008,서현북로 15,,-,-
충청북도 청주흥덕구 가경동,1695,1695,0,가경푸르지오,103.9731,202110,4,"41,500",11,2006,2순환로1375번길 20,,-,-
충청북도 청주흥덕구 가경동,1695,1695,0,가경푸르지오,103.9731,202110,17,"39,500",4,2006,2순환로1375번길 20,,-,-
충청북도 청주흥덕구 가경동,1695,1695,0,가경푸르지오,103.9731,202110,23,"44,100",9,2006,2순환로1375번길 20,,-,-
충청북도 청주흥덕구 가경동,1758,1758,0,가로수마을선광로즈웰,84.9468,202110,22,"43,000",5,2008,서현중로 48,,-,-
충청북도 청주흥덕구 가경동,1759,1759,0,가로수마을호반베르디움,84.9667,202110,1,"46,500",12,2008,서현중로 47,,-,-
충청북도 청주흥덕구 가경동,1759,1759,0,가로수마을호반베르디움,84.9267,202110,2,"50,000",13,2008,서현중로 47,,-,-
충청북도 청주흥덕구 가경동,1759,1759,0,가로수마을호반베르디움,84.9667,202110,8,"45,000",7,2008,서현중로 47,,-,-
충청북도 청주흥덕구 가경동,1759,1759,0,가로수마을호반베르디움,84.9667,202110,30,"46,200",10,2008,서현중로 47,,-,-
충청북도 청주흥덕구 가경동,1511,1511,0,대원,59.94,202110,5,"19,500",5,1997,가경로 120,,-,-
충청북도 청주흥덕구 가경동,1511,1511,0,대원,59.97,202110,7,"18,200",2,1997,가경로 120,,-,-
충청북도 청주흥덕구 가경동,1511,1511,0,대원,59.94,202110,13,"19,700",8,1997,가경로 120,,-,-
충청북도 청주흥덕구 가경동,1511,1511,0,대원,59.94,202110,22,"19,700",10,1997,가경로 120,,-,-
충청북도 청주흥덕구 가경동,1515,1515,0,덕일한마음,59.98,202110,9,"17,000",1,1997,장구봉로 71,,-,-
충청북도 청주흥덕구 가경동,1515,1515,0,덕일한마음,59.98,202110,11,"16,700",1,1997,장구봉로 71,,-,-
충청북도 청주흥덕구 가경동,1515,1515,0,덕일한마음,59.98,202110,23,"18,000",9,1997,장구봉로 71,,-,-
충청북도 청주흥덕구 가경동,1517,1517,0,동부,84.94,202110,11,"24,000",13,1998,가경로 64,,-,-
충청북도 청주흥덕구 가경동,1517,1517,0,동부,84.94,202110,17,"26,500",10,1998,가경로 64,,-,-
충청북도 청주흥덕구 가경동,1517,1517,0,동부,84.94,202110,19,"27,350",13,1998,가경로 64,,-,-
충청북도 청주흥덕구 가경동,1517,1517,0,동부,72.64,202110,20,"21,800",12,1998,가경로 64,,-,-
충청북도 청주흥덕구 가경동,1517,1517,0,동부,72.64,202110,30,"22,700",12,1998,가경로 64,,-,-
충청북도 청주흥덕구 가경동,1514,1514,0,삼일원앙,59.94,202110,1,"18,000",7,1997,가경로 100-20,,-,-
충청북도 청주흥덕구 가경동,1514,1514,0,삼일원앙,59.94,202110,8,"19,500",11,1997,가경로 100-20,,-,-
충청북도 청주흥덕구 가경동,1514,1514,0,삼일원앙,59.85,202110,11,"18,400",8,1997,가경로 100-20,,-,-
충청북도 청주흥덕구 가경동,1514,1514,0,삼일원앙,59.94,202110,15,"19,000",6,1997,가경로 100-20,,-,-
충청북도 청주흥덕구 가경동,1190,1190,0,세원2차,84.99,202110,6,"19,800",2,1992,풍산로89번길 31,,-,-
충청북도 청주흥덕구 가경동,1190,1190,0,세원2차,59.94,202110,8,"12,000",2,1992,풍산로89번길 31,,-,-
충청북도 청주흥덕구 가경동,1190,1190,0,세원2차,59.94,202110,8,"14,000",10,1992,풍산로89번길 31,,-,-
충청북도 청주흥덕구 가경동,1190,1190,0,세원2차,59.94,202110,18,"14,500",5,1992,풍산로89번길 31,,-,-
충청북도 청주흥덕구 가경동,1510,1510,0,세원가경골,59.76,202110,9,"18,000",4,1997,가경로 134,,-,-
충청북도 청주흥덕구 가경동,1510,1510,0,세원가경골,59.76,202110,12,"18,000",10,1997,가경로 134,,-,-
충청북도 청주흥덕구 가경동,1510,1510,0,세원가경골,59.76,202110,14,"16,100",1,1997,가경로 134,,-,-
충청북도 청주흥덕구 가경동,1510,1510,0,세원가경골,59.76,202110,17,"19,300",2,1997,가경로 134,,-,-
충청북도 청주흥덕구 가경동,1510,1510,0,세원가경골,59.76,202110,19,"20,000",15,1997,가경로 134,,-,-
충청북도 청주흥덕구 가경동,1510,1510,0,세원가경골,59.76,202110,26,"19,850",11,1997,가경로 134,,-,-
충청북도 청주흥덕구 가경동,1510,1510,0,세원가경골,59.76,202110,31,"19,100",15,1997,가경로 134,,-,-
충청북도 청주흥덕구 가경동,768,768,0,신라,68.42,202110,11,"15,500",15,1993,가로수로1308번길 42,20211021,-,-
충청북도 청주흥덕구 가경동,768,768,0,신라,68.42,202110,11,"15,500",15,1993,가로수로1308번길 42,,-,-
충청북도 청주흥덕구 가경동,1506,1506,0,진로,134.88,202110,5,"29,800",10,1999,가경로 71,,-,-
충청북도 청주흥덕구 가경동,1506,1506,0,진로,99.81,202110,7,"30,000",8,1999,가경로 71,,-,-
충청북도 청주흥덕구 가경동,766,766,0,형석2,83.25,202110,7,"19,900",12,1993,가경로 188,,-,-
충청북도 청주흥덕구 가경동,766,766,0,형석2,62.07,202110,9,"17,900",3,1993,가경로 188,,-,-
충청북도 청주흥덕구 가경동,766,766,0,형석2,83.25,202110,16,"19,200",4,1993,가경로 188,,-,-
충청북도 청주흥덕구 가경동,766,766,0,형석2,83.25,202110,27,"17,900",1,1993,가경로 188,,-,-
충청북도 청주흥덕구 가경동,1507,1507,0,효성,99.98,202110,6,"28,500",5,1997,가경로 61,,-,-
충청북도 청주흥덕구 가경동,1507,1507,0,효성,99.98,202110,11,"28,300",13,1997,가경로 61,,-,-
충청북도 청주흥덕구 가경동,1507,1507,0,효성,99.98,202110,20,"29,000",5,1997,가경로 61,,-,-
충청북도 청주흥덕구 가경동,1507,1507,0,효성,99.98,202110,24,"30,500",11,1997,가경로 61,,-,-
충청북도 청주흥덕구 강내면 월곡리,432,432,0,강내두진하트리움,65.72,202110,2,"31,800",23,2018,월곡길 23-13,,-,-
충청북도 청주흥덕구 강내면 월곡리,432,432,0,강내두진하트리움,65.72,202110,17,"30,000",16,2018,월곡길 23-13,,-,-
충청북도 청주흥덕구 강내면 월곡리,263-2,263,2,두진,58.77,202110,12,"9,000",4,1991,탑연월곡길 86-5,,-,-
충청북도 청주흥덕구 강내면 월곡리,150-33,150,33,진흥1,49.88,202110,1,"6,300",5,1988,가로수로 640-19,,-,-
충청북도 청주흥덕구 강내면 월곡리,150-7,150,7,진흥2,59.88,202110,18,"8,000",5,1989,가로수로 654-10,,-,-
충청북도 청주흥덕구 강내면 월곡리,150-7,150,7,진흥2,59.94,202110,21,"8,700",4,1989,가로수로 654-10,,-,-
충청북도 청주흥덕구 강내면 월탄리,90,90,0,태암수정,42.72,202110,1,"4,970",7,1997,태성탑연로 264,,-,-
충청북도 청주흥덕구 강내면 월탄리,90,90,0,태암수정,34.71,202110,2,"4,800",6,1997,태성탑연로 264,,-,-
충청북도 청주흥덕구 강내면 월탄리,90,90,0,태암수정,42.72,202110,14,"4,400",3,1997,태성탑연로 264,,-,-
충청북도 청주흥덕구 강내면 월탄리,90,90,0,태암수정,34.71,202110,14,"3,200",6,1997,태성탑연로 264,,-,-
충청북도 청주흥덕구 강내면 월탄리,90,90,0,태암수정,34.71,202110,18,"3,300",8,1997,태성탑연로 264,,-,-
충청북도 청주흥덕구 강내면 탑연리,388,388,0,신성청원미소지움,84.4766,202110,13,"31,500",15,2008,탑연1길 8,,-,-
충청북도 청주흥덕구 강내면 탑연리,301-1,301,1,주은반석,84.9896,202110,16,"15,100",5,2000,태성탑연로 391-28,,-,-
충청북도 청주흥덕구 강내면 황탄리,03월 01일,3,1,서호이타운,31.417,202110,14,"2,950",9,2001,황탄리길 226,,-,-
충청북도 청주흥덕구 강내면 황탄리,03월 01일,3,1,서호이타운,31.417,202110,20,"2,950",10,2001,황탄리길 226,,-,-
충청북도 청주흥덕구 강내면 황탄리,03월 01일,3,1,서호이타운,31.417,202110,22,"2,800",6,2001,황탄리길 226,,-,-
충청북도 청주흥덕구 강내면 황탄리,03월 01일,3,1,서호이타운,31.417,202110,22,"2,100",4,2001,황탄리길 226,,-,-
충청북도 청주흥덕구 강내면 황탄리,03월 01일,3,1,서호이타운,31.417,202110,23,"3,000",6,2001,황탄리길 226,,-,-
충청북도 청주흥덕구 강내면 황탄리,03월 01일,3,1,서호이타운,31.417,202110,24,"3,000",8,2001,황탄리길 226,,-,-
충청북도 청주흥덕구 강내면 황탄리,03월 01일,3,1,서호이타운,31.417,202110,24,"3,000",7,2001,황탄리길 226,,-,-
충청북도 청주흥덕구 강서동,503,503,0,강서베리굿,49.7425,202110,6,"14,200",17,2015,서현중로 63,,-,-
충청북도 청주흥덕구 강서동,503,503,0,강서베리굿,49.9305,202110,15,"13,900",12,2015,서현중로 63,,-,-
충청북도 청주흥덕구 강서동,503,503,0,강서베리굿,49.2605,202110,17,"12,500",12,2015,서현중로 63,,-,-
충청북도 청주흥덕구 강서동,502,502,0,강서베리굿3차,47.6625,202110,3,"13,500",7,2017,서현중로 61,,-,-
충청북도 청주흥덕구 강서동,502,502,0,강서베리굿3차,47.6625,202110,19,"14,000",11,2017,서현중로 61,,-,-
충청북도 청주흥덕구 강서동,502,502,0,강서베리굿3차,47.6625,202110,21,"14,500",13,2017,서현중로 61,,-,-
충청북도 청주흥덕구 강서동,Jan-37,37,1,대림,58.62,202110,6,"11,700",5,1990,가로수로1154번길 22-2,,-,-
충청북도 청주흥덕구 강서동,Jan-37,37,1,대림,84.86,202110,11,"17,700",15,1990,가로수로1154번길 34-10,,-,-
충청북도 청주흥덕구 강서동,Jan-37,37,1,대림,58.62,202110,15,"10,300",1,1990,가로수로1154번길 22-2,,-,-
충청북도 청주흥덕구 강서동,466,466,0,미소랑,34.17,202110,11,"8,500",9,2014,가로수로1164번길 41-8,,-,-
충청북도 청주흥덕구 강서동,466,466,0,미소랑,34.17,202110,28,"7,200",14,2014,가로수로1164번길 41-8,,-,-
충청북도 청주흥덕구 강서동,Nov-53,53,11,삼덕아파트,27.61,202110,4,"2,600",11,1998,가로수로1144번길 67-2,,-,-
충청북도 청주흥덕구 강서동,Nov-53,53,11,삼덕아파트,27.61,202110,7,"2,900",11,1998,가로수로1144번길 67-2,,-,-
충청북도 청주흥덕구 강서동,478,478,0,세솔타운,40.278,202110,31,"10,000",12,2013,강서로 121,,-,-
충청북도 청주흥덕구 강서동,459,459,0,신해블루지움,18.28,202110,8,"5,600",19,2017,2순환로 1222,,-,-
충청북도 청주흥덕구 강서동,Jan-45,45,1,우림,55.08,202110,14,"8,100",4,2001,가로수로1144번길 50,,-,-
충청북도 청주흥덕구 강서동,Jan-45,45,1,우림,55.08,202110,15,"7,750",3,2001,가로수로1144번길 50,,-,-
충청북도 청주흥덕구 강서동,472,472,0,우양센트럴,22.464,202110,8,"6,100",22,2016,가로수로1164번길 41-44,,-,-
충청북도 청주흥덕구 강서동,472,472,0,우양센트럴,22.149,202110,15,"6,000",8,2016,가로수로1164번길 41-44,,-,-
충청북도 청주흥덕구 강서동,Jul-33,33,7,우정,22.64,202110,8,"2,400",7,1992,가로수로1154번길 21-5,,-,-
충청북도 청주흥덕구 강서동,Jul-33,33,7,우정,22.64,202110,14,"2,500",8,1992,가로수로1154번길 21-5,,-,-
충청북도 청주흥덕구 강서동,Jul-33,33,7,우정,22.64,202110,15,"3,300",10,1992,가로수로1154번길 21-5,,-,-
충청북도 청주흥덕구 강서동,Jul-33,33,7,우정,22.64,202110,22,"2,600",8,1992,가로수로1154번길 21-5,,-,-
충청북도 청주흥덕구 강서동,Jul-33,33,7,우정,22.64,202110,30,"2,600",2,1992,가로수로1154번길 21-5,,-,-
충청북도 청주흥덕구 강서동,460,460,0,이랜드타운힐스싱글스위트청주,19.96,202110,6,"6,800",6,2019,2순환로 1228,,-,-
충청북도 청주흥덕구 복대동,221-7,221,7,대원,84.97,202110,9,"23,000",4,1999,죽천로146번길 6,,-,-
충청북도 청주흥덕구 복대동,221-7,221,7,대원,59.89,202110,12,"17,300",2,1999,죽천로146번길 6,,-,-
충청북도 청주흥덕구 복대동,221-7,221,7,대원,80.32,202110,21,"19,800",5,1999,죽천로146번길 6,,-,-
충청북도 청주흥덕구 복대동,221-7,221,7,대원,80.32,202110,26,"21,300",10,1999,죽천로146번길 6,,-,-
충청북도 청주흥덕구 복대동,221-7,221,7,대원,59.89,202110,28,"17,470",9,1999,죽천로146번길 7,,-,-
충청북도 청주흥덕구 복대동,221-7,221,7,대원,59.89,202110,31,"18,300",2,1999,죽천로146번길 7,,-,-
충청북도 청주흥덕구 복대동,Jan-95,95,1,덕성,22.68,202110,1,"2,475",11,1991,가로수로1379번길 83,,-,-
충청북도 청주흥덕구 복대동,Jan-95,95,1,덕성,22.68,202110,25,"2,700",14,1991,가로수로1379번길 83,,-,-
충청북도 청주흥덕구 복대동,Jan-95,95,1,덕성,22.68,202110,30,"2,750",15,1991,가로수로1379번길 83,,-,-
충청북도 청주흥덕구 복대동,171-1,171,1,덕성그린,29.76,202110,2,"4,000",4,1996,신율로180번길 34,,-,-
충청북도 청주흥덕구 복대동,171-1,171,1,덕성그린,29.76,202110,20,"3,600",1,1996,신율로180번길 34,,-,-
충청북도 청주흥덕구 복대동,993,993,0,덕일,59.91,202110,23,"16,000",2,1989,복대로 149,,-,-
충청북도 청주흥덕구 복대동,3381,3381,0,두산위브지웰시티2차,80.002,202110,2,"71,800",41,2015,대농로 55,,-,-
충청북도 청주흥덕구 복대동,3381,3381,0,두산위브지웰시티2차,80.499,202110,3,"71,500",31,2015,대농로 55,,-,-
충청북도 청주흥덕구 복대동,3381,3381,0,두산위브지웰시티2차,80.002,202110,8,"69,500",26,2015,대농로 55,,-,-
충청북도 청주흥덕구 복대동,3381,3381,0,두산위브지웰시티2차,80.135,202110,8,"73,000",26,2015,대농로 55,,-,-
충청북도 청주흥덕구 복대동,3381,3381,0,두산위브지웰시티2차,80.135,202110,9,"71,000",14,2015,대농로 55,,-,-
충청북도 청주흥덕구 복대동,3381,3381,0,두산위브지웰시티2차,80.135,202110,9,"68,000",8,2015,대농로 55,,-,-
충청북도 청주흥덕구 복대동,3381,3381,0,두산위브지웰시티2차,80.135,202110,12,"77,700",37,2015,대농로 55,,-,-
충청북도 청주흥덕구 복대동,3381,3381,0,두산위브지웰시티2차,80.135,202110,30,"68,800",17,2015,대농로 55,,-,-
충청북도 청주흥덕구 복대동,2459,2459,0,두진백로,59.9238,202110,2,"20,300",12,1999,증안로 33,,-,-
충청북도 청주흥덕구 복대동,2459,2459,0,두진백로,59.9255,202110,7,"19,500",2,1999,증안로 33,,-,-
충청북도 청주흥덕구 복대동,2459,2459,0,두진백로,59.9238,202110,14,"21,000",13,1999,증안로 33,,-,-
충청북도 청주흥덕구 복대동,168,168,0,명성,44.1,202110,4,"5,700",2,1988,신율로180번길 22,,-,-
충청북도 청주흥덕구 복대동,167-3,167,3,명성,44.1,202110,4,"5,700",2,1988,신율로180번길 22,,-,-
충청북도 청주흥덕구 복대동,3382,3382,0,복대두진하트리움,84.9251,202110,3,"54,000",7,2015,죽천로 27,,-,-
충청북도 청주흥덕구 복대동,2008,2008,0,삼일,84.12,202110,1,"19,500",5,1990,복대로118번길 16,,-,-
충청북도 청주흥덕구 복대동,2008,2008,0,삼일,84.12,202110,3,"19,000",2,1990,복대로118번길 16,,-,-
충청북도 청주흥덕구 복대동,824-4,824,4,성광아파트,69.1,202110,3,"7,200",5,1982,신율로 174,,-,-
충청북도 청주흥덕구 복대동,824-4,824,4,성광아파트,69.1,202110,13,"9,300",1,1982,신율로 174,,-,-
충청북도 청주흥덕구 복대동,2009,2009,0,세원,84.89,202110,10,"18,500",5,1990,장구봉로101번길 45,,-,-
충청북도 청주흥덕구 복대동,2009,2009,0,세원,48.42,202110,15,"12,800",2,1990,장구봉로101번길 45,,-,-
충청북도 청주흥덕구 복대동,2009,2009,0,세원,84.89,202110,23,"18,000",3,1990,장구봉로101번길 45,,-,-
충청북도 청주흥덕구 복대동,2009,2009,0,세원,48.42,202110,26,"10,000",4,1990,장구봉로101번길 45,,-,-
충청북도 청주흥덕구 복대동,2009,2009,0,세원,84.89,202110,28,"17,700",5,1990,장구봉로101번길 45,,-,-
충청북도 청주흥덕구 복대동,2461,2461,0,세원느티마을,59.98,202110,2,"18,800",14,1999,진재로 67,,-,-
충청북도 청주흥덕구 복대동,2461,2461,0,세원느티마을,59.99,202110,5,"20,700",3,1999,진재로 67,,-,-
충청북도 청주흥덕구 복대동,2461,2461,0,세원느티마을,59.98,202110,18,"18,800",9,1999,진재로 67,,-,-
충청북도 청주흥덕구 복대동,2607,2607,0,세원테마빌,74.9884,202110,2,"25,900",4,2001,짐대로 14,,-,-
충청북도 청주흥덕구 복대동,3377,3377,0,신영지웰,84.859,202110,4,"49,500",4,2009,진재로103번길 37,,-,-
충청북도 청주흥덕구 복대동,3377,3377,0,신영지웰,124.878,202110,11,"74,000",10,2009,진재로103번길 37,,-,-
충청북도 청주흥덕구 복대동,3377,3377,0,신영지웰,84.859,202110,13,"51,500",12,2009,진재로103번길 37,,-,-
충청북도 청주흥덕구 복대동,3377,3377,0,신영지웰,84.842,202110,20,"48,900",3,2009,진재로103번길 37,,-,-
충청북도 청주흥덕구 복대동,3379,3379,0,신영지웰시티1차,99.126,202110,20,"64,900",5,2010,대농로 17,,-,-
충청북도 청주흥덕구 복대동,3033,3033,0,아름다운나날2차,84.9378,202110,9,"27,000",4,2004,증안로 100,,-,-
충청북도 청주흥덕구 복대동,2456,2456,0,아름다운나날영조1,59.3291,202110,2,"22,400",7,2003,증안로 21,,-,-
충청북도 청주흥덕구 복대동,2456,2456,0,아름다운나날영조1,59.3291,202110,3,"23,450",12,2003,증안로 21,,-,-
충청북도 청주흥덕구 복대동,2456,2456,0,아름다운나날영조1,59.3291,202110,7,"22,000",10,2003,증안로 21,,-,-
충청북도 청주흥덕구 복대동,2456,2456,0,아름다운나날영조1,59.3291,202110,9,"23,300",11,2003,증안로 21,,-,-
충청북도 청주흥덕구 복대동,2456,2456,0,아름다운나날영조1,59.3291,202110,10,"23,200",12,2003,증안로 21,,-,-
충청북도 청주흥덕구 복대동,2456,2456,0,아름다운나날영조1,59.3291,202110,10,"19,000",1,2003,증안로 21,,-,-
충청북도 청주흥덕구 복대동,2456,2456,0,아름다운나날영조1,59.3291,202110,11,"22,000",7,2003,증안로 21,,-,-
충청북도 청주흥덕구 복대동,2456,2456,0,아름다운나날영조1,59.293,202110,14,"19,000",3,2003,증안로 21,,-,-
충청북도 청주흥덕구 복대동,2456,2456,0,아름다운나날영조1,59.3291,202110,26,"22,000",10,2003,증안로 21,,-,-
충청북도 청주흥덕구 복대동,2456,2456,0,아름다운나날영조1,59.293,202110,29,"22,000",7,2003,증안로 21,,-,-
충청북도 청주흥덕구 복대동,3366,3366,0,어울림,84.627,202110,10,"46,000",12,2009,대신로73번길 14,,-,-
충청북도 청주흥덕구 복대동,3367,3367,0,어울림,84.627,202110,16,"49,500",14,2009,대신로74번길 21,,-,-
충청북도 청주흥덕구 복대동,3367,3367,0,어울림,84.627,202110,19,"42,900",2,2009,대신로74번길 21,,-,-
충청북도 청주흥덕구 복대동,221-12,221,12,주은,59.6443,202110,5,"17,000",11,2002,죽천로143번길 19,,-,-
충청북도 청주흥덕구 복대동,3403,3403,0,청주복대2차두진하트리움아파트,74.8923,202110,1,"48,000",12,2018,대신로73번길 50,,-,-
충청북도 청주흥덕구 복대동,3403,3403,0,청주복대2차두진하트리움아파트,74.8923,202110,22,"43,700",6,2018,대신로73번길 50,,-,-
충청북도 청주흥덕구 복대동,3034,3034,0,하복대삼일,84.9,202110,1,"23,900",11,1998,증안로 108,,-,-
충청북도 청주흥덕구 복대동,3034,3034,0,하복대삼일,84.9,202110,8,"23,900",1,1998,증안로 108,,-,-
충청북도 청주흥덕구 복대동,3034,3034,0,하복대삼일,84.88,202110,16,"25,800",14,1998,증안로 108,,-,-
충청북도 청주흥덕구 복대동,3034,3034,0,하복대삼일,84.9,202110,23,"22,800",1,1998,증안로 108,,-,-
충청북도 청주흥덕구 복대동,3029,3029,0,현대2,60,202110,2,"22,000",8,1999,증안로 77,,-,-
충청북도 청주흥덕구 복대동,3029,3029,0,현대2,59.88,202110,9,"22,000",14,1999,증안로 77,,-,-
충청북도 청주흥덕구 복대동,3029,3029,0,현대2,59.88,202110,16,"20,800",1,1999,증안로 77,,-,-
충청북도 청주흥덕구 복대동,3029,3029,0,현대2,60,202110,16,"23,300",10,1999,증안로 77,,-,-
충청북도 청주흥덕구 복대동,3029,3029,0,현대2,60,202110,16,"23,300",14,1999,증안로 77,,-,-
충청북도 청주흥덕구 복대동,3029,3029,0,현대2,60,202110,16,"23,850",3,1999,증안로 77,,-,-
충청북도 청주흥덕구 복대동,3029,3029,0,현대2,59.88,202110,17,"23,650",15,1999,증안로 77,,-,-
충청북도 청주흥덕구 복대동,3029,3029,0,현대2,60,202110,23,"23,000",15,1999,증안로 77,,-,-
충청북도 청주흥덕구 복대동,3029,3029,0,현대2,60,202110,30,"23,000",6,1999,증안로 77,,-,-
충청북도 청주흥덕구 복대동,3029,3029,0,현대2,60,202110,31,"22,000",4,1999,증안로 77,,-,-
충청북도 청주흥덕구 복대동,2442,2442,0,형석(2442),47.07,202110,1,"9,700",5,1990,장구봉로101번길 27,,-,-
충청북도 청주흥덕구 복대동,2442,2442,0,형석(2442),47.07,202110,7,"9,800",4,1990,장구봉로101번길 27,,-,-
충청북도 청주흥덕구 복대동,2442,2442,0,형석(2442),47.07,202110,9,"9,600",5,1990,장구봉로101번길 27,,-,-
충청북도 청주흥덕구 복대동,2442,2442,0,형석(2442),47.07,202110,16,"9,800",2,1990,장구봉로101번길 27,,-,-
충청북도 청주흥덕구 복대동,2442,2442,0,형석(2442),57.29,202110,17,"13,500",4,1990,장구봉로101번길 27,,-,-
충청북도 청주흥덕구 복대동,2442,2442,0,형석(2442),47.07,202110,21,"9,200",3,1990,장구봉로101번길 27,,-,-
충청북도 청주흥덕구 복대동,2442,2442,0,형석(2442),47.07,202110,26,"10,500",4,1990,장구봉로101번길 27,,-,-
충청북도 청주흥덕구 복대동,992,992,0,형석(992),84.93,202110,2,"20,000",2,1990,복대로 159,,-,-
충청북도 청주흥덕구 복대동,992,992,0,형석(992),22.68,202110,13,"4,300",5,1990,복대로 159,,-,-
충청북도 청주흥덕구 복대동,992,992,0,형석(992),22.68,202110,13,"4,300",5,1990,복대로 159,20211014,-,-
충청북도 청주흥덕구 복대동,992,992,0,형석(992),39.82,202110,17,"10,000",2,1990,복대로 159,,-,-
충청북도 청주흥덕구 복대동,992,992,0,형석(992),22.68,202110,21,"4,600",1,1990,복대로 159,,-,-
충청북도 청주흥덕구 복대동,992,992,0,형석(992),22.68,202110,23,"4,000",5,1990,복대로 159,,-,-
충청북도 청주흥덕구 봉명동,1857,1857,0,극동주얼리,59.67,202110,7,"9,500",3,1991,월명로 114,,-,-
충청북도 청주흥덕구 봉명동,2043,2043,0,백봉,48.5,202110,1,"6,800",4,1992,백봉로224번길 7,,-,-
충청북도 청주흥덕구 봉명동,2043,2043,0,백봉,48.5,202110,6,"6,500",5,1992,백봉로224번길 7,,-,-
충청북도 청주흥덕구 봉명동,2043,2043,0,백봉,48.5,202110,16,"8,500",1,1992,백봉로224번길 7,,-,-
충청북도 청주흥덕구 봉명동,2752,2752,0,봉명아이파크,84.8894,202110,5,"27,000",1,2005,덕암로108번길 44,,-,-
충청북도 청주흥덕구 봉명동,2752,2752,0,봉명아이파크,84.8894,202110,8,"31,500",15,2005,덕암로108번길 44,,-,-
충청북도 청주흥덕구 봉명동,2752,2752,0,봉명아이파크,127.6204,202110,9,"36,800",6,2005,덕암로108번길 44,,-,-
충청북도 청주흥덕구 봉명동,87,87,0,삼정백조,59.95,202110,1,"13,500",15,1993,백봉로 244,,-,-
충청북도 청주흥덕구 봉명동,2193,2193,0,세원,123.99,202110,7,"20,800",12,1993,월명로 136,,-,-
충청북도 청주흥덕구 봉명동,1603,1603,0,신라,65.79,202110,30,"11,500",2,1985,과상미로9번길 102-14,,-,-
충청북도 청주흥덕구 봉명동,1603,1603,0,신라(임대),29.25,202110,2,"3,600",5,1991,과상미로9번길 102-14,,-,-
충청북도 청주흥덕구 봉명동,1603,1603,0,신라(임대),29.25,202110,2,"3,600",5,1991,과상미로9번길 102-14,20211029,-,-
충청북도 청주흥덕구 봉명동,1603,1603,0,신라(임대),29.25,202110,5,"3,200",1,1991,과상미로9번길 102-14,,-,-
충청북도 청주흥덕구 봉명동,1603,1603,0,신라(임대),34.2,202110,16,"5,000",1,1991,과상미로9번길 102-14,,-,-
충청북도 청주흥덕구 봉명동,1603,1603,0,신라(임대),29.25,202110,16,"4,000",4,1991,과상미로9번길 102-14,,-,-
충청북도 청주흥덕구 봉명동,1603,1603,0,신라(임대),34.2,202110,22,"6,000",1,1991,과상미로9번길 102-14,,-,-
충청북도 청주흥덕구 봉명동,1602,1602,0,주공2,53.85,202110,4,"16,200",2,1985,직지대로581번길 33-12,,-,-
충청북도 청주흥덕구 봉명동,1602,1602,0,주공2,53.85,202110,23,"18,000",1,1985,직지대로581번길 33-12,,-,-
충청북도 청주흥덕구 봉명동,2044,2044,0,초원,49.88,202110,1,"9,300",4,1992,백봉로224번길 21,,-,-
충청북도 청주흥덕구 봉명동,2044,2044,0,초원,49.88,202110,2,"9,000",2,1992,백봉로224번길 21,,-,-
충청북도 청주흥덕구 봉명동,2044,2044,0,초원,49.88,202110,31,"9,800",5,1992,백봉로224번길 21,,-,-
충청북도 청주흥덕구 봉명동,1855,1855,0,푸른,44.13,202110,2,"8,900",4,1994,월명로 124,,-,-
충청북도 청주흥덕구 봉명동,1855,1855,0,푸른,44.13,202110,16,"8,900",4,1994,월명로 124,,-,-
충청북도 청주흥덕구 봉명동,1855,1855,0,푸른,44.13,202110,19,"8,600",6,1994,월명로 124,,-,-
충청북도 청주흥덕구 봉명동,757,757,0,하이젠시티,42.85,202110,4,"10,000",19,2015,직지대로 636,,-,-
충청북도 청주흥덕구 봉명동,757,757,0,하이젠시티,42.85,202110,5,"10,300",10,2015,직지대로 636,,-,-
충청북도 청주흥덕구 봉명동,757,757,0,하이젠시티,42.85,202110,5,"9,800",11,2015,직지대로 636,,-,-
충청북도 청주흥덕구 봉명동,757,757,0,하이젠시티,42.85,202110,7,"10,400",12,2015,직지대로 636,,-,-
충청북도 청주흥덕구 봉명동,757,757,0,하이젠시티,33.3,202110,23,"7,950",16,2015,직지대로 636,,-,-
충청북도 청주흥덕구 봉명동,757,757,0,하이젠시티,33.3,202110,30,"7,250",3,2015,직지대로 636,,-,-
충청북도 청주흥덕구 비하동,295-40,295,40,대주피오레1차,84.9735,202110,9,"28,300",4,2008,부모산로 22,,-,-
충청북도 청주흥덕구 비하동,367,367,0,대주피오레2차,84.9582,202110,9,"25,000",9,2008,2순환로1050번길 58,,-,-
충청북도 청주흥덕구 비하동,367,367,0,대주피오레2차,84.9582,202110,11,"23,700",3,2008,2순환로1050번길 58,,-,-
충청북도 청주흥덕구 비하동,125,125,0,비하동계룡리슈빌,99.7502,202110,15,"36,000",15,2006,가로수로1131번길 101,,-,-
충청북도 청주흥덕구 비하동,125,125,0,비하동계룡리슈빌,99.7502,202110,16,"36,600",3,2006,가로수로1131번길 101,,-,-
충청북도 청주흥덕구 비하동,238-1,238,1,삼일,69.6,202110,12,"15,200",13,1990,2순환로1136번길 28,,-,-
충청북도 청주흥덕구 비하동,238-1,238,1,삼일,69.6,202110,14,"12,800",1,1990,2순환로1136번길 28,,-,-
충청북도 청주흥덕구 비하동,824,824,0,서청주파크자이,84.9637,202110,2,"59,000",8,2019,2순환로 1106,,-,-
충청북도 청주흥덕구 비하동,824,824,0,서청주파크자이,74.3861,202110,3,"49,700",16,2019,2순환로 1106,,-,-
충청북도 청주흥덕구 비하동,824,824,0,서청주파크자이,84.9637,202110,17,"60,500",25,2019,2순환로 1106,,-,-
충청북도 청주흥덕구 비하동,824,824,0,서청주파크자이,74.3861,202110,19,"52,000",17,2019,2순환로 1106,,-,-
충청북도 청주흥덕구 비하동,311-4,311,4,송곡그린,84.97,202110,4,"16,500",2,2000,2순환로 1038,,-,-
충청북도 청주흥덕구 비하동,311-4,311,4,송곡그린,59.85,202110,13,"13,500",2,2000,2순환로 1038,,-,-
충청북도 청주흥덕구 비하동,Apr-64,64,4,재원,22.68,202110,2,"2,700",1,1991,가로수로1120번길 11,,-,-
충청북도 청주흥덕구 비하동,809,809,0,청주비하계룡리슈빌2차,155.3889,202110,7,"54,000",8,2009,비하로57번길 37,,-,-
충청북도 청주흥덕구 비하동,362,362,0,효성2,59.86,202110,1,"15,000",14,1997,2순환로1050번길 24,,-,-
충청북도 청주흥덕구 비하동,362,362,0,효성2,59.86,202110,15,"14,800",15,1997,2순환로1050번길 24,,-,-
충청북도 청주흥덕구 비하동,362,362,0,효성2,59.86,202110,15,"15,800",12,1997,2순환로1050번길 24,,-,-
충청북도 청주흥덕구 비하동,362,362,0,효성2,59.86,202110,16,"15,200",13,1997,2순환로1050번길 24,,-,-
충청북도 청주흥덕구 비하동,362,362,0,효성2,59.86,202110,18,"14,500",13,1997,2순환로1050번길 24,,-,-
충청북도 청주흥덕구 비하동,362,362,0,효성2,45.28,202110,21,"10,400",7,1997,2순환로1050번길 24,,-,-
충청북도 청주흥덕구 비하동,362,362,0,효성2,59.86,202110,23,"14,500",2,1997,2순환로1050번길 24,,-,-
충청북도 청주흥덕구 비하동,300,300,0,효성아파트,45.32,202110,2,"11,800",10,1995,2순환로1050번길 13-14,,-,-
충청북도 청주흥덕구 비하동,300,300,0,효성아파트,45.32,202110,5,"10,700",6,1995,2순환로1050번길 13-14,,-,-
충청북도 청주흥덕구 비하동,300,300,0,효성아파트,45.32,202110,8,"10,500",14,1995,2순환로1050번길 13-14,,-,-
충청북도 청주흥덕구 비하동,300,300,0,효성아파트,45.32,202110,12,"11,100",12,1995,2순환로1050번길 13-14,,-,-
충청북도 청주흥덕구 비하동,300,300,0,효성아파트,45.32,202110,12,"11,300",2,1995,2순환로1050번길 13-14,,-,-
충청북도 청주흥덕구 비하동,300,300,0,효성아파트,59.9,202110,14,"14,000",5,1995,2순환로1050번길 39,,-,-
충청북도 청주흥덕구 비하동,300,300,0,효성아파트,59.9,202110,15,"14,500",14,1995,2순환로1050번길 39,,-,-
충청북도 청주흥덕구 비하동,300,300,0,효성아파트,45.32,202110,16,"10,500",11,1995,2순환로1050번길 13-14,,-,-
충청북도 청주흥덕구 비하동,300,300,0,효성아파트,45.32,202110,16,"11,500",9,1995,2순환로1050번길 13-14,,-,-
충청북도 청주흥덕구 비하동,300,300,0,효성아파트,45.32,202110,20,"11,000",10,1995,2순환로1050번길 13-14,,-,-
충청북도 청주흥덕구 비하동,300,300,0,효성아파트,45.32,202110,28,"8,500",1,1995,2순환로1050번길 13-14,,-,-
충청북도 청주흥덕구 송절동,842,842,0,청주테크노폴리스우방아이유쉘1단지,84.9725,202110,2,"51,000",10,2018,송화로184번길 7,,-,-
충청북도 청주흥덕구 송절동,842,842,0,청주테크노폴리스우방아이유쉘1단지,84.9725,202110,23,"52,500",19,2018,송화로184번길 7,,-,-
충청북도 청주흥덕구 송절동,842,842,0,청주테크노폴리스우방아이유쉘1단지,84.3537,202110,24,"50,850",22,2018,송화로184번길 7,,-,-
충청북도 청주흥덕구 송절동,842,842,0,청주테크노폴리스우방아이유쉘1단지,84.3537,202110,25,"54,000",22,2018,송화로184번길 7,,-,-
충청북도 청주흥덕구 송절동,842,842,0,청주테크노폴리스우방아이유쉘1단지,84.9725,202110,30,"51,000",14,2018,송화로184번길 7,,-,-
충청북도 청주흥덕구 송절동,842,842,0,청주테크노폴리스우방아이유쉘1단지,84.9725,202110,30,"49,500",13,2018,송화로184번길 7,,-,-
충청북도 청주흥덕구 송절동,846,846,0,청주테크노폴리스우방아이유쉘2단지,84.9725,202110,2,"51,500",7,2018,송화로108번길 111,,-,-
충청북도 청주흥덕구 송절동,846,846,0,청주테크노폴리스우방아이유쉘2단지,84.9725,202110,19,"47,800",3,2018,송화로108번길 111,,-,-
충청북도 청주흥덕구 송절동,851,851,0,청주테크노폴리스푸르지오,84.995,202110,1,"58,000",11,2018,송화로214번길 7,,-,-
충청북도 청주흥덕구 송절동,850,850,0,테크노폴리스우미린,84.9365,202110,10,"57,700",25,2018,송화로214번길 29,,-,-
충청북도 청주흥덕구 신봉동,Jan-35,35,1,두진하트리움,84.89,202110,15,"14,000",1,1993,사운로324번길 14,,-,-
충청북도 청주흥덕구 신봉동,159,159,0,삼성레미안,84.87,202110,3,"16,500",8,1992,사운로 335,,-,-
충청북도 청주흥덕구 신봉동,159,159,0,삼성레미안,84.87,202110,7,"15,000",13,1992,사운로 335,20211031,-,-
충청북도 청주흥덕구 신봉동,310,310,0,삼정백조,84.81,202110,8,"20,100",7,1995,1순환로513번길 33,,-,-
충청북도 청주흥덕구 신봉동,310,310,0,삼정백조,59.94,202110,9,"13,800",3,1995,1순환로513번길 33,,-,-
충청북도 청주흥덕구 신봉동,177,177,0,우림필유,84.9081,202110,6,"26,000",13,2007,사운로359번길 13,,-,-
충청북도 청주흥덕구 신봉동,528,528,0,주공,39.72,202110,1,"13,900",1,1986,1순환로501번길 15,,-,-
충청북도 청주흥덕구 신봉동,528,528,0,주공,39.72,202110,1,"13,900",1,1986,1순환로501번길 15,20211029,-,-
충청북도 청주흥덕구 신봉동,528,528,0,주공,61.77,202110,2,"20,800",4,1986,1순환로501번길 15,,-,-
충청북도 청주흥덕구 신봉동,528,528,0,주공,53.85,202110,2,"18,200",2,1986,1순환로501번길 15,,-,-
충청북도 청주흥덕구 신봉동,528,528,0,주공,47.1,202110,3,"11,000",2,1986,1순환로501번길 15,,-,-
충청북도 청주흥덕구 신봉동,528,528,0,주공,47.1,202110,3,"11,000",2,1986,1순환로501번길 15,20211103,-,-
충청북도 청주흥덕구 신봉동,528,528,0,주공,39.72,202110,5,"15,000",1,1986,1순환로501번길 15,,-,-
충청북도 청주흥덕구 신봉동,528,528,0,주공,39.72,202110,5,"13,500",2,1986,1순환로501번길 15,,-,-
충청북도 청주흥덕구 신봉동,528,528,0,주공,39.72,202110,5,"13,000",5,1986,1순환로501번길 15,,-,-
충청북도 청주흥덕구 신봉동,528,528,0,주공,47.1,202110,16,"18,000",2,1986,1순환로501번길 15,,-,-
충청북도 청주흥덕구 신봉동,528,528,0,주공,39.72,202110,18,"7,700",4,1986,1순환로501번길 15,,-,-
충청북도 청주흥덕구 신봉동,528,528,0,주공,46.74,202110,20,"11,300",4,1986,1순환로501번길 15,,-,-
충청북도 청주흥덕구 신봉동,528,528,0,주공,53.85,202110,21,"18,500",2,1986,1순환로501번길 15,,-,-
충청북도 청주흥덕구 신봉동,528,528,0,주공,39.72,202110,25,"13,000",2,1986,1순환로501번길 15,,-,-
충청북도 청주흥덕구 신봉동,528,528,0,주공,61.77,202110,28,"21,500",2,1986,1순환로501번길 15,,-,-
충청북도 청주흥덕구 신봉동,528,528,0,주공,61.77,202110,29,"24,200",1,1986,1순환로501번길 15,,-,-
충청북도 청주흥덕구 신봉동,529,529,0,한성,54.63,202110,2,"7,400",1,1988,1순환로 451,,-,-
충청북도 청주흥덕구 신봉동,529,529,0,한성,54.63,202110,8,"6,400",5,1988,1순환로 451,,-,-
충청북도 청주흥덕구 신봉동,529,529,0,한성,54.63,202110,8,"6,700",4,1988,1순환로 451,,-,-
충청북도 청주흥덕구 오송읍 봉산리,612-6,612,6,삼부청솔,43.29,202110,2,"8,500",2,1996,가로수로 11-6,,-,-
충청북도 청주흥덕구 오송읍 봉산리,612-6,612,6,삼부청솔,28.65,202110,6,"5,500",11,1996,가로수로 11-6,,-,-
충청북도 청주흥덕구 오송읍 연제리,740,740,0,오송대원칸타빌,84.9922,202110,5,"46,500",7,2011,연제만수길 17,,-,-
충청북도 청주흥덕구 오송읍 연제리,740,740,0,오송대원칸타빌,84.9922,202110,11,"41,000",1,2011,연제만수길 17,,-,-
충청북도 청주흥덕구 오송읍 연제리,740,740,0,오송대원칸타빌,84.9922,202110,23,"46,900",5,2011,연제만수길 17,,-,-
충청북도 청주흥덕구 오송읍 연제리,731,731,0,오송상록롯데캐슬,84.949,202110,10,"47,900",5,2010,오송생명5로 202,,-,-
충청북도 청주흥덕구 오송읍 연제리,736,736,0,오송호반베르디움,84.9636,202110,4,"43,000",9,2010,오송생명3로 111,,-,-
충청북도 청주흥덕구 오송읍 연제리,700,700,0,오송힐데스하임,109.5318,202110,28,"59,000",1,2010,오송생명1로 152,,-,-
충청북도 청주흥덕구 오송읍 오송리,263-3,263,3,재원,59.62,202110,11,"15,300",1,1996,가로수로 162,,-,-
충청북도 청주흥덕구 옥산면 가락리,981,981,0,청주리버파크자이,84.988,202110,1,"46,400",26,2019,오송가락로 1056,,-,-
충청북도 청주흥덕구 옥산면 가락리,981,981,0,청주리버파크자이,77.271,202110,2,"42,000",5,2019,오송가락로 1056,,-,-
충청북도 청주흥덕구 옥산면 가락리,981,981,0,청주리버파크자이,84.963,202110,2,"44,500",8,2019,오송가락로 1056,,-,-
충청북도 청주흥덕구 옥산면 가락리,981,981,0,청주리버파크자이,66.952,202110,2,"37,500",8,2019,오송가락로 1056,,-,-
충청북도 청주흥덕구 옥산면 가락리,981,981,0,청주리버파크자이,77.271,202110,2,"44,000",17,2019,오송가락로 1056,,-,-
충청북도 청주흥덕구 옥산면 가락리,981,981,0,청주리버파크자이,66.952,202110,4,"38,000",20,2019,오송가락로 1056,,-,-
충청북도 청주흥덕구 옥산면 가락리,981,981,0,청주리버파크자이,84.933,202110,6,"48,000",13,2019,오송가락로 1056,,-,-
충청북도 청주흥덕구 옥산면 가락리,981,981,0,청주리버파크자이,77.271,202110,6,"43,000",20,2019,오송가락로 1056,,-,-
충청북도 청주흥덕구 옥산면 가락리,981,981,0,청주리버파크자이,77.271,202110,6,"42,700",23,2019,오송가락로 1056,,-,-
충청북도 청주흥덕구 옥산면 가락리,981,981,0,청주리버파크자이,66.952,202110,8,"36,800",3,2019,오송가락로 1056,,-,-
충청북도 청주흥덕구 옥산면 가락리,981,981,0,청주리버파크자이,77.271,202110,9,"43,000",15,2019,오송가락로 1056,,-,-
충청북도 청주흥덕구 옥산면 가락리,981,981,0,청주리버파크자이,77.271,202110,9,"43,500",28,2019,오송가락로 1056,,-,-
충청북도 청주흥덕구 옥산면 가락리,981,981,0,청주리버파크자이,77.271,202110,10,"42,500",15,2019,오송가락로 1056,,-,-
충청북도 청주흥덕구 옥산면 가락리,981,981,0,청주리버파크자이,84.933,202110,12,"46,000",28,2019,오송가락로 1056,,-,-
충청북도 청주흥덕구 옥산면 가락리,981,981,0,청주리버파크자이,84.963,202110,16,"42,500",2,2019,오송가락로 1056,,-,-
충청북도 청주흥덕구 옥산면 가락리,981,981,0,청주리버파크자이,84.933,202110,21,"48,500",16,2019,오송가락로 1056,,-,-
충청북도 청주흥덕구 옥산면 가락리,981,981,0,청주리버파크자이,84.963,202110,22,"46,800",9,2019,오송가락로 1056,,-,-
충청북도 청주흥덕구 옥산면 가락리,981,981,0,청주리버파크자이,84.963,202110,22,"48,000",11,2019,오송가락로 1056,,-,-
충청북도 청주흥덕구 옥산면 가락리,981,981,0,청주리버파크자이,84.933,202110,25,"45,500",10,2019,오송가락로 1056,,-,-
충청북도 청주흥덕구 옥산면 가락리,981,981,0,청주리버파크자이,84.933,202110,26,"47,600",13,2019,오송가락로 1056,,-,-
충청북도 청주흥덕구 옥산면 가락리,981,981,0,청주리버파크자이,84.963,202110,27,"48,000",13,2019,오송가락로 1056,,-,-
충청북도 청주흥덕구 옥산면 가락리,455-1,455,1,화인테크노빌,59.9335,202110,21,"11,900",10,2002,오송가락로 937,,-,-
충청북도 청주흥덕구 옥산면 가락리,953,953,0,흥덕코오롱하늘채아파트,84.9824,202110,2,"32,000",15,2016,가락길 60,,-,-
충청북도 청주흥덕구 옥산면 가락리,953,953,0,흥덕코오롱하늘채아파트,59.9318,202110,3,"23,500",7,2016,가락길 60,,-,-
충청북도 청주흥덕구 옥산면 가락리,953,953,0,흥덕코오롱하늘채아파트,84.9824,202110,4,"33,000",7,2016,가락길 60,,-,-
충청북도 청주흥덕구 옥산면 가락리,953,953,0,흥덕코오롱하늘채아파트,59.9318,202110,6,"27,000",13,2016,가락길 60,,-,-
충청북도 청주흥덕구 옥산면 가락리,953,953,0,흥덕코오롱하늘채아파트,84.9824,202110,9,"33,700",15,2016,가락길 60,,-,-
충청북도 청주흥덕구 옥산면 가락리,953,953,0,흥덕코오롱하늘채아파트,59.9318,202110,9,"24,800",7,2016,가락길 60,,-,-
충청북도 청주흥덕구 옥산면 가락리,953,953,0,흥덕코오롱하늘채아파트,84.9824,202110,9,"33,000",3,2016,가락길 60,,-,-
충청북도 청주흥덕구 옥산면 가락리,953,953,0,흥덕코오롱하늘채아파트,59.9318,202110,9,"26,400",7,2016,가락길 60,,-,-
충청북도 청주흥덕구 옥산면 가락리,953,953,0,흥덕코오롱하늘채아파트,59.9318,202110,9,"25,000",14,2016,가락길 60,,-,-
충청북도 청주흥덕구 옥산면 가락리,953,953,0,흥덕코오롱하늘채아파트,59.9318,202110,10,"25,000",13,2016,가락길 60,,-,-
충청북도 청주흥덕구 옥산면 가락리,953,953,0,흥덕코오롱하늘채아파트,59.9318,202110,11,"25,000",9,2016,가락길 60,,-,-
충청북도 청주흥덕구 옥산면 가락리,953,953,0,흥덕코오롱하늘채아파트,84.8642,202110,11,"29,500",6,2016,가락길 60,,-,-
충청북도 청주흥덕구 옥산면 가락리,953,953,0,흥덕코오롱하늘채아파트,84.8642,202110,13,"35,000",5,2016,가락길 60,,-,-
충청북도 청주흥덕구 옥산면 가락리,953,953,0,흥덕코오롱하늘채아파트,84.8642,202110,14,"32,500",10,2016,가락길 60,,-,-
충청북도 청주흥덕구 옥산면 가락리,953,953,0,흥덕코오롱하늘채아파트,59.9318,202110,16,"24,500",10,2016,가락길 60,,-,-
충청북도 청주흥덕구 옥산면 가락리,953,953,0,흥덕코오롱하늘채아파트,59.9318,202110,17,"25,000",12,2016,가락길 60,,-,-
충청북도 청주흥덕구 옥산면 가락리,953,953,0,흥덕코오롱하늘채아파트,84.9824,202110,18,"30,000",14,2016,가락길 60,,-,-
충청북도 청주흥덕구 옥산면 가락리,953,953,0,흥덕코오롱하늘채아파트,84.8642,202110,18,"35,000",2,2016,가락길 60,,-,-
충청북도 청주흥덕구 옥산면 가락리,953,953,0,흥덕코오롱하늘채아파트,84.8642,202110,23,"36,000",6,2016,가락길 60,,-,-
충청북도 청주흥덕구 옥산면 가락리,953,953,0,흥덕코오롱하늘채아파트,59.9318,202110,23,"23,500",9,2016,가락길 60,,-,-
충청북도 청주흥덕구 옥산면 가락리,953,953,0,흥덕코오롱하늘채아파트,84.8642,202110,24,"36,000",10,2016,가락길 60,,-,-
충청북도 청주흥덕구 옥산면 가락리,953,953,0,흥덕코오롱하늘채아파트,84.9824,202110,25,"32,000",6,2016,가락길 60,,-,-
충청북도 청주흥덕구 옥산면 가락리,953,953,0,흥덕코오롱하늘채아파트,59.9318,202110,30,"24,000",13,2016,가락길 60,,-,-
충청북도 청주흥덕구 옥산면 오산리,589-5,589,5,금정2,59.94,202110,8,"9,800",5,1997,오송가락로 752,,-,-
충청북도 청주흥덕구 옥산면 오산리,589-5,589,5,금정2,59.94,202110,23,"8,900",6,1997,오송가락로 752,,-,-
충청북도 청주흥덕구 옥산면 오산리,384-2,384,2,대창,59.85,202110,6,"5,000",5,1992,옥산시내1길 3-3,,-,-
충청북도 청주흥덕구 옥산면 오산리,384-2,384,2,대창,59.85,202110,30,"4,200",6,1992,옥산시내1길 3-3,,-,-
충청북도 청주흥덕구 옥산면 오산리,159-4,159,4,삼덕,59.85,202110,18,"6,500",1,1992,청주역로 697,,-,-
충청북도 청주흥덕구 옥산면 오산리,590-1,590,1,아트빌,59.94,202110,1,"8,450",2,1998,오송가락로 718,,-,-
충청북도 청주흥덕구 옥산면 오산리,590-1,590,1,아트빌,59.94,202110,10,"7,900",15,1998,오송가락로 718,,-,-
충청북도 청주흥덕구 옥산면 오산리,590-1,590,1,아트빌,59.94,202110,13,"7,200",6,1998,오송가락로 718,,-,-
충청북도 청주흥덕구 옥산면 오산리,590-1,590,1,아트빌,59.94,202110,15,"8,100",8,1998,오송가락로 718,,-,-
충청북도 청주흥덕구 옥산면 오산리,590-1,590,1,아트빌,59.94,202110,28,"8,200",13,1998,오송가락로 718,,-,-
충청북도 청주흥덕구 옥산면 오산리,589-1,589,1,옥산금정,31.05,202110,13,"3,800",6,1997,오송가락로 760,,-,-
충청북도 청주흥덕구 옥산면 오산리,589-1,589,1,옥산금정,31.05,202110,19,"3,200",7,1997,오송가락로 760,,-,-
충청북도 청주흥덕구 옥산면 오산리,247-1,247,1,한울2,59.82,202110,11,"5,000",4,1994,오산5길 13,,-,-
충청북도 청주흥덕구 옥산면 오산리,247-1,247,1,한울2,59.82,202110,16,"8,600",6,1994,오산5길 13,,-,-
충청북도 청주흥덕구 옥산면 오산리,247-1,247,1,한울2,59.82,202110,20,"4,000",7,1994,오산5길 13,,-,-
충청북도 청주흥덕구 운천동,577,577,0,삼일무지개,84.89,202110,3,"18,650",15,1994,사운로 278,,-,-
충청북도 청주흥덕구 운천동,577,577,0,삼일무지개,84.89,202110,6,"16,500",10,1994,사운로 278,,-,-
충청북도 청주흥덕구 운천동,677,677,0,세원,59.76,202110,2,"10,500",2,1986,사운로 267,,-,-
충청북도 청주흥덕구 운천동,677,677,0,세원,59.76,202110,8,"7,200",5,1986,사운로 267,,-,-
충청북도 청주흥덕구 운천동,677,677,0,세원,59.76,202110,19,"10,200",1,1986,사운로 267,,-,-
충청북도 청주흥덕구 운천동,556-3,556,3,운천동거성하모니,27.238,202110,1,"8,100",2,2016,사운로 294-2,,-,-
충청북도 청주흥덕구 운천동,676,676,0,형석,39.69,202110,27,"6,900",3,1987,사운로 283,,-,-
충청북도 충주시 교현동,518,518,0,교현,35.22,202110,14,"15,300",1,1979,예성로 273,,-,-
충청북도 충주시 교현동,518,518,0,교현,35.22,202110,14,"15,300",1,1979,예성로 273,,-,-
충청북도 충주시 교현동,518,518,0,교현,34.97,202110,18,"15,000",4,1979,예성로 273,,-,-
충청북도 충주시 교현동,518,518,0,교현,35.22,202110,29,"14,300",5,1979,예성로 273,,-,-
충청북도 충주시 교현동,132,132,0,금산,64.305,202110,8,"7,100",2,1990,만리산13길 20,,-,-
충청북도 충주시 교현동,132,132,0,금산,64.305,202110,11,"7,500",3,1990,만리산13길 20,,-,-
충청북도 충주시 교현동,132,132,0,금산,83.88,202110,11,"10,500",1,1990,만리산13길 20,,-,-
충청북도 충주시 교현동,132,132,0,금산,64.305,202110,11,"6,700",5,1990,만리산13길 20,,-,-
충청북도 충주시 교현동,132,132,0,금산,64.305,202110,13,"6,000",5,1990,만리산13길 20,,-,-
충청북도 충주시 교현동,132,132,0,금산,64.305,202110,15,"7,600",4,1990,만리산13길 20,,-,-
충청북도 충주시 교현동,132,132,0,금산,83.88,202110,16,"10,800",2,1990,만리산13길 20,,-,-
충청북도 충주시 교현동,132,132,0,금산,64.305,202110,16,"6,000",5,1990,만리산13길 20,,-,-
충청북도 충주시 교현동,1061,1061,0,남산주공2,47.33,202110,2,"18,000",1,1984,남산4길 35,,-,-
충청북도 충주시 교현동,1060,1060,0,남산주공3,32.43,202110,1,"9,500",5,1987,남산4길 42,,-,-
충청북도 충주시 교현동,1060,1060,0,남산주공3,32.43,202110,2,"10,000",4,1987,남산4길 42,,-,-
충청북도 충주시 교현동,397,397,0,동아,84.35,202110,8,"12,500",7,1990,봉현로 314,,-,-
충청북도 충주시 교현동,397,397,0,동아,84.35,202110,18,"12,800",10,1990,봉현로 314,,-,-
충청북도 충주시 교현동,397,397,0,동아,84.35,202110,20,"12,900",5,1990,봉현로 313,,-,-
충청북도 충주시 교현동,1087,1087,0,부강맨션,83.7,202110,5,"11,500",4,1990,예성로 279,,-,-
충청북도 충주시 교현동,1087,1087,0,부강맨션,83.7,202110,15,"11,200",1,1990,예성로 279,,-,-
충청북도 충주시 교현동,1087,1087,0,부강맨션,62.55,202110,22,"9,000",10,1990,예성로 279,,-,-
충청북도 충주시 교현동,1309,1309,0,성원,53.19,202110,1,"7,000",1,1995,삼원로 163,,-,-
충청북도 충주시 교현동,1309,1309,0,성원,53.19,202110,8,"6,700",11,1995,삼원로 163,20211015,-,-
충청북도 충주시 교현동,1309,1309,0,성원,53.19,202110,11,"6,800",4,1995,삼원로 163,,-,-
충청북도 충주시 교현동,1309,1309,0,성원,53.19,202110,21,"7,300",2,1995,삼원로 163,,-,-
충청북도 충주시 교현동,1309,1309,0,성원,53.19,202110,26,"7,650",11,1995,삼원로 163,,-,-
충청북도 충주시 교현동,1309,1309,0,성원,53.19,202110,26,"7,400",1,1995,삼원로 163,,-,-
충청북도 충주시 교현동,130-1,130,1,신원11,59.97,202110,8,"7,500",2,1992,만리산14길 3,20211101,-,-
충청북도 충주시 교현동,130-1,130,1,신원11,59.97,202110,8,"7,500",2,1992,만리산14길 3,,-,-
충청북도 충주시 교현동,130-1,130,1,신원11,39.3,202110,9,"3,400",4,1992,만리산14길 3,,-,-
충청북도 충주시 교현동,130-1,130,1,신원11,39.3,202110,15,"3,700",5,1992,만리산14길 3,,-,-
충청북도 충주시 교현동,130-1,130,1,신원11,59.39,202110,25,"7,500",5,1992,만리산14길 3,,-,-
충청북도 충주시 교현동,130-1,130,1,신원11,59.39,202110,29,"7,600",3,1992,만리산14길 3,,-,-
충청북도 충주시 교현동,144-28,144,28,신원7,36.9,202110,6,"3,700",1,1990,만리산로 27,,-,-
충청북도 충주시 교현동,144-28,144,28,신원7,34.83,202110,11,"3,400",3,1990,만리산로 33,,-,-
충청북도 충주시 교현동,144-28,144,28,신원7,34.83,202110,11,"3,500",3,1990,만리산로 33,20211012,-,-
충청북도 충주시 교현동,144-28,144,28,신원7,34.83,202110,11,"3,500",3,1990,만리산로 33,,-,-
충청북도 충주시 교현동,144-28,144,28,신원7,34.83,202110,14,"2,500",4,1990,만리산로 33,,-,-
충청북도 충주시 교현동,144-28,144,28,신원7,34.83,202110,14,"2,500",4,1990,만리산로 33,20211019,-,-
충청북도 충주시 교현동,144-28,144,28,신원7,27.63,202110,21,"1,800",2,1990,신호1길 29,,-,-
충청북도 충주시 교현동,465-16,465,16,신원9,54.56,202110,2,"4,700",4,1991,신호4길 35-1,,-,-
충청북도 충주시 교현동,1358,1358,0,중흥S-클래스,84.805,202110,4,"34,000",10,2008,금봉8길 23,,-,-
충청북도 충주시 교현동,155,155,0,충일,44.82,202110,2,"4,800",4,1986,만리산9길 54,,-,-
충청북도 충주시 교현동,155,155,0,충일,44.82,202110,5,"4,800",4,1986,만리산9길 54,,-,-
충청북도 충주시 교현동,155,155,0,충일,44.82,202110,7,"5,500",4,1986,만리산9길 54,,-,-
충청북도 충주시 교현동,155,155,0,충일,44.82,202110,23,"4,800",4,1986,만리산9길 54,,-,-
충청북도 충주시 교현동,130,130,0,한이,67.2,202110,10,"5,300",5,1985,만리산14길 7,,-,-
충청북도 충주시 금릉동,771,771,0,삼성푸른,49.14,202110,6,"8,000",7,1993,금제1길 5,,-,-
충청북도 충주시 금릉동,771,771,0,삼성푸른,84.96,202110,13,"17,200",1,1993,금제1길 5,,-,-
충청북도 충주시 금릉동,771,771,0,삼성푸른,84.96,202110,18,"13,000",2,1993,금제1길 5,,-,-
충청북도 충주시 대소원면 대소리,132-2,132,2,한영2동3동,59.29,202110,21,"6,000",3,1993,대소원로 108,,-,-
충청북도 충주시 대소원면 대소리,132-8,132,8,한영7동8동,28.89,202110,7,"2,750",5,1997,대소원로 108,,-,-
충청북도 충주시 대소원면 대소리,132-8,132,8,한영7동8동,28.89,202110,7,"2,200",2,1997,대소원로 108,,-,-
충청북도 충주시 대소원면 대소리,132-8,132,8,한영7동8동,28.89,202110,9,"3,300",5,1997,대소원로 108,,-,-
충청북도 충주시 대소원면 대소리,132-8,132,8,한영7동8동,28.89,202110,11,"2,000",5,1997,대소원로 108,,-,-
충청북도 충주시 대소원면 본리,642,642,0,충주지웰,59.2483,202110,1,"14,500",2,2016,첨단산업2로 42,,-,-
충청북도 충주시 대소원면 본리,642,642,0,충주지웰,59.0907,202110,2,"16,550",12,2016,첨단산업2로 42,,-,-
충청북도 충주시 대소원면 본리,642,642,0,충주지웰,59.0907,202110,6,"17,000",8,2016,첨단산업2로 42,,-,-
충청북도 충주시 대소원면 본리,642,642,0,충주지웰,59.0907,202110,8,"18,000",7,2016,첨단산업2로 42,,-,-
충청북도 충주시 대소원면 본리,642,642,0,충주지웰,59.0907,202110,9,"18,000",15,2016,첨단산업2로 42,,-,-
충청북도 충주시 대소원면 본리,642,642,0,충주지웰,59.0907,202110,19,"17,500",15,2016,첨단산업2로 42,,-,-
충청북도 충주시 대소원면 본리,642,642,0,충주지웰,59.0907,202110,19,"15,500",3,2016,첨단산업2로 42,,-,-
충청북도 충주시 대소원면 본리,642,642,0,충주지웰,59.2483,202110,21,"17,770",10,2016,첨단산업2로 42,,-,-
충청북도 충주시 대소원면 본리,642,642,0,충주지웰,59.0401,202110,26,"17,000",12,2016,첨단산업2로 42,,-,-
충청북도 충주시 대소원면 본리,645,645,0,충주코아루퍼스트아파트,59.3554,202110,1,"17,500",15,2016,첨단산업4로 24,,-,-
충청북도 충주시 대소원면 본리,645,645,0,충주코아루퍼스트아파트,59.3554,202110,4,"17,000",12,2016,첨단산업4로 24,,-,-
충청북도 충주시 대소원면 본리,645,645,0,충주코아루퍼스트아파트,59.3554,202110,8,"16,000",3,2016,첨단산업4로 24,,-,-
충청북도 충주시 대소원면 본리,645,645,0,충주코아루퍼스트아파트,59.3554,202110,9,"17,700",10,2016,첨단산업4로 24,,-,-
충청북도 충주시 대소원면 본리,645,645,0,충주코아루퍼스트아파트,59.3554,202110,16,"17,000",13,2016,첨단산업4로 24,,-,-
충청북도 충주시 대소원면 본리,645,645,0,충주코아루퍼스트아파트,59.3554,202110,18,"17,500",8,2016,첨단산업4로 24,,-,-
충청북도 충주시 대소원면 본리,645,645,0,충주코아루퍼스트아파트,59.3554,202110,21,"17,400",13,2016,첨단산업4로 24,,-,-
충청북도 충주시 대소원면 본리,645,645,0,충주코아루퍼스트아파트,59.3554,202110,22,"16,500",12,2016,첨단산업4로 24,,-,-
충청북도 충주시 대소원면 본리,645,645,0,충주코아루퍼스트아파트,59.3554,202110,26,"15,900",1,2016,첨단산업4로 24,,-,-
충청북도 충주시 대소원면 본리,645,645,0,충주코아루퍼스트아파트,59.6525,202110,27,"17,600",14,2016,첨단산업4로 24,,-,-
충청북도 충주시 대소원면 본리,645,645,0,충주코아루퍼스트아파트,59.3554,202110,31,"17,500",8,2016,첨단산업4로 24,,-,-
충청북도 충주시 목행동,610-5,610,5,더휴인Ⅴ,59.833,202110,5,"16,200",8,2018,행정9길 20-8,,-,-
충청북도 충주시 목행동,610-5,610,5,더휴인Ⅴ,59.681,202110,6,"15,200",9,2018,행정9길 20-8,,-,-
충청북도 충주시 목행동,610-5,610,5,더휴인Ⅴ,59.969,202110,27,"15,600",9,2018,행정9길 20-8,,-,-
충청북도 충주시 목행동,593-8,593,8,삼진동산,59.94,202110,16,"8,100",10,1995,행정10길 36,,-,-
충청북도 충주시 목행동,593-8,593,8,삼진동산,59.94,202110,17,"7,900",5,1995,행정10길 36,,-,-
충청북도 충주시 목행동,508-35,508,35,새한,59.94,202110,6,"9,000",6,1995,목행산단3로 13-9,,-,-
충청북도 충주시 목행동,508-35,508,35,새한,59.94,202110,9,"8,800",12,1995,목행산단3로 13-9,,-,-
충청북도 충주시 목행동,508-35,508,35,새한,59.94,202110,12,"8,500",3,1995,목행산단3로 13-9,,-,-
충청북도 충주시 목행동,508-35,508,35,새한,59.94,202110,13,"8,500",5,1995,목행산단3로 13-9,,-,-
충청북도 충주시 목행동,508-39,508,39,세중참사랑,84.99,202110,7,"14,700",7,2003,목행산단6로 71,,-,-
충청북도 충주시 목행동,508-39,508,39,세중참사랑,84.99,202110,13,"13,900",3,2003,목행산단6로 71,,-,-
충청북도 충주시 목행동,886,886,0,한라비발디,84.994,202110,22,"26,000",10,2007,목행산단4로 13,,-,-
충청북도 충주시 문화동,2260,2260,0,럭키,74.03,202110,2,"16,500",6,1993,중원대로 3379,,-,-
충청북도 충주시 문화동,2260,2260,0,럭키,84.93,202110,26,"16,300",2,1993,중원대로 3379,,-,-
충청북도 충주시 문화동,2260,2260,0,럭키,84.93,202110,26,"16,300",2,1993,중원대로 3379,20211103,-,-
충청북도 충주시 문화동,2260,2260,0,럭키,84.93,202110,28,"16,300",2,1993,중원대로 3379,20211104,-,-
충청북도 충주시 문화동,2305,2305,0,호수마을,84.98,202110,6,"25,500",12,2003,사직로 114,,-,-
충청북도 충주시 봉방동,156-3,156,3,동서,59.82,202110,25,"5,800",4,1995,삼원로 70,,-,-
충청북도 충주시 봉방동,07월 01일,7,1,봉방동더휴인3차,81.91,202110,19,"17,500",6,2014,무학3길 5,,-,-
충청북도 충주시 봉방동,143-3,143,3,씨티빌상지,25.19,202110,13,"3,800",11,2002,봉방4길 38,,-,-
충청북도 충주시 봉방동,143-3,143,3,씨티빌상지,25.19,202110,15,"3,500",2,2002,봉방4길 38,,-,-
충청북도 충주시 봉방동,143-3,143,3,씨티빌상지,25.19,202110,25,"3,500",3,2002,봉방4길 38,,-,-
충청북도 충주시 봉방동,143-3,143,3,씨티빌상지,25.19,202110,26,"3,500",8,2002,봉방4길 38,,-,-
충청북도 충주시 봉방동,149-3,149,3,좋은세상,84.995,202110,12,"16,700",1,2004,봉방4길 32,,-,-
충청북도 충주시 봉방동,1046,1046,0,충주푸르지오,84.937,202110,13,"42,700",7,2014,봉계1길 7,,-,-
충청북도 충주시 안림동,1051,1051,0,보성꿈에본,56.015,202110,1,"8,500",2,2011,금봉대로 425,,-,-
충청북도 충주시 안림동,1051,1051,0,보성꿈에본,57.8579,202110,20,"10,000",6,2011,금봉대로 425,,-,-
충청북도 충주시 안림동,1081,1081,0,안림한영,29.4,202110,6,"2,900",1,1997,만리산10길 25,,-,-
충청북도 충주시 안림동,1166,1166,0,엘리시아,84.9813,202110,9,"26,000",4,2007,국원초1길 48,,-,-
충청북도 충주시 안림동,1119,1119,0,엘지,84.978,202110,7,"16,300",10,1996,금봉대로 397,,-,-
충청북도 충주시 안림동,1119,1119,0,엘지,84.978,202110,20,"16,800",2,1996,금봉대로 397,,-,-
충청북도 충주시 안림동,1119,1119,0,엘지,59.8872,202110,23,"14,400",11,1996,금봉대로 397,,-,-
충청북도 충주시 안림동,1119,1119,0,엘지,84.978,202110,26,"16,800",11,1996,금봉대로 397,,-,-
충청북도 충주시 안림동,1171,1171,0,충주2차푸르지오,84.9489,202110,1,"42,500",20,2016,봉현로 366,,-,-
충청북도 충주시 안림동,1171,1171,0,충주2차푸르지오,59.9622,202110,2,"32,000",16,2016,봉현로 366,,-,-
충청북도 충주시 안림동,1171,1171,0,충주2차푸르지오,59.9869,202110,9,"28,700",1,2016,봉현로 366,,-,-
충청북도 충주시 안림동,1171,1171,0,충주2차푸르지오,84.9936,202110,11,"36,500",12,2016,봉현로 366,,-,-
충청북도 충주시 안림동,1167,1167,0,충주안림엘에이치천년나무1단지,59.91,202110,15,"14,095",4,2015,봉현로 365,,-,-
충청북도 충주시 앙성면 용대리,668,668,0,대림퍼스트앤빌,69.9828,202110,14,"18,500",13,2021,내용2길 16,,-,-
충청북도 충주시 연수동,464-3,464,3,낙원,44.13,202110,1,"6,800",6,1993,동수5길 34,,-,-
충청북도 충주시 연수동,464-3,464,3,낙원,44.13,202110,1,"6,200",7,1993,동수11길 24,,-,-
충청북도 충주시 연수동,464-3,464,3,낙원,44.13,202110,8,"7,300",6,1993,동수11길 24,,-,-
충청북도 충주시 연수동,464-3,464,3,낙원,44.13,202110,16,"6,000",13,1993,동수5길 34,,-,-
충청북도 충주시 연수동,464-3,464,3,낙원,44.13,202110,19,"7,300",4,1993,동수11길 24,,-,-
충청북도 충주시 연수동,700,700,0,두진1차,47.37,202110,7,"5,000",2,1991,연수로 7,,-,-
충청북도 충주시 연수동,700,700,0,두진1차,39.81,202110,12,"5,500",11,1991,연수로 7,,-,-
충청북도 충주시 연수동,700,700,0,두진1차,39.81,202110,13,"5,800",12,1991,연수로 7,,-,-
충청북도 충주시 연수동,700,700,0,두진1차,39.81,202110,15,"4,300",1,1991,연수로 7,,-,-
충청북도 충주시 연수동,700,700,0,두진2차,84.95,202110,20,"14,900",5,1992,연수로 7,,-,-
충청북도 충주시 연수동,700-4,700,4,두진3차아파트,49.88,202110,2,"8,300",11,1996,연수로 20,,-,-
충청북도 충주시 연수동,700-4,700,4,두진3차아파트,49.88,202110,4,"7,200",4,1996,연수로 20,,-,-
충청북도 충주시 연수동,700-4,700,4,두진3차아파트,49.88,202110,8,"7,900",4,1996,연수로 20,,-,-
충청북도 충주시 연수동,700-4,700,4,두진3차아파트,49.88,202110,10,"7,100",5,1996,연수로 20,,-,-
충청북도 충주시 연수동,700-4,700,4,두진3차아파트,49.88,202110,23,"8,350",14,1996,연수로 20,,-,-
충청북도 충주시 연수동,1219,1219,0,삼성푸른2차,84.99,202110,9,"17,800",10,1994,연수서1길 20,,-,-
충청북도 충주시 연수동,1219,1219,0,삼성푸른2차,59.82,202110,26,"13,000",11,1994,연수서1길 20,,-,-
충청북도 충주시 연수동,1219,1219,0,삼성푸른2차,84.99,202110,28,"16,000",7,1994,연수서1길 20,20211028,-,-
충청북도 충주시 연수동,930,930,0,세원,53.58,202110,1,"7,000",9,1991,번영대로 120,,-,-
충청북도 충주시 연수동,930,930,0,세원,59.52,202110,1,"7,500",12,1991,번영대로 120,,-,-
충청북도 충주시 연수동,930,930,0,세원,53.58,202110,4,"6,500",8,1991,번영대로 120,,-,-
충청북도 충주시 연수동,930,930,0,세원,59.52,202110,5,"7,500",12,1991,번영대로 120,,-,-
충청북도 충주시 연수동,930,930,0,세원,59.52,202110,6,"8,000",14,1991,번영대로 120,,-,-
충청북도 충주시 연수동,930,930,0,세원,53.58,202110,11,"7,000",11,1991,번영대로 120,,-,-
충청북도 충주시 연수동,930,930,0,세원,59.52,202110,19,"7,500",15,1991,번영대로 120,,-,-
충청북도 충주시 연수동,930,930,0,세원,59.52,202110,22,"8,200",8,1991,번영대로 120,,-,-
충청북도 충주시 연수동,930,930,0,세원,59.52,202110,29,"8,400",8,1991,번영대로 120,,-,-
충청북도 충주시 연수동,1220,1220,0,세원한아름,59.76,202110,4,"12,500",3,1996,금릉로 101,,-,-
충청북도 충주시 연수동,1220,1220,0,세원한아름,59.76,202110,7,"14,000",5,1996,금릉로 101,,-,-
충청북도 충주시 연수동,1220,1220,0,세원한아름,41.85,202110,19,"7,500",12,1996,금릉로 101,,-,-
충청북도 충주시 연수동,1763,1763,0,연수계룡리슈빌2,84.9704,202110,4,"37,000",13,2016,연수서편2길 32,,-,-
충청북도 충주시 연수동,1763,1763,0,연수계룡리슈빌2,74.0262,202110,7,"32,800",8,2016,연수서편2길 32,,-,-
충청북도 충주시 연수동,1629,1629,0,연수리슈빌,133.7538,202110,25,"50,000",14,2007,연수동산로 12,,-,-
충청북도 충주시 연수동,701-9,701,9,연수부강,59.49,202110,1,"9,000",6,1995,후곡길 19,,-,-
충청북도 충주시 연수동,701-9,701,9,연수부강,45.89,202110,2,"6,400",10,1995,후곡길 19,,-,-
충청북도 충주시 연수동,701-9,701,9,연수부강,42.11,202110,12,"5,800",10,1995,후곡길 19,,-,-
충청북도 충주시 연수동,701-9,701,9,연수부강,42.11,202110,21,"5,770",13,1995,후곡길 19,,-,-
충청북도 충주시 연수동,701-9,701,9,연수부강,42.11,202110,27,"6,200",6,1995,후곡길 19,,-,-
충청북도 충주시 연수동,1625,1625,0,연수세영리첼1단지,84.9875,202110,4,"33,700",7,2014,연수동산로 37,,-,-
충청북도 충주시 연수동,1625,1625,0,연수세영리첼1단지,84.9875,202110,6,"29,900",5,2014,연수동산로 37,,-,-
충청북도 충주시 연수동,1625,1625,0,연수세영리첼1단지,84.9878,202110,10,"29,000",8,2014,연수동산로 37,,-,-
충청북도 충주시 연수동,1625,1625,0,연수세영리첼1단지,84.9878,202110,13,"30,500",3,2014,연수동산로 37,,-,-
충청북도 충주시 연수동,1625,1625,0,연수세영리첼1단지,84.9875,202110,25,"30,000",14,2014,연수동산로 37,,-,-
충청북도 충주시 연수동,1625,1625,0,연수세영리첼1단지,84.9878,202110,29,"30,000",1,2014,연수동산로 37,,-,-
충청북도 충주시 연수동,1626,1626,0,연수세영리첼2단지,84.9875,202110,6,"30,700",3,2014,연수동산로 38,,-,-
충청북도 충주시 연수동,1626,1626,0,연수세영리첼2단지,84.9878,202110,9,"34,500",14,2014,연수동산로 38,,-,-
충청북도 충주시 연수동,1626,1626,0,연수세영리첼2단지,84.9875,202110,13,"34,500",13,2014,연수동산로 38,,-,-
충청북도 충주시 연수동,1626,1626,0,연수세영리첼2단지,84.9878,202110,31,"30,700",1,2014,연수동산로 38,,-,-
충청북도 충주시 연수동,605,605,0,연수아이파크,84.99,202110,13,"30,000",12,2006,연수로1길 12,,-,-
충청북도 충주시 연수동,1227,1227,0,연수주공1차,39.61,202110,1,"10,000",4,1990,예성로 360,,-,-
충청북도 충주시 연수동,1227,1227,0,연수주공1차,39.61,202110,4,"9,800",3,1990,예성로 360,,-,-
충청북도 충주시 연수동,1227,1227,0,연수주공1차,39.69,202110,5,"9,200",5,1990,예성로 353,,-,-
충청북도 충주시 연수동,1227,1227,0,연수주공1차,46.68,202110,11,"11,000",4,1990,예성로 360,,-,-
충청북도 충주시 연수동,1227,1227,0,연수주공1차,39.61,202110,18,"9,000",5,1990,예성로 360,,-,-
충청북도 충주시 연수동,1227,1227,0,연수주공1차,47.32,202110,29,"11,400",4,1990,예성로 360,,-,-
충청북도 충주시 연수동,1231,1231,0,연수주공3차,38.64,202110,2,"5,300",12,1994,주공길 24,20211008,-,-
충청북도 충주시 연수동,1231,1231,0,연수주공3차,44.94,202110,2,"5,300",12,1994,주공길 24,,-,-
충청북도 충주시 연수동,1231,1231,0,연수주공3차,44.52,202110,2,"6,900",7,1994,주공길 24,,-,-
충청북도 충주시 연수동,1231,1231,0,연수주공3차,44.94,202110,5,"5,200",1,1994,주공길 24,,-,-
충청북도 충주시 연수동,1231,1231,0,연수주공3차,38.64,202110,10,"6,250",11,1994,주공길 24,,-,-
충청북도 충주시 연수동,1231,1231,0,연수주공3차,44.94,202110,11,"6,500",9,1994,주공길 24,,-,-
충청북도 충주시 연수동,1231,1231,0,연수주공3차,44.94,202110,13,"6,400",7,1994,주공길 24,,-,-
충청북도 충주시 연수동,1231,1231,0,연수주공3차,38.64,202110,17,"5,100",9,1994,주공길 24,,-,-
충청북도 충주시 연수동,1231,1231,0,연수주공3차,44.52,202110,21,"6,600",12,1994,주공길 24,,-,-
충청북도 충주시 연수동,1231,1231,0,연수주공3차,44.52,202110,21,"6,600",12,1994,주공길 24,20211026,-,-
충청북도 충주시 연수동,686,686,0,연수주공4차,59.71,202110,5,"11,700",12,1997,예성로 401,,-,-
충청북도 충주시 연수동,686,686,0,연수주공4차,59.71,202110,7,"14,400",12,1997,예성로 401,,-,-
충청북도 충주시 연수동,686,686,0,연수주공4차,59.71,202110,11,"13,800",7,1997,예성로 401,,-,-
충청북도 충주시 연수동,686,686,0,연수주공4차,59.71,202110,13,"12,200",13,1997,예성로 401,,-,-
충청북도 충주시 연수동,686,686,0,연수주공4차,59.71,202110,13,"11,000",11,1997,예성로 401,,-,-
충청북도 충주시 연수동,686,686,0,연수주공4차,59.71,202110,15,"13,000",14,1997,예성로 401,,-,-
충청북도 충주시 연수동,686,686,0,연수주공4차,59.71,202110,21,"13,700",9,1997,예성로 401,,-,-
충청북도 충주시 연수동,686,686,0,연수주공4차,59.71,202110,25,"12,500",6,1997,예성로 401,,-,-
충청북도 충주시 연수동,686,686,0,연수주공4차,59.71,202110,25,"13,500",6,1997,예성로 401,,-,-
충청북도 충주시 연수동,686,686,0,연수주공5차,39.69,202110,3,"6,800",15,1997,예성로 401,,-,-
충청북도 충주시 연수동,686,686,0,연수주공5차,49.77,202110,6,"8,700",2,1997,예성로 401,,-,-
충청북도 충주시 연수동,686,686,0,연수주공5차,49.77,202110,7,"8,400",11,1997,예성로 401,,-,-
충청북도 충주시 연수동,686,686,0,연수주공5차,49.77,202110,7,"9,300",6,1997,예성로 401,,-,-
충청북도 충주시 연수동,686,686,0,연수주공5차,49.77,202110,9,"8,500",14,1997,예성로 401,,-,-
충청북도 충주시 연수동,686,686,0,연수주공5차,49.77,202110,12,"9,200",11,1997,예성로 401,,-,-
충청북도 충주시 연수동,686,686,0,연수주공5차,49.77,202110,16,"8,750",3,1997,예성로 401,,-,-
충청북도 충주시 연수동,686,686,0,연수주공5차,49.77,202110,28,"8,900",7,1997,예성로 401,,-,-
충청북도 충주시 연수동,1627,1627,0,연수힐스테이트,84.708,202110,4,"32,000",1,2007,연수동산로 26,,-,-
충청북도 충주시 연수동,418,418,0,유원하나1차,130.905,202110,2,"18,000",4,1993,갱고개로 116,,-,-
충청북도 충주시 연수동,418,418,0,유원하나1차,84.98,202110,3,"13,500",1,1993,갱고개로 116,,-,-
충청북도 충주시 연수동,418,418,0,유원하나1차,84.98,202110,11,"13,800",7,1993,갱고개로 116,,-,-
충청북도 충주시 연수동,418,418,0,유원하나1차,84.98,202110,15,"12,900",2,1993,갱고개로 116,,-,-
충청북도 충주시 연수동,421-7,421,7,유원하나2차,84.99,202110,6,"15,500",11,1995,국원초2길 20,,-,-
충청북도 충주시 연수동,421-7,421,7,유원하나2차,59.925,202110,8,"13,400",5,1995,국원초2길 20,,-,-
충청북도 충주시 연수동,421-7,421,7,유원하나2차,84.99,202110,20,"18,300",4,1995,국원초2길 20,,-,-
충청북도 충주시 연수동,931,931,0,임광,84.28,202110,5,"12,300",6,1991,국원대로 166,,-,-
충청북도 충주시 연수동,931,931,0,임광,84.28,202110,12,"13,400",11,1991,국원대로 166,,-,-
충청북도 충주시 연수동,931,931,0,임광,84.28,202110,25,"15,300",3,1991,국원대로 166,,-,-
충청북도 충주시 연수동,1767,1767,0,충주센트럴푸르지오,84.9589,202110,21,"46,700",28,2018,연수서편2길 11,,-,-
충청북도 충주시 연수동,697-7,697,7,충주연수L팰리스주상복합,84.9505,202110,18,"23,500",15,2017,연수서편3길 27,,-,-
충청북도 충주시 용관동,172-5,172,5,더푸른리버뷰아파트,38.65,202110,5,"3,500",2,1999,창현로 1336,,-,-
충청북도 충주시 용관동,172-5,172,5,더푸른리버뷰아파트,28.56,202110,8,"1,950",10,1999,창현로 1336,,-,-
충청북도 충주시 용관동,172-5,172,5,더푸른리버뷰아파트,28.56,202110,8,"1,950",7,1999,창현로 1336,,-,-
충청북도 충주시 용관동,172-5,172,5,더푸른리버뷰아파트,28.56,202110,17,"2,300",8,1999,창현로 1336,,-,-
충청북도 충주시 용관동,172-5,172,5,더푸른리버뷰아파트,28.56,202110,20,"2,300",9,1999,창현로 1336,,-,-
충청북도 충주시 용산동,455-4,455,4,대림,52.72,202110,7,"6,000",4,1995,염밭로 91,,-,-
충청북도 충주시 용산동,2627,2627,0,동일하이빌,122.823,202110,1,"33,900",5,2008,염밭로 22,,-,-
충청북도 충주시 용산동,2627,2627,0,동일하이빌,122.823,202110,5,"35,500",14,2008,염밭로 22,,-,-
충청북도 충주시 용산동,2627,2627,0,동일하이빌,83.058,202110,12,"25,000",6,2008,염밭로 22,,-,-
충청북도 충주시 용산동,2627,2627,0,동일하이빌,122.823,202110,16,"35,500",9,2008,염밭로 22,,-,-
충청북도 충주시 용산동,475,475,0,신원10차,54.31,202110,1,"5,400",3,1992,염밭로 79-4,,-,-
충청북도 충주시 용산동,335,335,0,영진보람,59.86,202110,7,"11,500",10,1996,용산로 33,,-,-
충청북도 충주시 용산동,335,335,0,영진보람,59.86,202110,12,"11,600",4,1996,용산로 33,,-,-
충청북도 충주시 용산동,335,335,0,영진보람,59.86,202110,29,"13,500",12,1996,용산로 33,,-,-
충청북도 충주시 용산동,2102,2102,0,용산주공1차,41.99,202110,9,"16,500",1,1981,거룡2길 17,,-,-
충청북도 충주시 용산동,2102,2102,0,용산주공1차,35.62,202110,26,"17,500",2,1981,거룡2길 17,,-,-
충청북도 충주시 용산동,1678,1678,0,용산주공2차,49.77,202110,2,"9,000",9,1999,남산로 125,,-,-
충청북도 충주시 용산동,1678,1678,0,용산주공2차,59.71,202110,3,"10,300",4,1999,남산로 125,,-,-
충청북도 충주시 용산동,1678,1678,0,용산주공2차,49.77,202110,9,"10,300",12,1999,남산로 125,,-,-
충청북도 충주시 용산동,1678,1678,0,용산주공2차,49.77,202110,12,"9,500",10,1999,남산로 125,,-,-
충청북도 충주시 용산동,1678,1678,0,용산주공2차,49.77,202110,13,"8,500",12,1999,남산로 125,,-,-
충청북도 충주시 용산동,1678,1678,0,용산주공2차,39.69,202110,14,"7,000",10,1999,남산로 125,,-,-
충청북도 충주시 용산동,1678,1678,0,용산주공2차,49.77,202110,14,"8,700",15,1999,남산로 125,,-,-
충청북도 충주시 용산동,1678,1678,0,용산주공2차,59.71,202110,16,"12,400",10,1999,남산로 125,,-,-
충청북도 충주시 용산동,1678,1678,0,용산주공2차,49.77,202110,16,"9,000",11,1999,남산로 125,,-,-
충청북도 충주시 용산동,1678,1678,0,용산주공2차,59.71,202110,21,"9,000",13,1999,남산로 125,,-,-
충청북도 충주시 용산동,1678,1678,0,용산주공2차,49.77,202110,29,"8,000",1,1999,남산로 125,,-,-
충청북도 충주시 용산동,1680,1680,0,용산주공3차,51.95,202110,3,"12,700",12,2003,남산로 114,,-,-
충청북도 충주시 용산동,1680,1680,0,용산주공3차,36.2,202110,6,"6,000",1,2003,남산로 114,,-,-
충청북도 충주시 용산동,1680,1680,0,용산주공3차,51.49,202110,6,"11,500",12,2003,남산로 114,,-,-
충청북도 충주시 용산동,1680,1680,0,용산주공3차,51.49,202110,6,"12,000",6,2003,남산로 114,,-,-
충청북도 충주시 용산동,1680,1680,0,용산주공3차,59.64,202110,7,"16,400",13,2003,남산로 114,,-,-
충청북도 충주시 용산동,1680,1680,0,용산주공3차,51.95,202110,8,"13,300",10,2003,남산로 114,,-,-
충청북도 충주시 용산동,1680,1680,0,용산주공3차,51.95,202110,13,"13,500",11,2003,남산로 114,,-,-
충청북도 충주시 용산동,1680,1680,0,용산주공3차,36.2,202110,13,"7,300",7,2003,남산로 114,,-,-
충청북도 충주시 용산동,1680,1680,0,용산주공3차,51.49,202110,15,"13,000",15,2003,남산로 114,,-,-
충청북도 충주시 용산동,1680,1680,0,용산주공3차,59.64,202110,15,"16,500",15,2003,남산로 114,,-,-
충청북도 충주시 용산동,1680,1680,0,용산주공3차,51.95,202110,23,"13,300",10,2003,남산로 114,,-,-
충청북도 충주시 용산동,2628,2628,0,충주3차푸르지오,84.9055,202110,16,"40,000",9,2018,염밭로 13,,-,-
충청북도 충주시 주덕읍 신양리,179-2,179,2,백남진달래,59.94,202110,14,"5,500",2,1994,장터뒷길 48,,-,-
충청북도 충주시 중앙탑면 용전리,661,661,0,e편한세상충주,84.9498,202110,1,"38,900",5,2017,원앙9길 15,,-,-
충청북도 충주시 중앙탑면 용전리,661,661,0,e편한세상충주,59.8527,202110,1,"26,000",5,2017,원앙9길 15,,-,-
충청북도 충주시 중앙탑면 용전리,661,661,0,e편한세상충주,59.8841,202110,9,"28,800",7,2017,원앙9길 15,,-,-
충청북도 충주시 중앙탑면 용전리,661,661,0,e편한세상충주,59.8527,202110,9,"28,250",14,2017,원앙9길 15,,-,-
충청북도 충주시 중앙탑면 용전리,661,661,0,e편한세상충주,59.8841,202110,11,"26,200",2,2017,원앙9길 15,,-,-
충청북도 충주시 중앙탑면 용전리,661,661,0,e편한세상충주,84.9582,202110,13,"39,000",5,2017,원앙9길 15,,-,-
충청북도 충주시 중앙탑면 용전리,661,661,0,e편한세상충주,59.8841,202110,16,"28,900",11,2017,원앙9길 15,,-,-
충청북도 충주시 중앙탑면 용전리,661,661,0,e편한세상충주,59.8841,202110,25,"28,000",12,2017,원앙9길 15,,-,-
충청북도 충주시 중앙탑면 용전리,656,656,0,미진이지비아,59.9941,202110,1,"18,300",3,2017,기업도시로 189,20211014,-,-
충청북도 충주시 중앙탑면 용전리,656,656,0,미진이지비아,84.9807,202110,2,"30,000",7,2017,기업도시로 189,,-,-
충청북도 충주시 중앙탑면 용전리,656,656,0,미진이지비아,59.9903,202110,6,"22,700",19,2017,기업도시로 189,,-,-
충청북도 충주시 중앙탑면 용전리,656,656,0,미진이지비아,59.9941,202110,10,"21,900",11,2017,기업도시로 189,,-,-
충청북도 충주시 중앙탑면 용전리,656,656,0,미진이지비아,59.9941,202110,14,"19,000",3,2017,기업도시로 189,,-,-
충청북도 충주시 중앙탑면 용전리,656,656,0,미진이지비아,59.9903,202110,16,"21,000",15,2017,기업도시로 189,,-,-
충청북도 충주시 중앙탑면 용전리,656,656,0,미진이지비아,59.9941,202110,30,"23,500",8,2017,기업도시로 189,,-,-
충청북도 충주시 중앙탑면 용전리,721,721,0,충주시티자이,84.9571,202110,2,"39,000",15,2017,원앙4길 51,,-,-
충청북도 충주시 중앙탑면 용전리,721,721,0,충주시티자이,84.9571,202110,9,"25,000",3,2017,원앙4길 51,,-,-
충청북도 충주시 중앙탑면 용전리,721,721,0,충주시티자이,59.9959,202110,9,"26,700",7,2017,원앙4길 51,,-,-
충청북도 충주시 중앙탑면 용전리,721,721,0,충주시티자이,59.9959,202110,9,"28,000",10,2017,원앙4길 51,,-,-
충청북도 충주시 중앙탑면 용전리,721,721,0,충주시티자이,84.9571,202110,15,"39,800",3,2017,원앙4길 51,,-,-
충청북도 충주시 중앙탑면 용전리,721,721,0,충주시티자이,59.9959,202110,19,"28,400",4,2017,원앙4길 51,,-,-
충청북도 충주시 중앙탑면 용전리,721,721,0,충주시티자이,84.9571,202110,19,"24,800",2,2017,원앙4길 51,,-,-
충청북도 충주시 칠금동,629,629,0,금능현대,59.985,202110,30,"16,500",10,1995,금릉로 45,,-,-
충청북도 충주시 칠금동,821,821,0,부영(1차),50.49,202110,1,"8,350",2,1996,금릉로 46,,-,-
충청북도 충주시 칠금동,821,821,0,부영(1차),60,202110,2,"11,500",3,1996,금릉로 46,,-,-
충청북도 충주시 칠금동,821,821,0,부영(1차),50.49,202110,7,"9,000",15,1996,금릉로 46,,-,-
충청북도 충주시 칠금동,821,821,0,부영(1차),60,202110,8,"12,500",15,1996,금릉로 46,,-,-
충청북도 충주시 칠금동,821,821,0,부영(1차),60,202110,9,"12,500",3,1996,금릉로 46,,-,-
충청북도 충주시 칠금동,821,821,0,부영(1차),60,202110,16,"12,000",14,1996,금릉로 46,,-,-
충청북도 충주시 칠금동,821,821,0,부영(1차),60,202110,18,"13,400",13,1996,금릉로 46,,-,-
충청북도 충주시 칠금동,821,821,0,부영(1차),60,202110,18,"13,000",14,1996,금릉로 46,,-,-
충청북도 충주시 칠금동,821,821,0,부영(1차),50.49,202110,21,"11,000",7,1996,금릉로 46,,-,-
충청북도 충주시 칠금동,821,821,0,부영(1차),60,202110,22,"12,200",9,1996,금릉로 46,,-,-
충청북도 충주시 칠금동,821,821,0,부영(1차),60,202110,22,"13,000",12,1996,금릉로 46,,-,-
충청북도 충주시 칠금동,821,821,0,부영(1차),60,202110,26,"13,400",15,1996,금릉로 46,,-,-
충청북도 충주시 칠금동,821,821,0,부영(1차),60,202110,27,"14,200",5,1996,금릉로 46,,-,-
충청북도 충주시 칠금동,821,821,0,부영(1차),60,202110,28,"11,000",2,1996,금릉로 46,,-,-
충청북도 충주시 칠금동,821,821,0,부영(1차),60,202110,28,"13,000",11,1996,금릉로 46,,-,-
충청북도 충주시 칠금동,1015,1015,0,부영아파트(2차),60,202110,15,"13,000",10,1996,칠금중앙로 30,,-,-
충청북도 충주시 칠금동,1015,1015,0,부영아파트(2차),50.49,202110,17,"10,000",8,1996,칠금중앙로 30,,-,-
충청북도 충주시 칠금동,1015,1015,0,부영아파트(2차),50.49,202110,22,"9,500",7,1996,칠금중앙로 30,,-,-
충청북도 충주시 칠금동,626,626,0,삼일,143.58,202110,5,"28,000",1,1996,금릉로 17,,-,-
충청북도 충주시 칠금동,626,626,0,삼일,78.09,202110,8,"14,900",1,1996,금릉로 17,,-,-
충청북도 충주시 칠금동,626,626,0,삼일,78.09,202110,28,"17,000",10,1996,금릉로 17,,-,-
충청북도 충주시 칠금동,628,628,0,세영첼시빌,84.99,202110,1,"25,800",1,2002,금릉로 33,,-,-
충청북도 충주시 칠금동,628,628,0,세영첼시빌,84.99,202110,20,"28,300",8,2002,금릉로 33,,-,-
충청북도 충주시 칠금동,825,825,0,코오롱동신,84.87,202110,10,"24,400",4,1997,금릉로 14,,-,-
충청북도 충주시 칠금동,825,825,0,코오롱동신,75.626,202110,12,"16,750",10,1997,금릉로 14,,-,-
충청북도 충주시 칠금동,825,825,0,코오롱동신,75.626,202110,15,"17,900",8,1997,금릉로 14,,-,-
충청북도 충주시 칠금동,825,825,0,코오롱동신,84.87,202110,21,"23,800",3,1997,금릉로 14,,-,-
충청북도 충주시 칠금동,825,825,0,코오롱동신,75.626,202110,30,"19,000",2,1997,금릉로 14,,-,-
충청북도 충주시 풍동,408-12,408,12,달빛마을,38.92,202110,4,"4,200",10,2001,하풍1길 7,,-,-
충청북도 충주시 풍동,408-12,408,12,달빛마을,38.92,202110,18,"3,700",2,2001,하풍1길 7,,-,-
충청북도 충주시 풍동,408-12,408,12,달빛마을,38.92,202110,27,"4,000",5,2001,하풍1길 7,,-,-
충청북도 충주시 호암동,152,152,0,부강아파트,27.18,202110,5,"3,500",12,1995,호암중앙2로 31,,-,-
충청북도 충주시 호암동,152,152,0,부강아파트,27.18,202110,6,"3,000",13,1995,호암중앙2로 31,,-,-
충청북도 충주시 호암동,152,152,0,부강아파트,27.18,202110,8,"3,000",12,1995,호암중앙2로 31,,-,-
충청북도 충주시 호암동,152,152,0,부강아파트,26.01,202110,12,"3,250",5,1995,호암중앙2로 31,,-,-
충청북도 충주시 호암동,152,152,0,부강아파트,26.01,202110,31,"2,800",15,1995,호암중앙2로 31,,-,-
충청북도 충주시 호암동,542-1,542,1,세경,56.88,202110,4,"8,800",2,1989,신촌2길 14,,-,-
충청북도 충주시 호암동,542-1,542,1,세경,56.88,202110,5,"5,222",1,1989,신촌2길 14,,-,-
충청북도 충주시 호암동,542-1,542,1,세경,56.88,202110,5,"5,222",1,1989,신촌2길 14,,-,-
충청북도 충주시 호암동,542-1,542,1,세경,56.88,202110,5,"5,309",1,1989,신촌2길 14,,-,-
충청북도 충주시 호암동,542-1,542,1,세경,56.88,202110,5,"5,222",1,1989,신촌2길 14,,-,-
충청북도 충주시 호암동,542-1,542,1,세경,56.88,202110,5,"5,309",1,1989,신촌2길 14,,-,-
충청북도 충주시 호암동,542-1,542,1,세경,56.88,202110,7,"5,950",1,1989,신촌1길 6,,-,-
충청북도 충주시 호암동,542-1,542,1,세경,56.88,202110,7,"7,000",3,1989,신촌1길 6,,-,-
충청북도 충주시 호암동,542-1,542,1,세경,56.88,202110,8,"6,800",6,1989,신촌2길 14,,-,-
충청북도 충주시 호암동,542-1,542,1,세경,56.88,202110,8,"6,800",5,1989,신촌2길 14,,-,-
충청북도 충주시 호암동,542-1,542,1,세경,56.88,202110,8,"3,500",6,1989,신촌2길 14,,-,-
충청북도 충주시 호암동,542-1,542,1,세경,56.88,202110,8,"3,700",5,1989,신촌2길 14,,-,-
충청북도 충주시 호암동,542-1,542,1,세경,56.88,202110,8,"3,500",6,1989,신촌1길 6,,-,-
충청북도 충주시 호암동,542-1,542,1,세경,56.88,202110,8,"6,800",6,1989,신촌2길 14,,-,-
충청북도 충주시 호암동,542-1,542,1,세경,56.88,202110,8,"6,800",6,1989,신촌1길 6,,-,-
충청북도 충주시 호암동,542-1,542,1,세경,56.88,202110,8,"3,500",6,1989,신촌2길 14,,-,-
충청북도 충주시 호암동,542-1,542,1,세경,56.88,202110,18,"7,000",5,1989,신촌1길 6,,-,-
충청북도 충주시 호암동,542-1,542,1,세경,56.88,202110,21,"3,700",3,1989,신촌1길 6,,-,-
충청북도 충주시 호암동,542-1,542,1,세경,56.88,202110,21,"3,700",4,1989,신촌1길 6,,-,-
충청북도 충주시 호암동,542-1,542,1,세경,56.88,202110,21,"3,700",3,1989,신촌1길 6,,-,-
충청북도 충주시 호암동,542-1,542,1,세경,56.88,202110,21,"3,500",6,1989,신촌1길 6,,-,-
충청북도 충주시 호암동,542-1,542,1,세경,56.88,202110,21,"3,700",3,1989,신촌1길 6,,-,-
충청북도 충주시 호암동,542-1,542,1,세경,56.88,202110,21,"3,700",2,1989,신촌2길 14,,-,-
충청북도 충주시 호암동,542-1,542,1,세경,56.88,202110,21,"3,500",5,1989,신촌2길 14,,-,-
충청북도 충주시 호암동,542-1,542,1,세경,56.88,202110,21,"3,500",5,1989,신촌2길 14,,-,-
충청북도 충주시 호암동,542-1,542,1,세경,56.88,202110,21,"3,700",2,1989,신촌2길 14,,-,-
충청북도 충주시 호암동,542-1,542,1,세경,56.88,202110,21,"3,700",5,1989,신촌2길 14,,-,-
충청북도 충주시 호암동,542-1,542,1,세경,56.88,202110,21,"6,800",5,1989,신촌2길 14,,-,-
충청북도 충주시 호암동,542-1,542,1,세경,56.88,202110,21,"6,800",5,1989,신촌2길 14,,-,-
충청북도 충주시 호암동,542-1,542,1,세경,56.88,202110,21,"6,800",2,1989,신촌2길 14,,-,-
충청북도 충주시 호암동,542-1,542,1,세경,56.88,202110,21,"6,800",5,1989,신촌2길 14,,-,-
충청북도 충주시 호암동,542-1,542,1,세경,56.88,202110,21,"6,800",3,1989,신촌1길 6,,-,-
충청북도 충주시 호암동,542-1,542,1,세경,56.88,202110,21,"6,800",2,1989,신촌2길 14,,-,-
충청북도 충주시 호암동,542-1,542,1,세경,56.88,202110,21,"6,800",3,1989,신촌1길 6,,-,-
충청북도 충주시 호암동,542-1,542,1,세경,56.88,202110,21,"6,800",6,1989,신촌1길 6,,-,-
충청북도 충주시 호암동,542-1,542,1,세경,56.88,202110,21,"6,800",4,1989,신촌1길 6,,-,-
충청북도 충주시 호암동,542-1,542,1,세경,56.88,202110,21,"6,800",3,1989,신촌1길 6,,-,-
충청북도 충주시 호암동,542-1,542,1,세경,56.88,202110,28,"6,800",4,1989,신촌2길 14,,-,-
충청북도 충주시 호암동,542-1,542,1,세경,56.88,202110,28,"3,700",3,1989,신촌1길 6,,-,-
충청북도 충주시 호암동,542-1,542,1,세경,56.88,202110,28,"6,800",5,1989,신촌2길 14,,-,-
충청북도 충주시 호암동,542-1,542,1,세경,56.88,202110,28,"6,800",5,1989,신촌2길 14,,-,-
충청북도 충주시 호암동,542-1,542,1,세경,56.88,202110,28,"6,800",3,1989,신촌1길 6,,-,-
충청북도 충주시 호암동,542-1,542,1,세경,56.88,202110,28,"3,500",5,1989,신촌2길 14,,-,-
충청북도 충주시 호암동,542-1,542,1,세경,56.88,202110,28,"6,800",4,1989,신촌2길 14,,-,-
충청북도 충주시 호암동,542-1,542,1,세경,56.88,202110,28,"6,800",4,1989,신촌2길 14,,-,-
충청북도 충주시 호암동,542-1,542,1,세경,56.88,202110,28,"6,800",6,1989,신촌2길 14,,-,-
충청북도 충주시 호암동,542-1,542,1,세경,56.88,202110,28,"6,800",6,1989,신촌2길 14,,-,-
충청북도 충주시 호암동,542-1,542,1,세경,56.88,202110,28,"3,500",5,1989,신촌2길 14,,-,-
충청북도 충주시 호암동,542-1,542,1,세경,56.88,202110,28,"3,700",4,1989,신촌2길 14,,-,-
충청북도 충주시 호암동,542-1,542,1,세경,56.88,202110,28,"3,700",4,1989,신촌2길 14,,-,-
충청북도 충주시 호암동,542-1,542,1,세경,56.88,202110,28,"3,700",4,1989,신촌2길 14,,-,-
충청북도 충주시 호암동,542-1,542,1,세경,56.88,202110,28,"3,500",6,1989,신촌2길 14,,-,-
충청북도 충주시 호암동,542-1,542,1,세경,56.88,202110,28,"3,500",6,1989,신촌2길 14,,-,-
충청북도 충주시 호암동,906,906,0,세영더-조은,84.998,202110,13,"29,500",13,2007,형설로 32,,-,-
충청북도 충주시 호암동,906,906,0,세영더-조은,84.998,202110,14,"26,000",6,2007,형설로 32,,-,-
충청북도 충주시 호암동,542-18,542,18,예성세경,51.75,202110,8,"6,500",11,1998,신촌2길 2,,-,-
충청북도 충주시 호암동,542-18,542,18,예성세경,51.75,202110,8,"6,700",9,1998,신촌2길 2,,-,-
충청북도 충주시 호암동,542-18,542,18,예성세경,51.75,202110,8,"6,700",9,1998,신촌2길 2,,-,-
충청북도 충주시 호암동,542-18,542,18,예성세경,51.75,202110,8,"4,500",14,1998,신촌2길 2,,-,-
충청북도 충주시 호암동,542-18,542,18,예성세경,51.75,202110,8,"4,500",11,1998,신촌2길 2,,-,-
충청북도 충주시 호암동,542-18,542,18,예성세경,51.75,202110,8,"4,500",9,1998,신촌2길 2,,-,-
충청북도 충주시 호암동,542-18,542,18,예성세경,51.75,202110,8,"6,700",14,1998,신촌2길 2,,-,-
충청북도 충주시 호암동,542-18,542,18,예성세경,51.75,202110,8,"4,500",9,1998,신촌2길 2,,-,-
충청북도 충주시 호암동,542-18,542,18,예성세경,51.75,202110,21,"6,500",3,1998,신촌2길 2,,-,-
충청북도 충주시 호암동,542-18,542,18,예성세경,51.75,202110,21,"6,700",8,1998,신촌2길 2,,-,-
충청북도 충주시 호암동,542-18,542,18,예성세경,51.75,202110,21,"4,500",8,1998,신촌2길 2,,-,-
충청북도 충주시 호암동,542-18,542,18,예성세경,51.75,202110,21,"4,500",3,1998,신촌2길 2,,-,-
충청북도 충주시 호암동,542-18,542,18,예성세경,51.75,202110,28,"6,800",9,1998,신촌2길 2,,-,-
충청북도 충주시 호암동,542-18,542,18,예성세경,51.75,202110,28,"4,500",9,1998,신촌2길 2,,-,-
충청북도 충주시 호암동,542-18,542,18,예성세경,51.75,202110,28,"4,500",12,1998,신촌2길 2,,-,-
충청북도 충주시 호암동,542-18,542,18,예성세경,51.75,202110,28,"6,500",12,1998,신촌2길 2,,-,-
충청북도 충주시 호암동,135,135,0,진도,76.43,202110,16,"10,100",1,1994,호암중앙2로 27,,-,-
충청북도 충주시 호암동,135,135,0,진도,76.43,202110,27,"11,700",5,1994,호암중앙2로 27,,-,-
충청북도 충주시 호암동,558-16,558,16,한양,43.5,202110,2,"5,800",3,1994,예성로 9,,-,-
충청북도 충주시 호암동,558-16,558,16,한양,59.84,202110,12,"7,000",5,1994,예성로 9,,-,-
충청북도 충주시 호암동,558-16,558,16,한양,59.84,202110,12,"7,000",5,1994,예성로 9,20211101,-,-
충청북도 충주시 호암동,547-6,547,6,호반현대,59.76,202110,9,"10,500",10,1994,신촌2길 28,,-,-
충청북도 충주시 호암동,905,905,0,호암동수채,84.9289,202110,7,"21,950",5,2007,호암중앙1로 47,,-,-
충청북도 충주시 호암동,221-23,221,23,호암리버빌(1단지),84.68,202110,2,"21,000",5,2002,원호암5길 32,,-,-
충청북도 충주시 호암동,221-23,221,23,호암리버빌(1단지),84.68,202110,15,"20,900",14,2002,원호암5길 32,,-,-
충청북도 충주시 호암동,221-23,221,23,호암리버빌(1단지),84.68,202110,18,"20,000",2,2002,원호암5길 32,,-,-
충청북도 충주시 호암동,1191,1191,0,호암힐데스하임,84.89,202110,1,"47,000",4,2019,호암토성2로 1,,-,-
충청북도 충주시 호암동,1191,1191,0,호암힐데스하임,84.95,202110,2,"45,000",5,2019,호암토성2로 1,,-,-
충청북도 충주시 호암동,1191,1191,0,호암힐데스하임,84.89,202110,21,"47,500",14,2019,호암토성2로 1,,-,-
